NAME : domp260p86v3
COMMENT : (Deleplanque et al.) 
TYPE : DOMP
DIMENSION : 260
DISPLAY_DATA_TYPE: NO_DISPLAY
OPEN_FACILITIES : 86
COST_SECTION
 1 136 240 196 183 230 221 311 175 140 189 269 209 384 276 125 123 321 182 278 53 421 308 243 108 322 220 69 313 287 312 292 227 241 328 338 306 154 292 282 302 84 118 252 294 341 168 180 154 332 173 207 131 257 237 189 149 295 229 213 133 193 243 208 143 85 330 210 190 124 269 39 430 50 19 135 40 326 222 412 303 358 259 319 373 103 254 141 190 158 340 378 27 233 204 408 207 257 253 96 143 72 270 83 268 120 185 113 356 241 210 287 20 223 246 324 380 147 202 306 145 300 167 316 361 230 193 92 123 388 65 396 209 180 156 345 292 272 326 89 319 81 215 91 379 244 75 195 22 270 260 307 152 175 95 222 292 237 300 322 61 200 236 159 166 166 349 422 323 114 287 82 63 303 260 435 223 234 258 294 85 274 166 319 416 111 213 129 201 42 410 345 305 255 301 88 310 202 293 258 81 330 127 230 211 98 180 242 348 11 272 187 279 93 97 130 247 13 281 351 258 331 220 137 308 189 178 285 246 347 336 287 116 230 60 155 316 195 284 265 240 317 137 264 103 260 237 235 328 310 296 345 257 263 236 191 40 120 191 235
 136 1 187 95 73 308 317 380 271 47 278 135 278 348 149 18 26 303 262 155 161 366 380 339 178 259 124 88 178 180 256 291 321 287 334 242 178 23 206 372 172 126 124 278 289 287 196 193 109 330 128 211 54 307 237 275 260 227 323 167 190 110 108 301 142 117 215 250 154 38 184 98 381 150 141 199 175 198 87 357 324 270 228 288 355 200 241 211 225 203 255 358 130 99 134 361 72 280 327 42 225 136 224 176 255 147 54 40 340 220 196 331 128 278 146 196 317 138 198 321 67 311 41 269 303 230 68 45 97 327 127 346 281 137 24 338 297 358 209 64 187 203 177 66 308 318 107 268 128 154 222 286 118 223 147 321 331 102 329 250 99 212 144 30 228 31 325 368 299 74 238 150 78 188 152 386 232 283 131 380 205 164 78 271 380 204 246 87 281 97 358 282 331 259 210 85 396 132 251 189 67 214 210 289 164 220 59 108 292 143 234 132 317 185 51 109 195 133 216 272 127 274 139 208 269 261 99 157 113 308 315 258 21 326 81 39 282 248 203 203 114 278 102 346 60 327 107 287 300 356 171 249 347 148 188 266 97 109 203 104
 240 187 1 105 127 240 274 281 245 142 238 201 207 162 163 202 169 124 215 152 290 185 286 290 177 83 86 243 235 114 74 128 275 182 170 123 186 201 77 306 186 160 125 149 122 104 122 103 91 159 70 92 239 199 94 232 262 58 277 29 161 81 196 259 103 280 157 153 52 222 61 224 198 283 229 171 272 193 187 176 177 130 51 104 173 213 80 182 137 146 112 175 216 185 56 177 190 148 247 201 201 178 37 316 88 134 213 163 158 58 63 209 221 189 89 192 141 97 78 168 124 155 159 83 123 91 149 198 120 149 277 163 215 61 198 163 139 289 159 168 210 250 31 234 141 241 267 209 220 132 40 106 89 155 160 283 203 200 189 85 250 102 73 206 176 189 142 187 116 254 52 302 222 142 106 203 103 184 157 305 248 114 110 86 194 210 142 118 226 227 176 106 188 111 90 253 320 56 65 32 227 158 198 201 30 259 145 191 111 239 50 59 191 327 170 111 9 229 43 117 178 93 59 182 83 203 90 171 189 122 133 76 188 280 222 222 97 171 63 28 149 91 107 275 156 237 166 191 116 231 168 131 288 125 10 211 217 121 102 167
 196 95 105 1 24 294 315 353 275 60 276 110 260 263 91 112 86 228 254 88 236 275 355 336 185 168 30 171 153 92 167 226 318 253 269 150 122 103 112 361 119 142 116 231 222 197 167 155 69 261 73 162 148 272 180 271 278 136 320 95 183 29 98 299 115 206 134 216 94 132 90 166 290 226 193 195 235 138 85 266 269 176 153 208 277 218 175 208 193 184 161 279 179 86 52 271 86 232 308 123 226 160 141 257 187 139 110 89 263 152 137 290 181 251 53 136 224 107 146 263 53 251 58 182 211 174 45 122 88 234 210 256 266 78 99 266 236 345 131 109 141 239 106 155 215 300 194 255 180 76 144 210 81 201 156 322 286 100 278 157 182 167 50 106 215 88 246 277 221 167 152 236 154 108 65 296 181 251 76 365 239 78 32 184 294 219 209 76 271 168 268 190 279 201 116 175 381 53 168 99 152 134 216 263 90 254 42 93 201 200 154 65 273 267 103 92 113 189 126 178 89 184 49 206 185 248 32 101 93 223 238 180 104 323 156 123 200 225 109 115 60 194 80 332 94 302 71 257 220 314 108 157 339 68 109 256 162 101 161 71
 183 73 127 24 1 300 318 363 277 44 279 104 267 285 95 90 66 249 258 96 220 298 364 339 184 192 53 152 149 110 190 244 322 264 288 171 127 79 135 367 123 137 117 244 241 220 175 165 75 280 85 175 125 283 196 274 276 159 324 113 186 47 87 302 121 185 149 227 108 109 114 151 314 210 182 197 222 145 70 289 285 198 173 229 299 215 193 210 202 190 183 301 168 74 72 295 68 246 315 103 228 154 162 239 205 141 88 72 284 171 153 303 169 260 74 143 248 114 160 279 44 268 35 205 235 189 27 103 86 258 192 280 272 91 76 286 253 352 145 95 143 232 124 134 238 307 175 261 168 89 165 231 87 208 153 325 300 87 293 180 163 180 73 83 220 65 267 300 242 145 174 217 136 122 82 319 195 262 78 372 233 95 30 207 317 217 220 73 276 151 291 214 294 217 138 154 388 72 190 122 133 149 216 272 109 248 19 83 225 187 176 80 287 249 87 93 134 176 149 201 86 207 72 208 207 254 43 105 84 246 259 201 83 327 139 100 222 232 132 137 60 216 81 339 81 311 65 267 241 327 115 178 344 81 130 261 147 100 173 64
 230 308 240 294 300 1 46 82 64 275 46 402 35 285 381 310 284 216 50 374 272 345 78 54 134 291 296 289 446 349 275 173 43 71 178 360 409 331 316 68 408 185 188 113 181 289 129 144 227 195 223 150 335 67 156 43 104 286 45 224 120 269 386 41 180 314 394 89 210 321 300 253 343 274 213 111 226 422 368 339 140 360 212 237 247 128 180 99 106 112 343 254 211 373 257 323 360 117 24 285 90 179 241 300 185 164 359 269 235 191 178 92 219 54 313 420 329 188 163 151 262 156 312 263 309 155 324 280 219 332 295 318 29 221 330 211 161 53 395 247 431 163 214 302 344 16 303 41 218 356 223 215 215 94 164 57 103 384 124 309 286 140 296 337 82 332 242 343 228 329 252 309 272 376 333 346 141 65 368 73 158 344 271 266 308 120 100 231 30 258 332 306 131 152 330 309 89 254 243 271 290 395 106 44 227 153 311 382 297 221 227 235 97 307 259 209 241 221 274 340 382 289 274 103 246 49 263 391 383 266 230 220 293 48 270 344 241 71 302 264 353 250 221 40 249 38 363 58 237 103 393 368 48 348 231 43 248 205 141 362
 221 317 274 315 318 46 1 108 48 289 41 421 70 329 404 316 293 260 62 399 256 388 101 23 140 330 321 285 466 378 314 217 7 115 223 395 434 339 349 62 432 192 203 156 224 330 155 173 247 240 247 184 337 112 195 45 78 323 8 254 133 293 403 17 201 306 424 126 238 325 332 249 387 261 205 123 210 448 384 382 185 397 250 279 292 122 220 109 138 134 380 299 206 390 283 367 375 161 61 289 93 182 278 282 226 179 369 278 279 229 211 136 213 95 340 446 371 209 196 196 278 200 326 303 350 193 341 284 234 374 285 362 61 246 339 256 205 54 425 254 455 146 246 301 385 58 296 66 213 382 260 258 236 121 172 12 147 401 168 346 280 173 324 346 102 343 286 387 272 328 290 296 271 404 360 390 179 108 390 76 141 372 290 306 353 116 138 247 49 254 375 346 176 193 363 305 90 280 283 304 290 425 108 87 257 132 328 399 338 212 265 260 142 289 267 226 275 214 310 378 403 329 301 112 287 72 284 414 401 309 274 260 300 10 268 350 283 104 336 298 374 291 239 52 259 79 383 101 280 145 418 403 37 374 265 63 245 220 173 381
 311 380 281 353 363 82 108 1 144 344 126 462 106 279 435 384 355 219 130 426 353 342 11 98 212 314 350 368 504 394 297 180 103 102 165 393 462 402 353 67 461 260 258 134 188 303 190 199 289 185 281 195 411 83 189 124 181 317 103 271 193 327 448 114 244 394 437 137 262 396 341 332 336 355 293 186 307 471 432 338 130 386 242 247 233 209 208 176 161 179 371 240 291 436 310 318 426 136 59 361 170 257 271 381 207 234 430 341 225 226 223 78 299 104 363 470 339 251 211 143 328 153 379 280 320 191 388 356 287 339 375 318 104 277 402 199 165 60 439 321 485 244 260 380 358 68 383 118 298 407 254 225 277 159 239 116 89 448 110 335 365 188 346 409 155 401 239 340 234 407 278 390 351 422 382 338 179 103 424 51 239 392 334 283 295 201 145 299 111 337 330 323 117 175 367 388 56 308 266 311 368 438 186 93 275 233 376 444 310 302 255 290 95 388 333 276 280 302 307 363 441 307 325 180 263 125 322 444 444 271 230 239 367 103 348 417 253 134 339 300 411 264 286 58 322 55 423 97 243 66 444 400 78 399 272 122 327 274 193 422
 175 271 245 275 277 64 48 144 1 245 20 379 64 322 365 269 248 251 36 360 212 378 138 70 95 309 284 238 424 343 293 209 53 114 225 366 395 293 319 108 393 147 161 150 216 313 123 143 207 239 209 159 290 119 177 25 41 297 55 223 93 254 360 34 162 259 390 110 204 278 300 202 379 216 158 82 166 410 340 371 189 372 228 267 290 75 202 68 113 100 354 297 159 347 247 358 331 154 87 242 50 136 254 239 210 137 324 233 276 206 184 148 166 91 304 408 355 170 169 198 235 199 282 285 333 173 299 237 192 359 239 351 57 210 294 255 200 98 390 208 415 102 215 254 366 80 249 50 166 344 237 246 196 92 127 51 158 357 176 323 233 148 288 300 69 297 279 377 261 281 268 251 224 369 323 383 159 106 350 120 97 336 248 288 348 69 121 204 41 207 365 327 183 180 333 258 136 244 264 275 243 391 63 88 225 90 285 357 321 166 244 224 149 246 221 185 247 167 284 354 361 310 266 70 270 51 245 375 358 297 267 243 254 57 221 304 269 84 306 271 334 275 197 91 214 100 341 101 270 164 380 374 82 336 236 45 198 178 145 339
 140 47 142 60 44 275 289 344 245 1 249 138 243 303 137 61 29 257 231 139 177 323 344 310 151 216 88 113 184 151 212 246 293 248 288 209 168 65 168 341 164 101 88 235 243 243 156 151 63 284 82 167 99 267 192 246 240 185 295 121 158 67 116 273 101 147 192 210 108 81 145 108 337 167 139 168 179 187 96 314 280 233 182 242 309 179 195 181 185 166 218 312 125 104 89 317 87 237 293 65 197 116 178 198 209 113 88 29 293 174 150 290 126 241 112 185 274 96 153 276 20 266 38 224 259 185 57 63 57 284 151 302 248 90 63 292 252 326 188 52 183 192 130 97 268 284 136 235 126 132 176 240 73 186 119 294 289 113 285 209 123 169 106 71 195 60 279 325 253 114 192 177 95 165 123 342 188 244 120 347 193 137 35 226 335 182 205 46 249 109 314 239 287 214 174 118 364 88 206 146 94 192 184 252 118 208 43 114 248 144 188 86 275 208 44 69 150 133 173 233 124 230 97 178 223 228 55 147 117 263 269 212 48 298 97 84 236 211 163 159 102 232 59 314 39 290 103 249 254 315 158 216 317 124 142 234 104 71 160 100
 189 278 238 276 279 46 41 126 20 249 1 382 47 308 365 278 254 237 25 360 228 364 121 62 101 299 282 250 426 340 283 195 44 97 208 360 395 301 314 96 393 154 164 134 201 302 118 137 208 222 208 150 300 101 165 8 60 289 46 218 94 254 363 24 162 273 387 97 200 287 295 214 365 231 172 83 182 409 344 358 171 364 218 254 274 87 190 70 104 96 346 281 172 350 245 344 335 139 69 251 54 145 245 256 198 139 330 239 261 196 177 130 179 74 302 407 343 170 161 181 238 183 286 274 322 162 302 246 195 347 253 337 39 208 301 238 185 84 387 215 415 119 210 265 355 61 262 35 178 343 228 233 196 84 133 48 140 361 158 314 246 139 285 307 64 303 265 363 248 292 258 266 235 366 321 368 148 89 351 107 114 334 250 277 333 80 109 208 23 219 351 316 165 167 327 270 123 242 253 269 254 388 69 70 220 108 288 360 310 180 234 222 131 263 228 187 240 180 276 346 363 299 263 72 259 38 245 375 361 284 252 232 262 49 232 312 256 72 300 264 335 263 199 76 220 82 343 84 256 145 379 368 71 335 229 30 209 181 138 341
 269 135 201 110 104 402 421 462 379 138 382 1 368 340 49 148 147 321 361 63 294 334 464 442 286 237 117 219 47 114 243 327 425 362 369 177 58 121 167 469 52 238 219 338 322 268 276 264 176 358 182 270 166 381 285 377 377 207 427 198 289 137 28 405 223 243 120 326 202 159 157 231 353 283 271 300 308 78 48 326 374 209 250 296 365 316 277 313 302 292 202 365 259 37 156 338 64 339 417 175 331 253 230 306 287 244 98 159 352 255 244 398 258 361 115 76 282 215 254 366 146 354 104 262 276 281 82 178 189 292 257 323 374 187 118 361 338 454 112 186 57 329 210 195 264 408 236 363 258 81 239 303 188 310 255 428 394 37 384 217 231 276 128 118 323 105 333 337 311 192 237 278 211 100 102 358 289 360 46 473 330 102 133 263 368 318 318 176 379 231 330 254 384 306 161 212 490 158 255 182 199 118 318 372 194 345 97 27 270 275 247 173 381 314 175 196 206 264 204 224 24 254 144 311 271 356 141 48 23 303 328 273 154 430 214 131 287 334 173 198 53 278 184 440 175 411 40 366 307 422 64 180 446 83 207 363 230 202 270 41
 209 278 207 260 267 35 70 106 64 243 47 368 1 263 346 280 253 193 33 340 254 321 104 85 107 261 262 264 412 315 245 150 70 51 163 328 375 300 283 103 374 156 156 89 157 261 95 110 193 177 189 117 307 57 126 40 102 254 72 190 89 235 352 58 147 291 360 57 175 292 266 228 321 255 191 82 210 387 334 315 126 329 181 211 229 109 151 72 72 78 312 236 188 339 222 300 327 94 51 257 68 152 209 283 157 132 328 238 215 160 145 88 196 28 279 386 302 154 130 135 229 137 279 234 281 124 291 251 187 305 273 294 10 186 299 193 140 87 361 217 397 149 180 275 315 42 279 17 195 322 191 190 181 60 135 81 96 351 113 278 262 106 262 307 50 300 220 320 204 303 221 289 246 342 298 324 110 43 334 106 144 310 237 237 288 101 69 199 25 233 308 277 120 124 296 283 123 220 214 238 264 361 83 26 193 142 278 348 269 201 196 201 87 291 229 176 208 199 242 309 348 260 240 76 218 21 229 356 349 241 208 191 263 75 244 314 214 37 269 231 319 222 188 73 218 52 329 38 213 106 359 335 82 314 198 22 222 173 107 328
 384 348 162 263 285 285 329 279 322 303 308 340 263 1 294 363 329 72 287 280 435 64 288 337 294 104 238 398 364 230 99 114 327 215 115 184 306 361 175 332 309 300 268 175 107 73 225 209 248 95 226 182 400 220 154 301 354 134 329 184 270 241 343 320 242 435 250 214 202 383 185 375 59 430 369 276 408 303 339 61 152 158 127 65 51 325 133 281 218 245 154 45 357 334 216 40 345 170 278 360 296 314 125 464 119 266 372 323 55 143 175 206 365 236 229 302 80 239 184 139 284 131 318 82 72 161 306 356 274 75 430 42 272 217 358 81 125 317 256 324 329 370 177 392 105 277 422 274 363 261 129 80 243 240 292 340 194 349 171 126 404 191 220 366 262 349 44 62 63 413 112 454 377 253 239 62 171 222 295 322 366 239 271 80 33 319 203 275 287 379 52 91 164 145 183 411 332 217 98 166 385 252 301 243 187 373 304 337 74 380 117 218 193 475 328 262 154 372 140 134 318 87 215 283 81 272 250 300 334 41 56 97 348 332 377 382 69 239 168 149 294 72 261 304 313 261 313 229 57 214 290 186 325 258 162 279 368 270 199 314
 276 149 163 91 95 381 404 435 365 137 365 49 346 294 1 166 154 279 343 15 308 286 438 424 275 191 86 236 74 66 198 289 407 334 330 129 32 142 120 448 29 230 206 306 283 222 253 239 158 318 159 241 191 353 252 360 367 162 409 166 273 112 64 388 204 264 75 299 174 181 113 241 305 297 275 284 315 51 74 278 338 161 212 253 321 307 241 298 278 272 154 321 262 63 126 291 90 307 393 188 316 248 189 324 250 229 127 163 309 219 213 367 263 335 75 49 234 196 225 330 138 317 111 218 229 248 84 190 178 245 275 275 353 161 139 319 301 432 68 188 52 327 177 214 216 385 256 343 262 34 200 262 170 288 245 411 362 73 350 170 247 248 91 142 304 125 290 290 268 216 194 299 224 53 59 310 258 334 19 450 327 56 120 219 321 308 291 165 359 241 283 207 349 271 114 233 466 128 212 140 216 74 306 347 162 342 97 59 223 280 207 147 350 333 179 182 168 269 160 176 32 208 111 296 228 336 121 11 53 258 285 232 166 412 226 158 244 311 128 157 37 235 170 418 175 386 44 340 264 390 23 132 426 39 170 344 238 190 244 48
 125 18 202 112 90 310 316 384 269 61 278 148 280 363 166 1 35 316 262 172 146 382 383 338 178 275 141 72 191 197 272 302 320 293 344 260 194 30 223 372 188 126 129 285 300 302 201 200 120 341 140 220 39 312 247 275 256 243 322 181 192 126 122 300 149 100 232 255 166 21 201 87 396 135 132 200 163 214 101 373 333 287 241 302 368 197 253 212 230 206 272 371 122 113 149 376 85 288 329 31 225 134 238 160 267 151 61 46 352 232 206 337 119 282 163 212 333 146 208 330 80 321 59 284 318 240 85 35 104 343 111 362 283 149 32 350 307 359 227 64 202 196 189 49 325 320 91 270 119 171 236 299 128 227 147 319 338 114 336 267 84 220 161 35 231 44 338 384 312 56 252 134 65 205 170 402 241 288 148 381 198 182 94 286 395 202 252 96 282 85 374 298 339 269 227 68 397 147 265 205 52 231 209 293 177 214 76 122 307 133 248 145 323 169 52 117 210 124 232 289 142 289 155 209 283 263 114 174 127 323 328 271 18 325 68 35 296 252 220 219 131 292 111 348 64 330 123 292 313 362 188 266 347 165 202 268 87 116 211 120
 123 26 169 86 66 284 293 355 248 29 254 147 253 329 154 35 1 282 237 158 156 350 355 315 154 244 114 87 192 175 240 268 298 262 311 235 184 48 195 348 179 102 99 253 267 270 171 168 86 307 106 187 72 282 214 251 239 213 300 147 165 95 122 277 117 121 214 225 132 54 173 88 364 145 126 175 163 204 101 342 300 260 208 268 334 178 219 187 200 178 245 337 113 111 117 344 88 256 302 38 201 114 205 174 233 122 77 16 318 198 173 306 113 253 138 202 302 113 174 297 46 287 44 251 287 206 71 38 72 312 126 330 257 115 48 316 274 334 209 42 196 184 156 70 295 293 110 244 112 153 202 265 95 198 123 298 306 117 304 237 98 187 133 55 204 50 305 352 278 86 220 151 72 187 148 370 208 258 136 355 186 161 63 253 361 182 221 63 257 88 342 267 307 235 201 90 372 115 232 174 68 213 187 264 144 201 58 121 276 129 214 112 292 184 30 84 177 119 201 260 136 258 125 184 250 236 82 163 125 289 294 237 20 302 74 64 263 223 191 187 118 259 78 322 36 302 115 262 280 331 175 242 323 146 169 242 85 84 179 112
 321 303 124 228 249 216 260 219 251 257 237 321 193 72 279 316 282 1 217 267 373 130 227 269 227 106 209 343 352 220 92 44 258 146 61 194 297 320 167 267 299 238 209 105 37 88 158 143 197 44 177 116 353 153 87 230 283 124 260 138 202 202 319 250 182 380 252 143 151 335 167 317 129 369 306 207 343 299 310 124 91 178 77 32 54 256 69 212 148 177 167 58 295 308 177 108 313 100 211 309 226 251 91 403 54 202 335 273 37 85 115 143 302 166 207 299 121 181 121 78 238 67 279 71 103 94 272 305 220 121 371 103 202 168 317 41 57 251 257 270 321 301 128 340 141 209 366 203 301 246 85 19 190 170 228 271 132 323 110 131 348 124 194 325 192 309 30 128 16 363 86 395 322 247 221 132 103 153 276 259 298 226 229 72 100 250 133 223 217 321 117 109 104 74 179 357 270 177 69 140 332 254 232 174 142 304 267 313 94 317 75 173 128 413 276 207 117 309 121 153 298 95 182 214 56 201 209 287 311 53 17 49 301 263 321 340 41 169 156 124 271 52 208 238 261 194 288 159 25 155 280 199 258 241 120 208 310 213 133 289
 182 262 215 254 258 50 62 130 36 231 25 361 33 287 343 262 237 217 1 338 225 343 127 82 86 276 260 240 406 317 260 175 65 81 192 336 373 284 290 111 371 137 144 115 181 279 95 113 187 204 186 127 287 89 143 18 71 266 67 194 74 232 343 46 140 265 364 75 177 273 272 204 344 227 164 64 180 387 324 336 156 340 195 232 256 80 168 51 80 73 323 263 162 331 222 323 316 120 72 237 41 131 222 253 176 119 313 222 242 173 153 119 170 58 279 385 321 148 138 164 218 165 267 252 299 139 282 232 175 325 246 316 29 185 284 220 166 98 364 199 394 118 186 253 332 63 254 17 169 321 204 212 175 61 116 70 128 341 144 290 237 116 263 291 41 286 245 342 227 281 235 261 223 344 299 348 125 73 329 120 113 311 230 255 314 72 87 188 21 209 330 293 151 145 303 260 136 219 230 245 242 364 57 58 197 111 268 340 287 173 211 199 118 261 212 166 217 172 253 322 342 276 240 55 236 17 223 353 341 263 232 209 246 70 221 296 234 50 277 240 314 241 179 87 203 80 322 69 235 137 357 344 87 312 206 12 199 161 114 321
 278 155 152 88 96 374 399 426 360 139 360 63 340 280 15 172 158 267 338 1 312 272 430 418 272 177 79 241 86 52 184 278 401 326 319 115 36 150 106 441 36 229 203 297 272 208 246 231 154 306 153 232 199 344 242 354 365 148 403 156 269 107 77 383 199 271 64 292 166 188 100 244 291 302 277 280 317 51 85 264 328 147 200 240 308 305 230 293 270 266 140 308 263 75 119 276 100 297 386 193 312 247 177 329 238 226 137 166 296 209 204 358 264 328 65 49 220 191 217 319 138 306 116 205 215 239 89 194 176 230 281 261 347 154 147 307 290 425 57 190 59 326 168 220 202 378 262 337 264 22 188 250 165 282 243 406 352 86 340 156 253 240 81 150 298 132 276 275 255 224 181 305 228 39 47 296 249 326 27 443 326 43 119 205 307 306 282 164 353 245 269 193 339 261 99 239 459 121 199 128 221 63 302 340 153 341 101 72 209 282 195 140 340 339 182 179 156 271 147 162 45 194 102 291 214 330 117 21 66 245 272 220 171 406 231 167 231 304 114 144 42 221 167 411 176 378 54 332 251 380 21 118 420 28 159 338 241 188 236 57
 53 161 290 236 220 272 256 353 212 177 228 294 254 435 308 146 156 373 225 312 1 471 348 276 157 371 262 76 336 327 362 344 262 289 379 382 337 174 338 317 332 136 169 303 346 391 220 232 202 383 221 259 138 304 289 229 180 344 263 262 183 236 267 244 195 66 368 260 240 138 314 71 482 12 69 184 48 358 247 463 354 404 311 371 425 146 306 188 241 209 386 430 79 258 251 460 231 307 295 121 187 124 321 31 320 172 202 149 408 293 261 335 72 270 288 356 429 198 254 357 186 351 198 367 411 282 225 119 171 438 44 447 252 229 177 397 343 309 364 130 347 111 265 101 428 286 65 239 73 307 311 359 201 225 147 255 340 260 349 370 64 252 279 178 213 189 401 473 375 114 337 42 85 341 300 486 275 282 290 331 116 313 207 370 467 154 264 176 243 69 461 394 354 307 346 88 346 248 344 306 95 368 172 276 261 126 213 268 398 58 323 235 327 41 134 179 297 65 330 399 287 381 265 184 360 234 221 317 272 398 388 339 143 265 82 169 368 243 330 314 272 368 185 302 144 303 267 282 380 357 329 389 292 300 286 234 76 170 243 264
 421 366 185 275 298 345 388 342 378 323 364 334 321 64 286 382 350 130 343 272 471 1 351 397 340 108 247 427 350 221 112 173 387 275 178 162 291 376 171 394 295 338 304 233 165 82 273 254 275 158 253 229 419 281 204 357 407 140 388 211 318 257 342 378 279 463 229 269 233 402 187 407 21 465 408 325 449 284 342 10 215 131 164 112 113 373 180 332 269 294 134 107 395 335 234 25 350 229 339 384 348 354 152 499 169 306 381 346 118 185 216 269 402 294 232 284 53 274 227 201 306 193 332 106 65 210 315 381 304 42 461 28 330 245 373 144 185 379 236 352 312 416 207 417 72 338 451 330 400 255 162 132 273 292 333 400 257 349 234 120 434 239 227 380 315 361 105 5 118 435 135 486 406 238 237 26 222 281 291 385 413 233 289 103 60 367 258 302 345 410 14 85 227 199 174 436 395 236 128 178 411 231 351 302 213 421 316 336 76 418 150 243 255 510 354 294 177 409 151 112 314 94 228 333 115 328 269 289 332 82 116 140 370 391 406 397 111 294 169 165 294 107 290 366 340 322 312 288 109 277 277 162 386 254 188 335 401 303 246 314
 308 380 286 355 364 78 101 11 138 344 121 464 104 288 438 383 355 227 127 430 348 351 1 89 210 320 353 365 506 398 303 187 95 105 174 398 465 402 358 58 464 259 258 139 195 310 191 201 291 193 283 198 410 87 194 120 175 322 95 275 192 329 450 108 245 391 441 140 265 395 346 329 345 351 290 185 303 475 433 347 137 392 247 254 242 205 213 174 163 179 377 249 288 437 313 327 427 141 56 360 166 255 277 376 213 234 430 341 234 230 227 85 296 105 367 473 347 252 214 151 329 161 380 287 327 195 389 354 288 347 372 326 102 279 402 208 172 52 443 320 488 239 263 378 365 65 380 116 295 410 260 232 278 159 238 108 96 450 118 341 362 191 350 409 153 402 247 348 241 405 284 386 349 426 386 346 183 105 427 41 234 396 335 290 304 197 148 299 107 334 338 330 125 181 372 385 46 311 272 316 366 443 183 93 278 227 377 446 318 298 260 293 101 383 332 277 284 298 313 369 443 313 328 178 270 123 324 448 446 279 238 246 366 95 346 416 260 134 344 305 414 271 287 50 321 55 425 99 251 75 448 405 70 403 277 119 324 274 195 424
 243 339 290 336 339 54 23 98 70 310 62 442 85 337 424 338 315 269 82 418 276 397 89 1 162 344 341 306 487 396 327 225 19 124 228 411 454 361 366 42 452 214 224 166 233 342 174 191 268 245 266 200 359 118 209 66 97 338 17 272 154 313 424 39 221 327 442 140 256 347 349 271 395 281 226 144 230 467 405 392 189 412 264 290 298 144 233 130 154 154 395 305 228 411 302 375 396 170 61 311 115 204 293 302 238 200 391 300 286 243 228 138 235 107 359 465 382 229 213 201 299 207 347 316 362 207 362 306 256 385 306 371 76 265 361 261 213 39 443 276 475 166 263 323 397 61 317 83 234 401 275 268 256 139 193 23 150 422 172 361 301 190 342 368 121 364 294 396 281 350 304 316 293 423 379 398 193 118 410 58 162 391 311 319 359 138 152 268 66 276 384 359 179 205 380 327 71 300 296 321 312 443 130 97 275 152 349 420 350 233 279 280 147 308 288 247 292 235 326 392 423 342 320 133 299 90 304 434 422 319 282 273 322 14 290 372 294 120 352 314 395 303 259 42 281 80 403 111 290 143 438 419 21 393 281 82 267 241 190 402
 108 178 177 185 184 134 140 212 95 151 101 286 107 294 275 178 154 227 86 272 157 340 210 162 1 253 197 158 332 261 239 193 144 135 225 294 306 200 246 195 303 53 69 147 196 265 70 87 119 231 126 113 202 151 142 98 94 233 146 151 27 167 266 124 78 186 308 104 128 188 224 122 347 156 90 28 120 322 246 332 198 305 178 231 276 37 163 37 86 53 287 282 84 254 164 324 236 152 155 152 48 46 197 187 176 48 230 139 260 157 127 181 92 117 220 320 306 87 114 201 141 197 188 238 286 135 205 147 99 313 170 314 109 129 200 245 190 182 306 115 324 77 147 169 312 146 174 95 91 257 183 216 109 69 33 145 185 263 193 261 156 104 205 207 60 204 256 340 232 197 213 188 140 284 238 351 126 128 259 204 74 252 156 241 325 36 108 112 106 127 328 274 198 156 258 177 221 161 215 203 158 308 34 125 151 84 191 263 273 100 193 142 172 197 128 94 182 96 219 292 269 258 183 33 226 88 155 285 265 261 243 202 162 149 138 212 231 88 234 204 242 234 106 171 120 159 248 129 238 204 291 302 170 249 170 92 116 86 96 246
 322 259 83 168 192 291 330 314 309 216 299 237 261 104 191 275 244 106 276 177 371 108 320 344 253 1 141 322 261 127 18 136 330 224 166 88 203 270 72 352 206 241 206 184 128 32 191 171 171 149 151 151 312 238 136 292 332 34 332 110 234 151 242 317 183 359 150 206 133 296 83 305 123 364 311 243 353 201 239 99 190 74 82 75 136 288 112 252 197 215 61 135 297 233 128 105 246 181 293 278 271 259 57 398 109 213 276 241 127 104 129 237 303 238 129 201 60 177 143 178 200 166 226 36 44 139 210 276 201 69 357 90 270 143 266 144 151 335 156 248 226 328 109 311 60 289 346 267 302 158 73 94 171 218 240 341 227 248 208 26 330 162 122 273 241 255 106 110 92 329 42 383 302 150 137 128 153 229 193 347 325 136 183 35 132 284 194 199 283 308 100 24 203 142 80 331 360 130 49 71 306 152 270 249 111 336 209 236 35 320 66 138 220 408 249 193 75 310 44 50 216 18 122 253 53 262 163 196 232 70 106 75 263 335 302 291 67 229 66 59 193 55 188 321 235 279 211 236 85 254 187 93 338 155 87 271 299 202 166 213
 220 124 86 30 53 296 321 350 284 88 282 117 262 238 86 141 114 209 260 79 262 247 353 341 197 141 1 199 155 68 142 211 324 249 254 122 114 131 83 363 113 159 130 223 206 171 169 154 80 244 75 156 177 268 170 277 290 109 326 82 192 32 111 305 123 234 113 215 89 161 62 192 263 253 216 203 258 127 103 238 258 147 136 186 256 231 161 217 193 188 132 257 201 101 41 245 108 223 308 151 235 178 119 284 172 150 136 116 242 139 129 283 204 251 26 126 196 114 141 250 78 238 87 158 184 165 69 150 105 207 238 230 269 77 127 248 222 347 111 134 136 257 94 183 186 301 223 259 203 62 125 191 89 204 170 329 279 115 268 129 209 163 21 134 220 115 224 250 200 196 129 264 182 89 42 269 174 249 75 366 257 56 56 159 269 232 206 95 276 194 240 163 268 190 88 204 382 43 145 74 181 114 226 263 78 271 70 106 175 223 134 62 266 294 129 106 92 212 100 149 95 157 28 215 163 252 45 96 104 199 217 161 132 329 184 152 178 226 81 90 65 171 94 334 119 301 81 255 198 307 98 129 342 53 91 260 188 115 159 82
 69 88 243 171 152 289 285 368 238 113 250 219 264 398 236 72 87 343 240 241 76 427 365 306 158 322 199 1 261 261 315 321 290 288 360 320 264 99 279 344 259 115 137 291 321 346 204 210 153 361 175 234 65 306 264 249 215 292 292 217 179 177 192 270 163 38 299 253 198 63 256 37 439 65 82 184 101 285 172 418 342 345 273 335 396 164 276 193 230 201 329 400 79 184 196 418 156 295 311 50 200 113 277 89 291 150 127 85 379 259 229 334 73 273 224 283 381 163 226 342 125 334 126 324 364 257 154 50 126 390 41 404 265 183 102 372 323 333 294 76 273 148 223 26 376 301 25 251 73 238 271 327 157 220 134 286 337 185 341 317 13 231 218 103 216 115 369 428 342 46 293 65 22 272 234 444 254 282 218 356 152 246 146 326 431 171 254 125 259 32 417 345 345 285 286 21 372 194 303 253 21 299 184 281 215 166 142 193 352 78 283 185 323 99 74 137 250 73 279 343 213 334 207 189 320 244 163 244 198 360 357 303 71 294 23 94 330 243 273 264 200 328 138 324 88 315 194 284 345 358 257 327 319 232 240 247 42 131 221 191
 313 178 235 153 149 446 466 504 424 184 426 47 412 364 74 191 192 352 406 86 336 350 506 487 332 261 155 261 1 135 269 362 469 403 403 189 60 163 190 513 56 283 264 377 356 291 319 306 220 391 225 311 204 422 324 422 423 233 471 237 334 178 71 450 267 282 124 368 242 200 186 275 370 325 316 345 352 70 92 343 411 221 285 325 393 361 314 358 345 336 217 393 304 82 196 357 107 378 460 219 376 299 262 346 322 289 136 205 381 291 284 438 303 403 148 70 299 259 295 402 191 390 150 289 296 319 128 222 234 309 298 342 418 228 160 392 374 497 117 232 41 374 249 236 279 452 276 407 303 107 273 335 232 353 301 473 433 77 422 239 273 317 163 159 367 148 361 354 341 230 267 318 254 113 132 375 329 402 81 517 375 128 177 290 389 364 359 221 423 274 348 275 422 343 182 252 533 197 284 213 242 122 364 415 233 391 142 72 292 319 280 214 421 354 220 241 240 309 232 239 65 278 182 356 300 400 184 66 69 329 357 305 197 474 258 170 316 377 199 229 94 306 229 484 221 454 84 408 336 461 75 190 491 112 243 407 274 248 312 86
 287 180 114 92 110 349 378 394 343 151 340 114 315 230 66 197 175 220 317 52 327 221 398 396 261 127 68 261 135 1 135 236 380 294 275 68 78 181 56 415 81 225 195 262 229 157 224 206 145 261 136 202 229 312 207 334 353 99 382 126 253 98 124 362 184 294 48 263 141 216 56 258 240 318 283 264 325 81 127 213 287 99 159 192 259 296 191 277 244 245 90 259 268 119 98 225 139 261 358 212 296 244 133 348 197 214 175 180 248 171 173 322 271 300 43 80 169 176 187 278 144 265 140 155 163 204 115 212 172 179 301 210 323 135 177 260 249 399 48 199 102 324 136 243 152 351 284 314 270 36 147 204 153 259 235 387 315 132 301 105 272 211 57 182 278 163 228 224 208 252 135 326 245 29 29 245 216 295 72 416 323 17 122 156 256 296 253 162 331 259 217 142 299 223 48 263 431 101 153 86 242 48 289 312 123 337 122 118 158 290 151 121 304 358 194 172 117 279 100 111 94 144 79 276 167 308 112 71 114 195 224 175 192 385 247 200 183 278 66 100 79 173 160 385 185 348 96 302 203 344 61 73 396 37 123 316 253 182 209 98
 312 256 74 167 190 275 314 297 293 212 283 243 245 99 198 272 240 92 260 184 362 112 303 327 239 18 142 315 269 135 1 120 314 207 151 103 212 268 80 335 215 230 196 167 111 32 176 156 164 134 142 136 309 220 120 276 317 37 316 100 220 147 246 301 172 352 162 189 123 292 87 296 126 355 300 228 342 212 242 104 174 91 66 61 125 274 95 238 181 200 77 125 287 237 124 106 248 164 276 273 256 247 44 389 92 200 276 235 115 88 115 220 293 222 132 211 69 166 128 161 195 149 224 22 50 122 210 270 193 77 350 91 254 134 265 130 134 318 167 241 236 315 98 306 74 272 339 250 291 165 58 78 162 202 228 324 210 252 191 41 323 146 123 272 226 254 94 114 78 325 27 375 295 160 142 131 136 212 198 330 312 143 179 22 128 270 177 191 267 300 103 35 187 125 91 325 343 125 32 69 300 164 256 232 102 322 208 240 38 310 50 131 203 399 243 184 66 300 42 67 221 20 120 238 37 246 159 204 236 61 92 58 259 319 295 289 52 212 71 54 197 41 179 304 228 262 215 219 71 237 195 108 321 161 77 254 290 193 150 216
 292 291 128 226 244 173 217 180 209 246 195 327 150 114 289 302 268 44 175 278 344 173 187 225 193 136 211 321 362 236 120 1 215 103 44 220 311 309 187 225 312 211 185 62 10 124 125 114 184 41 165 88 338 110 58 188 243 145 217 133 167 199 321 207 159 356 273 102 139 321 181 292 172 341 276 171 311 316 310 167 55 209 78 68 85 219 52 174 110 141 196 91 266 310 175 151 311 57 168 291 187 222 104 374 41 175 328 258 69 75 97 103 274 123 215 315 161 160 97 43 226 31 272 102 142 65 269 287 201 163 346 146 159 157 307 53 16 209 276 250 335 265 121 321 179 166 343 161 272 257 90 46 175 131 198 228 92 324 72 159 325 93 200 315 152 301 71 171 57 346 106 369 300 264 232 175 70 110 283 217 261 238 221 104 140 213 92 207 174 296 160 144 68 38 200 337 229 175 90 151 312 274 194 130 137 266 262 316 132 287 86 165 87 384 258 188 123 280 139 185 304 128 184 176 85 159 203 298 314 95 59 64 286 219 299 329 74 128 174 136 276 85 192 196 243 152 292 116 66 118 293 226 215 251 121 166 285 193 102 292
 227 321 275 318 322 43 7 103 53 293 44 425 70 327 407 320 298 258 65 401 262 387 95 19 144 330 324 290 469 380 314 215 1 113 220 396 436 344 350 56 435 197 207 155 222 329 157 175 250 237 249 185 342 109 195 48 84 323 3 256 137 295 406 21 204 311 426 126 239 329 333 255 385 266 210 126 216 450 387 381 182 397 250 278 289 127 219 113 139 136 380 296 212 393 285 365 378 159 57 294 97 187 278 288 225 182 374 283 277 229 212 132 219 94 342 448 370 212 197 193 281 198 330 303 349 193 345 289 238 373 290 360 61 248 344 253 203 48 426 258 457 152 247 306 384 54 301 67 218 384 260 256 238 122 176 16 144 404 165 347 285 174 326 350 104 347 284 385 270 333 290 302 276 406 362 388 179 106 393 70 147 374 293 306 350 121 138 251 50 259 373 345 173 192 364 310 84 283 283 305 295 427 112 85 258 138 331 403 337 217 265 263 139 295 271 230 276 219 311 378 406 328 303 116 286 73 287 417 404 308 272 259 304 6 273 355 282 104 337 299 377 290 242 46 263 75 386 100 279 140 421 403 31 376 266 65 250 224 174 384
 241 287 182 253 264 71 115 102 114 248 97 362 51 215 334 293 262 146 81 326 289 275 105 124 135 224 249 288 403 294 207 103 113 1 113 298 361 309 256 128 360 175 165 43 110 220 93 100 191 127 181 94 324 21 92 90 151 223 115 171 111 226 349 106 148 319 338 39 162 308 242 254 273 289 223 108 249 371 333 269 76 295 147 167 179 147 114 103 64 89 279 186 218 336 209 253 328 47 69 273 107 177 176 319 117 143 335 249 166 129 123 47 226 24 263 370 260 153 110 85 231 88 282 194 239 93 289 268 192 262 303 248 59 176 308 143 91 112 340 231 384 191 160 296 275 66 306 65 225 306 159 145 179 69 155 126 52 349 64 243 288 87 246 316 77 306 172 273 158 323 186 322 269 323 282 276 80 9 323 124 187 292 235 197 239 139 45 203 75 259 262 237 71 83 270 307 139 207 176 213 285 339 120 29 174 187 278 344 228 234 161 190 39 328 243 180 182 230 212 273 340 220 225 107 177 66 223 344 344 196 160 151 276 118 267 325 171 48 242 203 311 180 190 98 230 56 323 15 167 71 344 305 115 299 173 71 248 179 93 322
 328 334 170 269 288 178 223 165 225 288 208 369 163 115 330 344 311 61 192 319 379 178 174 228 225 166 254 360 403 275 151 44 220 113 1 253 351 352 224 220 352 249 225 80 49 148 160 152 226 21 208 127 380 112 98 202 262 181 222 176 198 242 364 216 200 395 309 126 182 362 221 330 172 376 311 200 343 355 353 174 40 238 120 92 71 247 95 201 140 172 227 78 302 353 218 154 354 75 168 332 211 257 143 409 84 212 371 300 61 118 139 93 310 136 257 354 179 201 138 29 269 29 315 131 162 106 312 328 243 178 384 154 171 200 350 35 38 205 314 291 375 293 164 361 200 168 382 176 308 298 131 74 217 159 234 235 81 367 58 191 363 130 242 358 177 344 75 175 77 387 142 406 339 302 273 174 107 121 325 209 289 278 264 133 133 240 118 249 187 335 165 169 51 77 236 376 218 218 125 192 352 311 220 140 180 292 305 359 154 322 125 209 83 419 299 230 164 315 176 213 346 155 227 204 115 176 246 338 357 111 68 100 328 225 338 372 101 149 211 176 318 112 234 193 284 150 334 126 85 100 333 258 215 292 164 182 323 233 140 334
 338 242 123 150 171 360 395 393 366 209 360 177 328 184 129 260 235 194 336 115 382 162 398 411 294 88 122 320 189 68 103 220 396 298 253 1 130 245 49 424 135 267 234 260 212 114 244 225 187 236 172 212 293 313 207 353 383 77 398 146 281 147 190 380 217 355 68 273 167 279 72 312 182 373 331 291 374 123 194 155 274 34 152 163 222 330 186 303 258 268 31 220 317 185 136 171 206 258 365 272 322 286 123 405 187 248 241 237 214 171 185 317 321 308 98 123 112 209 200 262 197 250 203 123 113 207 179 271 217 122 359 156 336 167 242 232 234 408 75 253 151 364 152 304 91 360 343 330 319 101 140 180 192 277 273 405 308 198 291 64 330 223 104 247 298 228 193 166 179 315 116 384 302 79 92 187 221 301 137 421 362 83 176 122 206 328 261 210 347 314 161 94 287 219 38 324 436 139 131 93 301 70 318 320 144 375 185 184 112 339 139 156 299 415 250 213 121 328 87 52 159 103 119 303 139 325 161 131 179 155 193 157 253 401 304 265 154 292 61 98 145 143 204 393 239 353 162 308 172 336 117 9 408 103 131 333 307 224 223 165
 306 178 186 122 127 409 434 462 395 168 395 58 375 306 32 194 184 297 373 36 337 291 465 454 306 203 114 264 60 78 212 311 436 361 351 130 1 169 133 477 7 262 237 332 304 233 282 267 189 337 188 268 217 380 277 390 399 176 439 192 303 142 82 418 234 291 66 327 201 208 131 271 311 326 306 315 345 22 97 284 361 162 233 269 336 338 264 328 306 301 158 336 293 85 154 298 114 332 421 217 347 279 209 353 272 260 150 194 325 243 240 392 294 363 100 20 240 226 252 352 170 339 141 233 237 273 114 219 209 250 303 283 382 190 166 337 323 461 59 219 25 358 203 242 220 414 283 372 293 56 221 280 200 317 276 442 387 91 374 180 276 275 116 167 333 152 305 295 285 242 212 326 253 54 81 316 284 361 50 479 358 73 151 233 331 340 318 197 389 271 289 217 373 295 123 260 495 156 229 160 244 64 336 375 188 373 128 78 233 311 227 175 375 361 210 213 189 300 177 180 53 220 137 326 244 365 152 22 73 271 301 252 195 442 256 183 260 339 143 176 68 250 201 447 206 413 71 367 281 415 18 131 456 63 194 373 268 221 271 75
 154 23 201 103 79 331 339 402 293 65 301 121 300 361 142 30 48 320 284 150 174 376 402 361 200 270 131 99 163 181 268 309 344 309 352 245 169 1 212 394 163 148 146 298 307 298 217 213 127 347 145 231 50 328 256 298 282 237 346 183 212 122 94 323 163 124 212 271 172 40 192 116 392 163 161 221 192 190 74 367 344 274 244 303 371 222 259 234 246 225 260 374 150 86 146 372 58 301 349 59 247 159 237 186 272 169 32 63 355 238 214 352 148 300 150 188 326 158 217 340 84 330 45 281 313 249 67 63 118 336 137 357 304 154 5 355 316 381 206 87 176 224 193 75 316 340 116 290 147 152 237 302 137 245 169 343 352 86 349 258 111 232 151 8 251 19 340 378 314 75 250 159 93 185 154 397 252 305 125 402 226 165 92 283 393 227 267 108 303 114 369 292 351 278 215 93 419 146 265 200 80 211 232 311 179 241 62 95 302 162 249 148 338 194 74 130 209 152 227 278 117 285 149 230 282 283 112 149 100 321 331 273 41 348 97 22 296 270 210 214 109 291 122 369 82 349 99 309 315 377 164 251 370 147 202 289 115 131 224 96
 292 206 77 112 135 316 349 353 319 168 314 167 283 175 120 223 195 167 290 106 338 171 358 366 246 72 83 279 190 56 80 187 350 256 224 49 133 212 1 381 136 220 186 220 179 103 197 178 140 209 125 167 259 272 165 307 335 45 352 98 233 103 173 334 169 315 87 228 119 243 25 268 189 329 285 244 328 133 172 163 240 67 113 138 205 282 147 256 213 220 50 204 270 165 89 173 181 218 322 232 275 239 84 362 150 200 213 195 194 129 139 279 275 264 63 132 119 161 154 229 155 216 168 101 111 164 148 230 171 129 317 158 291 120 209 207 200 364 91 209 157 316 105 264 105 316 303 284 274 87 100 151 145 230 225 359 271 180 255 52 289 177 63 215 251 196 173 174 155 278 83 343 260 81 67 194 177 258 122 379 314 65 135 101 202 280 217 164 301 271 166 89 252 179 15 285 394 92 100 46 261 89 270 276 97 327 151 167 104 293 102 109 261 372 207 166 76 282 49 67 145 89 74 255 113 279 118 125 163 140 170 124 214 356 262 233 129 247 15 54 124 119 157 350 195 311 142 265 149 299 116 57 363 85 86 287 263 177 177 144
