NAME : domp160p80v2
COMMENT : (Deleplanque et al.) 
TYPE : DOMP
DIMENSION : 160
DISPLAY_DATA_TYPE: NO_DISPLAY
OPEN_FACILITIES : 80
COST_SECTION
 1 71 244 177 349 160 229 119 337 105 129 90 185 258 32 235 63 227 258 184 225 311 249 306 140 327 169 206 237 257 174 216 310 61 21 140 168 85 128 134 180 115 359 22 178 58 85 322 221 275 236 60 152 68 245 197 245 336 170 316 138 125 229 131 175 280 137 124 256 196 198 184 215 174 189 331 301 128 132 56 343 392 287 39 50 252 290 162 226 285 202 328 214 355 134 240 255 83 154 251 280 245 166 144 308 198 177 275 321 172 74 165 342 142 173 219 183 111 114 224 318 109 216 183 184 193 121 181 255 254 281 346 117 149 336 67 141 187 131 182 192 218 207 101 38 83 194 260 179 160 245 346 222 20 152 163 169 240 45 163
 71 1 314 134 386 202 299 157 376 173 188 111 218 325 76 305 10 273 300 229 283 380 319 363 173 394 191 230 306 310 242 278 375 38 74 163 203 20 135 197 217 184 394 87 129 60 101 391 267 344 302 54 129 132 311 245 313 401 199 350 104 191 299 181 216 338 111 164 326 261 267 134 256 152 239 400 370 194 141 103 384 462 317 93 47 307 331 192 283 319 260 388 278 425 111 304 323 105 213 320 345 303 223 157 378 265 231 343 379 234 120 136 411 199 158 229 248 177 122 285 348 175 226 249 217 234 170 248 293 320 319 416 138 218 389 71 205 137 182 197 204 258 277 135 47 82 252 330 238 230 298 413 256 82 217 178 161 271 28 203
 244 314 1 383 296 238 40 220 276 145 182 274 234 106 251 46 306 197 223 192 137 72 37 169 259 102 260 267 89 172 82 104 115 294 243 254 261 326 282 161 259 131 308 232 391 285 262 81 242 32 119 291 338 197 70 185 106 126 277 286 343 150 31 184 246 146 333 244 21 88 95 398 258 349 216 91 64 128 279 239 274 150 285 236 280 155 243 240 140 270 134 162 90 117 329 135 37 272 177 24 92 133 187 276 88 68 157 50 169 155 218 356 104 185 339 312 133 145 278 167 301 160 310 91 236 207 192 75 236 128 249 106 279 108 205 275 125 402 182 284 292 218 44 254 277 283 177 32 175 97 166 120 284 238 116 278 324 258 288 246
 177 134 383 1 345 331 380 169 342 244 305 243 197 423 198 388 140 266 281 231 303 437 399 372 304 440 159 188 401 314 302 313 408 118 164 145 334 116 108 308 348 266 350 198 18 192 122 449 395 409 405 187 51 243 356 247 412 437 332 308 42 296 377 206 345 354 51 293 399 307 363 23 386 55 364 456 427 256 113 226 352 529 269 212 128 318 304 174 302 279 285 404 319 498 55 411 380 237 330 381 382 323 342 124 461 321 252 397 391 346 167 34 464 317 70 160 354 240 108 399 298 280 158 299 196 226 196 309 267 424 289 487 271 310 387 117 259 26 208 147 149 241 355 265 174 104 369 406 355 319 304 456 388 195 269 136 86 233 151 333
 349 386 296 345 1 460 328 233 21 284 398 432 169 399 378 336 383 128 94 168 168 290 332 139 460 260 198 162 378 128 258 201 213 349 331 225 478 383 258 382 484 304 13 356 361 405 285 298 495 297 404 406 300 362 228 157 396 232 488 38 326 362 318 221 473 154 312 441 315 228 364 367 503 290 461 297 283 263 252 389 27 370 76 375 340 143 63 194 165 69 183 168 215 368 309 419 264 426 411 276 216 165 427 236 374 248 187 263 151 404 277 312 293 409 275 186 390 270 269 440 50 358 188 236 170 158 230 259 95 417 69 354 454 332 116 316 248 369 222 201 198 132 312 431 382 307 433 326 424 330 136 262 522 360 243 217 260 117 374 466
 160 202 238 331 460 1 203 255 443 177 64 96 316 183 134 203 195 333 367 296 302 307 220 374 36 339 312 344 175 343 215 276 345 214 178 286 23 221 283 83 26 157 471 140 329 144 241 314 66 266 153 151 310 107 280 304 171 361 40 433 294 101 210 247 16 345 295 40 237 248 148 334 56 332 44 324 301 197 286 106 446 358 412 122 207 331 397 300 304 405 282 382 266 315 293 147 268 100 63 257 315 315 54 296 256 235 273 285 382 86 213 323 339 56 332 368 110 191 270 111 440 103 365 236 316 310 242 217 370 165 393 312 76 141 409 226 213 337 246 330 340 335 196 69 158 242 78 234 71 149 331 358 66 141 219 313 326 368 181 8
 229 299 40 380 328 203 1 224 308 137 150 247 249 72 232 10 291 221 250 209 164 105 21 206 226 139 271 283 52 202 90 130 154 283 231 261 226 313 284 130 223 118 340 214 387 265 259 112 204 64 81 271 338 175 104 205 70 164 242 315 339 122 11 192 210 182 331 212 35 108 57 394 220 352 179 122 99 128 283 216 307 167 311 216 269 186 272 251 167 297 157 201 116 128 327 96 76 246 142 62 131 164 151 281 82 86 174 89 207 119 214 356 136 151 343 326 96 141 278 128 329 134 323 106 250 225 197 84 261 91 276 120 250 83 242 269 129 398 189 294 303 240 26 225 259 278 139 34 138 72 195 156 246 220 123 286 328 280 272 211
 119 157 220 169 233 255 224 1 222 98 203 205 67 280 149 233 153 117 145 74 138 270 241 214 245 272 59 91 256 158 139 145 241 121 100 38 269 157 63 195 278 125 242 129 181 174 61 282 306 244 268 175 121 149 188 90 270 270 275 199 133 177 219 38 269 192 120 227 238 140 222 188 307 131 271 289 259 99 61 165 229 363 169 149 110 158 175 47 137 168 118 243 150 335 116 278 213 199 224 215 214 159 240 58 303 155 85 230 231 229 46 140 296 216 120 117 227 89 62 279 200 165 114 132 67 78 29 146 139 286 165 323 231 170 236 89 97 191 40 79 90 103 199 210 151 86 258 246 245 177 146 288 320 132 104 66 105 122 142 260
 337 376 276 342 21 443 308 222 1 268 382 418 160 379 365 316 373 113 80 155 149 269 312 119 444 240 192 157 358 108 239 181 193 340 320 217 462 374 252 365 468 287 33 343 359 393 277 278 478 277 385 395 296 347 208 143 376 213 473 40 322 345 299 208 456 133 307 426 294 209 345 364 485 288 443 277 262 247 246 375 12 351 77 361 330 124 48 186 146 65 165 148 195 348 304 400 243 413 394 256 195 145 409 229 354 229 171 243 132 386 265 309 273 392 273 186 371 255 262 421 58 342 187 217 161 145 217 240 84 398 58 334 440 314 97 307 232 367 208 197 195 120 292 416 371 299 415 306 407 312 117 243 505 348 226 212 257 111 363 450
 105 173 145 244 284 177 137 98 268 1 117 161 146 185 120 145 165 157 191 121 134 208 156 213 178 223 153 178 161 172 70 117 208 151 100 135 195 183 152 104 202 28 295 98 251 155 123 220 219 174 171 159 202 83 142 128 175 232 206 257 203 85 135 76 191 185 195 159 159 93 126 258 223 218 183 228 198 26 151 119 271 293 237 109 136 163 222 137 135 230 111 230 112 259 191 181 152 157 134 148 177 151 150 153 218 94 98 171 225 135 78 220 239 129 210 212 131 14 144 183 265 77 209 80 147 136 75 77 194 190 217 249 179 73 245 133 41 261 75 175 186 160 113 153 141 142 165 165 153 81 160 242 241 104 51 163 197 194 148 183
 129 188 182 305 398 64 150 203 382 117 1 104 260 147 113 152 180 272 306 237 239 252 169 311 78 282 261 290 133 280 153 214 284 189 143 237 85 206 241 22 88 96 410 108 306 137 200 261 104 211 120 144 276 63 219 244 135 302 99 373 265 39 155 191 76 283 263 63 184 185 99 312 107 297 68 271 245 136 243 87 384 312 354 97 178 269 336 247 242 346 220 320 204 270 260 120 209 105 26 199 254 252 39 250 214 173 213 227 319 48 166 291 284 14 294 319 67 131 229 97 381 42 315 173 260 252 187 155 310 137 333 265 102 80 346 192 151 315 189 281 291 276 139 79 142 207 65 182 51 88 269 301 125 112 157 265 286 310 163 71
 90 111 274 243 432 96 247 205 418 161 104 1 271 251 58 250 104 306 339 264 293 344 267 373 64 369 257 294 236 330 222 276 362 130 110 228 94 130 215 121 108 155 442 77 239 52 172 354 160 304 223 58 230 81 295 277 238 384 89 400 210 126 250 211 107 345 213 57 279 251 200 244 147 253 136 364 336 186 220 44 423 412 373 58 126 322 371 250 295 370 271 389 270 371 211 222 294 8 124 287 331 311 128 233 316 246 252 314 385 150 160 240 377 110 255 308 170 172 201 193 403 115 304 238 271 275 203 227 338 239 363 365 30 167 405 150 201 247 211 271 280 301 231 29 72 166 158 280 146 178 318 388 146 74 211 252 253 326 94 95
 185 218 234 197 169 316 249 67 160 146 260 271 1 313 215 258 215 70 87 44 117 269 262 177 308 262 39 35 289 119 160 139 222 181 166 59 331 215 96 249 340 172 178 195 212 239 118 281 363 253 307 240 148 211 185 56 305 251 338 134 169 229 242 71 330 161 155 290 254 147 261 218 365 147 327 286 259 136 90 230 168 364 103 214 172 126 115 27 115 103 106 210 150 343 151 319 218 265 278 224 202 135 294 75 321 168 78 230 196 280 112 164 290 272 132 79 274 134 104 326 134 220 77 145 2 33 74 166 77 324 103 329 296 213 191 148 127 221 72 57 62 46 226 275 216 140 310 264 298 217 111 275 380 198 129 62 115 56 206 321
 258 325 106 423 399 183 72 280 379 185 147 251 313 1 252 64 316 290 320 275 234 152 71 275 213 192 330 347 25 273 155 201 217 316 264 317 203 341 336 132 196 160 410 239 428 280 305 155 161 119 30 287 385 194 174 273 14 222 220 385 382 135 82 250 184 251 376 204 92 177 61 435 181 401 147 164 151 183 335 229 378 179 380 235 303 257 343 312 238 367 226 267 186 136 372 40 142 252 129 129 197 235 130 336 77 155 240 151 274 103 261 402 179 142 394 388 82 192 328 80 400 151 385 173 314 291 254 150 331 25 347 135 245 115 311 308 188 438 248 354 364 308 91 225 281 320 106 82 113 106 266 207 208 244 185 344 381 347 298 189
 32 76 251 198 378 134 232 149 365 120 113 58 215 252 1 236 68 254 286 211 248 320 252 328 111 340 200 237 233 282 188 235 327 81 52 171 140 94 159 122 153 123 388 24 197 36 115 331 197 282 227 41 178 59 261 224 239 351 140 346 161 118 233 158 148 301 163 97 261 212 194 203 189 201 167 340 311 145 163 29 371 397 317 18 74 276 318 193 249 315 225 348 231 358 160 230 266 52 138 261 296 267 148 175 308 212 202 286 342 159 103 190 352 124 202 251 173 129 145 209 348 102 247 200 215 221 149 194 283 245 309 350 86 149 359 95 159 206 158 213 223 247 212 71 30 112 177 263 163 161 269 359 194 19 170 194 198 270 51 137
 235 305 46 388 336 203 10 233 316 145 152 250 258 64 236 1 297 230 258 218 173 106 18 213 227 141 279 292 45 210 99 139 160 290 237 269 225 319 292 131 222 124 348 219 395 269 267 113 201 66 75 276 346 179 112 214 62 168 242 323 347 125 19 200 209 189 339 214 36 117 56 402 217 360 177 122 101 136 291 220 315 163 320 220 276 194 281 260 176 306 166 207 124 123 335 90 82 249 142 68 137 173 150 290 75 95 183 93 213 118 222 364 137 152 351 335 94 149 286 123 338 138 332 115 259 234 205 93 270 84 285 116 252 88 249 276 138 405 198 303 312 249 35 228 264 286 136 32 136 76 203 159 244 225 132 295 337 289 278 210
 63 10 306 140 383 195 291 153 373 165 180 104 215 316 68 297 1 269 297 225 277 372 311 358 166 387 190 228 297 305 234 272 368 37 67 161 196 28 135 189 210 176 392 79 136 53 99 383 259 336 293 48 133 124 304 240 304 394 192 348 109 182 291 176 208 332 115 156 318 254 258 141 249 156 231 392 362 187 141 94 381 454 315 84 44 302 327 190 278 316 254 382 271 417 114 296 316 98 205 312 338 298 214 157 369 258 226 335 373 225 115 140 403 191 161 229 239 170 121 276 346 167 226 242 214 230 165 241 290 311 316 408 132 210 384 69 198 144 177 196 204 255 269 127 39 81 243 322 229 221 293 406 249 73 210 177 163 269 19 196
 227 273 197 266 128 333 221 117 113 157 272 306 70 290 254 230 269 1 35 45 63 217 230 108 332 203 107 90 268 51 139 94 160 238 211 124 351 273 162 257 357 177 139 232 280 284 176 228 370 209 290 286 216 235 136 31 285 188 361 102 237 237 212 97 346 95 222 314 217 114 247 287 377 216 335 232 208 137 157 264 118 310 91 250 226 60 66 93 60 78 65 142 108 294 218 304 172 301 286 181 144 75 301 143 283 137 60 181 127 280 156 233 234 283 201 136 269 143 169 320 113 232 135 119 71 42 107 142 41 306 62 281 328 209 123 205 123 290 97 124 128 29 201 304 262 200 311 228 301 209 44 214 396 237 119 131 184 64 257 339
 258 300 223 281 94 367 250 145 80 191 306 339 87 320 286 258 297 35 1 76 87 235 257 106 366 215 123 96 297 58 171 120 169 264 241 145 385 299 182 290 391 211 105 264 296 314 201 245 404 231 321 316 232 269 158 64 315 196 395 69 255 270 240 129 380 102 240 348 243 144 278 302 411 228 369 247 226 171 176 296 86 325 64 282 254 73 33 113 84 49 96 142 135 313 237 335 195 333 319 205 159 93 335 161 307 166 94 201 125 314 186 247 247 317 213 137 301 177 190 353 81 265 137 150 88 67 138 173 18 336 29 299 361 242 110 231 156 305 129 135 136 43 230 337 293 225 344 254 334 242 59 224 430 268 152 146 196 55 286 373
 184 229 192 231 168 296 209 74 155 121 237 264 44 275 211 218 225 45 76 1 75 226 221 143 294 219 77 76 251 86 121 95 181 194 167 87 314 230 124 224 321 145 179 189 244 240 133 238 338 209 271 242 181 196 141 17 268 211 323 139 199 204 201 54 310 124 185 275 212 105 225 251 343 184 303 243 216 105 119 222 160 321 117 207 183 89 107 59 74 110 63 175 106 299 181 284 174 259 253 181 159 95 269 107 279 126 36 187 162 251 113 198 247 249 170 122 242 108 129 295 145 197 120 104 46 17 63 126 75 287 100 286 287 181 164 162 93 254 54 99 105 40 186 264 219 158 281 222 270 184 75 233 360 194 93 100 152 76 213 303
 225 283 137 303 168 302 164 138 149 134 239 293 117 234 248 173 277 63 87 75 1 156 171 82 308 146 152 145 213 43 92 35 107 251 213 159 322 287 195 221 326 146 180 224 316 281 196 168 331 147 238 284 253 216 74 62 230 136 334 152 268 202 155 105 314 56 255 289 157 61 197 322 340 257 298 172 146 109 191 250 150 250 150 239 238 31 109 133 4 135 24 107 49 233 251 252 111 289 249 120 86 22 264 180 222 81 54 119 97 239 164 271 175 249 244 192 224 122 198 273 166 201 190 70 118 85 116 92 100 252 114 219 311 167 113 221 93 326 103 173 178 88 146 285 262 221 268 168 260 165 33 159 362 230 85 174 226 126 262 309
 311 380 72 437 290 307 105 270 269 208 252 344 269 152 320 106 372 217 235 226 156 1 90 152 329 41 301 300 144 178 140 132 80 357 308 301 329 391 332 231 327 198 300 300 448 355 319 13 305 42 174 360 390 267 86 215 158 73 346 288 399 221 98 233 313 139 388 314 71 131 161 455 322 399 281 21 12 188 329 309 265 96 297 306 343 163 246 281 159 280 164 131 122 80 384 188 59 342 246 61 77 144 255 323 95 118 195 41 144 223 276 408 33 254 387 346 199 206 331 225 306 231 344 140 271 239 242 133 250 177 257 66 350 178 183 336 181 458 231 323 330 243 115 325 345 342 241 76 241 168 177 56 348 306 171 321 371 280 354 314
 249 319 37 399 332 220 21 241 312 156 169 267 262 71 252 18 311 230 257 221 171 90 1 205 244 126 285 296 57 207 104 137 148 303 251 277 242 333 302 149 239 137 343 234 406 285 278 96 216 51 87 291 356 195 105 216 73 154 259 320 358 141 23 207 226 182 350 231 22 118 73 413 233 369 193 106 86 145 300 236 310 147 319 236 289 190 278 266 174 304 166 196 123 108 345 103 72 266 159 59 127 169 167 298 63 96 186 81 204 135 233 374 120 169 360 339 111 159 296 137 336 154 337 118 264 237 213 98 269 94 283 100 269 104 241 288 145 417 205 309 318 250 44 245 279 297 152 15 153 92 201 143 260 240 139 302 345 290 293 227
 306 363 169 372 139 374 206 214 119 213 311 373 177 275 328 213 358 108 106 143 82 152 205 1 383 122 214 196 257 59 159 99 75 330 294 229 395 367 266 291 397 222 150 305 386 362 273 160 395 164 286 365 322 294 103 127 274 96 408 142 341 273 196 183 385 29 327 365 186 127 251 393 407 323 364 159 146 188 261 330 114 233 160 319 318 57 105 199 81 142 105 37 108 230 323 301 134 368 317 147 81 63 331 248 240 141 133 130 20 303 244 339 155 319 308 240 284 202 271 328 162 275 240 139 178 147 195 157 123 296 119 216 389 234 38 300 172 396 182 231 235 135 195 363 343 298 330 197 324 229 69 126 430 311 162 238 291 160 343 381
 140 173 259 304 460 36 226 245 444 178 78 64 308 213 111 227 166 332 366 294 308 329 244 383 1 359 300 335 204 348 226 285 360 189 159 273 31 192 266 99 45 162 470 121 301 114 223 337 98 288 184 120 288 99 294 303 201 379 32 431 269 113 232 242 46 355 272 20 260 257 173 306 85 310 80 347 322 200 269 85 448 386 408 102 183 337 397 290 310 402 287 394 276 343 269 179 286 69 87 276 330 323 84 281 285 247 274 304 393 113 201 299 361 76 311 355 137 191 252 145 437 110 351 245 308 307 236 229 367 197 392 339 41 156 418 204 216 309 241 317 327 332 216 41 131 221 111 258 102 165 336 378 85 121 224 299 307 362 154 34
 327 394 102 440 260 339 139 272 240 223 282 369 262 192 340 141 387 203 215 219 146 41 126 122 359 1 295 289 182 158 154 128 48 369 322 299 361 404 333 261 360 218 270 318 452 375 325 44 341 76 212 380 392 290 86 206 196 34 377 262 403 248 131 235 346 115 391 343 106 137 195 459 357 398 316 40 42 201 330 331 234 112 276 326 355 145 222 277 147 258 159 96 123 111 387 227 75 367 278 84 61 129 288 321 135 130 191 56 111 256 285 410 34 285 386 336 233 218 333 263 281 256 335 148 263 230 245 148 232 216 234 98 377 205 149 345 191 462 233 317 323 230 144 351 363 349 276 113 276 195 160 20 384 325 180 317 369 265 370 346
 169 191 260 159 198 312 271 59 192 153 261 257 39 330 200 279 190 107 123 77 152 301 285 214 300 295 1 39 306 156 182 170 258 155 149 30 325 186 61 252 335 180 206 182 175 220 92 312 364 281 321 220 110 206 216 92 322 287 331 162 133 234 264 81 327 198 118 283 279 174 275 181 364 109 328 318 290 149 55 219 200 395 127 202 147 162 149 21 150 130 138 248 180 371 115 332 247 251 281 251 236 171 297 39 346 193 107 260 233 286 101 126 323 274 95 60 283 142 72 335 158 222 57 170 37 69 79 188 111 339 135 358 284 224 229 122 143 184 83 25 34 83 246 264 196 111 315 288 302 230 148 310 377 185 148 25 77 82 183 317
 206 230 267 188 162 344 283 91 157 178 290 294 35 347 237 292 228 90 96 76 145 300 296 196 335 289 39 1 323 140 194 170 248 193 186 69 359 224 98 280 368 205 169 218 204 258 130 311 393 285 340 258 141 239 216 86 339 277 365 125 166 261 276 103 359 184 151 317 287 180 295 209 395 134 358 316 290 169 92 255 166 394 89 238 186 149 118 45 143 94 137 231 182 374 148 353 249 287 310 256 230 162 326 75 355 201 111 261 215 312 136 154 319 303 119 48 307 166 110 360 120 251 46 179 34 62 105 200 81 358 102 361 320 247 205 160 161 212 105 41 41 63 259 300 234 149 342 297 330 251 133 302 409 221 163 56 102 47 222 350
 237 306 89 401 378 175 52 256 358 161 133 236 289 25 233 45 297 268 297 251 213 144 57 257 204 182 306 323 1 252 131 179 203 295 243 293 197 321 312 116 191 137 390 219 406 263 282 148 163 107 32 270 362 175 155 249 19 210 214 363 360 116 62 226 179 232 353 193 78 154 40 413 181 378 143 158 141 159 311 212 357 183 358 216 282 236 321 288 216 344 203 251 165 141 349 47 125 237 118 112 181 214 122 312 83 133 217 136 257 92 237 379 173 130 370 363 68 169 304 83 377 132 361 150 290 267 230 127 308 40 325 138 233 92 293 286 164 416 224 330 340 284 68 211 262 298 102 69 106 83 244 198 208 225 161 320 358 324 279 182
 257 310 172 314 128 343 202 158 108 172 280 330 119 273 282 210 305 51 58 86 43 178 207 59 348 158 156 140 252 1 133 74 113 276 243 171 363 313 209 263 367 187 139 259 328 314 217 188 373 177 278 316 264 254 104 69 269 141 375 115 283 243 192 130 355 46 269 329 191 102 238 335 382 265 339 190 169 148 203 287 108 268 120 275 264 17 72 141 40 103 62 93 88 257 265 292 141 325 290 152 102 39 305 190 254 122 81 145 78 280 191 281 190 290 250 185 265 159 214 314 132 241 184 111 120 89 141 134 74 291 80 243 349 209 80 245 133 338 129 174 177 78 185 324 294 242 310 202 302 206 13 168 403 264 125 180 233 108 292 350
 174 242 82 302 258 215 90 139 239 70 153 222 160 155 188 99 234 139 171 121 92 140 104 159 226 154 182 194 131 133 1 63 141 218 169 174 236 252 200 133 239 68 270 166 311 222 181 152 241 108 152 228 256 142 74 119 148 164 250 239 262 115 83 104 227 131 252 208 100 33 109 318 251 268 208 160 130 49 198 182 240 229 229 175 204 120 198 163 95 217 77 170 52 198 248 166 83 219 159 81 110 102 174 195 166 25 87 102 168 148 138 275 170 161 258 237 133 67 196 183 251 117 234 23 162 137 111 8 180 168 199 186 235 77 195 197 44 321 102 206 215 154 66 209 210 203 177 108 169 74 123 173 273 172 35 199 243 194 217 222
 216 278 104 313 201 276 130 145 181 117 214 276 139 201 235 139 272 94 120 95 35 132 137 99 285 128 170 170 179 74 63 1 99 249 206 172 297 285 206 195 301 124 212 212 325 269 200 144 302 117 204 273 264 197 47 85 197 127 310 185 276 176 121 109 288 71 264 267 124 30 164 332 312 271 269 149 121 91 202 234 181 226 182 225 235 59 143 151 38 168 34 114 16 205 260 219 81 272 221 89 71 40 236 194 190 49 64 92 110 209 162 282 154 222 259 216 193 107 206 241 200 177 214 42 140 109 119 62 133 218 147 192 292 139 134 222 77 335 107 192 199 116 112 266 253 224 238 135 230 135 66 144 335 218 66 191 242 156 256 284
 310 375 115 408 213 345 154 241 193 208 284 362 222 217 327 160 368 160 169 181 107 80 148 75 360 48 258 248 203 113 141 99 1 346 302 265 367 382 301 263 367 208 223 304 420 361 297 87 355 100 233 366 359 282 68 167 219 30 382 215 373 248 145 205 354 69 360 343 127 116 207 427 370 363 327 85 75 183 296 322 187 160 229 315 332 101 175 240 109 211 124 52 98 156 356 249 80 359 284 93 32 88 296 286 171 117 157 68 65 265 260 377 81 289 350 295 244 200 302 281 234 253 293 128 224 191 216 136 186 240 187 143 374 205 104 320 171 431 204 278 284 187 152 348 347 322 289 137 286 197 117 56 395 310 159 281 333 220 351 352
 61 38 294 118 349 214 283 121 340 151 189 130 181 316 81 290 37 238 264 194 251 357 303 330 189 369 155 193 295 276 218 249 346 1 53 126 218 37 99 194 232 166 358 82 118 81 65 369 277 323 295 77 101 128 285 210 304 374 217 314 82 184 282 148 228 306 85 176 307 234 256 124 269 124 246 377 347 170 105 109 348 443 280 95 15 275 294 156 251 282 229 357 250 408 83 300 300 123 214 298 317 272 226 121 363 241 199 319 347 232 88 111 387 201 128 194 243 153 86 284 311 168 190 222 181 198 137 225 257 314 283 398 159 205 355 34 179 127 149 160 168 222 260 149 59 46 253 312 239 216 265 387 272 78 190 141 128 234 37 216
 21 74 243 164 331 178 231 100 320 100 143 110 166 264 52 237 67 211 241 167 213 308 251 294 159 322 149 186 243 243 169 206 302 53 1 120 187 84 108 145 199 114 341 39 166 75 65 319 238 273 244 76 135 81 238 181 252 328 189 298 124 134 230 115 193 268 121 143 256 188 204 173 233 156 205 328 298 122 112 75 326 392 268 58 40 239 273 143 214 267 190 317 205 356 118 249 251 103 168 248 272 233 181 124 311 193 164 270 309 183 56 149 338 156 155 199 192 104 95 236 299 118 196 176 166 175 105 176 237 263 263 346 137 153 322 50 133 176 116 162 172 201 208 120 53 66 207 260 193 164 231 340 240 39 144 143 150 221 50 181
 140 163 254 145 225 286 261 38 217 135 237 228 59 317 171 269 161 124 145 87 159 301 277 229 273 299 30 69 293 171 174 172 265 126 120 1 299 158 39 230 309 162 233 154 158 191 63 313 340 277 305 190 95 181 217 103 307 294 304 189 113 212 255 71 301 210 99 256 273 171 260 165 339 100 304 319 290 135 33 191 226 394 155 174 118 175 173 33 158 158 142 260 180 368 95 315 245 222 259 248 240 180 274 23 338 188 109 260 247 265 74 113 325 250 88 83 264 126 46 316 187 200 80 165 58 84 65 180 135 324 160 356 255 207 247 93 133 168 73 45 55 103 236 237 167 83 294 281 281 214 161 315 351 156 139 29 71 110 154 291
 168 203 261 334 478 23 226 269 462 195 85 94 331 203 140 225 196 351 385 314 322 329 242 395 31 361 325 359 197 363 236 297 367 218 187 299 1 222 293 105 16 177 489 149 331 144 250 336 71 288 174 150 317 121 302 322 191 383 18 451 299 122 232 263 21 366 301 44 260 268 170 336 55 339 60 346 323 216 297 113 465 379 429 130 212 351 416 314 324 423 302 403 287 336 299 166 290 99 85 279 337 336 76 308 277 256 292 308 403 108 226 329 361 78 340 381 132 209 280 129 457 122 377 256 331 327 258 239 387 185 411 333 69 163 430 233 232 339 263 342 353 353 219 70 161 250 98 256 92 171 351 380 55 149 239 325 335 384 184 16
 85 20 326 116 383 221 313 157 374 183 206 130 215 341 94 319 28 273 299 230 287 391 333 367 192 404 186 224 321 313 252 285 382 37 84 158 222 1 128 214 236 197 391 103 110 79 99 402 286 356 318 73 115 149 320 246 329 409 218 347 88 207 312 184 235 343 97 183 339 269 282 115 275 138 258 411 381 204 134 121 382 475 312 111 51 311 329 189 288 315 265 393 285 439 97 322 334 124 231 331 352 308 241 151 392 275 235 353 383 252 125 120 421 217 145 220 265 187 116 303 343 191 217 257 214 234 173 259 291 337 317 429 157 233 392 69 214 118 186 189 196 257 290 154 66 77 270 343 256 244 301 422 275 98 225 171 149 267 44 223
 128 135 282 108 258 283 284 63 252 152 241 215 96 336 159 292 135 162 182 124 195 332 302 266 266 333 61 98 312 209 200 206 301 99 108 39 293 128 1 237 305 177 266 146 121 173 44 344 341 306 321 171 59 180 250 140 325 330 296 222 76 221 280 100 298 247 62 250 299 202 277 128 338 69 307 351 322 158 7 182 260 425 186 165 95 212 209 70 195 191 177 298 212 397 58 330 276 209 264 278 275 216 279 24 364 217 144 292 285 274 78 77 358 254 60 96 276 145 15 326 217 207 92 195 94 122 92 207 171 340 195 385 244 223 284 69 158 131 102 62 70 140 259 228 149 55 301 307 287 231 198 349 347 146 166 44 47 143 132 288
 134 197 161 308 382 83 130 195 365 104 22 121 249 132 122 131 189 257 290 224 221 231 149 291 99 261 252 280 116 263 133 195 263 194 145 230 105 214 237 1 107 80 394 113 310 149 198 240 116 190 106 157 276 67 198 230 119 281 120 358 268 21 135 179 94 263 264 84 163 166 80 316 121 296 80 250 224 121 238 99 367 293 340 105 182 250 320 238 224 332 202 299 184 251 261 108 188 122 31 178 234 233 47 245 196 153 197 206 299 39 161 292 263 28 292 311 52 117 226 92 367 31 308 154 249 239 177 135 295 124 318 246 121 59 327 193 135 320 178 273 284 263 118 97 152 208 65 162 51 67 251 279 142 118 140 258 283 298 171 91
 180 217 259 348 484 26 223 278 468 202 88 108 340 196 153 222 210 357 391 321 326 327 239 397 45 360 335 368 191 367 239 301 367 232 199 309 16 236 305 107 1 182 496 161 345 158 262 334 57 286 167 165 330 130 303 329 185 383 29 458 312 126 230 272 14 369 314 57 257 272 167 350 41 352 51 343 321 222 308 126 471 373 437 142 225 356 422 324 329 430 307 405 290 330 312 159 289 114 84 278 338 339 73 319 271 259 298 307 405 105 236 342 358 80 352 391 129 215 292 120 465 127 388 260 340 335 267 241 394 177 418 328 84 165 433 246 237 353 271 353 363 360 218 84 175 263 91 253 87 171 356 378 43 161 244 336 348 392 198 20
 115 184 131 266 304 157 118 125 287 28 96 155 172 160 123 124 176 177 211 145 146 198 137 222 162 218 180 205 137 187 68 124 208 166 114 162 177 197 177 80 182 1 315 102 272 158 146 209 195 161 145 163 226 75 141 150 149 231 189 279 225 60 116 103 170 194 218 144 143 97 100 279 200 243 159 218 189 41 177 115 290 279 261 109 152 176 241 164 149 252 126 236 117 243 214 155 144 152 110 139 177 161 126 180 198 92 118 164 233 109 102 244 230 107 236 239 104 40 169 156 287 56 236 84 173 160 102 73 216 164 239 233 169 47 256 152 56 283 101 203 213 183 95 143 147 163 139 147 127 55 175 237 219 109 63 190 223 219 158 164
 359 394 308 350 13 471 340 242 33 295 410 442 178 410 388 348 392 139 105 179 180 300 343 150 470 270 206 169 390 139 270 212 223 358 341 233 489 391 266 394 496 315 1 366 367 415 294 308 507 308 416 416 306 373 239 168 408 242 499 45 333 374 330 232 484 165 318 452 326 240 375 372 514 296 472 308 293 275 260 400 37 380 82 385 349 155 75 203 177 77 194 177 227 379 316 431 275 436 422 287 227 176 438 243 385 260 198 275 161 415 286 318 303 420 281 191 401 282 277 451 54 369 193 248 178 168 240 271 105 429 80 365 465 343 125 325 260 374 232 208 204 142 324 441 392 315 445 337 436 342 148 272 533 370 255 225 266 125 383 477
 22 87 232 198 356 140 214 129 343 98 108 77 195 239 24 219 79 232 264 189 224 300 234 305 121 318 182 218 219 259 166 212 304 82 39 154 149 103 146 113 161 102 366 1 199 58 103 311 200 262 216 63 172 48 238 202 227 329 152 324 159 105 215 136 155 278 158 105 242 190 180 205 195 194 168 320 290 122 149 38 349 379 297 21 71 252 296 174 226 294 201 325 208 341 155 220 245 71 133 240 273 243 145 161 292 190 179 265 319 151 84 186 331 120 193 235 163 106 132 203 327 89 232 177 195 200 127 172 262 235 288 332 103 133 336 87 136 208 136 197 207 226 193 84 46 104 172 245 158 144 246 337 202 7 147 179 188 250 60 143
 178 129 391 18 361 329 387 181 359 251 306 239 212 428 197 395 136 280 296 244 316 448 406 386 301 452 175 204 406 328 311 325 420 118 166 158 331 110 121 310 345 272 367 199 1 188 131 460 393 418 409 182 65 245 367 260 416 449 327 324 50 299 384 217 342 367 61 290 407 318 368 8 383 72 363 467 437 264 126 225 368 538 286 212 129 332 320 188 315 295 297 418 330 507 66 414 390 233 331 391 394 336 343 139 468 331 264 407 405 348 175 50 475 318 87 177 357 248 119 401 315 283 175 309 211 241 207 318 283 428 305 496 267 315 402 121 268 12 219 163 165 257 363 262 171 110 370 414 356 325 318 468 384 195 278 151 103 250 148 330
 58 60 285 192 405 144 265 174 393 155 137 52 239 280 36 269 53 284 314 240 281 355 285 362 114 375 220 258 263 314 222 269 361 81 75 191 144 79 173 149 158 158 415 58 188 1 131 365 209 316 255 8 181 91 295 254 268 386 140 372 159 148 266 188 157 335 164 105 294 247 225 193 197 204 182 375 345 179 177 52 399 430 342 50 79 308 346 216 282 341 257 382 266 391 162 256 301 46 161 295 330 300 168 192 340 247 234 321 376 184 129 190 386 147 208 267 200 163 158 232 373 133 263 234 239 249 178 228 311 272 337 384 80 182 391 105 193 196 188 231 240 275 245 76 25 121 198 297 185 194 301 393 197 52 204 212 207 295 44 145
 85 101 262 122 285 241 259 61 277 123 200 172 118 305 115 267 99 176 201 133 196 319 278 273 223 325 92 130 282 217 181 200 297 65 65 63 250 99 44 198 262 146 294 103 131 131 1 331 299 289 288 130 81 139 240 150 294 325 253 250 82 183 256 93 256 251 73 207 278 190 245 138 295 99 265 338 308 135 48 139 284 409 217 122 56 217 231 92 196 219 175 302 203 378 69 296 261 166 224 261 269 217 238 62 340 201 143 279 291 236 46 99 347 213 95 137 240 119 31 289 248 169 134 180 117 136 82 188 194 307 219 366 200 191 296 31 139 141 95 101 110 159 234 184 107 26 262 285 248 200 206 342 304 103 149 82 87 171 93 245
 322 391 81 449 298 314 112 282 278 220 261 354 281 155 331 113 383 228 245 238 168 13 96 160 337 44 312 311 148 188 152 144 87 369 319 313 336 402 344 240 334 209 308 311 460 365 331 1 310 51 178 371 402 278 98 227 161 76 353 297 411 230 106 245 320 148 400 323 78 143 168 467 328 411 288 11 24 200 341 319 273 84 307 316 354 173 256 293 170 290 176 137 134 71 396 192 71 352 253 72 87 154 262 335 93 130 207 53 150 230 288 421 25 262 399 358 206 217 343 230 316 240 356 152 283 251 254 145 261 179 266 57 359 188 189 348 193 470 243 335 342 254 124 334 356 354 247 82 248 177 188 54 354 317 183 333 383 291 365 321
 221 267 242 395 495 66 204 306 478 219 104 160 363 161 197 201 259 370 404 338 331 305 216 395 98 341 364 393 163 373 241 302 355 277 238 340 71 286 341 116 57 195 507 200 393 209 299 310 1 266 134 215 372 162 296 344 152 367 84 472 357 136 212 293 54 368 357 104 236 273 149 398 23 393 37 320 300 235 343 169 479 339 455 184 269 360 433 350 334 446 314 398 290 296 354 122 276 165 86 264 328 341 70 352 237 256 311 291 401 94 267 385 334 91 392 422 113 232 329 82 481 144 418 263 363 353 290 241 409 139 432 296 138 165 432 287 249 401 292 383 394 377 205 133 223 303 67 230 73 168 362 358 49 202 253 367 385 412 245 66
 275 344 32 409 297 266 64 244 277 174 211 304 253 119 282 66 336 209 231 209 147 42 51 164 288 76 281 285 107 177 108 117 100 323 273 277 288 356 306 190 286 161 308 262 418 316 289 51 266 1 137 322 363 228 74 201 122 104 305 290 370 180 57 208 273 145 360 273 31 107 120 425 282 374 241 61 36 156 304 270 273 121 294 267 309 160 247 261 150 278 149 151 104 92 355 152 37 302 205 30 84 139 214 299 78 90 176 35 160 182 245 382 74 213 363 330 159 173 303 188 307 190 328 113 254 224 216 101 245 142 255 79 309 138 198 304 151 429 206 304 312 232 74 284 307 311 201 38 201 127 173 94 309 269 142 300 347 271 318 273
 236 302 119 405 404 153 81 268 385 171 120 223 307 30 227 75 293 290 321 271 238 174 87 286 184 212 321 340 32 278 152 204 233 295 244 305 174 318 321 106 167 145 416 216 409 255 288 178 134 137 1 262 368 170 184 270 19 241 191 388 364 112 91 241 155 261 358 175 108 178 47 415 153 386 118 188 171 173 321 204 384 207 380 210 282 262 346 303 241 368 227 281 190 164 355 17 155 224 101 142 210 241 101 324 105 157 237 167 287 74 245 385 202 114 379 379 55 180 312 53 401 128 376 173 307 287 243 149 331 20 349 163 217 99 322 289 181 419 239 344 354 305 93 197 257 302 77 100 84 92 269 228 180 221 179 333 367 345 275 160
 60 54 291 187 406 151 271 175 395 159 144 58 240 287 41 276 48 286 316 242 284 360 291 365 120 380 220 258 270 316 228 273 366 77 76 190 150 73 171 157 165 163 416 63 182 8 130 371 215 322 262 1 177 97 300 256 275 391 146 373 155 155 272 190 163 338 160 112 301 251 232 187 204 200 189 380 351 184 176 59 401 437 342 56 77 311 348 216 285 341 261 386 270 398 158 263 306 52 168 301 335 303 176 191 346 252 236 326 379 191 131 186 392 154 204 265 208 167 157 239 373 140 262 239 240 250 180 233 312 279 338 390 85 189 394 103 197 190 190 230 239 276 251 83 25 118 205 303 192 200 304 399 203 57 208 211 204 295 41 151
 152 129 338 51 300 310 338 121 296 202 276 230 148 385 178 346 133 216 232 181 253 390 356 322 288 392 110 141 362 264 256 264 359 101 135 95 317 115 59 276 330 226 306 172 65 181 81 402 372 363 368 177 1 214 308 197 374 388 317 263 31 263 334 158 325 304 19 274 355 260 325 72 366 24 339 409 379 212 63 205 306 482 225 189 106 268 257 124 252 233 235 354 271 453 20 376 333 223 301 335 333 274 314 75 418 274 202 350 341 315 125 19 416 289 32 119 320 197 61 367 255 247 117 252 146 177 149 263 220 387 242 441 259 271 338 86 214 75 160 100 103 192 313 248 159 70 340 362 325 280 255 408 371 171 223 87 42 187 137 313
 68 132 197 243 362 107 175 149 347 83 63 81 211 194 59 179 124 235 269 196 216 267 195 294 99 290 206 239 175 254 142 197 282 128 81 181 121 149 180 67 130 75 373 48 245 91 139 278 162 228 170 97 214 1 215 206 181 304 128 334 203 60 177 145 121 266 201 80 205 171 136 251 159 235 127 287 259 108 183 42 352 341 310 42 117 245 300 195 218 305 193 309 190 302 198 174 216 78 88 209 251 232 101 192 250 166 178 235 305 105 108 229 300 76 232 263 116 95 168 157 339 44 259 158 211 209 139 147 270 188 295 294 97 93 327 130 123 254 144 224 235 235 156 71 88 145 127 207 113 104 242 309 171 52 133 208 225 265 106 112
 245 311 70 356 228 280 104 188 208 142 219 295 185 174 261 112 304 136 158 141 74 86 105 103 294 86 216 216 155 104 74 47 68 285 238 217 302 320 250 198 303 141 239 238 367 295 240 98 296 74 184 300 308 215 1 131 173 92 317 218 319 182 94 151 290 78 307 277 88 52 150 374 309 316 266 103 75 118 246 255 205 180 221 248 271 88 175 197 77 205 80 103 38 160 303 199 38 292 221 49 37 66 234 239 150 50 110 46 106 204 200 326 109 225 304 262 184 135 249 227 235 187 260 64 186 155 161 69 172 194 183 146 307 140 140 260 107 378 149 239 246 160 94 281 281 264 230 99 226 133 100 103 333 244 96 237 287 199 287 288
 197 245 185 247 157 304 205 90 143 128 244 277 56 273 224 214 240 31 64 17 62 215 216 127 303 206 92 86 249 69 119 85 167 210 181 103 322 246 140 230 329 150 168 202 260 254 150 227 344 201 270 256 197 206 131 1 266 196 332 130 215 210 197 67 318 108 201 285 205 99 226 267 350 199 309 231 205 110 135 234 148 310 113 220 198 73 96 74 60 103 53 158 98 290 197 284 165 271 259 172 146 80 275 123 273 121 35 176 145 255 127 214 235 256 185 132 245 115 145 297 138 204 130 100 58 25 77 123 66 286 90 276 299 184 147 178 97 270 67 112 118 36 183 274 233 174 285 216 275 186 59 220 368 207 94 115 168 76 228 311
 245 313 106 412 396 171 70 270 376 175 135 238 305 14 239 62 304 285 315 268 230 158 73 274 201 196 322 339 19 269 148 197 219 304 252 307 191 329 325 119 185 149 408 227 416 268 294 161 152 122 19 275 374 181 173 266 1 225 209 381 371 123 79 241 173 250 365 192 93 172 50 423 171 391 136 171 155 174 325 217 375 190 375 222 291 254 339 303 233 362 221 268 182 146 361 32 143 239 116 129 198 232 118 326 87 150 234 153 274 90 250 391 185 130 384 379 69 183 317 71 395 138 376 168 306 284 244 144 325 23 342 145 233 104 311 297 180 427 239 345 355 301 86 212 268 309 95 84 101 95 262 212 198 232 177 335 371 341 286 177
 336 401 126 437 232 361 164 270 213 232 302 384 251 222 351 168 394 188 196 211 136 73 154 96 379 34 287 277 210 141 164 127 30 374 328 294 383 409 330 281 383 231 242 329 449 386 325 76 367 104 241 391 388 304 92 196 225 1 399 238 401 267 156 234 369 96 389 362 134 142 219 456 383 393 341 72 73 209 325 345 206 139 254 338 359 129 199 269 138 236 153 66 125 142 385 256 94 381 300 105 58 117 311 316 167 140 186 77 82 280 287 406 64 306 379 323 257 226 331 290 257 273 322 154 253 220 245 159 213 245 212 129 394 224 119 347 197 459 232 307 312 216 166 368 372 350 302 142 300 215 145 31 408 335 185 310 362 248 378 368
 170 199 277 332 488 40 242 275 473 206 99 89 338 220 140 242 192 361 395 323 334 346 259 408 32 377 331 365 214 375 250 310 382 217 189 304 18 218 296 120 29 189 499 152 327 140 253 353 84 305 191 146 317 128 317 332 209 399 1 460 297 136 249 272 38 380 300 49 276 282 187 332 66 339 77 363 339 228 300 115 476 396 437 132 212 364 426 321 337 432 314 418 301 353 298 184 306 96 101 295 352 349 93 311 295 271 302 324 417 125 231 328 377 94 341 385 149 219 283 146 466 135 382 270 338 336 266 253 397 202 421 351 62 178 443 234 243 335 271 347 357 362 235 70 159 251 115 273 109 186 363 396 58 151 251 329 337 392 182 33
 316 350 286 308 38 433 315 199 40 257 373 400 134 385 346 323 348 102 69 139 152 288 320 142 431 262 162 125 363 115 239 185 215 314 298 189 451 347 222 358 458 279 45 324 324 372 250 297 472 290 388 373 263 334 218 130 381 238 460 1 290 338 305 191 447 150 275 413 305 211 346 330 478 254 437 298 280 238 216 358 50 374 39 343 305 131 44 159 149 33 163 175 200 367 272 402 255 395 387 267 212 153 403 199 367 232 162 258 158 382 244 275 295 384 238 150 369 244 233 421 21 332 151 217 135 126 199 241 65 402 41 353 424 310 128 281 224 332 191 164 161 100 296 401 349 271 412 316 402 310 121 267 497 328 220 181 223 81 339 439
 138 104 343 42 326 294 339 133 322 203 265 210 169 382 161 347 109 237 255 199 268 399 358 341 269 403 133 166 360 283 262 276 373 82 124 113 299 88 76 268 312 225 333 159 50 159 82 411 357 370 364 155 31 203 319 215 371 401 297 290 1 255 336 169 308 321 16 257 359 269 322 57 349 51 325 418 388 215 81 189 331 490 252 174 89 286 281 144 268 259 249 372 281 459 19 370 341 203 290 342 346 289 303 96 420 282 216 359 359 306 127 32 426 278 61 148 313 200 72 359 282 240 145 260 168 196 159 269 243 383 266 447 238 268 359 76 220 60 171 126 130 214 315 230 139 63 329 366 315 278 273 420 353 156 229 111 71 212 117 297
 125 191 150 296 362 101 122 177 345 85 39 126 229 135 118 125 182 237 270 204 202 221 141 273 113 248 234 261 116 243 115 176 248 184 134 212 122 207 221 21 126 60 374 105 299 148 183 230 136 180 112 155 263 60 182 210 123 267 136 338 255 1 125 160 113 245 251 97 154 147 78 306 141 282 100 240 213 101 222 97 348 287 320 101 172 231 300 219 205 312 183 283 166 247 248 116 174 125 50 165 218 215 67 228 193 135 177 193 282 54 144 279 253 48 277 293 59 98 210 106 347 17 289 135 230 219 158 117 275 130 298 240 131 44 309 181 115 309 158 255 265 243 107 105 147 195 83 154 70 54 232 267 161 110 121 241 267 278 164 108
 229 299 31 377 318 210 11 219 299 135 155 250 242 82 233 19 291 212 240 201 155 98 23 196 232 131 264 276 62 192 83 121 145 282 230 255 232 312 280 135 230 116 330 215 384 266 256 106 212 57 91 272 334 177 94 197 79 156 249 305 336 125 1 186 217 172 328 218 30 99 65 391 228 347 186 116 92 123 278 218 297 165 302 217 268 176 263 245 158 288 148 191 107 127 324 106 66 249 149 53 121 155 158 276 85 77 166 80 197 126 211 352 130 157 338 319 103 137 274 137 320 137 316 98 243 217 191 77 252 101 267 119 254 85 232 266 124 395 183 288 297 231 23 229 260 275 147 32 146 74 185 149 254 221 117 281 323 271 272 217
 131 181 184 206 221 247 192 38 208 76 191 211 71 250 158 200 176 97 129 54 105 233 207 183 242 235 81 103 226 130 104 109 205 148 115 71 263 184 100 179 272 103 232 136 217 188 93 245 293 208 241 190 158 145 151 67 241 234 272 191 169 160 186 1 261 160 157 224 203 103 195 224 296 167 257 252 223 69 97 169 214 326 167 154 135 128 161 63 105 161 83 210 114 299 153 252 177 206 209 179 178 126 225 92 269 119 52 193 200 210 62 176 259 203 156 139 205 64 99 258 196 150 136 96 71 66 12 111 127 259 153 286 234 145 209 118 64 228 3 105 114 92 167 211 167 118 240 211 228 150 118 252 312 141 70 96 140 121 163 253
