NAME : domp300p100v6
COMMENT : (Deleplanque et al.) 
TYPE : DOMP
DIMENSION : 300
DISPLAY_DATA_TYPE: NO_DISPLAY
OPEN_FACILITIES : 100
COST_SECTION
 1 155 60 318 191 161 247 265 191 83 280 285 96 224 276 273 160 74 318 202 83 376 167 251 86 343 34 51 37 296 167 244 56 361 58 224 123 339 179 87 155 177 66 137 130 289 105 47 168 199 253 213 280 58 56 53 322 384 270 143 382 312 384 124 14 108 171 153 128 284 239 192 277 223 304 331 99 378 89 224 209 117 58 76 183 222 78 196 91 113 319 260 246 46 67 108 216 294 222 170 115 188 291 61 83 328 142 242 66 298 196 212 352 142 116 265 168 224 273 54 9 295 311 311 185 249 72 245 53 169 121 297 320 10 187 184 60 71 294 276 130 283 201 134 383 210 203 58 121 92 359 276 216 326 296 405 65 107 113 273 61 52 55 80 79 246 329 19 223 99 149 161 119 175 75 231 100 293 148 110 42 261 173 256 56 168 386 184 143 252 321 172 252 234 283 300 91 197 144 319 127 124 222 228 277 28 95 215 179 250 339 237 220 174 372 169 217 274 41 152 322 223 162 198 264 316 206 293 48 285 205 132 148 335 102 264 179 184 147 150 193 106 211 102 51 84 56 91 150 235 292 176 123 26 125 231 85 77 160 364 408 144 196 28 66 401 254 75 120 154 249 87 265 100 221 42 199 397 380 388 252 155 49 99 86 161 350 322 253 188 260 125 209 279 154 164 121 254 119 319
 155 1 97 370 288 79 268 153 134 221 218 149 122 313 294 144 64 172 278 177 196 291 192 115 232 394 122 116 188 165 205 91 170 257 114 191 196 226 59 95 27 98 131 68 202 160 199 109 289 198 185 68 141 100 143 123 335 301 117 217 285 252 302 95 147 262 44 42 94 306 94 44 226 83 169 295 252 278 240 157 250 219 107 87 81 77 148 77 245 177 302 106 145 189 220 254 247 339 68 114 226 276 177 193 231 197 271 92 90 269 71 85 294 20 174 346 138 107 201 198 148 309 193 378 244 114 226 98 102 232 84 352 371 146 45 158 137 207 196 240 68 195 48 145 284 96 124 118 81 163 261 123 247 309 352 313 198 169 259 119 213 181 101 149 232 96 353 161 100 58 43 154 267 22 139 78 168 291 63 101 165 210 291 104 101 131 287 94 30 135 379 85 217 101 250 216 82 281 235 360 94 51 178 310 217 155 162 66 49 96 248 85 304 84 277 17 211 245 136 281 350 202 285 233 114 226 64 147 112 139 234 112 57 304 118 125 30 261 67 213 151 256 187 253 135 235 133 195 88 88 353 23 264 157 170 99 71 230 50 284 304 19 196 146 132 301 132 209 41 248 98 112 185 204 142 134 92 308 306 284 299 17 130 64 240 41 304 354 229 157 280 63 77 143 66 10 52 202 273 253
 60 97 1 319 211 122 232 210 145 126 237 226 65 241 261 226 103 87 283 166 108 329 149 192 144 344 28 43 93 238 155 187 93 309 48 188 125 285 120 39 102 124 71 97 132 231 118 22 201 172 207 159 230 5 55 53 306 337 212 148 332 271 338 96 56 167 120 104 79 271 186 133 237 164 246 297 159 327 148 177 201 137 39 19 141 162 70 138 149 108 292 202 192 93 126 159 204 291 164 121 141 203 236 99 142 270 180 187 10 266 137 153 312 87 108 279 128 180 227 110 55 279 255 319 184 190 131 185 17 169 69 299 321 52 127 147 71 113 242 241 90 233 143 104 332 153 152 31 68 88 308 218 204 299 298 356 104 100 170 215 120 87 20 72 138 186 318 71 165 40 100 128 171 118 83 173 96 271 91 65 71 221 205 200 6 125 336 146 91 195 325 117 216 185 249 251 36 210 158 315 78 65 182 241 235 59 89 160 128 191 289 178 234 134 322 111 190 241 58 190 313 190 197 187 204 266 147 233 33 226 192 89 90 304 90 204 120 193 91 149 151 165 177 161 64 143 46 110 116 175 297 118 170 71 111 172 27 136 112 318 356 89 169 61 71 350 197 115 60 171 194 74 217 120 171 57 142 349 336 336 249 100 58 39 145 102 314 314 221 150 246 83 159 220 97 106 62 213 177 276
 318 370 319 1 146 432 109 324 255 259 238 378 259 115 94 510 314 246 197 207 238 304 179 367 360 26 317 352 301 372 167 435 372 338 360 205 198 348 332 291 391 287 378 408 190 364 214 332 195 178 250 432 501 316 272 359 89 303 439 176 333 236 301 413 329 330 411 401 276 82 454 370 219 364 387 190 336 337 343 255 121 205 353 312 444 373 251 330 312 212 151 440 303 284 323 273 123 32 406 265 212 138 334 265 355 385 221 445 327 177 337 342 238 375 212 81 237 475 256 350 323 92 348 38 136 362 313 387 331 152 288 23 5 316 359 221 373 264 306 192 402 282 390 227 337 323 277 290 291 233 324 440 123 151 24 330 262 220 373 448 334 270 335 249 318 398 64 335 336 334 400 217 277 386 389 405 226 124 310 273 277 222 188 447 320 245 339 453 385 331 17 299 197 468 186 279 303 129 177 27 276 321 223 102 234 292 232 426 417 421 301 401 111 441 323 371 170 180 354 215 56 189 200 138 406 292 364 408 342 404 136 259 315 180 406 377 369 136 305 171 234 354 199 349 364 344 278 229 430 385 32 379 253 343 210 353 333 331 411 288 360 377 179 344 377 348 340 259 338 169 448 390 271 220 273 354 314 323 284 350 72 383 360 322 320 337 215 48 178 223 100 394 445 376 309 374 321 224 317 247
 191 288 211 146 1 332 136 307 217 119 256 352 167 35 155 430 249 126 252 183 109 350 124 329 218 168 200 234 166 354 107 371 240 364 242 197 94 359 272 196 304 236 255 307 88 345 94 218 52 154 249 355 428 208 157 239 190 353 386 74 371 274 353 304 203 185 324 310 202 154 381 305 241 315 367 255 192 371 200 236 96 76 237 211 350 320 144 278 168 113 224 381 283 150 181 128 112 133 342 214 77 21 327 132 213 377 76 377 220 226 283 294 297 287 116 77 188 387 265 213 197 170 345 128 71 325 171 340 219 71 209 124 149 192 295 184 249 127 310 222 300 288 323 155 374 279 242 182 211 127 354 388 112 229 123 380 128 121 229 393 194 140 223 143 175 348 182 205 295 239 307 164 132 309 265 346 122 189 240 190 151 234 45 384 210 195 377 356 294 305 143 243 210 387 222 295 209 25 55 157 201 239 210 45 252 167 128 353 331 365 329 346 36 344 359 296 163 212 230 71 173 183 56 106 361 311 307 376 226 370 114 187 245 251 289 342 298 42 236 82 201 210 183 205 240 202 167 104 326 334 115 304 108 214 123 310 232 189 319 334 400 289 152 218 255 389 313 122 250 42 382 273 270 94 248 231 268 372 340 384 103 298 238 229 177 267 282 169 197 189 142 293 362 349 242 295 237 231 172 284
 161 79 122 432 332 1 335 228 210 241 296 214 174 361 362 116 141 207 355 249 228 368 255 182 218 457 138 112 197 233 265 119 149 331 105 266 244 299 137 142 53 175 108 26 251 229 239 120 321 267 263 79 128 125 176 112 405 377 152 266 360 330 379 44 150 258 43 38 160 374 99 113 303 152 233 372 246 352 232 234 311 258 104 123 25 143 190 154 246 226 377 138 222 205 219 268 311 402 115 188 261 323 251 215 218 263 298 109 113 345 148 159 372 65 225 398 210 65 279 187 154 379 265 435 300 183 228 159 116 285 147 413 433 155 119 230 116 228 272 317 33 273 104 206 359 173 202 151 145 207 336 160 311 384 412 389 220 217 241 149 207 204 113 191 232 151 422 159 175 98 37 222 279 78 109 127 214 363 137 160 188 287 325 128 123 203 362 25 53 209 439 162 293 83 326 293 129 330 278 425 160 115 254 360 295 174 208 87 47 138 324 138 353 14 352 89 282 321 127 309 418 275 316 295 168 303 134 204 115 196 298 177 132 381 76 190 102 312 141 266 225 245 261 243 120 226 166 231 18 149 412 88 283 151 224 170 101 225 31 361 378 63 265 141 109 375 205 231 97 291 116 82 263 240 220 125 170 383 383 358 360 63 118 110 239 119 382 420 304 230 348 40 62 209 142 82 115 279 273 331
 247 268 232 109 136 335 1 217 147 211 138 270 169 127 30 406 209 176 118 99 178 222 85 258 309 132 237 271 241 266 81 328 302 245 277 97 128 249 226 199 291 181 298 313 122 257 152 249 183 71 145 327 395 230 194 279 76 224 331 114 247 147 222 323 256 291 311 303 176 40 349 264 120 256 280 120 294 248 296 147 46 153 269 221 345 266 171 223 270 135 89 332 196 224 271 238 33 78 299 159 166 117 229 206 304 281 198 339 239 93 229 234 163 275 132 128 131 374 154 290 250 49 244 130 77 253 265 279 246 90 189 98 109 243 253 114 295 211 203 96 308 180 284 131 249 215 169 206 192 156 233 332 33 95 98 251 205 141 328 341 280 207 250 169 271 290 88 265 228 240 302 115 247 283 310 298 148 55 206 177 208 119 178 340 234 140 253 356 286 223 122 193 93 364 93 180 210 112 130 94 177 222 115 111 134 220 153 321 316 314 209 293 114 344 235 268 62 84 277 197 84 81 186 50 298 195 257 301 260 296 43 159 212 116 322 269 264 100 202 102 126 311 91 306 286 295 198 168 335 277 104 275 224 272 124 245 241 282 312 205 275 277 73 270 298 264 233 206 239 130 342 305 166 163 165 277 207 243 208 261 51 282 281 227 276 233 147 87 75 116 14 300 342 268 205 271 222 120 284 158
 265 153 210 324 307 228 217 1 92 297 99 55 180 318 231 239 109 239 163 127 260 142 184 59 351 344 234 247 288 50 201 151 301 105 248 121 228 76 98 179 177 90 270 220 230 41 246 230 332 159 76 173 218 210 225 256 258 151 137 239 133 124 153 246 264 364 187 192 140 244 182 116 116 80 64 180 359 125 351 73 227 265 239 192 222 91 212 78 343 213 204 145 25 280 326 335 215 293 130 104 277 288 27 273 347 72 327 167 208 167 83 70 161 171 208 336 123 229 77 318 262 240 47 346 241 55 327 88 223 237 145 314 323 256 110 124 273 287 46 141 220 56 129 163 132 60 70 210 145 216 109 134 215 209 314 162 277 209 377 148 324 264 225 211 335 101 284 279 54 180 195 146 348 151 280 122 214 210 120 159 252 106 331 158 215 117 135 237 182 20 338 94 129 206 150 74 175 289 264 305 141 148 104 307 101 251 212 163 186 128 98 111 305 229 125 140 159 152 265 333 285 138 330 211 98 79 96 88 238 86 206 143 122 193 267 62 128 268 120 228 107 369 131 364 268 346 217 253 239 93 320 141 335 279 195 61 193 337 198 137 153 171 160 270 270 148 27 286 162 274 165 257 58 258 60 264 69 156 160 132 264 168 263 174 342 119 179 291 148 119 225 215 196 55 113 148 151 103 369 120
 191 134 145 255 217 210 147 92 1 210 94 136 98 230 169 263 71 152 147 49 172 186 95 117 275 278 164 187 208 138 112 183 236 173 190 59 137 156 83 108 159 37 213 192 139 129 156 166 240 79 64 185 250 144 143 196 206 194 186 148 193 128 195 211 193 282 177 173 66 181 205 121 96 110 151 163 278 188 272 34 145 174 180 127 214 120 127 77 260 123 170 186 68 197 246 247 136 223 154 25 187 199 115 188 271 163 236 194 146 137 84 88 170 146 117 253 32 236 84 244 189 182 134 271 153 112 245 134 160 148 78 241 255 183 109 36 214 201 108 108 189 93 140 73 193 69 26 135 79 128 169 186 136 176 241 214 191 119 300 195 246 180 163 126 253 145 227 207 84 129 174 55 260 144 225 152 125 160 73 83 170 80 240 194 149 27 197 226 158 89 266 51 84 222 118 110 110 201 173 240 68 99 45 221 92 172 124 178 180 168 148 147 218 216 182 129 86 113 201 242 226 71 239 127 154 126 111 162 176 157 124 61 79 172 222 128 123 179 70 137 22 290 58 285 207 268 138 164 215 131 245 135 246 210 105 100 138 258 182 174 219 147 78 202 214 211 97 199 118 183 196 209 75 168 35 200 61 207 192 199 188 150 202 118 260 94 175 230 97 33 158 182 203 133 69 134 101 72 284 133
 83 221 126 259 119 241 211 297 210 1 284 329 119 153 238 351 206 60 306 201 40 384 147 298 103 282 105 132 51 337 139 311 125 381 140 222 89 365 228 132 227 210 148 217 93 328 63 123 87 185 264 285 355 123 80 135 282 390 333 98 397 312 390 205 96 82 245 228 162 243 311 251 275 274 347 315 84 394 87 240 167 59 138 135 263 276 86 242 60 93 295 325 275 38 65 39 179 239 285 194 48 122 322 29 98 366 60 312 134 283 243 259 346 212 99 195 181 303 284 95 91 257 342 245 137 295 56 299 127 123 161 237 261 88 243 189 140 15 317 267 209 300 264 139 398 251 229 104 162 83 375 338 179 301 236 414 24 94 118 337 77 40 130 87 62 303 282 93 266 164 225 163 52 242 155 293 87 263 194 143 57 263 93 324 123 184 402 265 216 289 258 210 246 310 272 314 143 131 85 265 160 179 227 161 281 69 88 285 253 312 352 296 152 254 385 233 202 261 122 70 274 215 81 163 319 330 261 344 128 336 172 156 196 316 184 311 240 125 192 111 203 101 207 96 132 87 90 50 231 290 229 241 44 102 112 278 152 74 237 370 425 214 182 109 147 416 293 13 182 91 318 170 281 51 243 124 239 406 382 406 200 225 131 159 66 215 339 272 241 195 222 203 285 324 199 229 176 257 78 321
 280 218 237 238 256 296 138 99 94 284 1 152 185 257 145 330 157 230 66 85 245 101 143 154 361 255 255 279 292 142 156 243 327 110 283 63 200 112 161 199 244 124 306 281 198 135 224 258 292 106 34 257 311 236 229 289 163 107 234 202 117 36 107 302 283 362 259 259 159 156 271 193 20 167 156 83 359 117 356 64 163 237 273 220 297 178 209 146 339 192 106 239 86 279 329 320 148 209 218 118 251 236 101 266 357 149 296 257 239 70 154 148 78 233 187 265 113 312 23 332 279 149 112 265 186 150 327 182 252 189 170 231 237 273 184 98 307 277 70 47 279 47 211 150 119 130 95 224 172 204 99 231 148 111 232 131 268 192 385 244 332 261 255 207 335 195 191 297 135 222 260 124 332 224 318 212 199 117 163 174 253 23 289 251 241 114 123 310 245 113 253 136 48 293 55 43 203 234 226 216 160 191 59 243 5 258 200 248 261 221 74 203 244 301 105 210 94 59 293 300 193 75 293 151 195 58 177 186 269 184 143 150 168 96 314 160 200 215 161 188 88 373 79 368 300 353 225 236 303 184 240 214 314 300 173 149 231 341 267 87 146 234 108 293 307 136 123 275 209 233 257 302 42 236 77 293 129 123 101 129 188 234 294 211 341 178 87 200 64 93 142 272 278 152 158 217 193 29 361 40
 285 149 226 378 352 214 270 55 136 329 152 1 211 365 286 200 126 271 215 178 294 176 230 36 369 398 252 258 312 20 247 115 312 127 257 174 268 92 107 202 168 121 277 212 271 21 284 244 372 210 130 146 177 228 252 265 312 186 93 282 158 174 188 241 281 389 172 182 168 298 148 106 170 67 21 232 382 149 372 124 277 303 249 209 203 73 244 90 368 252 258 104 76 307 349 366 266 347 103 141 315 334 57 303 366 50 365 131 222 221 90 73 208 168 247 386 165 200 130 335 280 294 60 399 288 37 351 57 237 283 170 367 377 276 106 171 282 317 90 196 214 108 111 202 156 79 112 233 169 250 137 88 266 263 368 189 307 246 395 104 344 293 238 243 359 67 338 296 64 191 185 190 379 139 285 92 250 265 138 187 279 161 372 118 231 158 158 218 176 49 391 119 183 174 204 122 195 336 306 359 169 161 156 356 154 275 247 136 169 90 135 80 353 213 154 134 211 206 277 372 339 191 371 260 56 122 86 34 250 34 256 176 137 245 266 26 120 315 140 271 154 390 183 386 278 367 243 288 228 67 373 131 369 295 235 55 205 360 186 175 170 167 210 284 277 170 40 317 170 317 128 260 112 294 109 275 91 185 199 152 317 160 273 188 366 126 228 345 202 166 279 210 170 7 132 142 165 157 396 169
 96 122 65 259 167 174 169 180 98 119 185 211 1 192 198 265 90 61 224 107 84 282 85 181 178 285 75 105 111 219 93 207 146 270 111 130 75 251 113 33 139 93 133 150 81 210 80 83 171 109 158 189 262 62 46 114 243 289 224 96 290 217 289 156 101 186 159 147 44 208 215 142 181 159 229 237 181 285 175 130 140 100 102 54 189 162 34 125 164 55 230 218 159 101 149 157 141 230 179 79 110 154 206 94 175 248 158 211 71 206 127 142 256 122 53 227 73 223 179 149 96 216 226 262 127 177 149 184 79 113 45 240 261 89 132 89 132 108 204 182 144 190 158 41 290 133 114 42 48 44 266 228 141 237 240 310 98 47 203 230 150 85 83 33 157 190 255 114 148 77 145 67 170 143 145 184 47 207 79 26 73 166 173 220 67 73 294 197 130 171 266 92 158 221 190 206 46 160 113 254 43 73 127 190 182 75 42 187 166 203 245 185 183 185 278 130 127 181 115 166 250 130 168 124 205 222 148 227 94 220 129 39 83 243 154 194 134 141 76 94 98 193 117 188 123 171 42 80 171 176 239 138 159 118 51 160 75 161 157 269 316 124 106 112 133 308 175 107 85 126 217 138 172 87 130 114 121 303 285 296 188 133 118 65 163 104 256 252 161 93 182 136 197 206 83 129 71 159 189 223
 224 313 241 115 35 361 127 318 230 153 257 365 192 1 139 456 269 157 244 191 142 347 137 345 252 136 232 266 200 366 120 393 274 365 273 202 119 364 292 222 330 253 288 336 112 357 124 249 81 160 254 380 452 237 188 271 170 349 405 97 370 271 348 335 236 218 350 337 224 136 405 327 240 333 379 245 225 371 234 246 95 108 269 239 378 339 172 296 202 138 211 402 294 184 216 161 110 106 364 230 111 39 335 166 247 387 108 400 249 219 301 312 289 313 140 43 203 414 268 247 230 153 353 94 78 340 205 358 249 86 232 94 118 224 316 196 282 161 315 219 329 293 345 175 373 295 255 211 235 155 354 408 110 215 92 376 162 146 263 413 229 173 254 171 209 367 157 238 311 266 335 179 164 333 298 367 149 175 262 214 184 235 74 406 240 211 376 384 321 318 110 261 210 413 218 298 236 33 84 129 223 263 217 17 253 200 155 376 357 385 330 366 14 372 358 319 166 208 263 101 148 186 87 109 379 314 327 391 257 385 115 208 267 239 321 357 321 54 258 102 212 243 189 239 273 235 196 136 355 353 84 328 141 247 145 327 261 223 347 330 399 315 159 251 287 388 326 156 276 72 405 305 276 126 259 264 284 368 334 384 84 324 270 256 210 289 272 143 195 200 130 322 388 362 263 320 262 233 204 281
 276 294 261 94 155 362 30 231 169 238 145 286 198 139 1 430 233 205 111 121 206 218 114 277 337 114 266 300 269 279 110 351 331 248 306 115 156 255 249 227 317 204 327 341 150 271 179 278 203 97 157 352 418 259 223 308 47 219 352 141 245 146 217 351 285 318 337 329 203 14 372 288 126 277 294 109 321 248 323 165 72 180 298 250 372 287 200 244 297 164 73 353 211 252 299 263 61 65 322 183 192 137 241 234 332 291 221 362 267 87 252 255 155 302 161 132 156 399 163 319 279 20 254 122 102 272 292 299 275 116 216 88 93 272 276 138 324 238 213 99 336 189 308 160 248 235 189 235 219 185 234 351 61 76 89 246 233 170 355 361 308 235 279 198 299 310 61 294 248 268 328 142 272 308 339 320 177 38 232 205 237 129 198 362 263 164 251 383 313 240 109 216 104 388 94 187 238 131 156 75 204 248 133 123 141 249 182 345 342 335 210 314 128 371 234 293 84 87 306 219 58 99 207 79 317 200 279 317 289 313 72 186 238 102 350 286 288 122 228 130 149 338 111 333 315 323 227 196 363 297 98 300 249 301 153 264 269 310 339 202 273 303 99 299 327 261 249 234 266 154 364 334 177 190 183 306 228 239 201 261 57 309 310 255 302 258 135 63 85 139 17 328 367 284 230 297 249 131 310 157
 273 144 226 510 430 116 406 239 263 351 330 200 265 456 430 1 198 310 394 310 332 375 334 181 332 535 247 225 310 219 348 89 263 326 219 321 338 291 182 235 128 227 223 137 345 220 339 229 426 336 299 80 29 230 279 226 468 385 109 360 357 360 387 158 263 373 108 124 237 442 60 144 342 164 212 412 361 348 346 277 392 359 217 222 92 153 288 189 360 319 427 97 245 315 333 380 388 480 113 248 365 418 253 323 333 241 406 74 218 391 182 183 399 145 317 490 276 51 309 301 266 444 260 520 387 185 342 152 225 375 227 494 511 267 155 293 231 337 283 363 145 293 124 287 355 203 246 253 224 304 336 115 388 433 494 388 329 311 355 99 322 312 222 289 347 139 489 272 195 193 127 295 392 126 223 119 309 422 202 244 296 328 429 83 229 267 357 95 138 221 520 215 342 44 373 312 222 424 376 499 237 194 304 453 330 283 303 86 100 113 333 129 447 103 353 140 347 370 241 416 487 334 422 374 146 316 155 174 226 170 375 254 196 423 189 181 143 404 206 356 283 360 320 358 235 340 269 333 130 147 495 133 393 265 313 182 202 340 115 373 367 142 334 255 224 368 212 340 181 389 75 197 290 343 259 239 207 385 396 350 440 133 233 202 353 174 414 491 358 292 418 149 69 197 203 138 195 322 388 357
 160 64 103 314 249 141 209 109 71 206 157 126 90 269 233 198 1 149 215 115 173 237 139 94 245 338 128 139 187 137 154 125 193 210 141 128 158 184 24 77 90 35 162 125 162 129 168 123 259 138 124 120 189 104 128 148 273 246 138 176 236 192 248 147 158 264 107 104 49 246 142 59 163 70 146 232 257 230 248 95 196 188 131 86 144 74 122 37 244 139 239 134 94 182 224 243 191 283 96 52 198 233 135 179 243 168 247 134 101 206 38 54 234 77 135 299 78 167 142 212 156 248 154 325 195 91 226 95 116 185 46 298 314 151 48 96 166 194 145 178 123 140 78 96 236 51 63 108 45 132 211 141 191 246 298 262 183 132 272 145 220 169 117 122 234 101 293 173 64 73 105 98 256 76 173 99 134 229 13 65 154 147 260 138 108 70 239 157 89 94 324 22 154 156 187 160 70 238 197 302 50 40 115 264 156 150 129 113 111 117 195 98 259 146 226 61 150 182 157 255 290 139 256 178 116 173 59 139 130 131 179 63 14 242 163 107 56 217 15 169 88 265 125 261 161 243 119 169 147 88 300 67 248 172 127 73 86 235 113 228 258 78 137 163 163 253 95 194 56 210 137 152 127 176 82 156 41 256 249 238 244 80 155 66 241 25 242 294 166 96 221 116 135 121 8 65 44 140 271 194
 74 172 87 246 126 207 176 239 152 60 230 271 61 157 205 310 149 1 258 146 25 329 100 241 138 271 76 110 67 278 97 261 129 323 118 169 50 307 172 79 184 152 134 182 57 270 34 93 118 136 207 239 311 83 32 116 251 336 281 70 340 259 336 179 85 133 203 188 104 212 265 198 222 218 289 268 131 337 129 182 136 51 113 89 226 221 28 185 111 43 253 273 216 52 102 97 144 221 234 136 56 119 263 38 133 307 100 264 95 236 187 202 295 167 48 197 123 265 228 115 78 224 283 240 112 237 99 243 94 96 104 224 248 72 189 133 129 50 258 217 175 242 213 81 341 193 171 58 106 26 318 285 144 259 224 359 40 40 160 286 108 34 98 29 106 248 256 91 208 118 185 107 111 194 145 241 32 224 138 86 33 209 120 274 85 126 345 231 173 230 249 152 194 268 223 257 92 127 74 246 103 127 171 159 226 47 31 238 211 260 296 243 151 219 329 183 154 213 109 109 250 164 114 127 264 274 206 287 101 280 134 97 141 271 166 254 188 113 135 77 146 146 154 140 119 126 42 24 201 235 220 191 99 99 60 220 109 114 197 315 368 169 133 99 134 359 235 48 133 86 269 149 224 34 185 110 181 351 329 349 179 180 116 110 112 161 290 249 192 138 189 168 242 266 142 181 124 202 134 267
 318 278 283 197 252 355 118 163 147 306 66 215 224 244 111 394 215 258 1 118 268 108 160 219 394 211 298 325 323 203 169 307 369 144 330 96 218 160 222 245 304 181 353 338 215 197 244 304 295 123 97 321 376 281 264 335 113 109 298 213 137 45 107 357 323 387 320 318 207 120 335 256 54 231 217 18 386 141 385 122 157 252 320 267 357 242 242 209 364 216 49 304 151 309 359 339 141 172 282 170 266 232 162 293 389 206 306 322 286 27 217 212 46 291 211 242 156 375 88 368 318 107 169 229 186 214 355 247 298 194 220 196 195 311 246 137 353 302 128 43 335 109 274 185 140 193 155 265 222 233 129 296 141 52 197 136 294 219 416 309 364 290 302 240 362 260 141 336 200 274 319 158 349 285 365 276 226 75 219 219 285 69 291 316 287 160 143 370 303 178 213 194 68 357 36 97 251 228 235 173 209 245 104 229 65 294 229 312 322 286 108 268 231 360 127 271 105 46 337 307 146 96 298 151 260 104 241 249 314 247 142 195 225 31 366 224 262 213 216 199 135 402 108 396 345 383 263 258 361 249 207 276 329 340 199 214 281 371 327 92 164 293 126 335 353 152 187 298 264 238 322 352 107 256 139 337 192 129 91 154 165 294 339 262 367 238 34 154 66 134 116 328 341 216 215 277 247 77 383 54
 202 177 166 207 183 249 99 127 49 201 85 178 107 191 121 310 115 146 118 1 162 185 62 162 280 230 180 208 210 176 78 231 252 186 213 24 117 178 130 128 201 84 236 230 116 167 140 187 214 33 68 232 298 165 148 218 160 191 233 121 199 114 191 245 206 278 220 214 93 134 252 168 77 158 190 132 277 197 273 55 101 154 204 151 256 168 127 125 256 109 130 234 104 197 247 236 90 175 202 64 168 164 145 183 276 196 215 242 170 101 132 136 151 187 103 210 41 281 86 253 202 135 163 224 115 157 244 181 182 113 106 194 207 195 157 21 236 194 128 76 226 107 188 69 200 117 71 148 109 121 178 234 90 137 194 215 185 108 304 243 250 178 185 126 252 192 180 219 131 161 214 42 248 189 248 200 116 115 114 102 172 63 212 242 170 48 204 268 198 130 219 97 52 269 84 117 135 164 146 192 94 135 29 180 81 178 117 225 224 216 154 195 179 257 187 174 38 76 220 220 178 26 214 84 200 134 159 206 197 201 80 79 120 139 251 173 169 143 111 108 29 291 12 285 228 271 146 152 253 179 198 181 231 223 89 147 166 259 224 170 227 188 33 218 236 217 139 191 154 154 244 236 89 153 70 220 109 207 183 209 141 192 222 148 258 139 150 182 57 20 110 218 248 175 111 179 137 57 278 122
 83 196 108 238 109 228 178 260 172 40 245 294 84 142 206 332 173 25 268 162 1 345 109 264 132 263 93 126 65 301 103 285 135 342 134 183 52 327 196 103 206 174 147 203 58 292 28 111 95 147 225 262 334 104 54 131 251 351 305 66 358 273 351 197 95 119 226 210 127 212 289 222 237 242 312 278 119 355 119 201 136 35 130 111 247 245 52 208 97 54 259 297 237 48 94 77 146 215 258 157 34 106 284 29 127 329 76 287 116 246 211 225 308 190 60 183 142 287 245 115 89 225 304 229 108 261 88 267 113 92 128 216 240 84 214 150 141 35 278 229 195 261 237 100 359 216 192 80 130 45 336 309 146 266 215 375 28 55 151 310 103 33 117 52 95 272 254 99 231 141 207 124 90 217 157 265 48 229 162 109 43 224 98 298 106 146 363 252 196 252 239 176 207 290 234 275 116 114 62 241 126 151 188 146 242 59 49 261 233 284 313 267 137 240 346 207 164 223 122 86 247 176 91 129 288 292 230 311 118 303 138 119 165 280 181 277 212 103 159 77 164 135 168 130 132 118 65 12 220 259 211 215 76 107 73 244 132 105 219 331 386 192 144 110 147 377 257 31 157 72 293 165 243 18 205 123 204 367 343 367 174 203 129 134 100 185 301 246 203 156 190 189 265 289 166 204 148 218 117 282
 376 291 329 304 350 368 222 142 186 384 101 176 282 347 218 375 237 329 108 185 345 1 242 196 459 316 350 370 390 158 255 288 421 56 373 163 300 89 233 293 316 208 396 358 298 156 324 350 390 204 124 313 352 329 326 379 218 11 268 301 34 78 13 382 378 461 327 331 251 227 320 257 112 221 168 115 459 41 454 153 255 336 363 311 363 231 308 215 439 292 154 278 147 378 428 420 239 280 270 209 351 330 123 366 455 144 395 304 330 132 221 210 68 308 287 348 210 369 104 429 375 214 117 336 281 193 426 225 344 286 261 304 302 368 250 197 398 377 97 129 356 98 270 249 37 196 179 320 262 304 42 263 239 155 305 32 368 292 484 279 430 360 346 306 434 237 246 393 194 308 333 223 432 291 407 260 299 183 246 268 352 123 386 292 334 209 39 377 320 161 320 218 143 345 130 79 294 327 325 279 252 275 159 332 105 356 299 303 327 263 44 249 334 370 28 279 191 140 386 398 252 173 391 246 230 66 237 206 360 208 237 245 250 127 399 195 267 310 245 286 186 472 179 467 391 451 322 336 378 232 314 281 414 395 273 202 319 440 338 17 57 309 207 387 396 45 167 375 292 330 301 388 113 336 159 385 201 23 29 51 270 306 385 298 440 253 93 259 154 192 222 351 336 179 240 287 278 129 461 67
 167 192 149 179 124 255 85 184 95 147 143 230 85 137 114 334 139 100 160 62 109 242 1 209 236 204 154 187 166 231 18 263 221 247 194 80 60 238 160 116 213 119 215 232 57 222 85 165 153 39 129 256 326 146 113 196 159 247 272 61 258 168 247 240 175 227 234 224 99 123 279 197 131 198 245 170 227 257 226 114 59 96 185 138 266 206 89 162 205 58 154 270 160 151 200 181 58 149 234 96 110 105 204 134 232 254 155 272 155 138 168 177 200 197 53 162 67 298 147 213 169 132 223 187 60 205 196 223 162 54 110 161 180 162 186 61 212 143 188 121 226 168 216 50 260 160 120 123 113 76 238 274 58 161 161 272 135 61 258 281 206 132 167 87 203 233 171 185 176 158 222 44 192 210 227 235 69 127 134 96 130 120 151 276 151 76 264 276 207 183 187 128 101 291 126 177 127 107 85 171 99 143 90 128 139 140 73 251 240 253 214 233 124 264 246 195 56 115 194 159 166 70 153 42 244 194 194 256 176 250 45 81 139 172 238 221 194 85 129 47 78 243 65 237 203 225 115 99 254 219 162 203 173 191 43 192 158 212 234 227 287 199 36 188 215 277 191 139 160 93 276 222 150 97 125 194 149 264 237 269 108 206 198 145 208 162 193 168 95 66 98 218 268 227 134 197 143 115 224 177
 251 115 192 367 329 182 258 59 117 298 154 36 181 345 277 181 94 241 219 162 264 196 209 1 335 389 218 223 279 52 226 94 278 152 223 163 242 119 73 169 134 94 242 179 246 48 256 210 346 193 127 119 160 194 220 231 307 206 80 258 183 181 208 207 247 356 140 149 138 289 125 72 169 32 56 236 349 174 339 113 260 276 214 176 173 40 214 58 336 225 257 87 69 275 315 335 251 335 75 116 287 312 74 271 333 83 337 109 188 221 57 41 219 133 220 368 143 174 132 301 246 287 85 385 268 6 319 30 203 261 139 354 367 242 71 152 247 286 103 193 180 114 79 177 181 51 92 200 137 222 160 78 251 263 355 213 276 219 361 91 311 261 203 213 326 43 332 262 35 156 152 167 349 106 251 65 222 260 106 156 247 158 346 100 197 135 183 187 142 42 379 90 177 150 203 132 162 315 281 350 139 128 145 336 155 242 219 109 138 70 153 54 333 181 176 99 197 203 242 344 332 179 344 243 42 136 51 48 216 42 240 148 104 249 232 14 86 293 108 248 136 356 169 352 244 334 211 259 195 37 359 97 339 260 209 22 170 326 153 193 198 133 193 250 243 196 33 286 136 293 108 225 113 266 95 241 63 208 217 179 302 126 238 154 333 91 236 338 195 148 268 176 142 30 100 107 131 152 363 178
 86 232 144 360 218 218 309 351 275 103 361 369 178 252 337 332 245 138 394 280 132 459 236 335 1 384 118 117 72 381 232 318 70 446 121 303 182 424 263 173 227 263 111 198 188 374 158 126 178 272 336 284 344 143 134 112 382 466 347 197 467 393 467 175 89 50 240 222 213 343 308 273 356 306 389 405 37 462 22 308 266 160 127 161 242 304 154 281 54 179 389 335 331 87 39 95 277 341 299 254 150 223 377 104 6 413 148 314 148 372 280 296 430 217 184 294 250 282 356 36 90 356 396 345 238 333 48 326 133 222 206 338 363 95 269 265 103 100 379 353 192 367 280 212 467 295 288 143 207 162 443 353 277 395 337 488 105 176 27 348 31 105 134 156 44 326 383 74 308 180 218 240 98 251 110 310 169 359 233 195 110 342 185 330 139 251 471 239 215 337 359 258 329 298 359 384 177 232 186 367 212 209 303 262 358 104 166 287 247 327 422 316 253 230 456 248 290 349 98 158 376 299 172 260 345 400 289 375 122 367 268 215 233 408 145 347 259 227 233 208 275 29 288 28 101 18 138 142 203 316 331 254 117 76 196 315 166 30 227 446 492 219 269 87 110 485 339 105 201 193 321 137 349 148 306 100 284 480 462 473 302 230 105 182 44 245 426 374 328 269 321 189 275 363 240 242 205 334 69 400
 343 394 344 26 168 457 132 344 278 282 255 398 285 136 114 535 338 271 211 230 263 316 204 389 384 1 343 378 325 392 193 459 397 353 385 226 223 365 356 316 416 311 403 434 216 384 239 358 216 201 270 456 525 341 297 385 99 314 462 201 346 251 312 439 354 352 436 427 301 101 478 394 236 387 407 202 359 350 366 277 146 229 378 337 469 396 276 353 335 238 163 463 324 309 346 295 148 56 430 289 236 162 353 289 379 403 243 469 352 192 360 365 249 400 237 99 261 500 275 375 348 108 366 47 161 384 337 410 356 177 313 48 25 342 383 244 399 288 324 209 427 301 414 252 350 345 299 316 316 259 339 462 148 162 48 341 287 246 396 471 358 295 361 275 341 421 71 360 359 360 425 241 299 411 414 429 251 140 334 299 302 241 209 470 345 269 352 479 410 352 26 323 217 492 202 297 329 153 202 40 301 346 245 124 252 317 257 450 442 445 316 424 133 467 336 396 193 197 379 236 66 210 221 163 428 309 388 430 368 426 161 283 340 190 432 398 393 161 330 197 257 377 221 372 389 368 304 254 455 408 54 403 275 368 235 375 358 355 437 300 372 402 203 369 403 360 362 283 363 193 472 415 290 245 294 380 337 334 294 363 98 408 385 348 343 361 225 58 198 247 121 420 470 397 333 399 346 243 339 262
 34 122 28 317 200 138 237 234 164 105 255 252 75 232 266 247 128 76 298 180 93 350 154 218 118 343 1 36 67 264 158 212 73 332 43 203 121 309 146 58 125 147 62 113 128 257 109 19 185 182 227 183 252 26 47 43 312 358 238 143 354 289 358 105 31 141 142 125 100 275 210 159 254 190 272 311 132 349 122 197 202 125 38 44 158 189 68 164 123 106 303 228 216 70 99 135 207 291 190 142 126 194 260 78 115 296 162 211 33 280 163 180 329 111 108 271 144 199 247 84 29 285 280 314 182 216 104 212 23 166 91 296 319 25 154 162 59 92 265 256 105 255 169 115 355 178 174 34 91 85 330 244 207 310 296 377 84 99 144 241 94 67 26 70 111 213 322 46 191 66 121 141 148 143 74 199 93 279 116 83 52 238 189 225 23 143 358 161 113 221 322 141 231 206 263 273 60 202 149 316 98 92 199 234 253 38 87 184 150 217 311 204 226 150 344 136 201 255 41 172 316 203 180 190 231 288 173 260 27 252 196 106 116 317 91 231 146 187 116 147 168 139 190 135 50 116 41 97 129 202 293 144 148 47 114 198 52 110 133 338 379 113 179 39 62 372 222 95 87 161 218 75 238 107 193 41 167 370 355 359 248 124 45 66 118 129 329 317 234 166 250 99 181 247 123 132 88 230 151 294
 51 116 43 352 234 112 271 247 187 132 279 258 105 266 300 225 139 110 325 208 126 370 187 223 117 378 36 1 87 272 192 202 56 348 9 230 156 322 153 82 111 164 29 88 163 265 143 23 215 213 249 169 233 45 82 10 345 378 231 178 372 313 379 74 39 151 125 107 121 309 194 158 279 193 278 340 140 366 127 219 237 159 10 60 134 190 103 172 137 141 334 219 231 95 110 157 241 326 183 163 159 228 273 108 116 303 190 198 41 308 170 186 354 101 142 306 170 175 269 83 43 318 292 349 217 222 118 212 28 201 110 331 354 46 154 189 29 119 282 284 81 274 163 145 372 188 193 65 109 120 348 237 241 341 331 397 113 134 143 232 100 97 25 104 123 211 356 49 199 68 103 170 169 135 41 194 128 311 128 107 84 263 220 214 40 167 375 135 99 232 356 156 259 187 292 292 78 237 183 351 120 100 224 268 277 68 122 172 133 211 330 200 260 124 362 132 231 283 21 201 350 232 210 224 229 307 175 261 12 253 229 131 126 346 56 235 144 222 129 182 193 142 219 140 22 121 75 131 100 201 328 138 173 43 148 204 55 118 113 359 396 103 210 32 29 390 232 123 89 195 206 40 258 141 212 19 179 390 378 375 283 113 17 74 130 133 356 351 263 192 284 77 162 252 135 125 97 255 165 318
 37 188 93 301 166 197 241 288 208 51 292 312 111 200 269 310 187 67 323 210 65 390 166 279 72 325 67 87 1 323 163 278 76 380 94 233 114 360 207 111 191 199 99 174 120 314 91 82 137 201 267 249 316 90 65 88 314 397 304 130 399 323 397 159 49 78 207 189 149 276 275 224 286 252 331 334 72 395 65 240 199 97 94 106 220 252 84 223 58 109 319 294 267 18 39 72 209 279 255 188 91 166 314 37 67 353 109 277 99 302 223 240 360 177 114 242 181 261 288 51 45 288 334 290 172 277 40 275 88 156 144 279 304 44 218 195 91 40 314 282 166 300 234 142 400 235 223 80 145 91 376 309 209 325 278 419 40 106 95 307 42 35 90 85 48 277 318 44 249 132 185 169 83 209 106 264 98 290 175 130 39 272 142 291 88 183 403 221 179 276 302 196 259 271 288 316 119 175 124 305 148 154 233 206 288 38 95 250 215 283 355 269 197 210 388 202 220 278 74 120 311 228 131 191 295 332 237 323 84 315 199 149 176 337 136 292 211 166 173 140 206 83 218 78 83 62 71 75 186 266 273 210 88 53 125 259 118 51 197 377 426 179 198 60 98 418 279 45 152 133 284 122 282 82 240 76 224 412 392 406 238 190 83 130 55 191 356 310 258 199 253 161 245 307 181 197 150 265 86 330
 296 165 238 372 354 233 266 50 138 337 142 20 219 366 279 219 137 278 203 176 301 158 231 52 381 392 264 272 323 1 248 135 326 108 272 170 273 73 120 212 185 128 292 230 275 10 290 257 377 208 123 165 195 240 261 280 303 168 112 285 139 161 170 258 294 400 190 200 177 292 167 123 160 83 16 220 393 130 384 122 276 308 263 222 222 91 251 101 379 257 247 123 73 316 360 374 264 341 122 146 321 335 43 311 379 33 370 151 235 211 103 86 193 184 252 384 168 220 120 347 292 286 42 395 289 52 362 76 250 284 180 362 371 288 122 171 296 326 76 187 231 96 129 207 137 88 114 243 179 257 118 106 264 252 363 170 315 252 408 122 356 302 251 251 370 86 330 309 75 204 203 192 388 157 301 111 256 256 149 196 288 153 376 137 243 162 139 236 193 50 386 128 176 194 195 108 206 337 310 353 178 174 153 355 144 285 254 155 188 109 118 99 353 231 135 150 207 198 291 377 331 187 375 259 75 106 102 49 264 51 255 183 149 233 282 44 137 316 150 274 154 401 180 397 293 379 253 295 246 85 369 148 376 308 240 69 218 371 204 158 151 184 208 297 292 150 45 325 184 320 147 276 103 300 108 289 100 167 182 132 313 177 287 200 377 139 214 338 195 167 273 227 189 25 143 158 178 150 406 155
 167 205 155 167 107 265 81 201 112 139 156 247 93 120 110 348 154 97 169 78 103 255 18 226 232 193 158 192 163 248 1 279 222 262 199 95 52 254 176 124 226 135 219 242 47 239 77 171 137 52 145 270 341 152 114 200 156 260 289 47 272 180 259 248 176 220 246 235 112 119 294 212 144 215 262 177 221 271 221 130 48 84 191 146 278 222 91 178 198 55 158 286 177 146 195 171 51 138 249 112 99 88 221 129 227 271 142 287 162 145 184 193 210 209 52 146 84 310 162 211 170 129 239 174 43 222 190 240 168 37 123 149 169 163 201 78 216 136 205 131 236 183 231 62 274 177 137 128 125 76 253 291 51 164 149 285 129 61 252 297 202 129 173 89 197 249 165 185 192 168 234 60 182 223 231 251 68 128 148 107 128 134 135 291 157 92 278 287 219 200 175 144 113 305 135 192 137 90 71 162 112 156 106 111 152 140 73 265 252 269 229 249 108 275 260 209 66 124 197 145 159 83 138 33 261 209 210 273 181 267 39 95 154 178 244 238 208 68 144 33 95 237 79 231 207 220 118 92 263 235 149 217 162 192 45 208 167 207 245 239 301 211 49 190 219 291 208 132 172 78 291 228 166 89 142 197 166 277 249 284 96 218 202 156 202 176 201 160 105 83 94 228 281 244 149 210 155 129 215 189
 244 91 187 435 371 119 328 151 183 311 243 115 207 393 351 89 125 261 307 231 285 288 263 94 318 459 212 202 278 135 279 1 252 241 198 239 279 206 105 182 92 149 211 128 284 134 285 198 376 259 213 41 70 190 233 207 386 298 34 299 272 272 300 157 236 350 82 99 171 363 33 68 256 78 129 325 340 263 327 192 320 306 192 177 101 67 235 107 334 260 342 20 158 279 309 344 314 404 30 171 314 357 166 282 317 160 360 17 180 306 100 98 311 103 256 423 200 88 222 284 237 363 174 449 320 97 315 64 191 309 163 420 436 235 79 215 218 297 195 278 133 206 49 220 270 118 163 208 161 249 250 42 314 348 420 303 288 252 343 32 300 271 190 236 321 51 409 249 109 148 103 222 357 70 216 32 252 340 132 183 255 243 378 14 191 192 272 114 104 133 446 137 258 60 287 224 170 361 318 422 171 135 221 388 243 245 247 33 76 26 246 41 383 113 267 79 268 286 221 369 407 253 373 302 61 229 72 94 199 88 301 187 128 337 187 94 74 340 137 293 203 343 240 340 218 322 222 283 135 60 423 71 354 244 249 95 161 318 97 286 284 101 257 233 212 284 125 299 130 331 15 188 202 291 174 219 124 299 309 266 367 90 214 153 328 105 327 412 274 213 340 132 62 111 131 82 138 236 362 270
 56 170 93 372 240 149 302 301 236 125 327 312 146 274 331 263 193 129 369 252 135 421 221 278 70 397 73 56 76 326 222 252 1 401 57 275 178 376 208 130 161 217 42 130 185 320 159 72 211 252 299 216 275 93 110 48 377 429 282 198 424 361 430 106 48 113 172 154 171 339 241 212 326 248 332 382 100 419 85 269 264 169 65 111 173 244 133 227 106 168 373 269 284 91 78 138 271 348 235 213 165 240 327 110 70 358 183 247 94 351 225 241 401 153 171 316 216 213 319 41 53 350 346 363 239 276 89 266 79 223 161 350 374 60 209 234 35 115 335 327 123 325 216 185 425 243 245 105 161 147 400 289 271 380 350 448 113 162 94 282 64 103 77 135 91 264 384 38 254 123 150 212 146 187 41 246 155 347 182 155 97 310 217 264 89 215 428 170 150 286 374 209 303 229 335 344 129 248 196 374 170 154 271 280 325 83 150 221 180 263 382 254 271 161 414 185 270 326 37 193 377 274 205 253 283 359 229 315 64 307 260 178 181 387 76 290 198 237 182 205 240 97 262 96 35 79 108 144 134 256 345 191 157 31 180 259 109 81 159 409 449 155 249 35 41 442 286 120 143 206 254 68 309 153 263 38 233 441 427 428 306 165 41 128 97 188 401 377 305 238 315 121 206 307 189 179 151 302 130 366
 361 257 309 338 364 331 245 105 173 381 110 127 270 365 248 326 210 323 144 186 342 56 247 152 446 353 332 348 380 108 262 241 401 1 350 168 301 36 201 275 280 186 372 324 301 108 323 330 398 212 119 270 302 309 315 357 256 65 219 306 32 103 68 350 361 454 289 295 234 258 273 219 127 180 116 156 450 23 444 142 272 339 340 291 323 190 299 182 432 291 192 230 118 369 418 418 257 311 226 193 353 344 81 359 442 90 400 257 308 163 187 173 114 275 285 373 201 325 101 414 358 248 68 368 294 150 417 180 323 296 242 335 337 353 214 193 375 372 68 151 323 82 229 243 30 164 159 304 242 298 17 213 257 195 336 63 362 288 471 229 418 352 325 298 425 192 285 376 158 282 298 219 430 253 382 215 295 215 221 252 342 131 396 244 314 199 32 338 286 123 354 193 156 300 155 70 274 343 331 315 235 250 158 352 114 344 294 260 288 216 38 204 352 331 30 244 202 163 365 404 289 182 399 259 182 53 198 154 338 158 252 232 223 169 370 149 231 323 220 293 179 461 184 457 369 440 310 333 342 188 344 244 414 377 271 162 295 430 301 64 49 275 214 369 372 45 127 370 264 339 254 360 100 336 141 364 171 60 84 29 295 271 363 275 432 222 139 296 172 188 248 318 293 131 214 252 253 134 456 92
