NAME : domp220p73v10
COMMENT : (Deleplanque et al.) 
TYPE : DOMP
DIMENSION : 220
DISPLAY_DATA_TYPE: NO_DISPLAY
OPEN_FACILITIES : 73
COST_SECTION
 1 244 133 194 304 373 182 107 233 327 116 364 214 407 239 202 217 157 354 324 67 115 333 231 143 111 237 214 336 182 154 292 259 323 378 164 147 166 170 198 13 181 350 176 287 370 249 38 210 393 141 61 150 338 160 303 14 90 150 178 211 353 296 311 270 82 88 317 329 161 254 273 262 187 81 195 44 158 89 279 291 83 352 393 194 320 217 247 179 265 340 317 165 248 115 346 241 265 263 351 329 75 421 366 300 369 102 145 209 275 289 110 109 248 138 329 170 384 259 272 160 245 47 360 273 46 266 196 376 225 136 127 380 139 222 210 116 137 65 336 90 381 98 141 210 98 335 272 91 100 125 52 192 360 332 72 220 271 211 234 299 90 243 186 209 126 312 175 128 308 347 371 407 161 167 162 159 222 240 249 376 266 302 315 172 364 126 337 209 248 369 388 161 368 117 46 94 316 276 312 303 152 259 403 191 273 200 93 162 242 170 246 84 119 298 255 252 114 321 384
 244 1 159 299 217 207 290 212 71 161 144 124 232 201 63 286 31 239 146 171 205 135 128 64 134 295 8 142 110 101 143 66 185 134 194 99 312 148 223 261 237 325 113 75 45 180 170 251 184 159 235 192 284 97 147 213 232 237 258 68 138 176 132 139 136 233 213 133 150 87 133 190 21 90 205 152 246 164 241 198 51 170 126 181 55 111 245 97 290 183 173 168 241 222 254 170 94 125 99 112 198 209 262 124 133 139 144 100 61 84 45 190 272 120 179 118 289 166 134 74 261 33 255 163 34 237 85 153 134 162 205 298 198 257 79 93 156 298 246 107 211 153 246 123 250 205 101 153 256 230 121 194 55 205 89 184 161 172 91 237 87 161 25 220 70 230 133 153 206 164 231 147 239 85 97 217 196 51 202 114 145 37 61 228 313 136 170 134 203 182 157 151 295 125 162 201 268 88 122 110 70 166 149 198 267 47 312 233 263 218 78 26 162 173 125 244 91 215 202 222
 133 159 1 146 313 345 274 179 187 198 37 280 108 282 127 286 142 85 233 300 142 57 279 182 145 231 153 83 224 159 164 185 129 199 339 135 261 35 77 118 132 290 244 124 192 243 254 118 84 282 218 117 251 253 173 310 126 83 101 100 80 317 168 184 141 82 62 274 290 81 237 280 171 75 60 63 111 184 88 288 209 58 238 270 107 263 273 213 135 272 309 187 90 281 211 217 118 137 224 269 317 66 400 266 172 298 81 95 157 157 199 163 218 120 23 271 132 264 129 157 245 145 168 235 178 156 219 206 277 94 195 243 343 99 182 90 22 249 174 225 59 266 90 130 271 51 259 259 103 74 90 101 124 338 237 63 90 269 180 281 184 58 171 83 100 205 186 190 190 287 345 255 380 95 137 69 206 166 115 122 264 166 219 325 279 294 12 215 245 260 248 279 263 277 145 92 206 206 148 259 198 24 128 278 119 202 297 79 247 275 114 149 72 157 172 297 212 57 315 359
 194 299 146 1 454 490 374 288 332 275 176 413 90 365 253 392 285 62 330 444 244 195 422 326 280 303 293 174 337 301 298 308 174 293 484 277 339 152 77 48 203 374 363 268 324 322 394 158 134 392 326 222 343 387 307 451 198 108 50 244 175 462 258 271 226 117 122 419 435 226 381 420 306 210 135 154 151 314 107 428 346 175 347 361 250 406 395 357 16 412 454 256 58 413 306 294 231 229 369 404 461 137 545 388 262 436 213 239 302 270 334 280 303 216 124 414 26 362 217 274 349 278 240 322 311 238 364 343 400 164 312 320 487 59 327 213 159 330 257 339 122 372 98 268 391 120 397 403 104 102 229 202 269 483 366 168 161 411 324 408 298 182 313 85 232 311 278 325 305 431 488 359 524 240 280 82 329 311 141 222 373 297 356 466 365 433 138 313 375 399 344 393 354 406 271 185 287 324 242 403 322 134 204 362 36 343 393 106 351 408 259 283 194 280 267 426 357 101 458 504
 304 217 313 454 1 108 202 204 149 376 280 236 415 398 276 179 205 395 348 79 238 260 149 156 175 270 217 340 305 156 158 273 392 346 132 179 260 323 389 430 292 246 290 196 239 388 61 334 375 331 186 249 224 227 150 5 292 356 405 228 336 113 348 354 350 349 336 120 113 240 85 35 229 276 324 342 335 148 360 27 209 281 318 376 232 154 122 121 441 43 97 384 401 71 224 383 306 339 121 224 53 324 133 281 349 203 242 219 172 300 227 196 246 332 335 157 435 358 346 290 191 248 279 370 239 267 136 113 282 362 175 259 129 399 145 293 296 250 258 301 335 337 368 187 134 336 202 65 371 358 226 267 206 89 252 291 360 47 140 98 298 273 193 394 270 197 348 133 183 70 48 337 131 223 177 381 150 172 400 326 325 249 212 13 238 199 320 342 102 58 355 319 225 256 191 284 254 288 337 144 270 332 360 395 431 185 212 356 191 75 205 242 262 187 340 83 127 354 38 108
 373 207 345 490 108 1 303 285 159 347 317 166 434 345 268 283 209 429 304 50 310 299 87 164 232 362 210 346 260 196 220 243 391 313 30 219 357 344 418 458 361 348 237 223 208 346 135 396 387 268 277 313 321 170 215 105 360 406 444 247 343 33 326 328 338 399 383 75 58 265 120 120 210 288 372 355 395 220 410 119 175 328 269 323 244 103 224 134 479 124 36 360 433 174 313 349 299 327 121 159 56 374 57 220 326 126 290 254 188 279 195 271 336 325 367 99 475 305 337 270 288 237 357 327 215 342 128 182 217 367 259 354 26 440 164 297 333 346 339 255 381 280 416 237 236 379 143 104 423 404 268 327 222 19 201 341 366 111 170 201 267 319 185 418 273 284 319 201 266 66 72 284 36 251 216 411 234 181 407 318 268 228 172 107 339 123 353 303 195 142 307 256 324 188 257 342 341 249 321 99 234 358 354 343 461 162 316 404 288 176 232 230 312 257 316 189 133 394 72 17
 182 290 274 374 202 303 1 96 235 430 241 377 377 489 322 28 262 329 433 262 135 225 308 239 161 90 285 342 399 191 148 355 396 413 322 195 64 302 336 371 172 45 399 222 332 462 174 219 357 446 60 160 36 357 145 203 176 267 327 250 338 298 398 410 383 258 257 281 284 245 208 184 310 288 246 330 225 128 267 185 317 218 415 469 264 303 81 228 359 181 281 429 337 132 69 446 341 374 242 363 249 242 334 403 400 361 198 215 232 359 326 115 76 359 290 311 349 455 374 351 31 310 137 447 323 137 254 148 410 360 89 72 321 317 223 314 253 60 118 396 258 442 276 176 69 264 341 211 271 275 203 179 243 286 367 219 356 196 208 105 373 217 274 349 299 71 407 140 90 245 249 437 331 232 196 327 96 244 387 357 433 325 326 208 37 355 273 419 112 164 445 436 29 390 140 194 91 377 379 292 360 298 381 485 365 291 24 269 30 129 224 307 203 127 395 123 236 283 234 307
 107 212 179 288 204 285 96 1 172 340 146 316 283 405 235 108 183 239 349 237 45 130 263 173 80 87 207 247 319 119 76 274 301 326 295 114 101 207 244 280 95 119 324 139 256 375 153 142 262 371 40 67 77 292 78 203 97 181 240 162 244 270 307 321 291 173 168 241 249 154 170 174 232 196 156 235 146 67 183 179 248 124 336 387 177 254 111 175 273 168 255 337 247 143 42 357 250 282 191 302 236 153 328 333 311 309 103 125 158 272 253 24 62 267 196 262 265 374 281 265 67 226 76 361 246 65 199 104 341 265 30 87 296 230 159 222 158 87 56 317 168 364 192 91 105 173 282 182 190 187 110 88 160 270 297 126 261 177 144 128 289 122 201 256 209 26 319 86 22 220 249 357 318 143 116 235 55 172 292 265 356 244 258 214 107 304 179 334 105 150 362 363 89 326 51 105 61 297 289 244 281 203 288 401 276 224 119 183 69 137 139 225 108 40 306 149 182 193 225 293
 233 71 187 332 149 159 235 172 1 231 160 145 279 266 128 227 58 271 212 115 179 144 101 8 97 258 70 196 173 54 97 133 246 204 155 70 267 188 260 301 223 274 167 66 103 249 100 250 234 213 185 174 236 123 96 145 220 251 286 90 192 131 202 209 203 245 228 90 105 107 64 120 87 134 217 201 247 111 255 128 83 175 188 245 89 88 180 29 321 113 123 238 275 153 211 240 158 192 39 131 137 220 214 169 203 140 139 99 31 154 95 151 232 184 209 97 318 229 199 144 208 101 230 231 99 213 35 90 175 218 157 256 157 283 14 148 176 254 217 169 226 212 262 93 187 223 111 85 269 248 115 183 65 152 133 189 216 103 29 170 156 166 48 261 124 184 203 96 160 104 168 209 194 93 67 253 141 25 257 179 202 106 91 160 263 134 196 203 138 113 222 203 244 157 127 195 231 152 190 80 133 201 213 263 304 56 256 249 210 150 75 95 161 134 194 175 27 237 138 173
 327 161 198 275 376 347 430 340 231 1 213 200 186 91 110 432 180 233 65 321 317 220 261 224 271 412 162 118 96 251 286 106 102 36 327 239 437 165 209 228 324 458 126 212 141 49 330 315 145 132 372 295 417 184 292 372 318 273 256 182 120 315 34 23 58 275 256 277 293 187 293 349 147 147 256 141 307 309 278 357 174 246 96 88 168 245 398 256 274 343 318 22 230 380 380 21 91 62 256 200 351 262 399 153 31 239 244 217 216 78 154 319 394 80 201 249 279 92 69 87 400 131 356 50 138 341 241 308 163 117 343 420 331 263 238 121 212 423 356 100 253 110 277 256 401 244 208 312 291 262 231 286 192 350 153 256 121 332 248 393 81 241 184 195 132 363 29 303 342 317 385 98 374 200 239 210 340 209 135 79 116 127 176 386 446 239 207 53 357 342 75 138 428 183 292 283 385 100 53 251 114 184 75 88 240 193 454 268 402 376 208 137 251 305 38 401 250 241 357 363
 116 144 37 176 280 317 241 146 160 213 1 267 144 292 126 252 122 116 240 271 111 21 256 155 109 204 137 105 224 127 129 182 157 208 314 102 233 62 111 152 113 259 240 95 182 255 220 112 117 282 184 87 219 239 137 277 107 94 128 78 102 290 181 196 157 90 71 249 264 59 206 246 158 73 62 91 106 148 99 254 194 34 239 278 90 240 238 184 164 238 282 205 122 246 180 231 126 151 197 255 287 66 371 259 185 280 46 64 131 160 187 129 189 134 57 249 159 270 147 158 212 136 145 245 168 130 193 172 270 121 160 215 316 124 154 95 18 220 147 224 68 268 104 96 236 65 243 228 114 90 56 75 100 309 228 46 117 236 149 245 185 29 151 119 96 172 197 155 156 257 313 258 352 68 105 103 170 141 147 135 264 158 204 292 248 276 41 222 210 226 254 278 232 267 110 71 178 204 161 235 194 59 149 288 152 183 264 92 214 240 86 139 41 122 183 261 185 78 283 330
 364 124 280 413 236 166 377 316 145 200 267 1 337 181 162 366 149 355 146 160 319 258 88 144 239 402 131 244 106 198 241 110 271 165 140 207 412 264 337 371 356 417 78 190 90 188 217 373 287 103 329 309 380 28 241 232 352 359 376 191 242 139 189 185 211 355 336 117 126 210 176 224 110 207 328 260 369 256 364 229 75 293 110 160 178 83 313 150 406 221 149 218 357 274 356 197 187 202 137 15 192 332 211 55 187 43 264 220 161 152 82 295 377 208 298 79 406 142 215 145 351 137 370 170 104 352 124 230 51 260 301 401 145 377 158 201 278 398 358 101 333 116 368 232 322 327 37 183 379 352 240 313 174 176 51 307 261 205 174 298 129 284 122 331 183 329 176 239 305 166 224 122 185 206 205 332 285 146 297 201 104 117 64 243 406 45 291 150 271 230 147 90 388 23 269 322 375 103 192 94 97 283 232 179 379 94 397 356 352 273 195 132 284 277 177 295 142 336 204 181
 214 232 108 90 415 434 377 283 279 186 144 337 1 276 178 390 226 65 243 392 243 163 359 273 251 323 227 94 253 261 271 229 85 206 424 238 356 93 45 43 219 388 281 221 250 233 357 185 51 306 322 218 351 312 279 412 213 130 84 191 97 404 170 183 139 136 127 361 378 176 336 382 236 147 136 81 177 291 132 390 276 160 262 273 191 342 380 307 91 374 399 167 58 387 312 205 152 144 316 330 414 141 490 307 174 365 188 198 250 189 261 269 315 133 89 350 98 274 131 194 349 207 257 234 238 249 307 312 319 80 301 337 428 95 277 141 129 345 269 256 125 286 126 236 378 117 326 358 140 117 196 199 215 430 288 159 77 370 278 388 216 163 251 29 164 309 190 297 296 381 443 273 468 193 240 53 313 255 52 140 288 223 285 427 377 362 106 226 352 364 256 308 363 328 252 186 301 243 157 341 243 86 117 273 56 278 399 125 351 382 212 213 177 264 180 403 305 101 413 449
 407 201 282 365 398 345 489 405 266 91 292 181 276 1 172 486 228 323 57 331 388 295 262 261 330 483 205 206 95 301 341 136 192 84 320 295 504 250 300 318 403 521 110 268 164 44 362 399 236 82 432 368 480 177 346 394 397 360 346 245 207 316 115 100 146 361 342 285 299 255 322 378 182 221 340 229 391 363 365 384 190 325 81 23 229 250 444 287 365 372 323 110 320 418 446 72 167 147 281 187 363 347 392 127 111 223 316 282 261 135 174 382 462 164 288 251 369 41 157 141 459 180 431 48 169 415 265 353 132 207 402 488 325 353 276 197 293 490 428 99 339 66 364 316 450 330 204 337 379 349 299 362 247 353 148 336 211 358 290 436 117 318 221 285 201 425 97 353 402 332 397 63 365 264 294 300 395 250 225 161 78 166 187 407 509 225 292 72 402 376 45 94 491 159 355 362 455 115 135 259 134 270 165 5 330 216 511 356 461 415 267 183 327 367 110 440 279 328 373 360
 239 63 127 253 276 268 322 235 128 110 126 162 178 172 1 323 73 196 118 232 216 126 186 121 163 311 61 85 99 142 177 59 124 92 253 130 333 105 177 211 234 352 118 103 73 141 225 237 128 158 264 197 311 135 183 272 228 209 217 74 82 236 78 89 75 207 187 194 211 84 191 247 60 55 182 100 230 200 214 255 100 158 114 156 60 169 289 156 246 240 235 113 197 273 275 124 32 64 160 153 259 188 323 140 80 188 145 111 109 39 84 212 291 59 141 176 246 146 72 34 292 32 260 128 61 244 147 199 152 103 235 317 258 219 133 41 132 319 257 99 184 143 216 148 292 177 149 212 229 200 128 192 83 267 115 171 104 230 142 285 61 150 86 170 31 257 86 194 234 225 292 133 299 93 130 172 231 105 142 52 139 46 108 287 340 185 138 101 249 237 132 154 322 155 185 194 283 80 64 170 73 125 88 169 219 107 345 205 294 269 99 39 157 198 74 294 151 182 263 283
 202 286 286 392 179 283 28 108 227 432 252 366 390 486 323 1 260 345 430 243 151 234 293 232 162 116 282 349 395 187 147 352 404 413 302 194 92 312 351 387 192 69 393 222 327 462 157 239 367 439 69 174 62 347 142 180 196 285 345 251 346 279 399 411 387 277 274 266 267 249 193 164 306 293 262 339 245 125 286 164 309 231 411 466 265 290 59 217 377 162 262 432 353 110 89 447 344 378 230 352 227 259 311 395 402 347 207 219 227 359 320 123 101 363 302 297 368 452 379 351 44 308 159 446 319 157 243 138 401 368 93 99 301 335 215 318 264 88 139 392 274 437 295 178 48 280 329 194 291 292 209 194 242 265 360 233 365 177 200 82 371 229 269 363 302 83 408 134 97 227 225 432 309 235 195 342 93 238 398 361 428 322 318 184 63 342 286 418 96 146 442 430 56 380 146 210 115 373 382 279 355 309 387 483 382 283 35 287 42 108 225 305 215 133 396 98 225 299 213 286
 217 31 142 285 205 209 262 183 58 180 122 149 226 228 73 260 1 225 172 168 176 111 138 51 105 266 25 140 138 74 115 94 189 156 200 70 283 137 211 251 209 296 142 45 75 204 153 226 180 189 206 163 256 122 119 201 204 215 242 45 137 180 149 158 147 211 192 136 153 65 120 175 50 80 183 147 221 136 220 183 75 145 155 208 36 121 220 86 276 168 174 184 228 202 224 192 102 136 93 136 192 187 265 154 151 159 116 72 37 103 74 160 243 128 163 130 273 194 143 94 233 50 226 188 64 208 83 129 163 161 176 269 204 241 61 91 135 268 217 136 189 182 225 93 225 185 122 142 235 210 93 166 26 205 118 160 160 159 70 215 112 136 30 210 67 201 153 127 177 159 224 176 243 58 68 205 168 34 201 122 174 63 86 216 284 155 152 159 179 165 184 181 266 152 133 174 238 116 136 118 99 152 157 224 255 61 285 213 234 197 49 46 136 144 143 223 82 196 194 224
 157 239 85 62 395 429 329 239 271 233 116 355 65 323 196 345 225 1 283 384 196 136 362 266 222 267 233 122 285 242 241 253 138 246 423 217 302 93 25 43 163 335 309 208 267 281 335 125 89 342 278 172 300 328 250 392 158 69 24 183 122 401 211 226 179 76 73 358 374 165 321 361 247 150 84 101 117 259 71 369 287 120 297 317 189 345 343 297 52 353 393 216 9 357 262 253 177 181 309 346 401 88 484 334 215 377 155 178 241 217 275 228 262 166 63 354 52 315 169 220 303 220 202 278 253 196 303 285 345 118 260 283 426 32 266 156 99 291 216 287 72 323 64 210 339 67 338 343 76 58 170 152 208 422 309 114 114 352 264 354 245 126 253 42 173 263 231 268 254 371 428 310 464 179 220 25 276 250 107 171 322 239 297 407 325 373 77 265 320 340 297 341 312 349 216 136 248 270 194 342 267 74 159 320 38 283 350 65 305 352 198 225 139 226 219 371 297 47 398 443
 354 146 233 330 348 304 433 349 212 65 240 146 243 57 118 430 172 283 1 285 333 242 218 206 274 427 149 162 45 245 285 80 161 38 281 239 448 203 260 284 350 465 70 212 111 43 310 348 198 69 376 314 424 135 290 344 344 313 306 189 163 273 73 61 105 313 294 239 254 200 269 326 127 168 291 185 341 307 318 333 140 273 37 40 173 205 389 234 328 320 279 85 281 364 390 54 116 103 230 149 316 297 354 94 70 188 261 226 205 81 122 326 407 119 241 207 331 33 115 85 403 124 377 25 115 360 214 298 103 167 346 433 286 312 222 146 242 434 373 50 291 46 319 260 394 283 162 286 333 303 244 308 191 310 104 284 171 307 235 381 61 266 166 247 147 369 53 298 346 284 350 34 327 208 238 259 339 195 193 114 53 110 138 358 453 188 243 19 347 323 16 75 435 127 299 309 399 62 90 212 80 224 127 53 295 164 455 309 405 361 211 127 273 311 65 386 226 282 325 319
 324 171 300 444 79 50 262 237 115 321 271 160 392 331 232 243 168 384 285 1 261 253 73 121 183 316 173 307 241 148 172 216 354 289 61 172 313 301 374 414 313 306 222 177 181 326 89 348 347 259 231 265 277 156 166 76 311 358 398 204 304 38 297 300 305 352 336 47 35 220 71 80 178 247 324 314 347 172 362 81 148 281 252 309 202 82 185 88 433 82 21 332 388 136 267 325 264 294 77 150 33 326 102 209 297 126 242 208 144 249 167 222 290 290 322 83 429 291 303 239 244 202 309 307 184 294 87 134 209 328 211 308 61 394 118 258 287 301 290 236 334 268 369 188 196 332 129 56 375 356 220 279 179 39 183 293 327 67 122 163 241 272 148 375 234 238 293 153 218 18 67 269 85 206 169 366 188 138 368 283 256 197 148 85 296 121 308 281 151 98 290 247 281 181 208 294 294 226 289 74 209 314 319 328 417 129 276 357 244 137 186 195 264 209 287 154 89 348 45 61
 67 205 142 244 238 310 135 45 179 317 111 319 243 388 216 151 176 196 333 261 1 99 277 178 84 96 199 215 307 126 91 262 268 306 317 112 123 172 202 237 55 149 316 132 249 355 183 99 225 362 84 26 110 293 96 237 55 137 196 146 212 292 284 298 264 128 124 258 269 133 192 207 225 171 113 201 102 93 138 213 247 85 324 371 162 265 155 189 229 200 278 311 203 182 71 334 227 257 205 305 265 109 357 328 287 318 74 109 159 254 249 44 79 240 156 274 221 360 254 248 108 213 52 342 237 35 210 131 337 232 71 105 318 186 167 196 121 109 42 306 125 353 147 88 149 130 287 208 146 143 89 45 151 297 293 84 227 206 154 170 274 85 199 215 188 69 297 111 64 245 281 344 344 126 115 193 93 173 256 239 346 233 258 249 138 312 140 316 143 182 346 355 122 326 55 61 69 286 264 256 271 165 258 384 232 226 157 139 110 177 129 213 71 54 284 190 195 149 256 320
 115 135 57 195 260 299 225 130 144 220 21 258 163 295 126 234 111 136 242 253 99 1 241 139 89 193 128 119 223 107 109 179 172 213 297 83 220 79 132 172 109 245 237 79 176 260 200 117 135 280 167 76 205 230 117 257 104 108 147 68 115 274 188 202 166 103 85 233 247 49 187 226 151 75 75 107 112 128 113 234 184 36 238 280 82 226 218 166 183 218 264 214 142 226 166 238 131 159 180 245 268 78 353 254 192 268 28 46 115 162 179 112 177 143 78 235 178 271 156 158 195 132 137 249 162 121 177 151 265 136 142 202 300 142 136 100 38 207 137 222 83 268 119 75 217 81 232 209 127 105 35 68 87 291 222 50 132 217 131 225 185 27 139 139 96 155 202 135 138 239 294 258 335 54 86 123 151 126 165 142 263 153 195 272 234 264 61 225 190 206 256 275 217 259 91 69 166 202 168 221 190 79 161 292 172 171 248 106 197 220 70 134 32 103 189 241 168 96 264 313
 333 128 279 422 149 87 308 263 101 261 256 88 359 262 186 293 138 362 218 73 277 241 1 104 194 347 133 268 174 152 189 157 309 227 69 170 351 273 348 386 322 351 152 164 123 260 138 350 311 187 267 273 317 86 186 145 319 349 379 180 265 56 240 242 254 343 325 31 39 200 101 140 127 215 315 279 347 198 353 145 90 274 184 239 173 18 238 89 413 139 63 274 365 194 299 263 217 243 73 78 105 318 141 138 240 56 238 197 128 194 109 244 321 242 300 12 410 221 254 185 286 156 327 241 130 311 68 165 137 288 243 343 73 377 112 219 271 338 312 169 323 197 359 193 248 319 59 102 368 344 214 283 157 93 115 288 288 123 124 219 181 265 110 346 196 270 233 179 248 80 137 200 115 189 167 341 222 116 327 236 185 145 86 156 340 51 289 217 198 151 222 175 323 109 223 296 323 162 236 22 147 289 271 259 392 82 326 346 287 193 172 149 261 228 230 214 83 332 117 103
 231 64 182 326 156 164 239 173 8 224 155 144 273 261 121 232 51 266 206 121 178 139 104 1 97 259 63 189 167 55 98 127 239 197 159 68 269 182 254 295 221 277 162 61 98 243 107 247 228 209 187 172 238 121 98 152 218 247 281 84 186 137 195 202 196 241 224 94 110 101 71 127 80 128 213 194 244 114 251 135 79 171 183 240 82 90 185 36 316 120 129 231 270 159 213 234 151 184 45 130 143 216 220 166 196 140 135 94 26 147 90 152 234 177 203 99 312 224 192 138 212 94 230 225 93 212 39 95 172 211 159 258 162 278 17 141 171 256 217 164 221 207 257 92 192 219 110 92 265 243 111 181 59 158 130 185 209 110 32 176 150 162 41 255 117 186 197 99 162 110 175 204 199 88 65 247 144 18 250 172 198 99 88 167 265 135 190 196 143 119 216 199 247 154 127 193 232 146 183 83 128 195 206 257 298 53 260 245 213 156 70 89 158 135 188 181 33 232 145 179
 143 134 145 280 175 232 161 80 97 271 109 239 251 330 163 162 105 222 274 183 84 89 194 97 1 165 128 193 242 43 20 197 249 253 236 36 179 163 220 260 132 193 245 63 178 302 116 166 218 292 103 83 152 214 29 173 129 182 231 90 189 211 239 251 226 175 162 176 187 90 113 142 154 133 150 187 165 42 186 149 169 106 258 311 104 182 135 106 267 134 198 271 229 137 121 286 183 217 122 225 191 150 282 254 241 235 68 60 80 199 174 57 141 203 166 191 261 297 218 192 131 150 135 287 167 118 127 64 262 214 73 166 238 225 84 158 126 165 121 240 161 286 194 17 135 162 205 132 198 183 56 97 84 220 218 117 210 135 71 138 213 99 122 227 141 97 248 47 74 167 213 280 267 74 38 211 71 94 247 200 278 167 180 187 181 230 149 260 102 120 286 284 162 247 32 113 137 220 221 173 203 166 228 326 259 146 184 182 132 132 65 148 88 40 235 153 112 180 185 243
 111 295 231 303 270 362 90 87 258 412 204 402 323 483 311 116 266 267 427 316 96 193 347 259 165 1 289 308 401 205 162 355 359 402 375 198 37 263 279 309 105 73 407 222 340 450 228 146 313 454 86 118 55 378 163 270 111 200 261 240 305 350 379 393 359 193 197 324 331 229 251 245 315 266 188 292 154 151 199 249 333 174 417 466 256 339 156 260 288 240 334 406 275 202 50 430 322 352 276 387 310 183 401 417 383 394 169 202 244 349 337 108 27 335 241 347 278 454 349 343 83 307 66 437 328 76 284 185 426 323 106 19 375 249 245 292 211 31 58 399 199 446 208 174 145 206 367 261 200 210 184 131 242 346 381 169 319 252 230 179 368 176 286 295 283 79 393 169 101 298 317 438 393 220 201 271 129 258 343 335 438 326 343 278 67 389 226 411 170 222 441 446 63 411 135 140 29 379 360 328 363 253 352 479 301 310 101 204 84 197 220 306 164 125 379 199 267 223 297 369
 237 8 153 293 217 210 285 207 70 162 137 131 227 205 61 282 25 233 149 173 199 128 133 63 128 289 1 137 115 97 138 71 182 136 198 94 306 142 217 255 230 320 119 69 52 183 169 244 179 165 230 185 279 103 142 213 225 230 251 61 134 179 132 140 135 226 206 136 153 80 133 189 27 84 198 147 239 159 235 197 58 163 131 185 48 116 241 97 284 183 176 168 235 220 248 172 92 123 100 119 199 203 266 131 134 146 137 93 57 85 52 184 267 118 172 123 282 171 132 76 256 32 248 166 40 231 87 150 140 158 200 292 202 251 77 88 149 292 240 112 204 159 239 117 246 199 108 153 250 223 114 187 49 208 96 177 157 172 88 235 90 154 26 215 65 225 135 149 201 166 232 152 243 78 92 212 191 49 198 112 151 40 68 228 308 142 163 137 200 181 161 158 289 132 156 194 261 93 121 115 76 160 147 202 261 52 308 227 258 216 71 26 155 167 125 241 92 208 203 226
 214 142 83 174 340 346 342 247 196 118 105 244 94 206 85 349 140 122 162 307 215 119 268 189 193 308 137 1 164 190 212 136 56 126 334 170 337 49 100 130 213 363 190 147 157 165 284 199 45 221 283 192 322 218 220 336 207 156 145 113 5 316 92 107 61 157 139 273 289 106 257 308 143 65 140 24 191 234 161 317 184 136 176 197 109 251 327 225 169 301 312 106 121 323 284 138 59 61 232 236 332 146 402 216 96 271 145 135 170 97 168 228 294 45 84 258 172 194 50 102 312 114 248 160 145 234 221 246 227 23 257 319 338 150 197 50 99 324 251 166 136 201 159 177 327 127 233 279 174 144 142 178 135 344 195 144 21 294 201 329 125 133 162 90 74 272 111 235 254 298 363 189 379 123 171 98 262 172 62 50 201 130 192 352 351 269 91 144 292 293 177 220 334 235 205 172 282 152 73 251 150 66 47 203 139 187 365 151 314 318 140 121 146 218 99 342 221 123 333 362
 336 110 224 337 305 260 399 319 173 96 224 106 253 95 99 395 138 285 45 241 307 223 174 167 242 401 115 164 1 210 252 46 178 61 238 207 419 198 263 292 331 433 31 181 70 87 268 335 205 59 343 291 393 92 256 301 325 306 307 163 164 230 89 82 117 305 285 195 210 177 228 284 90 153 280 185 328 273 311 291 97 256 17 73 147 161 351 193 333 279 235 114 284 324 361 92 109 110 188 107 272 286 310 59 86 146 239 200 169 69 80 297 379 122 236 163 335 58 124 68 370 95 354 68 77 337 171 260 70 175 314 405 243 311 183 135 230 405 349 6 282 46 312 229 357 274 118 243 326 296 219 288 160 266 61 269 178 265 197 342 41 248 128 253 129 338 73 262 315 241 306 39 284 182 206 261 305 158 207 115 41 76 94 315 421 146 235 45 309 282 51 57 403 88 269 291 373 23 98 168 41 219 139 92 302 122 421 302 372 321 182 96 254 280 78 346 185 277 281 276
 182 101 159 301 156 196 191 119 54 251 127 198 261 301 142 187 74 242 245 148 126 107 152 55 43 205 97 190 210 1 45 166 244 229 198 25 217 169 235 276 172 226 210 44 143 277 97 202 222 257 136 123 187 174 47 153 169 211 254 78 186 173 219 230 212 204 189 136 148 87 81 122 121 126 177 189 200 64 215 131 130 133 226 281 87 140 148 66 289 114 162 254 247 135 159 264 167 202 82 183 162 179 249 216 221 193 95 65 42 176 137 98 180 191 181 149 284 266 206 167 162 123 177 261 134 160 85 59 224 211 107 205 200 249 42 147 143 203 163 207 187 253 222 42 152 186 164 102 228 210 74 134 61 186 180 146 209 111 30 144 185 125 85 239 126 134 225 54 109 133 187 247 232 69 23 227 96 55 248 186 244 136 140 168 215 188 166 232 108 105 256 248 196 207 74 148 178 188 204 132 170 177 218 297 277 106 213 210 163 130 51 120 117 81 214 155 70 203 157 209
 154 143 164 298 158 220 148 76 97 286 129 241 271 341 177 147 115 241 285 172 91 109 189 98 20 162 138 212 252 45 1 208 267 267 227 48 173 182 239 279 142 183 253 76 186 316 99 179 238 300 93 95 143 218 10 156 141 199 249 106 208 202 254 265 243 192 179 169 179 107 102 125 163 151 167 206 179 24 202 132 174 124 268 322 119 179 116 101 285 117 188 287 248 118 116 300 199 233 117 227 177 167 269 260 256 234 87 78 86 213 181 56 137 220 185 188 279 308 235 205 119 162 140 300 177 124 124 46 268 232 63 161 228 243 84 175 145 159 124 249 179 295 211 36 118 180 206 119 214 201 75 111 96 208 224 134 229 120 69 119 225 117 129 246 157 90 262 28 65 155 198 290 255 91 49 230 55 99 266 217 287 177 184 170 171 228 168 272 83 102 297 291 153 251 37 127 136 230 237 169 212 185 245 338 278 149 171 199 121 112 79 160 106 40 250 134 107 198 170 231
 292 66 185 308 273 243 355 274 133 106 182 110 229 136 59 352 94 253 80 216 262 179 157 127 197 355 71 136 46 166 208 1 162 74 223 162 374 162 232 265 286 389 60 136 36 117 232 292 179 102 299 246 348 87 212 269 281 267 274 118 134 211 85 86 103 265 245 172 188 133 192 249 48 112 240 154 286 229 272 257 69 213 63 115 102 141 310 156 302 243 213 119 253 285 316 111 78 93 154 105 246 245 296 82 84 143 194 155 126 43 50 251 333 98 199 146 303 101 106 36 326 50 309 99 36 292 138 218 94 151 269 359 228 277 143 98 189 360 303 45 242 92 274 184 315 235 108 210 287 258 174 243 115 246 61 226 152 231 156 302 26 204 87 224 87 293 78 219 270 213 280 84 271 137 161 229 261 116 187 91 85 31 72 284 377 142 196 70 268 244 91 97 358 100 224 247 327 25 84 146 15 183 123 132 273 89 377 263 327 282 136 50 209 235 74 307 149 240 253 258
 259 185 129 174 392 391 396 301 246 102 157 271 85 192 124 404 189 138 161 354 268 172 309 239 249 359 182 56 178 244 267 162 1 125 376 225 389 97 114 127 260 416 207 201 190 149 337 239 52 227 338 243 376 249 275 388 253 189 160 167 60 359 91 102 62 192 177 317 334 161 308 361 182 119 181 68 230 290 193 369 221 186 184 190 161 292 382 274 174 353 358 83 133 378 337 121 93 70 280 266 380 187 446 234 94 304 199 190 221 121 203 283 345 67 123 298 180 192 58 128 366 155 296 150 180 284 268 301 246 37 312 370 380 169 248 100 149 376 302 181 174 205 190 232 383 165 267 330 204 176 197 228 188 389 221 192 41 346 253 384 144 184 208 97 123 326 110 290 309 346 412 193 422 178 226 116 317 222 34 74 209 166 227 404 404 302 135 145 347 347 174 230 388 259 260 220 333 171 81 293 176 108 41 189 140 230 419 184 368 373 194 162 197 273 101 397 270 156 383 406
 323 134 199 293 346 313 413 326 204 36 208 165 206 84 92 413 156 246 38 289 306 213 227 197 253 402 136 126 61 229 267 74 125 1 292 220 425 168 223 246 320 443 91 192 109 50 302 315 160 104 355 286 402 149 272 342 314 279 269 166 126 282 36 24 68 279 260 244 260 174 264 321 118 138 258 148 308 289 283 329 141 242 63 73 151 212 375 228 291 315 285 54 244 355 367 38 83 66 227 165 319 264 365 119 32 205 234 202 192 55 122 304 382 82 206 216 294 70 78 63 383 107 349 37 108 333 211 284 129 130 326 408 297 275 212 114 210 411 347 66 257 82 283 239 380 248 174 282 297 268 219 279 172 317 118 253 134 303 223 370 49 235 157 210 119 348 16 282 325 286 353 69 339 184 219 222 321 184 156 79 86 99 142 357 431 204 209 21 334 315 52 107 413 148 277 279 374 66 53 218 81 188 90 81 258 162 436 274 385 351 190 111 244 289 28 376 221 247 326 329
 378 194 339 484 132 30 322 295 155 327 314 140 424 320 253 302 200 423 281 61 317 297 69 159 236 375 198 334 238 198 227 223 376 292 1 220 373 336 411 450 367 366 213 220 190 323 149 399 376 242 291 318 337 147 222 129 365 404 439 241 331 26 307 308 321 399 381 66 51 259 127 139 195 279 371 344 398 230 409 140 158 328 246 298 236 85 244 133 474 142 42 341 427 194 326 327 284 310 119 134 79 373 74 194 307 99 290 252 184 262 176 280 349 310 361 79 470 280 321 252 304 223 366 305 198 350 122 192 190 354 271 368 6 436 162 285 329 361 348 232 379 255 415 239 255 377 120 115 423 402 267 331 216 46 178 341 354 127 170 222 248 319 175 410 262 297 300 210 277 78 100 259 48 247 217 404 247 175 394 303 243 212 153 133 357 96 349 281 211 159 283 229 341 162 263 345 353 228 304 84 214 351 338 318 455 148 336 403 304 196 228 216 313 265 297 211 131 391 95 42
 164 99 135 277 179 219 195 114 70 239 102 207 238 295 130 194 70 217 239 172 112 83 170 68 36 198 94 170 207 25 48 162 225 220 220 1 214 146 211 252 154 227 211 29 143 269 120 181 200 258 138 105 187 182 54 176 150 187 229 60 166 195 207 218 197 181 165 156 170 65 105 146 119 107 154 167 179 71 191 154 136 110 224 276 72 157 161 87 265 138 184 240 223 154 155 253 152 187 102 193 186 155 272 220 209 207 72 41 48 166 140 92 175 174 157 166 260 263 190 158 165 116 163 253 133 146 103 77 228 191 108 200 222 225 60 130 119 200 152 205 163 251 198 26 164 162 175 126 205 186 50 114 50 210 184 123 189 135 51 161 179 101 88 216 110 132 215 67 109 157 212 245 255 48 4 203 102 62 227 171 243 132 147 192 215 202 142 225 124 127 252 249 197 215 65 127 171 185 190 149 168 154 200 292 253 114 217 186 166 149 33 113 94 75 203 173 90 179 182 232
 147 312 261 339 260 357 64 101 267 437 233 412 356 504 333 92 283 302 448 313 123 220 351 269 179 37 306 337 419 217 173 374 389 425 373 214 1 293 313 344 140 38 423 239 356 474 224 182 345 470 85 146 37 389 172 260 146 235 296 261 334 348 404 418 385 228 231 326 332 252 252 238 332 291 222 322 189 157 235 241 346 204 436 486 276 344 140 266 324 234 332 432 310 190 59 454 347 378 281 397 303 217 392 432 408 401 195 224 257 371 352 124 45 361 273 352 314 474 375 365 70 326 101 460 345 109 291 188 439 353 112 20 372 285 254 317 241 15 89 417 233 464 244 191 128 240 376 259 236 246 207 162 260 340 395 200 349 247 239 164 388 205 300 328 307 84 417 174 108 296 307 457 387 241 216 305 130 271 375 360 456 344 356 267 33 395 258 433 163 216 461 462 37 423 151 172 57 397 385 333 381 284 380 501 336 321 70 239 70 186 239 325 193 140 403 183 274 258 290 362
 166 148 35 152 323 344 302 207 188 165 62 264 93 250 105 312 137 93 203 301 172 79 273 182 163 263 142 49 198 169 182 162 97 168 336 146 293 1 76 115 166 320 220 129 175 210 265 151 57 256 245 148 280 237 190 320 160 111 113 99 46 315 136 151 107 112 93 272 288 84 243 290 156 59 92 30 144 203 116 299 196 90 211 240 101 256 295 215 144 282 309 153 95 298 241 184 90 105 225 254 322 99 400 244 140 285 106 107 159 130 184 189 250 87 39 264 143 235 96 131 273 128 201 203 161 188 217 221 255 61 220 274 340 115 185 65 53 280 206 199 90 239 116 147 294 81 247 266 130 101 108 133 124 339 218 97 57 278 186 300 158 89 163 75 82 232 155 207 216 290 351 227 378 101 148 70 228 165 87 91 237 148 205 335 309 282 43 185 264 273 218 254 293 258 169 126 238 182 116 254 176 22 94 247 120 193 325 107 275 292 120 133 102 181 141 315 214 81 321 359
 170 223 77 77 389 418 336 244 260 209 111 337 45 300 177 351 211 25 260 374 202 132 348 254 220 279 217 100 263 235 239 232 114 223 411 211 313 76 1 42 175 345 288 198 248 257 330 141 65 320 283 178 309 310 247 386 169 86 48 172 101 389 188 202 156 91 84 346 362 155 313 356 230 134 93 79 133 258 88 364 271 122 275 293 176 331 345 287 71 348 382 192 22 356 270 229 156 158 298 328 393 98 473 313 192 360 154 171 231 196 258 231 272 144 55 339 73 292 146 199 309 202 214 255 235 206 291 282 325 94 264 294 414 56 257 137 95 302 226 265 82 300 83 206 342 74 322 335 96 73 166 158 196 412 290 119 90 345 255 354 224 126 238 19 156 269 208 266 258 361 421 288 452 170 213 10 277 238 84 149 300 221 280 401 335 357 72 242 319 336 274 319 321 330 217 144 258 250 171 329 247 60 136 296 45 268 358 81 311 350 189 207 140 228 196 371 286 57 390 432
 198 261 118 48 430 458 371 280 301 228 152 371 43 318 211 387 251 43 284 414 237 172 386 295 260 309 255 130 292 276 279 265 127 246 450 252 344 115 42 1 205 377 319 239 283 275 370 166 88 346 319 214 342 345 288 427 199 110 52 212 131 429 211 224 179 117 115 386 402 195 354 396 267 173 126 112 157 297 111 404 307 160 302 315 215 370 383 327 50 388 423 209 35 396 304 247 187 183 338 363 433 130 513 344 215 397 194 212 271 226 293 269 304 171 96 378 57 315 170 231 344 238 244 275 270 238 331 322 356 118 301 324 454 65 297 172 135 333 258 294 114 326 103 246 380 108 358 376 114 99 206 194 236 452 323 155 115 386 296 393 254 165 277 42 193 305 231 306 295 402 461 313 492 210 254 50 316 278 94 177 327 256 316 442 367 393 112 266 359 377 297 347 354 363 256 178 290 280 196 368 279 101 157 315 14 306 392 106 346 390 230 244 178 266 220 410 326 89 431 472
 13 237 132 203 292 361 172 95 223 324 113 356 219 403 234 192 209 163 350 313 55 109 322 221 132 105 230 213 331 172 142 286 260 320 367 154 140 166 175 205 1 173 343 167 280 367 237 49 212 387 130 50 141 329 148 291 7 97 158 171 210 342 293 308 268 89 92 306 318 155 243 261 255 183 84 195 54 146 97 267 282 80 346 388 187 310 205 237 188 253 328 316 171 236 105 343 238 263 252 343 318 78 410 359 297 359 94 137 199 270 281 98 101 246 139 319 178 379 258 267 149 238 40 356 266 36 255 184 369 226 124 121 368 147 212 207 115 130 55 330 94 376 106 131 198 102 326 260 100 107 117 44 183 349 325 70 221 259 200 223 294 85 235 190 204 115 309 164 116 296 335 366 396 153 157 167 147 213 242 247 370 260 293 303 164 354 126 333 197 236 364 382 152 360 106 42 86 310 273 302 297 153 258 399 198 264 191 100 151 230 162 239 78 107 295 243 241 119 309 372
 181 325 290 374 246 348 45 119 274 458 259 417 388 521 352 69 296 335 465 306 149 245 351 277 193 73 320 363 433 226 183 389 416 443 366 227 38 320 345 377 173 1 435 254 368 492 218 217 373 482 91 174 42 396 180 247 179 269 330 279 359 342 425 438 408 262 264 324 328 272 251 228 345 313 254 349 224 164 269 230 355 232 450 502 294 345 125 269 359 225 325 455 343 176 80 474 368 400 283 403 293 249 378 441 428 403 219 243 267 389 363 141 74 384 303 353 349 489 399 382 67 342 135 478 358 140 295 189 448 380 121 55 365 319 261 339 269 45 120 431 265 477 278 206 113 272 381 254 271 279 228 191 275 330 405 230 375 240 246 149 405 233 310 360 327 97 436 179 120 289 292 471 375 260 229 337 134 280 404 383 469 358 364 251 13 397 287 451 156 208 478 473 31 430 168 203 88 411 406 334 394 313 404 517 370 329 39 273 66 173 255 340 219 155 423 166 277 290 278 352
 350 113 244 363 290 237 399 324 167 126 240 78 281 110 118 393 142 309 70 222 316 237 152 162 245 407 119 190 31 210 253 60 207 91 213 211 423 220 288 319 343 435 1 186 69 112 258 351 232 48 345 301 395 68 256 286 338 326 331 173 189 207 119 113 146 324 304 176 190 190 217 271 93 171 299 210 345 273 331 278 86 271 34 88 158 141 346 183 358 267 214 144 309 315 365 121 133 139 176 80 254 304 285 29 117 119 251 209 169 94 74 301 384 149 258 142 360 70 152 90 371 106 364 94 80 347 160 256 40 202 315 410 218 334 179 157 248 409 357 27 301 48 333 234 353 294 95 230 346 317 229 300 166 244 39 284 205 252 193 335 66 263 126 279 146 341 104 260 317 223 287 49 259 192 209 285 304 156 235 142 37 85 80 299 423 120 255 75 303 272 71 40 405 58 274 305 379 40 127 149 48 241 168 108 328 113 421 322 372 312 188 105 267 284 108 337 175 298 264 252
 176 75 124 268 196 223 222 139 66 212 95 190 221 268 103 222 45 208 212 177 132 79 164 61 63 222 69 147 181 44 76 136 201 192 220 29 239 129 198 239 167 254 186 1 119 241 138 188 180 233 165 120 213 164 82 192 163 186 222 35 143 196 179 191 170 181 163 155 170 46 116 163 95 83 153 147 185 98 191 171 117 111 197 249 45 149 188 90 257 155 187 213 212 178 181 226 125 160 103 176 195 155 278 198 182 194 77 34 37 138 118 117 199 148 146 158 253 236 163 130 192 89 182 226 108 164 99 101 207 169 135 225 222 218 60 104 111 225 173 179 161 226 197 49 191 158 160 138 205 183 53 125 22 215 162 125 166 150 58 186 152 102 69 201 84 159 187 93 135 164 224 219 258 30 28 191 130 49 206 144 218 106 128 208 242 190 132 198 149 147 224 225 224 195 89 135 194 159 163 143 142 139 175 264 242 98 245 184 194 173 10 87 99 100 175 197 90 173 193 237
 287 45 192 324 239 208 332 256 103 141 182 90 250 164 73 327 75 267 111 181 249 176 123 98 178 340 52 157 70 143 186 36 190 109 190 143 356 175 248 283 280 368 69 119 1 150 200 291 200 116 277 236 328 63 189 235 275 272 287 110 154 177 119 121 133 269 250 137 153 128 159 216 26 119 243 172 286 206 277 223 34 210 86 143 95 107 282 124 317 210 178 153 268 255 298 146 101 122 120 81 211 247 262 81 118 116 186 144 101 73 15 234 317 124 209 112 317 127 134 64 303 49 299 131 15 281 104 191 90 174 248 342 195 288 114 112 192 342 290 67 247 111 281 167 288 241 78 176 292 265 164 236 99 211 47 224 175 197 128 273 61 202 59 242 95 274 113 193 250 178 245 107 237 127 141 244 237 89 212 117 102 28 38 249 356 113 203 104 240 213 120 107 337 86 206 243 312 50 115 111 32 195 151 161 291 55 354 269 305 251 122 44 204 217 109 277 116 248 218 224
 370 180 243 322 388 346 462 375 249 49 255 188 233 44 141 462 204 281 43 326 355 260 260 243 302 450 183 165 87 277 316 117 149 50 323 269 474 210 257 275 367 492 112 241 150 1 347 360 193 102 404 334 451 178 321 384 360 320 304 215 166 316 75 60 104 321 302 281 296 223 308 365 163 186 301 187 352 338 324 372 180 288 79 46 200 247 423 272 322 359 321 67 278 401 416 29 130 107 269 191 358 307 396 135 71 230 282 251 239 104 162 353 431 124 247 249 326 56 115 112 432 155 396 20 152 381 253 332 143 164 375 457 328 311 258 161 255 459 395 92 299 80 323 288 428 290 204 325 338 308 268 327 220 352 147 299 169 346 270 417 94 282 202 243 168 397 59 330 374 325 392 70 370 233 268 258 370 230 182 122 90 145 179 398 480 231 252 48 382 360 44 111 462 168 326 325 423 102 95 254 120 230 123 41 287 204 485 315 434 397 239 159 291 338 73 423 265 287 366 362
 249 170 254 394 61 135 174 153 100 330 220 217 357 362 225 157 153 335 310 89 183 200 138 107 116 228 169 284 268 97 99 232 337 302 149 120 224 265 330 370 237 218 258 138 200 347 1 277 317 302 143 192 189 202 92 58 236 297 345 172 280 125 300 308 299 290 277 110 111 182 43 27 185 220 264 284 277 92 300 35 174 221 283 341 177 137 100 77 381 19 109 336 341 58 180 339 254 288 83 203 84 265 176 254 302 193 182 160 118 253 189 142 203 279 276 143 375 324 294 243 156 200 227 329 197 213 99 54 258 306 126 220 149 339 93 239 237 213 208 264 276 305 308 127 111 276 181 38 312 298 166 209 150 119 221 231 303 25 85 82 255 213 147 335 216 151 302 75 133 72 100 303 166 165 118 321 101 122 343 274 294 205 179 73 209 188 260 301 63 15 318 291 193 234 134 225 208 249 288 125 230 273 307 359 371 147 190 297 156 57 147 194 203 131 293 80 85 294 73 142
