NAME : domp280p93v1
COMMENT : (Deleplanque et al.) 
TYPE : DOMP
DIMENSION : 280
DISPLAY_DATA_TYPE: NO_DISPLAY
OPEN_FACILITIES : 93
COST_SECTION
 1 257 239 227 214 362 366 56 65 288 324 187 230 116 72 225 55 88 418 235 194 271 232 294 363 225 139 360 297 102 256 412 270 293 318 253 206 380 221 260 142 402 343 327 147 464 72 213 293 340 226 80 410 21 166 48 152 301 354 316 357 264 325 259 247 308 323 329 231 97 281 195 182 398 302 254 210 309 134 320 284 337 316 253 286 62 192 140 273 276 150 224 142 79 226 60 80 17 430 97 447 85 319 122 114 301 264 179 111 320 464 307 53 9 253 55 260 159 359 329 51 156 284 365 233 109 295 36 263 48 125 72 217 85 137 267 207 424 240 287 183 95 219 22 146 155 332 288 206 400 270 61 31 145 233 210 205 354 369 99 140 155 83 425 237 424 104 202 113 308 315 184 369 35 265 32 406 74 338 214 186 129 242 345 228 209 328 393 306 439 233 332 353 276 378 241 374 238 220 396 95 277 138 186 307 187 81 119 303 112 186 134 324 79 195 357 236 146 212 210 344 319 279 39 150 299 255 64 255 295 101 122 163 148 357 283 218 240 232 315 75 401 349 306 351 152 60 319 321 277 294 267 138 346 309 197 180 356 163 236 129 169 367 368 343 375 392 221 53 84 120 70 229 87 413 109 365 243 264 298
 257 1 329 73 186 211 325 207 257 207 189 99 190 198 208 263 294 279 214 41 147 264 160 347 124 132 119 379 58 161 154 179 63 354 340 286 199 257 277 61 173 225 207 89 189 260 326 121 237 87 46 195 219 263 137 232 107 61 377 73 260 167 70 60 237 140 67 289 210 352 39 318 120 204 320 162 87 279 131 279 37 368 66 12 281 206 190 156 71 147 186 60 146 255 213 281 302 267 249 182 249 279 219 203 185 247 90 315 184 137 256 158 218 254 247 274 11 104 342 125 214 107 210 177 313 185 105 292 13 296 237 216 120 181 308 43 122 250 259 47 211 164 286 278 275 215 125 160 91 215 179 198 266 269 81 61 53 286 140 332 278 152 301 230 217 205 188 327 152 56 203 84 377 225 22 246 218 330 321 313 151 169 234 230 318 245 221 165 56 214 32 95 306 151 134 258 229 115 105 168 233 241 217 76 105 259 331 275 325 321 89 307 259 185 142 140 62 115 71 131 137 360 46 236 233 280 20 216 246 220 195 138 139 149 292 42 121 285 164 144 322 259 275 268 168 140 309 242 297 284 77 325 155 244 65 147 161 366 164 36 236 137 234 334 106 197 192 48 253 216 150 199 107 329 189 169 314 129 111 353
 239 329 1 258 149 271 174 217 175 182 239 233 152 161 283 72 204 155 358 289 183 107 182 60 364 205 266 131 327 224 203 389 379 57 97 66 133 253 54 371 169 318 247 341 150 388 237 371 158 374 331 199 337 220 336 275 273 388 125 343 217 197 388 285 114 448 372 153 132 253 323 49 341 332 90 194 346 137 287 151 331 107 352 319 107 268 140 322 288 433 151 341 316 161 126 187 180 228 340 292 369 158 205 152 174 158 392 67 178 282 393 458 206 231 108 189 324 247 152 306 214 290 175 307 17 309 282 250 325 219 125 290 374 270 113 305 209 328 85 374 119 255 44 239 94 122 310 225 345 325 190 234 211 96 363 324 294 190 355 192 100 335 175 351 128 378 180 47 223 380 215 254 144 226 319 265 331 253 138 26 365 319 114 229 13 86 215 369 382 398 326 343 171 222 383 87 270 389 228 371 153 137 130 266 296 73 227 121 88 157 246 116 175 265 188 333 354 282 335 201 316 87 372 268 111 123 341 194 112 177 176 239 335 191 189 369 375 55 178 269 217 283 192 144 295 323 220 184 136 93 400 41 190 218 392 373 169 133 169 334 122 196 255 171 349 303 335 283 187 174 289 272 229 209 377 198 181 400 405 64
 227 73 258 1 114 166 258 172 210 140 136 42 117 142 195 191 253 228 198 34 77 193 88 275 138 60 104 308 78 125 86 187 131 282 269 213 127 205 206 126 112 194 156 104 126 245 289 163 169 126 92 153 195 227 158 214 97 132 306 97 201 99 132 35 165 208 118 221 138 316 68 251 148 181 248 93 127 209 128 210 75 296 102 63 209 189 119 166 47 207 122 108 155 205 141 236 255 233 221 176 231 228 158 145 132 179 153 250 132 103 244 223 179 222 175 230 67 72 273 106 178 109 142 149 243 185 73 262 68 258 177 205 164 166 249 50 50 219 187 119 142 143 215 246 212 150 108 101 129 188 112 169 228 206 133 97 63 222 143 286 217 169 253 209 145 200 138 260 115 123 144 48 307 193 62 224 192 296 252 244 182 176 162 174 248 174 162 167 125 214 82 108 240 89 155 186 183 167 32 171 180 171 155 53 83 190 292 217 253 269 43 249 193 167 72 132 117 111 111 59 121 288 118 216 168 209 88 174 174 153 145 108 159 92 228 114 165 214 93 103 282 214 212 199 136 154 270 177 228 212 148 253 100 185 135 182 93 295 99 90 176 74 184 266 118 165 172 34 209 167 146 184 36 286 188 123 249 181 172 281
 214 186 149 114 1 158 169 164 168 76 120 98 18 99 219 79 214 171 232 146 44 85 36 163 219 58 158 201 180 137 61 251 241 169 159 101 17 168 95 235 74 203 136 194 67 272 255 253 84 227 197 138 217 204 230 225 159 245 198 195 145 61 242 138 56 315 225 129 28 280 176 151 228 208 139 54 222 113 185 119 184 186 205 175 103 206 24 226 141 308 64 210 216 156 29 193 204 212 230 213 253 173 107 94 101 93 260 155 105 143 274 329 162 206 66 190 179 126 175 164 166 177 72 178 133 229 137 242 180 224 108 228 255 194 171 158 65 222 74 231 44 170 106 226 128 70 168 91 222 205 62 173 200 123 234 195 161 146 213 232 136 235 200 232 36 247 111 160 130 235 105 123 202 184 174 226 212 267 152 138 259 229 51 134 140 64 116 230 237 266 189 196 152 83 238 74 166 265 82 233 129 74 85 136 151 88 252 146 143 205 113 172 115 191 48 193 221 173 208 56 176 177 230 222 86 107 200 151 65 82 114 139 230 81 150 226 256 101 32 132 240 191 139 106 163 220 233 107 130 103 260 140 88 134 248 263 42 189 56 198 104 70 157 175 203 181 207 142 173 132 195 205 82 240 243 115 164 278 276 168
 362 211 271 166 158 1 160 308 323 92 40 191 143 251 350 205 369 328 90 187 169 165 132 250 144 139 265 242 162 270 107 139 270 260 220 206 171 53 224 270 221 48 25 148 221 119 410 324 114 185 248 284 68 356 323 363 259 251 243 163 76 100 224 155 161 345 200 141 154 436 176 292 312 65 207 110 288 146 291 136 182 243 177 202 170 340 181 331 141 357 217 265 320 312 162 349 361 363 73 335 100 330 67 248 250 116 299 302 252 75 124 365 310 355 164 345 200 229 189 95 312 273 99 54 256 347 107 394 199 379 265 359 324 321 325 169 160 65 188 243 200 296 235 377 282 227 97 75 291 55 97 312 353 277 289 257 226 115 123 389 290 334 357 81 154 115 259 299 260 230 58 210 232 330 190 369 62 421 177 271 346 339 162 47 266 203 57 123 234 135 235 145 144 88 159 187 20 323 154 124 284 135 242 218 109 234 408 302 212 362 202 326 106 321 168 103 270 274 271 155 91 247 249 363 242 157 230 300 160 95 264 260 324 216 121 240 325 217 133 67 397 50 105 136 51 319 389 92 159 183 277 242 226 64 247 346 184 225 200 242 261 195 30 170 143 39 73 195 327 284 308 337 144 397 120 255 145 337 321 254
 366 325 174 258 169 160 1 323 308 120 152 259 155 255 384 144 349 299 245 290 209 95 176 126 298 203 325 88 294 304 174 298 387 135 85 122 169 116 155 383 239 197 144 291 226 259 388 416 91 330 350 299 220 352 397 387 326 379 91 302 85 160 361 267 121 464 339 41 144 409 301 215 393 222 85 167 382 58 352 51 309 98 316 315 81 370 185 394 261 464 224 365 384 293 147 329 330 360 209 380 242 301 112 247 262 81 411 231 266 214 267 480 318 358 114 328 317 292 33 240 324 343 117 212 166 396 235 388 316 362 243 393 417 360 272 287 221 196 127 368 185 338 161 373 236 212 244 169 382 209 148 335 344 234 390 352 317 46 279 351 245 402 325 230 137 272 272 217 298 362 129 284 75 341 308 384 214 403 36 188 425 397 126 116 177 158 115 282 365 292 339 290 20 176 314 126 148 423 230 282 272 97 229 296 244 184 381 264 87 316 274 274 68 357 212 257 374 340 366 212 242 109 370 382 217 68 343 306 112 106 272 307 397 249 40 363 418 137 172 201 369 144 57 65 206 388 368 85 45 92 401 134 256 98 378 429 210 71 223 348 239 238 132 10 291 198 232 291 317 284 363 370 224 364 279 280 16 437 430 126
 56 207 217 172 164 308 323 1 61 237 270 132 180 69 68 188 88 89 363 182 140 230 179 266 308 171 92 328 244 49 202 358 228 267 285 218 159 329 188 218 91 348 289 273 99 408 120 183 246 288 181 26 355 57 138 64 105 255 323 263 307 211 276 204 203 275 272 285 184 147 228 180 150 342 267 200 172 266 96 276 232 307 264 203 246 52 143 117 218 248 101 182 114 68 179 78 101 62 376 79 392 87 267 78 64 254 226 166 60 264 408 278 15 51 210 71 209 106 320 274 8 113 234 310 208 96 240 91 212 89 94 74 187 58 135 214 152 370 201 241 139 54 189 75 126 113 277 234 169 345 217 20 60 123 194 166 155 307 314 129 123 131 101 370 190 369 53 188 59 260 262 130 335 23 213 63 351 126 298 193 164 110 198 294 205 170 276 338 259 384 186 278 309 222 324 202 320 206 164 341 65 231 98 134 252 154 125 106 269 128 131 132 277 52 141 302 194 103 170 155 289 290 233 60 114 257 207 24 212 245 52 70 136 94 311 236 188 206 179 260 116 348 301 262 295 123 103 270 280 238 252 239 84 296 263 173 127 322 111 190 97 115 314 327 289 321 336 169 52 44 87 56 173 124 358 54 321 214 230 271
 65 257 175 210 168 323 308 61 1 242 284 170 184 74 119 165 47 30 389 227 159 214 192 230 347 193 148 297 286 99 219 392 284 230 256 192 157 334 159 274 106 366 302 313 103 432 88 243 242 333 235 63 377 47 198 104 160 309 292 306 308 224 326 244 192 334 320 272 180 114 272 132 210 366 240 214 231 253 155 265 278 274 309 251 228 104 145 176 256 308 107 238 174 16 174 28 46 54 394 136 414 27 273 76 80 249 284 116 80 291 433 337 47 57 197 23 257 154 299 305 54 171 237 334 170 152 272 81 260 58 67 123 246 116 78 256 178 386 182 294 131 113 157 67 82 102 308 251 227 366 227 79 38 82 252 222 207 300 349 77 76 190 45 392 185 398 73 139 107 311 271 175 307 59 259 92 372 100 279 151 223 168 188 300 164 151 283 372 310 415 239 317 296 240 364 183 332 266 195 375 40 224 85 182 285 126 87 56 242 68 173 75 272 110 162 334 251 161 227 178 320 256 287 96 92 241 260 43 200 247 67 122 196 121 303 289 247 178 191 284 75 358 296 251 319 183 67 269 263 218 308 204 112 299 316 233 142 294 126 244 71 141 323 310 328 341 362 215 13 44 147 110 202 78 390 90 308 274 289 235
 288 207 182 140 76 92 120 237 242 1 58 146 59 174 289 115 288 243 177 171 103 80 64 170 195 87 217 181 179 207 55 211 268 179 148 119 86 94 134 264 148 139 68 181 142 209 329 300 34 218 231 212 157 279 286 298 215 261 180 189 71 42 246 149 70 345 224 84 65 354 183 202 280 151 131 49 265 77 245 74 191 175 201 196 90 277 99 286 143 346 139 247 276 229 72 267 277 287 164 280 191 245 32 168 175 43 292 211 179 108 214 361 236 281 75 264 198 182 137 135 240 232 8 127 167 294 121 317 198 299 180 298 301 262 236 169 108 154 98 249 113 238 145 301 193 142 139 54 266 144 29 245 274 188 272 235 200 83 181 304 202 293 272 171 63 197 185 209 198 245 35 170 176 258 189 300 151 341 118 181 313 292 72 60 177 113 42 191 248 217 221 180 101 59 213 97 95 306 113 193 203 49 158 181 132 144 325 215 136 274 160 237 53 261 104 158 256 230 249 99 141 173 252 295 156 82 224 226 71 14 189 204 286 150 89 245 302 129 62 95 314 118 74 65 114 278 307 39 95 100 282 157 158 59 260 315 112 165 128 229 176 133 84 128 184 122 154 173 247 206 258 275 107 313 197 187 109 320 311 175
 324 189 239 136 120 40 152 270 284 58 1 157 105 213 314 172 331 290 120 161 131 136 94 225 147 102 231 226 148 233 69 156 251 234 199 176 134 70 191 249 183 85 21 141 182 154 371 298 86 180 223 246 101 317 292 326 226 236 226 153 74 61 214 131 127 327 191 125 118 397 158 258 283 94 183 71 261 125 258 117 165 224 167 180 144 303 142 298 120 335 179 239 287 273 125 311 323 325 111 300 136 291 43 209 211 91 278 266 214 64 158 346 272 317 132 307 179 195 176 90 274 241 65 70 224 312 88 356 179 340 227 323 297 285 288 148 124 103 155 227 162 261 202 339 245 188 93 39 263 88 59 275 314 240 264 231 198 107 130 351 253 302 319 115 118 140 221 265 223 217 27 177 218 292 169 331 95 383 161 238 317 306 128 42 234 167 38 137 221 160 210 140 133 52 164 154 51 299 119 139 246 105 203 186 95 198 370 264 189 324 168 289 88 285 130 108 246 241 244 118 92 225 231 325 204 133 208 262 128 65 225 225 293 178 114 223 299 186 94 51 358 81 96 113 59 287 350 71 140 155 260 214 188 58 234 317 145 210 162 218 223 158 49 161 140 66 97 167 288 245 274 300 110 358 141 217 138 313 299 229
 187 99 233 42 98 191 259 132 170 146 157 1 107 103 161 170 212 188 235 62 55 182 84 257 179 60 75 298 118 86 95 227 148 263 256 195 108 224 182 140 75 225 177 145 90 281 248 158 169 165 101 112 229 187 141 178 71 158 295 137 213 107 165 75 153 220 154 220 124 276 105 220 135 215 236 98 125 205 102 209 111 283 141 90 199 153 96 143 88 211 88 113 132 165 125 196 215 193 252 145 265 188 169 107 92 179 164 217 91 136 280 232 139 181 162 189 96 39 269 144 138 87 146 183 218 156 110 222 98 217 140 170 159 132 212 88 39 249 169 144 115 108 191 206 177 117 146 120 125 220 118 130 187 171 137 98 64 228 184 245 181 149 213 243 132 239 97 229 76 154 158 26 299 153 95 186 226 256 247 216 168 150 148 190 222 151 176 207 154 253 95 149 241 106 196 169 207 168 39 211 140 166 119 39 121 161 251 179 240 230 16 211 197 132 51 171 125 86 111 49 158 273 140 179 134 202 109 133 162 158 104 72 141 53 233 139 161 193 88 134 241 237 218 197 169 133 229 184 223 200 169 233 60 198 163 171 65 286 66 103 139 39 205 266 159 196 208 53 168 126 118 148 48 246 227 82 251 181 179 263
 230 190 152 117 18 143 155 180 184 59 105 107 1 116 235 81 230 187 220 150 55 77 32 160 213 59 171 193 178 153 52 242 247 167 152 99 29 152 99 241 91 189 121 190 84 258 271 264 68 224 204 155 204 221 243 242 172 248 190 193 128 49 242 139 49 322 224 115 22 296 176 160 240 195 132 44 231 100 198 105 184 180 203 179 94 222 40 240 139 317 81 218 230 172 27 210 220 228 215 228 240 188 90 110 118 78 267 165 121 133 261 336 179 223 58 206 183 138 163 156 183 189 55 166 136 244 131 259 183 241 123 244 265 209 184 159 72 207 72 235 58 186 110 243 141 85 160 79 232 192 47 189 216 136 243 203 169 130 205 248 149 248 216 219 28 236 128 168 146 237 89 132 193 201 176 243 198 283 141 144 271 244 45 117 144 70 100 221 239 255 196 192 138 73 232 72 150 274 86 224 145 60 101 145 145 97 268 160 137 220 122 185 99 207 58 184 229 186 217 62 167 172 235 239 100 96 205 168 57 66 131 154 243 97 135 230 267 102 27 122 256 175 123 92 152 233 250 91 117 96 265 139 104 117 250 275 57 180 72 204 119 84 141 161 198 168 195 148 189 148 209 221 84 256 232 131 149 288 284 165
 116 198 161 142 99 251 255 69 74 174 213 103 116 1 132 122 120 87 316 163 86 162 120 204 277 120 109 263 220 64 146 321 236 206 219 152 92 266 124 227 33 294 231 244 33 359 160 214 179 267 186 45 305 106 177 132 118 255 258 239 242 152 266 176 135 297 256 217 117 187 208 133 183 293 201 142 193 198 128 208 214 242 243 190 178 118 77 163 187 278 36 192 156 65 112 101 116 114 322 135 341 87 205 10 15 187 243 125 19 218 360 304 65 108 142 96 197 98 253 233 70 133 170 261 149 152 200 145 199 129 42 140 217 113 111 190 106 315 133 239 71 95 127 128 82 46 236 179 190 294 157 82 102 77 212 176 152 240 278 147 83 175 114 319 123 326 20 142 64 253 201 115 269 87 197 130 300 171 231 138 206 160 130 231 149 103 214 300 253 343 185 248 241 168 295 134 262 233 124 303 39 164 33 124 213 92 159 78 203 128 110 110 210 109 89 262 206 125 184 106 247 227 234 128 51 189 204 53 144 180 18 81 175 52 243 234 218 141 120 211 148 288 234 194 246 163 139 204 212 171 259 177 44 232 260 213 69 256 53 192 43 70 254 259 258 269 289 153 77 34 129 119 131 150 317 39 253 244 253 209
 72 208 283 195 219 350 384 68 119 289 314 161 235 132 1 253 125 147 393 194 188 292 227 332 323 212 94 394 256 83 247 376 210 334 350 283 217 377 254 199 146 385 334 287 159 440 140 145 302 293 170 89 389 89 98 28 104 243 389 274 360 257 271 223 264 240 274 345 242 162 237 245 115 375 332 247 147 327 77 335 239 373 271 206 308 16 201 71 239 206 161 165 75 130 238 125 148 87 412 29 425 144 318 141 123 311 199 231 119 296 438 237 79 74 272 119 213 125 383 300 71 101 287 343 275 38 267 99 216 119 160 10 149 31 196 226 191 408 264 231 201 54 256 91 192 178 302 276 142 380 266 51 98 189 169 153 157 364 334 169 188 85 150 403 249 394 114 253 92 254 310 149 400 61 220 46 385 138 361 259 116 59 259 342 272 235 326 359 251 407 180 292 369 263 337 265 364 170 198 362 132 290 163 146 277 220 151 170 334 179 154 193 333 30 187 325 176 94 152 197 315 357 221 36 180 318 202 90 273 298 115 91 95 141 368 227 149 272 229 294 146 394 357 321 329 85 131 324 341 302 233 305 132 347 252 126 179 387 164 181 163 158 360 388 304 356 367 181 107 111 59 15 208 157 381 105 380 174 197 338
 225 263 72 191 79 205 144 188 165 115 172 170 81 122 253 1 206 155 290 223 117 53 111 89 293 136 216 142 258 181 132 319 316 94 98 31 65 196 20 309 117 253 182 270 100 323 245 319 97 304 269 166 271 210 289 251 220 322 137 273 162 127 320 216 46 388 303 111 61 266 254 88 290 264 79 123 290 92 240 105 262 122 283 253 64 239 75 279 218 377 100 281 271 151 55 186 187 218 277 256 305 158 141 113 133 99 332 99 137 211 328 400 181 217 44 185 257 191 135 235 188 238 108 239 56 273 211 246 258 219 101 261 321 234 133 236 142 266 20 308 59 214 31 231 94 77 239 155 289 258 120 203 202 91 305 265 233 144 284 209 103 290 183 285 57 310 141 95 177 313 149 193 148 204 252 246 265 260 114 67 318 279 45 167 65 21 152 298 315 329 264 272 134 151 312 22 207 333 160 301 131 75 92 206 225 41 238 122 82 176 184 135 121 230 122 263 293 232 277 133 245 108 307 246 77 79 276 169 47 112 140 191 288 136 145 303 322 24 107 199 227 224 142 93 225 276 225 125 100 53 336 64 139 159 325 324 106 135 111 272 97 135 194 146 278 236 267 218 175 146 246 240 160 222 308 155 146 346 347 94
 55 294 204 253 214 369 349 88 47 288 331 212 230 120 125 206 1 52 435 266 205 256 239 262 390 239 179 331 327 134 265 436 315 260 292 231 203 380 197 304 152 413 348 355 150 478 42 263 287 373 268 101 423 38 217 102 192 342 325 347 353 270 363 286 236 358 358 315 226 68 312 158 232 412 278 261 257 295 180 308 317 308 349 289 269 114 191 192 299 327 153 268 192 60 219 22 28 39 440 149 460 49 319 123 125 293 311 140 124 337 479 358 77 52 240 25 295 191 338 350 81 199 283 380 202 162 316 48 298 15 110 126 267 134 95 297 223 433 223 328 176 138 193 42 116 147 353 298 253 412 274 101 30 118 279 253 242 344 393 45 108 207 33 438 230 444 117 163 143 347 317 215 342 74 298 85 419 55 318 180 239 182 232 346 194 193 329 416 346 460 273 359 338 286 406 224 379 288 239 419 86 268 130 219 329 166 41 87 278 61 214 91 316 127 207 378 281 189 256 224 364 289 320 93 136 283 294 80 243 292 111 157 214 165 346 323 268 216 238 330 30 404 340 295 365 202 21 314 305 258 339 237 155 345 350 249 188 330 172 277 114 186 370 350 370 388 408 254 45 89 168 122 247 37 434 130 350 294 313 267
 88 279 155 228 171 328 299 89 30 243 290 188 187 87 147 155 52 1 398 247 169 207 199 212 363 204 174 281 305 124 226 406 309 210 241 180 159 335 146 299 119 373 306 330 112 440 90 271 239 352 260 88 385 69 226 130 185 333 275 324 306 230 348 261 188 362 340 265 180 113 292 109 238 375 226 221 257 245 182 258 298 257 328 272 219 133 148 205 273 336 115 264 202 25 173 33 34 75 400 165 422 4 274 86 97 245 311 92 98 302 442 365 75 81 191 35 279 176 287 318 83 197 238 344 151 181 285 97 281 66 64 150 274 145 51 275 191 392 173 318 131 141 142 85 65 103 322 259 254 374 232 107 58 66 279 247 230 295 364 63 57 219 30 400 183 410 92 115 131 334 274 196 291 87 280 117 380 105 268 130 252 197 184 302 144 144 284 385 333 427 262 334 288 248 381 174 336 293 209 388 49 220 87 204 299 115 84 36 227 43 193 48 269 139 173 347 277 187 253 190 332 239 311 122 89 233 283 70 194 247 85 147 224 137 297 313 275 165 198 294 73 360 292 245 329 211 70 267 254 207 333 187 129 299 339 261 151 279 137 268 68 156 326 300 344 349 372 235 41 64 175 139 216 70 402 111 300 302 317 216
 418 214 358 198 232 90 245 363 389 177 120 235 220 316 393 290 435 398 1 206 231 253 201 340 103 197 302 329 156 319 174 66 263 349 309 294 248 130 309 266 284 50 113 128 288 48 474 334 202 154 258 341 26 415 345 411 293 233 331 146 162 172 198 173 246 329 175 230 235 501 175 376 330 27 296 180 299 236 324 225 178 332 158 208 259 386 254 359 157 350 284 273 348 379 242 416 430 422 51 373 37 399 155 314 311 205 294 383 312 100 46 351 368 412 250 411 204 269 275 95 368 302 184 56 343 381 127 452 202 442 337 402 332 363 402 177 213 61 274 231 275 340 321 436 360 300 93 142 303 37 174 363 414 354 293 271 247 201 80 460 367 358 427 23 236 30 319 383 309 210 144 245 318 385 193 419 32 484 265 356 363 370 247 136 353 285 146 62 215 48 244 123 230 151 108 273 98 326 200 60 352 222 313 249 118 315 474 376 301 435 240 403 195 365 228 75 274 306 283 212 80 336 240 412 317 247 231 360 247 182 325 305 347 272 207 230 333 304 203 106 463 107 192 225 71 344 454 181 248 271 262 331 282 152 227 360 248 312 264 248 334 251 114 255 114 55 28 218 391 347 343 381 191 465 44 310 230 339 316 343
 235 41 289 34 146 187 290 182 227 171 161 62 150 163 194 223 266 247 206 1 108 225 121 308 130 93 102 341 64 134 117 183 99 314 301 246 159 230 237 94 136 209 180 94 151 253 301 138 200 107 63 166 207 238 141 216 91 101 338 83 229 130 104 34 198 175 94 252 170 328 47 279 128 192 281 124 102 242 121 242 52 329 83 31 242 190 150 154 50 177 148 79 143 223 173 252 272 243 235 171 240 247 187 168 152 211 122 277 150 117 250 191 191 230 208 245 36 77 305 113 189 98 174 162 274 178 84 270 37 270 201 203 138 165 273 34 82 234 219 86 172 145 246 255 238 177 114 128 104 201 143 175 240 232 104 71 42 252 141 303 242 153 270 219 177 203 156 289 124 93 172 53 339 202 34 228 205 306 284 274 161 165 194 200 279 206 190 166 94 215 51 99 271 117 145 219 205 139 65 170 200 203 180 50 90 220 305 240 286 289 55 272 223 168 103 134 87 103 85 91 127 321 86 219 195 242 56 188 206 184 163 114 142 113 258 81 139 246 125 121 295 236 242 231 151 140 283 208 260 245 116 285 120 213 104 160 122 327 126 59 200 99 208 298 111 180 181 14 224 184 140 184 68 301 189 138 279 153 142 313
 194 147 183 77 44 169 209 140 159 103 131 55 55 86 188 117 205 169 231 108 1 128 41 203 199 35 118 244 150 105 63 238 200 209 202 141 53 191 131 194 54 210 150 170 59 274 245 211 120 198 155 115 220 188 189 198 118 207 240 167 173 72 208 106 98 274 193 169 70 271 143 176 186 208 181 61 179 154 145 159 150 229 175 137 145 176 43 187 113 266 55 167 177 150 71 186 200 195 238 178 257 170 131 84 82 130 218 176 84 134 275 286 142 187 108 181 142 85 216 150 144 136 101 176 167 192 118 226 143 213 111 197 212 160 181 125 28 232 115 193 66 136 140 209 141 78 154 95 179 209 79 145 186 135 192 152 119 182 197 231 147 195 197 235 78 241 91 185 96 199 124 80 245 162 138 201 215 255 194 168 218 191 94 156 172 99 139 217 200 259 148 172 191 83 218 115 181 222 48 221 122 114 87 93 132 114 244 151 186 208 70 181 150 159 6 179 179 132 165 23 164 219 191 196 96 149 160 132 108 113 96 102 189 49 186 188 214 140 42 126 233 209 173 145 162 180 224 139 171 145 220 179 58 160 210 221 19 232 34 156 108 31 175 215 181 184 204 102 161 117 157 174 52 235 234 87 202 235 234 209
 271 264 107 193 85 165 95 230 214 80 136 182 77 162 292 53 256 207 253 225 128 1 105 92 272 134 241 117 248 214 117 290 323 101 77 43 80 147 68 317 148 212 142 254 134 282 296 338 52 291 280 206 232 258 314 293 243 322 114 260 113 107 314 211 31 398 294 60 59 318 248 137 312 227 57 108 306 40 267 53 256 104 272 254 18 278 96 308 209 392 132 293 299 200 59 236 239 266 233 290 263 209 99 153 170 51 343 150 174 186 288 412 224 263 22 234 257 210 93 212 230 261 73 205 94 307 194 294 258 269 149 300 339 269 185 232 147 222 35 309 92 248 78 279 146 118 216 130 306 219 96 243 251 143 318 279 244 91 259 261 155 317 234 245 51 275 179 141 208 310 110 207 118 247 250 290 226 310 70 112 343 310 36 123 105 64 109 270 312 295 271 255 83 131 290 33 163 349 162 272 178 32 135 220 207 93 289 173 62 228 197 187 70 266 132 237 304 256 292 137 220 99 310 289 123 28 280 212 21 72 179 220 313 162 92 305 341 56 101 173 278 177 91 41 193 303 275 78 51 22 340 79 167 112 324 347 125 105 135 280 145 154 149 98 260 199 232 223 223 190 276 278 158 274 276 189 95 362 360 97
 232 160 182 88 36 132 176 179 192 64 94 84 32 120 227 111 239 199 201 121 41 105 1 190 185 29 154 221 148 145 28 217 218 198 181 129 52 151 128 213 90 175 112 160 90 242 279 241 86 194 177 154 187 225 224 237 153 218 218 162 134 33 212 108 79 294 193 137 53 305 146 186 219 177 161 23 207 123 182 126 154 209 173 149 122 216 54 223 109 291 86 191 213 181 57 219 232 232 203 217 224 200 92 117 119 96 240 190 121 109 244 309 179 225 88 214 153 119 187 130 182 170 63 146 166 231 102 263 153 248 137 236 242 200 203 129 47 195 103 205 77 175 139 246 161 100 134 60 208 176 40 185 222 155 217 178 143 145 178 261 168 230 228 202 59 214 128 194 136 206 85 109 220 200 146 240 182 290 165 172 251 229 76 116 173 98 100 196 209 233 168 162 158 51 204 102 143 249 58 199 154 84 113 121 116 122 278 177 166 235 99 204 114 198 41 158 202 167 192 37 142 202 205 235 117 122 176 170 87 75 133 141 224 88 150 200 243 132 5 98 266 171 136 114 131 215 258 101 142 125 236 170 97 121 220 254 53 207 69 176 134 70 136 183 169 151 175 120 196 153 195 213 54 267 209 127 168 263 257 196
 294 347 60 275 163 250 126 266 230 170 225 257 160 204 332 89 262 212 340 308 203 92 190 1 363 217 303 72 336 265 206 380 403 10 43 63 151 223 81 396 204 295 228 345 186 364 296 406 140 381 357 246 317 276 375 326 308 407 65 350 186 197 401 297 113 476 382 116 139 313 335 108 378 314 46 196 378 106 326 118 343 47 361 337 82 317 163 364 297 465 186 369 356 215 136 244 238 283 314 338 346 215 186 194 216 135 420 126 220 277 371 487 256 286 104 245 341 278 100 303 264 326 164 294 62 355 284 307 342 276 174 339 408 316 172 318 227 302 90 393 147 298 78 295 149 160 307 221 377 305 187 282 267 149 393 353 320 152 350 252 156 376 233 330 133 363 223 106 263 396 199 281 85 278 335 319 311 312 91 83 404 363 116 205 69 108 194 360 398 383 350 345 128 221 381 90 245 421 244 362 203 122 172 294 297 113 286 177 42 216 271 175 147 311 208 327 381 319 365 218 311 28 392 320 154 94 362 244 106 161 221 278 374 224 149 388 410 66 186 264 276 253 158 116 283 363 278 160 97 71 422 28 226 191 409 411 194 75 198 359 170 223 230 121 350 286 320 304 242 223 331 320 243 268 365 239 136 433 435 7
 363 124 364 138 219 144 298 308 347 195 147 179 213 277 323 293 390 363 103 130 199 272 185 363 1 167 231 372 69 261 162 57 164 371 342 306 235 197 311 169 246 134 155 37 256 145 426 241 227 51 168 290 118 364 260 345 220 132 372 52 216 168 96 105 254 227 74 271 233 453 88 369 243 105 325 171 208 269 249 263 88 368 60 121 283 319 235 277 92 250 252 182 267 341 239 373 391 369 149 300 139 363 189 278 268 234 195 372 268 87 139 249 316 358 261 367 116 205 323 61 315 225 201 93 348 305 84 398 113 395 308 332 239 295 379 98 174 155 281 132 259 274 322 382 339 276 57 143 213 120 177 303 365 333 199 184 168 253 25 422 345 274 389 124 237 87 274 378 251 109 172 180 365 329 107 357 120 433 307 356 273 290 252 184 356 282 184 45 114 92 155 32 280 143 20 280 162 230 155 48 315 242 284 179 69 306 429 349 330 404 178 379 234 297 195 43 180 231 194 177 56 367 141 348 294 276 138 311 259 206 281 242 262 227 259 131 239 312 189 101 419 185 241 257 95 262 407 217 285 292 161 347 236 201 125 268 217 356 229 158 306 208 174 307 21 113 90 144 346 303 268 313 149 423 69 260 283 242 217 367
 225 132 205 60 58 139 203 171 193 87 102 60 59 120 212 136 239 204 197 93 35 134 29 217 167 1 133 249 123 132 36 205 190 224 210 156 73 167 152 185 88 178 122 139 93 241 278 214 112 171 149 147 187 221 200 225 130 191 247 139 154 48 185 82 106 266 168 164 79 305 120 204 194 174 189 39 180 151 160 154 127 237 149 121 150 202 69 202 84 263 90 164 191 184 83 220 235 228 206 200 223 205 111 119 115 122 211 206 117 100 241 281 174 219 116 215 125 97 215 116 175 147 88 142 189 213 85 258 126 247 145 222 215 184 214 102 23 200 129 177 93 159 162 242 174 110 120 65 181 176 59 174 219 168 189 151 116 169 164 265 180 207 232 201 86 207 124 213 122 179 100 84 248 192 119 231 182 288 193 193 227 208 103 132 196 121 117 183 181 225 140 142 184 52 186 129 153 222 29 187 156 112 120 95 99 141 278 185 194 242 74 215 139 183 32 145 174 145 164 17 130 230 177 225 128 150 147 165 115 99 129 124 200 78 175 172 217 158 34 92 267 182 160 141 128 192 258 125 170 153 207 196 88 139 192 229 53 236 68 148 142 57 149 210 150 151 170 92 195 151 175 199 26 269 199 117 194 236 229 223
 139 119 266 104 158 265 325 92 148 217 231 75 171 109 94 216 179 174 302 102 118 241 154 303 231 133 1 353 164 51 168 284 137 307 310 244 162 298 223 127 100 297 251 195 118 348 209 106 237 203 89 87 299 146 74 116 14 164 349 182 286 180 186 131 211 191 185 286 184 235 145 241 76 285 290 170 86 270 28 275 148 336 180 116 258 89 147 70 147 170 118 91 60 150 183 169 191 150 324 73 334 173 243 117 95 247 138 232 91 206 347 197 104 136 220 162 123 37 331 208 99 26 216 253 253 82 176 174 126 180 150 103 109 65 212 134 111 321 221 150 158 45 229 160 189 145 210 194 83 291 191 80 151 184 106 75 67 298 241 220 190 78 191 312 192 302 92 250 46 170 232 58 356 108 128 128 296 212 309 245 103 76 206 264 254 196 249 266 168 315 95 200 308 181 245 221 281 125 113 270 134 230 138 54 185 194 215 180 294 215 65 211 266 68 115 233 104 17 80 120 223 323 142 119 157 264 117 106 221 229 98 29 74 81 303 145 111 238 157 205 207 311 289 262 240 63 193 255 286 256 161 276 78 271 172 109 117 343 108 99 151 89 279 331 211 268 276 88 141 113 44 83 122 215 288 71 319 136 146 308
 360 379 131 308 201 242 88 328 297 181 226 298 193 263 394 142 331 281 329 341 244 117 221 72 372 249 353 1 358 321 228 379 438 76 44 112 193 202 141 433 257 281 223 360 240 345 366 453 148 398 396 306 305 343 427 390 357 436 7 368 168 217 425 324 146 514 404 103 174 383 361 179 426 305 64 220 422 105 378 110 369 25 381 369 100 379 208 418 321 508 239 409 410 282 174 313 308 351 295 396 328 284 184 253 273 139 459 197 278 286 353 528 319 352 136 314 371 325 56 313 327 375 176 292 131 413 301 376 372 346 237 401 455 375 242 345 263 282 134 424 198 355 142 363 217 218 316 234 421 293 204 343 334 217 434 395 360 129 355 322 225 429 303 315 167 355 282 177 317 422 201 323 17 342 364 383 299 382 66 153 456 419 151 196 139 161 190 361 425 375 387 360 100 238 389 133 232 465 277 362 268 139 232 336 312 175 356 246 61 287 313 245 139 370 248 333 420 369 408 253 317 45 425 384 215 101 395 307 137 168 280 330 426 273 124 419 456 123 216 272 346 230 139 116 283 415 348 156 88 99 455 95 277 179 437 461 238 18 247 396 234 268 216 79 363 279 314 339 308 285 385 380 273 339 361 295 102 478 476 68
 297 58 327 78 180 162 294 244 286 179 148 118 178 220 256 258 327 305 156 64 150 248 148 336 69 123 164 358 1 197 132 123 111 344 323 276 195 212 274 112 190 171 163 33 202 202 363 179 212 49 103 227 163 300 193 278 152 89 357 20 221 143 68 45 224 184 47 261 199 390 21 325 177 148 303 141 144 255 181 252 23 350 26 54 262 252 190 210 40 199 199 118 200 282 204 312 332 305 193 232 192 305 184 222 209 221 141 325 209 89 198 204 253 293 233 306 49 139 315 71 251 157 184 123 311 237 61 333 47 331 254 264 177 227 326 32 123 196 249 82 214 207 284 317 289 226 70 127 148 160 155 238 302 283 138 118 100 252 83 362 294 207 330 173 205 148 214 334 186 69 167 115 354 264 39 290 162 369 296 315 209 222 222 189 318 243 184 108 73 157 89 38 275 121 82 249 181 171 103 112 257 221 232 113 55 262 367 295 308 347 115 326 227 230 145 82 119 164 128 129 81 345 89 281 244 258 75 249 231 192 221 176 195 169 258 79 178 279 152 99 357 210 241 243 116 195 344 210 273 268 116 317 177 205 86 205 167 343 176 93 253 151 189 303 50 144 135 77 284 243 200 246 100 362 132 198 282 184 163 341
 102 161 224 125 137 270 304 49 99 207 233 86 153 64 83 181 134 124 319 134 105 214 145 265 261 132 51 321 197 1 165 311 186 268 278 210 137 295 185 176 67 307 252 226 82 365 167 153 220 240 137 37 313 104 114 95 62 211 317 216 277 175 229 157 185 240 225 265 161 194 180 194 121 300 258 165 135 247 65 255 185 302 217 156 231 72 120 100 172 218 83 140 93 100 158 121 143 109 335 77 349 123 235 73 51 230 188 185 46 221 365 245 58 97 193 115 162 59 306 229 55 75 204 267 212 94 195 137 165 137 103 93 156 57 163 166 111 330 189 196 125 35 189 122 142 106 231 196 132 303 184 45 107 137 156 124 109 282 268 173 141 112 143 327 169 324 45 203 12 214 228 83 326 69 166 101 309 173 283 201 143 99 180 260 212 161 243 292 213 339 141 230 288 183 277 190 283 174 121 295 85 209 95 86 206 154 172 130 261 166 84 161 251 55 105 256 153 65 130 116 244 287 189 94 114 239 162 57 195 216 50 24 112 58 287 191 158 202 146 217 163 312 275 241 253 100 150 242 262 226 210 238 50 264 218 150 97 313 82 146 105 76 279 309 241 279 293 121 93 63 66 69 130 170 312 27 300 184 195 271
 256 154 203 86 61 107 174 202 219 55 69 95 52 146 247 132 265 226 174 117 63 117 28 206 162 36 168 228 132 165 1 191 214 214 192 147 77 132 150 210 116 149 88 140 116 215 305 246 84 176 177 178 160 250 234 259 165 209 226 145 120 14 198 97 94 292 178 136 72 332 134 211 227 150 172 10 211 126 195 126 142 219 156 143 131 236 81 237 94 292 113 193 226 208 78 245 258 257 176 234 197 227 76 143 144 95 238 215 146 83 217 308 204 249 103 241 145 132 189 105 206 181 57 119 187 248 81 288 145 274 164 256 247 219 230 118 58 170 121 197 104 194 161 271 188 127 109 34 212 149 27 207 247 182 218 181 146 137 154 288 195 242 255 175 76 188 153 219 156 195 65 117 225 224 137 263 155 316 169 195 260 243 92 97 195 121 82 170 198 206 167 142 155 23 181 120 119 252 60 173 181 90 140 128 94 147 304 204 177 263 108 231 108 218 62 133 202 180 195 51 116 214 199 258 144 128 171 194 100 68 158 159 234 110 143 193 248 152 31 72 293 148 127 116 104 227 284 93 145 137 229 187 120 105 210 262 78 214 94 175 161 90 114 181 147 124 147 119 222 178 210 233 52 294 183 149 164 266 257 211
 412 179 389 187 251 139 298 358 392 211 156 227 242 321 376 319 436 406 66 183 238 290 217 380 57 205 284 379 123 311 191 1 218 389 354 328 267 187 338 223 288 111 157 92 296 98 474 296 241 103 224 338 89 412 315 398 273 184 380 107 214 194 146 155 277 277 127 278 260 501 143 401 298 81 339 199 264 280 303 271 143 379 115 176 299 372 270 333 140 303 293 237 322 385 267 419 436 418 117 354 96 407 197 321 313 247 249 406 313 110 90 299 364 407 283 413 171 256 326 89 363 279 218 88 374 359 122 447 168 442 348 385 294 347 418 151 216 126 305 185 293 326 349 431 376 313 86 165 268 96 200 354 413 370 254 239 222 253 44 466 383 329 433 88 263 40 320 409 300 161 182 231 370 378 162 408 93 481 314 384 329 345 276 184 383 311 190 22 166 38 210 86 282 170 51 304 153 284 198 19 358 259 324 231 108 338 476 389 344 446 228 418 241 350 234 60 236 285 249 217 76 381 195 400 331 289 193 358 280 220 326 293 317 272 259 185 295 336 220 121 465 168 243 268 98 317 454 225 294 310 213 367 282 202 177 324 257 362 270 213 345 252 167 308 75 102 69 197 392 349 322 366 191 469 24 307 283 296 270 384
 270 63 379 131 241 270 387 228 284 268 251 148 247 236 210 316 315 309 263 99 200 323 218 403 164 190 137 438 111 186 214 218 1 409 398 341 253 318 329 11 215 281 268 136 233 307 341 85 298 116 51 222 272 280 119 236 125 40 436 118 322 227 77 121 294 78 93 350 266 367 95 363 100 257 378 222 64 339 137 340 90 426 106 73 339 213 242 145 132 89 231 47 137 285 269 305 327 283 303 182 299 308 281 242 222 308 32 358 219 196 302 96 241 269 304 298 72 138 402 181 235 116 271 233 364 179 165 304 73 314 277 216 81 188 345 104 177 305 314 34 262 177 337 291 316 261 180 222 69 269 240 214 286 310 44 63 86 348 185 356 318 135 327 281 274 250 222 373 179 59 265 126 437 242 82 253 272 342 381 361 122 158 291 291 368 298 283 208 55 255 54 141 368 212 169 314 289 68 162 211 267 301 260 115 163 307 349 311 383 351 134 343 320 193 196 190 35 126 60 187 191 417 24 243 277 339 44 242 303 281 229 163 122 192 354 34 82 339 223 204 341 319 337 329 226 129 327 304 357 342 25 379 195 305 49 114 212 425 211 46 277 184 295 395 150 253 244 100 277 247 153 205 166 350 233 202 376 79 54 408
 293 354 57 282 169 260 135 267 230 179 234 263 167 206 334 94 260 210 349 314 209 101 198 10 371 224 307 76 344 268 214 389 409 1 51 69 157 232 85 402 208 305 237 353 189 374 293 410 149 388 362 247 326 275 379 327 312 413 70 357 196 205 408 305 121 481 390 126 146 309 342 105 381 323 55 204 383 115 329 128 350 52 368 344 91 319 168 367 305 470 190 374 360 215 142 243 236 283 324 340 355 213 195 197 219 145 425 123 223 286 380 493 257 285 112 244 348 283 108 312 265 330 172 303 61 357 292 306 348 275 175 340 413 318 169 325 233 312 96 400 151 301 80 294 148 163 316 229 382 314 195 284 266 149 398 358 326 162 359 248 155 379 231 339 140 372 226 102 266 403 208 286 90 278 342 319 320 309 100 81 408 366 123 215 67 113 204 369 405 392 356 354 137 229 390 97 255 426 251 371 204 131 175 299 305 116 283 176 51 213 277 172 156 313 214 336 386 323 370 224 319 33 399 320 156 103 368 245 114 170 223 281 378 228 159 395 414 71 193 272 273 262 167 125 292 366 276 169 107 80 428 31 229 201 416 414 199 81 203 364 171 228 239 130 359 296 329 310 241 224 334 321 249 265 374 242 146 438 440 10
 318 340 97 269 159 220 85 285 256 148 199 256 152 219 350 98 292 241 309 301 202 77 181 43 342 210 310 44 323 278 192 354 398 51 1 69 151 187 99 393 213 263 199 327 196 331 328 410 116 365 355 263 286 302 383 347 314 398 40 334 151 181 389 287 105 473 369 81 133 346 324 144 384 284 22 183 380 75 335 85 332 28 346 330 61 336 165 375 285 466 196 368 366 241 132 273 270 310 280 353 313 244 158 210 230 109 418 161 234 256 338 487 277 310 95 273 333 282 58 282 284 332 142 267 94 370 267 335 334 306 195 358 412 331 206 307 223 268 91 385 155 311 100 322 177 174 286 201 379 273 169 300 293 176 393 353 319 115 327 286 185 386 265 297 126 334 238 143 274 385 173 281 51 299 326 341 280 344 51 117 413 375 109 174 103 118 165 335 388 354 347 327 89 204 360 90 213 423 237 337 225 103 189 294 279 133 319 206 18 251 271 208 115 327 206 304 379 326 366 213 288 28 386 342 172 67 356 265 96 137 237 287 383 230 111 381 414 80 177 242 308 217 122 87 257 372 309 130 62 58 416 58 234 159 400 418 196 39 204 355 191 226 197 80 331 257 291 299 267 242 342 337 234 301 338 252 96 436 434 43
 253 286 66 213 101 206 122 218 192 119 176 195 99 152 283 31 231 180 294 246 141 43 129 63 306 156 244 112 276 210 147 328 341 69 69 1 89 189 35 334 146 253 183 286 129 323 269 346 93 321 295 195 273 237 317 280 249 345 107 290 153 139 340 236 53 414 322 93 78 289 274 98 319 268 50 137 317 75 269 90 282 93 301 275 45 268 101 308 237 404 129 307 300 177 74 211 210 245 275 285 305 183 140 142 162 93 358 112 167 222 329 426 210 245 46 210 279 218 109 247 217 267 111 244 52 302 226 272 280 244 129 290 348 263 151 257 165 264 28 331 88 244 41 258 116 106 251 165 316 260 130 232 229 114 331 292 259 129 295 230 125 319 206 286 72 315 171 101 207 334 151 220 118 232 273 275 267 284 89 72 347 308 55 164 63 50 150 308 336 335 288 287 114 164 325 28 205 360 182 310 159 72 121 232 239 67 261 145 53 196 210 154 111 259 146 273 319 260 304 156 256 80 330 275 105 61 300 198 49 112 169 220 316 165 128 326 350 17 125 209 250 218 130 80 232 305 249 119 79 31 360 42 167 153 347 352 133 106 139 297 125 162 190 122 293 239 271 242 202 175 275 270 181 244 315 184 126 373 373 68
 206 199 133 127 17 171 169 159 157 86 134 108 29 92 217 65 203 159 248 159 53 80 52 151 235 73 162 193 195 137 77 267 253 157 151 89 1 178 80 246 71 217 149 210 60 286 244 261 88 242 207 133 232 195 235 221 165 258 190 211 152 77 256 153 50 326 240 129 26 269 191 135 234 223 130 70 230 111 188 120 198 177 220 189 97 203 17 229 156 317 58 219 220 144 23 182 192 203 244 213 268 160 117 85 96 97 270 139 100 159 289 338 155 198 59 179 193 133 171 181 160 183 81 193 117 229 153 234 194 214 95 226 262 193 156 173 78 235 63 244 29 170 90 218 113 57 184 107 230 220 76 169 190 108 244 204 171 150 229 219 121 238 188 247 33 263 106 143 131 249 117 132 196 178 188 221 226 256 148 122 264 231 45 144 124 49 127 246 251 282 200 212 153 99 254 63 178 273 96 249 118 74 74 145 167 71 240 132 134 191 122 157 119 190 58 209 231 178 217 69 192 167 243 218 72 104 212 144 60 91 108 141 235 83 153 239 264 88 48 148 229 202 144 106 179 224 223 114 127 95 272 127 89 143 261 269 46 183 56 209 91 76 168 173 219 196 222 154 163 124 197 203 97 228 259 113 165 286 286 156
