NAME : domp180p60v3
COMMENT : (Deleplanque et al.) 
TYPE : DOMP
DIMENSION : 180
DISPLAY_DATA_TYPE: NO_DISPLAY
OPEN_FACILITIES : 60
COST_SECTION
 1 176 217 149 109 161 39 280 239 118 138 140 49 94 280 251 342 279 121 155 291 79 112 91 57 208 70 265 125 293 249 135 122 92 190 156 236 37 116 112 309 225 275 181 261 149 354 286 434 318 161 258 335 77 166 347 229 205 86 292 220 222 83 242 289 275 175 391 251 305 111 203 285 190 260 266 167 49 279 286 235 189 232 191 169 70 100 319 129 227 280 334 52 242 54 4 252 146 331 343 37 314 4 276 176 60 193 298 255 105 100 138 37 419 116 163 311 79 234 338 186 124 207 61 278 194 378 175 261 280 182 91 64 117 213 170 148 84 102 99 404 121 351 185 90 249 263 89 188 228 320 282 46 321 103 278 339 167 273 185 176 246 227 110 257 312 311 124 123 371 326 37 310 133 116 109 140 116 271 327
 176 1 83 95 264 188 149 142 102 247 170 112 195 164 144 95 171 274 260 48 246 217 209 91 177 49 111 137 173 206 138 155 133 115 98 167 113 141 162 270 224 78 149 112 124 57 191 127 261 182 218 177 286 221 55 182 193 81 234 240 117 138 188 99 121 100 149 217 169 152 123 29 234 217 116 268 221 202 133 160 62 88 62 120 65 197 178 243 103 231 112 162 222 192 148 174 192 75 256 181 212 292 174 114 152 178 226 182 159 210 155 134 171 248 186 48 138 158 237 264 113 104 170 207 156 166 206 235 123 223 116 126 114 215 39 142 202 95 146 161 230 93 305 110 91 81 238 262 13 214 145 109 214 147 249 260 172 139 220 60 192 77 73 272 177 160 151 185 291 199 230 193 183 213 92 273 83 283 225 235
 217 83 1 77 319 267 181 203 24 310 248 95 249 167 67 151 139 356 320 65 326 276 278 153 196 118 167 204 248 281 211 136 209 184 180 137 31 188 153 324 299 18 68 194 189 69 221 173 262 239 295 254 365 278 53 209 130 14 290 320 42 66 253 27 154 103 106 218 93 200 198 75 314 298 178 351 298 227 190 225 102 169 111 202 49 211 177 319 97 314 146 179 267 274 173 215 272 72 331 214 250 374 214 158 109 238 306 249 234 277 155 213 198 255 258 58 118 224 319 339 61 181 113 262 223 248 215 312 187 148 68 195 156 284 83 224 278 135 145 232 222 169 384 192 129 125 320 303 81 297 145 99 245 144 307 342 197 220 147 33 272 61 138 324 255 208 191 259 338 208 302 222 245 286 166 323 163 331 154 307
 149 95 77 1 256 238 111 236 97 255 214 20 188 90 134 188 215 343 262 48 326 217 230 110 121 143 115 230 210 295 229 65 178 144 181 73 90 126 78 260 314 91 127 188 218 39 277 218 331 275 258 263 369 218 44 266 109 64 229 322 72 76 201 102 207 167 57 287 108 244 164 109 316 270 210 334 262 152 227 253 146 173 151 198 37 135 101 331 22 295 197 241 200 271 100 148 274 22 344 269 180 367 146 204 60 182 277 275 248 227 79 187 126 322 216 49 191 176 301 352 39 154 84 201 249 235 281 275 217 150 37 154 95 236 121 208 241 78 69 189 294 141 388 189 72 169 312 233 103 283 213 167 171 212 246 333 255 203 145 55 246 127 167 258 264 252 240 219 270 274 322 148 277 242 136 257 145 263 147 326
 109 264 319 256 1 157 147 334 341 46 145 248 71 198 384 320 434 254 31 255 289 49 85 174 157 284 155 315 131 316 294 241 158 154 241 262 341 132 221 10 328 325 380 225 317 250 420 352 510 366 133 285 328 44 267 415 336 308 32 295 326 330 85 343 363 361 283 470 359 366 157 292 288 171 320 239 138 132 338 332 317 245 311 232 271 161 201 331 237 210 355 409 62 254 162 109 268 250 340 408 88 294 112 346 284 87 168 336 290 77 205 171 140 492 111 262 401 112 215 346 293 179 314 58 323 210 454 137 318 387 290 145 164 84 299 197 130 184 209 120 485 183 341 231 190 325 255 60 275 222 403 372 110 406 21 261 409 196 380 287 171 339 298 18 283 371 376 120 41 447 348 126 354 104 181 23 202 35 377 348
 161 188 267 238 157 1 177 197 288 115 26 242 127 236 331 199 342 119 133 209 136 119 74 129 212 181 131 176 37 161 151 263 61 96 115 284 296 144 252 165 172 265 335 94 183 211 287 226 385 222 37 132 178 126 222 285 344 261 133 141 293 308 87 286 245 264 287 350 341 232 75 209 134 34 190 106 37 209 205 188 217 123 208 96 231 229 247 176 228 67 239 289 164 98 193 158 112 221 185 276 179 154 162 224 290 106 40 187 141 82 236 55 191 365 51 215 307 84 73 191 273 88 319 127 179 57 331 50 184 387 273 88 158 74 211 57 29 167 233 63 369 100 194 100 171 215 105 198 195 70 297 279 200 300 137 118 283 59 382 238 16 259 183 173 130 235 247 41 196 325 193 197 207 56 104 177 106 190 383 192
 39 149 181 111 147 177 1 267 203 153 152 102 84 62 243 232 310 294 158 122 299 114 140 77 38 187 58 253 142 292 241 99 128 92 181 121 199 34 82 150 309 190 238 176 247 115 334 267 409 306 184 257 343 113 131 326 193 169 123 299 182 184 110 207 267 247 138 365 213 288 114 176 292 208 245 283 189 55 264 275 210 178 208 187 133 59 72 321 92 243 258 310 89 247 18 39 255 110 333 324 70 327 36 256 139 87 212 290 250 135 65 143 23 395 137 129 281 96 249 341 148 121 170 96 268 201 354 199 247 243 144 95 38 146 186 174 169 55 66 116 377 114 361 180 59 226 274 123 161 240 293 253 67 294 140 291 317 170 236 151 190 215 208 148 256 295 292 145 160 347 324 45 300 159 108 147 131 153 234 326
 280 142 203 236 334 197 267 1 210 301 196 253 277 298 239 53 189 215 318 189 162 287 256 192 302 94 213 22 208 96 47 295 177 192 95 308 229 245 300 343 110 189 252 111 20 198 92 45 192 41 233 88 187 293 195 91 329 208 305 151 243 268 251 204 74 126 289 162 294 37 180 133 149 209 27 218 232 319 17 26 103 93 93 104 204 323 312 132 243 197 75 105 314 129 272 278 117 216 142 81 314 214 279 55 292 254 218 51 67 262 291 165 289 171 228 188 159 226 199 149 250 161 307 285 30 143 141 244 21 350 254 197 230 260 122 143 223 218 282 215 183 161 204 105 217 80 175 355 135 172 131 142 325 135 315 195 92 143 349 194 189 153 70 348 90 40 56 221 370 136 106 308 43 246 166 351 141 363 355 112
 239 102 24 97 341 288 203 210 1 333 268 113 272 186 45 158 124 373 343 88 341 298 300 175 217 130 189 213 269 292 223 152 230 206 196 150 21 210 171 346 310 25 49 212 197 92 218 177 251 244 316 267 378 301 76 207 133 35 313 334 45 68 275 9 155 100 118 208 87 204 219 88 329 318 186 368 319 248 197 233 109 185 119 218 71 232 195 331 118 332 147 175 290 289 194 238 287 94 343 213 272 389 236 162 121 260 326 258 247 300 174 233 220 246 280 81 107 246 337 350 75 202 119 285 233 266 207 333 195 142 81 217 178 306 94 243 299 158 165 254 210 190 397 209 152 131 337 325 98 314 137 92 266 135 329 359 194 239 143 56 292 60 148 346 268 211 192 281 361 200 312 243 252 307 187 346 182 353 150 317
 118 247 310 255 46 115 153 301 333 1 107 250 71 211 376 291 416 209 19 246 244 41 46 159 173 260 145 281 94 275 258 252 128 133 209 273 335 130 233 54 286 314 375 191 285 243 389 323 482 331 89 245 283 43 258 384 345 300 38 251 323 330 60 334 336 341 289 443 361 334 130 274 245 126 289 194 93 154 306 296 294 215 288 198 265 182 217 288 238 165 329 382 85 212 170 117 227 246 297 377 111 249 121 317 291 74 123 298 252 40 217 138 154 463 74 253 382 90 170 303 293 152 322 59 287 170 426 92 285 395 290 122 160 43 280 160 88 179 219 90 460 159 296 198 185 300 210 100 257 179 380 352 135 383 29 217 380 160 388 278 128 323 271 63 243 338 346 81 85 419 307 145 317 61 158 68 177 80 386 306
 138 170 248 214 145 26 152 196 268 107 1 218 107 211 312 192 330 143 125 187 156 103 63 105 188 169 106 176 16 172 152 239 39 72 108 259 276 119 228 154 185 246 315 88 180 189 285 221 381 224 49 141 199 110 201 282 320 241 119 159 272 286 69 267 238 252 263 344 319 229 52 193 152 58 186 131 51 186 202 190 205 115 196 93 210 205 223 191 204 91 231 282 145 113 168 135 125 199 201 274 158 177 139 218 266 84 64 192 146 70 212 39 167 362 35 193 294 60 98 208 250 68 295 109 181 66 326 65 181 363 250 63 133 66 196 54 33 142 208 40 362 79 215 94 147 205 126 181 178 91 287 266 178 290 126 141 278 54 358 217 39 243 174 161 139 234 243 27 184 319 205 174 211 52 83 165 89 177 359 205
 140 112 95 20 248 242 102 253 113 250 218 1 182 73 148 205 233 350 257 65 337 212 228 114 107 160 116 246 213 309 244 46 183 147 194 56 104 122 60 252 327 109 140 200 235 55 295 236 350 292 261 276 380 212 63 285 102 81 223 334 83 83 199 119 225 186 46 306 112 262 168 127 327 275 227 342 265 138 244 269 165 186 169 210 56 120 83 344 15 301 216 260 191 282 89 140 286 38 357 287 169 377 137 222 49 179 281 290 262 225 62 193 114 341 217 67 209 176 308 365 47 161 77 195 265 244 300 277 233 148 43 157 93 234 140 216 244 78 52 191 313 149 399 200 73 187 321 222 120 291 231 186 159 231 240 341 274 212 142 74 252 146 184 249 277 270 259 221 261 293 336 136 293 242 143 248 154 254 142 340
 49 195 249 188 71 127 84 277 272 71 107 182 1 142 314 257 365 241 75 185 261 31 67 105 105 218 86 260 92 275 241 182 104 89 184 203 272 63 164 77 289 255 311 170 259 181 359 291 445 312 120 241 304 31 197 353 276 238 42 265 258 263 41 274 299 293 220 404 293 306 99 223 258 152 260 228 125 91 279 279 249 186 245 179 202 116 148 296 170 191 290 344 40 218 101 48 230 182 307 348 54 279 52 283 222 25 153 287 241 59 147 120 85 429 78 192 332 54 197 313 226 118 253 14 270 170 389 131 259 326 223 82 95 71 231 150 108 115 149 71 419 120 320 176 121 259 231 79 206 196 336 303 77 338 59 243 346 148 319 217 142 270 234 78 239 312 315 87 98 382 307 80 302 89 116 79 140 90 317 308
 94 164 167 90 198 236 62 298 186 211 211 73 142 1 219 257 304 352 213 124 352 172 201 121 42 210 109 288 202 338 280 46 183 146 223 65 176 94 24 199 355 180 210 222 279 114 354 290 417 338 245 303 396 170 127 344 140 153 178 351 154 148 171 191 284 252 91 373 172 314 169 186 344 268 274 341 250 73 293 311 224 217 225 233 124 49 15 370 71 301 275 323 137 299 45 95 306 101 382 345 112 384 91 277 91 147 272 329 293 195 12 197 59 406 198 128 279 157 308 390 117 171 120 153 305 254 365 260 278 192 111 151 82 207 198 227 229 84 22 176 381 161 415 225 84 244 330 160 175 296 298 254 95 298 194 348 334 223 184 142 249 214 233 195 303 322 314 205 202 358 368 74 336 220 155 193 175 196 181 371
 280 144 67 134 384 331 243 239 45 376 312 148 314 219 1 189 112 414 386 131 379 341 344 219 253 168 233 245 313 326 258 181 274 250 236 174 45 252 202 388 344 67 18 253 229 135 232 202 246 270 360 304 415 343 119 220 137 77 355 371 66 80 319 46 176 118 141 206 81 227 263 128 366 361 217 410 363 285 225 263 141 226 152 259 113 266 227 365 154 374 170 186 331 328 233 279 325 135 376 229 312 428 277 188 142 304 369 289 282 343 208 277 258 245 324 124 108 290 379 384 103 246 131 327 264 308 210 376 227 129 109 261 221 350 131 285 343 200 198 298 204 234 433 250 194 161 377 365 139 355 144 106 304 141 372 399 208 282 133 99 335 88 183 388 305 235 213 325 402 204 343 281 280 351 231 387 226 394 142 349
 251 95 151 188 320 199 232 53 158 291 192 205 257 257 189 1 153 244 307 141 198 271 248 161 265 48 183 57 202 139 74 249 165 169 86 260 177 215 256 327 156 137 201 106 41 151 104 36 191 90 235 122 230 277 145 97 277 156 289 189 192 216 237 152 47 81 239 153 242 59 163 82 185 219 29 244 235 286 41 76 51 78 41 105 154 286 270 177 197 216 41 92 290 155 235 249 147 168 189 93 286 250 250 27 242 235 228 101 99 252 248 156 255 174 220 140 119 208 220 196 199 142 257 266 76 154 136 249 39 298 204 176 195 252 71 144 223 181 239 202 171 138 248 100 178 29 204 332 86 193 100 97 294 104 302 226 91 142 297 143 196 102 25 331 123 66 61 215 352 129 155 276 95 243 141 333 118 345 303 161
 342 171 139 215 434 342 310 189 124 416 330 233 365 304 112 153 1 396 429 189 348 388 377 262 331 162 281 203 336 284 225 274 296 285 230 273 140 309 292 441 298 125 129 251 188 197 144 145 136 206 376 272 375 391 181 133 247 153 404 338 165 186 358 117 116 79 241 98 192 163 289 144 335 366 175 396 378 360 174 213 126 221 135 252 182 348 315 319 234 367 116 99 390 307 305 340 299 206 329 145 377 400 340 137 243 349 375 237 249 379 293 292 330 137 352 182 36 328 371 336 197 268 238 377 218 303 106 391 185 239 204 295 279 382 137 288 362 259 283 329 93 259 392 245 253 130 356 430 160 345 60 65 376 56 419 378 122 286 243 164 342 97 162 442 274 168 144 349 460 103 291 353 222 377 259 443 244 452 252 297
 279 274 356 343 254 119 294 215 373 209 143 350 241 352 414 244 396 1 225 306 64 227 179 239 329 248 245 197 155 132 173 376 171 209 178 396 386 261 367 262 129 349 421 163 211 310 300 257 400 220 125 128 83 233 318 302 450 353 238 76 388 407 201 370 284 322 396 375 439 250 186 287 74 90 223 16 120 326 229 195 281 189 270 156 329 347 364 117 336 52 282 319 276 90 310 276 99 324 119 290 294 41 280 262 398 222 90 179 150 188 352 159 309 378 165 311 363 201 46 121 374 191 425 239 187 109 353 118 213 489 376 202 272 177 284 136 134 278 348 181 396 203 91 165 281 269 41 304 276 61 341 338 316 345 236 22 305 140 485 331 105 331 239 271 126 249 269 156 293 349 150 315 201 156 208 276 200 288 488 145
 121 260 320 262 31 133 158 318 343 19 125 257 75 213 386 307 429 225 1 256 262 46 63 171 174 275 155 298 111 293 276 255 144 146 226 276 344 137 235 38 304 325 384 208 302 252 405 339 498 348 106 263 300 45 268 401 349 310 36 269 331 337 73 344 352 355 294 459 368 350 145 287 262 143 305 210 110 152 323 314 309 231 302 215 274 180 218 306 244 182 344 397 81 230 174 120 244 255 315 394 108 265 124 333 296 84 140 316 270 57 219 154 155 480 91 263 395 103 187 320 300 167 326 62 305 188 442 108 302 400 297 136 168 60 293 178 105 188 222 106 475 173 313 215 194 315 227 89 270 196 395 366 131 398 20 233 396 177 392 288 146 336 286 48 261 355 362 99 69 435 325 144 335 78 172 53 192 64 390 324
 155 48 65 48 255 209 122 189 88 246 187 65 185 124 131 141 189 306 256 1 285 211 214 89 144 96 102 183 186 250 183 109 149 121 138 120 91 124 118 260 268 71 131 147 171 11 233 172 295 228 234 219 326 214 14 223 150 56 226 280 86 102 188 90 163 130 102 251 135 198 137 65 274 240 163 299 237 172 180 206 102 128 106 157 24 162 137 287 58 260 153 200 205 230 117 154 232 28 299 224 190 328 153 159 106 173 248 228 202 213 114 155 142 284 195 8 160 160 266 307 70 122 126 198 202 198 242 251 170 184 73 132 93 220 77 171 217 73 104 169 260 110 345 147 67 124 273 243 56 246 176 133 188 177 243 294 213 167 181 33 215 94 120 260 219 206 195 197 276 235 276 165 230 223 106 260 108 269 184 280
 291 246 326 326 289 136 299 162 341 244 156 337 261 352 379 198 348 64 262 285 1 253 207 233 336 212 244 146 170 71 126 369 172 208 149 387 356 266 364 297 67 317 388 139 162 291 242 206 340 161 157 78 46 260 296 245 433 326 267 14 362 383 222 337 234 278 381 318 414 194 185 254 14 119 174 74 152 339 177 139 241 159 230 129 307 355 365 55 324 82 233 265 299 56 312 288 55 307 59 232 313 53 291 212 384 239 124 120 101 216 349 157 316 318 186 288 316 214 79 62 354 183 409 262 133 99 296 156 164 467 357 205 271 207 249 126 160 272 344 194 340 193 64 139 274 226 36 332 246 67 291 294 332 296 269 43 249 130 464 305 121 293 198 305 76 193 215 176 328 292 87 326 142 186 199 310 184 322 468 83
 79 217 276 217 49 119 114 287 298 41 103 212 31 172 341 271 388 227 46 211 253 1 49 127 134 236 110 268 88 274 248 212 111 106 194 233 299 92 194 57 287 280 339 178 270 208 372 304 461 320 103 242 295 8 224 367 306 265 19 258 286 292 37 300 315 314 250 421 323 318 109 245 251 139 272 212 108 116 290 286 269 197 263 186 229 143 178 292 199 179 307 360 52 214 131 78 227 210 302 360 75 266 82 298 252 40 138 291 245 39 177 124 114 444 69 219 354 64 184 308 255 130 283 19 277 168 405 112 270 356 252 97 123 51 252 152 95 143 179 73 437 135 309 184 149 277 221 80 228 187 355 324 99 358 33 231 361 151 349 243 133 293 249 62 240 323 328 79 84 399 307 107 308 71 133 65 154 77 347 307
 112 209 278 230 85 74 140 256 300 46 63 228 67 201 344 248 377 179 63 214 207 49 1 126 168 218 116 237 49 233 214 237 84 96 165 259 304 111 221 93 244 280 344 147 240 212 344 279 438 286 56 202 248 55 227 340 327 269 61 213 295 305 32 300 293 300 270 400 337 289 89 235 206 91 245 165 61 156 262 252 254 171 246 153 234 181 209 248 215 131 286 338 98 171 158 110 185 218 257 333 119 218 114 274 272 55 90 254 208 10 205 93 147 420 29 221 342 55 137 263 268 110 303 62 243 127 383 66 241 375 266 85 137 7 240 116 48 153 204 49 417 119 262 153 158 258 174 127 219 141 339 312 142 341 65 184 336 115 369 246 88 285 228 101 200 294 302 37 124 376 265 145 273 24 119 105 135 117 368 264
 91 91 153 110 174 129 77 192 175 159 105 114 105 121 219 161 262 239 171 89 233 127 126 1 113 118 23 178 101 219 166 139 70 35 106 158 179 55 132 180 236 156 219 102 173 88 264 196 345 231 150 184 277 131 102 257 215 144 143 231 171 183 101 176 200 190 159 303 216 215 55 119 224 162 171 229 153 128 190 200 147 103 143 114 110 134 135 250 100 189 191 244 133 179 85 89 185 96 262 253 127 268 90 186 162 88 168 215 175 125 118 81 98 330 108 96 229 72 195 270 147 51 190 116 193 136 289 166 172 259 146 45 41 132 127 108 132 40 112 82 317 41 295 106 43 159 213 174 103 180 233 199 134 235 159 232 249 104 254 121 139 167 137 182 183 222 221 111 200 282 250 117 225 135 35 183 56 193 255 252
 57 177 196 121 157 212 38 302 217 173 188 107 105 42 253 265 331 329 174 144 336 134 168 113 1 219 95 289 176 329 277 87 165 129 218 106 209 70 65 159 346 207 245 213 282 135 366 299 436 341 216 294 380 132 150 357 181 183 139 336 189 186 138 221 297 272 131 392 211 321 151 203 329 242 279 317 221 33 298 311 238 215 238 225 150 22 45 359 100 278 288 338 96 284 30 59 293 126 371 356 71 363 55 288 132 115 246 326 287 161 51 180 22 424 169 150 303 129 284 378 152 158 161 116 304 238 382 230 282 233 147 132 73 173 214 211 201 85 58 150 402 151 398 217 88 256 311 120 189 276 318 276 55 319 155 327 348 208 225 168 226 237 241 154 294 329 324 177 161 375 361 33 336 188 145 152 168 155 222 363
 208 49 118 143 284 181 187 94 130 260 169 160 218 210 168 48 162 248 275 96 212 236 218 118 219 1 140 90 176 164 95 203 136 132 72 215 147 172 209 291 182 107 177 91 76 106 148 82 228 133 215 138 249 241 102 140 238 120 253 204 157 180 203 126 82 85 196 187 209 105 131 44 200 206 68 245 216 241 85 112 37 62 29 95 112 239 224 202 151 212 73 127 250 162 189 206 158 123 214 138 244 261 207 70 199 198 215 135 118 221 202 131 209 212 192 96 127 174 217 222 158 109 216 229 109 146 172 230 75 263 163 141 150 224 38 128 201 135 192 171 202 103 268 87 132 42 210 291 42 191 121 99 250 124 267 232 132 125 262 103 181 84 25 295 139 113 106 189 315 165 186 231 135 217 104 296 85 307 267 191
 70 111 167 115 155 131 58 213 189 145 106 116 86 109 233 183 281 245 155 102 244 110 116 23 95 140 1 198 99 235 185 133 75 37 125 154 191 34 123 161 252 171 231 119 194 99 286 217 366 251 147 200 289 113 115 278 216 157 126 244 181 190 88 191 221 210 160 324 222 237 61 139 237 164 192 235 151 108 211 220 168 123 164 130 121 116 122 265 101 194 212 266 112 191 69 67 199 104 277 275 105 276 68 208 162 72 169 234 193 114 108 89 79 351 102 110 248 62 201 284 153 64 192 98 213 146 311 163 193 262 151 44 28 122 148 119 130 39 103 76 338 57 307 123 44 181 222 153 123 188 254 219 113 256 142 240 271 115 257 134 143 185 159 162 199 244 242 107 180 304 266 97 245 128 51 163 75 173 257 269
 265 137 204 230 315 176 253 22 213 281 176 246 260 288 245 57 203 197 298 183 146 268 237 178 289 90 198 1 188 83 27 288 158 175 77 301 231 230 291 324 100 191 257 92 18 192 113 61 212 54 212 70 175 275 190 112 327 207 286 135 244 267 232 207 89 136 284 182 295 57 162 131 133 188 30 199 211 305 33 24 106 77 95 85 200 310 302 121 236 177 88 123 297 109 260 262 99 210 132 102 298 198 264 67 288 236 197 47 48 242 281 145 275 192 208 183 172 207 180 140 247 144 305 267 21 123 161 223 20 350 251 179 217 240 122 123 203 206 272 196 203 145 192 86 205 86 157 337 131 152 146 152 309 151 296 177 112 123 350 192 169 158 67 329 72 60 75 201 352 155 99 294 49 226 150 332 125 344 355 105
 125 173 248 210 131 37 142 208 269 94 16 213 92 202 313 202 336 155 111 186 170 88 49 101 176 176 99 188 1 188 166 231 41 68 118 252 276 109 219 139 200 247 315 99 192 187 297 232 391 238 49 156 214 95 200 293 314 241 104 174 270 283 53 269 247 259 258 354 316 241 51 197 167 68 197 142 53 173 214 204 211 124 203 105 208 193 212 206 199 104 240 292 130 128 158 122 141 196 216 285 144 190 126 228 260 70 72 207 160 56 203 47 155 373 21 193 301 48 110 223 247 70 290 93 195 81 336 66 193 359 247 58 125 53 201 68 32 136 200 27 372 81 229 105 141 213 140 165 182 106 295 272 164 298 111 154 289 67 354 217 52 248 183 146 154 246 254 14 169 330 220 161 225 42 83 150 94 162 355 220
 293 206 281 295 316 161 292 96 292 275 172 309 275 338 326 139 284 132 293 250 71 274 233 219 329 164 235 83 188 1 70 346 173 203 117 363 309 263 345 325 19 269 338 117 100 258 171 140 270 90 192 36 93 281 259 175 398 283 290 59 319 342 239 287 169 218 351 248 372 126 183 207 59 158 113 139 189 339 111 72 186 124 176 106 270 350 351 39 297 131 169 196 313 65 303 290 50 275 51 162 321 122 293 149 354 251 166 50 49 241 333 157 312 248 207 252 253 222 131 59 318 172 375 278 67 107 226 197 102 426 321 203 259 234 200 126 189 254 326 205 270 179 110 114 255 168 95 351 203 108 226 234 338 230 296 110 179 128 424 265 148 239 145 332 37 124 146 197 355 222 34 327 71 216 185 336 164 348 429 35
 249 138 211 229 294 151 241 47 223 258 152 244 241 280 258 74 225 173 276 183 126 248 214 166 277 95 185 27 166 70 1 284 138 158 61 299 240 216 285 302 88 200 269 72 39 192 138 85 238 73 187 49 158 254 192 137 330 213 265 116 250 273 211 218 111 154 284 207 302 83 143 138 112 163 50 175 186 292 58 39 118 64 107 63 202 299 294 108 233 151 109 148 278 85 249 246 76 209 121 127 281 177 249 89 288 217 172 50 26 220 274 124 263 217 186 184 192 188 154 128 250 127 307 247 31 97 186 198 41 357 253 162 205 217 130 99 178 197 266 175 228 130 177 66 197 101 133 319 134 127 169 170 294 173 275 154 137 100 355 196 144 171 76 308 50 86 101 178 331 181 94 280 62 203 135 311 111 323 360 98
 135 155 136 65 241 263 99 295 152 252 239 46 182 46 181 249 274 376 255 109 369 212 237 139 87 203 133 288 231 346 284 1 206 169 230 22 140 128 24 243 365 151 170 234 277 99 340 280 394 335 277 313 413 211 108 330 96 123 220 367 116 106 207 159 270 231 46 350 127 306 192 172 360 296 270 366 281 118 287 311 210 223 214 244 101 93 49 381 53 326 261 305 181 314 82 136 319 82 393 332 156 405 132 267 46 184 301 331 300 232 37 219 102 386 231 112 252 189 332 401 80 189 75 194 306 273 344 293 276 147 73 176 107 243 184 245 260 99 34 206 356 177 432 235 97 232 350 205 164 318 276 230 140 275 237 369 319 241 140 118 275 190 227 240 313 314 303 237 247 337 375 119 335 254 171 237 187 241 137 379
 122 133 209 178 158 61 128 177 230 128 39 183 104 183 274 165 296 171 144 149 172 111 84 70 165 136 75 158 41 173 138 206 1 39 84 227 238 96 197 167 188 208 277 68 160 151 263 196 355 210 87 139 216 117 163 258 284 203 129 172 234 248 75 229 210 219 228 317 281 208 16 157 165 93 163 161 89 169 181 176 171 88 164 76 172 184 196 198 169 121 202 255 143 121 142 119 131 162 210 251 149 202 122 191 231 80 100 183 138 88 182 17 146 337 57 155 261 51 127 217 213 30 259 111 167 74 300 103 160 327 213 34 103 89 160 49 70 108 178 39 334 41 234 74 112 175 148 182 141 114 256 231 166 259 140 165 254 46 322 179 70 207 144 172 137 214 220 54 194 293 206 157 199 82 45 175 53 187 323 207
 92 115 184 144 154 96 92 192 206 133 72 147 89 146 250 169 285 209 146 121 208 106 96 35 129 132 37 175 68 203 158 169 39 1 99 189 211 61 159 161 219 185 251 89 173 121 271 203 358 228 116 168 253 110 134 265 248 176 123 208 204 216 74 206 211 210 192 317 249 219 24 142 201 129 173 199 120 137 192 195 164 99 159 100 142 149 158 231 133 158 203 257 124 156 105 89 165 129 243 260 124 240 92 195 195 68 135 206 163 96 144 53 111 341 76 128 250 44 165 250 180 33 223 99 187 110 302 133 173 293 180 12 65 101 148 83 99 71 140 49 333 32 271 94 75 172 185 165 126 152 251 221 137 253 137 203 259 80 287 152 107 192 146 164 167 225 227 77 185 295 235 125 220 103 29 166 52 177 288 237
 190 98 180 181 241 115 181 95 196 209 108 194 184 223 236 86 230 178 226 138 149 194 165 106 218 72 125 77 118 117 61 230 84 99 1 247 210 156 229 249 135 172 244 22 77 144 180 115 274 130 151 84 190 200 148 176 286 178 211 143 215 235 158 192 131 153 237 238 267 125 86 110 138 137 80 175 151 232 98 97 107 12 97 24 159 239 237 152 181 141 125 176 221 95 190 187 95 161 164 169 222 195 189 111 240 161 146 110 71 170 218 73 203 255 137 141 195 132 146 172 207 68 262 192 89 75 219 164 78 319 209 103 146 169 107 59 138 139 210 122 256 70 209 16 139 102 142 261 100 121 183 168 235 186 223 163 172 57 316 158 112 155 70 254 84 131 137 131 277 213 146 220 122 158 75 257 51 269 320 150
 156 167 137 73 262 284 121 308 150 273 259 56 203 65 174 260 273 396 276 120 387 233 259 158 106 215 154 301 252 363 299 22 227 189 247 1 136 149 42 263 381 153 162 251 290 110 348 290 397 347 298 330 431 232 116 337 76 124 241 385 110 97 228 158 278 235 35 353 114 316 212 181 378 317 282 387 303 136 299 324 218 239 223 262 108 110 65 398 67 346 269 310 201 333 104 157 337 93 410 340 176 425 153 276 34 206 322 345 316 254 58 239 122 389 252 121 254 210 353 418 77 208 58 215 320 292 349 314 288 128 70 197 128 264 193 264 282 119 56 227 358 196 450 252 116 241 370 224 175 338 279 233 159 278 258 389 326 260 120 123 295 194 239 259 329 324 312 258 266 342 390 138 348 276 190 257 205 260 117 394
 236 113 31 90 341 296 199 229 21 335 276 104 272 176 45 177 140 386 344 91 356 299 304 179 209 147 191 231 276 309 240 140 238 211 210 136 1 209 160 345 327 42 41 224 216 93 239 197 269 264 323 284 394 301 78 227 113 36 313 349 26 48 278 29 175 120 102 227 67 224 226 104 344 327 204 381 326 241 216 252 127 199 137 232 71 223 185 348 111 343 167 195 287 304 189 235 302 91 360 234 268 403 233 182 104 262 335 276 263 303 165 242 215 265 286 84 125 250 349 368 61 210 100 285 251 278 226 340 214 122 68 222 178 310 111 254 307 158 155 259 228 198 413 222 152 150 350 321 111 327 157 112 260 155 330 372 215 250 123 60 302 80 166 344 284 231 213 287 358 220 330 237 271 313 194 344 192 351 130 335
 37 141 188 126 132 144 34 245 210 130 119 122 63 94 252 215 309 261 137 124 266 92 111 55 70 172 34 230 109 263 216 128 96 61 156 149 209 1 113 137 279 194 249 148 226 119 318 250 398 283 152 228 311 93 136 311 218 176 105 267 196 201 80 213 253 240 162 356 232 269 83 169 260 175 224 249 157 77 244 252 199 154 196 159 140 90 105 291 109 210 244 298 83 216 51 35 225 119 303 307 73 294 35 240 164 59 179 264 223 106 96 111 51 383 105 132 277 63 216 310 164 92 194 76 244 169 343 167 226 267 161 63 33 116 178 143 136 53 95 83 369 87 328 153 59 213 241 123 153 207 285 248 80 286 122 258 303 139 260 156 157 213 191 137 227 276 275 112 153 335 295 65 276 128 82 137 106 145 259 297
 116 162 153 78 221 252 82 300 171 233 228 60 164 24 202 256 292 367 235 118 364 194 221 132 65 209 123 291 219 345 285 24 197 159 229 42 160 113 1 222 363 168 192 231 281 108 350 288 409 340 263 311 408 192 119 340 117 140 201 362 136 128 191 177 280 244 69 364 150 313 183 182 355 285 275 357 268 95 293 314 219 223 222 242 114 70 27 379 62 316 271 317 160 310 65 117 316 93 391 341 135 398 113 275 69 168 290 333 300 216 18 211 82 399 217 122 268 175 323 399 100 182 98 175 309 267 358 279 280 169 93 166 96 227 194 239 247 93 21 193 371 172 426 233 92 241 343 183 172 310 290 245 118 290 217 362 330 235 161 132 265 204 233 218 311 321 312 223 225 351 375 97 339 239 166 216 183 219 158 378
 112 270 324 260 10 165 150 343 346 54 154 252 77 199 388 327 441 262 38 260 297 57 93 180 159 291 161 324 139 325 302 243 167 161 249 263 345 137 222 1 336 330 385 233 325 255 428 360 517 375 141 294 336 51 272 422 338 312 39 303 330 333 93 349 371 368 285 477 362 374 165 298 297 179 328 247 146 132 346 341 324 253 318 240 276 161 202 340 240 218 362 416 63 263 165 112 277 255 349 416 89 302 115 353 286 94 176 345 298 85 207 179 143 500 120 268 407 120 223 355 297 186 317 65 332 219 461 145 326 390 293 152 169 92 306 205 139 189 211 128 492 190 349 239 195 332 263 55 282 231 410 378 110 413 29 270 417 204 382 292 179 345 305 10 292 379 384 129 32 454 357 127 362 112 188 16 210 27 379 356
 309 224 299 314 328 172 309 110 310 286 185 327 289 355 344 156 298 129 304 268 67 287 244 236 346 182 252 100 200 19 88 365 188 219 135 381 327 279 363 336 1 287 355 135 116 276 180 154 277 99 201 53 79 294 277 185 416 301 303 54 338 360 252 304 183 234 369 258 390 138 199 225 56 166 129 138 198 355 126 86 204 143 193 123 288 367 369 22 315 135 184 208 327 75 320 306 61 293 34 171 336 114 309 164 372 265 173 62 67 252 351 172 329 255 219 270 268 237 135 41 336 189 393 292 82 120 235 205 119 444 339 219 276 245 218 140 199 272 343 219 280 196 96 132 273 184 95 364 221 114 239 250 353 244 308 108 190 143 443 283 159 256 163 344 54 135 158 209 367 232 23 343 81 226 203 348 182 361 448 21
 225 78 18 91 325 265 190 189 25 314 246 109 255 180 67 137 125 349 325 71 317 280 280 156 207 107 171 191 247 269 200 151 208 185 172 153 42 194 168 330 287 1 73 188 175 77 204 157 245 224 294 244 355 283 60 192 147 30 295 310 58 82 256 22 137 86 123 201 107 185 197 64 305 294 164 344 296 237 176 211 87 161 97 194 59 224 191 307 110 308 129 162 275 265 183 223 263 83 319 198 259 365 222 143 126 242 303 236 223 280 169 210 209 238 259 63 102 227 314 327 78 179 130 267 210 242 198 310 173 162 84 196 163 286 70 219 277 142 159 233 206 168 374 185 136 110 313 312 73 290 128 82 255 127 312 334 180 215 162 41 269 44 125 330 245 192 175 259 346 191 289 232 231 286 165 330 159 338 169 294
 275 149 68 127 380 335 238 252 49 375 315 140 311 210 18 201 129 421 384 131 388 339 344 219 245 177 231 257 315 338 269 170 277 251 244 162 41 249 192 385 355 73 1 260 241 133 248 215 263 284 363 314 425 341 118 236 121 76 353 381 57 67 318 53 191 133 128 223 65 242 265 135 376 365 229 416 365 277 238 276 152 233 163 266 111 258 217 376 148 380 184 202 326 337 226 274 334 131 388 245 306 437 272 202 130 302 373 301 293 343 199 280 252 262 325 124 125 290 385 395 94 249 116 324 276 314 227 379 239 113 100 262 217 350 140 291 346 197 190 299 221 237 444 257 191 173 384 359 146 362 161 121 297 158 369 406 224 287 116 99 340 100 193 384 315 249 228 326 397 221 355 274 294 352 233 383 230 390 125 361
 181 112 194 188 225 94 176 111 212 191 88 200 170 222 253 106 251 163 208 147 139 178 147 102 213 91 119 92 99 117 72 234 68 89 22 251 224 148 231 233 135 188 260 1 94 153 199 134 294 144 130 82 182 184 159 195 295 192 195 135 227 247 141 208 152 173 244 258 279 143 73 127 129 116 99 158 130 225 116 110 127 31 117 12 170 234 236 149 186 122 146 196 208 84 186 178 87 169 161 187 211 182 180 131 247 146 125 118 75 152 218 55 197 275 119 151 215 117 128 169 217 57 271 177 101 56 239 144 95 330 219 92 143 151 125 39 118 139 211 105 276 63 200 7 140 123 128 248 115 104 204 188 225 207 206 149 192 37 327 170 92 173 90 238 82 148 156 112 261 233 148 213 133 139 69 241 48 253 331 151
 261 124 189 218 317 183 247 20 197 285 180 235 259 279 229 41 188 211 302 171 162 270 240 173 282 76 194 18 192 100 39 277 160 173 77 290 216 226 281 325 116 175 241 94 1 180 106 47 203 60 219 86 191 276 177 103 313 193 287 152 229 253 234 191 73 119 272 171 280 50 162 117 149 198 14 213 218 300 23 37 90 75 79 89 187 303 293 138 225 189 72 111 295 123 253 258 113 198 149 94 295 214 260 52 275 236 207 62 63 246 272 148 270 183 212 171 155 208 192 156 233 143 291 267 36 132 150 231 3 335 238 178 210 244 107 128 209 199 263 198 191 142 209 88 197 69 171 336 118 165 131 135 305 135 298 192 101 128 335 178 177 142 53 330 87 55 65 205 353 145 116 289 60 231 147 333 122 345 340 121
 149 57 69 39 250 211 115 198 92 243 189 55 181 114 135 151 197 310 252 11 291 208 212 88 135 106 99 192 187 258 192 99 151 121 144 110 93 119 108 255 276 77 133 153 180 1 243 182 304 238 235 226 333 210 18 233 143 59 222 286 84 98 186 94 173 139 94 260 132 208 138 75 280 243 173 303 238 164 190 215 112 136 116 163 23 153 127 294 47 264 164 210 199 236 109 148 238 18 307 235 183 333 146 169 97 170 250 237 210 211 104 158 134 294 195 16 169 158 270 315 65 124 119 194 211 202 252 252 179 180 67 131 88 219 87 175 218 67 93 168 269 112 352 153 61 134 278 236 66 250 186 143 180 186 238 299 223 171 176 37 218 103 130 255 227 216 205 197 270 245 284 157 239 222 108 255 112 263 179 288
 354 191 221 277 420 287 334 92 218 389 285 295 359 354 232 104 144 300 405 233 242 372 344 264 366 148 286 113 297 171 138 340 263 271 180 348 239 318 350 428 180 204 248 199 106 243 1 69 101 82 323 175 257 378 234 13 349 230 389 229 260 284 336 210 71 120 322 79 304 57 263 169 229 300 101 305 323 388 84 107 132 176 129 193 241 386 367 200 289 287 81 48 393 217 336 352 204 259 207 12 389 292 353 79 325 336 309 123 156 349 345 252 357 80 316 230 128 309 289 212 278 243 333 368 115 235 57 335 105 357 284 278 297 348 157 233 313 282 335 301 101 240 272 192 278 111 261 434 180 262 91 129 397 94 401 279 25 232 359 226 280 161 128 432 177 54 44 310 454 54 166 378 101 336 244 434 220 446 367 173
 286 127 173 218 352 226 267 45 177 323 221 236 291 290 202 36 145 257 339 172 206 304 279 196 299 82 217 61 232 140 85 280 196 203 115 290 197 250 288 360 154 157 215 134 47 182 69 1 161 69 262 130 231 310 175 63 302 180 322 195 214 238 269 170 30 85 268 125 262 28 196 110 192 243 38 259 262 321 30 70 74 109 68 131 183 320 304 176 229 235 33 65 325 169 270 283 159 199 186 58 321 258 285 16 271 269 252 94 108 284 281 186 289 142 251 170 115 241 238 192 225 175 282 300 74 177 106 275 45 318 231 210 230 283 98 170 251 215 272 234 145 172 249 128 212 50 217 366 117 211 87 100 329 91 334 237 58 169 318 171 221 118 60 365 132 36 26 245 386 100 148 311 81 272 175 367 152 378 325 154
 434 261 262 331 510 385 409 192 251 482 381 350 445 417 246 191 136 400 498 295 340 461 438 345 436 228 366 212 391 270 238 394 355 358 274 397 269 398 409 517 277 245 263 294 203 304 101 161 1 181 421 275 352 467 291 101 380 274 479 328 294 317 427 243 148 166 367 45 326 156 354 235 328 399 196 405 421 462 182 207 200 268 203 290 295 455 429 295 348 387 156 102 477 317 408 432 305 318 301 112 470 390 432 165 369 424 408 222 256 442 407 346 431 23 410 290 145 398 389 305 322 332 369 455 216 333 57 433 202 374 328 366 373 442 224 330 410 355 396 393 44 328 365 287 351 187 361 518 249 362 120 165 474 120 492 379 103 329 378 278 379 205 213 521 277 154 139 405 542 64 261 453 200 432 330 523 308 534 387 267
 318 182 239 275 366 222 306 41 244 331 224 292 312 338 270 90 206 220 348 228 161 320 286 231 341 133 251 54 238 90 73 335 210 228 130 347 264 283 340 375 99 224 284 144 60 238 82 69 181 1 257 98 177 326 234 86 366 244 337 148 280 304 284 237 96 153 328 159 329 45 215 171 148 229 66 225 255 358 50 35 138 130 130 135 243 362 352 119 283 211 101 112 349 141 312 315 127 255 127 73 351 211 317 83 331 289 238 42 82 292 331 197 328 159 258 228 180 260 212 133 288 197 345 319 44 166 137 266 61 385 293 232 269 289 160 171 249 258 322 248 181 198 192 138 256 115 181 390 174 186 147 168 362 152 347 199 92 172 385 232 213 186 109 380 100 40 64 250 403 134 87 347 20 274 203 383 178 396 391 94
 161 218 295 258 133 37 184 233 316 89 49 261 120 245 360 235 376 125 106 234 157 103 56 150 216 215 147 212 49 192 187 277 87 116 151 298 323 152 263 141 201 294 363 130 219 235 323 262 421 257 1 165 196 110 247 321 362 288 114 164 318 331 80 315 281 299 305 386 364 268 99 241 157 38 226 110 6 208 241 223 252 159 243 133 256 231 255 202 247 78 275 325 153 128 201 159 143 244 210 312 172 164 163 260 307 103 36 221 176 65 247 86 194 401 48 240 341 90 83 215 295 116 337 116 214 92 367 18 220 407 295 106 172 53 244 93 18 184 245 72 405 127 209 136 189 251 122 181 226 91 332 313 195 335 114 130 319 94 402 265 46 291 219 150 163 271 283 41 173 361 222 196 241 33 130 155 137 167 402 221
 258 177 254 263 285 132 257 88 267 245 141 276 241 303 304 122 272 128 263 219 78 242 202 184 294 138 200 70 156 36 49 313 139 168 84 330 284 228 311 294 53 244 314 82 86 226 175 130 275 98 165 1 112 249 229 176 367 255 258 69 292 314 206 262 158 201 319 248 344 123 148 181 65 134 98 131 162 304 102 69 165 92 153 71 239 315 317 69 264 114 157 192 279 44 268 255 31 243 81 164 287 129 258 136 322 217 142 58 24 209 299 123 277 254 175 221 239 188 115 90 287 137 344 245 61 76 227 172 88 398 291 168 224 204 175 92 160 220 291 172 270 144 131 80 221 149 88 318 175 89 216 218 303 220 265 108 178 94 396 236 120 217 122 300 3 123 142 166 324 222 68 292 80 186 150 304 130 317 400 70
 335 286 365 369 328 178 343 187 378 283 199 380 304 396 415 230 375 83 300 326 46 295 248 277 380 249 289 175 214 93 158 413 216 253 190 431 394 311 408 336 79 355 425 182 191 333 257 231 352 177 196 112 1 302 337 262 475 365 308 48 402 423 265 373 260 309 424 335 454 216 230 292 54 159 204 98 191 383 203 163 275 199 264 171 348 399 409 59 367 119 261 286 342 99 357 332 96 349 52 249 356 49 336 240 427 282 162 140 133 257 394 201 361 330 228 329 345 258 115 49 395 227 451 304 158 144 313 193 193 507 398 249 315 247 286 171 201 316 388 237 357 237 20 181 318 258 75 374 285 109 317 325 376 321 309 69 268 175 505 345 163 328 233 345 111 213 236 218 368 309 92 371 159 226 243 350 228 362 509 86
 77 221 278 218 44 126 113 293 301 43 110 212 31 170 343 277 391 233 45 214 260 8 55 131 132 241 113 275 95 281 254 211 117 110 200 232 301 93 192 51 294 283 341 184 276 210 378 310 467 326 110 249 302 1 226 372 305 267 14 265 288 293 44 302 320 318 250 426 324 324 115 249 259 146 278 219 115 113 297 292 273 203 268 192 231 140 175 299 200 186 312 366 46 221 130 76 234 211 309 366 70 272 80 303 251 44 145 298 252 46 176 131 112 450 76 221 358 70 191 316 256 136 282 18 284 175 411 118 276 355 253 102 125 57 256 159 102 144 178 80 442 140 316 190 150 282 228 73 232 194 360 328 94 362 30 238 367 158 348 246 141 297 255 56 247 329 334 86 78 404 314 104 315 78 138 58 160 70 346 314
 166 55 53 44 267 222 131 195 76 258 201 63 197 127 119 145 181 318 268 14 296 224 227 102 150 102 115 190 200 259 192 108 163 134 148 116 78 136 119 272 277 60 118 159 177 18 234 175 291 234 247 229 337 226 1 223 140 43 238 291 72 89 201 78 163 126 95 247 122 201 150 66 285 253 169 312 251 180 185 213 103 139 108 168 12 168 139 296 58 273 154 199 216 241 125 164 242 27 309 226 200 340 163 161 99 186 261 235 212 226 116 168 150 281 209 9 154 173 279 317 60 135 116 210 210 210 240 264 176 172 63 145 104 233 78 184 230 84 106 182 255 123 356 158 78 126 285 253 61 258 172 128 196 172 255 306 212 180 169 21 228 88 126 272 229 209 197 210 287 233 284 173 236 236 119 271 120 280 173 289
 347 182 209 266 415 285 326 91 207 384 282 285 353 344 220 97 133 302 401 223 245 367 340 257 357 140 278 112 293 175 137 330 258 265 176 337 227 311 340 422 185 192 236 195 103 233 13 63 101 86 321 176 262 372 223 1 338 219 384 233 248 273 331 199 61 108 311 74 292 55 258 160 232 299 97 306 321 380 82 109 122 171 120 190 230 377 358 205 280 287 71 37 387 218 328 344 206 249 212 15 382 296 345 72 314 331 308 126 156 345 335 248 348 81 312 220 116 304 289 218 267 237 321 362 117 233 52 333 102 346 273 272 289 344 147 230 311 273 325 296 96 234 277 189 270 102 263 428 170 262 79 117 389 83 396 282 14 229 348 215 279 149 121 427 178 54 40 306 448 48 172 370 105 333 237 429 214 441 355 178
 229 193 130 109 336 344 193 329 133 345 320 102 276 140 137 277 247 450 349 150 433 306 327 215 181 238 216 327 314 398 330 96 284 248 286 76 113 218 117 338 416 147 121 295 313 143 349 302 380 366 362 367 475 305 140 338 1 123 314 428 91 66 297 141 283 231 58 338 58 329 270 197 422 376 303 442 366 211 317 349 229 277 237 305 129 184 140 435 117 402 275 307 276 378 176 230 380 128 447 344 251 475 226 287 56 276 383 372 350 323 132 294 197 376 317 147 237 276 408 455 81 261 26 288 346 343 338 378 311 53 78 258 192 333 207 315 345 179 128 291 338 249 494 295 174 253 420 299 197 390 269 224 234 267 331 440 326 311 45 136 353 190 261 334 368 337 320 322 341 332 422 213 371 342 243 332 252 335 42 427
