NAME : domp40p20v9
COMMENT : (Deleplanque et al.) 
TYPE : DOMP
DIMENSION : 40
DISPLAY_DATA_TYPE: NO_DISPLAY
OPEN_FACILITIES : 20
COST_SECTION
 1 152 85 270 214 292 208 283 37 104 271 196 78 198 248 254 109 207 167 191 167 126 88 122 124 264 246 151 262 354 89 58 149 116 94 164 33 166 99 81
 152 1 178 152 291 222 79 203 181 206 261 57 143 56 99 165 254 95 16 95 30 277 129 39 178 126 97 229 363 278 90 209 264 259 60 145 181 41 194 232
 85 178 1 248 133 240 251 237 65 29 197 201 36 232 257 217 101 192 192 247 179 144 167 163 208 303 272 68 191 299 154 106 223 170 135 112 102 172 18 105
 270 152 248 1 304 105 191 81 286 269 197 98 218 165 95 54 347 65 146 229 124 383 276 188 328 198 151 263 387 143 237 324 406 385 198 146 302 116 258 338
 214 291 133 304 1 247 368 257 186 111 153 296 159 346 347 256 168 268 303 372 283 214 299 285 338 415 377 67 84 291 284 215 334 268 260 165 223 271 117 198
 292 222 240 105 247 1 281 25 295 252 109 179 222 253 196 61 339 131 222 312 195 383 327 250 380 298 250 228 328 63 290 337 439 403 248 131 322 182 244 343
 208 79 251 191 368 281 1 259 242 278 334 103 217 29 104 221 316 151 69 45 96 331 152 90 186 57 59 305 439 331 124 261 286 299 119 222 232 110 268 288
 283 203 237 81 257 25 259 1 289 252 127 158 216 231 172 39 337 110 202 292 175 380 313 232 366 274 226 232 339 77 274 331 429 396 233 127 314 163 242 338
 37 181 65 286 186 295 242 289 1 77 260 219 74 230 274 263 75 224 196 227 192 100 123 154 154 297 276 126 228 356 125 44 158 109 125 165 38 189 75 54
 104 206 29 269 111 252 278 252 77 1 197 227 64 260 283 235 88 216 219 274 206 135 189 191 227 330 300 50 165 310 179 111 231 172 163 128 114 198 13 102
 271 261 197 197 153 109 334 127 260 197 1 237 195 307 272 144 282 192 267 355 240 330 332 276 382 365 319 157 228 141 301 302 417 366 263 122 295 226 192 298
 196 57 201 98 296 179 103 158 219 227 237 1 166 75 57 119 289 49 49 135 31 318 184 94 233 130 85 240 374 231 144 252 318 307 110 135 226 31 216 272
 78 143 36 218 159 222 217 216 74 64 195 166 1 198 222 192 129 160 157 215 144 167 147 130 193 268 237 93 224 283 127 116 225 182 103 92 103 137 52 124
 198 56 232 165 346 253 29 231 230 260 307 75 198 1 83 193 304 123 44 65 69 323 153 77 193 71 51 284 418 304 120 253 290 296 106 196 224 83 249 278
 248 99 257 95 347 196 104 172 274 283 272 57 222 83 1 137 344 84 87 146 82 372 225 136 270 104 57 294 427 238 187 305 362 357 158 184 278 87 271 326
 254 165 217 54 256 61 221 39 263 235 144 119 192 193 137 1 317 72 164 253 137 358 278 195 331 238 190 222 339 114 239 305 398 368 198 108 285 125 224 315
 109 254 101 347 168 339 316 337 75 88 282 289 129 304 344 317 1 288 269 300 264 49 189 228 208 371 350 128 182 397 197 69 173 103 199 212 93 259 96 41
 207 95 192 65 268 131 151 110 224 216 192 49 160 123 84 72 288 1 93 182 66 322 214 128 266 175 128 218 348 185 174 262 342 322 135 103 238 55 204 277
 167 16 192 146 303 222 69 202 196 219 267 49 157 44 87 164 269 93 1 92 29 292 140 50 187 113 82 241 376 277 101 223 276 273 74 154 195 43 208 246
 191 95 247 229 372 312 45 292 227 274 355 135 215 65 146 253 300 182 92 1 120 309 122 87 147 89 103 307 437 365 103 239 250 271 113 238 211 133 264 268
 167 30 179 124 283 195 96 175 192 206 240 31 144 69 82 137 264 66 29 120 1 291 155 65 205 134 96 224 358 250 115 224 288 278 80 128 198 15 195 245
 126 277 144 383 214 383 331 380 100 135 330 318 167 323 372 358 49 322 292 309 291 1 191 247 196 387 371 176 219 442 208 71 140 68 219 254 100 288 142 47
 88 129 167 276 299 327 152 313 123 189 332 184 147 153 225 278 189 214 140 122 155 191 1 91 54 207 203 233 349 388 41 124 138 150 81 213 97 161 183 153
 122 39 163 188 285 250 90 232 154 191 276 94 130 77 136 195 228 128 50 87 65 247 91 1 141 144 125 221 353 308 52 178 227 224 30 156 149 73 180 202
 124 178 208 328 338 380 186 366 154 227 382 233 193 193 270 331 208 266 187 147 205 196 54 141 1 236 241 274 380 441 93 140 104 141 134 265 120 213 222 169
 264 126 303 198 415 298 57 274 297 330 365 130 268 71 104 238 371 175 113 89 134 387 207 144 236 1 49 354 488 341 180 317 338 355 173 261 288 147 319 343
 246 97 272 151 377 250 59 226 276 300 319 85 237 51 57 190 350 128 82 103 96 371 203 125 241 49 1 319 453 293 170 301 340 346 153 219 273 107 288 326
 151 229 68 263 67 228 305 232 126 50 157 240 93 284 294 222 128 218 241 307 224 176 233 221 274 354 319 1 136 281 218 160 280 219 195 119 163 213 53 149
 262 363 191 387 84 328 439 339 228 165 228 374 224 418 427 339 182 348 376 437 358 219 349 353 380 488 453 136 1 368 342 245 354 283 325 246 261 348 174 221
 354 278 299 143 291 63 331 77 356 310 141 231 283 304 238 114 397 185 277 365 250 442 388 308 441 341 293 281 368 1 350 398 501 463 308 192 383 238 302 403
 89 90 154 237 284 290 124 274 125 179 301 144 127 120 187 239 197 174 101 103 115 208 41 52 93 180 170 218 342 350 1 138 176 177 42 181 110 121 171 166
 58 209 106 324 215 337 261 331 44 111 302 252 116 253 305 305 69 262 223 239 224 71 124 178 140 317 301 160 245 398 138 1 121 66 150 207 30 223 112 31
 149 264 223 406 334 439 286 429 158 231 417 318 225 290 362 398 173 342 276 250 288 140 138 227 104 338 340 280 354 501 176 121 1 73 210 313 123 293 231 137
 116 259 170 385 268 403 299 396 109 172 366 307 182 296 357 368 103 322 273 271 278 68 150 224 141 355 346 219 283 463 177 66 73 1 200 273 84 279 175 72
 94 60 135 198 260 248 119 233 125 163 263 110 103 106 158 198 199 135 74 113 80 219 81 30 134 173 153 195 325 308 42 150 210 200 1 142 122 84 152 174
 164 145 112 146 165 131 222 127 165 128 122 135 92 196 184 108 212 103 154 238 128 254 213 156 265 261 219 119 246 192 181 207 313 273 142 1 193 115 118 213
 33 181 102 302 223 322 232 314 38 114 295 226 103 224 278 285 93 238 195 211 198 100 97 149 120 288 273 163 261 383 110 30 123 84 122 193 1 197 112 58
 166 41 172 116 271 182 110 163 189 198 226 31 137 83 87 125 259 55 43 133 15 288 161 73 213 147 107 213 348 238 121 223 293 279 84 115 197 1 187 242
 99 194 18 258 117 244 268 242 75 13 192 216 52 249 271 224 96 204 208 264 195 142 183 180 222 319 288 53 174 302 171 112 231 175 152 118 112 187 1 106
 81 232 105 338 198 343 288 338 54 102 298 272 124 278 326 315 41 277 246 268 245 47 153 202 169 343 326 149 221 403 166 31 137 72 174 213 58 242 106 1
LAMBDA_SECTION
1  25
2  12
3  33
4  38
5  25
6  34
7  22
8  26
9  10
10  29
11  16
12  12
13  11
14  24
15  26
16  38
17  11
18  24
19  34
20  36
21  18
22  28
23  22
24  31
25  15
26  31
27  18
28  16
29  39
30  17
31  28
32  24
33  19
34  22
35  22
36  35
37  16
38  27
39  21
40  16
