NAME : domp30p15v5
COMMENT : (Deleplanque et al.) 
TYPE : DOMP
DIMENSION : 30
DISPLAY_DATA_TYPE: NO_DISPLAY
OPEN_FACILITIES : 15
COST_SECTION
 1 113 139 213 47 225 293 257 283 263 285 339 149 106 110 241 129 96 369 172 207 103 307 282 142 120 312 249 207 193
 113 1 141 212 135 318 285 262 295 195 175 312 42 71 223 218 210 95 366 221 137 112 280 196 50 147 262 180 263 154
 139 141 1 77 110 223 157 126 157 149 240 201 178 195 212 103 121 204 236 94 111 38 169 187 190 33 180 139 135 68
 213 212 77 1 177 233 82 51 85 140 271 132 245 270 269 48 155 280 160 94 133 115 104 189 260 94 134 136 120 78
 47 135 110 177 1 187 257 218 242 248 295 307 175 147 108 211 85 140 331 128 198 79 276 275 174 84 288 235 161 172
 225 318 223 233 187 1 279 237 233 363 459 343 359 330 167 280 110 319 319 141 333 224 323 406 359 195 365 355 118 284
 293 285 157 82 257 279 1 45 55 158 309 65 315 347 344 71 224 359 82 156 180 195 52 210 332 175 110 163 163 135
 257 262 126 51 218 237 45 1 37 167 311 107 295 319 302 68 181 329 113 112 174 163 87 219 310 138 138 168 121 122
 283 295 157 85 242 233 55 37 1 201 346 115 330 351 317 103 193 359 94 124 210 193 105 253 344 165 162 202 120 158
 263 195 149 140 248 363 158 167 201 1 154 148 207 265 355 101 268 287 225 223 60 170 123 53 229 181 77 16 256 82
 285 175 240 271 295 459 309 311 346 154 1 300 154 228 394 245 351 256 378 332 140 236 276 109 174 265 225 148 372 195
 339 312 201 132 307 343 65 107 115 148 300 1 336 379 400 99 283 395 84 217 188 238 34 193 356 224 77 158 226 159
 149 42 178 245 175 359 315 295 330 207 154 336 1 75 257 246 251 103 395 261 152 152 305 198 24 187 279 193 304 181
 106 71 195 270 147 330 347 319 351 265 228 379 75 1 202 283 230 29 427 260 207 160 347 265 55 191 332 251 299 221
 110 223 212 269 108 167 344 302 317 355 394 400 257 202 1 309 126 182 410 194 304 185 372 382 247 182 390 342 210 277
 241 218 103 48 211 280 71 68 103 101 245 99 246 283 309 1 200 297 150 141 111 139 67 152 264 129 87 101 166 66
 129 210 121 155 85 110 224 181 193 268 351 283 251 230 126 200 1 224 286 70 230 116 257 307 253 90 286 258 87 187
 96 95 204 280 140 319 359 329 359 287 256 395 103 29 182 297 224 1 439 261 229 167 362 290 84 196 351 272 298 238
 369 366 236 160 331 319 82 113 94 225 378 84 395 427 410 150 286 439 1 217 256 274 103 273 413 251 159 232 211 215
 172 221 94 94 128 141 156 112 124 223 332 217 261 260 194 141 70 261 217 1 198 111 192 269 269 75 228 217 43 146
 207 137 111 133 198 333 180 174 210 60 140 188 152 207 304 111 230 229 256 198 1 122 158 79 174 141 128 45 237 56
 103 112 38 115 79 224 195 163 193 170 236 238 152 160 185 139 116 167 274 111 122 1 206 201 161 36 211 158 153 94
 307 280 169 104 276 323 52 87 105 123 276 34 305 347 372 67 257 362 103 192 158 206 1 171 324 194 62 131 207 127
 282 196 187 189 275 406 210 219 253 53 109 193 198 265 382 152 307 290 273 269 79 201 171 1 221 218 118 54 304 123
 142 50 190 260 174 359 332 310 344 229 174 356 24 55 247 264 253 84 413 269 174 161 324 221 1 196 301 215 311 200
 120 147 33 94 84 195 175 138 165 181 265 224 187 191 182 129 90 196 251 75 141 36 194 218 196 1 209 170 118 100
 312 262 180 134 288 365 110 138 162 77 225 77 279 332 390 87 286 351 159 228 128 211 62 118 301 209 1 90 250 119
 249 180 139 136 235 355 163 168 202 16 148 158 193 251 342 101 258 272 232 217 45 158 131 54 215 170 90 1 251 73
 207 263 135 120 161 118 163 121 120 256 372 226 304 299 210 166 87 298 211 43 237 153 207 304 311 118 250 251 1 183
 193 154 68 78 172 284 135 122 158 82 195 159 181 221 277 66 187 238 215 146 56 94 127 123 200 100 119 73 183 1
LAMBDA_SECTION
1  14
2  15
3  14
4  24
5  10
6  19
7  15
8  27
9  21
10  24
11  20
12  9
13  20
14  22
15  17
16  16
17  9
18  14
19  18
20  13
21  29
22  17
23  27
24  21
25  27
26  20
27  12
28  9
29  9
30  19
