NAME : domp240p60v8
COMMENT : (Deleplanque et al.) 
TYPE : DOMP
DIMENSION : 240
DISPLAY_DATA_TYPE: NO_DISPLAY
OPEN_FACILITIES : 60
COST_SECTION
 1 105 199 112 190 113 115 307 227 156 261 126 62 276 220 300 209 145 359 63 86 257 330 171 245 88 101 182 245 246 151 158 326 260 172 97 134 157 63 106 209 231 269 148 286 46 241 187 35 200 81 297 188 273 279 109 234 88 174 92 169 314 262 326 71 101 287 223 269 273 233 168 148 174 121 105 207 197 112 213 84 79 223 49 201 172 114 228 168 145 320 270 197 199 96 175 159 78 65 324 137 315 332 146 348 203 32 259 124 272 123 188 318 182 161 128 163 74 52 183 184 94 174 124 30 151 326 121 147 135 190 359 106 56 247 170 240 279 193 319 130 326 204 248 300 83 336 88 151 273 198 75 56 341 301 324 187 37 218 302 352 196 179 84 267 197 265 185 137 288 214 92 298 357 266 313 280 292 144 160 146 283 143 196 113 164 177 37 243 151 63 101 107 86 214 152 216 211 145 181 210 231 151 265 142 239 353 81 67 318 268 81 136 130 303 50 283 269 28 296 288 259 223 192 151 264 215 182 249 302 91 150 121 92 270 177 198 274 62 152
 105 1 100 46 224 123 216 227 133 144 244 80 123 172 212 201 174 94 256 168 129 214 226 67 190 176 91 115 179 164 49 139 275 164 174 78 93 58 120 147 142 172 202 140 260 106 141 84 138 131 128 275 98 261 228 100 205 157 144 69 124 268 166 294 119 17 215 123 183 171 210 76 113 251 152 15 118 97 143 141 123 182 121 115 137 153 212 142 258 126 271 168 93 130 116 128 79 134 61 222 37 213 228 191 244 135 136 156 217 174 103 157 216 181 57 230 204 176 151 207 125 133 131 37 104 117 223 155 186 184 188 255 179 121 147 166 137 226 104 216 226 224 173 191 196 183 287 99 107 236 136 50 150 237 197 286 177 142 229 199 249 218 185 23 215 103 247 172 131 213 205 69 196 253 168 215 195 266 148 116 84 215 149 240 66 72 206 72 187 48 44 129 195 60 221 250 137 205 206 157 119 212 243 163 121 143 311 170 83 213 171 182 187 81 199 56 262 166 79 192 199 241 135 144 135 193 164 102 182 197 161 173 153 128 254 87 165 222 159 121
 199 100 1 129 254 164 300 139 119 156 223 157 196 103 206 154 150 97 184 260 226 171 153 41 137 274 137 158 114 81 53 147 213 137 254 128 108 43 192 200 88 119 132 220 227 185 108 28 233 81 192 243 30 241 173 189 178 256 138 125 185 213 67 250 217 112 136 25 92 119 189 35 185 312 245 96 35 5 237 81 184 276 81 214 176 154 294 58 331 141 213 74 34 166 167 187 55 200 160 126 64 119 149 235 164 171 227 98 294 75 131 143 155 190 59 316 243 263 248 231 174 230 193 76 202 189 155 249 278 279 193 179 246 196 111 177 47 169 32 145 305 159 233 135 118 280 227 155 175 194 93 148 234 157 121 236 252 234 308 134 180 239 265 119 160 17 224 244 154 131 276 125 101 178 133 116 105 232 172 110 82 141 174 275 103 102 235 163 133 56 142 181 270 154 228 330 156 202 259 225 121 194 317 115 136 121 257 248 181 128 139 268 283 99 134 151 233 107 174 112 104 219 138 197 146 120 209 52 116 112 229 205 197 224 232 111 146 166 243 194
 112 46 129 1 262 162 227 263 117 187 289 35 149 176 256 191 219 139 256 171 103 259 228 90 234 162 131 77 220 201 78 183 318 150 131 119 138 91 147 180 185 215 243 97 305 130 133 106 140 174 159 320 135 305 272 61 250 137 189 109 79 312 194 339 97 31 254 148 218 168 255 113 68 276 118 60 154 125 110 183 156 180 120 103 98 197 225 179 277 170 315 187 111 93 152 85 120 162 50 240 74 230 233 225 249 98 143 156 234 198 146 202 212 224 72 239 240 185 148 247 84 105 87 81 98 72 222 122 151 153 231 256 205 145 139 209 156 270 140 217 241 221 128 234 202 178 331 136 62 280 179 39 165 243 202 330 133 146 186 198 248 258 142 51 258 136 292 127 173 251 161 109 213 255 157 239 230 311 189 161 129 255 190 276 110 55 245 88 230 74 56 165 214 33 264 263 106 249 236 112 99 256 261 158 165 129 356 188 63 223 158 192 157 125 199 72 307 166 86 199 231 286 111 101 178 234 121 143 223 209 187 212 189 99 299 66 210 265 173 76
 190 224 254 262 1 102 175 273 348 99 121 291 130 356 86 403 133 158 435 195 275 165 405 256 184 258 135 337 205 238 240 109 226 376 359 148 149 233 129 87 191 185 218 332 153 148 348 264 200 190 112 155 226 122 193 289 131 272 123 156 338 207 285 193 260 235 242 273 262 369 119 223 321 104 310 212 234 255 301 201 111 217 322 238 359 105 162 237 147 114 216 317 276 353 111 344 201 113 234 357 226 355 398 46 413 358 183 349 146 301 128 125 408 71 261 189 29 174 218 24 345 283 345 206 220 325 408 310 336 322 73 430 101 135 353 80 298 197 226 397 155 412 382 189 370 232 229 127 319 165 178 236 155 405 373 202 372 192 407 386 432 25 367 212 188 240 125 369 102 249 400 156 339 428 376 331 266 157 83 146 174 230 81 25 166 294 20 186 185 244 212 99 129 252 57 174 360 81 65 361 338 111 145 363 119 356 228 136 248 375 381 169 322 160 387 198 143 358 199 363 283 122 356 361 108 224 382 205 207 360 107 53 75 281 125 309 129 194 157 327
 113 123 164 162 102 1 162 225 248 45 149 192 62 264 108 307 102 70 346 148 193 150 315 159 147 197 33 236 156 173 142 50 220 277 269 46 58 136 58 39 127 138 177 239 174 70 250 169 137 120 45 185 139 161 175 196 124 200 69 55 239 207 209 215 178 134 199 186 198 273 121 130 224 150 227 110 152 164 217 134 37 171 225 159 258 62 152 164 175 40 213 234 181 252 18 245 110 54 140 280 127 276 311 73 327 257 122 254 146 223 34 82 314 71 161 179 84 137 157 85 245 200 246 106 139 228 317 228 256 246 78 342 90 67 255 58 210 176 141 306 157 319 285 151 281 182 229 29 221 164 112 139 107 319 284 214 280 132 321 294 342 97 278 112 164 153 152 275 27 202 308 55 259 341 278 259 206 180 32 70 84 191 32 119 67 193 84 96 146 145 115 22 120 156 107 183 259 99 97 265 238 119 163 267 41 256 243 106 157 290 283 137 247 66 294 103 171 263 111 275 219 147 255 262 43 177 283 122 159 274 77 51 35 197 157 208 92 172 114 230
 115 216 300 227 175 162 1 385 342 202 284 237 108 387 243 414 259 223 471 61 172 306 441 279 307 117 173 294 317 330 259 209 375 374 259 177 210 261 113 128 286 299 338 245 315 116 355 294 90 278 119 321 283 290 332 214 275 147 229 178 277 359 358 357 161 215 360 324 355 386 268 267 254 97 201 213 301 299 195 293 128 69 335 140 312 219 14 317 66 201 367 373 305 311 148 283 253 110 179 425 243 418 441 136 457 314 85 371 32 370 190 241 431 208 271 18 150 42 94 182 294 178 280 227 133 257 438 198 212 193 215 469 81 106 360 203 345 334 287 430 28 439 304 311 409 82 382 154 259 315 272 189 68 450 411 362 277 83 291 414 464 193 262 195 323 295 288 278 186 363 301 178 401 468 380 409 364 320 181 230 232 351 179 166 202 279 172 145 307 259 176 141 48 199 223 39 329 235 111 280 324 263 51 377 201 353 389 57 175 425 382 36 192 212 414 162 308 381 142 405 376 284 337 299 203 337 321 271 320 408 87 164 142 180 291 291 250 330 59 256
 307 227 139 263 273 225 385 1 243 190 181 294 280 185 193 243 141 165 227 360 354 117 205 178 90 391 215 295 71 64 187 181 107 248 391 214 177 173 275 261 101 91 56 357 165 277 223 165 339 109 267 178 130 196 96 323 147 379 161 217 323 118 87 164 343 242 32 128 48 214 162 152 323 363 378 217 111 143 369 95 258 381 202 335 311 176 375 86 395 186 113 125 167 300 238 325 152 276 286 124 192 131 190 277 198 305 329 197 369 97 196 153 227 204 197 402 276 356 358 250 311 359 330 193 319 326 217 381 411 410 201 218 313 282 224 199 138 90 124 204 380 224 371 85 178 388 119 233 312 131 114 275 324 192 183 144 389 338 446 207 230 250 402 241 92 129 180 382 202 25 414 217 126 217 240 91 36 167 212 156 161 46 215 296 194 239 258 273 89 190 263 246 344 285 224 406 287 195 308 363 251 169 385 216 185 239 153 329 308 165 246 357 413 179 207 266 176 200 288 172 45 178 266 334 186 50 344 128 68 158 301 241 251 354 187 247 147 91 333 331
 227 133 119 117 348 248 342 243 1 256 338 120 255 82 316 76 264 196 147 287 208 289 124 96 255 274 216 77 231 194 109 249 329 34 191 203 202 119 252 276 206 237 248 164 344 237 27 96 256 198 260 360 146 356 291 156 294 245 245 196 113 330 157 368 207 129 248 119 197 60 303 135 127 383 210 142 153 115 205 199 254 296 42 217 82 259 339 173 389 239 330 126 86 72 244 111 156 265 166 167 123 154 134 319 147 75 259 60 346 151 221 253 101 294 88 355 331 300 263 328 91 208 118 143 214 128 114 214 237 246 298 150 311 252 30 279 106 287 149 113 355 111 147 253 108 293 343 228 115 312 209 154 278 143 106 354 180 262 237 92 138 338 201 152 278 135 340 172 248 241 196 196 143 149 41 181 209 350 267 215 180 256 268 366 183 64 329 199 251 105 167 258 325 148 333 377 50 311 336 151 22 308 373 51 234 14 374 300 177 133 42 307 251 190 93 182 350 66 201 109 200 334 26 112 246 235 113 165 233 123 293 296 280 202 348 52 258 283 286 133
 156 144 156 187 99 45 202 190 256 1 108 220 106 258 70 307 58 61 337 191 232 107 307 162 107 240 61 257 120 145 148 11 177 282 304 72 55 138 102 75 97 100 139 272 131 113 254 168 180 94 88 143 128 122 132 229 80 242 30 81 266 163 188 172 217 158 162 175 170 272 78 126 252 175 265 130 136 158 255 106 80 215 227 200 279 18 191 141 206 19 169 219 180 272 62 271 104 97 174 261 136 258 300 89 315 277 166 252 183 204 42 40 310 39 169 219 92 180 201 77 268 239 273 117 180 257 310 266 296 286 45 332 125 111 259 24 200 133 128 299 194 314 314 111 272 226 185 69 248 120 83 171 150 307 275 170 312 176 357 288 334 84 314 138 122 142 111 307 20 167 341 81 242 330 281 236 176 138 23 48 78 152 26 121 80 208 81 134 106 152 147 64 158 187 79 219 275 63 120 295 249 77 197 267 24 263 199 147 193 278 287 180 288 68 289 139 129 261 150 265 191 106 267 287 11 141 306 107 123 262 116 54 62 236 117 222 49 129 157 260
 261 244 223 289 121 149 284 181 338 108 1 323 206 318 43 373 75 152 385 288 339 66 357 244 100 343 168 354 129 171 236 109 109 359 410 178 152 223 202 165 137 113 130 378 33 217 330 244 282 143 186 39 195 19 88 335 46 348 101 187 367 90 225 74 324 260 151 233 189 339 36 204 355 224 372 230 192 226 362 146 180 312 303 306 375 94 272 182 266 123 98 266 254 367 166 371 185 193 280 290 228 293 346 149 358 372 267 318 258 242 148 89 369 81 256 300 139 272 303 106 366 346 374 212 286 360 365 373 403 393 73 378 205 211 333 92 257 93 192 352 269 370 416 104 324 324 111 175 350 53 131 276 246 351 328 82 417 276 464 347 385 98 420 242 90 207 5 412 126 159 446 187 281 376 355 259 188 37 118 130 165 136 119 141 180 300 116 241 103 240 254 163 237 292 65 290 366 52 179 399 336 34 263 336 127 342 108 236 300 321 361 270 394 165 347 245 24 325 257 317 206 5 354 387 115 141 405 174 129 308 203 122 149 343 11 314 82 92 251 363
 126 80 157 35 291 192 237 294 120 220 323 1 172 190 289 195 253 174 264 179 90 293 239 118 268 156 163 58 254 233 109 216 352 151 98 150 172 123 170 207 218 249 276 64 339 152 140 133 148 208 184 354 167 339 306 38 284 126 223 141 48 346 221 373 89 64 286 175 248 176 289 145 34 296 95 94 185 153 89 216 182 183 133 102 76 230 237 210 292 203 349 209 136 75 181 54 154 186 63 261 107 250 246 252 261 78 154 168 248 224 179 236 219 257 99 248 267 196 151 276 60 90 55 115 105 38 231 99 126 132 263 266 226 167 146 241 179 304 172 228 255 229 95 268 217 179 364 165 29 315 213 57 180 256 216 364 99 155 154 208 256 289 110 83 292 166 326 93 205 283 126 141 234 265 160 263 260 345 221 195 163 288 221 303 143 67 274 110 264 105 80 193 231 42 296 275 95 282 260 78 99 290 276 166 198 133 390 205 63 239 160 204 136 159 209 95 341 177 103 215 260 320 107 71 211 266 93 176 257 226 209 242 217 84 333 71 244 299 187 42
 62 123 196 149 130 62 108 280 255 106 206 172 1 288 164 322 163 117 372 86 147 212 342 179 207 138 67 224 213 224 159 111 282 286 231 71 104 159 6 45 180 196 235 205 233 21 263 193 77 172 21 243 177 216 236 164 185 147 130 72 218 268 252 275 132 128 256 220 249 292 181 162 199 129 182 116 194 195 172 187 27 109 241 110 245 124 99 211 138 100 274 269 205 241 46 225 147 17 111 320 143 314 341 86 356 246 62 274 99 264 85 143 336 126 175 124 103 77 98 122 230 154 224 125 91 203 340 182 208 195 134 370 57 7 269 116 241 237 181 332 109 342 259 211 309 121 291 48 199 225 167 116 46 350 311 275 245 71 279 317 367 135 239 104 225 190 210 242 88 259 273 72 296 368 290 303 258 239 90 125 125 249 89 137 96 193 116 63 206 161 95 44 75 131 155 135 254 155 89 236 240 178 123 284 100 265 303 53 121 323 294 79 195 106 317 79 229 284 72 304 269 205 256 242 105 233 264 165 216 306 39 90 61 153 214 208 153 233 54 204
 276 172 103 176 356 264 387 185 82 258 318 190 288 1 305 60 248 199 85 338 276 259 55 110 223 337 235 157 195 153 130 249 284 71 271 224 209 131 284 298 182 207 206 242 316 274 57 97 309 178 287 332 132 336 253 227 273 311 239 219 193 289 102 331 272 177 199 86 146 31 285 135 204 410 284 175 128 102 278 172 280 351 58 277 164 255 382 137 425 243 287 61 85 153 265 191 156 295 222 88 146 75 58 335 74 156 307 23 385 90 232 243 53 292 116 401 344 347 319 334 172 277 198 164 270 206 54 288 313 320 295 83 341 287 54 279 62 249 132 45 395 57 229 220 28 351 297 251 192 281 190 209 320 68 27 315 261 312 318 31 80 341 281 194 243 117 318 252 256 191 277 219 67 82 60 108 154 321 274 212 183 210 276 377 199 124 337 243 219 129 214 279 362 208 329 420 131 302 358 231 101 291 410 36 238 72 330 338 238 52 66 352 324 199 32 227 324 18 249 27 141 314 107 193 248 192 194 153 196 42 324 307 297 271 326 120 245 246 329 211
 220 212 206 256 86 108 243 193 316 70 43 289 164 305 1 359 60 123 378 246 299 81 349 221 104 301 130 324 130 169 210 74 141 339 373 141 120 198 160 123 126 110 138 341 74 175 310 223 240 129 144 81 177 54 108 298 47 307 72 150 334 123 221 116 284 226 162 220 190 324 34 182 321 187 333 198 179 209 323 137 138 269 283 265 346 60 230 174 228 87 131 258 235 338 125 339 161 151 243 290 200 291 340 109 353 343 225 303 217 237 111 64 358 39 231 259 100 230 261 67 336 307 342 183 246 326 355 334 363 352 31 372 163 169 315 51 245 112 175 343 228 360 383 109 315 282 145 135 317 80 117 240 203 346 319 121 382 234 426 335 377 63 383 208 105 191 48 377 87 169 410 150 277 370 337 261 192 79 77 102 138 148 77 109 147 272 77 202 106 214 217 121 196 257 32 250 339 10 139 365 311 26 223 320 92 321 148 193 262 316 343 228 354 133 336 207 67 311 217 308 210 43 329 355 79 147 374 155 131 301 160 80 106 304 51 287 62 109 209 329
 300 201 154 191 403 307 414 243 76 307 373 195 322 60 359 1 302 246 77 361 283 316 63 149 280 349 276 148 253 211 167 298 343 46 259 264 255 172 318 339 237 264 265 235 373 306 60 140 330 232 324 389 183 391 312 231 329 320 290 258 183 348 161 390 282 200 257 141 204 36 340 181 200 448 283 207 182 151 279 228 318 370 83 292 146 306 411 194 458 290 346 119 128 138 305 180 203 331 240 136 182 124 79 378 87 139 331 57 417 148 276 295 32 342 149 427 389 373 338 381 159 283 187 202 289 200 48 288 309 319 346 82 377 320 55 329 118 307 184 54 425 43 208 278 70 368 356 290 188 339 244 228 349 86 64 373 245 335 299 40 67 390 268 221 301 169 374 237 302 249 256 258 122 82 36 162 213 378 321 261 230 268 323 423 241 137 384 270 276 164 239 320 394 222 380 449 113 355 399 216 97 346 442 41 285 63 389 369 252 92 36 379 324 244 41 254 381 49 273 75 199 369 92 176 297 251 170 204 254 91 359 352 340 277 382 127 298 304 358 205
 209 174 150 219 133 102 259 141 264 58 75 253 163 248 60 302 1 80 319 248 279 50 290 170 53 295 109 281 74 110 162 53 120 285 344 116 84 149 158 132 67 53 87 310 87 168 256 170 235 71 146 102 121 93 75 268 32 294 35 124 296 107 162 123 265 190 111 162 133 267 40 130 286 224 311 160 121 153 301 78 137 271 229 250 302 41 248 115 259 65 113 199 180 293 118 300 110 154 216 231 154 232 281 138 294 299 221 246 239 178 87 21 300 63 182 276 136 237 256 110 294 286 303 140 230 290 296 312 343 335 61 313 181 167 260 60 187 76 119 284 250 301 345 58 256 282 129 122 279 66 59 210 207 287 260 118 349 231 398 277 318 111 354 175 65 134 77 344 76 118 377 124 217 311 282 203 135 94 79 58 92 100 81 156 112 226 118 182 54 166 189 122 214 226 88 275 291 59 170 329 261 45 251 264 67 268 146 205 237 257 288 237 337 95 278 184 90 254 199 249 153 72 279 314 60 93 332 100 76 242 173 103 118 282 85 240 11 72 214 294
 145 94 97 139 158 70 223 165 196 61 152 174 117 199 123 246 80 1 280 196 206 123 249 102 104 231 51 203 102 108 89 53 187 222 265 50 14 78 112 108 66 88 125 231 167 113 194 107 176 57 106 181 71 168 140 190 111 224 52 54 217 179 140 201 192 110 144 118 133 212 117 66 206 219 235 80 83 99 225 71 97 217 167 179 225 64 214 96 243 45 183 165 120 217 78 221 44 116 139 211 78 207 244 139 259 222 165 192 211 154 37 64 251 99 110 240 146 192 195 136 216 212 224 62 161 211 252 237 268 262 103 275 157 119 198 84 142 139 72 241 222 255 266 106 215 225 199 70 200 143 54 133 161 252 218 194 270 174 320 230 276 144 275 96 127 85 154 265 58 145 298 54 190 274 221 191 142 173 76 23 17 139 78 179 35 151 139 113 101 93 113 90 185 147 138 248 218 117 165 250 190 119 231 207 40 202 221 168 162 223 226 194 264 17 230 110 168 201 129 208 153 148 208 236 51 121 254 53 105 207 143 109 103 207 161 165 71 135 169 214
 359 256 184 256 435 346 471 227 147 337 385 264 372 85 378 77 319 280 1 421 353 322 32 194 287 417 318 222 258 215 214 327 333 120 334 308 291 215 368 381 253 273 263 310 378 358 125 181 391 251 371 394 211 402 311 301 342 389 315 303 257 342 161 387 350 259 249 163 200 90 355 217 273 493 356 259 203 183 351 243 364 433 138 357 222 332 466 205 509 322 338 121 169 213 348 255 237 379 303 105 230 97 40 417 30 215 390 101 470 144 313 318 48 369 200 485 425 431 401 412 234 353 261 248 352 274 35 360 383 392 371 11 425 371 120 357 138 306 210 41 479 37 284 283 66 433 345 335 261 343 263 291 404 36 63 368 321 395 375 59 11 419 344 277 302 196 385 313 337 240 332 303 106 12 109 137 205 383 355 290 264 263 356 457 283 202 416 326 283 213 297 362 446 288 404 504 188 376 441 292 168 361 494 99 318 134 379 422 318 65 111 436 397 281 58 311 388 92 332 73 187 381 166 252 328 249 246 231 258 78 408 387 380 347 393 194 318 304 413 279
 63 168 260 171 195 148 61 360 287 191 288 179 86 338 246 361 248 196 421 1 112 297 392 233 291 66 147 236 295 301 213 196 367 320 200 147 184 218 91 124 261 279 318 185 317 84 302 249 32 252 104 326 247 297 321 154 270 91 215 145 217 353 321 359 101 163 338 284 325 335 265 228 195 144 142 167 266 258 136 266 112 25 285 80 253 209 65 285 124 185 360 332 259 253 131 223 217 97 123 385 198 377 394 151 410 256 34 321 81 332 168 229 380 209 223 70 167 26 34 195 235 118 220 185 75 197 388 140 157 139 216 421 96 82 308 199 302 322 251 382 83 388 244 295 363 38 376 130 200 310 248 134 44 404 363 360 218 27 235 364 414 207 204 146 310 257 292 218 173 340 243 145 359 419 327 373 336 323 174 208 201 332 173 193 168 225 187 98 290 213 125 129 77 142 233 99 272 237 136 220 269 262 107 326 184 300 388 60 116 380 329 33 138 182 365 112 311 331 90 358 345 287 281 239 190 315 261 239 298 364 90 168 141 120 296 236 238 318 39 196
 86 129 226 103 275 193 172 354 208 232 339 90 147 276 299 283 279 206 353 112 1 326 327 189 308 70 173 141 302 292 174 232 392 239 90 164 198 185 148 191 265 292 326 74 362 130 229 206 87 254 165 374 226 352 345 54 308 38 245 156 114 383 292 400 16 115 340 247 311 264 309 204 92 250 36 138 246 223 27 266 168 107 219 39 154 247 175 270 234 218 387 288 212 156 177 120 204 163 70 342 165 331 333 231 348 158 101 255 191 298 195 260 307 263 173 178 248 135 79 267 136 9 116 163 57 94 319 36 65 57 270 354 188 141 234 249 257 344 231 315 194 317 134 310 303 99 404 165 101 345 255 80 132 343 302 396 107 96 133 296 344 280 96 115 332 230 343 107 214 339 133 156 315 353 248 339 323 368 224 225 201 339 224 281 171 153 262 99 305 172 94 184 181 73 297 209 179 291 228 110 187 308 218 255 215 221 424 158 47 324 248 143 60 189 297 97 360 264 83 300 326 337 194 134 226 318 155 228 305 310 174 234 205 10 348 159 269 339 135 91
 257 214 171 259 165 150 306 117 289 107 66 293 212 259 81 316 50 123 322 297 326 1 295 199 37 343 157 315 66 109 195 102 71 306 386 163 129 180 207 179 84 54 64 353 58 217 277 195 284 93 194 74 145 83 29 311 35 341 84 171 334 58 163 82 312 231 86 177 125 283 48 159 326 263 356 201 137 175 346 91 186 320 251 297 336 89 294 123 301 114 64 204 203 327 167 337 143 202 261 226 190 229 283 180 295 332 270 262 284 179 135 70 309 102 213 323 175 285 304 144 329 332 341 179 278 330 304 358 389 382 97 314 227 216 280 104 199 32 141 291 295 309 384 40 263 331 80 171 318 24 83 254 256 288 267 72 391 280 442 287 322 142 397 218 26 155 65 385 124 94 418 171 217 313 301 194 123 63 126 102 131 71 128 188 156 259 153 230 41 199 234 170 260 269 112 319 322 85 211 369 289 56 294 280 116 291 99 252 283 258 307 285 384 139 287 230 67 268 246 255 141 62 307 351 108 76 367 126 65 246 220 145 164 328 73 272 60 30 263 334
 330 226 153 228 405 315 441 205 124 307 357 239 342 55 349 63 290 249 32 392 327 295 1 164 259 389 287 200 231 187 184 297 310 100 313 277 260 184 338 351 224 246 237 287 352 328 100 150 362 221 341 367 180 375 286 276 313 363 286 273 236 318 133 362 324 230 225 133 174 65 326 186 250 463 332 229 173 152 326 214 333 405 110 330 202 302 436 177 478 292 314 93 138 193 318 233 207 348 275 86 200 76 19 387 26 195 361 73 439 118 283 288 33 339 171 456 395 401 373 382 213 327 240 218 324 251 17 336 360 368 341 29 394 341 95 327 108 280 180 12 449 24 266 256 36 404 322 304 238 316 234 263 375 24 33 344 301 366 357 32 29 389 323 248 276 165 357 293 306 216 314 273 81 28 88 117 180 356 324 260 234 238 326 426 252 175 386 297 256 183 268 331 416 260 374 474 168 347 411 272 144 333 464 74 288 111 356 392 290 41 92 407 372 251 31 281 361 64 303 43 163 353 145 232 297 224 229 201 231 50 377 357 349 321 365 169 289 279 383 256
 171 67 41 90 256 159 279 178 96 162 244 118 179 110 221 149 170 102 194 233 189 199 164 1 167 241 128 121 147 119 21 154 247 121 214 117 109 25 175 191 116 148 168 180 252 165 93 18 204 107 179 268 56 262 205 149 200 220 150 111 146 245 105 279 181 77 174 59 132 116 209 41 145 302 207 67 71 37 198 111 172 248 67 181 140 164 273 95 316 145 246 102 27 130 158 148 61 186 125 156 37 147 164 231 179 136 201 97 277 110 129 159 158 199 19 294 241 240 218 236 136 192 154 56 170 149 162 210 240 241 204 192 232 178 98 185 71 201 61 154 286 164 195 166 132 250 260 144 135 222 117 113 212 173 133 267 212 207 269 139 188 245 226 88 191 51 246 205 156 170 237 111 129 190 121 151 144 258 174 120 85 178 176 276 93 64 237 136 163 21 111 172 253 117 239 311 124 216 252 186 92 213 301 109 140 102 289 229 145 148 126 245 245 97 139 122 257 107 145 127 143 240 110 159 152 156 173 73 150 132 215 205 192 187 254 75 163 198 221 154
 245 190 137 234 184 147 307 90 255 107 100 268 207 223 104 280 53 104 287 291 308 37 259 167 1 332 146 286 30 73 165 99 86 271 363 150 113 151 202 181 52 20 36 329 94 209 242 161 275 62 191 110 112 117 39 289 60 327 79 156 306 80 127 114 295 206 60 142 90 247 74 128 300 276 337 177 103 141 327 57 182 314 216 282 306 91 297 87 310 108 82 168 170 296 162 309 115 200 241 192 163 194 248 190 260 301 262 226 288 143 125 68 273 115 183 324 188 283 295 161 300 314 314 154 264 304 268 339 370 365 112 279 231 210 245 112 163 37 108 255 300 273 356 6 227 323 98 162 291 59 55 233 252 253 231 101 366 272 418 251 287 161 374 197 26 121 100 360 122 67 393 156 182 278 266 161 90 99 129 86 109 48 131 207 138 229 169 215 5 170 215 168 263 247 135 325 289 106 222 343 256 82 302 245 108 256 124 252 264 223 272 283 367 120 251 213 103 233 232 219 108 96 274 322 105 44 338 96 30 210 222 154 168 310 107 241 60 33 260 308
 88 176 274 162 258 197 117 391 274 240 343 156 138 337 301 349 295 231 417 66 70 343 389 241 332 1 187 210 331 329 223 243 412 306 147 183 221 232 142 181 295 318 355 141 370 128 293 258 62 285 158 380 268 354 365 123 320 35 260 178 184 400 340 411 68 166 373 297 352 328 317 247 162 208 90 180 288 272 86 298 164 50 281 62 223 257 125 310 183 231 406 342 266 225 179 189 242 152 117 396 211 387 394 213 410 227 78 317 143 348 210 274 372 263 227 119 230 91 41 256 205 74 185 203 74 163 383 86 96 77 271 417 160 133 298 252 311 365 273 378 143 382 199 335 363 36 422 174 170 359 284 130 104 404 363 410 167 68 175 359 408 268 149 156 353 275 347 169 222 373 188 178 369 416 314 389 363 376 226 247 231 369 225 258 199 215 248 120 330 222 133 181 142 130 291 152 248 292 201 176 254 315 167 319 228 287 438 125 100 383 315 98 75 215 360 127 366 327 105 360 369 342 262 203 237 350 224 265 335 368 152 226 198 78 351 224 284 361 103 161
 101 91 137 131 135 33 173 215 216 61 168 163 67 235 130 276 109 51 318 147 173 157 287 128 146 187 1 205 149 158 110 60 226 245 244 14 38 105 62 65 115 133 172 213 190 64 219 139 130 107 57 203 114 182 179 169 136 186 75 23 209 214 188 229 158 103 192 160 183 243 137 103 195 177 205 78 130 137 196 121 49 169 194 142 227 75 165 145 196 46 220 209 151 220 31 215 84 66 114 257 95 252 284 104 299 225 117 224 162 201 23 89 285 95 130 190 116 142 150 117 214 180 216 75 122 199 288 207 237 228 103 314 110 69 224 81 183 179 118 278 173 290 256 149 253 178 236 20 191 174 102 111 111 292 256 226 253 127 297 264 313 128 254 81 167 128 171 248 44 194 281 23 235 313 247 239 192 196 59 62 60 186 59 151 36 160 116 75 144 113 88 45 137 128 134 199 227 122 125 237 205 136 183 236 43 224 253 118 133 264 251 144 230 41 265 79 188 233 91 247 203 165 222 231 54 169 252 100 152 248 94 83 66 176 177 175 99 175 119 202
 182 115 158 77 337 236 294 295 77 257 354 58 224 157 324 148 281 203 222 236 141 315 200 121 286 210 205 1 267 238 122 252 367 103 115 192 205 136 222 256 235 267 288 89 366 205 102 131 205 225 234 381 176 371 324 88 312 178 254 182 37 364 213 396 144 103 293 168 248 136 319 158 53 351 137 129 191 154 134 230 231 240 105 159 23 265 294 215 349 239 366 191 128 18 227 35 173 238 118 238 127 226 210 301 223 22 211 135 305 212 217 266 175 295 104 305 315 253 207 321 17 140 42 143 162 53 189 142 162 173 301 225 279 220 106 280 165 321 181 189 311 186 78 285 184 234 380 211 42 338 233 110 237 219 181 385 105 212 163 168 212 332 125 126 310 171 356 97 245 288 124 182 213 224 114 247 260 372 262 225 190 298 263 351 178 58 319 163 282 117 131 240 287 97 335 332 39 318 312 76 57 321 332 127 234 89 408 261 121 208 113 261 177 192 169 147 369 141 158 183 255 350 57 41 248 276 53 191 269 197 262 286 264 134 364 49 273 317 243 58
 245 179 114 220 205 156 317 71 231 120 129 254 213 195 130 253 74 102 258 295 302 66 231 147 30 331 149 267 1 44 148 111 101 246 350 150 113 133 208 192 38 22 25 316 122 212 217 139 277 49 199 138 92 146 61 278 87 323 91 155 290 100 98 139 289 195 44 115 62 220 101 111 285 293 329 167 79 118 319 39 190 317 192 278 286 106 307 60 325 117 100 140 146 276 170 293 101 208 234 163 148 165 219 207 231 281 265 199 300 114 129 84 245 136 164 334 207 289 296 182 282 307 297 143 261 289 239 331 362 358 134 250 243 216 220 130 136 57 87 226 311 245 339 26 198 325 114 167 276 87 49 225 258 224 203 124 352 275 406 223 258 184 361 188 49 99 128 345 133 48 378 155 153 249 240 133 63 127 143 89 102 38 145 229 134 210 190 213 26 152 208 177 275 237 160 337 268 131 238 328 234 109 315 218 116 232 144 261 256 194 246 290 361 117 223 208 131 205 229 191 81 125 251 305 116 22 319 79 4 182 232 171 181 302 136 221 78 53 266 293
 246 164 81 201 238 173 330 64 194 145 171 233 224 153 169 211 110 108 215 301 292 109 187 119 73 329 158 238 44 1 125 135 136 206 330 156 121 111 219 211 49 60 56 296 166 219 178 108 279 54 213 181 68 189 102 261 129 317 118 158 264 139 55 180 280 179 56 77 26 178 142 90 262 318 315 155 49 85 306 40 204 321 154 273 256 134 321 24 346 137 138 96 112 245 184 266 89 222 223 122 130 124 176 233 188 250 270 158 317 71 142 114 202 168 137 347 236 299 297 215 253 296 272 130 257 266 196 318 349 347 168 207 262 226 180 160 95 97 62 183 328 201 313 69 155 328 150 177 252 130 63 213 268 181 159 164 329 278 385 180 215 218 341 178 91 69 171 322 153 52 354 158 110 206 199 94 35 170 167 104 101 62 169 261 134 181 221 211 69 129 200 194 291 223 197 354 234 168 263 304 200 149 335 177 135 193 182 274 246 151 206 301 350 120 180 204 175 163 226 148 48 167 216 277 139 42 289 65 45 138 248 198 202 291 179 191 111 95 276 271
 151 49 53 78 240 142 259 187 109 148 236 109 159 130 210 167 162 89 214 213 174 195 184 21 165 223 110 122 148 125 1 141 248 136 206 99 94 16 155 173 115 146 170 172 246 145 110 37 185 104 160 262 59 253 203 138 193 204 139 92 142 244 119 275 165 60 179 75 141 134 201 38 139 283 194 48 77 50 185 111 153 229 85 163 142 152 253 102 296 131 246 120 47 133 140 146 53 167 108 174 17 165 184 213 199 138 181 116 257 126 113 149 177 186 22 274 224 220 199 220 136 178 150 37 151 143 182 197 227 227 191 212 213 158 115 171 90 201 64 174 266 184 192 165 152 231 261 125 129 217 113 96 192 193 153 265 206 188 261 158 208 230 217 69 190 59 238 199 140 175 231 92 148 210 137 167 153 252 159 109 73 181 160 259 76 65 221 116 161 5 92 154 233 102 226 291 131 205 233 181 102 204 281 127 126 116 288 209 129 168 142 225 231 82 159 102 250 126 126 147 155 232 120 158 138 159 174 71 151 151 195 189 175 172 246 79 155 197 201 147
 158 139 147 183 109 50 209 181 249 11 109 216 111 249 74 298 53 53 327 196 232 102 297 154 99 243 60 252 111 135 141 1 172 274 302 70 48 131 107 83 87 92 130 270 131 117 246 159 184 84 94 143 118 124 126 227 78 244 21 79 262 158 179 170 218 154 154 165 160 264 77 118 249 184 265 125 126 148 255 97 85 219 219 201 274 16 198 131 215 15 164 210 171 266 67 266 96 103 172 251 129 249 290 99 305 271 170 243 191 194 40 33 301 46 162 226 102 186 204 86 263 239 269 111 181 253 301 266 296 287 51 322 133 115 250 32 190 127 119 289 202 304 310 103 262 230 181 71 244 116 73 169 156 298 266 168 310 179 356 279 324 93 312 135 116 133 112 305 24 158 338 79 232 321 273 226 167 137 33 38 70 144 35 131 75 201 90 134 99 145 146 70 165 185 86 227 268 67 129 292 242 77 205 258 19 255 196 154 192 268 279 186 289 62 280 138 129 252 151 256 182 106 260 282 8 132 302 98 114 252 123 64 71 236 119 216 43 123 163 256
 326 275 213 318 226 220 375 107 329 177 109 352 282 284 141 343 120 187 333 367 392 71 310 247 86 412 226 367 101 136 248 172 1 341 447 231 195 233 277 249 135 104 82 413 80 287 313 239 354 145 264 88 192 117 49 373 101 409 153 238 389 20 183 61 378 291 87 212 140 311 110 210 384 327 421 262 179 217 411 138 256 390 289 365 386 159 364 158 367 183 11 225 246 376 237 392 199 272 326 230 246 237 295 246 304 382 340 292 352 196 204 140 330 169 264 392 239 355 374 207 382 398 397 238 346 388 321 423 454 448 163 324 296 286 316 173 229 50 187 308 363 327 439 85 281 400 14 240 375 62 140 318 326 298 286 41 450 350 503 309 335 202 458 281 61 198 105 444 195 95 477 238 230 323 334 197 132 79 196 168 193 76 197 247 222 310 217 298 89 252 299 240 329 332 169 387 368 147 277 427 333 117 361 311 185 329 48 322 348 270 341 355 451 204 309 296 93 297 314 274 148 106 350 405 178 95 419 178 99 262 290 213 234 394 109 321 130 54 333 392
 260 164 137 150 376 277 374 248 34 282 359 151 286 71 339 46 285 222 120 320 239 306 100 121 271 306 245 103 246 206 136 274 341 1 215 233 229 145 283 306 224 253 261 191 362 269 30 117 289 217 290 378 165 377 305 186 314 276 269 226 139 344 162 383 239 162 257 131 205 42 324 158 155 414 239 172 170 133 235 216 285 328 57 249 103 284 372 186 421 265 343 126 106 95 274 136 180 296 198 158 151 145 113 348 125 96 291 53 379 153 248 276 73 319 116 387 360 333 296 355 115 238 143 171 247 156 88 243 265 275 323 124 342 284 27 305 113 301 168 90 387 84 167 269 93 326 354 258 144 329 229 187 311 122 89 368 202 294 257 70 110 365 225 184 293 153 360 194 276 250 215 226 137 123 13 177 215 368 294 239 205 267 296 394 211 97 357 231 267 133 199 288 357 180 358 410 69 335 367 173 53 329 405 36 260 22 387 332 209 118 10 340 279 217 71 215 369 54 233 96 204 355 47 133 272 247 129 186 247 111 324 324 310 233 368 85 280 298 319 160
 172 174 254 131 359 269 259 391 191 304 410 98 231 271 373 259 344 265 334 200 90 386 313 214 363 147 244 115 350 330 206 302 447 215 1 233 261 220 232 274 314 345 373 35 429 213 216 229 176 304 248 443 264 425 401 76 374 114 311 224 79 441 316 465 104 157 384 270 345 250 377 243 71 339 59 187 282 250 65 313 249 192 218 127 114 317 263 307 322 288 444 301 230 122 255 81 250 247 131 350 204 338 324 316 337 120 190 249 279 318 263 325 288 338 196 263 333 223 167 349 101 83 74 210 143 68 302 62 62 80 345 338 276 226 220 323 272 399 269 302 282 299 61 364 297 181 460 241 82 407 308 135 221 333 295 458 22 185 56 282 324 362 12 170 388 263 413 27 287 381 44 224 324 337 227 356 357 436 300 287 256 385 300 367 232 158 344 176 360 202 157 264 270 119 375 295 147 365 316 44 171 378 306 241 284 203 484 247 113 322 225 231 84 250 283 167 429 255 162 297 356 407 169 84 296 364 96 273 353 310 262 315 287 82 420 156 334 395 224 63
 97 78 128 119 148 46 177 214 203 72 178 150 71 224 141 264 116 50 308 147 164 163 277 117 150 183 14 192 150 156 99 70 231 233 233 1 39 95 66 75 115 136 173 201 199 65 207 128 127 106 65 212 108 193 184 158 145 179 82 10 197 221 182 237 150 90 193 152 180 232 146 94 182 187 196 65 125 128 186 120 57 168 182 135 214 85 169 141 204 56 226 201 141 207 42 202 77 73 103 250 83 245 275 116 290 212 116 213 168 195 31 96 274 107 117 194 129 144 147 130 201 171 204 63 116 187 277 198 228 220 114 305 119 72 212 92 174 184 111 268 179 280 244 153 244 176 242 28 178 181 103 100 113 283 246 233 241 125 287 254 303 141 243 69 172 120 181 237 56 194 270 10 227 303 235 233 190 205 72 65 56 187 72 164 27 147 129 67 148 101 77 56 143 116 146 205 214 133 136 225 192 146 190 225 52 212 261 123 123 255 239 147 222 37 254 69 198 223 84 238 200 175 210 218 64 170 239 95 153 239 102 96 78 167 188 163 106 179 122 189
 134 93 108 138 149 58 210 177 202 55 152 172 104 209 120 255 84 14 291 184 198 129 260 109 113 221 38 205 113 121 94 48 195 229 261 39 1 85 99 95 78 98 136 228 169 101 201 116 165 69 93 184 82 168 148 186 114 215 52 44 216 185 153 205 184 108 155 129 146 221 118 76 204 207 229 79 96 109 219 84 84 205 175 170 227 61 202 109 230 37 190 177 128 219 65 221 55 103 133 224 82 219 255 128 270 224 153 201 198 167 24 65 261 93 115 227 136 179 184 128 216 205 223 64 152 209 262 230 261 254 98 286 144 106 206 78 154 147 84 251 209 265 265 115 225 214 206 58 199 148 65 128 148 263 228 200 267 163 315 240 287 137 271 92 135 97 155 262 48 157 295 44 202 285 229 204 155 176 67 28 27 150 68 169 30 154 130 104 110 98 107 77 172 143 133 235 221 114 153 248 195 120 218 215 32 209 227 155 155 234 234 182 257 14 240 102 170 210 120 219 166 149 213 236 45 132 255 65 116 218 130 99 91 200 162 169 74 143 157 212
 157 58 43 91 233 136 261 173 119 138 223 123 159 131 198 172 149 78 215 218 185 180 184 25 151 232 105 136 133 111 16 131 233 145 220 95 85 1 155 169 100 132 155 186 232 146 117 35 191 90 157 248 45 240 189 151 179 214 127 90 157 229 109 261 176 71 164 67 128 139 188 24 153 280 206 53 63 41 198 96 150 234 91 172 157 141 255 88 295 121 231 114 47 147 136 160 39 165 118 168 22 160 183 208 198 153 186 120 257 117 105 136 180 176 35 277 218 223 205 212 151 189 165 35 159 157 184 210 240 239 180 212 211 158 122 161 85 186 50 174 267 186 207 150 151 238 246 121 144 203 98 107 194 191 153 250 220 193 276 160 209 221 232 77 175 46 225 214 132 161 246 90 142 210 145 158 140 239 151 97 62 167 152 252 70 80 214 121 147 20 100 150 233 114 215 292 144 193 229 196 114 191 281 132 116 125 273 210 140 165 150 228 243 73 161 108 237 129 132 146 142 219 132 173 128 145 188 56 136 149 194 182 169 184 233 93 142 182 203 162
 63 120 192 147 129 58 113 275 252 102 202 170 6 284 160 318 158 112 368 91 148 207 338 175 202 142 62 222 208 219 155 107 277 283 232 66 99 155 1 44 175 191 230 205 229 20 259 189 81 167 18 240 172 213 231 164 181 149 125 68 217 263 247 271 133 125 251 215 244 288 177 158 198 132 183 112 189 191 174 182 23 114 237 111 243 119 104 206 142 95 270 264 200 239 41 223 142 17 110 315 139 309 336 86 352 244 65 270 104 260 80 139 331 123 171 129 102 82 101 120 228 156 223 121 92 202 336 183 210 197 130 365 60 10 265 112 237 232 176 328 114 338 258 206 305 125 286 43 198 221 162 114 51 345 307 271 245 75 280 312 362 133 240 101 221 185 206 242 84 254 273 68 291 364 287 298 253 235 86 120 120 244 85 137 91 190 115 62 201 157 93 41 79 130 152 140 251 152 91 236 237 174 127 280 95 262 299 58 121 318 290 84 198 101 313 77 225 280 72 299 264 201 253 240 100 228 262 160 211 302 42 88 59 154 211 205 148 228 59 203
 106 147 200 180 87 39 128 261 276 75 165 207 45 298 123 339 132 108 381 124 191 179 351 191 181 181 65 256 192 211 173 83 249 306 274 75 95 169 44 1 164 173 212 246 194 62 281 202 121 158 26 203 176 174 205 204 149 191 103 82 254 234 247 236 175 155 235 222 236 306 144 166 236 113 226 136 190 200 216 172 26 148 257 154 278 92 117 202 137 76 241 271 215 273 34 260 147 30 149 318 157 314 347 46 363 277 104 287 109 261 72 114 348 86 192 145 62 109 141 78 263 198 261 137 135 241 351 226 252 239 93 378 52 51 286 78 246 207 178 341 120 354 297 185 317 160 257 49 235 190 150 151 82 356 319 238 286 114 322 328 377 91 282 131 196 190 169 283 60 239 314 82 296 376 309 297 244 200 54 108 121 226 52 97 100 218 72 101 180 175 128 20 84 168 111 146 282 114 62 276 264 140 125 299 78 286 266 74 162 327 313 107 240 102 328 113 188 297 113 311 257 164 281 277 77 213 299 160 195 311 42 46 18 196 173 233 123 203 87 242
 209 142 88 185 191 127 286 101 206 97 137 218 180 182 126 237 67 66 253 261 265 84 224 116 52 295 115 235 38 49 115 87 135 224 314 115 78 100 175 164 1 33 62 280 139 178 195 112 241 12 168 155 62 155 90 241 92 286 70 119 256 131 96 164 252 158 79 97 74 203 104 78 250 270 292 130 56 92 282 11 159 282 169 241 255 87 276 49 299 90 132 133 121 245 139 259 65 177 196 167 113 167 215 185 228 251 230 182 271 113 97 68 234 121 132 303 188 256 260 167 249 270 263 106 224 254 230 294 325 321 122 246 215 183 198 112 121 87 58 218 282 235 306 52 190 290 148 134 242 107 15 188 225 221 194 151 317 239 370 211 251 171 325 151 76 72 138 310 106 80 343 119 152 245 220 141 81 145 119 57 65 75 121 214 97 178 174 176 48 119 171 148 246 200 153 308 239 124 215 293 206 110 288 200 88 208 175 230 219 190 226 258 324 81 212 171 146 189 192 183 95 133 224 272 91 56 287 45 41 176 203 150 155 265 146 190 66 83 233 258
 231 172 119 215 185 138 299 91 237 100 113 249 196 207 110 264 53 88 273 279 292 54 246 148 20 318 133 267 22 60 146 92 104 253 345 136 98 132 191 173 33 1 40 311 110 196 225 143 262 43 181 126 93 130 58 271 69 311 72 141 287 99 114 132 279 188 63 124 81 230 83 109 281 273 320 159 85 122 310 39 172 301 198 267 287 86 288 71 305 99 101 154 151 277 152 291 97 190 224 181 144 183 235 187 247 282 250 209 281 130 112 63 258 115 164 316 186 272 281 162 281 298 295 136 248 285 253 322 353 348 113 266 224 199 228 109 147 55 89 241 292 259 337 20 212 310 116 150 273 77 38 216 241 240 217 120 348 259 400 236 273 163 356 180 45 103 113 341 114 67 374 141 170 265 248 152 83 116 123 73 92 54 125 208 122 210 169 200 16 151 198 159 256 229 140 318 271 110 218 324 238 90 296 228 98 238 143 243 247 210 255 273 351 104 236 197 118 216 216 205 100 108 255 304 97 42 319 77 24 197 213 151 161 293 121 222 57 51 249 290
 269 202 132 243 218 177 338 56 248 139 130 276 235 206 138 265 87 125 263 318 326 64 237 168 36 355 172 288 25 56 170 130 82 261 373 173 136 155 230 212 62 40 1 339 117 235 233 159 300 73 220 132 113 145 49 301 93 347 110 178 311 84 106 126 313 218 25 131 64 232 107 133 307 310 352 190 98 137 343 62 211 340 208 302 307 123 327 77 343 138 83 148 165 296 191 314 125 229 257 164 171 168 224 224 235 302 288 212 320 121 151 101 254 150 185 355 222 311 319 196 303 331 319 166 284 312 247 355 386 382 147 255 263 238 235 146 149 44 108 234 331 253 361 31 206 348 95 189 298 82 72 248 280 228 211 110 374 297 429 233 264 196 384 212 41 118 128 368 153 32 401 178 158 254 254 132 60 121 161 111 126 15 163 242 158 231 204 237 35 174 232 198 295 260 169 357 287 140 255 350 253 115 334 232 137 248 127 282 280 199 261 312 385 140 233 232 128 218 253 199 79 126 269 326 136 15 339 102 22 188 252 188 200 326 136 241 93 42 288 316
