NAME : domp20p6v9
COMMENT : (Deleplanque et al.) 
TYPE : DOMP
DIMENSION : 20
DISPLAY_DATA_TYPE: NO_DISPLAY
OPEN_FACILITIES : 6
COST_SECTION
 1 55 171 145 280 259 143 210 39 150 58 86 200 149 153 98 148 301 177 156
 55 1 188 170 248 307 91 229 63 200 15 118 226 106 200 117 127 340 200 203
 171 188 1 34 216 194 216 42 209 146 201 89 51 290 272 74 311 183 23 123
 145 170 34 1 237 178 211 66 183 116 181 61 58 274 239 54 289 181 33 95
 280 248 216 237 1 409 185 233 307 348 259 253 261 292 428 225 350 385 238 330
 259 307 194 178 409 1 374 183 285 111 314 197 151 407 242 214 398 88 172 105
 143 91 216 211 185 374 1 255 152 275 96 178 264 109 290 163 166 391 234 271
 210 229 42 66 233 183 255 1 248 161 242 126 34 331 299 114 352 155 36 134
 39 63 209 183 307 285 152 248 1 175 57 124 237 129 140 136 115 333 215 185
 150 200 146 116 348 111 275 161 175 1 206 103 131 298 154 128 287 170 132 28
 58 15 201 181 259 314 96 242 57 206 1 129 238 96 196 129 113 350 212 210
 86 118 89 61 253 197 178 126 124 103 129 1 114 223 190 29 233 223 92 94
 200 226 51 58 261 151 264 34 237 131 238 114 1 330 274 110 345 132 30 104
 149 106 290 274 292 407 109 331 129 298 96 223 330 1 255 221 68 445 303 304
 153 200 272 239 428 242 290 299 140 154 196 190 274 255 1 217 211 318 266 179
 98 117 74 54 225 214 163 114 136 128 129 29 110 221 217 1 238 230 84 116
 148 127 311 289 350 398 166 352 115 287 113 233 345 68 211 238 1 447 321 299
 301 340 183 181 385 88 391 155 333 170 350 223 132 445 318 230 447 1 161 152
 177 200 23 33 238 172 234 36 215 132 212 92 30 303 266 84 321 161 1 106
 156 203 123 95 330 105 271 134 185 28 210 94 104 304 179 116 299 152 106 1
LAMBDA_SECTION
1  11
2  16
3  11
4  5
5  11
6  15
7  14
8  13
9  16
10  16
11  5
12  13
13  8
14  8
15  6
16  9
17  11
18  9
19  7
20  13
