NAME : domp260p65v7
COMMENT : (Deleplanque et al.) 
TYPE : DOMP
DIMENSION : 260
DISPLAY_DATA_TYPE: NO_DISPLAY
OPEN_FACILITIES : 65
COST_SECTION
 1 334 85 99 116 122 395 158 316 403 108 392 459 255 225 397 173 249 252 364 243 348 404 373 218 73 480 358 428 185 45 387 161 203 430 179 323 356 213 293 317 131 468 394 205 173 345 447 299 167 300 206 341 416 362 365 143 101 39 404 87 194 363 118 413 142 140 277 310 367 459 219 242 130 342 454 295 392 448 393 337 174 279 417 205 155 338 179 302 293 322 293 336 259 300 337 298 276 265 333 345 339 196 256 268 220 417 15 355 76 305 97 369 310 366 196 287 270 114 292 323 114 212 169 305 306 226 25 269 395 418 244 359 230 337 36 368 371 303 456 129 310 352 417 194 317 137 273 218 77 350 129 229 61 205 433 139 354 364 304 327 355 336 389 78 131 192 145 189 222 198 311 372 285 140 396 366 387 221 58 316 343 409 45 107 381 60 258 16 351 261 84 304 413 333 361 102 491 320 357 431 379 277 350 304 243 199 244 138 232 69 303 254 131 218 278 344 295 118 378 380 255 492 199 221 344 290 439 95 259 248 326 299 105 91 274 128 57 210 218 98 384 370 229 293 356 136 278 395 268 288 56 260 290 367 319 67 394 181 458
 334 1 261 284 372 315 281 177 375 289 261 358 270 80 262 334 350 167 128 266 382 361 213 364 118 273 279 205 309 269 291 348 302 144 323 204 396 341 123 392 32 332 287 270 351 163 101 324 36 390 206 292 389 234 310 456 274 330 345 306 390 141 483 395 303 199 218 399 281 348 302 349 93 327 393 261 42 152 286 282 108 161 58 210 139 375 122 176 222 314 308 85 67 381 261 464 66 247 358 63 256 437 356 379 293 299 225 348 235 274 38 259 253 296 460 163 390 385 237 44 232 221 375 338 278 78 190 313 67 146 246 261 398 375 157 304 107 150 54 317 262 166 272 261 247 379 234 411 345 336 445 241 110 319 397 273 224 110 394 326 264 135 434 407 353 347 144 323 161 128 402 149 100 311 203 183 467 276 118 278 370 97 247 378 334 220 342 174 329 421 211 256 164 332 106 442 241 300 45 399 342 447 277 300 230 401 140 177 231 105 367 340 113 272 327 228 280 340 219 316 378 421 296 329 135 329 216 245 383 78 104 24 36 293 372 378 294 281 138 256 248 238 306 390 152 262 383 234 256 423 303 374 357 85 238 25 389 158 330 299
 85 261 1 45 124 87 317 87 263 325 34 325 376 182 154 325 143 165 169 286 208 287 321 309 144 14 397 275 350 117 56 318 109 147 354 96 275 289 144 250 240 104 386 315 167 107 262 370 226 161 218 145 288 333 290 326 79 85 86 327 131 122 332 142 336 92 56 240 237 301 378 177 169 100 289 371 224 308 367 315 253 108 204 333 125 145 254 96 222 228 253 211 255 220 225 306 218 200 217 253 267 300 162 216 201 159 333 98 274 15 235 18 289 240 327 113 244 229 30 218 243 57 182 134 232 224 143 61 197 311 336 172 304 196 253 72 285 287 237 377 59 226 275 336 120 265 56 241 174 81 310 48 164 61 188 351 55 270 308 241 251 271 297 332 96 114 126 108 107 141 186 227 289 220 59 312 329 308 156 52 262 260 327 128 92 298 83 174 88 304 180 62 220 339 249 318 20 409 253 304 357 334 206 277 225 215 136 161 56 163 108 243 172 66 167 199 269 236 69 306 318 232 409 153 139 277 209 356 127 190 167 250 226 57 116 230 77 30 129 146 14 302 297 201 209 277 141 200 314 242 222 115 212 209 286 243 130 310 139 377
 99 284 45 1 90 44 298 119 225 306 23 295 365 208 127 299 99 162 177 267 165 253 314 277 170 44 387 266 330 87 88 289 68 184 332 93 235 258 175 209 260 61 373 298 124 142 270 349 251 120 206 110 250 324 264 284 45 48 81 305 112 151 289 112 316 133 67 197 212 270 362 135 195 57 251 362 250 310 353 295 260 141 227 328 145 104 259 110 207 196 224 224 268 177 202 263 234 179 177 267 248 258 119 174 170 124 326 108 260 37 262 32 273 212 285 125 203 188 51 241 227 99 139 90 207 237 136 78 223 314 324 146 267 153 251 101 293 288 267 359 33 222 254 322 96 227 53 198 132 56 269 44 196 47 144 337 61 277 272 208 229 274 255 296 73 73 159 64 124 158 143 226 299 188 85 309 287 289 189 89 224 269 315 134 53 288 68 170 108 265 167 105 217 314 256 277 56 397 282 266 332 293 179 251 208 172 171 156 56 193 91 208 184 33 127 182 246 200 112 280 285 188 398 112 153 247 195 347 102 218 184 270 249 14 91 189 35 61 147 120 48 289 272 158 208 258 104 181 299 199 191 106 172 222 272 264 122 311 96 362
 116 372 124 90 1 61 344 207 223 350 112 315 422 297 172 329 75 238 260 314 139 264 378 292 259 116 445 328 372 135 138 312 95 270 371 175 225 279 263 192 347 51 427 347 108 229 351 391 340 52 268 140 248 384 297 259 106 44 78 345 54 240 252 27 358 215 156 173 249 290 411 125 284 55 247 420 339 385 405 341 340 229 315 393 234 43 336 198 264 219 253 308 353 157 247 225 320 228 172 352 297 234 96 155 200 149 388 114 315 111 351 119 324 244 259 211 186 168 140 329 281 180 107 78 245 322 210 112 312 390 382 190 265 127 323 141 373 362 356 404 112 293 298 376 155 224 139 164 125 48 243 132 284 71 92 390 149 357 273 227 274 350 231 298 40 37 247 68 212 245 84 300 380 211 174 379 257 336 277 147 224 350 372 122 39 348 58 242 131 251 229 172 288 348 336 257 141 452 371 263 365 276 216 286 263 133 258 230 142 282 53 220 269 103 133 238 287 211 191 313 296 142 453 113 240 270 254 407 35 307 271 358 338 81 30 175 83 122 235 169 133 346 307 121 282 306 21 235 352 157 218 76 167 306 327 352 83 385 94 412
 122 315 87 44 61 1 292 159 195 299 63 275 366 242 118 283 58 178 200 261 126 228 319 255 206 85 389 270 322 78 123 270 42 225 322 115 202 238 212 173 290 19 372 293 86 182 291 341 284 79 210 90 220 327 250 247 46 27 92 296 101 189 250 87 307 176 101 160 200 249 358 99 230 14 221 364 284 325 350 289 279 181 259 335 178 63 276 141 207 176 207 249 293 140 194 224 261 173 144 292 243 221 79 137 153 102 330 127 259 78 297 75 270 197 248 153 167 151 91 273 226 142 98 50 195 262 150 106 258 329 326 137 237 114 263 133 313 301 303 353 54 233 246 321 96 196 83 158 97 52 232 77 234 63 102 335 94 296 243 186 222 290 218 268 65 33 198 24 156 188 101 240 319 167 123 319 249 283 227 127 195 290 316 147 26 291 71 182 134 231 170 145 228 301 276 242 98 397 318 236 319 259 166 238 207 131 210 170 86 230 87 183 210 44 97 181 236 175 154 266 261 146 398 78 182 228 196 350 85 254 213 300 281 31 75 154 23 99 178 113 91 290 259 117 222 253 69 179 297 158 173 108 139 247 271 294 121 325 60 358
 395 281 317 298 344 292 1 296 180 10 289 98 92 274 175 65 276 170 198 32 249 135 89 119 274 327 114 76 35 216 371 89 251 332 45 225 198 105 294 219 253 296 90 14 250 307 183 55 279 323 105 205 174 76 65 243 256 318 376 27 391 285 283 369 24 339 267 240 97 104 69 236 274 293 179 94 288 151 65 5 174 304 263 105 252 315 159 246 97 137 103 209 216 234 99 276 225 120 204 219 51 237 263 234 147 197 87 405 51 322 298 301 32 107 249 233 221 229 291 269 76 329 268 269 100 209 180 372 282 160 64 156 173 253 125 387 185 139 318 62 267 125 47 46 203 182 262 258 233 342 241 269 306 343 298 54 265 176 163 137 71 150 236 163 355 308 304 278 248 237 310 139 196 143 282 118 259 10 308 365 174 186 54 431 316 65 359 157 402 207 138 363 129 55 175 228 306 113 319 175 62 221 129 68 93 272 314 168 262 294 377 152 212 266 219 118 59 159 339 56 131 285 117 236 230 102 110 90 374 293 231 258 271 295 365 218 276 345 243 180 306 46 53 271 145 40 340 118 31 277 133 398 208 210 44 260 411 145 253 70
 158 177 87 119 207 159 296 1 294 305 98 330 337 98 169 321 208 127 111 268 262 304 277 321 61 98 356 238 330 148 116 321 163 68 338 86 310 298 58 293 160 177 349 291 223 24 196 350 142 237 192 179 316 293 287 367 129 165 169 312 217 37 382 227 318 44 63 289 237 309 349 227 85 172 319 331 139 249 335 295 190 23 122 286 53 221 195 52 202 245 260 141 182 268 220 358 143 195 257 179 249 343 222 265 217 192 291 172 248 101 150 90 266 246 370 64 288 276 69 135 222 47 243 197 232 153 119 136 112 250 299 181 331 251 203 130 218 231 151 353 110 183 262 304 136 297 82 295 223 166 353 86 78 146 256 319 70 206 332 259 241 213 340 353 182 190 41 174 49 72 257 178 220 238 37 261 374 288 71 104 291 194 293 202 171 261 169 140 154 340 163 85 178 331 186 357 68 371 168 331 347 369 214 274 207 275 52 129 79 77 194 266 106 121 211 186 261 261 50 300 333 293 370 204 75 285 189 314 212 104 95 169 142 131 202 274 141 105 61 160 76 271 290 261 163 260 222 189 285 301 236 198 253 138 258 162 213 252 195 347
 316 375 263 225 223 195 180 294 1 182 230 107 270 330 128 133 149 211 252 161 90 51 254 79 309 267 292 214 194 150 312 108 158 355 185 210 22 78 325 43 344 188 267 189 116 315 300 207 357 183 177 120 26 248 116 81 185 217 284 167 276 305 112 243 181 330 238 67 104 85 241 100 323 188 27 272 362 298 242 176 287 313 333 272 277 183 276 248 162 63 82 292 323 71 121 100 310 130 52 324 154 65 127 73 85 106 258 320 183 260 376 246 179 88 86 246 47 62 250 345 163 304 120 150 105 300 195 299 345 306 239 120 44 100 243 324 314 278 391 225 206 220 144 224 159 5 221 85 100 243 72 224 345 256 146 232 231 298 51 53 132 278 62 76 250 193 323 172 259 272 158 236 324 65 263 273 93 174 342 312 7 302 228 338 212 222 262 203 328 48 165 324 219 155 286 68 264 289 399 42 170 76 99 113 155 108 336 202 224 335 271 37 269 198 99 149 129 37 317 128 78 116 293 117 264 79 164 267 257 349 285 353 351 215 251 51 192 285 270 137 260 208 128 113 227 157 210 143 203 103 74 294 58 292 191 351 304 294 137 243
 403 289 325 306 350 299 10 305 182 1 297 96 90 283 182 62 282 179 207 40 253 136 94 118 283 335 111 84 26 223 380 87 258 342 36 234 200 106 303 221 261 302 87 20 256 316 190 46 288 328 114 212 175 79 67 243 263 325 384 21 398 294 283 376 15 348 275 243 103 103 63 241 283 299 180 93 296 157 61 11 182 313 271 109 261 321 167 255 105 142 107 217 224 238 106 277 234 128 208 227 59 238 268 238 152 203 91 413 60 330 307 310 41 112 249 242 224 233 299 277 84 338 273 275 106 217 189 380 291 166 66 163 173 257 134 396 192 146 326 55 275 133 53 47 210 184 270 261 239 349 241 278 315 350 303 52 273 183 163 141 78 157 237 161 363 315 313 285 257 246 315 148 203 148 291 123 258 18 317 374 176 194 57 439 323 72 366 166 410 207 147 372 138 49 183 228 315 110 327 175 55 220 135 72 102 276 323 177 271 303 385 155 221 274 224 127 65 163 348 56 130 289 113 242 239 104 118 92 381 302 240 266 280 302 372 221 283 354 252 188 315 53 54 275 154 49 346 127 36 280 138 405 212 219 53 268 419 151 259 65
 108 261 34 23 112 63 289 98 230 297 1 293 352 185 122 294 115 145 157 258 178 254 299 277 148 41 374 252 322 85 87 286 77 163 325 75 242 257 152 218 238 81 361 288 137 121 251 341 228 141 194 112 255 310 259 294 46 70 97 298 133 129 302 135 307 115 45 209 206 268 352 145 173 76 256 348 228 292 342 287 241 120 204 312 123 124 240 88 196 196 221 203 248 188 195 276 213 171 184 246 239 268 133 185 169 126 311 118 249 35 240 17 262 208 295 103 212 198 30 219 216 82 154 105 201 216 121 84 201 296 312 141 271 166 234 102 273 270 244 350 26 206 246 310 89 233 33 211 142 77 278 24 174 64 162 326 39 258 275 208 222 256 265 299 94 94 137 80 102 136 162 209 279 188 63 293 298 280 167 84 229 249 303 147 75 275 86 153 114 272 154 95 200 309 237 286 38 385 260 271 327 301 175 246 197 187 149 140 35 171 111 210 163 34 135 172 239 203 95 275 286 204 385 122 132 245 183 333 123 196 163 248 227 34 112 198 47 60 125 114 32 277 266 172 191 249 126 171 288 213 189 124 180 201 260 242 139 293 108 351
 392 358 325 295 315 275 98 330 107 96 293 1 182 335 172 35 241 215 253 97 193 57 186 29 325 332 201 162 98 209 378 11 234 380 85 247 120 38 344 149 328 273 175 111 210 346 266 106 350 282 157 187 91 173 49 152 251 300 365 76 367 329 193 338 89 371 285 173 93 27 145 193 331 271 96 186 357 244 150 94 255 343 329 202 296 279 241 279 141 100 73 278 296 175 111 192 296 136 149 299 104 152 222 176 125 174 184 399 128 326 369 308 114 86 158 270 153 167 304 338 128 353 220 238 98 282 213 372 346 253 160 154 84 201 206 393 273 229 387 126 268 193 87 142 207 109 274 191 192 326 153 279 360 334 249 145 280 261 73 90 97 236 152 67 337 282 348 256 285 285 261 210 284 109 306 213 168 97 360 376 103 269 151 421 297 158 345 203 402 119 170 380 196 54 256 138 319 194 391 86 66 127 120 60 134 213 360 209 275 349 358 96 270 263 184 147 79 106 364 46 37 222 199 203 278 49 151 186 348 354 288 335 342 288 341 156 265 351 288 180 317 140 54 216 209 99 306 143 128 209 105 381 154 279 129 335 392 239 223 148
 459 270 376 365 422 366 92 337 270 90 352 182 1 290 251 148 358 215 229 115 338 225 63 206 301 388 24 102 85 289 430 175 328 359 101 281 288 195 320 309 249 373 18 83 336 343 173 85 281 406 160 285 264 45 155 331 326 392 445 107 467 317 372 448 94 380 323 330 183 192 45 322 294 369 269 10 290 120 33 96 170 340 271 62 287 397 158 293 160 226 193 219 207 324 179 366 231 196 294 211 129 327 347 324 231 278 50 470 108 384 297 363 101 195 337 277 311 319 349 272 142 377 355 351 185 214 235 435 293 127 42 233 262 341 137 446 165 123 317 67 333 155 133 49 272 273 322 349 319 414 330 331 327 411 385 39 323 163 251 227 153 141 326 247 429 387 335 356 290 269 396 161 172 231 332 89 347 98 331 422 264 177 52 498 392 79 430 204 463 296 200 414 161 130 174 317 363 35 313 263 125 308 212 159 161 361 342 217 322 315 450 242 238 335 303 187 147 249 385 145 217 375 34 319 265 193 172 27 451 306 255 251 273 365 440 308 348 405 278 254 365 78 143 359 175 122 421 189 73 367 221 469 297 221 96 255 484 114 335 41
 255 80 182 208 297 242 274 98 330 283 185 335 290 1 207 317 282 123 83 252 322 325 228 335 39 194 304 203 307 205 212 325 234 76 319 137 349 311 45 340 66 259 304 266 288 85 124 324 45 319 180 232 347 247 287 409 203 254 266 296 312 62 432 319 298 122 142 343 247 319 312 288 14 254 351 282 43 182 297 275 122 83 27 231 65 303 133 103 195 272 274 72 98 324 227 411 63 208 304 94 237 388 291 321 247 241 241 269 225 196 56 181 244 261 413 94 337 329 160 38 210 142 311 270 243 79 136 233 17 179 257 212 360 314 157 226 142 170 64 322 189 151 253 268 185 334 160 353 283 259 397 167 40 241 330 282 149 134 357 285 239 151 385 374 276 274 67 252 88 61 333 137 140 267 125 204 419 268 46 199 326 120 254 299 259 223 264 134 250 377 170 178 146 320 119 397 163 322 77 360 333 405 235 276 202 339 66 131 157 30 289 296 66 200 268 192 257 294 141 297 348 359 320 266 69 298 185 264 306 20 48 73 45 217 295 324 221 202 67 200 170 238 286 327 131 246 309 196 255 363 261 295 303 69 232 66 310 186 264 310
 225 262 154 127 172 118 175 169 128 182 122 172 251 207 1 173 113 96 135 145 122 138 208 158 183 162 273 159 206 42 208 165 78 229 207 84 145 137 199 134 231 123 256 177 99 189 205 225 239 161 99 38 148 213 138 204 83 144 203 180 218 179 226 199 191 207 116 138 86 148 242 92 199 120 151 249 243 225 234 172 193 187 213 224 151 150 185 122 93 78 100 181 219 120 78 205 198 57 98 220 126 182 108 118 50 39 218 233 144 156 257 137 153 87 208 120 131 124 133 226 110 184 122 103 81 192 73 203 222 231 211 20 163 118 162 223 225 202 269 236 98 132 130 205 36 131 103 150 87 168 192 108 219 170 150 219 111 208 164 92 105 194 179 186 181 137 196 106 133 148 158 144 233 71 140 213 213 167 216 205 124 206 200 258 143 178 185 93 233 174 64 210 129 189 190 193 149 280 280 163 207 203 54 126 91 143 209 86 105 210 203 98 151 95 69 67 121 93 197 154 168 162 282 78 140 124 84 236 201 225 164 241 233 122 191 118 102 181 145 10 147 174 146 135 129 136 171 64 181 163 70 224 97 180 155 238 237 223 89 242
 397 334 325 299 329 283 65 321 133 62 294 35 148 317 173 1 256 201 236 70 215 84 154 60 310 334 168 133 65 213 380 28 242 367 53 242 148 56 330 175 305 283 141 78 226 336 239 75 329 299 139 194 121 140 36 185 255 309 373 42 379 317 226 352 55 364 281 198 89 49 112 210 315 281 126 152 336 214 117 62 229 333 309 169 284 294 215 270 125 111 77 257 271 198 103 223 275 129 170 274 81 183 239 198 131 183 151 405 101 328 348 309 85 88 191 260 178 190 302 317 108 348 239 252 94 260 203 376 327 223 127 154 116 221 180 395 245 200 366 94 270 171 65 108 207 135 272 217 208 335 185 278 345 340 269 111 278 234 105 104 82 208 183 100 347 294 336 266 275 271 280 188 256 119 301 181 201 65 345 376 128 243 118 428 307 127 353 189 406 151 159 378 174 23 230 171 318 161 369 118 39 161 121 49 118 236 347 197 273 333 368 115 252 267 197 136 62 124 359 22 70 246 166 217 264 61 136 152 361 336 271 312 321 293 353 179 272 353 275 181 317 108 32 238 189 73 321 133 95 235 112 390 174 258 100 312 403 208 235 115
 173 350 143 99 75 58 276 208 149 282 115 241 358 282 113 256 1 196 227 247 71 190 319 218 248 141 381 270 303 85 179 238 49 274 300 147 153 205 257 122 322 44 362 280 35 231 310 320 321 49 211 76 175 323 225 193 81 73 138 275 128 234 193 98 288 229 147 105 180 216 344 51 270 46 174 357 322 335 338 273 298 230 295 336 217 40 292 180 204 146 181 276 319 87 180 167 291 165 98 318 231 167 24 84 130 81 328 175 252 134 336 129 259 173 194 189 116 98 143 309 219 196 41 13 177 289 169 160 298 341 319 128 192 58 273 188 331 312 344 335 99 242 230 311 108 150 127 102 51 98 177 123 279 115 50 324 139 314 199 153 207 303 164 224 103 45 245 36 195 224 53 253 339 138 171 324 194 268 273 184 150 310 308 190 67 288 116 197 187 180 175 202 239 275 295 189 152 386 358 190 293 207 148 215 201 74 258 187 131 274 123 146 240 88 60 178 218 137 209 241 222 90 388 41 217 197 196 345 109 296 247 332 317 87 102 103 69 156 216 113 145 283 236 60 236 239 66 174 287 101 146 146 93 275 264 327 155 334 25 344
 249 167 165 162 238 178 170 127 211 179 145 215 215 123 96 201 196 1 42 143 218 204 157 213 110 177 235 114 204 112 216 206 151 167 213 71 231 189 130 226 137 191 226 164 191 138 115 223 147 242 66 130 227 171 169 291 133 200 241 188 272 117 317 264 192 171 110 233 126 198 223 186 118 186 230 210 152 149 210 169 103 135 123 169 84 228 99 79 78 151 152 86 125 215 106 298 103 86 192 125 125 271 198 213 128 134 171 261 122 174 166 153 140 139 295 65 223 219 136 135 97 164 215 185 122 96 29 224 136 153 175 95 238 212 90 233 137 126 181 227 132 63 139 179 89 215 113 246 182 216 280 122 145 208 240 194 111 120 235 164 121 113 268 252 233 207 136 177 79 71 247 65 144 147 118 149 302 162 145 208 206 115 168 290 202 138 229 14 251 257 49 200 57 208 100 278 150 248 189 239 223 284 114 157 84 238 147 11 112 134 252 176 59 138 164 70 140 175 172 180 227 257 248 169 64 176 66 193 259 142 76 146 141 166 248 211 156 193 75 91 152 145 170 228 47 135 244 75 159 258 140 267 191 85 132 143 283 149 174 222
 252 128 169 177 260 200 198 111 252 207 157 253 229 83 135 236 227 42 1 173 255 244 167 253 77 182 246 132 231 144 215 244 180 136 242 86 272 229 97 266 98 215 241 191 226 115 95 250 106 270 99 165 268 185 206 332 156 219 251 218 288 90 358 285 221 152 115 272 166 237 244 222 80 210 272 222 111 142 229 198 86 112 82 176 60 256 87 74 113 192 192 50 94 254 145 338 65 126 231 93 158 312 231 251 169 171 181 265 148 180 125 161 167 179 336 57 263 258 141 94 130 154 249 215 162 63 63 228 95 144 191 135 279 249 94 231 118 122 140 251 149 77 173 198 121 256 125 284 218 232 321 134 110 220 273 214 119 103 276 205 157 105 309 293 249 231 108 203 66 41 278 69 123 188 114 151 343 191 111 205 247 93 186 296 222 155 242 52 253 298 89 192 71 241 81 319 151 262 148 280 255 325 155 194 120 275 117 51 123 98 267 217 18 158 201 110 176 216 160 216 266 294 261 203 37 216 103 204 277 102 36 108 100 183 266 251 178 196 51 129 156 166 205 264 56 167 268 115 182 296 181 279 230 49 157 104 295 144 206 242
 364 266 286 267 314 261 32 268 161 40 258 97 115 252 145 70 247 143 173 1 224 122 95 112 249 296 137 65 65 185 341 87 221 307 71 195 181 93 269 198 237 266 116 34 223 280 171 85 261 294 77 176 160 88 53 231 225 287 346 46 361 258 269 340 52 311 237 218 69 95 98 209 251 262 165 115 269 149 92 30 160 277 242 113 225 286 146 218 67 113 81 189 202 211 68 260 207 90 180 205 20 222 235 210 119 167 98 374 32 291 280 271 19 81 236 205 200 207 260 250 47 300 241 240 72 191 151 341 261 158 79 125 162 227 111 357 177 133 299 93 236 103 19 67 172 164 231 236 206 311 227 239 282 312 272 78 235 165 153 115 41 140 220 157 325 279 277 248 220 211 283 120 188 118 252 119 246 23 284 335 155 174 68 400 286 64 328 130 371 194 108 333 107 69 161 216 276 140 301 163 82 211 100 50 63 247 288 140 232 270 347 130 188 236 191 88 34 137 310 53 125 262 143 208 204 86 80 107 344 271 208 243 253 264 334 195 245 315 216 150 276 48 44 245 123 10 311 88 44 254 107 367 183 191 34 244 381 144 224 99
 243 382 208 165 139 126 249 262 90 253 178 193 338 322 122 215 71 218 255 224 1 138 309 166 293 208 360 262 270 118 249 193 102 328 264 188 88 160 305 54 352 114 338 256 42 285 325 286 357 95 211 91 113 308 190 123 136 144 208 242 192 282 125 157 256 290 200 35 157 169 315 36 312 116 112 338 360 339 313 245 313 283 331 327 260 98 304 225 199 113 147 302 341 20 165 99 319 159 46 341 211 97 49 18 111 85 316 245 238 201 374 193 239 144 124 230 48 31 203 345 209 258 34 77 155 313 193 230 338 346 302 129 130 14 278 258 344 316 385 302 157 249 206 290 138 90 181 34 40 168 107 180 327 185 57 301 193 327 139 114 187 311 94 163 171 114 297 103 239 262 69 263 353 107 226 321 124 242 322 252 93 326 290 259 137 276 186 214 257 113 182 269 247 236 310 119 214 361 397 128 252 138 132 182 194 24 310 208 184 319 190 101 270 146 56 177 192 92 271 205 167 41 365 59 254 155 195 329 172 338 281 362 352 153 168 40 132 224 256 128 209 267 202 24 249 218 124 172 267 42 118 213 42 301 248 358 221 336 70 317
 348 361 287 253 264 228 135 304 51 136 254 57 225 325 138 84 190 204 244 122 138 1 216 30 309 293 246 181 146 170 339 58 188 360 136 219 66 31 327 93 330 224 221 146 157 323 276 158 347 228 157 144 40 208 72 110 210 253 319 120 316 309 149 286 134 343 253 117 81 35 193 140 320 223 45 228 353 266 195 131 265 321 324 234 278 226 252 255 140 60 54 278 303 119 101 142 296 119 95 305 120 103 169 121 89 130 218 353 148 286 366 270 140 66 115 250 97 111 269 334 135 321 166 188 84 284 194 329 338 275 197 124 41 146 217 352 288 248 382 177 229 198 106 181 173 53 239 135 140 279 107 243 345 289 193 187 248 274 34 47 102 251 102 50 288 231 328 207 264 271 205 215 299 68 277 239 125 131 344 337 46 279 186 374 248 185 298 193 359 73 156 345 199 105 264 95 284 242 389 43 120 91 93 73 133 157 341 196 241 335 309 46 261 223 134 136 92 54 333 81 34 166 246 153 262 37 146 224 297 344 278 338 340 244 290 100 221 311 271 147 281 169 83 161 210 119 253 130 161 154 70 332 100 278 154 337 343 262 173 196
 404 213 321 314 378 319 89 277 254 94 299 186 63 228 208 154 319 157 167 95 309 216 1 204 239 333 80 50 106 243 373 177 284 296 123 226 275 187 258 289 189 328 78 77 300 281 113 116 220 367 111 244 254 22 146 325 277 344 393 114 419 256 363 404 106 319 266 307 155 188 91 288 231 324 259 56 229 67 74 93 109 278 209 19 226 357 96 234 116 201 173 157 148 298 145 353 169 155 267 152 101 316 311 297 199 240 15 416 73 329 237 308 77 170 331 217 290 295 292 211 102 318 321 310 156 152 179 380 231 75 36 192 256 310 75 389 108 64 257 106 282 96 112 53 224 258 268 325 285 364 321 277 264 360 351 63 267 104 247 205 125 80 314 249 380 343 273 311 230 208 361 100 117 204 274 32 340 90 268 364 248 117 39 445 345 34 380 147 408 288 150 355 102 142 112 310 306 97 254 258 145 305 178 145 119 332 280 161 267 253 401 222 176 285 268 142 127 227 325 142 218 348 95 282 204 181 125 38 404 244 193 192 212 314 393 284 300 350 217 210 309 48 136 328 115 99 378 146 60 342 193 418 270 159 65 196 434 61 295 87
 373 364 309 277 292 255 119 321 79 118 277 29 206 335 158 60 218 213 253 112 166 30 204 1 321 316 226 175 124 193 362 33 214 375 112 237 91 25 340 121 334 251 200 131 185 339 275 134 353 257 160 168 63 193 60 126 234 279 345 100 344 324 167 314 113 362 273 145 88 18 171 169 330 250 68 210 360 259 175 115 264 336 331 221 292 255 251 271 144 82 63 283 304 148 108 164 301 130 124 306 114 124 198 150 109 155 204 380 141 310 372 292 129 77 132 264 125 140 290 341 134 341 195 216 93 288 207 354 347 268 181 142 57 175 215 376 285 242 389 153 252 199 98 164 193 81 260 163 168 306 126 265 357 315 222 168 268 271 46 70 101 247 124 46 315 259 342 234 279 283 234 217 295 90 296 229 142 116 356 360 75 278 171 400 275 175 324 202 384 92 166 367 201 81 264 112 306 220 395 59 94 103 109 66 136 186 355 206 262 346 336 73 270 247 161 144 87 82 353 64 15 194 225 181 274 38 151 208 325 354 288 341 346 269 318 129 247 335 284 167 303 157 69 190 214 111 282 140 147 181 89 359 129 283 144 341 370 254 200 174
 218 118 144 170 259 206 274 61 309 283 148 325 301 39 183 310 248 110 77 249 293 309 239 321 1 156 317 208 308 176 175 315 200 60 318 106 327 297 21 315 100 223 315 267 257 50 145 326 83 283 174 204 328 257 278 386 169 217 228 294 274 25 407 281 297 90 106 316 234 307 319 258 26 218 331 294 81 202 304 274 141 48 62 245 34 268 149 69 187 253 259 89 126 296 215 384 88 192 279 122 233 364 259 293 226 214 253 232 224 158 93 144 243 246 390 65 311 302 122 75 205 106 279 236 230 100 116 196 54 201 265 190 341 284 165 190 166 186 98 326 153 153 247 274 157 312 124 325 254 221 374 130 37 203 296 289 113 155 340 266 230 168 361 358 238 238 36 217 55 40 299 142 167 247 87 219 395 267 36 163 305 142 261 262 222 230 226 123 214 355 156 142 147 316 137 375 125 334 113 341 330 384 218 266 193 309 42 116 121 28 251 276 65 164 239 179 249 274 106 289 334 328 332 236 48 284 176 276 268 49 47 109 83 180 257 298 186 164 40 175 132 242 279 296 131 242 272 183 258 333 242 257 276 87 233 102 272 205 232 317
 73 273 14 44 116 85 327 98 267 335 41 332 388 194 162 334 141 177 182 296 208 293 333 316 156 1 409 287 360 124 47 326 111 156 364 108 278 296 155 252 253 101 397 325 167 118 275 380 238 156 230 150 292 345 299 327 84 79 73 337 120 134 333 133 346 99 68 241 246 308 389 178 181 97 293 383 236 321 378 325 266 118 216 345 138 140 267 109 233 235 261 224 268 221 234 306 231 209 220 266 277 302 162 218 208 164 345 85 285 8 247 27 300 248 329 126 246 231 42 230 254 65 181 133 241 237 155 49 209 324 347 180 309 196 265 62 298 299 248 388 65 238 285 347 128 269 67 241 175 71 312 59 175 50 185 362 67 283 313 247 260 284 298 337 86 110 136 107 120 154 182 239 302 227 72 325 331 318 167 46 266 273 339 115 86 310 72 186 76 308 191 62 233 348 262 321 33 420 265 308 366 337 215 286 235 214 146 173 67 174 96 249 185 71 170 210 278 241 75 314 325 230 421 155 152 284 220 367 116 201 180 262 238 56 106 232 78 20 142 154 27 314 306 200 222 288 134 210 325 241 229 102 215 222 297 256 118 322 140 388
 480 279 397 387 445 389 114 356 292 111 374 201 24 304 273 168 381 235 246 137 360 246 80 226 317 409 1 123 104 312 450 195 351 374 119 302 310 216 336 331 260 395 28 106 358 360 184 100 292 429 182 308 285 65 177 351 348 414 467 128 489 334 392 471 114 397 343 352 205 213 59 345 308 392 290 26 301 128 52 118 183 357 284 74 305 420 172 312 183 249 216 233 217 346 202 387 243 218 316 221 152 348 370 346 254 301 66 491 131 405 307 384 124 217 357 296 333 342 369 284 164 396 377 373 208 227 255 456 306 134 64 256 282 363 154 466 173 135 327 81 355 174 155 72 294 295 343 371 342 436 351 352 341 433 408 61 343 174 271 249 176 154 347 266 451 409 351 378 308 286 419 179 180 254 352 101 367 120 346 442 286 188 74 519 414 100 452 224 484 317 222 433 180 149 186 337 383 23 322 284 142 328 235 181 183 383 358 237 343 330 473 264 254 357 326 209 170 272 404 166 237 397 18 342 282 214 194 43 473 319 271 261 284 386 463 330 370 426 296 277 385 100 165 381 194 144 443 211 96 389 244 491 319 235 119 265 506 122 358 55
 358 205 275 266 328 270 76 238 214 84 252 162 102 203 159 133 270 114 132 65 262 181 50 175 208 287 123 1 106 194 328 152 234 266 119 180 235 154 227 247 178 279 113 66 252 246 108 122 205 318 62 195 217 59 116 289 228 295 346 101 370 221 325 355 99 281 222 263 112 158 113 240 204 275 222 97 213 86 98 78 99 243 189 67 190 308 84 192 67 157 133 135 141 252 99 313 151 107 222 144 63 277 262 251 152 191 61 369 35 283 223 262 50 128 294 177 247 250 247 194 55 277 273 261 112 134 133 334 210 95 62 143 221 263 50 345 113 69 243 120 234 56 78 67 175 218 222 280 237 316 283 230 237 312 303 83 222 101 214 163 83 76 275 220 332 293 239 262 190 173 313 67 123 159 231 61 303 72 240 320 208 111 55 398 296 24 331 103 362 252 101 313 62 129 100 274 261 135 243 223 138 272 131 110 70 286 248 116 221 225 353 180 144 237 219 93 90 184 285 117 189 302 135 233 167 145 76 82 355 221 162 183 197 266 344 240 251 304 181 160 264 36 109 281 78 65 329 97 53 297 148 370 224 137 34 185 385 82 246 110
 428 309 350 330 372 322 35 330 194 26 322 98 85 307 206 65 303 204 231 65 270 146 106 124 308 360 104 106 1 247 405 92 281 366 18 259 211 117 328 235 282 325 77 42 276 341 209 21 310 348 139 234 184 87 82 249 287 348 408 29 421 319 290 398 16 374 301 257 124 112 48 260 307 322 189 91 318 171 53 36 202 338 294 118 286 342 187 281 131 160 125 240 243 254 129 286 255 152 225 247 84 247 288 255 173 225 99 437 84 355 328 334 66 131 255 267 238 248 324 299 110 363 292 297 128 239 214 405 314 180 73 187 180 275 155 421 209 163 348 33 299 157 77 54 235 196 295 276 258 372 249 303 339 374 322 51 299 201 169 158 102 176 246 163 386 337 337 307 282 270 333 171 219 167 316 137 265 43 341 399 189 213 67 463 346 90 390 191 435 215 172 397 162 46 203 235 340 97 348 182 42 225 157 90 127 292 347 202 296 327 408 171 245 298 245 152 87 179 373 67 134 304 102 263 264 117 144 94 403 325 264 287 301 326 394 237 307 379 277 212 340 72 69 293 178 73 367 151 54 294 158 428 229 241 76 289 442 165 281 51
 185 269 117 87 135 78 216 148 150 223 85 209 289 205 42 213 85 112 144 185 118 170 243 193 176 124 312 194 247 1 170 203 42 213 248 71 164 173 188 145 240 86 295 217 84 171 226 266 242 131 134 32 174 250 179 220 43 104 162 221 178 166 235 162 232 182 89 142 126 185 282 84 195 82 176 287 245 253 274 213 214 169 216 259 143 118 209 108 130 112 139 193 235 122 118 212 208 96 109 234 166 196 89 119 85 45 254 193 182 117 258 100 193 126 223 113 141 129 101 230 149 155 107 74 122 205 84 164 221 259 249 61 190 109 191 184 247 230 268 277 60 160 171 244 24 153 72 150 79 127 206 75 210 129 130 258 83 230 193 125 146 220 193 216 141 101 181 69 122 146 136 170 255 104 115 245 227 207 205 168 148 226 239 218 103 215 144 113 194 194 95 176 156 229 211 211 115 320 281 189 247 224 94 166 130 135 195 103 75 202 163 127 158 55 65 104 162 120 168 195 202 154 321 62 138 162 120 273 162 221 167 250 238 81 152 126 61 143 139 36 112 213 187 123 153 176 137 102 220 159 106 183 106 191 194 246 197 253 63 282
 45 291 56 88 138 123 371 116 312 380 87 378 430 212 208 380 179 216 215 341 249 339 373 362 175 47 450 328 405 170 1 372 155 159 409 149 322 343 169 295 275 137 439 369 208 129 307 425 255 185 273 196 337 386 345 369 130 110 70 382 122 152 372 147 391 98 108 282 292 354 433 220 199 135 338 424 252 356 421 370 299 131 236 384 164 171 302 142 277 281 307 253 295 262 280 346 257 255 264 293 322 343 201 259 255 210 386 59 329 54 261 72 344 294 370 160 289 273 82 249 298 71 220 173 287 266 196 30 225 358 389 226 354 236 303 17 329 335 259 432 112 278 330 390 174 314 111 280 218 92 354 103 185 69 218 405 108 316 358 293 306 319 340 383 101 142 148 146 151 182 214 277 333 273 102 362 372 363 177 14 311 305 381 88 117 351 82 227 40 351 235 41 272 394 295 363 68 462 276 353 412 380 261 332 279 252 155 213 110 188 101 294 215 117 214 254 324 287 74 360 371 266 462 198 182 331 264 408 126 215 208 283 256 98 119 275 121 28 170 200 66 356 352 238 260 332 158 255 368 279 275 95 259 250 340 276 108 358 181 432
 387 348 318 289 312 270 89 321 108 87 286 11 175 325 165 28 238 206 244 87 193 58 177 33 315 326 195 152 92 203 372 1 229 371 80 239 122 34 335 150 318 269 168 102 207 338 256 102 340 280 147 182 95 164 39 158 245 296 361 68 364 320 199 335 82 363 277 174 85 25 139 191 322 267 99 179 347 234 143 86 245 335 319 193 287 276 231 270 132 95 66 269 286 175 103 196 287 127 148 289 94 157 220 176 119 169 176 394 118 320 359 301 104 79 164 262 154 167 297 328 118 345 219 235 90 272 204 366 336 244 152 147 89 200 196 387 263 219 377 121 262 183 77 134 200 110 267 192 190 322 158 272 351 329 248 137 273 251 78 86 88 226 156 74 332 278 339 251 277 276 260 200 274 104 298 203 174 88 351 369 103 259 142 416 292 149 340 194 396 124 161 373 186 49 246 144 312 188 381 91 62 134 113 51 124 213 351 200 268 339 354 94 260 257 180 138 69 104 357 36 44 222 193 200 268 43 141 178 345 345 279 325 332 282 337 156 260 345 279 174 311 130 44 216 200 89 303 134 119 211 99 377 153 269 120 325 388 229 219 142
 161 302 109 68 95 42 251 163 158 258 77 234 328 234 78 242 49 151 180 221 102 188 284 214 200 111 351 234 281 42 155 229 1 229 281 99 168 197 210 142 274 46 333 254 61 186 265 300 273 92 174 49 183 290 209 218 35 68 133 255 141 187 226 121 266 189 101 132 159 208 318 69 222 42 184 326 274 294 311 249 253 185 247 300 170 78 248 133 170 135 166 229 272 112 154 200 243 134 110 271 203 192 60 109 112 61 294 166 221 104 288 93 230 155 219 141 136 121 102 261 187 158 81 37 154 242 123 142 250 300 288 97 200 90 232 167 287 271 296 312 56 201 206 282 64 160 82 135 66 94 202 79 232 102 97 296 94 270 205 145 181 261 189 230 106 60 200 29 147 176 101 210 294 126 127 286 221 243 227 156 157 265 278 188 66 254 112 153 172 197 135 170 197 260 250 210 114 358 310 199 278 226 125 197 169 113 213 142 85 226 128 143 192 45 60 143 196 135 171 225 221 131 360 45 169 187 160 313 124 248 199 284 269 58 114 122 35 128 168 75 108 252 218 99 193 213 96 141 258 139 131 149 105 227 233 279 162 293 34 319
 203 144 147 184 270 225 332 68 355 342 163 380 359 76 229 367 274 167 136 307 328 360 296 375 60 156 374 266 366 213 159 371 229 1 376 146 372 351 40 357 138 243 373 325 289 44 197 385 110 303 231 243 376 315 334 430 196 229 222 352 273 52 447 288 355 62 129 354 288 361 377 293 68 238 379 351 104 255 363 332 195 46 101 301 84 286 204 108 244 302 312 143 173 334 269 423 137 246 320 169 290 407 289 331 275 255 310 217 283 161 110 153 301 298 433 112 352 341 134 109 262 93 309 263 283 152 168 185 82 253 324 239 390 317 223 170 216 241 103 385 176 211 305 332 198 358 149 361 289 226 417 152 37 205 322 347 137 208 389 316 286 223 404 410 241 256 34 240 98 97 323 200 215 296 104 275 438 325 30 146 352 194 319 245 235 288 226 179 195 401 210 120 206 373 191 420 130 392 121 390 388 430 269 322 250 341 21 172 145 47 250 325 123 188 276 233 306 321 86 346 387 360 390 269 104 337 232 333 271 68 105 145 114 196 261 338 207 157 93 220 138 301 336 328 190 300 286 237 317 367 292 251 317 141 291 137 265 260 262 375
 430 323 354 332 371 322 45 338 185 36 325 85 101 319 207 53 300 213 242 71 264 136 123 112 318 364 119 119 18 248 409 80 281 376 1 264 200 107 338 226 296 324 92 55 272 350 224 23 323 345 147 234 173 104 76 236 289 348 409 28 420 328 277 396 22 381 306 249 123 101 61 256 319 321 178 107 331 187 69 45 216 347 307 135 295 339 202 288 138 156 121 253 258 247 131 275 269 155 219 261 90 235 284 248 171 223 116 439 95 358 342 338 76 128 242 275 229 241 329 312 117 370 287 295 128 253 221 408 326 196 90 188 168 270 168 425 225 179 361 42 302 169 80 71 237 187 300 268 254 373 237 307 350 376 317 68 303 217 157 152 104 191 235 149 386 336 347 306 290 280 328 183 235 163 322 153 252 52 352 404 179 228 84 464 346 105 391 200 438 203 178 403 173 32 218 222 345 110 362 170 25 211 157 86 133 285 358 210 300 338 408 164 256 300 241 157 87 173 380 60 121 297 115 260 274 110 150 111 402 337 275 301 315 328 393 229 308 382 286 214 345 86 65 287 189 79 365 156 69 286 155 429 223 254 88 303 442 181 278 65
 179 204 96 93 175 115 225 86 210 234 75 247 281 137 84 242 147 71 86 195 188 219 226 237 106 108 302 180 259 71 149 239 99 146 264 1 227 214 119 212 177 130 291 222 152 106 178 278 175 187 124 99 231 238 207 285 71 134 171 238 204 97 303 200 245 125 43 211 155 225 284 153 126 125 234 277 177 218 273 223 168 104 149 239 74 172 166 40 129 160 176 135 179 191 139 280 147 114 176 178 176 262 155 188 132 110 239 191 181 104 190 83 196 162 288 44 208 198 68 164 150 108 175 135 150 148 48 155 153 222 241 97 246 179 160 166 201 196 200 285 64 132 186 241 53 213 43 220 149 148 272 52 140 138 195 257 42 185 247 174 163 182 259 268 165 146 114 120 53 78 199 134 207 153 60 219 293 216 136 142 207 177 232 220 137 203 160 80 183 256 88 139 126 253 164 275 83 314 213 246 270 285 130 194 133 204 127 66 42 133 184 181 96 72 134 109 182 177 119 221 248 223 314 131 71 201 116 261 193 152 101 187 171 98 181 194 93 125 70 75 84 208 211 192 116 187 183 110 220 228 151 198 173 133 192 182 213 219 128 283
 323 396 275 235 225 202 198 310 22 200 242 120 288 349 145 148 153 231 272 181 88 66 275 91 327 278 310 235 211 164 322 122 168 372 200 227 1 95 343 35 365 193 285 208 120 331 321 222 377 182 198 134 30 268 134 61 197 223 290 184 278 323 91 243 198 345 253 59 125 100 258 105 342 194 26 291 382 319 260 194 308 329 352 292 295 184 297 265 183 84 103 312 344 69 142 80 330 151 59 345 175 44 130 72 104 120 278 326 204 271 396 258 199 109 65 264 41 58 263 364 184 318 120 155 126 321 214 307 364 327 258 139 44 99 265 333 335 299 410 241 218 241 163 243 175 18 235 75 106 249 51 237 363 263 143 250 246 319 54 74 153 299 41 77 255 197 339 179 277 291 155 257 345 86 278 294 73 193 360 323 28 323 247 342 218 242 268 223 335 31 186 335 240 170 307 49 276 306 419 42 184 60 120 132 176 102 353 222 238 354 274 58 289 209 109 170 149 57 331 145 87 106 311 125 282 97 185 286 258 368 304 374 371 224 253 51 202 295 288 154 272 228 146 110 248 177 211 164 222 93 95 298 64 312 211 372 306 315 143 260
 356 341 289 258 279 238 105 298 78 106 257 38 195 311 137 56 205 189 229 93 160 31 187 25 297 296 216 154 117 173 343 34 197 351 107 214 95 1 316 120 310 236 191 116 174 316 253 129 329 246 136 150 70 178 42 139 214 264 329 90 331 300 178 302 104 339 251 143 64 12 164 158 306 235 75 198 336 239 166 101 241 313 307 205 268 243 228 248 120 63 39 259 281 143 84 172 277 106 115 283 93 133 187 144 89 137 188 362 121 290 348 272 111 54 145 240 123 135 269 317 111 319 186 202 69 264 183 335 323 248 167 120 70 167 193 357 263 222 365 148 232 176 78 151 172 81 239 162 156 289 137 244 333 297 215 157 246 249 61 53 78 226 132 68 300 245 319 219 255 258 227 194 274 72 273 210 155 101 332 340 73 256 157 384 260 156 308 178 365 103 142 346 178 77 241 125 285 212 371 71 93 119 86 45 112 181 331 182 241 322 322 61 246 227 147 120 65 70 331 51 39 191 217 167 250 14 127 194 312 330 264 318 322 251 304 124 229 315 260 146 282 140 53 183 190 91 270 116 132 180 69 344 120 259 125 317 356 235 186 166
 213 123 144 175 263 212 294 58 325 303 152 344 320 45 199 330 257 130 97 269 305 327 258 340 21 155 336 227 328 188 169 335 210 40 338 119 343 316 1 330 110 230 334 287 268 41 162 346 87 290 193 218 345 277 298 402 178 221 226 314 274 25 421 284 317 78 112 329 253 326 339 271 34 225 348 313 83 219 324 294 158 39 71 264 50 274 167 81 206 270 278 106 140 309 234 398 102 211 294 136 253 379 270 307 243 228 272 227 244 158 93 146 263 264 406 80 326 316 125 82 225 99 290 246 248 116 134 192 57 218 285 207 358 296 185 183 182 204 94 346 161 173 267 293 171 329 132 338 266 223 389 137 23 204 306 309 120 172 357 284 249 186 376 376 239 244 23 225 68 60 308 162 181 264 91 237 411 287 18 157 321 158 281 257 227 249 226 142 207 372 175 134 167 336 154 391 125 354 110 358 350 400 235 285 213 320 23 135 128 20 251 294 85 172 252 198 269 290 97 309 353 339 352 248 67 303 195 295 269 47 67 118 89 185 259 312 193 161 57 190 133 262 299 308 151 262 277 202 278 345 260 255 291 104 253 111 270 223 242 336
