NAME : domp280p70v1
COMMENT : (Deleplanque et al.) 
TYPE : DOMP
DIMENSION : 280
DISPLAY_DATA_TYPE: NO_DISPLAY
OPEN_FACILITIES : 70
COST_SECTION
 1 239 257 252 325 265 63 334 93 312 228 176 318 194 268 355 289 158 107 425 268 239 260 299 239 281 322 256 123 196 337 224 256 134 366 130 373 263 203 339 100 42 213 169 152 91 274 359 229 127 347 334 14 98 302 349 222 296 50 339 203 331 360 42 87 305 147 92 266 76 341 408 246 291 267 439 199 72 196 292 306 122 215 25 198 157 194 330 50 87 77 216 220 80 125 266 53 261 340 113 342 103 308 133 403 66 414 138 116 187 344 244 316 357 182 186 347 233 38 114 217 205 392 64 266 322 145 198 175 128 419 249 259 261 284 98 67 223 118 65 261 242 268 258 211 272 277 179 85 336 88 265 349 113 361 86 291 298 73 108 242 354 105 174 250 271 356 380 57 261 398 351 197 78 54 230 277 202 428 110 268 340 110 207 308 237 59 137 38 183 122 287 329 232 36 38 68 380 276 174 55 331 308 297 408 192 279 237 173 247 278 290 276 300 450 396 199 265 313 315 340 243 278 247 95 289 421 67 303 256 209 350 264 74 264 130 161 271 49 302 361 158 105 339 313 250 187 87 322 275 167 79 313 174 288 147 71 422 272 185 22 41 261 264 141 315 308 380 133 239 330 117 265 397 71 275 171 355 342 201
 239 1 362 105 243 420 200 223 205 338 55 186 166 185 69 348 445 272 246 378 381 392 155 396 349 448 344 129 231 231 345 344 50 190 384 268 365 234 194 336 191 231 63 85 100 187 381 227 395 233 129 188 252 159 110 317 368 461 269 214 161 330 378 198 154 183 278 162 243 207 172 371 378 442 243 390 343 173 48 147 434 150 152 259 236 306 165 309 190 205 268 328 402 175 196 278 291 364 147 231 228 314 202 108 362 268 389 278 156 122 169 277 352 124 185 351 234 400 203 331 383 336 366 285 375 127 296 217 93 236 370 209 55 101 374 149 256 118 154 183 108 365 30 86 285 311 254 323 258 346 311 407 316 148 314 301 118 263 235 317 135 200 320 354 316 65 233 361 255 421 386 331 139 225 188 281 448 158 384 135 243 275 143 88 178 98 295 182 209 125 309 326 292 304 226 206 177 375 138 268 186 363 240 442 388 67 427 303 68 48 77 63 433 173 400 325 273 178 307 411 179 12 376 400 220 77 375 207 422 401 266 347 58 288 208 320 137 49 205 76 279 130 136 140 128 407 276 180 332 217 367 207 197 70 460 228 194 393 122 67 254 226 154 171 321 172 346 367 308 288 288 151 441 334 213 190 278 123 358 54
 257 362 1 290 234 87 307 268 191 111 315 177 305 181 336 164 104 106 156 246 22 75 251 43 19 120 119 271 152 134 140 35 340 181 146 130 176 172 175 153 342 297 302 345 336 331 20 299 95 148 393 305 253 237 341 188 63 126 298 285 207 148 142 262 288 271 112 311 164 204 333 225 41 98 165 258 69 249 346 292 75 229 222 243 128 103 201 170 262 334 330 43 124 234 179 124 263 5 358 159 274 184 255 308 226 195 218 121 339 242 341 105 100 427 179 98 276 99 260 191 93 56 204 211 14 352 114 149 271 145 245 186 338 301 31 304 191 258 340 292 295 28 378 311 78 89 163 82 173 137 206 65 189 328 210 194 318 178 189 179 255 321 190 121 59 344 289 191 312 94 195 177 228 189 276 90 126 210 245 265 167 221 248 277 280 284 240 187 242 238 149 89 186 63 227 275 288 177 282 100 263 112 215 91 210 297 83 67 316 332 341 372 97 275 268 253 90 232 147 59 322 358 22 76 347 356 242 211 61 66 99 158 340 199 200 148 227 359 292 378 248 235 276 364 338 85 89 321 132 202 155 327 266 332 135 142 312 228 293 299 242 222 252 238 133 295 96 184 134 87 193 336 128 245 321 231 95 423 135 309
 252 105 290 1 139 360 238 121 182 244 54 123 74 112 50 248 384 219 213 274 310 335 52 318 279 392 249 25 191 158 247 279 61 149 287 227 264 138 117 237 245 261 58 157 164 236 307 130 343 191 110 95 262 155 57 214 310 403 295 114 85 231 281 215 186 81 231 206 147 192 92 268 314 380 147 286 288 182 127 49 363 133 70 265 163 260 93 208 207 253 305 263 357 174 158 187 302 291 90 195 127 295 99 153 258 255 286 234 214 70 94 192 260 139 118 304 132 348 218 313 332 277 263 278 303 74 253 143 81 194 265 115 57 13 295 189 240 36 213 215 10 298 105 24 213 224 157 271 236 249 300 343 213 201 210 286 40 162 217 296 37 111 303 313 237 58 134 258 288 363 284 229 71 206 212 202 394 82 280 148 147 171 144 48 77 17 297 140 216 74 279 237 190 228 226 228 207 274 36 208 203 269 136 377 285 76 364 225 117 59 53 86 373 71 296 221 204 76 209 330 93 96 301 341 271 67 271 197 349 340 192 248 58 276 109 289 97 78 236 90 175 98 158 91 63 350 212 226 236 116 335 252 94 134 405 177 235 289 23 87 260 224 51 69 285 76 255 265 272 207 185 208 389 230 255 87 221 135 261 78
 325 243 234 139 1 319 334 39 234 145 191 150 99 132 183 125 337 217 242 136 253 300 91 245 232 352 145 116 218 145 134 240 198 193 169 241 137 72 124 119 353 348 190 285 288 342 246 68 316 215 199 86 330 237 159 85 279 359 374 58 127 116 165 298 287 66 234 312 76 251 120 130 270 330 75 147 265 266 260 104 300 213 120 328 146 257 134 87 292 356 394 226 339 251 202 111 364 233 155 227 43 325 44 269 121 299 150 243 328 159 129 134 162 242 144 292 43 321 300 341 308 249 129 324 245 159 257 136 193 216 127 78 193 145 225 296 285 136 327 311 137 253 241 159 178 146 73 257 272 136 338 297 84 314 74 323 139 57 264 323 114 97 333 309 176 190 57 127 374 325 153 102 141 255 302 153 357 128 142 246 73 34 233 170 75 148 351 188 290 160 296 152 65 179 291 314 304 147 107 198 289 165 21 323 151 203 316 172 244 197 181 214 329 76 158 84 178 71 100 252 107 234 235 304 374 191 133 259 283 297 160 127 192 317 62 304 175 212 327 212 40 183 259 165 147 313 192 331 128 51 340 353 54 263 367 193 334 152 124 213 324 287 92 77 293 88 160 136 283 152 58 322 357 92 352 58 211 237 149 210
 265 420 87 360 319 1 323 352 226 196 377 240 385 249 404 247 27 149 184 328 71 29 327 97 88 34 202 345 192 204 223 83 404 231 222 158 257 254 245 238 361 306 363 388 376 351 81 384 38 189 467 386 257 276 414 274 53 43 296 369 276 233 220 283 319 352 144 338 247 233 413 307 50 27 248 340 78 280 396 369 57 275 292 245 199 120 268 256 285 350 329 99 62 268 226 208 254 89 435 195 358 170 337 348 309 200 298 147 366 304 420 187 183 498 244 80 360 36 279 168 49 85 286 207 79 427 131 219 327 186 328 265 403 372 106 334 202 326 368 314 367 67 439 380 151 175 247 99 188 220 191 24 275 357 296 185 392 264 210 164 327 403 172 94 144 411 374 273 314 10 274 262 293 215 298 170 40 279 327 305 250 307 290 340 360 353 230 239 261 300 144 175 272 142 243 292 312 257 357 154 288 192 300 35 289 354 18 148 366 396 410 439 14 354 348 339 158 311 233 105 403 417 93 21 359 425 324 238 67 23 172 241 407 194 281 137 285 424 308 446 334 291 314 441 413 16 149 343 217 284 116 342 348 379 49 193 330 308 367 354 246 240 328 316 125 375 179 265 134 169 279 364 43 331 334 311 143 495 216 367
 63 200 307 238 334 323 1 336 123 347 202 192 309 208 242 384 348 203 152 447 319 297 257 349 289 342 356 247 160 224 369 275 227 154 401 178 403 281 218 368 39 33 189 120 104 29 325 357 289 165 319 327 75 99 281 371 278 356 72 338 208 361 395 46 53 302 195 39 286 107 328 432 300 349 286 461 254 71 154 282 361 123 217 87 227 210 201 355 48 29 70 265 281 87 149 295 105 310 320 151 344 165 310 94 426 125 441 187 57 181 330 276 353 322 197 244 349 292 48 176 276 258 418 126 316 301 198 221 158 167 441 262 230 244 331 53 122 215 59 24 246 294 230 238 251 307 297 233 138 368 150 321 371 57 381 148 274 317 119 170 237 346 167 234 291 243 356 407 56 320 428 377 196 119 35 266 337 207 451 92 288 354 102 190 303 222 118 155 66 179 182 323 349 273 82 33 32 411 267 215 49 368 319 355 436 167 337 276 137 218 252 257 335 295 473 412 237 268 340 365 329 206 327 305 44 261 443 98 357 313 244 380 235 136 275 190 160 239 16 270 372 154 81 318 294 309 228 26 354 286 229 22 312 132 348 180 9 449 259 157 84 86 258 265 200 308 345 408 191 274 350 59 326 415 19 280 215 321 376 173
 334 223 268 121 39 352 336 1 246 182 174 163 66 144 158 162 370 241 260 162 287 332 81 282 265 385 183 100 235 168 172 272 175 205 206 262 173 100 139 156 351 353 176 274 279 341 281 33 347 233 165 50 341 241 129 121 310 392 382 20 132 154 202 303 286 41 258 310 106 262 83 160 303 364 105 172 294 270 246 78 336 217 121 340 170 282 141 125 297 357 399 257 369 257 214 145 377 267 120 244 9 345 27 263 150 315 181 265 324 156 92 166 200 208 157 320 14 351 306 361 338 279 162 340 279 126 281 156 187 235 153 97 170 124 261 294 301 127 323 313 116 286 217 138 207 182 106 284 289 174 356 331 120 310 107 341 111 93 279 343 104 59 353 336 209 165 25 162 379 357 187 139 141 268 306 184 390 132 169 246 103 68 235 159 46 132 365 199 298 159 318 189 103 211 301 319 305 182 86 223 294 203 54 358 184 192 350 205 233 176 155 187 363 51 181 105 205 70 138 289 70 213 271 336 375 163 160 270 319 330 188 164 169 334 79 326 177 187 330 183 60 183 258 130 115 346 219 330 165 72 365 354 28 251 400 212 335 182 102 202 335 297 81 72 317 56 198 171 306 184 95 318 389 116 354 60 236 204 186 196
 93 205 191 182 234 226 123 246 1 226 174 85 239 104 210 265 252 86 44 333 206 198 177 232 174 251 235 179 40 105 248 163 204 42 280 69 284 171 111 249 155 124 158 163 151 143 210 273 197 44 287 252 98 51 236 257 176 265 143 253 116 242 273 78 98 221 84 122 174 19 264 316 193 251 174 347 150 59 174 214 253 57 130 95 107 108 106 239 75 150 167 150 200 44 33 176 132 194 270 33 254 115 221 123 311 75 323 80 149 113 269 155 231 306 91 151 259 201 77 133 184 149 301 98 202 255 97 106 118 47 327 157 205 192 213 114 60 148 150 104 190 183 229 194 129 186 184 128 56 247 119 218 257 138 269 106 221 206 37 117 163 272 122 151 170 216 269 289 147 225 309 260 116 25 90 144 249 117 336 80 176 248 66 143 225 168 121 48 62 109 105 201 236 152 58 93 100 291 198 95 76 246 216 253 318 143 236 155 144 195 219 240 239 217 359 304 115 178 222 249 261 204 210 206 166 233 329 28 246 211 123 260 209 96 173 116 86 222 110 250 270 87 89 272 244 212 108 133 233 184 164 144 227 155 261 58 126 331 198 139 91 54 178 178 117 234 223 289 104 153 238 146 241 305 140 188 97 303 255 155
 312 338 111 244 145 196 347 182 226 1 284 168 234 160 293 54 208 159 207 137 125 185 195 108 118 227 11 221 190 126 30 133 303 196 55 190 69 107 150 43 377 347 276 348 343 365 116 211 205 186 332 227 312 257 284 80 170 230 360 201 179 38 49 302 313 198 175 339 98 242 259 116 151 200 98 150 167 279 336 229 165 239 187 305 122 183 178 65 299 374 388 126 233 262 200 61 334 109 291 201 186 267 178 317 116 262 112 185 364 221 268 72 19 372 166 198 186 209 302 279 202 150 96 284 118 290 190 134 257 185 135 131 299 254 92 327 252 221 364 327 247 137 346 267 104 41 89 171 234 28 287 173 81 351 103 272 262 92 240 263 209 240 274 221 70 302 200 82 368 203 92 67 202 235 313 83 234 182 137 279 99 122 262 251 208 245 314 198 286 219 232 28 85 86 277 318 321 73 224 141 299 26 130 191 105 279 188 80 310 298 295 329 204 205 160 145 115 172 46 112 247 331 104 186 390 309 133 252 147 175 104 48 301 273 137 235 219 321 335 331 147 228 293 299 276 195 128 354 22 133 255 368 190 329 242 168 350 122 240 285 302 272 197 179 220 223 18 77 216 75 93 359 237 136 364 165 148 368 31 290
 228 55 315 54 191 377 202 174 174 284 1 139 123 135 41 294 402 231 212 326 334 351 101 347 302 407 291 76 194 182 291 299 31 151 330 231 311 180 143 282 203 229 18 108 117 197 333 182 356 195 120 145 240 136 80 263 326 419 266 166 110 276 324 188 151 134 239 167 189 180 134 318 334 399 189 337 302 158 75 100 387 120 99 245 188 268 115 255 180 214 272 283 365 154 159 225 280 316 120 196 179 288 151 111 309 245 335 240 170 74 134 225 299 133 137 314 185 360 192 306 343 293 313 265 328 100 259 168 58 198 317 155 32 53 325 151 231 64 169 181 59 319 65 41 237 259 200 283 230 292 289 363 262 159 260 277 78 209 208 290 81 159 295 319 266 44 186 307 255 379 332 277 88 197 182 231 408 107 332 120 189 222 121 38 130 44 279 143 194 78 278 274 238 255 208 199 174 321 89 224 176 310 186 397 335 37 383 253 70 21 51 67 390 124 348 274 226 124 253 361 139 47 328 358 231 62 322 183 375 358 217 293 36 265 154 288 95 49 203 77 228 91 126 116 95 366 230 188 278 163 336 214 147 85 420 187 198 339 74 46 240 206 101 118 287 126 293 313 274 237 234 165 401 282 218 137 235 130 304 31
 176 186 177 123 150 240 192 163 85 168 139 1 165 20 164 196 265 98 100 256 196 215 101 211 164 271 176 111 75 47 184 161 165 44 220 108 215 90 28 181 217 202 126 182 177 206 196 191 222 74 231 175 181 95 178 180 190 283 225 172 40 174 214 152 151 141 110 177 95 102 192 241 196 261 95 270 167 122 174 142 249 74 57 179 52 138 31 164 147 217 247 145 235 106 53 109 216 179 206 83 171 185 138 150 235 153 251 114 200 66 198 98 178 259 7 183 176 227 153 203 210 157 228 178 190 194 133 35 96 77 249 74 164 135 189 164 139 88 200 170 130 181 202 141 100 133 106 149 128 184 195 225 180 186 190 180 158 126 117 185 94 195 193 193 132 172 186 218 226 243 240 187 54 107 159 98 273 42 260 114 97 166 98 102 146 114 204 40 142 62 163 149 158 119 142 168 163 224 128 87 145 192 133 259 247 122 245 118 146 158 171 200 253 139 281 222 88 97 152 226 186 182 191 221 235 186 252 110 237 221 81 193 167 173 89 172 54 185 183 207 186 63 128 209 180 229 92 194 170 100 217 212 145 164 285 57 193 258 133 125 175 137 102 98 166 158 171 220 154 105 159 195 268 224 210 105 99 256 194 134
 318 166 305 74 99 385 309 66 239 234 123 165 1 148 99 222 406 257 263 227 325 362 64 326 299 417 237 64 239 186 229 303 117 201 266 271 235 135 147 215 317 330 130 229 236 309 320 62 374 238 102 23 327 221 65 183 338 427 363 51 126 211 261 283 257 37 271 278 144 252 29 225 336 400 143 237 319 249 196 27 377 197 111 328 190 299 136 183 275 325 375 287 392 239 211 187 366 305 58 246 68 348 58 225 215 312 246 277 287 132 37 202 252 144 159 341 73 379 286 366 364 305 227 336 318 62 295 171 152 240 218 121 112 71 304 261 297 96 285 286 66 320 156 83 235 225 149 305 289 231 356 365 181 274 171 341 50 144 274 348 77 39 356 353 248 105 69 225 357 389 251 200 124 263 282 217 421 125 234 218 142 131 212 120 28 89 358 193 281 136 327 236 162 244 289 297 278 245 43 242 272 257 107 395 248 149 385 239 189 120 93 123 397 31 245 170 230 75 192 335 23 156 312 367 343 100 225 258 361 363 214 223 109 333 106 336 158 125 306 119 125 161 229 67 50 376 241 299 220 106 379 324 47 206 432 220 306 247 52 160 324 286 63 71 329 12 248 234 318 219 155 281 418 181 326 76 255 140 243 150
 194 185 181 112 132 249 208 144 104 160 135 20 148 1 157 184 273 111 118 241 201 224 85 213 169 281 168 98 93 48 174 168 160 62 211 124 203 74 12 170 232 219 123 189 185 220 199 173 233 91 220 157 200 111 166 166 199 292 243 153 28 162 205 169 165 123 124 191 79 120 176 227 203 269 80 255 177 138 178 127 254 88 44 198 53 152 22 151 163 233 264 152 248 123 72 100 234 182 192 101 153 203 120 160 220 172 238 130 212 64 182 94 172 250 14 196 157 238 170 220 222 166 214 196 194 181 148 33 99 94 234 56 158 124 190 177 157 78 212 186 119 188 199 132 104 128 91 161 146 174 213 233 166 199 174 198 146 110 135 202 80 177 211 207 132 164 168 205 244 252 227 173 48 125 175 97 283 31 245 127 81 148 111 98 129 105 222 58 159 62 180 144 143 121 160 185 179 212 113 98 162 185 114 266 234 122 253 119 151 153 162 193 262 122 266 205 93 79 140 227 170 180 194 230 250 177 237 128 241 229 83 181 160 191 71 189 61 180 199 199 168 70 140 196 167 239 101 209 160 82 232 228 127 170 295 73 209 244 120 127 194 156 86 81 182 141 165 207 170 104 143 207 278 208 227 86 111 246 185 134
 268 69 336 50 183 404 242 158 210 293 41 164 99 157 1 296 428 259 246 317 356 378 100 366 325 435 298 73 226 204 296 324 20 183 335 263 311 187 162 285 242 269 57 142 153 235 354 160 384 227 80 121 279 174 43 261 353 446 306 147 130 280 329 228 191 119 270 207 197 218 104 312 358 424 196 328 330 197 105 81 410 157 116 284 209 298 137 256 220 253 311 307 396 193 192 236 320 337 82 229 163 325 140 150 302 282 331 272 208 103 101 241 309 98 161 344 168 389 232 342 373 320 309 303 349 62 291 188 96 230 308 164 15 40 343 191 268 79 206 221 48 343 60 27 259 272 206 312 266 298 327 388 260 197 255 314 50 210 245 326 86 132 332 351 284 9 166 305 295 406 331 276 111 234 222 249 436 127 324 160 196 215 160 69 113 53 318 175 234 107 312 286 237 275 247 239 214 321 76 251 216 318 182 422 331 77 408 272 108 26 11 38 417 109 337 262 249 124 258 378 111 59 348 384 270 23 314 221 396 384 238 296 12 303 158 323 128 30 243 43 216 125 166 78 60 393 255 227 285 165 370 254 133 120 448 216 238 334 59 86 279 245 99 117 321 105 304 312 308 255 232 202 430 272 257 134 263 94 310 70
 355 348 164 248 125 247 384 162 265 54 294 196 222 184 296 1 258 207 252 84 177 238 197 155 171 278 46 224 233 161 25 187 308 231 46 237 20 117 174 17 412 388 289 370 368 400 167 187 258 229 323 210 356 290 280 43 224 280 403 181 198 24 43 341 346 188 223 372 109 282 244 63 204 250 109 97 221 314 354 223 211 270 201 350 159 234 200 41 337 410 430 179 287 298 236 90 381 162 279 244 164 317 165 343 63 309 61 234 395 240 253 112 65 364 193 251 163 262 341 329 255 203 42 331 170 282 240 165 277 228 82 142 304 257 142 359 298 232 395 363 249 190 352 271 152 90 97 223 281 28 336 224 44 382 63 322 258 87 284 313 215 219 325 274 122 304 175 29 410 255 45 25 220 278 350 128 285 200 84 309 108 95 293 264 197 252 361 231 326 239 283 81 62 137 320 357 357 29 222 188 336 58 118 240 55 295 239 130 331 305 296 331 254 197 107 99 161 173 46 156 231 340 155 238 427 308 79 292 194 227 148 7 305 321 141 286 244 325 373 330 114 253 323 288 269 247 176 389 36 133 308 405 177 350 293 209 386 71 239 303 347 315 198 180 272 211 69 26 267 120 68 390 289 88 402 163 196 360 34 305
 289 445 104 384 337 27 348 370 252 208 402 265 406 273 428 258 1 174 210 337 85 54 349 104 108 24 214 367 217 227 234 106 429 256 229 183 266 274 268 249 386 330 387 413 402 375 93 402 61 215 490 406 281 302 437 287 78 24 319 388 300 245 227 308 344 372 170 363 267 259 434 316 71 9 268 348 103 305 421 391 52 301 315 269 222 145 292 270 310 374 352 122 79 293 251 226 276 104 457 221 377 193 357 374 319 225 305 173 392 328 441 206 194 522 268 105 378 58 304 190 73 109 295 230 93 449 157 242 352 211 338 286 428 396 117 360 227 350 393 339 390 87 464 404 173 192 266 125 213 231 214 42 288 383 310 208 415 281 236 187 350 423 194 117 162 435 392 283 337 29 281 274 317 240 323 190 34 302 335 330 269 323 315 365 381 376 253 264 287 324 168 189 287 162 268 317 338 265 380 179 313 202 318 22 296 379 22 168 391 421 434 463 14 375 356 352 181 332 248 108 424 442 105 47 383 448 333 264 68 45 194 252 431 218 301 161 309 449 333 470 350 316 339 463 435 41 173 368 229 304 136 366 368 404 37 218 355 315 389 379 270 265 350 337 149 396 191 274 159 188 294 390 44 343 359 331 168 518 226 392
 158 272 106 219 217 149 203 241 86 159 231 98 257 111 259 207 174 1 53 285 121 122 194 148 89 178 169 207 47 75 186 78 258 83 211 31 225 146 110 192 238 196 215 244 233 226 125 272 126 44 328 264 156 133 274 211 97 190 203 254 136 185 206 158 183 229 18 206 144 99 285 266 110 172 145 299 72 144 249 236 170 129 152 148 72 43 127 191 157 231 234 65 139 129 78 125 176 109 301 54 249 113 220 205 262 104 267 28 234 158 291 99 161 355 102 86 253 131 156 128 114 66 247 125 117 290 41 87 179 40 281 145 258 231 130 199 95 184 235 187 226 99 292 237 57 119 150 53 76 185 131 137 211 223 229 116 254 173 87 110 190 283 121 98 94 266 265 234 214 150 249 209 150 85 171 81 178 138 287 162 147 220 146 194 235 209 156 91 138 154 81 133 196 76 125 171 183 230 223 21 159 176 197 172 261 206 157 81 219 250 266 294 162 228 310 269 47 184 170 164 277 269 126 129 244 281 280 106 162 131 63 202 261 115 163 88 137 278 189 302 246 143 172 305 276 136 32 216 173 170 125 223 229 233 190 45 208 277 229 206 146 120 195 187 77 249 153 232 67 88 201 231 172 266 218 188 14 352 190 219
 107 246 156 213 242 184 152 260 44 207 212 100 263 118 246 252 210 53 1 326 169 156 200 198 138 209 217 206 26 101 233 125 242 65 260 28 271 174 122 237 187 145 196 205 193 176 174 289 154 29 320 274 106 94 269 251 134 223 153 270 138 229 254 107 137 240 45 158 174 51 290 308 153 209 175 341 109 98 216 240 214 97 154 99 101 66 128 231 107 180 183 114 158 85 56 166 130 159 300 19 268 86 236 165 304 59 312 38 186 145 295 141 210 343 106 109 273 159 105 104 141 109 291 83 166 286 54 108 157 28 321 166 242 224 181 153 47 178 188 137 221 145 269 227 106 167 183 87 31 232 97 177 251 176 266 82 251 206 35 86 189 294 94 109 145 252 284 278 163 183 295 251 144 34 121 126 207 139 329 122 177 251 108 179 246 201 112 74 87 141 67 181 233 126 74 120 134 277 225 68 109 225 223 212 306 182 195 131 186 232 254 278 197 238 352 304 93 196 212 214 285 245 176 164 193 269 322 57 208 170 106 247 246 76 183 78 120 261 138 287 275 123 130 302 274 170 81 166 219 193 125 172 244 197 219 50 157 321 227 180 96 69 201 197 76 257 202 277 63 134 236 184 198 303 167 203 65 340 238 195
 425 378 246 274 136 328 447 162 333 137 326 256 227 241 317 84 337 285 326 1 259 320 225 234 254 358 129 251 305 230 108 269 332 295 111 314 72 168 230 97 471 455 324 416 416 460 248 174 341 301 324 209 428 350 291 77 306 359 474 178 247 103 112 406 405 199 302 431 163 351 241 22 286 329 162 15 303 377 393 237 289 328 245 422 228 315 251 96 401 472 499 262 369 361 302 162 455 244 279 316 160 396 178 394 23 384 38 312 451 285 249 187 147 367 251 334 156 344 407 409 338 286 43 407 252 287 320 229 322 301 10 189 328 280 223 416 372 268 450 425 272 272 376 294 230 171 151 305 356 111 415 305 77 437 69 400 272 131 356 393 247 210 404 356 204 325 164 56 479 336 60 77 266 349 414 205 366 249 8 365 161 104 351 302 206 282 437 294 394 285 362 163 99 218 390 422 418 74 242 265 400 137 141 319 46 335 319 211 374 332 314 347 335 209 26 60 239 203 116 232 227 369 236 321 490 324 5 360 272 309 223 90 327 398 180 367 296 346 438 344 103 304 379 289 276 329 254 449 118 170 391 468 186 393 373 280 449 31 259 344 419 385 226 209 353 217 152 64 347 199 99 445 370 47 466 190 274 363 113 343
 268 381 22 310 253 71 319 287 206 125 334 196 325 201 356 177 85 121 169 259 1 65 271 36 34 103 132 292 168 154 153 45 360 198 155 143 188 192 195 167 355 308 321 363 353 344 12 319 86 164 414 325 263 253 361 204 59 108 307 305 228 163 151 275 303 291 125 326 184 218 353 238 32 78 185 270 73 264 364 312 54 246 242 252 149 112 221 186 276 347 340 57 116 249 196 143 270 21 379 174 293 189 275 325 239 205 229 133 354 261 361 125 113 448 198 98 295 89 273 194 87 63 217 219 9 372 124 169 290 161 258 206 358 322 37 319 202 278 355 306 316 27 398 331 98 108 183 90 184 150 211 48 205 343 227 200 339 197 201 183 275 341 194 121 79 364 309 203 322 79 205 192 248 202 290 111 110 231 257 281 187 239 265 297 300 304 247 205 255 258 155 105 203 83 239 287 302 188 302 117 277 123 235 71 220 316 65 87 334 352 361 393 80 295 279 269 110 253 164 51 343 377 23 63 359 376 255 225 42 51 119 171 360 206 221 153 246 380 305 398 266 254 292 385 358 72 108 335 147 222 153 339 287 350 118 159 325 239 314 318 252 235 273 258 138 315 109 196 140 107 210 351 113 261 333 251 111 444 146 329
 239 392 75 335 300 29 297 332 198 185 351 215 362 224 378 238 54 122 156 320 65 1 303 97 71 58 193 320 164 179 214 62 378 203 218 130 250 234 221 227 334 280 336 360 348 324 75 364 22 162 443 365 231 248 389 261 26 70 272 349 251 222 214 255 291 330 116 310 228 205 390 299 35 54 229 332 50 252 368 346 73 247 267 220 175 92 243 243 258 323 305 77 52 240 198 191 230 78 412 167 339 146 316 320 300 174 292 119 339 278 398 168 175 473 218 54 341 25 252 147 27 59 278 182 70 403 103 195 300 158 319 243 377 347 100 307 175 301 340 287 342 50 412 355 128 160 229 71 161 211 168 29 262 330 284 161 368 246 183 140 303 382 149 71 127 385 355 265 289 29 268 251 268 187 271 149 60 254 319 277 231 291 262 314 338 327 207 212 234 273 118 162 258 123 216 265 285 251 334 128 260 185 281 59 283 327 41 129 338 370 384 413 42 332 342 327 134 288 220 108 381 390 87 9 333 399 316 211 77 21 149 232 380 169 260 112 258 398 282 420 318 264 286 417 389 16 124 315 206 263 98 315 327 351 71 166 303 302 342 327 220 212 305 293 99 353 170 258 107 149 264 337 57 319 308 289 117 469 208 340
 260 155 251 52 91 327 257 81 177 195 101 101 64 85 100 197 349 194 200 225 271 303 1 276 242 359 200 28 175 125 197 244 112 138 236 208 213 89 85 186 271 276 100 196 200 261 267 101 313 174 144 76 268 165 92 164 279 369 306 81 63 181 231 227 207 46 209 230 99 191 92 218 279 344 98 237 258 193 170 44 324 140 48 269 129 236 73 157 220 277 322 228 331 182 148 141 306 251 110 182 89 285 55 183 208 250 235 214 244 77 98 149 212 180 96 279 94 318 230 302 303 246 213 274 263 102 232 110 106 177 217 68 108 61 253 214 235 47 243 234 53 263 156 74 177 178 108 244 227 199 293 308 163 230 160 279 69 111 212 285 24 96 293 291 195 108 100 208 303 331 233 178 64 201 228 162 362 62 231 167 98 122 157 80 49 58 297 131 223 80 263 191 139 189 230 242 226 223 32 180 217 220 86 340 235 114 329 185 154 109 101 135 339 41 248 175 170 25 159 287 86 146 260 309 295 114 222 198 309 305 156 197 108 270 60 273 100 129 252 137 129 105 179 115 88 318 181 251 186 66 316 275 56 173 373 157 256 239 45 124 264 226 2 18 266 58 207 214 254 166 135 238 359 182 275 36 193 176 211 120
 299 396 43 318 245 97 349 282 232 108 347 211 326 213 366 155 104 148 198 234 36 97 276 1 61 125 112 298 193 166 132 76 371 220 126 172 163 191 205 148 384 339 335 384 376 373 27 312 119 189 418 322 295 277 366 187 94 126 340 300 239 145 124 304 329 290 154 353 183 245 352 213 67 96 183 245 107 290 383 315 58 268 251 285 161 145 234 171 304 377 372 85 149 275 219 140 304 40 381 201 287 223 272 347 216 237 202 163 381 275 361 127 92 454 212 134 288 121 302 229 121 96 192 252 35 376 156 181 306 186 235 209 369 330 24 345 233 288 381 334 323 62 411 340 113 101 179 123 215 129 246 75 188 369 210 235 344 190 231 218 283 337 229 156 82 374 302 180 354 106 178 173 260 231 318 118 134 242 232 305 185 227 288 310 299 314 281 225 284 272 190 94 190 93 269 317 330 162 307 140 305 99 229 86 193 332 86 95 354 364 370 402 102 295 253 251 127 255 150 17 341 391 23 95 389 384 230 253 40 81 131 149 371 240 221 188 263 391 334 407 253 271 316 388 362 102 128 363 129 221 189 369 284 370 140 181 354 212 319 335 284 265 277 261 172 315 91 171 174 112 198 377 139 241 363 252 136 450 123 344
 239 349 19 279 232 88 289 265 174 118 302 164 299 169 325 171 108 89 138 254 34 71 242 61 1 121 126 262 135 122 147 19 328 165 157 112 185 167 164 159 325 280 289 329 320 313 37 296 89 131 384 299 235 220 331 192 53 129 281 281 196 154 153 244 271 265 95 294 160 186 326 233 39 103 161 267 54 232 331 284 86 213 211 225 117 86 190 173 244 317 313 25 117 217 163 121 246 22 351 142 271 167 250 292 233 178 227 103 322 229 334 100 109 417 166 84 273 93 242 175 85 39 212 194 29 343 97 138 257 128 252 179 326 291 47 287 173 247 323 274 285 23 365 300 67 91 160 65 155 144 189 68 193 311 214 177 309 177 171 162 245 316 173 107 58 333 287 199 294 94 205 183 216 171 259 83 126 199 254 248 163 221 232 265 274 273 223 172 224 225 133 93 188 55 209 257 271 187 273 84 246 122 213 99 219 283 88 61 301 320 330 361 99 268 276 257 77 225 150 77 317 344 39 74 330 345 250 194 75 66 88 165 329 182 194 132 213 348 275 367 249 221 259 357 329 83 74 303 138 197 142 309 262 317 137 126 294 238 284 285 224 205 244 230 117 289 104 193 117 82 194 319 126 250 303 224 78 414 144 296
 281 448 120 392 352 34 342 385 251 227 407 271 417 281 435 278 24 178 209 358 103 58 359 125 121 1 233 377 219 236 254 116 435 259 251 183 287 287 277 269 379 322 392 413 400 369 112 417 55 217 499 419 272 301 446 305 82 16 308 402 307 264 248 302 341 384 171 359 281 257 445 337 83 32 281 369 106 303 423 401 75 302 323 260 231 145 299 288 306 367 341 132 64 291 253 241 264 121 468 221 391 182 370 372 339 217 326 173 387 334 453 220 214 529 275 101 393 51 299 177 68 116 316 220 110 459 155 251 356 213 358 298 434 404 137 356 221 357 388 334 398 100 468 411 183 208 280 126 208 251 202 56 307 379 328 198 424 297 232 176 359 436 183 109 177 442 407 303 327 29 303 293 324 238 318 203 11 310 356 330 283 340 315 370 393 384 241 267 281 330 161 207 305 175 262 310 333 286 390 185 309 222 333 45 318 382 40 181 392 426 441 470 24 387 377 371 190 344 266 130 436 446 124 51 375 456 354 261 90 56 204 272 437 209 314 153 314 455 326 477 367 320 338 473 445 43 181 362 248 317 122 359 381 405 17 222 348 337 399 382 262 259 360 348 143 408 210 295 153 202 312 385 23 362 351 343 173 526 246 395
 322 344 119 249 145 202 356 183 235 11 291 176 237 168 298 46 214 169 217 129 132 193 200 112 126 233 1 226 200 135 22 142 308 205 46 200 60 112 157 37 386 357 282 356 351 375 122 211 213 196 336 229 322 266 288 76 178 236 370 202 186 34 39 312 322 201 185 348 103 252 261 108 159 206 103 141 176 288 344 233 169 248 193 315 131 193 186 62 309 383 398 135 241 272 209 68 344 116 294 211 186 277 180 325 108 272 103 195 373 228 270 82 21 375 174 207 186 216 311 288 210 159 87 293 125 294 200 142 265 195 128 137 305 259 98 336 262 227 373 336 252 144 352 272 113 51 93 180 244 19 297 179 77 360 99 282 266 94 250 273 214 241 284 230 80 307 200 74 378 210 82 62 209 245 323 93 241 189 128 288 104 121 271 257 210 250 324 207 296 226 242 38 83 96 287 328 331 63 228 151 309 22 132 196 95 286 194 90 318 304 300 334 210 208 151 140 125 177 46 115 248 337 110 193 399 313 125 261 151 182 114 40 306 282 142 245 227 326 344 336 145 236 301 302 280 202 138 363 19 136 265 377 192 337 248 178 359 113 244 292 312 282 201 183 230 226 24 68 226 84 91 368 244 130 374 169 157 371 22 297
 256 129 271 25 116 345 247 100 179 221 76 111 64 98 73 224 367 207 206 251 292 320 28 298 262 377 226 1 183 142 224 263 85 142 263 218 240 115 100 213 257 268 77 175 181 248 289 114 329 182 123 82 265 159 70 190 296 387 300 96 72 208 257 220 195 61 220 217 125 191 87 244 297 363 124 263 274 187 147 37 345 135 56 267 147 248 82 184 212 264 313 247 345 177 152 165 304 272 96 189 107 290 77 166 234 253 262 224 228 70 91 172 238 157 106 292 112 334 223 308 318 262 240 276 284 84 243 126 91 185 242 92 81 34 276 201 238 34 227 224 26 282 129 47 196 202 134 258 231 225 297 327 189 215 186 282 49 138 214 291 18 100 298 303 217 81 116 234 295 348 260 205 64 203 219 183 379 70 257 156 124 147 149 61 59 33 297 135 219 73 271 215 166 210 227 234 216 250 21 195 209 246 112 360 262 93 348 206 134 83 75 109 357 52 273 199 188 52 185 310 85 119 281 326 282 88 248 197 330 324 175 224 81 273 86 281 96 102 243 111 153 99 167 99 70 335 197 238 212 93 326 263 74 152 391 167 244 265 23 104 262 224 27 45 276 62 232 241 264 187 161 222 375 207 264 63 208 153 238 97
 123 231 152 191 218 192 160 235 40 190 194 75 239 93 226 233 217 47 26 305 168 164 175 193 135 219 200 183 1 78 215 124 223 44 244 39 251 150 97 217 194 158 178 198 187 182 171 264 166 5 299 249 124 87 247 229 141 232 171 245 113 210 238 115 137 215 49 161 150 55 266 287 156 216 151 319 115 98 205 216 216 84 130 118 78 76 103 210 114 188 199 111 173 83 36 145 152 155 277 12 243 111 211 159 283 83 292 48 188 124 271 122 195 323 81 122 248 170 114 128 153 112 271 108 163 264 67 83 140 8 300 141 223 202 174 153 69 155 189 143 199 145 253 206 91 150 160 94 56 214 122 182 229 177 243 107 228 182 52 110 166 269 119 126 132 232 259 258 179 192 276 230 121 46 128 109 218 115 308 115 153 227 100 159 221 179 136 53 97 120 90 165 211 113 88 130 139 258 201 56 115 210 199 217 287 166 201 117 175 214 234 259 205 213 330 281 78 171 192 209 260 229 171 172 203 248 301 63 208 176 87 228 227 100 158 99 100 242 147 268 251 104 126 280 251 179 69 172 200 168 145 181 219 188 230 26 165 301 204 165 115 83 177 172 96 232 187 258 83 117 213 185 211 280 177 178 58 320 221 179
 196 231 134 158 145 204 224 168 105 126 182 47 186 48 204 161 227 75 101 230 154 179 125 166 122 236 135 142 78 1 146 122 207 71 180 97 180 75 43 146 252 228 170 226 220 241 152 199 189 74 265 191 199 132 211 153 155 246 246 181 75 138 174 180 188 156 91 214 74 123 214 213 157 222 75 244 134 155 220 168 207 114 90 194 6 116 69 135 177 250 271 106 207 138 76 72 228 135 234 88 175 181 147 193 207 159 219 99 239 110 221 55 135 296 47 156 179 194 180 197 179 122 197 183 147 224 114 17 142 74 224 72 205 170 144 202 146 125 239 203 164 141 246 179 56 89 83 121 131 145 195 186 153 226 167 180 190 106 128 179 125 210 189 170 87 211 192 185 251 207 205 156 95 120 190 52 238 78 233 154 77 151 137 145 163 152 212 73 166 107 152 106 134 74 161 196 197 188 155 57 176 149 125 219 214 167 207 73 192 200 209 240 216 157 255 204 47 112 118 181 206 226 147 185 267 224 225 132 194 183 36 157 208 175 90 160 100 227 212 246 176 108 167 239 211 194 57 230 131 97 199 245 156 209 250 52 226 227 164 170 191 156 126 116 150 177 128 186 140 60 137 234 235 204 241 115 71 293 155 179
 337 345 140 247 134 223 369 172 248 30 291 184 229 174 296 25 234 186 233 108 153 214 197 132 147 254 22 224 215 146 1 163 307 216 40 217 40 112 163 18 397 371 284 362 358 386 143 198 234 210 329 219 337 276 283 58 199 257 385 191 190 18 34 325 332 193 202 359 103 265 252 87 180 226 103 121 197 300 347 227 189 257 195 331 143 212 191 48 321 395 413 156 262 283 221 76 361 137 286 225 175 295 171 333 87 289 83 213 382 232 261 94 41 369 181 228 174 237 324 307 231 180 66 311 146 287 218 151 269 209 107 137 303 257 118 346 278 228 382 348 249 165 351 270 130 68 92 200 261 4 315 200 60 369 81 300 261 88 265 291 213 230 303 250 99 304 187 53 392 231 64 42 213 260 335 108 261 193 107 297 103 107 280 259 202 250 341 217 309 231 260 57 70 115 302 340 342 45 224 167 321 36 123 217 76 289 215 108 323 303 297 331 231 201 130 120 141 173 39 134 239 337 131 214 412 310 104 275 171 203 128 19 304 300 139 264 234 324 357 332 130 243 311 295 273 223 155 374 16 133 285 389 183 342 269 192 371 93 240 296 328 297 198 180 249 218 45 48 245 100 78 378 265 110 386 164 175 365 16 300
 224 344 35 279 240 83 275 272 163 133 299 161 303 168 324 187 106 78 125 269 45 62 244 76 19 116 142 263 124 122 163 1 325 158 174 98 201 173 164 174 311 265 285 321 310 300 51 304 77 121 385 304 220 210 332 205 40 125 265 288 195 168 170 231 259 270 81 282 167 174 331 248 36 102 168 282 37 220 324 287 93 205 210 209 117 70 188 186 231 303 297 17 103 206 154 131 229 39 353 130 279 150 256 282 248 162 244 89 310 225 338 107 126 417 164 67 281 82 228 157 71 22 228 177 42 345 81 137 251 118 267 183 324 291 64 276 158 246 311 261 285 22 362 299 68 103 168 48 140 160 172 65 206 299 227 160 310 187 157 145 246 322 156 90 69 331 295 214 279 88 221 197 213 158 246 89 120 198 269 239 170 232 222 262 278 272 206 165 210 222 115 108 199 62 195 243 258 203 275 77 233 139 221 99 235 278 86 69 294 318 329 359 95 272 292 270 76 229 163 92 321 340 56 66 315 344 265 181 84 62 90 180 327 165 199 115 208 345 261 366 259 215 249 359 331 75 70 290 153 203 125 295 267 309 131 118 281 254 285 279 208 191 246 233 99 293 120 208 99 89 206 307 118 263 289 229 69 413 160 291
 256 50 340 61 198 404 227 175 204 303 31 165 117 160 20 308 429 258 242 332 360 378 112 371 328 435 308 85 223 207 307 325 1 180 346 260 324 197 166 297 225 255 47 124 135 219 358 178 384 224 93 139 268 165 62 274 353 447 293 165 133 291 340 216 177 136 268 191 206 210 123 327 360 425 206 344 329 186 87 98 413 149 121 273 212 296 139 268 207 237 296 309 394 183 188 245 308 341 101 225 180 318 156 135 317 274 345 269 191 102 120 247 318 104 163 342 185 389 220 335 372 321 323 294 353 81 288 192 87 227 324 173 6 54 348 175 260 84 189 207 62 346 45 39 262 280 216 311 259 308 318 389 273 181 269 306 68 222 238 320 95 151 324 348 290 18 184 318 281 407 344 289 113 227 209 254 435 130 339 148 206 230 150 65 130 59 308 171 223 106 307 294 250 279 237 226 200 334 91 251 203 328 196 424 345 65 410 277 92 10 29 37 417 125 353 278 251 136 269 384 130 40 352 385 253 35 330 213 400 385 242 307 10 295 169 318 124 21 229 48 232 120 153 96 79 393 257 211 295 176 365 238 149 103 448 215 223 348 74 73 268 235 111 129 316 123 312 325 304 260 245 185 430 288 242 147 263 101 321 56
 134 190 181 149 193 231 154 205 42 196 151 44 201 62 183 231 256 83 65 295 198 203 138 220 165 259 205 142 44 71 216 158 180 1 250 81 250 131 70 215 183 161 135 166 157 171 200 232 207 45 256 213 139 62 204 219 179 272 183 212 76 207 243 112 119 180 90 145 134 59 227 279 191 254 135 309 154 85 168 177 249 49 91 137 74 118 66 202 108 181 206 143 215 68 11 141 173 183 236 48 213 149 179 129 273 113 288 90 170 82 232 124 204 280 49 164 218 211 113 167 194 148 265 137 193 222 109 68 98 48 289 116 180 160 199 133 98 114 170 133 157 179 211 163 109 158 145 134 90 215 156 219 219 157 230 142 187 166 75 149 126 233 157 169 148 189 228 254 185 232 274 224 80 65 121 117 259 77 299 87 137 207 70 116 185 137 162 10 100 77 131 174 198 131 99 128 127 257 161 82 107 218 175 254 283 124 239 133 137 171 191 216 244 177 321 264 95 137 187 235 223 188 198 211 197 205 291 68 239 213 97 227 184 133 132 141 57 199 144 225 229 62 100 238 210 218 92 160 201 142 188 175 186 152 271 40 157 295 163 124 132 95 139 138 138 195 196 255 126 126 199 165 252 265 172 146 90 277 224 137
 366 384 146 287 169 222 401 206 280 55 330 220 266 211 335 46 229 211 260 111 155 218 236 126 157 251 46 263 244 180 40 174 346 250 1 242 43 151 201 52 431 401 323 399 395 419 144 231 239 240 366 255 365 311 321 88 207 251 413 226 228 56 7 356 367 230 226 393 142 296 288 90 184 221 142 120 210 333 386 265 180 293 234 358 176 232 229 83 354 428 442 171 269 316 254 112 386 143 323 255 209 316 208 369 95 314 77 236 417 271 297 126 52 407 218 240 207 242 356 326 238 193 71 335 149 325 239 187 307 238 113 176 342 296 119 381 305 267 418 381 288 172 390 309 156 95 131 216 287 39 336 200 89 404 107 322 299 126 294 311 252 264 323 263 119 343 220 60 422 231 53 70 251 289 367 137 259 231 108 332 142 140 316 298 240 289 365 252 340 269 281 80 105 137 331 372 375 38 263 194 353 37 160 210 68 328 212 131 361 342 336 370 228 239 128 140 168 212 79 123 275 376 132 217 444 349 107 306 163 204 158 44 343 323 178 283 271 363 389 371 159 280 346 332 311 225 181 408 53 171 298 422 220 380 265 222 404 87 279 335 355 326 237 219 267 254 60 50 264 128 112 413 264 128 418 203 199 403 27 338
 130 268 130 227 241 158 178 262 69 190 231 108 271 124 263 237 183 31 28 314 143 130 208 172 112 183 200 218 39 97 217 98 260 81 242 1 255 170 126 222 214 169 216 231 219 203 148 292 129 38 335 280 127 119 283 240 107 197 174 274 147 215 236 134 164 246 19 185 169 78 299 295 126 183 170 328 82 125 241 250 187 120 164 118 96 39 137 220 134 206 205 88 135 111 74 154 145 133 312 39 270 86 239 191 292 73 298 11 214 162 305 128 191 360 114 85 274 134 131 101 116 82 277 95 139 299 29 107 177 34 310 166 260 239 156 180 65 192 215 164 235 118 290 243 87 150 177 60 46 215 102 150 240 203 257 86 264 199 60 83 200 300 94 89 124 270 286 264 185 157 279 238 157 61 148 111 182 149 316 148 172 246 133 196 252 216 125 90 113 157 57 163 224 106 98 146 161 261 235 51 136 206 221 185 291 203 168 111 210 251 271 296 171 245 339 297 77 201 200 188 293 267 150 138 218 286 310 84 181 143 92 232 264 84 184 66 137 280 163 305 271 142 157 315 287 144 63 193 203 192 110 198 248 222 194 53 183 307 239 202 116 94 209 203 59 264 183 262 47 118 228 211 174 295 192 207 44 357 220 216
 373 365 176 264 137 257 403 173 284 69 311 215 235 203 311 20 266 225 271 72 188 250 213 163 185 287 60 240 251 180 40 201 324 250 43 255 1 135 192 35 430 407 306 389 387 419 177 195 270 247 335 222 374 309 293 53 237 289 422 192 216 43 42 360 365 201 241 391 127 301 255 51 216 258 127 84 235 333 372 237 219 289 219 368 177 251 218 57 356 429 449 194 299 317 255 109 399 173 291 262 174 334 178 362 54 327 44 251 414 258 264 130 77 377 212 266 172 274 360 346 268 218 30 349 181 295 257 183 295 246 72 160 320 272 152 378 316 249 414 382 264 202 368 286 169 107 115 239 299 42 354 234 54 400 68 339 272 103 302 330 231 229 341 288 138 319 184 18 429 265 26 36 238 296 369 146 295 218 70 328 126 105 312 281 210 268 379 250 345 257 299 96 75 153 338 376 376 11 237 206 355 66 131 248 37 313 248 147 349 321 311 345 264 210 93 98 179 189 65 162 242 357 166 250 446 323 68 310 201 238 166 24 320 338 158 303 262 340 392 345 121 271 342 300 282 258 193 408 53 149 323 424 189 368 302 228 405 54 254 321 365 333 214 196 288 224 82 9 283 138 81 409 299 86 421 178 213 373 42 323
