NAME : domp260p130v2
COMMENT : (Deleplanque et al.) 
TYPE : DOMP
DIMENSION : 260
DISPLAY_DATA_TYPE: NO_DISPLAY
OPEN_FACILITIES : 130
COST_SECTION
 1 30 78 264 119 169 119 56 148 83 56 214 89 135 78 172 130 278 162 162 151 211 94 181 69 214 272 190 182 152 178 114 150 237 45 206 55 64 135 235 233 101 209 123 195 141 61 180 149 70 29 243 127 116 151 202 124 133 231 141 204 144 275 227 168 202 234 109 183 235 249 180 207 178 121 92 210 261 129 61 66 179 167 157 88 253 98 247 61 161 205 118 145 43 234 150 163 61 136 113 163 201 167 188 166 96 268 166 71 119 15 176 211 203 230 191 147 122 213 193 200 147 216 160 114 89 178 220 104 130 135 86 154 122 135 147 115 114 99 148 139 212 96 177 194 115 105 140 123 251 202 149 95 175 104 299 184 68 171 172 104 148 189 234 124 144 234 148 209 73 88 128 174 159 152 171 154 205 132 40 247 177 238 66 284 104 233 88 123 148 201 192 156 192 155 170 192 178 137 100 313 135 105 65 58 148 106 124 71 244 225 139 190 151 164 155 166 251 37 275 120 243 202 69 60 261 67 214 126 312 145 253 105 276 185 154 179 251 252 152 111 149 213 95 32 140 180 143 211 211 101 164 151 114 173 123 50 117 113 244
 30 1 79 241 119 155 145 80 164 54 33 236 87 163 50 154 137 252 191 187 141 213 73 154 41 236 274 172 177 135 150 96 122 230 65 220 30 66 142 211 261 83 234 147 187 124 84 188 178 95 58 254 155 93 180 177 97 127 219 161 223 116 249 199 140 222 240 81 156 241 241 179 201 202 148 84 229 234 133 71 75 205 163 185 64 229 94 245 34 162 215 122 119 36 235 178 148 65 164 139 178 182 139 160 194 74 279 160 66 137 17 152 185 181 242 204 130 143 188 221 188 168 232 133 86 67 196 200 78 156 109 111 127 151 108 133 111 86 97 173 163 234 116 155 180 139 76 167 146 240 174 121 80 198 90 306 188 68 184 201 99 140 216 249 149 143 246 134 237 101 110 110 145 150 127 187 181 182 150 37 235 205 234 49 290 126 213 115 137 120 181 175 143 205 145 191 164 187 158 76 322 164 131 84 44 142 83 145 87 218 214 111 186 138 192 140 149 260 63 285 142 233 230 60 57 240 39 200 99 319 173 255 90 279 203 166 159 246 232 144 90 157 197 105 59 114 186 135 195 239 92 189 177 119 153 139 21 98 98 230
 78 79 1 306 42 231 116 125 100 107 64 276 163 158 88 227 206 310 189 154 81 287 67 203 89 279 348 133 254 210 191 171 137 307 54 280 104 139 211 275 241 159 266 185 122 87 131 257 189 77 80 318 171 88 183 240 157 60 162 104 273 135 303 248 188 268 310 123 165 311 319 255 278 238 173 161 279 287 55 137 142 231 91 193 133 289 171 321 101 85 282 194 181 112 310 189 224 137 172 111 237 146 176 176 210 147 344 91 142 83 72 217 242 248 304 266 205 190 247 195 131 118 289 140 130 138 248 271 96 130 118 149 145 156 163 86 188 117 24 209 128 276 73 225 256 178 112 188 190 317 213 169 48 237 168 376 261 11 247 199 176 218 235 307 183 219 309 86 219 123 156 80 182 228 125 243 201 248 91 43 312 211 311 126 360 170 284 144 70 141 253 132 90 267 84 236 211 255 109 83 389 171 162 51 121 220 153 193 146 271 292 162 263 87 203 216 109 327 106 351 187 311 223 138 133 310 86 276 155 389 194 329 167 353 255 229 131 323 303 222 161 225 149 38 99 124 257 72 270 248 170 219 204 42 226 196 88 73 175 306
 264 241 306 1 336 122 382 282 402 200 243 379 205 386 219 103 236 42 408 424 323 228 252 117 218 371 255 307 172 123 138 154 205 158 305 310 212 226 237 32 486 167 394 323 363 284 282 251 383 333 291 308 360 245 393 67 150 327 368 400 344 200 62 92 130 354 269 187 211 265 158 201 168 364 345 190 346 63 354 244 241 384 361 393 179 30 199 207 210 372 274 223 126 226 227 384 124 230 376 376 289 304 155 196 390 170 321 351 209 377 256 90 71 63 310 290 128 306 63 452 349 408 324 216 180 176 320 57 221 392 219 306 197 369 144 301 192 198 315 343 402 373 357 89 110 318 200 363 313 129 131 144 274 353 171 307 229 297 279 415 190 162 404 333 332 198 314 304 462 317 291 273 151 154 234 305 376 60 389 271 123 411 190 199 296 304 51 319 373 195 74 315 315 295 329 337 116 259 398 235 339 376 327 324 209 176 159 305 261 66 131 149 178 308 395 128 296 297 279 315 311 140 447 204 218 31 221 107 152 319 366 238 167 257 324 268 282 188 44 166 154 248 335 340 279 217 239 325 92 436 183 365 362 346 99 279 224 268 160 105
 119 119 42 336 1 269 131 164 90 138 99 311 204 181 119 263 247 336 211 162 55 328 86 227 122 314 389 115 294 247 212 208 151 347 90 319 142 180 252 304 252 197 298 222 86 80 170 298 217 105 118 359 201 100 208 269 187 30 130 101 311 151 326 270 212 305 351 150 172 352 358 296 318 272 206 201 316 311 21 179 183 263 51 219 168 317 212 362 138 44 322 236 212 152 351 216 262 178 200 127 277 129 196 185 238 184 384 55 183 86 113 248 269 280 344 306 242 228 275 205 100 119 328 149 157 174 287 305 117 145 132 186 160 183 192 71 228 140 23 244 138 311 87 259 294 214 137 219 227 355 232 195 63 272 207 417 302 52 287 221 216 257 263 346 219 260 349 69 232 158 195 80 201 267 131 282 231 279 87 84 351 236 351 165 401 208 318 179 62 157 287 111 68 307 55 273 234 295 112 103 429 198 196 80 161 260 188 231 186 296 330 188 303 69 230 254 95 368 145 392 224 350 241 178 174 342 119 314 185 430 225 370 205 394 293 270 121 364 336 262 197 266 124 46 139 136 298 44 306 272 210 252 237 23 261 236 125 78 213 343
 169 155 231 122 269 1 281 171 316 138 171 258 91 275 157 27 115 154 293 320 276 122 197 128 151 251 168 283 61 27 146 62 187 87 213 193 128 117 116 105 373 73 272 204 322 244 170 135 266 235 192 198 244 202 278 92 104 270 342 310 224 179 165 148 128 234 164 142 210 161 97 87 71 242 228 80 226 154 285 132 128 263 308 277 104 128 83 123 133 311 160 102 90 128 131 267 8 120 261 275 168 286 153 201 271 87 216 301 102 287 167 76 112 71 197 172 30 185 106 343 316 314 207 202 137 97 199 66 175 288 190 191 182 256 109 260 73 158 247 223 301 252 264 53 26 200 154 245 193 88 159 126 216 232 67 216 115 221 159 300 75 41 284 218 213 77 201 262 349 207 175 231 155 33 212 184 257 79 301 190 83 294 107 107 202 186 76 205 290 177 50 290 273 176 282 215 136 142 304 186 244 261 211 234 113 55 86 184 147 143 64 122 71 266 277 16 265 192 173 213 191 84 332 101 113 106 153 46 109 229 248 148 66 171 204 148 261 113 94 45 76 127 312 259 175 192 123 274 44 317 72 244 242 272 36 158 145 221 58 76
 119 145 116 382 131 281 1 115 74 196 156 207 192 56 184 287 206 396 84 43 185 288 178 297 179 214 345 243 278 267 290 231 247 336 82 244 173 166 210 354 126 218 188 134 212 201 119 247 98 51 92 289 92 200 85 320 241 160 258 55 221 244 393 343 282 210 296 220 277 299 348 267 303 170 106 202 226 378 123 152 157 150 174 97 207 372 201 333 177 153 263 204 263 158 313 98 275 162 82 7 208 257 277 286 120 214 314 182 180 52 129 295 329 321 272 239 262 151 331 81 229 45 249 252 226 208 204 336 202 15 229 112 254 68 252 197 215 219 130 147 21 210 45 294 305 129 211 110 145 356 314 263 163 174 217 357 261 116 223 93 209 253 144 265 126 236 275 196 104 83 130 195 284 264 239 206 118 323 60 125 353 111 328 184 343 132 349 98 78 249 317 240 197 237 185 182 307 241 40 192 360 81 107 69 175 247 225 154 144 362 330 254 284 197 109 268 221 304 109 325 143 346 111 182 169 378 176 324 242 368 116 330 220 349 209 211 244 342 368 254 229 217 254 87 107 234 252 174 323 146 210 146 130 110 289 173 164 187 227 353
 56 80 125 282 164 171 115 1 168 129 110 158 81 105 129 182 95 303 127 152 203 178 149 218 119 159 238 245 164 162 219 130 201 222 76 156 94 57 99 256 204 118 155 68 246 196 7 141 106 79 47 196 82 171 113 227 159 183 284 156 150 194 304 261 206 146 193 156 235 195 234 154 189 123 72 94 156 290 170 40 44 127 215 115 121 277 90 221 104 205 162 90 175 66 203 106 166 54 96 110 114 256 211 238 118 121 222 215 75 137 70 200 239 221 181 144 157 67 239 173 253 154 165 212 159 119 124 232 157 120 188 32 205 87 171 202 103 164 148 94 135 157 113 194 195 60 154 91 68 243 243 189 150 119 112 258 151 117 125 135 98 140 139 183 70 122 186 202 181 36 33 183 217 152 206 119 105 225 151 95 240 135 215 91 243 48 243 39 151 198 213 247 209 144 207 115 229 137 145 154 268 96 54 93 82 134 134 69 30 274 216 179 171 205 119 160 221 207 21 230 65 232 167 80 65 273 118 212 163 270 96 221 116 242 131 109 235 229 262 141 135 109 267 130 27 193 144 195 214 165 102 110 99 154 185 73 97 172 123 241
 148 164 100 402 90 316 74 168 1 204 161 280 234 129 187 316 261 408 154 86 141 345 165 302 186 287 404 201 325 298 290 259 234 382 104 311 193 207 266 371 173 246 261 203 155 169 172 307 171 89 129 356 164 183 157 336 253 117 201 20 292 233 402 347 287 281 358 222 259 361 394 319 350 242 177 239 297 386 73 198 203 223 117 169 225 387 243 387 193 93 326 255 277 189 370 171 309 204 155 75 273 216 275 271 193 237 381 128 217 32 151 313 340 343 339 304 292 217 345 127 176 38 317 235 229 229 273 363 195 84 215 175 243 140 261 160 259 217 101 218 68 282 56 318 341 197 211 183 212 398 312 268 144 246 250 421 317 107 287 162 250 294 216 334 196 285 343 158 157 143 190 168 281 305 218 273 191 343 18 132 394 181 379 211 407 197 376 162 32 239 344 196 155 303 139 252 310 302 37 182 427 154 175 83 204 292 245 220 196 370 371 260 333 157 181 301 183 369 155 391 210 389 173 216 206 403 183 360 253 433 188 388 251 409 279 272 209 393 395 297 252 275 205 64 150 220 310 130 357 215 248 219 203 70 316 235 179 164 259 390
 83 54 107 200 138 138 196 129 204 1 44 280 103 216 21 127 161 206 244 238 140 225 61 102 19 278 283 152 176 113 97 77 76 221 114 251 37 95 165 169 314 70 280 193 186 109 132 209 230 145 111 279 207 68 233 134 51 135 208 204 262 69 200 148 88 263 258 28 110 257 232 187 197 248 199 90 266 185 156 108 110 254 172 238 35 184 107 247 26 178 238 143 75 67 244 230 130 96 217 189 210 158 86 111 245 53 302 164 84 181 70 111 138 143 269 233 109 186 142 273 180 214 264 89 32 44 233 167 42 207 68 160 78 204 59 124 120 37 117 219 213 276 162 121 161 185 28 218 190 224 121 69 81 242 85 322 203 98 213 254 107 137 267 280 197 153 274 126 290 153 155 95 92 144 90 223 232 143 192 74 219 258 233 53 306 172 180 166 174 71 150 157 137 235 146 233 112 211 204 50 342 216 181 130 59 145 53 187 127 169 201 60 187 130 244 122 131 281 114 306 187 220 284 74 82 205 22 181 50 335 223 263 81 288 240 195 133 243 199 143 63 182 180 141 111 72 204 138 171 291 95 237 227 147 124 176 34 85 87 209
 56 33 64 243 99 171 156 110 161 44 1 268 115 183 29 165 168 249 213 198 112 241 41 144 26 268 302 140 200 148 135 110 96 251 75 252 46 97 172 212 278 99 264 177 159 92 115 218 203 107 80 285 180 62 203 177 94 102 188 161 256 91 243 190 129 254 270 65 129 271 262 206 224 233 176 108 261 228 116 103 107 234 139 210 70 227 121 270 40 141 246 152 118 65 263 203 164 96 188 150 210 150 122 135 220 85 310 133 93 138 42 154 181 185 274 236 144 175 185 235 158 172 264 105 71 76 228 208 50 169 81 141 102 174 102 102 137 64 77 203 173 265 121 162 196 169 56 194 177 258 159 110 50 229 110 336 217 55 216 223 124 162 244 281 179 170 278 104 254 127 141 78 128 171 97 220 208 185 149 32 253 230 258 69 320 158 221 143 131 96 190 144 113 237 117 223 153 218 162 45 353 188 160 89 68 167 90 177 119 211 233 101 210 107 217 156 117 291 92 315 174 252 251 86 87 246 23 216 93 349 200 282 108 306 235 197 127 270 240 168 99 188 166 98 87 86 215 107 208 264 115 219 206 105 163 171 29 66 116 245
 214 236 276 379 311 258 207 158 280 280 268 1 192 155 284 280 145 411 140 215 356 175 307 352 273 13 206 402 213 264 360 251 355 255 223 85 244 188 144 362 197 243 29 92 396 353 154 136 112 208 199 122 117 328 130 342 297 334 437 262 42 347 419 389 343 27 153 305 388 159 264 186 227 40 107 211 43 407 311 173 172 60 361 118 262 385 195 223 255 346 125 161 305 214 194 113 257 186 126 206 92 413 355 389 93 254 138 364 203 254 227 318 359 326 106 99 261 95 356 202 406 249 78 367 307 257 60 323 313 200 343 130 357 141 309 358 194 316 298 68 218 9 235 302 272 101 306 98 92 288 382 329 306 40 229 190 160 269 103 137 201 218 78 85 94 183 106 358 184 154 128 341 361 227 362 75 91 333 265 251 289 116 229 232 181 111 331 133 277 350 307 403 364 95 359 48 364 126 246 311 179 128 116 232 224 204 267 93 153 394 268 320 211 360 107 255 377 142 178 153 95 273 153 213 201 360 273 280 302 196 92 201 235 208 57 112 392 242 346 214 263 132 423 269 183 348 149 347 292 106 213 62 78 296 287 109 251 329 238 299
 89 87 163 205 204 91 192 81 234 103 115 192 1 185 116 104 59 230 204 231 226 128 152 161 105 188 188 251 93 84 169 60 176 149 131 151 73 28 63 182 283 51 200 121 272 204 80 107 179 149 106 177 156 167 189 155 107 213 302 226 167 168 234 199 152 171 158 124 208 157 161 93 118 168 141 19 171 221 216 42 38 183 249 189 76 204 10 160 83 247 136 41 114 52 150 179 86 31 172 186 112 258 167 206 186 64 200 246 22 204 92 130 171 145 168 131 79 105 169 253 272 228 164 190 123 68 139 153 143 198 170 101 176 166 119 216 26 138 183 143 212 187 180 119 115 115 129 159 112 166 191 139 164 159 39 222 104 152 112 211 18 62 202 180 129 57 172 217 259 116 87 190 171 73 192 126 172 151 218 121 162 207 149 51 207 100 164 115 211 169 134 255 227 134 231 146 172 108 218 148 241 172 123 152 48 59 76 105 57 206 139 130 102 221 190 80 228 179 84 204 110 156 243 31 31 194 107 133 112 236 162 169 44 193 145 95 233 162 183 64 72 80 278 183 87 174 102 220 134 232 24 164 159 201 108 84 88 178 48 162
 135 163 158 386 181 275 56 105 129 216 183 155 185 1 209 286 183 405 32 64 234 259 213 314 202 163 312 289 261 266 312 234 278 317 112 202 187 162 186 360 101 221 134 95 265 244 106 215 44 82 107 248 45 236 30 329 256 209 310 110 174 273 406 359 301 161 261 243 311 264 329 245 284 119 63 198 179 391 175 145 148 97 226 41 219 380 193 307 194 207 227 185 275 165 284 43 270 158 30 57 171 303 301 318 65 222 271 233 179 107 147 303 340 325 230 200 261 115 341 70 280 96 205 286 248 218 161 336 232 46 262 88 284 22 268 243 205 246 176 101 64 159 95 298 298 93 237 61 108 342 336 283 202 125 217 317 233 156 187 42 202 242 89 220 85 219 233 242 77 71 106 236 307 253 274 166 65 329 115 155 340 56 305 191 305 101 348 73 133 278 317 288 245 198 234 136 325 208 93 224 317 29 73 108 181 233 234 118 130 375 316 273 265 243 53 264 266 264 109 284 107 330 69 184 169 378 200 315 258 327 65 299 220 316 165 178 288 319 367 242 236 189 303 136 110 267 223 223 317 92 206 96 80 161 290 142 183 227 227 342
 78 50 88 219 119 157 184 129 187 21 29 284 116 209 1 148 172 223 238 226 120 240 41 116 12 283 299 136 194 133 108 97 73 240 103 261 45 103 177 188 305 88 282 195 166 91 133 222 226 134 104 291 203 52 227 153 70 115 190 188 268 67 216 162 102 268 272 37 107 272 251 203 216 251 197 105 273 201 137 114 116 254 152 234 54 202 121 264 34 158 250 156 94 73 260 227 150 104 212 178 219 143 94 111 243 72 315 145 95 165 64 130 155 163 280 243 129 190 160 262 162 199 273 84 44 62 240 187 30 196 61 160 77 199 76 105 135 38 97 221 201 281 148 141 181 187 29 216 193 244 131 83 61 245 102 337 218 81 223 248 122 155 265 290 198 169 285 107 281 149 158 77 101 162 80 231 230 162 175 60 239 254 251 66 321 175 200 164 157 71 170 141 118 245 126 238 125 223 189 34 356 212 181 117 69 162 73 192 132 185 220 75 204 111 240 142 114 294 113 319 190 240 277 86 91 224 12 201 68 350 222 279 99 304 247 205 119 262 219 160 83 194 164 124 108 65 217 118 191 287 111 238 226 128 145 183 34 67 105 229
 172 154 227 103 263 27 287 182 316 127 165 280 104 286 148 1 136 132 307 328 265 148 187 103 142 273 193 267 87 21 122 59 168 108 215 218 125 126 137 82 385 72 293 221 310 231 181 160 281 240 196 224 258 189 291 66 87 262 327 312 247 160 140 121 104 256 190 127 189 187 116 113 96 262 243 89 250 129 280 143 140 282 299 292 96 105 96 147 127 304 186 121 69 131 157 282 25 129 274 281 191 269 130 179 287 81 242 291 109 289 167 50 86 47 223 197 27 204 80 354 302 318 232 183 122 90 222 51 162 295 174 204 163 268 90 247 90 143 241 241 307 274 267 26 39 216 140 261 211 101 134 104 207 252 71 242 141 218 183 314 88 64 302 243 230 100 227 250 361 217 189 218 132 58 194 207 273 54 302 187 95 309 130 107 228 202 63 217 289 158 32 274 261 201 271 236 111 167 307 174 270 274 225 235 115 79 76 203 160 118 81 102 97 254 292 26 250 218 181 239 209 100 346 106 120 93 145 56 92 255 264 173 69 196 227 170 244 136 82 69 67 151 297 258 182 174 148 264 45 334 81 263 260 268 9 178 140 209 61 84
 130 137 206 236 247 115 206 95 261 161 168 145 59 183 172 136 1 267 194 239 276 85 207 213 162 139 145 306 81 120 224 111 234 136 165 93 128 72 6 218 273 106 158 97 322 258 90 52 163 173 136 119 144 223 177 198 163 261 355 249 114 226 275 247 206 122 105 182 266 106 148 63 103 129 125 75 118 263 257 70 65 151 296 174 134 241 57 128 139 290 79 19 166 103 109 164 113 72 162 201 57 314 223 263 163 121 144 294 78 230 137 175 216 182 110 73 117 76 212 252 324 247 107 248 181 126 88 180 200 208 228 97 234 162 174 269 51 196 228 111 225 139 206 158 131 94 187 140 84 163 244 194 216 118 90 171 57 196 55 199 61 75 173 122 107 41 114 270 251 124 79 244 227 85 249 73 150 188 244 167 162 189 124 108 155 83 189 112 243 227 164 310 279 76 281 101 224 52 238 204 186 162 111 184 104 62 132 74 66 250 138 186 84 273 171 111 283 124 109 149 83 150 229 88 82 219 162 143 168 184 141 128 96 149 93 38 290 138 205 72 126 22 332 220 114 231 52 270 151 207 74 133 133 241 143 47 142 233 97 167
 278 252 310 42 336 154 396 303 408 206 249 411 230 405 223 132 267 1 429 438 317 266 251 110 224 404 295 293 209 149 128 174 196 199 316 345 224 248 268 50 505 186 424 349 354 277 303 287 406 346 306 346 383 240 414 77 157 324 353 409 377 192 23 72 125 387 308 188 194 304 199 237 206 393 369 213 380 31 355 266 263 411 356 416 190 27 224 248 220 369 311 252 134 242 267 407 155 251 397 390 321 288 145 178 414 185 360 345 230 386 268 104 69 86 347 325 153 333 66 469 337 419 359 205 181 190 353 93 220 406 212 329 186 389 148 294 220 197 316 371 415 405 367 112 146 344 200 387 340 170 114 143 274 383 193 348 266 302 313 437 216 194 430 369 357 230 351 297 481 336 315 268 140 186 223 338 400 80 397 278 165 435 230 215 336 329 90 340 378 186 105 302 307 329 323 367 105 294 408 234 379 397 350 334 225 209 173 332 284 43 171 150 215 301 418 157 286 336 297 354 338 181 469 223 238 72 227 146 157 360 391 278 188 298 357 301 268 229 85 198 170 281 320 346 297 209 274 320 129 461 207 392 388 348 125 308 234 264 183 146
 162 191 189 408 211 293 84 127 154 244 213 140 204 32 238 307 194 429 1 78 264 265 243 341 230 150 314 320 273 287 339 256 308 329 142 198 213 183 196 382 81 244 116 100 295 275 127 220 34 113 135 244 51 266 17 353 282 240 340 135 165 303 430 385 328 150 261 271 341 266 340 255 296 108 69 219 170 416 205 165 168 81 256 24 245 403 212 314 222 236 227 199 300 189 289 33 289 179 33 86 173 334 329 347 48 246 266 263 200 135 176 326 365 347 226 200 281 121 365 65 310 119 199 316 276 243 157 356 262 72 292 104 314 41 294 274 222 275 207 97 87 145 125 320 315 100 266 58 113 355 363 310 233 116 238 314 240 187 189 11 220 258 66 213 89 232 228 273 58 94 120 267 335 269 305 165 54 351 142 185 353 29 313 216 302 112 367 90 161 307 337 318 276 197 265 131 352 212 118 254 311 33 84 139 206 248 259 124 148 400 330 300 277 274 34 283 297 261 134 279 113 342 41 206 191 398 228 331 285 323 59 303 242 318 161 183 319 328 386 257 260 196 334 167 136 297 229 253 335 63 226 86 73 191 310 150 211 258 249 357
 162 187 154 424 162 320 43 152 86 238 198 215 231 64 226 328 239 438 78 1 217 318 218 339 221 224 373 276 314 308 333 272 288 371 125 265 215 205 242 395 91 259 192 157 238 237 154 275 104 94 134 310 107 240 87 363 284 192 284 68 236 285 436 385 325 223 322 262 317 326 383 301 338 180 125 241 241 420 150 190 195 156 199 98 249 414 240 365 220 176 288 238 305 199 343 103 315 201 92 50 233 291 319 327 123 256 334 209 220 78 171 337 371 362 293 262 302 176 373 43 257 49 267 292 268 250 223 377 243 34 270 143 295 83 294 232 253 261 166 163 27 219 82 336 344 154 253 123 169 393 356 306 201 187 258 380 291 156 248 84 248 290 143 283 147 272 296 230 72 117 161 232 326 302 278 228 126 365 79 167 391 105 361 226 367 160 390 127 103 290 358 272 230 260 216 199 349 268 53 232 380 91 132 111 216 284 267 179 180 404 367 297 319 230 110 308 255 326 148 346 168 382 89 223 209 419 218 362 285 390 127 359 260 377 228 238 280 376 409 291 271 247 284 122 147 275 282 206 363 135 250 157 142 141 330 201 207 225 268 391
 151 141 81 323 55 276 185 203 141 140 112 356 226 234 120 265 276 317 264 217 1 352 80 209 128 359 413 61 311 252 190 216 123 359 135 356 157 206 281 292 306 207 346 265 48 42 209 327 268 155 159 392 250 80 260 258 182 26 82 154 352 126 305 248 195 348 380 141 136 381 370 317 334 318 253 219 358 290 69 209 213 311 41 270 174 301 233 381 149 60 354 262 205 175 374 267 269 205 251 181 313 76 173 151 289 191 418 28 204 140 141 241 254 274 379 341 248 269 262 259 51 172 366 117 148 181 327 301 106 199 107 228 132 234 184 26 249 127 60 289 192 356 141 256 300 257 128 268 269 363 207 180 63 317 220 446 328 88 321 274 236 272 314 384 264 282 384 22 286 203 235 51 178 281 98 321 280 271 140 112 358 288 369 180 430 249 314 224 115 132 285 57 15 342 7 316 213 326 165 93 461 250 242 129 179 278 192 272 220 275 339 176 321 20 281 261 44 399 183 424 266 359 295 197 197 334 125 319 178 459 274 393 217 418 333 303 71 380 331 278 202 297 70 99 177 109 325 12 309 324 226 300 284 77 262 272 140 57 224 348
 211 213 287 228 328 122 288 178 345 225 241 175 128 259 240 148 85 266 265 318 352 1 278 247 230 164 62 375 62 142 263 156 291 82 248 93 198 149 80 220 342 158 198 166 399 330 173 46 232 256 219 81 217 291 249 213 210 339 428 332 135 283 280 269 245 149 43 240 320 39 90 40 62 177 198 136 135 272 339 152 147 205 375 243 192 242 121 50 208 371 52 94 204 179 26 233 126 151 235 283 95 382 267 313 227 176 95 372 149 314 216 197 233 189 85 77 142 146 226 327 398 330 105 306 237 184 121 175 266 289 289 177 289 238 219 342 106 256 308 172 306 168 290 174 122 167 248 208 153 116 279 238 291 165 142 99 28 277 79 268 119 95 229 109 177 72 88 344 321 206 159 315 270 94 311 107 215 197 328 246 119 254 55 175 84 159 178 192 326 282 165 380 353 82 357 146 256 54 321 273 124 236 187 267 175 83 182 143 150 262 101 232 53 347 238 129 353 71 192 92 154 102 296 157 157 203 232 122 216 113 208 44 147 67 122 83 356 68 188 88 173 72 403 302 197 292 37 347 138 264 130 190 196 323 157 118 214 304 143 133
 94 73 67 252 86 197 178 149 165 61 41 307 152 213 41 187 207 251 243 218 80 278 1 142 50 307 338 100 234 173 128 137 72 281 102 292 81 136 212 220 302 128 302 216 126 53 154 257 237 132 114 325 215 24 234 185 105 77 151 170 296 70 241 185 127 294 309 65 101 309 291 242 256 271 212 143 301 226 106 143 147 271 113 242 95 232 158 304 72 122 285 191 129 105 299 237 190 136 221 172 250 110 111 110 255 112 350 105 131 149 81 165 184 198 314 276 169 214 191 257 122 184 304 76 73 103 268 224 32 191 53 179 80 206 109 65 173 55 67 242 192 305 137 178 221 208 53 230 216 284 149 110 24 268 142 374 255 63 256 253 160 195 279 321 217 207 318 67 279 162 180 39 118 202 63 260 244 197 157 60 278 262 291 104 358 197 237 180 134 75 208 104 78 277 86 263 149 257 175 18 392 220 197 109 105 201 113 216 159 210 260 103 244 71 251 182 77 330 131 355 213 280 280 123 125 259 48 240 102 387 236 318 139 343 275 237 87 302 255 200 123 228 126 104 125 58 254 78 231 297 150 256 243 100 183 211 65 27 145 269
 181 154 203 117 227 128 297 218 302 102 144 352 161 314 116 103 213 110 341 339 209 247 142 1 119 348 294 191 187 106 23 103 89 208 215 303 128 169 216 87 413 110 359 275 247 169 220 249 323 246 210 318 299 131 328 57 60 214 252 303 326 84 101 47 16 331 287 81 97 285 215 209 198 326 288 142 329 86 246 186 186 338 247 332 98 93 159 249 121 260 278 195 48 153 258 323 123 172 311 290 269 188 39 84 335 100 338 236 152 280 170 54 47 81 314 283 106 263 56 373 233 315 317 100 74 101 298 111 110 308 103 247 80 300 48 186 163 88 207 300 314 347 263 79 139 269 92 307 269 195 33 35 165 318 124 343 235 196 266 350 153 154 354 331 282 187 318 189 389 248 238 159 36 153 117 284 321 75 291 174 188 351 232 128 328 254 121 256 271 79 103 199 199 286 215 305 12 255 304 125 369 311 270 231 137 168 87 263 207 70 180 43 197 193 336 119 180 314 208 337 266 198 380 143 157 133 122 153 57 356 312 274 118 298 304 250 166 237 134 161 90 232 219 239 205 101 240 211 136 382 140 320 312 239 95 244 133 155 117 173
 69 41 89 218 122 151 179 119 186 19 26 273 105 202 12 142 162 224 230 221 128 230 50 119 1 272 290 146 185 127 113 90 83 233 97 250 34 93 166 187 298 80 272 185 174 100 123 211 218 129 96 280 195 62 219 152 69 121 199 186 258 76 218 165 105 258 262 42 117 262 244 193 207 240 188 95 263 203 140 103 106 245 158 225 48 202 111 256 24 163 240 145 93 62 250 218 143 93 204 172 208 154 100 120 234 65 304 151 85 163 56 129 156 160 270 232 122 180 160 257 170 196 262 94 48 55 230 184 41 191 71 150 87 191 77 114 126 46 100 211 196 270 145 138 175 177 36 207 183 237 137 86 67 235 93 326 208 80 213 240 112 146 256 279 188 159 274 116 274 141 147 86 107 154 91 220 221 160 174 56 232 245 242 56 311 164 197 155 156 80 166 151 126 234 133 227 129 212 186 44 346 203 171 113 58 152 67 181 121 187 213 77 195 120 232 135 124 284 103 309 180 233 269 76 81 222 4 195 68 340 212 270 90 294 236 194 129 253 216 152 77 183 174 123 99 76 207 125 186 279 101 228 217 129 140 172 23 75 97 224
 214 236 279 371 314 251 214 159 287 278 268 13 188 163 283 273 139 404 150 224 359 164 307 348 272 1 193 403 204 258 356 246 353 244 226 73 242 185 137 355 209 238 41 94 399 354 154 126 121 213 201 110 124 328 139 335 293 337 440 269 31 345 412 384 339 18 141 303 387 147 253 176 217 46 112 206 32 401 316 171 170 70 365 128 259 378 190 211 253 350 114 155 301 212 182 122 250 183 134 213 84 414 352 387 103 250 126 368 200 260 227 312 353 319 93 89 254 94 349 213 408 257 65 365 305 253 52 315 312 207 342 132 355 148 306 359 188 314 301 72 226 6 241 295 263 103 304 105 92 277 378 325 308 43 224 177 150 272 94 147 196 211 89 73 97 175 94 360 195 157 128 342 357 219 362 67 100 326 271 252 279 127 218 229 169 112 323 136 283 348 300 405 366 84 362 46 359 117 253 311 167 136 119 236 222 196 263 92 152 388 258 316 201 362 117 248 379 130 179 141 95 263 165 210 198 351 272 271 298 184 100 189 230 196 48 104 393 231 337 207 258 124 425 274 185 347 139 350 283 118 208 69 85 300 280 105 250 330 232 290
 272 274 348 255 389 168 345 238 404 283 302 206 188 312 299 193 145 295 314 373 413 62 338 294 290 193 1 434 111 191 313 212 347 97 309 123 258 211 140 253 388 215 232 218 460 389 233 99 281 316 280 86 269 350 299 253 264 400 488 391 165 338 312 310 294 181 55 297 374 50 98 98 98 217 250 196 163 306 400 213 208 247 436 291 250 274 182 49 268 432 88 155 255 240 41 282 173 212 286 341 142 440 319 366 272 233 83 433 210 373 278 242 274 228 101 116 192 198 266 377 459 387 129 362 294 241 161 207 324 345 346 234 344 291 272 402 166 313 369 218 363 197 349 218 160 220 306 258 205 128 326 291 351 206 200 54 89 338 126 316 179 149 270 125 228 133 101 404 369 264 217 375 321 146 368 150 262 236 387 307 133 300 66 235 44 214 207 248 387 338 202 439 414 119 418 188 303 105 380 332 86 287 242 328 235 140 238 195 210 299 125 285 101 408 285 178 413 67 252 71 206 116 342 217 218 226 292 152 270 65 256 22 204 5 159 136 415 68 212 143 229 130 462 363 258 349 95 408 170 304 190 234 243 384 201 173 275 364 199 151
 190 172 133 307 115 283 243 245 201 152 140 402 251 289 136 267 306 293 320 276 61 375 100 191 146 403 434 1 327 257 169 226 103 369 184 392 179 235 311 277 365 221 394 310 69 50 250 356 321 209 204 424 301 85 315 245 181 85 62 214 393 110 277 222 179 390 407 142 100 407 379 338 347 365 302 240 399 264 129 242 246 361 92 324 186 281 256 398 169 116 384 290 201 204 395 320 276 235 304 239 349 16 153 116 341 203 449 78 230 199 178 233 236 265 413 375 254 311 245 318 47 232 403 91 147 194 366 294 111 257 95 273 111 287 179 47 270 126 114 335 251 400 199 252 304 302 131 318 312 367 180 169 96 362 236 472 353 137 355 330 257 288 366 420 310 304 417 48 345 252 277 63 156 294 75 359 331 261 200 152 361 343 383 201 456 292 306 271 175 114 281 10 47 377 63 359 192 356 225 104 490 303 289 182 203 296 200 313 257 251 346 168 337 47 334 269 25 429 226 453 309 365 352 221 224 322 145 323 176 485 325 414 232 438 373 337 26 393 322 294 210 327 31 157 219 94 352 72 310 379 246 348 334 136 262 310 164 75 237 349
 182 177 254 172 294 61 278 164 325 176 200 213 93 261 194 87 81 209 273 314 311 62 234 187 185 204 111 327 1 82 204 102 237 58 223 139 156 120 79 161 353 107 231 177 358 284 161 81 243 239 197 139 224 243 257 152 154 301 383 316 175 228 221 208 185 187 104 188 264 100 70 29 26 204 205 94 177 212 307 129 124 229 338 254 142 184 85 72 163 337 103 77 145 143 73 244 65 122 241 273 123 332 209 256 243 125 156 333 113 295 184 136 172 129 140 119 82 156 166 330 354 317 153 252 184 134 154 117 217 283 237 174 234 240 162 298 68 204 273 190 298 206 271 113 63 175 197 220 164 82 218 181 249 193 93 157 58 243 111 279 79 40 252 162 187 43 144 300 331 198 156 270 211 35 259 139 230 137 309 212 81 269 59 132 143 163 122 190 303 227 105 333 310 124 316 174 196 89 307 225 184 242 191 244 134 35 129 154 136 202 58 175 12 304 252 69 306 132 173 153 163 70 309 117 123 150 187 69 160 171 221 91 96 115 157 104 306 71 135 34 119 84 355 275 177 239 68 307 82 286 86 211 213 293 96 126 173 259 90 89
 152 135 210 123 247 27 267 162 298 113 148 264 84 266 133 21 120 149 287 308 252 142 173 106 127 258 191 257 82 1 123 40 161 113 196 205 107 106 122 100 365 53 276 202 297 219 161 148 261 220 176 215 239 177 271 79 78 247 316 293 232 153 156 131 104 240 183 116 185 180 122 105 96 245 223 69 235 144 263 123 119 263 284 272 80 123 77 148 110 288 175 104 65 111 154 262 20 109 254 261 175 261 129 177 268 64 234 277 89 270 148 58 98 64 212 184 6 185 93 333 290 298 219 176 111 73 206 71 150 275 165 184 157 248 84 235 72 133 225 223 287 258 247 39 49 197 128 241 192 112 138 101 192 235 51 238 131 200 169 294 69 51 283 231 210 86 216 237 341 197 169 206 131 49 186 192 254 70 283 169 107 290 131 88 224 182 83 197 271 151 52 264 248 188 258 219 115 154 288 161 265 254 205 216 95 66 61 184 140 131 90 97 92 241 273 14 239 210 161 232 190 109 326 86 99 113 130 69 83 252 245 171 49 195 211 155 235 139 102 57 51 136 287 239 162 166 137 250 61 314 61 244 241 251 25 160 123 196 41 98
 178 150 191 138 212 146 290 219 290 97 135 360 169 312 108 122 224 128 339 333 190 263 128 23 113 356 313 169 204 123 1 114 69 228 209 315 127 174 227 109 409 119 364 280 227 150 222 263 323 241 206 332 299 115 327 79 63 198 231 293 335 65 116 59 19 339 303 72 75 301 235 225 216 332 290 151 339 101 232 190 190 342 230 332 100 113 168 268 119 244 292 205 60 154 275 323 141 176 311 284 279 167 18 62 337 106 353 218 157 271 166 75 68 103 327 295 122 269 77 368 212 306 329 79 66 105 307 133 97 302 85 250 60 299 51 167 174 75 193 305 307 355 255 99 159 272 81 309 274 216 25 32 150 324 134 360 249 185 277 349 163 170 357 343 285 200 332 170 385 247 242 141 14 170 97 294 323 97 280 167 210 351 251 131 345 258 143 257 260 60 125 178 181 298 196 313 24 267 296 111 386 311 272 224 140 183 94 269 211 86 201 42 214 174 337 136 160 330 207 353 271 219 379 148 161 155 115 174 59 373 314 292 128 316 313 261 144 257 156 176 99 244 198 228 204 82 254 194 157 383 150 324 316 226 114 252 129 138 128 194
 114 96 171 154 208 62 231 130 259 77 110 251 60 234 97 59 111 174 256 272 216 156 137 103 90 246 212 226 102 40 114 1 136 145 157 202 68 75 114 127 334 14 259 179 262 185 131 150 233 183 140 220 210 144 242 98 56 209 284 254 224 128 176 140 96 229 194 87 165 192 155 118 122 227 196 42 227 163 224 93 91 242 247 244 43 148 57 172 71 250 179 93 56 74 172 234 55 78 225 225 167 231 115 159 243 26 242 240 57 231 109 72 112 92 215 182 35 164 111 300 256 260 216 151 83 35 196 107 117 240 136 156 134 217 66 200 61 103 186 202 251 246 209 65 87 173 96 215 171 149 134 86 155 218 23 254 139 161 164 264 51 63 260 230 186 89 219 202 310 165 143 171 118 68 158 182 228 96 244 130 144 262 158 49 239 158 119 168 232 127 88 233 213 185 222 204 114 155 250 127 278 225 178 178 57 74 28 164 112 148 125 78 113 206 246 47 207 219 127 243 168 144 296 51 66 148 92 107 61 268 219 191 17 216 202 148 205 167 139 70 18 131 255 200 127 138 142 213 100 290 38 223 217 212 59 143 84 162 15 136
 150 122 137 205 151 187 247 201 234 76 96 355 176 278 73 168 234 196 308 288 123 291 72 89 83 353 347 103 237 161 69 136 1 273 169 325 112 170 238 175 371 134 354 267 159 82 205 281 298 200 175 351 275 52 298 143 84 133 165 240 337 10 183 126 77 338 328 53 35 326 282 253 255 322 270 161 342 168 170 183 185 327 163 305 102 181 179 307 101 178 310 216 101 142 308 298 180 171 284 241 285 103 52 40 315 117 374 150 158 219 136 131 135 163 343 306 159 261 144 327 145 255 338 16 55 110 309 192 47 260 20 232 10 269 79 99 190 40 134 293 262 351 207 151 206 259 50 288 264 268 85 67 92 317 151 389 272 134 287 318 177 199 338 355 270 222 347 102 348 221 229 75 56 203 29 298 303 159 227 125 262 325 291 128 374 246 204 236 204 12 180 112 113 309 129 308 92 283 245 57 412 283 253 179 134 209 110 262 202 154 248 67 248 106 312 174 92 352 185 376 261 268 346 148 157 220 84 223 79 403 294 326 146 351 315 269 79 299 219 205 119 255 133 174 180 15 274 127 210 359 164 310 299 167 162 251 105 74 149 248
 237 230 307 158 347 87 336 222 382 221 251 255 149 317 240 108 136 199 329 371 359 82 281 208 233 244 97 369 58 113 228 145 273 1 280 174 206 176 133 158 408 153 276 231 406 329 219 121 297 296 254 159 279 287 312 162 190 351 427 373 215 265 216 218 211 229 119 228 296 113 13 75 34 252 260 147 215 211 361 186 181 279 389 309 187 178 140 50 213 390 133 134 175 197 73 298 94 179 297 330 169 373 237 286 296 170 167 383 167 352 238 155 182 135 166 157 116 209 173 387 400 374 186 288 223 179 198 112 260 340 277 231 268 296 195 344 124 245 325 242 356 247 328 130 71 229 239 274 218 35 238 211 298 240 142 150 97 297 154 333 134 91 302 190 241 101 168 346 386 255 213 315 238 81 298 183 283 143 366 265 39 322 33 183 139 218 111 246 359 263 110 376 357 162 365 221 215 130 365 271 182 297 246 300 187 91 171 207 193 204 30 208 53 350 305 101 350 145 230 159 217 21 363 171 178 130 235 58 196 162 275 81 144 100 200 152 347 31 116 87 160 135 398 331 234 278 108 356 76 336 139 262 265 347 115 180 223 306 137 55
 45 65 54 305 90 213 82 76 104 114 75 223 131 112 103 215 165 316 142 125 135 248 102 215 97 226 309 184 223 196 209 157 169 280 1 230 94 105 169 275 204 144 213 133 174 137 81 213 138 33 30 271 118 125 134 242 161 112 215 98 221 164 313 261 201 215 267 138 200 268 291 219 248 185 120 135 227 297 96 98 103 178 141 143 128 293 140 287 97 130 236 156 183 86 272 138 206 102 122 76 189 197 196 208 158 137 297 143 114 75 50 216 249 244 256 219 190 139 252 161 184 104 239 175 144 130 197 263 123 95 151 96 175 106 171 138 157 139 77 156 100 223 53 219 238 125 130 135 137 294 233 182 92 184 147 332 221 48 199 152 147 191 183 257 130 184 260 138 180 70 106 127 202 202 164 193 148 246 89 45 291 162 278 109 317 118 276 91 81 169 244 184 143 219 137 184 225 210 94 114 342 121 108 22 101 190 147 141 100 281 268 173 231 140 152 199 160 281 58 305 134 286 179 113 103 303 95 257 162 344 142 291 149 313 204 183 179 292 295 194 153 182 202 56 52 157 215 125 254 198 144 166 151 79 215 148 84 117 157 287
 206 220 280 310 319 193 244 156 311 251 252 85 151 202 261 218 93 345 198 265 356 93 292 303 250 73 123 392 139 205 315 202 325 174 230 1 217 158 89 297 268 198 110 111 400 343 150 60 166 227 202 47 158 311 184 282 255 337 436 296 44 317 356 334 298 60 70 273 358 75 182 111 149 96 141 167 43 346 325 150 147 126 369 175 225 320 149 139 228 359 42 111 257 189 110 167 194 158 174 241 44 401 315 355 154 213 71 370 168 282 216 261 301 263 29 22 202 96 296 263 405 288 15 339 273 218 42 254 290 241 318 139 326 182 266 351 142 287 302 103 260 77 260 242 201 116 278 144 100 208 335 286 298 85 182 117 82 271 39 199 153 155 149 30 119 119 32 352 251 170 126 329 319 161 339 39 145 270 295 245 210 181 147 199 105 116 260 150 301 319 241 395 360 18 360 69 314 52 282 292 117 175 138 246 194 140 224 93 136 334 190 278 135 355 167 193 368 64 175 82 103 193 223 178 171 288 251 207 260 126 141 117 188 126 39 57 377 159 273 150 217 73 416 284 181 322 73 348 220 182 166 115 126 309 225 85 230 318 188 222
 55 30 104 212 142 128 173 94 193 37 46 244 73 187 45 125 128 224 213 215 157 198 81 128 34 242 258 179 156 107 127 68 112 206 94 217 1 60 133 182 286 56 244 158 203 133 97 178 197 123 83 247 173 96 201 149 71 146 231 190 226 105 222 173 115 227 229 63 146 229 217 162 179 212 164 64 231 207 158 72 74 219 184 206 35 200 78 226 12 185 206 112 91 31 219 197 121 61 185 166 176 187 118 147 211 45 271 178 52 166 45 123 157 151 237 199 102 150 159 247 201 197 230 125 66 37 198 171 73 183 103 125 114 173 82 145 94 73 120 183 192 240 146 126 153 150 64 184 154 214 151 97 95 206 66 294 175 94 179 223 80 118 232 246 162 127 241 146 262 121 119 118 124 127 123 188 198 153 179 63 210 225 213 25 278 136 184 132 165 107 152 184 156 201 162 197 139 179 187 77 312 184 147 113 25 122 54 151 91 191 189 87 166 150 211 113 157 251 81 275 151 208 253 43 48 211 35 173 73 307 189 238 64 263 204 161 162 225 203 123 60 150 206 133 78 107 174 152 167 257 71 202 191 145 125 140 18 107 72 203
 64 66 139 226 180 117 166 57 207 95 97 188 28 162 103 126 72 248 183 205 206 149 136 169 93 185 211 235 120 106 174 75 170 176 105 158 60 1 77 201 261 63 192 108 252 187 57 123 159 122 79 190 136 153 168 172 112 191 284 198 168 162 250 210 159 170 175 119 203 176 188 117 145 159 122 38 173 236 191 19 18 171 227 170 75 222 37 184 71 223 150 57 124 32 172 160 111 5 151 160 117 244 169 203 169 70 214 224 19 177 68 146 186 165 179 141 100 96 185 229 253 201 171 183 120 70 140 175 132 172 161 82 171 143 124 198 53 131 160 132 186 184 153 138 141 101 122 141 101 193 197 143 145 152 56 241 124 128 121 191 45 89 187 188 114 82 183 199 237 92 70 174 174 100 182 129 155 169 191 98 189 188 175 45 225 86 187 94 184 164 156 239 208 143 210 141 180 122 191 135 257 151 104 125 37 86 83 97 39 221 166 134 128 203 172 104 212 195 58 220 99 183 222 27 14 217 93 159 116 254 146 192 60 215 146 103 220 188 206 91 81 93 261 157 60 165 120 200 159 216 46 152 145 176 129 82 72 162 67 188
 135 142 211 237 252 116 210 99 266 165 172 144 63 186 177 137 6 268 196 242 281 80 212 216 166 137 140 311 79 122 227 114 238 133 169 89 133 77 1 219 275 110 158 99 327 263 94 47 165 177 141 115 147 228 180 199 166 266 360 254 112 230 276 249 209 120 100 186 270 101 145 60 101 129 128 79 115 265 262 75 70 152 301 176 138 242 61 124 144 295 74 23 169 108 105 166 114 77 165 205 55 319 226 267 165 125 139 299 83 235 142 177 218 183 105 69 118 78 214 255 329 251 103 252 185 130 86 181 205 212 232 101 238 165 178 273 54 200 233 112 229 138 211 160 131 97 191 142 86 161 247 198 221 118 94 166 53 201 51 201 65 76 174 118 109 41 110 275 254 128 82 249 231 85 254 71 151 190 249 172 160 191 120 113 150 86 189 116 248 231 165 315 284 73 286 101 227 47 243 209 181 165 114 189 109 62 135 76 71 252 136 190 82 278 173 112 288 119 113 144 85 148 231 92 87 219 167 142 172 179 143 123 100 145 91 35 294 135 205 72 129 18 337 224 119 236 47 275 151 208 78 133 134 246 144 48 147 237 100 166
 235 211 275 32 304 105 354 256 371 169 212 362 182 360 188 82 218 50 382 395 292 220 220 87 187 355 253 277 161 100 109 127 175 158 275 297 182 201 219 1 459 140 374 301 332 253 256 238 359 304 262 299 335 213 368 36 119 295 338 370 328 169 61 69 99 338 262 156 182 258 160 189 161 344 321 165 331 54 323 218 216 362 330 369 149 24 175 206 180 341 263 203 95 198 223 359 106 204 351 347 272 274 125 167 366 141 314 319 183 347 227 60 42 37 300 276 104 284 32 425 319 379 311 186 148 147 303 48 190 363 188 281 166 343 113 270 171 167 283 322 373 355 327 64 99 295 169 339 291 134 104 113 243 334 146 306 218 266 264 390 167 145 382 321 309 181 304 273 435 290 267 242 122 137 203 288 352 32 359 240 127 387 188 171 293 281 49 293 342 165 57 285 284 281 298 318 87 246 368 204 336 350 303 294 181 159 130 283 237 48 129 118 168 277 371 108 266 290 252 309 289 142 422 177 192 49 190 102 121 318 343 235 141 256 308 252 252 188 54 149 125 232 305 309 252 186 226 294 84 413 159 343 339 314 76 259 194 237 135 109
