NAME : domp180p60v2
COMMENT : (Deleplanque et al.) 
TYPE : DOMP
DIMENSION : 180
DISPLAY_DATA_TYPE: NO_DISPLAY
OPEN_FACILITIES : 60
COST_SECTION
 1 120 237 315 205 100 246 85 219 83 91 77 193 63 129 220 156 374 201 248 140 60 187 69 122 114 282 238 175 350 221 25 53 120 201 173 162 309 320 122 119 137 95 375 192 374 56 184 65 267 266 137 334 19 220 61 356 119 299 190 170 115 199 297 202 170 280 344 266 390 193 284 310 226 331 202 324 213 170 347 62 233 97 141 258 153 118 101 268 121 137 127 279 57 146 307 201 110 177 160 294 289 240 59 113 257 214 21 213 248 53 77 142 98 312 243 194 205 183 265 109 352 303 263 300 130 96 272 280 238 259 237 88 299 270 179 131 321 114 197 95 119 318 327 295 325 341 175 45 43 94 60 178 117 364 59 322 220 237 269 337 268 253 104 174 81 341 29 156 166 242 327 311 338 256 274 313 327 323 242
 120 1 232 256 277 81 178 190 116 198 175 109 85 75 236 129 125 326 242 132 180 62 252 177 214 169 210 204 59 295 205 99 171 209 83 55 58 314 238 241 214 62 213 315 212 300 116 275 71 154 244 65 377 127 120 141 299 228 328 269 83 68 226 276 278 218 262 263 152 312 80 194 326 191 238 243 290 101 123 266 158 249 162 56 186 218 234 204 315 238 74 235 283 80 133 231 82 11 58 134 223 345 124 131 181 284 102 129 241 244 122 54 55 103 319 128 86 261 173 211 226 320 305 280 244 47 212 270 306 277 140 299 101 284 154 87 138 364 129 82 175 108 289 350 206 272 277 86 163 137 44 93 132 235 286 96 336 111 122 331 294 201 151 223 103 69 322 98 134 183 241 253 236 260 141 229 212 327 225 288
 237 232 1 134 160 293 126 313 201 293 174 296 302 260 229 172 108 160 91 253 108 236 138 296 187 136 145 60 267 151 31 242 270 182 274 236 201 83 187 298 195 292 267 178 57 204 182 201 196 249 42 170 171 254 193 296 158 336 114 174 313 291 65 65 170 106 48 198 252 224 223 186 98 63 219 90 102 308 115 200 198 42 153 182 138 137 320 209 130 268 160 231 52 258 102 165 258 230 250 99 148 167 255 292 150 76 227 221 64 13 185 202 286 147 88 249 303 121 61 101 308 123 74 61 122 277 302 39 90 93 285 150 156 63 265 315 109 160 124 231 170 131 90 125 190 130 161 175 243 202 257 273 108 307 204 184 108 321 314 168 122 128 207 277 147 182 106 246 99 73 11 172 167 188 331 86 232 97 227 113
 315 256 134 1 292 334 79 399 165 388 282 352 295 313 348 137 160 74 223 204 221 289 269 382 305 245 54 88 263 40 121 311 360 300 257 231 203 167 71 405 313 314 372 61 183 72 265 331 257 187 96 196 283 332 156 367 44 429 227 305 322 323 195 97 302 232 103 71 191 92 205 99 195 96 106 222 70 292 147 72 297 174 258 201 74 262 420 322 257 380 190 348 154 314 174 51 238 259 243 157 44 294 211 360 262 202 196 306 197 134 271 254 303 218 173 201 296 254 148 51 408 93 156 181 16 300 399 138 207 225 237 283 228 115 204 320 194 275 209 211 279 197 83 222 94 22 30 173 336 292 295 330 138 410 72 257 197 305 285 298 55 57 147 383 155 239 119 313 162 185 140 45 50 60 298 50 135 162 122 244
 205 277 160 292 1 299 266 247 309 216 115 281 361 260 113 289 193 314 70 359 103 244 28 234 88 109 294 210 331 310 175 225 206 89 349 310 280 178 339 193 95 323 173 336 112 363 169 53 211 365 200 239 142 219 304 259 316 252 131 24 353 309 98 215 12 70 201 353 366 383 311 327 161 206 367 71 255 375 212 355 144 122 118 252 280 60 227 117 83 158 231 116 162 255 172 317 339 270 321 185 300 88 356 260 99 111 325 186 97 162 165 227 323 177 178 354 362 40 162 254 216 270 180 131 279 311 218 170 126 81 385 37 177 205 376 360 154 131 154 319 112 181 241 164 333 288 320 267 181 164 277 262 213 209 362 186 172 387 391 67 278 276 329 178 244 209 240 229 182 123 155 328 320 344 411 243 371 200 370 67
 100 81 293 334 299 1 256 136 194 156 186 41 113 40 229 209 191 402 282 202 217 60 278 128 220 197 290 275 111 372 269 77 135 217 137 127 138 372 318 206 217 49 186 393 261 380 133 282 99 227 312 139 418 95 199 83 377 174 376 286 78 22 272 344 297 253 328 343 224 392 155 274 380 261 317 282 362 134 194 346 159 301 184 133 265 243 188 201 353 215 146 226 341 46 191 311 146 76 123 198 303 378 192 73 202 332 177 118 287 305 136 91 59 148 377 199 113 293 233 287 183 392 365 333 321 51 168 331 355 319 201 328 141 350 223 89 187 405 174 155 188 162 360 401 286 349 356 165 141 137 40 43 203 195 366 119 391 137 161 361 368 280 229 193 180 112 390 73 196 232 300 332 315 340 178 304 290 388 304 326
 246 178 126 79 266 256 1 330 93 323 228 276 220 238 298 63 95 151 200 139 177 214 240 314 258 194 38 68 187 118 99 238 294 252 183 154 125 192 80 346 264 236 313 138 156 130 200 295 184 129 107 120 295 261 84 294 122 363 238 273 245 245 172 129 274 199 123 101 133 145 130 62 216 65 103 200 125 218 78 104 237 165 204 124 15 223 356 269 254 325 114 299 168 239 114 63 164 181 167 97 50 291 145 287 213 202 124 239 179 134 206 179 225 152 198 136 221 231 106 41 345 155 181 185 67 222 335 151 215 215 173 267 162 145 146 243 137 285 149 136 226 131 131 244 68 96 101 95 272 229 218 255 70 349 119 189 222 232 215 289 123 24 86 324 78 167 169 240 101 145 136 82 67 94 229 65 107 195 105 234
 85 190 313 399 247 136 330 1 298 35 147 96 247 117 142 302 240 457 262 321 209 130 236 18 160 180 367 320 238 433 300 96 45 160 265 244 240 379 404 83 152 183 80 458 263 459 136 209 148 343 345 219 386 70 300 54 439 40 359 226 213 157 267 375 240 231 358 428 341 474 267 367 376 308 413 263 405 268 254 431 118 303 163 221 342 206 55 131 321 107 221 139 351 112 228 391 269 181 245 243 379 334 313 64 172 321 290 94 280 323 131 157 193 181 382 317 248 258 263 348 54 432 375 331 384 182 41 347 344 298 327 282 171 375 343 224 211 373 195 271 151 203 397 390 378 408 425 257 73 112 152 101 263 67 448 143 388 272 295 312 418 352 333 81 258 165 418 96 239 241 317 411 396 423 312 357 394 399 404 297
 219 116 201 165 309 194 93 298 1 300 237 224 132 188 308 32 117 238 253 53 208 170 282 283 274 214 113 150 102 203 171 203 271 268 93 72 60 277 129 335 278 162 304 218 211 194 190 325 155 57 193 86 369 230 10 253 206 335 313 310 163 178 228 219 315 241 211 154 58 203 43 83 297 141 124 253 218 127 99 157 234 234 216 79 93 256 336 276 318 323 89 308 249 192 138 128 74 123 83 126 125 354 55 243 231 272 32 220 239 211 197 143 150 149 283 49 133 281 158 133 327 248 266 260 156 150 313 233 289 278 85 320 155 233 68 159 158 358 162 48 236 136 223 325 95 185 180 47 256 218 159 207 100 333 178 172 305 141 123 347 214 111 36 315 66 142 260 203 129 189 211 149 132 153 137 157 98 283 111 295
 83 198 293 388 216 156 323 35 300 1 122 118 263 130 109 301 230 442 236 328 188 137 207 31 130 159 360 306 251 421 284 100 31 131 277 253 244 356 399 53 122 201 47 447 242 451 124 177 146 348 328 218 356 73 301 76 427 44 332 195 233 176 244 357 209 206 339 422 347 467 273 364 351 295 411 237 388 284 246 425 97 280 141 222 335 179 37 101 292 73 218 106 328 124 216 385 280 189 255 232 371 303 320 85 148 296 295 85 256 303 118 158 210 172 358 324 264 230 247 338 29 414 352 307 373 198 14 326 318 271 338 251 162 356 350 244 197 344 181 278 127 193 380 364 375 396 415 257 53 97 165 117 254 40 441 136 363 290 310 281 404 344 334 47 254 162 398 102 227 222 297 404 389 416 328 344 394 376 404 269
 91 175 174 282 115 186 228 147 237 122 1 167 258 146 73 226 135 329 116 280 68 132 97 132 41 39 264 196 231 311 169 111 103 35 253 217 193 235 307 126 42 213 94 338 121 349 59 101 105 292 211 155 245 106 234 147 318 164 214 101 244 196 122 238 113 86 221 327 292 367 226 280 231 187 326 118 272 274 154 330 31 159 25 165 242 63 147 42 180 99 149 73 207 141 115 289 247 166 226 132 273 198 275 148 27 176 245 72 134 183 54 122 214 89 237 274 259 116 135 233 135 297 231 186 267 202 130 205 198 153 300 146 83 236 300 252 92 233 80 233 5 104 263 245 290 287 310 191 75 50 167 148 160 134 343 80 243 285 294 179 290 246 265 104 176 108 278 115 128 103 177 305 293 319 314 235 319 255 324 154
 77 109 296 352 281 41 276 96 224 118 167 1 153 40 200 235 200 418 272 238 209 64 263 89 198 185 311 286 148 389 275 59 99 195 175 161 166 373 343 169 193 89 152 412 258 403 122 258 102 261 319 158 408 66 228 43 395 134 369 265 118 62 267 351 278 242 335 368 258 416 187 301 377 273 346 273 373 174 208 371 138 299 170 155 286 228 149 175 342 181 163 197 342 40 197 334 182 102 158 207 324 364 228 34 187 327 209 96 282 308 123 100 99 150 377 234 153 279 238 303 145 403 366 330 338 90 130 333 350 310 239 312 141 356 259 129 188 395 173 189 170 168 369 397 312 366 376 190 111 118 67 24 217 157 390 114 389 177 201 345 382 300 259 158 200 117 397 55 204 230 302 355 339 364 218 318 320 390 333 315
 193 85 302 295 361 113 220 247 132 263 258 153 1 135 317 159 196 368 323 113 263 134 336 237 297 253 243 263 36 333 272 169 238 292 41 68 102 383 257 311 297 65 286 349 290 323 199 358 154 139 306 134 456 195 140 194 336 285 405 353 42 91 305 336 362 301 324 282 135 330 91 212 398 251 246 323 342 22 188 285 240 324 246 122 222 302 297 285 396 313 144 315 353 141 209 258 59 93 54 206 256 427 102 184 265 360 103 206 319 313 205 137 55 186 389 111 2 343 245 258 291 373 373 355 285 66 276 338 381 356 99 382 185 347 129 34 217 443 211 85 259 188 345 424 222 314 310 131 237 217 101 148 195 302 306 179 408 29 50 414 341 240 159 295 158 153 380 167 206 262 311 279 263 282 66 280 211 394 228 369
 63 75 260 313 260 40 238 117 188 130 146 40 135 1 192 198 162 379 244 206 179 26 239 105 181 158 273 247 122 351 238 39 105 178 149 129 130 339 305 178 179 75 154 373 225 365 94 244 65 229 282 119 380 62 192 67 356 156 339 246 108 53 236 314 258 215 298 329 226 378 154 264 345 234 309 244 335 155 169 333 121 265 145 117 247 204 164 163 315 182 124 189 307 7 160 296 153 67 129 169 285 339 197 57 163 295 176 80 250 272 96 61 82 114 343 202 136 254 201 264 158 365 331 297 299 70 143 298 318 281 211 289 106 319 228 118 153 367 139 156 149 131 332 365 275 327 337 152 106 98 36 19 178 168 352 82 356 162 181 321 344 261 224 162 161 80 360 35 166 197 267 317 300 326 199 279 285 355 297 288
 129 236 229 348 113 229 298 142 308 109 73 200 317 192 1 298 206 388 152 349 128 184 111 132 44 105 333 261 294 375 230 153 107 49 318 283 262 275 377 81 36 265 64 401 174 417 123 69 167 363 269 225 254 136 306 167 381 141 238 90 297 244 169 293 104 127 276 396 363 435 295 352 264 253 398 153 330 335 226 400 79 204 96 234 313 95 115 34 193 46 220 4 252 185 186 359 313 227 291 203 343 199 344 172 87 209 314 113 177 236 117 184 268 160 276 344 318 136 201 301 105 351 274 225 333 256 109 254 229 181 368 149 154 287 370 306 163 243 152 302 75 176 319 271 361 350 376 262 90 101 220 187 231 97 411 144 276 344 357 176 350 315 337 67 248 175 328 157 199 164 229 374 362 389 377 299 390 296 395 174
 220 129 172 137 289 209 63 302 32 301 226 235 159 198 298 1 98 210 230 82 190 177 262 287 262 199 86 120 128 175 142 207 271 256 122 95 73 247 109 332 266 182 300 192 186 172 184 309 156 79 163 84 342 233 22 260 179 338 285 292 187 196 203 188 295 220 180 134 81 183 69 67 268 111 113 229 187 156 78 138 227 207 204 82 64 238 336 266 293 317 84 298 220 200 120 104 103 135 108 105 99 329 85 251 217 245 62 218 214 182 191 146 171 140 253 78 160 258 133 102 326 217 235 232 127 169 314 203 261 252 115 297 148 203 93 184 141 330 148 75 225 123 192 295 78 156 154 47 254 213 172 216 77 332 158 168 275 170 153 323 184 82 41 311 51 140 230 208 109 167 182 126 109 132 168 127 95 253 104 270
 156 125 108 160 193 191 95 240 117 230 135 200 196 162 206 98 1 220 138 167 93 138 166 224 168 104 132 86 162 195 81 154 202 161 172 133 98 190 174 252 173 186 219 219 98 222 107 212 101 172 122 64 263 173 111 210 200 271 210 195 206 186 115 154 199 125 139 195 174 238 125 147 203 73 192 138 174 204 21 198 143 129 111 76 109 141 263 176 207 231 53 206 159 162 23 157 158 123 146 11 143 241 166 204 122 166 136 148 128 120 113 102 179 60 195 162 198 165 50 109 252 204 181 159 145 171 242 146 187 166 196 204 70 161 184 209 45 251 56 134 133 39 170 228 156 170 187 78 179 135 153 178 26 255 213 98 213 218 213 233 184 115 138 230 52 84 200 156 13 74 117 175 161 188 232 120 186 203 190 182
 374 326 160 74 314 402 151 457 238 442 329 418 368 379 388 210 220 1 248 275 263 355 295 440 345 290 127 137 336 37 161 373 416 340 330 303 275 155 131 453 354 385 421 40 216 90 322 359 320 257 120 264 270 391 229 429 37 484 221 331 394 393 223 100 325 265 115 118 262 105 278 168 184 149 164 247 60 365 211 117 348 193 306 271 147 296 472 366 262 425 257 389 157 379 230 118 311 328 316 216 115 295 283 423 306 210 269 363 220 155 326 319 375 277 160 273 369 276 196 117 460 53 147 188 84 371 452 146 207 238 308 297 287 112 274 393 247 265 263 284 325 256 74 205 162 55 66 244 390 347 363 395 202 460 104 317 181 378 358 305 40 129 219 431 224 303 89 375 219 227 162 103 115 110 370 102 198 141 182 257
 201 242 91 223 70 282 200 262 253 236 116 272 323 244 152 230 138 248 1 304 65 223 49 247 112 88 227 141 291 241 106 214 218 109 305 266 233 125 271 228 121 296 201 268 46 294 151 113 185 307 132 194 138 217 247 260 248 277 99 84 323 286 30 149 80 32 134 285 309 314 262 261 116 139 300 2 189 335 155 287 146 56 105 206 214 59 256 140 74 195 184 154 102 240 120 249 293 237 278 129 232 105 304 259 91 61 273 182 29 94 151 198 293 141 126 299 325 32 98 185 244 205 123 74 210 282 242 106 83 39 333 68 144 140 320 328 107 125 114 270 112 137 175 129 267 220 251 215 191 160 253 251 154 240 293 163 128 348 347 95 211 209 269 209 190 177 179 219 127 65 87 259 252 275 367 174 306 146 305 47
 248 132 253 204 359 202 139 321 53 328 280 238 113 206 349 82 167 275 304 1 257 193 332 308 318 260 151 201 95 239 222 229 300 312 74 78 89 327 153 368 321 162 338 250 262 218 228 372 188 27 243 126 421 257 61 272 241 360 365 358 152 183 279 268 363 291 260 176 23 222 57 109 348 192 136 304 262 101 150 179 273 286 260 116 136 304 364 316 370 360 132 348 300 211 188 159 59 142 81 176 161 406 12 262 276 324 36 253 291 263 235 173 149 192 333 6 113 331 210 179 356 291 316 312 197 153 342 284 341 329 35 370 197 282 23 145 206 410 209 52 279 181 269 376 118 224 213 92 289 254 173 224 152 364 200 208 356 112 86 398 255 154 58 348 116 177 307 228 179 240 263 178 163 178 96 204 100 333 117 346
 140 180 108 221 103 217 177 209 208 188 68 209 263 179 128 190 93 263 65 257 1 158 77 193 85 30 210 134 231 248 104 152 165 80 248 209 178 171 254 191 93 232 160 275 55 290 88 121 120 264 145 137 202 157 203 200 255 230 161 103 260 222 60 172 108 39 154 272 265 309 209 234 171 126 278 66 206 275 113 275 92 95 47 150 191 49 213 104 138 163 129 129 142 176 71 234 237 174 220 86 218 166 254 198 43 119 223 122 74 117 88 134 230 78 174 252 264 82 74 175 201 230 167 124 207 218 196 139 142 103 283 121 81 169 275 266 51 189 53 217 64 79 196 189 242 224 250 165 138 101 188 187 115 200 285 99 183 288 290 152 224 191 230 170 143 114 212 156 82 38 110 249 238 264 310 172 276 191 278 111
 60 62 236 289 244 60 214 130 170 137 132 64 134 26 184 177 138 355 223 193 158 1 222 116 169 139 250 223 116 327 214 38 110 165 142 116 111 315 283 181 167 82 154 349 202 342 76 231 41 214 258 97 360 66 173 84 332 168 317 232 114 66 214 290 243 195 274 308 212 356 139 243 322 210 289 223 311 154 145 311 109 243 127 96 225 186 173 154 295 180 101 182 284 26 135 273 143 52 119 144 263 321 185 75 146 273 161 73 228 248 80 37 85 90 319 189 135 235 177 240 165 341 307 274 276 73 151 274 296 260 201 271 83 295 215 123 130 347 116 142 134 106 307 343 254 303 314 131 104 86 37 42 154 174 329 61 333 162 178 304 319 238 205 163 138 55 335 37 142 174 243 294 278 304 197 255 266 331 278 268
 187 252 138 269 28 278 240 236 282 207 97 263 336 239 111 262 166 295 49 332 77 222 1 223 78 85 269 185 305 289 150 205 194 77 323 284 253 167 314 191 87 300 167 315 87 340 147 65 187 338 179 213 151 202 277 243 295 246 128 37 329 287 75 197 35 43 181 328 339 360 285 300 154 181 341 50 236 349 185 331 127 103 96 225 254 37 222 107 86 156 204 114 147 234 145 292 313 245 295 158 275 102 329 244 77 100 298 168 76 141 144 203 299 151 167 327 337 25 135 229 211 253 168 118 256 287 211 153 119 71 358 51 152 187 349 336 127 138 128 293 94 154 223 161 307 267 297 240 168 146 255 243 186 205 338 163 166 361 365 83 258 251 302 174 217 184 225 210 155 97 135 303 295 319 385 220 344 189 344 64
 69 177 296 382 234 128 314 18 283 31 132 89 237 105 132 287 224 440 247 308 193 116 223 1 147 164 350 304 227 417 284 81 30 147 253 231 226 364 388 83 140 174 73 442 247 442 119 199 132 329 328 204 372 54 285 47 423 53 344 214 205 148 251 359 228 216 341 412 327 458 254 351 361 292 398 248 388 258 237 415 103 287 147 206 326 192 61 119 307 101 205 129 335 100 211 375 257 167 233 226 362 321 300 56 157 306 276 78 264 307 115 142 183 165 366 304 238 244 246 332 57 415 359 316 368 172 42 331 329 283 315 269 155 359 330 216 194 360 178 257 136 186 381 375 362 392 409 242 57 96 141 90 246 69 432 126 373 263 284 300 402 336 318 76 242 149 401 81 222 225 301 395 379 406 302 340 379 383 389 283
 122 214 187 305 88 220 258 160 274 130 41 198 297 181 44 262 168 345 112 318 85 169 78 147 1 65 292 218 271 332 187 144 118 7 293 257 232 236 336 116 10 250 90 359 131 374 98 63 144 330 226 193 227 134 271 172 338 169 204 70 282 232 127 251 83 85 234 355 330 393 265 313 227 210 358 114 288 314 187 358 62 163 59 203 272 54 146 30 163 84 187 45 211 176 146 317 287 205 265 163 301 175 313 175 46 172 283 103 136 194 93 161 252 127 237 313 298 101 158 259 134 309 234 186 291 240 134 212 192 145 339 123 122 245 338 291 123 215 114 272 40 140 276 237 322 308 334 228 94 84 204 181 192 129 369 119 239 324 334 154 307 274 301 98 212 148 287 148 159 122 187 332 321 347 354 257 353 257 357 140
 114 169 136 245 109 197 194 180 214 159 39 185 253 158 105 199 104 290 88 260 30 139 85 164 65 1 229 159 224 273 130 127 136 59 243 204 176 200 273 164 71 217 132 300 84 313 65 113 104 269 173 136 224 130 210 173 280 201 186 102 246 204 88 200 110 58 183 292 270 331 209 249 199 149 294 89 234 268 124 295 63 123 18 148 208 50 184 78 158 137 129 106 171 154 82 254 234 162 215 99 238 182 256 172 19 145 225 95 101 146 64 119 216 71 203 254 254 97 98 197 173 258 196 152 230 204 167 168 168 126 283 133 70 198 279 253 60 211 52 216 36 79 224 215 258 249 273 169 109 73 171 164 128 172 307 80 211 279 285 166 251 211 239 142 150 101 241 132 95 65 139 270 258 284 305 197 289 220 293 131
 282 210 145 54 294 290 38 367 113 360 264 311 243 273 333 86 132 127 227 151 210 250 269 350 292 229 1 88 213 91 122 275 331 286 205 180 155 199 46 382 299 266 349 107 183 93 237 327 221 135 117 154 309 298 104 331 94 400 252 303 272 278 198 131 303 229 130 65 139 109 154 49 225 89 75 226 116 239 115 68 274 186 239 158 26 255 393 304 274 361 150 333 179 274 150 27 186 214 193 133 14 311 158 323 247 220 143 276 203 150 243 215 255 189 205 148 244 258 137 45 382 143 188 201 48 252 371 162 230 237 184 292 199 148 152 269 172 300 186 159 261 168 125 253 48 74 69 126 309 265 251 290 107 385 82 225 230 252 233 312 106 19 94 360 113 204 163 277 137 177 154 46 30 58 245 67 92 199 84 257
 238 204 60 88 210 275 68 320 150 306 196 286 263 247 261 120 86 137 141 201 134 223 185 304 218 159 88 1 229 116 36 238 280 213 232 196 163 128 131 320 226 265 287 143 99 158 185 245 186 194 44 140 228 256 141 294 123 349 171 220 281 268 112 74 219 147 62 144 198 177 178 128 150 14 162 140 89 266 82 147 213 100 172 149 79 175 337 235 188 294 131 262 102 247 94 109 214 204 210 80 92 225 204 288 175 135 179 227 117 66 190 187 257 141 134 197 265 172 62 45 325 119 116 118 73 250 317 84 147 150 234 205 151 85 210 282 111 218 127 186 193 121 86 177 131 92 116 133 254 211 236 263 73 326 154 181 157 280 268 225 99 70 151 298 107 169 119 241 84 98 69 119 111 135 285 39 173 134 169 170
 175 59 267 263 331 111 187 238 102 251 231 148 36 122 294 128 162 336 291 95 231 116 305 227 271 224 213 229 1 302 238 153 224 266 28 34 67 348 230 296 272 68 269 318 256 295 174 331 128 121 272 100 423 180 110 186 305 277 371 325 61 90 272 302 333 269 290 255 117 303 60 184 364 217 221 291 308 45 154 258 216 290 218 88 190 272 286 262 363 295 110 292 318 128 175 229 37 68 21 172 225 395 84 176 237 327 76 185 286 279 180 111 55 155 354 92 37 312 211 225 279 339 338 320 253 61 264 304 347 323 91 351 155 313 115 58 185 410 180 56 232 155 311 389 195 282 280 97 219 194 87 139 161 288 279 153 374 58 64 382 308 208 133 279 123 125 346 151 172 229 276 250 233 254 84 247 189 359 205 336
 350 295 151 40 310 372 118 433 203 421 311 389 333 351 375 175 195 37 241 239 248 327 289 417 332 273 91 116 302 1 145 347 394 326 295 269 242 165 96 435 340 353 403 28 205 65 299 352 293 221 111 234 282 367 194 403 8 463 229 324 361 362 215 100 320 255 112 85 226 84 243 132 194 127 129 240 62 329 184 84 328 189 288 240 113 285 452 350 266 409 228 375 160 351 207 82 276 297 282 191 79 301 247 397 290 211 233 340 214 149 304 291 342 253 170 237 334 271 177 87 440 73 155 190 52 338 432 146 212 237 272 296 263 116 238 358 225 276 241 249 308 232 78 218 125 26 31 211 369 325 333 367 174 442 74 292 194 342 322 308 39 95 182 413 193 276 106 349 195 211 155 67 79 76 334 78 162 155 147 257
 221 205 31 121 175 269 99 300 171 284 169 275 272 238 230 142 81 161 106 222 104 214 150 284 187 130 122 36 238 145 1 223 258 182 244 207 172 112 166 293 195 266 261 172 64 191 166 211 175 219 46 142 201 238 162 279 152 326 144 186 285 266 77 77 184 113 61 179 222 211 193 160 129 35 196 105 106 278 85 182 189 67 146 153 112 142 312 206 156 266 132 231 82 237 80 144 228 203 221 72 127 193 224 274 146 104 197 207 82 42 170 179 259 127 117 218 274 137 39 80 301 133 102 90 107 251 293 67 120 117 255 170 136 82 234 287 91 190 107 201 165 109 98 155 165 121 149 145 232 189 232 252 78 301 189 165 138 292 283 191 122 104 177 271 117 160 123 227 74 67 41 154 146 170 301 71 205 123 202 136
 25 99 242 311 225 77 238 96 203 100 111 59 169 39 153 207 154 373 214 229 152 38 205 81 144 127 275 238 153 347 223 1 72 141 179 153 146 317 311 144 141 113 118 371 201 367 65 206 55 249 268 125 350 29 205 58 352 133 312 210 146 91 210 300 222 184 283 335 248 382 174 272 320 225 319 215 325 189 164 338 83 242 112 126 250 170 136 125 284 145 127 151 287 33 146 299 180 89 156 158 287 306 221 52 130 269 196 42 224 253 65 62 118 98 321 225 171 222 186 260 128 354 311 273 296 106 114 279 292 252 238 255 88 303 251 155 134 337 118 178 114 118 319 339 284 322 336 162 69 61 70 39 174 137 356 59 332 197 214 288 336 261 238 127 164 72 345 5 155 174 248 319 303 330 233 272 299 335 309 257
 53 171 270 360 206 135 294 45 271 31 103 99 238 105 107 271 202 416 218 300 165 110 194 30 118 136 331 280 224 394 258 72 1 118 250 224 214 335 370 74 112 178 53 419 220 422 96 172 117 319 303 188 344 45 272 62 400 70 316 186 210 154 223 332 200 187 315 393 318 438 245 335 332 268 382 219 363 259 217 396 74 259 119 193 306 163 66 91 279 83 188 104 307 99 188 356 252 161 227 204 342 293 292 68 129 278 267 56 236 280 91 129 185 143 338 295 240 215 221 310 57 389 331 287 345 174 44 303 300 255 310 241 133 332 322 221 170 331 154 249 107 164 355 346 345 369 387 227 29 70 139 93 225 65 412 106 345 265 284 271 377 315 305 60 225 132 375 74 199 198 273 375 360 387 303 317 365 355 374 254
 120 209 182 300 89 217 252 160 268 131 35 195 292 178 49 256 161 340 109 312 80 165 77 147 7 59 286 213 266 326 182 141 118 1 288 251 226 232 330 120 14 246 93 353 126 369 94 67 139 324 221 187 226 132 265 171 333 170 202 71 278 229 123 246 84 81 229 349 324 387 259 307 224 205 352 110 282 309 181 352 59 159 53 198 266 51 148 32 162 88 181 50 207 172 140 311 281 200 260 157 295 176 308 173 40 169 277 100 132 190 88 156 248 121 234 307 293 100 153 253 137 304 230 182 285 236 136 208 190 142 333 123 117 241 332 286 117 214 108 266 35 134 271 234 316 302 328 223 93 81 200 178 186 132 363 114 236 319 328 154 302 268 295 101 206 143 282 145 153 116 182 326 315 341 349 251 346 253 350 139
 201 83 274 257 349 137 183 265 93 277 253 175 41 149 318 122 172 330 305 74 248 142 323 253 293 243 205 232 28 295 244 179 250 288 1 41 75 354 218 322 294 92 294 310 268 283 196 352 151 100 275 113 434 206 102 213 298 304 381 344 79 116 285 304 352 286 293 242 96 290 55 172 371 220 205 305 307 36 161 245 239 300 239 100 185 291 312 285 376 320 123 316 325 155 188 219 20 93 29 182 217 409 63 203 257 337 63 210 298 286 203 134 80 173 360 72 42 328 221 222 305 337 344 330 248 86 290 310 357 336 65 367 175 316 92 72 200 422 196 48 254 171 311 398 182 277 271 100 244 218 114 165 167 315 266 175 381 50 43 398 305 203 119 304 128 146 347 177 183 242 284 240 223 242 63 245 171 364 188 350
 173 55 236 231 310 127 154 244 72 253 217 161 68 129 283 95 133 303 266 78 209 116 284 231 257 204 180 196 34 269 207 153 224 251 41 1 36 317 200 294 258 91 265 286 229 265 161 315 118 101 239 73 395 181 79 195 273 283 342 306 93 109 245 269 313 246 257 225 99 274 30 155 333 185 194 266 275 72 123 228 206 261 201 61 158 252 288 250 337 289 83 282 287 134 148 198 31 65 15 143 193 370 69 185 219 298 50 180 259 248 168 101 79 135 323 74 69 288 182 191 280 306 307 291 220 80 266 273 318 297 87 328 137 281 100 90 160 383 157 29 217 131 278 359 166 249 248 64 215 185 96 147 129 289 249 140 343 86 83 359 275 175 105 275 91 110 313 152 144 203 246 219 202 224 102 214 164 327 179 311
 162 58 201 203 280 138 125 240 60 244 193 166 102 130 262 73 98 275 233 89 178 111 253 226 232 176 155 163 67 242 172 146 214 226 75 36 1 282 181 281 234 112 250 261 195 244 140 288 101 106 205 41 360 173 63 194 246 277 307 276 121 124 211 236 283 214 223 206 105 255 34 137 298 151 181 232 244 107 88 209 185 226 175 29 131 222 279 229 303 272 50 261 252 133 114 175 61 65 50 108 168 336 83 185 192 264 54 165 224 213 147 86 101 107 288 84 103 256 147 161 270 275 272 256 192 98 257 238 284 263 108 296 110 246 110 121 128 348 127 42 192 100 245 324 149 221 223 32 201 166 101 148 95 278 229 120 308 121 116 326 245 148 95 261 57 89 280 145 109 169 211 197 180 204 135 182 156 293 169 277
 309 314 83 167 178 372 192 379 277 356 235 373 383 339 275 247 190 155 125 327 171 315 167 364 236 200 199 128 348 165 112 317 335 232 354 317 282 1 234 351 245 374 323 187 118 228 255 229 275 320 86 252 118 326 268 369 171 398 67 199 395 372 113 70 190 152 70 236 324 247 302 246 30 137 269 123 104 388 196 237 262 78 218 264 200 183 378 262 111 318 242 277 32 336 183 212 338 311 331 180 197 142 330 366 209 68 304 292 102 71 256 282 368 226 7 323 384 144 142 157 367 104 12 51 160 359 363 46 56 99 361 153 233 53 336 397 186 112 201 310 231 211 88 56 246 153 187 255 308 271 338 350 189 363 234 260 32 402 393 154 127 186 277 332 227 262 69 321 181 144 74 211 212 226 410 134 290 22 281 113
 320 238 187 71 339 318 80 404 129 399 307 343 257 305 377 109 174 131 271 153 254 283 314 388 336 273 46 131 230 96 166 311 370 330 218 200 181 234 1 424 343 289 391 100 228 67 277 371 257 131 156 188 347 335 122 365 95 438 290 348 290 304 242 164 347 274 166 26 136 75 171 47 261 133 37 270 140 250 156 30 316 228 283 189 66 300 433 348 315 404 185 377 217 307 193 24 199 243 210 176 40 353 162 357 291 261 156 315 247 191 284 250 277 230 240 152 258 302 182 87 422 162 222 242 74 276 411 200 269 280 183 335 239 182 148 286 216 339 228 175 304 209 152 288 36 90 66 154 349 306 280 323 149 426 50 264 264 262 238 354 123 64 99 402 147 240 189 312 180 221 195 30 23 26 247 104 68 230 53 299
 122 241 298 405 193 206 346 83 335 53 126 169 311 178 81 332 252 453 228 368 191 181 191 83 116 164 382 320 296 435 293 144 74 120 322 294 281 351 424 1 108 251 34 462 243 471 149 147 182 386 335 251 334 117 335 128 442 67 318 170 283 226 241 362 184 200 345 446 385 488 313 393 342 310 440 229 397 332 269 449 110 277 149 257 359 170 38 90 274 36 249 78 326 171 234 408 323 231 298 251 393 279 361 137 149 287 334 117 251 306 142 196 258 196 353 364 312 215 259 356 32 420 349 301 390 246 44 326 307 259 380 229 187 358 390 293 213 323 198 318 129 216 387 351 403 411 433 290 81 120 212 166 277 20 463 165 354 338 357 255 414 366 368 23 284 195 400 146 247 228 299 426 412 439 375 359 426 372 434 253
 119 214 195 313 95 217 264 152 278 122 42 193 297 179 36 266 173 354 121 321 93 167 87 140 10 71 299 226 272 340 195 141 112 14 294 258 234 245 343 108 1 249 82 366 140 382 99 66 144 333 235 196 235 129 275 166 346 160 213 76 281 230 136 259 89 94 242 362 333 400 267 319 236 218 364 123 296 314 193 365 59 172 63 206 278 63 137 22 171 75 190 37 220 173 152 324 288 205 267 169 308 183 316 169 53 181 286 100 145 203 93 161 251 130 246 316 298 110 166 266 126 317 243 195 298 239 125 221 201 153 341 131 125 254 341 289 129 223 119 274 43 144 285 245 327 316 341 232 88 82 203 177 198 121 376 120 248 324 334 161 315 281 306 89 217 149 295 145 165 129 196 339 327 354 354 264 358 266 362 149
 137 62 292 314 323 49 236 183 162 201 213 89 65 75 265 182 186 385 296 162 232 82 300 174 250 217 266 265 68 353 266 113 178 246 92 91 112 374 289 251 249 1 228 372 269 353 156 313 114 187 305 126 432 136 169 130 357 221 386 312 34 27 282 337 323 270 323 314 183 363 120 244 385 252 284 296 350 87 184 318 190 307 206 117 242 265 234 235 369 256 136 262 343 82 192 285 104 64 83 195 279 397 151 120 225 341 140 152 297 304 160 99 14 157 379 159 66 311 233 270 229 381 365 339 302 16 214 331 363 332 156 349 153 346 181 44 194 419 183 119 215 166 350 408 255 331 334 142 180 167 47 86 193 240 338 138 396 90 114 381 354 259 196 236 163 120 383 109 194 240 301 307 290 313 130 290 254 388 269 342
 95 213 267 372 173 186 313 80 304 47 94 152 286 154 64 300 219 421 201 338 160 154 167 73 90 132 349 287 269 403 261 118 53 93 294 265 250 323 391 34 82 228 1 429 212 438 116 132 151 355 304 219 314 93 303 113 409 80 294 151 260 204 212 331 165 172 313 412 354 455 282 360 316 277 407 202 365 306 236 416 76 248 116 226 326 142 56 62 251 30 217 60 297 147 201 375 294 203 270 218 360 260 331 120 118 260 304 86 223 276 109 166 234 163 325 333 287 190 227 323 45 389 320 273 357 222 46 296 281 234 351 209 154 328 360 271 180 302 165 288 97 183 355 326 370 378 400 258 51 87 187 144 243 41 430 133 328 313 331 237 382 332 336 12 251 163 370 120 214 196 269 392 379 406 350 326 394 344 401 230
 375 315 178 61 336 393 138 458 218 447 338 412 349 373 401 192 219 40 268 250 275 349 315 442 359 300 107 143 318 28 172 371 419 353 310 286 261 187 100 462 366 372 429 1 232 51 324 378 317 230 138 256 304 391 209 427 21 488 252 351 378 382 242 125 347 282 137 83 235 66 259 142 216 153 129 267 85 343 207 82 355 215 314 261 131 312 478 377 290 436 250 402 184 374 232 92 291 318 298 217 94 325 258 420 317 237 247 365 241 175 329 314 361 278 192 249 349 298 204 111 466 89 178 215 75 358 458 171 236 263 281 322 288 140 247 375 251 298 267 264 335 257 101 239 133 52 39 231 395 351 354 390 198 468 66 317 215 356 334 333 61 115 194 440 214 299 124 373 221 238 182 73 88 77 344 104 165 175 149 282
 192 212 57 183 112 261 156 263 211 242 121 258 290 225 174 186 98 216 46 262 55 202 87 247 131 84 183 99 256 205 64 201 220 126 268 229 195 118 228 243 140 269 212 232 1 254 138 148 162 264 97 157 167 209 204 252 212 284 118 123 294 263 18 121 121 51 104 242 266 274 222 217 121 95 256 45 158 299 113 244 146 42 102 170 170 81 266 154 110 213 147 175 89 222 82 206 255 207 242 88 189 145 262 249 96 73 232 175 31 64 139 172 264 114 122 257 291 76 54 143 255 179 113 73 170 254 250 85 96 69 292 113 120 116 277 298 76 155 88 231 117 105 146 141 223 182 211 175 192 154 228 235 111 253 252 145 132 313 310 138 178 165 225 222 148 152 158 205 87 30 57 217 209 233 329 134 262 137 260 85
 374 300 204 72 363 380 130 459 194 451 349 403 323 365 417 172 222 90 294 218 290 342 340 442 374 313 93 158 295 65 191 367 422 369 283 265 244 228 67 471 382 353 438 51 254 1 328 401 313 195 166 247 345 390 186 423 60 491 291 376 356 367 266 161 373 303 170 43 200 21 236 112 257 165 87 293 125 315 206 40 362 244 325 249 119 332 483 390 325 448 242 417 220 366 238 70 264 305 276 221 81 361 227 415 331 270 221 367 267 204 333 308 342 280 233 217 324 325 217 117 472 135 218 249 86 340 462 205 273 294 247 353 290 178 211 352 259 338 274 240 346 259 141 282 102 78 44 216 399 356 342 382 198 475 19 317 257 327 303 367 102 108 165 449 205 296 169 369 225 255 210 49 66 42 311 121 125 219 108 314
 56 116 182 265 169 133 200 136 190 124 59 122 199 94 123 184 107 322 151 228 88 76 147 119 98 65 237 185 174 299 166 65 96 94 196 161 140 255 277 149 99 156 116 324 138 328 1 160 47 243 211 105 288 74 189 116 305 165 248 157 187 141 146 242 168 122 225 300 243 344 173 245 257 174 292 152 270 216 123 303 46 179 52 113 213 111 157 90 222 135 102 122 224 90 93 262 191 107 169 109 248 246 222 112 71 206 193 42 161 193 8 64 156 49 258 223 201 161 129 215 146 298 249 210 250 144 136 218 229 189 246 196 39 244 249 194 77 275 60 179 61 70 263 276 255 274 292 144 73 30 110 100 131 150 318 22 269 226 236 229 284 221 221 127 135 52 286 69 105 112 187 281 266 293 257 222 278 273 286 195
 184 275 201 331 53 282 295 209 325 177 101 258 358 244 69 309 212 359 113 372 121 231 65 199 63 113 327 245 331 352 211 206 172 67 352 315 288 229 371 147 66 313 132 378 148 401 160 1 205 381 242 248 190 194 321 230 358 209 182 31 344 295 138 261 42 99 245 388 382 421 321 354 213 240 397 114 300 374 232 390 124 167 114 259 309 73 182 85 134 112 241 72 211 238 190 351 345 266 324 206 334 133 368 233 97 162 337 165 140 205 154 222 314 182 229 367 359 87 191 288 173 317 230 181 317 302 177 217 177 131 395 86 179 251 391 353 169 179 164 328 100 191 287 215 362 329 359 281 151 147 267 243 235 164 399 180 224 385 393 110 322 308 349 135 261 207 289 210 202 151 198 363 354 379 413 281 396 250 398 119
 65 71 196 257 211 99 184 148 155 146 105 102 154 65 167 156 101 320 185 188 120 41 187 132 144 104 221 186 128 293 175 55 117 139 151 118 101 275 257 182 144 114 151 317 162 313 47 205 1 206 219 73 322 79 156 112 298 183 278 201 143 103 174 251 211 158 234 281 205 328 133 220 281 173 267 185 273 171 110 285 89 202 95 77 196 152 182 135 257 173 74 166 244 63 96 245 147 62 125 106 233 284 181 105 114 234 154 66 189 208 53 18 113 50 279 183 155 199 138 207 172 303 267 234 242 101 159 234 256 221 203 236 43 255 210 150 89 309 76 138 106 67 269 303 231 269 282 111 102 68 69 78 120 179 302 26 293 181 191 269 283 207 189 161 111 18 296 57 103 134 203 265 249 276 211 219 249 291 258 230
 267 154 249 187 365 227 129 343 57 348 292 261 139 229 363 79 172 257 307 27 264 214 338 329 330 269 135 194 121 221 219 249 319 324 100 101 106 320 131 386 333 187 355 230 264 195 243 381 206 1 235 139 419 277 62 294 222 381 362 366 178 208 281 258 370 296 252 153 6 198 76 90 343 187 111 307 248 126 154 156 288 284 272 131 123 312 384 330 370 376 144 362 295 233 194 140 85 163 105 181 144 407 38 285 287 322 54 270 292 258 250 191 174 204 326 29 139 335 211 167 375 277 309 309 182 178 362 278 338 330 53 374 210 273 18 171 214 408 218 74 291 191 257 370 97 208 193 102 306 270 196 247 154 383 177 224 350 137 110 401 240 141 44 366 122 193 295 249 184 244 259 158 143 156 117 192 75 324 92 348
 266 244 42 96 200 312 107 345 193 328 211 319 306 282 269 163 122 120 132 243 145 258 179 328 226 173 117 44 272 111 46 268 303 221 275 239 205 86 156 335 235 305 304 138 97 166 211 242 219 235 1 180 194 283 184 324 118 370 136 215 322 307 105 33 210 146 19 163 239 186 222 162 110 56 189 130 63 309 122 165 232 80 189 191 116 177 356 247 162 307 171 270 64 281 124 133 257 243 253 114 117 199 247 319 187 107 222 252 104 40 215 222 297 172 92 239 307 161 84 74 344 88 75 87 85 290 337 46 115 130 277 188 181 42 252 324 136 185 152 230 207 153 53 138 164 90 122 176 276 234 274 296 114 343 167 210 116 323 312 203 82 102 192 314 149 203 79 271 117 108 46 137 134 153 328 52 207 91 200 149
 137 65 170 196 239 139 120 219 86 218 155 158 134 119 225 84 64 264 194 126 137 97 213 204 193 136 154 140 100 234 142 125 188 187 113 73 41 252 188 251 196 126 219 256 157 247 105 248 73 139 180 1 324 150 85 179 239 255 272 236 144 130 173 212 243 174 198 212 139 260 74 149 266 127 195 194 226 143 59 216 150 191 136 14 129 182 253 192 265 239 11 224 221 121 76 178 101 65 86 73 167 298 121 170 152 228 91 136 187 182 112 63 118 67 258 121 135 216 113 149 243 257 243 222 183 111 231 208 249 225 148 256 72 221 146 146 88 311 86 81 154 60 225 291 160 211 219 40 172 133 100 137 68 249 234 87 276 156 155 286 231 143 118 230 43 57 258 126 74 130 179 199 182 208 175 166 177 264 187 239
 334 377 171 283 142 418 295 386 369 356 245 408 456 380 254 342 263 270 138 421 202 360 151 372 227 224 309 228 423 282 201 350 344 226 434 395 360 118 347 334 235 432 314 304 167 345 288 190 322 419 194 324 1 350 361 392 288 393 59 165 459 423 152 186 151 167 182 352 422 365 386 354 89 233 382 137 221 466 276 353 276 137 239 336 306 183 368 256 67 299 314 257 131 376 248 325 420 372 408 253 309 59 423 392 222 99 394 315 138 163 286 334 429 277 113 417 457 130 215 266 358 218 128 111 275 418 359 148 82 102 453 106 281 169 434 463 241 14 250 395 242 270 205 66 356 269 304 338 317 293 390 387 272 350 351 300 90 479 476 82 245 294 377 320 311 314 182 354 252 195 161 326 325 342 494 245 399 130 392 94
 19 127 254 332 219 95 261 70 230 73 106 66 195 62 136 233 173 391 217 257 157 66 202 54 134 130 298 256 180 367 238 29 45 132 206 181 173 326 335 117 129 136 93 391 209 390 74 194 79 277 283 150 350 1 232 44 373 106 315 202 168 112 216 314 215 186 297 359 275 405 202 298 327 243 345 218 342 215 186 362 76 250 113 153 273 168 108 110 284 121 152 133 296 55 163 323 208 117 184 177 310 303 249 43 128 274 224 36 230 265 71 89 142 115 330 253 196 220 200 281 100 370 321 280 317 130 86 290 297 255 266 251 105 316 279 178 148 337 132 206 109 136 335 344 309 342 358 188 47 58 95 53 195 109 379 76 339 222 240 283 354 284 265 101 189 96 358 30 173 184 259 343 327 354 259 291 325 345 336 258
 220 120 193 156 304 199 84 300 10 301 234 228 140 192 306 22 111 229 247 61 203 173 277 285 271 210 104 141 110 194 162 205 272 265 102 79 63 268 122 335 275 169 303 209 204 186 189 321 156 62 184 85 361 232 1 256 197 337 305 305 171 184 221 210 309 235 202 146 64 196 51 77 289 132 119 246 208 136 93 150 233 226 213 80 84 251 337 273 311 322 88 305 241 195 133 120 83 127 90 120 116 347 64 247 227 264 41 220 232 203 196 144 157 147 274 57 141 274 151 123 327 238 257 252 147 156 314 224 281 270 94 313 153 224 75 167 153 350 158 56 233 132 213 316 88 176 171 46 256 217 163 210 94 333 171 171 296 150 132 340 204 102 34 314 61 141 251 205 123 183 203 141 124 146 147 148 95 274 107 288
 61 141 296 367 259 83 294 54 253 76 147 43 194 67 167 260 210 429 260 272 200 84 243 47 172 173 331 294 186 403 279 58 62 171 213 195 194 369 365 128 166 130 113 427 252 423 116 230 112 294 324 179 392 44 256 1 409 92 358 241 160 104 259 355 254 229 338 390 292 437 219 326 370 282 372 261 381 215 221 393 117 293 156 179 305 209 106 146 326 143 182 164 339 62 202 355 219 132 194 215 343 344 263 11 171 317 242 79 273 307 114 117 140 154 373 268 195 262 241 317 103 410 363 323 353 129 88 332 340 297 276 292 144 358 294 171 189 379 173 222 151 174 375 387 337 379 393 214 80 101 101 49 230 115 411 115 382 219 242 324 392 317 288 119 219 129 400 55 211 226 301 375 359 385 259 329 349 388 361 300
 356 299 158 44 316 377 122 439 206 427 318 395 336 356 381 179 200 37 248 241 255 332 295 423 338 280 94 123 305 8 152 352 400 333 298 273 246 171 95 442 346 357 409 21 212 60 305 358 298 222 118 239 288 373 197 409 1 469 235 331 364 366 222 107 327 261 118 83 227 78 247 133 200 133 128 247 68 332 189 82 335 195 294 244 116 292 458 357 272 416 233 382 166 357 213 83 279 302 285 197 82 307 249 402 296 218 236 346 221 156 310 296 346 259 176 239 337 278 184 93 447 77 161 196 57 343 438 152 218 244 273 303 269 122 239 362 232 282 248 252 314 238 84 224 126 32 31 216 375 331 338 373 180 448 71 298 199 345 324 314 44 99 185 420 198 281 110 355 201 218 162 67 80 75 336 84 162 160 147 263
