NAME : domp280p70v4
COMMENT : (Deleplanque et al.) 
TYPE : DOMP
DIMENSION : 280
DISPLAY_DATA_TYPE: NO_DISPLAY
OPEN_FACILITIES : 70
COST_SECTION
 1 205 193 243 203 105 246 90 182 172 69 159 227 134 280 135 133 218 173 228 205 47 112 246 221 189 66 158 203 64 301 221 102 269 87 277 145 128 128 244 322 288 165 285 269 165 75 238 112 40 131 14 73 75 247 151 267 229 102 274 283 219 176 229 135 185 176 194 237 184 232 120 223 275 182 282 251 108 235 252 245 172 197 166 292 108 67 86 134 147 228 274 183 220 256 165 256 227 222 83 273 256 177 104 173 215 297 248 59 261 279 211 90 266 130 100 290 208 276 215 51 251 164 128 216 194 220 193 272 58 185 93 88 104 116 122 203 258 115 134 271 249 143 246 111 244 145 121 204 268 114 67 124 113 137 73 276 217 252 227 262 227 271 235 136 137 141 160 254 97 140 87 255 166 270 161 60 247 122 181 174 70 205 83 91 181 128 169 126 192 223 224 64 67 107 38 160 232 197 198 106 203 176 223 63 286 105 232 231 37 165 214 239 153 143 197 202 176 100 214 121 221 198 167 200 129 243 145 251 276 108 260 12 129 120 240 214 267 63 199 272 164 230 90 124 40 149 313 128 177 239 238 109 60 269 152 255 112 179 261 84 201 149 244 197 189 108 224 85 233 190 268 100 282 149 135 232 197 64 264
 205 1 31 268 318 307 295 286 26 372 138 55 23 337 269 85 192 384 321 220 258 222 116 76 296 288 266 350 70 143 321 346 304 106 228 73 171 293 97 433 312 86 148 286 112 357 278 37 315 204 201 200 272 277 48 239 119 43 283 90 80 413 255 157 142 128 249 64 308 102 77 317 328 255 283 114 283 277 305 294 150 201 101 213 323 231 266 246 128 311 66 199 243 201 170 294 215 75 316 160 257 61 206 162 360 385 106 343 233 332 319 156 175 63 105 226 315 390 223 336 203 114 79 277 299 30 118 77 200 190 113 142 273 138 305 325 369 265 220 203 108 216 198 173 198 284 96 283 171 284 285 187 82 271 297 154 96 161 233 410 229 60 70 150 173 288 306 320 166 122 304 138 72 188 212 228 164 53 308 216 224 163 244 280 291 73 176 112 155 18 21 24 236 271 271 219 219 77 344 94 161 223 91 232 223 281 215 212 412 233 64 63 167 108 104 311 46 106 238 30 166 410 391 49 212 79 77 261 307 73 277 187 204 114 86 348 163 287 177 285 166 319 251 116 90 205 72 287 182 200 199 171 302 146 152 320 151 178 243 233 149 386 131 282 289 54 206 167 221 32 66 137 159 225 239 308 62 23 164 250
 193 31 1 237 291 293 265 269 21 357 126 64 46 324 239 90 201 361 297 190 229 216 94 62 267 298 257 332 96 131 291 319 294 91 206 91 183 271 102 414 282 97 164 255 95 339 267 64 303 199 209 191 257 264 75 213 100 37 264 85 98 395 227 128 153 97 261 34 279 72 56 301 300 225 256 101 253 275 276 264 122 215 125 225 293 207 257 225 138 288 47 171 256 171 142 269 185 52 288 161 227 89 220 138 341 362 106 315 228 303 289 126 153 85 113 228 285 370 194 309 185 91 50 255 270 2 89 47 172 187 83 121 255 142 287 315 346 235 225 177 93 186 170 145 204 254 107 262 141 253 264 167 77 250 275 153 88 131 203 389 199 42 93 121 146 265 284 297 139 121 282 138 65 159 183 200 160 55 290 187 237 144 215 265 276 43 185 130 164 39 39 52 218 259 250 212 191 56 320 64 137 193 110 201 220 251 191 182 391 225 37 38 138 122 115 284 73 125 239 22 140 391 372 62 182 66 61 236 278 94 276 158 194 89 78 320 132 257 175 296 140 296 221 106 72 189 81 258 155 215 169 142 284 135 128 299 124 153 255 203 149 365 145 252 261 23 182 137 221 44 89 115 136 196 213 287 47 48 161 220
 243 268 237 1 122 271 37 240 248 305 221 271 279 298 51 276 352 225 168 52 44 289 186 232 66 429 288 260 323 225 61 146 304 226 166 310 351 187 280 307 82 302 353 47 220 266 277 298 294 280 355 254 244 263 309 99 208 249 211 257 317 305 79 127 326 141 409 206 66 167 216 259 113 58 99 236 17 347 63 31 148 386 343 387 58 145 293 182 315 189 224 123 411 70 136 137 82 214 96 293 54 323 392 152 255 232 279 110 301 79 53 118 158 312 292 339 52 259 97 137 194 195 192 165 77 238 164 193 120 289 156 177 216 295 233 312 216 25 350 111 227 73 103 123 339 23 298 182 99 26 195 178 244 176 181 277 252 116 55 275 72 229 320 140 119 166 190 186 139 269 189 277 250 90 103 84 271 264 227 66 398 185 39 245 254 195 341 332 327 271 272 288 199 270 184 280 84 216 177 178 151 49 321 37 305 50 141 65 272 275 208 216 123 316 304 119 304 332 341 248 136 292 286 276 58 225 228 124 51 318 348 121 254 172 238 126 112 25 286 436 159 178 17 231 209 205 279 84 122 389 86 118 240 231 172 199 158 137 408 65 284 263 330 21 88 215 137 112 324 271 312 189 158 103 102 204 232 281 276 49
 203 318 291 122 1 182 94 157 294 199 217 300 336 203 172 292 333 104 54 156 88 244 208 309 58 387 221 152 355 219 151 30 223 313 119 377 341 93 292 187 192 376 353 163 308 157 203 353 206 242 332 216 169 188 365 79 299 315 125 338 385 188 68 219 324 209 378 267 65 231 292 164 23 179 37 326 115 288 67 104 244 372 365 367 135 102 228 119 317 85 296 234 385 167 238 40 195 288 33 277 175 378 376 160 142 111 363 49 253 78 118 203 152 374 301 301 138 140 213 20 157 283 242 80 47 292 246 256 231 259 222 185 137 289 138 225 96 146 317 115 315 185 122 224 313 105 312 94 183 140 107 156 264 96 83 262 335 205 171 155 189 299 382 233 146 74 88 76 240 270 88 270 326 139 217 93 252 333 131 117 376 176 105 165 171 253 326 344 319 315 329 341 141 198 104 235 103 292 56 247 161 127 341 138 262 169 113 170 152 223 256 283 221 327 315 8 342 348 298 308 154 173 170 307 137 252 304 63 87 383 289 228 214 205 258 38 200 134 262 398 263 67 124 237 235 166 301 203 137 376 191 217 148 222 272 91 256 143 381 183 273 145 333 106 38 272 118 205 285 333 342 285 165 220 79 104 304 324 257 170
 105 307 293 271 182 1 259 32 283 68 169 263 329 33 317 239 213 146 133 275 227 113 203 340 225 230 64 64 307 165 319 187 44 359 114 379 233 91 231 146 351 388 259 316 358 69 40 341 25 124 208 113 37 32 350 173 354 327 61 370 385 118 192 300 231 262 236 288 238 270 325 26 204 317 181 373 272 124 238 268 320 252 299 241 306 132 69 93 233 100 323 338 247 273 326 147 310 320 212 180 314 360 255 176 83 140 394 230 112 257 290 280 158 368 233 162 306 121 331 186 113 337 256 109 215 293 302 284 336 146 267 178 56 203 46 44 135 291 181 178 361 302 191 315 189 263 248 92 268 295 78 134 227 96 100 173 370 286 298 136 312 322 374 310 197 111 96 112 326 200 96 189 351 220 329 192 160 346 54 222 245 153 236 31 19 273 215 269 219 295 325 327 85 43 87 109 197 325 148 286 178 243 279 263 126 319 142 284 142 89 261 308 308 254 245 179 306 277 152 314 187 124 100 271 246 229 336 148 258 379 124 326 109 217 223 215 282 291 157 245 347 120 262 192 222 106 253 351 185 257 297 306 35 163 348 97 332 173 242 309 184 111 247 263 196 285 151 291 149 334 294 351 174 338 170 81 328 301 163 306
 246 295 265 37 94 259 1 229 274 287 234 294 308 284 82 295 363 197 144 86 43 292 204 264 38 434 283 241 347 237 61 114 295 261 163 341 365 171 299 280 99 334 369 70 254 246 270 327 282 284 365 258 236 256 338 96 243 279 199 290 349 281 72 161 341 170 417 235 32 196 248 244 81 92 80 271 23 346 29 11 183 399 364 398 49 141 289 175 332 170 256 159 421 104 171 117 118 246 65 304 87 352 404 165 233 204 313 74 303 43 34 150 167 343 310 344 49 233 133 107 196 229 218 151 49 266 197 222 156 296 185 191 206 309 218 301 189 58 357 118 262 110 114 158 347 15 317 168 131 47 182 183 264 164 164 288 286 149 92 248 108 260 351 174 135 150 171 165 174 284 171 290 283 110 139 88 281 296 212 83 408 194 52 235 244 223 353 351 341 297 301 316 195 264 173 283 92 248 150 208 164 73 342 69 308 76 142 100 245 275 234 246 158 335 323 93 329 352 345 277 150 266 262 299 84 246 260 113 15 349 347 157 257 193 257 91 145 41 294 443 195 156 49 247 229 207 300 110 135 402 122 154 226 243 208 179 193 148 417 101 296 238 347 17 66 243 140 146 329 301 335 224 171 138 99 187 264 307 286 84
 90 286 269 240 157 32 229 1 261 89 149 245 308 63 286 223 212 136 111 243 197 111 178 314 196 242 71 68 291 145 289 164 68 333 83 357 229 65 216 154 321 365 252 285 331 75 49 321 55 118 208 101 20 34 331 142 327 303 32 344 364 130 162 270 223 234 242 262 209 242 299 33 178 286 152 346 241 137 209 238 291 252 287 242 277 100 78 62 223 78 297 308 252 242 296 120 279 294 184 171 282 341 255 147 84 132 369 205 114 229 261 250 129 348 219 166 277 120 300 162 87 309 231 80 187 270 274 258 305 140 239 152 25 193 29 73 123 260 184 147 334 270 160 284 188 233 234 64 237 264 51 107 208 66 75 162 345 256 267 138 281 297 354 280 167 84 73 90 296 186 72 177 326 189 298 161 148 323 37 190 248 128 204 11 16 247 211 258 213 275 303 306 56 47 57 105 165 299 129 258 149 212 266 232 127 288 111 252 143 86 237 282 278 243 233 152 289 266 158 290 158 131 109 253 215 208 311 118 229 358 138 295 98 190 203 191 251 261 149 256 317 98 231 172 198 82 236 320 154 257 266 276 20 144 318 78 303 143 247 278 173 112 238 233 167 260 120 261 151 312 279 323 146 307 139 60 303 281 152 275
 182 26 21 248 294 283 274 261 1 348 115 44 48 313 253 71 181 359 296 202 236 202 91 81 274 278 244 325 79 119 303 321 282 111 202 97 163 267 83 408 297 107 144 269 115 333 255 63 292 184 189 178 247 254 74 215 120 53 258 102 104 388 231 144 133 109 241 51 286 84 77 293 304 239 259 121 263 258 283 274 140 195 106 205 304 205 244 220 118 285 67 189 236 184 160 269 201 73 293 143 241 86 200 137 335 359 122 320 213 310 300 140 150 88 93 210 297 365 210 312 178 111 57 252 276 21 107 63 189 171 95 117 248 123 280 303 343 247 206 179 113 201 174 161 185 264 87 258 153 265 260 162 61 246 272 136 106 145 217 385 214 62 95 139 149 262 280 295 156 104 279 121 82 166 200 205 144 69 283 194 217 138 223 256 267 55 165 110 145 24 43 49 211 248 246 198 196 77 319 80 136 202 91 212 204 264 190 195 387 211 41 58 154 102 95 287 58 105 222 37 141 386 366 41 192 54 80 236 286 98 259 175 181 90 63 324 147 268 159 276 159 294 232 93 65 181 61 273 157 195 184 158 277 123 147 295 143 153 235 218 132 360 125 262 266 39 181 152 204 52 71 135 134 213 215 283 66 34 145 234
 172 372 357 305 199 68 287 89 348 1 235 329 395 43 355 306 273 126 146 319 263 176 266 403 250 275 124 47 373 231 346 193 90 421 167 444 295 120 298 91 384 453 323 350 419 43 103 407 68 189 268 179 102 98 417 214 414 392 104 433 451 60 228 354 296 320 288 351 261 330 387 58 219 357 209 434 303 171 262 296 376 311 365 298 332 180 128 145 299 118 385 388 300 320 380 171 357 382 230 245 353 426 314 234 60 118 457 242 173 275 315 334 216 434 299 219 334 87 378 195 175 397 319 143 240 358 361 346 386 211 326 241 108 269 79 71 121 328 239 228 422 347 241 367 249 294 314 126 320 328 115 195 293 135 125 239 433 339 341 94 357 385 440 365 251 140 117 124 380 267 118 255 414 270 377 235 226 411 82 266 301 216 274 93 83 336 277 335 283 361 390 393 144 108 128 173 241 387 150 346 236 286 345 305 187 355 193 329 101 154 325 371 361 320 311 197 372 343 208 378 244 73 52 338 291 295 399 184 283 445 171 377 176 278 289 224 335 323 222 291 401 133 300 258 286 170 320 388 238 316 345 359 77 229 404 109 388 229 295 352 250 76 312 294 222 348 203 344 208 399 361 409 234 385 211 102 391 367 229 346
 69 138 126 221 217 169 234 149 115 235 1 98 161 200 248 80 133 260 203 193 191 98 51 179 218 216 133 214 148 7 281 241 169 203 105 210 132 166 77 300 292 220 139 258 203 222 142 173 179 81 136 67 134 140 183 147 202 161 150 207 217 277 170 175 110 129 191 127 233 123 166 181 233 240 188 215 232 161 231 237 188 166 151 167 276 117 134 117 102 185 161 223 192 180 201 184 213 161 228 73 239 193 172 70 227 259 230 255 111 259 265 159 69 200 85 129 271 259 231 233 71 187 98 156 216 126 159 127 222 79 126 46 138 76 170 190 244 231 136 117 205 208 120 194 121 228 97 157 158 245 155 63 60 146 173 58 209 166 216 279 222 160 206 179 103 167 179 196 199 54 178 58 187 134 223 148 55 180 174 156 178 42 185 143 153 115 121 128 108 127 157 159 103 134 144 92 143 166 228 135 71 175 128 193 107 256 105 194 282 101 98 147 186 111 99 210 142 133 136 147 86 276 256 106 169 62 176 155 242 210 162 208 70 70 55 253 164 245 71 221 214 198 206 25 57 70 92 278 100 170 195 187 166 14 209 193 197 86 189 222 64 253 118 227 200 122 101 174 117 166 135 206 64 236 146 179 165 133 59 230
 159 55 64 271 300 263 294 245 44 329 98 1 76 291 283 30 139 354 295 229 254 170 94 124 288 236 217 311 55 100 329 327 256 154 197 124 120 261 42 396 327 139 102 297 158 318 231 82 269 153 147 153 229 232 90 224 163 94 247 143 129 373 243 179 90 139 198 91 302 117 120 276 313 270 267 164 286 223 299 295 179 152 73 162 328 205 216 213 75 280 110 226 193 212 198 272 234 115 304 106 271 98 157 141 323 354 160 332 181 327 322 173 150 111 51 172 321 355 245 318 167 154 85 249 289 64 145 101 226 137 127 117 235 84 267 277 339 274 166 188 156 232 186 198 144 285 44 252 182 291 251 155 39 240 267 102 148 178 247 375 246 105 115 176 162 259 274 290 195 69 273 85 123 185 235 217 112 107 271 212 174 131 243 238 248 90 123 69 102 39 75 69 199 225 239 169 209 120 319 117 141 224 53 237 170 294 191 224 378 184 70 101 190 59 52 293 45 66 184 78 150 373 352 9 215 50 123 240 305 121 224 212 156 102 45 334 179 293 124 233 200 291 255 74 67 167 18 306 167 152 216 194 262 102 189 289 183 159 192 249 95 350 82 283 276 79 184 186 167 86 43 177 137 249 223 274 109 41 112 264
 227 23 46 279 336 329 308 308 48 395 161 76 1 359 277 105 210 404 340 230 273 244 136 70 311 306 288 372 78 165 330 364 327 98 248 51 188 313 117 455 319 64 163 294 105 379 301 20 338 226 219 223 294 300 31 257 114 37 305 76 57 434 271 163 160 139 266 74 323 113 76 340 344 262 300 104 295 298 319 306 153 216 111 229 333 251 288 267 146 331 65 201 259 211 173 313 222 74 333 181 264 45 221 182 382 405 88 359 255 346 331 165 196 42 125 246 326 411 227 354 224 112 95 298 315 45 123 87 202 211 124 163 294 158 327 348 389 275 240 221 99 224 215 178 218 296 114 304 181 294 306 208 104 292 318 176 82 169 242 431 235 59 49 154 190 308 326 340 169 143 325 160 60 203 216 245 186 38 330 231 240 185 258 303 313 86 194 127 174 38 8 14 258 293 292 241 235 76 364 102 181 236 105 243 245 289 235 221 433 256 81 67 172 125 122 329 55 119 259 32 184 432 413 69 225 101 72 280 321 51 299 190 226 133 108 364 171 297 199 302 165 339 263 139 112 227 92 292 200 215 206 177 324 168 151 341 152 197 259 240 170 407 148 294 306 66 226 174 242 15 77 134 179 228 257 329 58 38 186 258
 134 337 324 298 203 33 284 63 313 43 200 291 359 1 346 267 231 150 151 305 255 134 235 372 249 235 82 63 334 195 344 204 48 392 145 409 253 114 258 131 378 419 281 344 391 65 62 371 26 147 225 140 69 60 380 202 386 358 88 401 415 101 220 332 254 295 247 319 261 302 357 41 224 346 205 405 298 130 262 293 352 269 324 256 331 162 86 124 258 119 354 370 259 304 358 170 341 352 233 204 343 389 271 208 82 143 425 250 131 279 314 312 190 398 259 177 332 117 362 203 145 369 288 135 239 324 335 316 368 169 300 210 86 228 67 32 141 319 196 209 393 332 222 346 207 289 274 117 299 322 104 167 257 123 122 199 402 318 328 129 343 354 404 342 229 135 116 129 358 227 116 215 383 251 360 221 186 378 74 252 259 185 264 63 51 305 235 294 241 324 355 357 117 68 115 131 227 357 162 318 210 273 305 293 145 347 173 314 135 113 293 340 340 279 271 200 334 302 165 345 219 111 88 300 276 260 368 175 282 409 130 357 137 249 252 233 314 318 180 251 379 137 291 222 253 138 281 380 217 274 328 338 59 192 380 113 364 205 254 339 209 106 270 289 220 316 182 323 166 365 321 384 206 369 199 100 360 330 188 335
 280 269 239 51 172 317 82 286 253 355 248 283 277 346 1 293 380 275 218 57 93 326 207 221 116 462 330 310 331 253 60 194 349 209 209 301 375 236 299 357 46 289 372 20 202 316 321 296 340 315 384 290 289 308 306 145 190 244 259 242 308 356 128 116 348 145 438 206 112 170 207 307 161 17 149 217 59 386 109 72 131 410 355 413 69 189 335 227 336 239 217 93 440 73 114 187 58 207 144 321 14 320 416 182 305 282 262 154 339 119 78 114 192 306 311 372 61 310 62 186 232 179 200 213 126 240 156 193 90 321 159 204 263 319 281 358 266 28 382 149 210 55 138 104 368 69 315 231 102 36 244 214 262 224 230 305 236 110 37 325 44 222 314 126 148 215 239 236 118 293 238 303 239 117 72 127 301 256 276 101 424 217 83 291 301 199 367 348 351 276 270 288 242 313 232 317 124 207 227 177 181 79 335 58 341 13 182 60 322 314 216 212 108 333 322 169 310 347 376 246 165 342 336 286 82 241 217 172 93 310 387 96 290 190 256 172 108 43 317 468 134 228 56 255 225 244 294 35 154 413 72 103 287 260 149 249 138 170 437 38 311 313 350 67 138 217 176 104 358 267 321 168 188 66 148 253 225 286 306 21
 135 85 90 276 292 239 295 223 71 306 80 30 105 267 293 1 112 339 282 237 254 143 92 151 286 208 191 290 70 81 335 318 230 180 184 152 95 245 13 376 337 168 82 305 184 297 206 111 244 126 120 128 206 208 118 218 188 122 228 171 158 352 239 195 65 152 172 112 300 133 145 254 307 281 261 191 289 194 297 297 198 129 73 137 332 194 189 196 50 264 136 243 168 221 216 261 246 140 299 77 281 125 134 135 303 338 189 327 153 326 325 186 141 139 24 142 326 337 260 309 150 177 99 235 285 90 164 121 243 108 141 109 215 54 246 251 323 281 137 184 182 244 184 214 115 287 24 236 192 297 234 141 32 225 252 73 176 192 257 356 258 131 143 193 161 246 259 275 213 41 257 56 151 187 250 214 85 136 251 214 149 119 244 216 225 109 95 57 75 68 104 98 181 200 223 141 207 145 306 136 136 228 50 243 142 302 181 234 360 158 87 125 206 42 31 285 68 58 154 106 147 353 331 38 220 53 150 231 305 149 195 229 131 104 39 327 191 299 96 207 220 277 259 57 69 148 15 317 164 130 228 209 241 81 210 272 203 153 166 260 66 330 60 286 271 101 175 199 138 116 57 200 130 263 217 257 136 70 84 273
 133 192 201 352 333 213 363 212 181 273 133 139 210 231 380 112 1 346 305 324 321 102 175 262 344 98 151 275 146 128 412 352 185 291 215 252 28 259 100 358 424 271 61 389 295 281 174 210 207 96 10 119 193 184 214 273 298 232 231 281 256 329 297 296 51 250 62 222 359 236 255 235 352 370 309 301 363 116 357 368 303 41 120 36 406 234 146 217 65 278 246 345 61 310 320 296 341 251 349 61 369 216 45 201 293 342 297 376 102 385 396 283 197 236 89 58 402 331 357 346 177 287 204 259 340 201 270 228 344 76 242 177 216 64 240 206 332 363 41 246 293 337 251 315 25 359 97 253 285 376 245 183 133 245 268 76 285 290 346 347 351 242 238 297 235 268 272 291 317 91 271 78 261 265 349 276 84 244 248 287 46 170 316 202 207 216 17 91 37 175 210 200 196 172 239 108 273 255 328 242 203 306 112 325 88 388 227 323 353 127 194 236 307 87 89 326 161 101 71 216 218 336 313 144 300 153 261 272 370 246 117 330 122 193 136 370 288 376 72 97 327 296 337 127 164 168 122 408 232 46 322 309 230 122 318 282 310 217 59 352 70 321 65 357 323 211 226 298 66 222 139 310 196 362 270 264 246 173 78 361
 218 384 361 225 104 146 197 136 359 126 260 354 404 150 275 339 346 1 68 256 189 246 269 390 161 375 205 88 406 258 250 85 188 400 158 450 361 95 335 85 294 453 382 266 396 87 181 420 165 251 343 230 155 168 431 162 388 390 117 421 458 93 162 313 352 293 378 343 166 312 373 122 118 283 132 413 218 269 169 207 337 386 408 377 234 155 211 143 350 75 375 334 388 265 334 100 295 369 133 300 278 443 390 224 70 10 446 134 250 172 217 295 209 444 341 301 238 44 315 92 190 371 314 107 150 362 333 334 331 273 304 242 132 319 109 179 16 249 320 192 401 286 203 320 323 208 354 103 276 243 106 200 316 115 88 289 419 298 273 53 291 377 452 326 223 97 81 65 335 306 82 301 406 227 317 181 276 409 100 211 383 224 205 147 145 328 344 382 343 377 398 406 159 181 117 239 191 373 50 329 225 225 386 239 262 272 171 269 49 221 325 361 316 366 355 107 398 388 293 380 224 76 81 362 234 309 386 131 188 454 269 326 227 273 310 114 293 237 280 389 359 66 227 283 295 192 350 306 211 391 290 313 119 259 366 67 349 210 383 285 300 54 365 209 139 345 180 300 287 404 393 376 226 321 160 84 383 385 280 273
 173 321 297 168 54 133 144 111 296 146 203 295 340 151 218 282 305 68 1 193 128 210 206 324 107 349 179 99 348 203 203 55 175 333 99 386 317 49 279 142 242 387 333 211 329 104 158 357 157 211 303 187 126 143 368 95 321 325 81 354 393 139 98 247 303 227 344 278 117 245 307 113 75 223 70 346 163 246 119 154 271 345 353 338 188 91 186 90 299 34 309 270 353 200 269 35 232 303 86 253 219 381 349 160 90 71 380 99 216 131 171 228 147 381 287 267 190 93 252 53 136 304 249 48 97 298 267 269 267 230 238 181 95 269 89 174 54 191 284 126 335 222 136 255 283 153 299 53 210 188 64 141 257 61 38 240 353 231 212 111 229 311 388 260 157 38 39 23 270 253 39 251 340 161 254 115 228 344 80 146 346 165 143 120 124 262 300 329 296 315 334 344 110 155 67 201 125 307 26 262 161 161 330 176 227 216 107 206 109 186 261 296 251 312 301 53 338 335 261 316 159 125 119 302 169 248 320 65 139 390 247 261 184 209 251 83 226 183 235 361 293 15 166 226 233 141 293 250 145 349 225 247 99 205 300 39 283 145 348 223 251 96 315 154 81 280 116 234 251 340 335 310 163 259 94 53 317 324 233 213
 228 220 190 52 156 275 86 243 202 319 193 229 230 305 57 237 324 256 193 1 69 273 151 181 106 406 280 276 278 198 102 183 302 176 163 260 319 200 243 334 102 251 317 69 169 283 273 249 296 261 328 237 244 262 260 105 158 199 218 206 267 328 96 76 292 94 382 158 111 119 166 267 152 48 125 186 68 334 107 82 98 354 301 357 104 144 285 182 280 207 174 79 384 20 87 159 41 164 135 265 47 274 360 127 274 262 228 155 286 128 103 67 138 262 256 318 96 285 61 173 181 144 147 177 115 191 113 145 77 266 108 148 220 263 242 314 245 46 326 99 176 31 87 73 312 73 260 194 50 64 205 162 206 185 196 249 201 65 26 302 39 178 270 89 93 181 206 207 89 237 205 247 199 62 62 85 245 214 238 54 368 162 52 247 257 148 311 293 295 225 223 240 195 266 192 264 79 166 207 129 126 33 280 19 287 66 135 15 301 262 163 166 73 278 267 151 259 292 321 199 110 316 306 233 30 186 177 137 100 268 335 74 237 135 200 168 61 68 262 412 111 201 39 198 170 193 239 87 101 357 37 68 247 204 123 218 108 117 381 36 255 287 294 70 119 168 127 61 304 222 269 139 133 68 108 219 182 235 250 39
 205 258 229 44 88 227 43 197 236 263 191 254 273 255 93 254 321 189 128 69 1 251 163 235 41 393 246 218 307 195 97 114 261 235 125 309 322 144 257 269 125 304 327 90 229 224 234 291 251 243 323 217 202 221 303 57 219 246 168 262 317 265 36 137 299 136 375 200 51 162 218 216 84 97 59 246 47 307 48 48 161 356 324 356 88 103 252 140 289 147 224 148 379 82 153 96 108 215 68 261 92 317 362 122 213 195 286 91 263 75 76 122 125 309 268 303 85 220 127 105 155 203 181 122 48 230 168 188 145 254 151 149 173 266 189 269 178 66 315 76 236 98 72 139 305 40 276 139 102 68 152 142 223 133 138 246 259 123 86 237 103 228 317 151 93 123 147 145 155 242 146 248 252 71 130 46 238 264 184 43 366 152 19 202 211 187 310 309 298 259 266 280 157 228 141 242 49 218 140 176 122 43 301 51 268 93 102 83 235 235 196 213 137 293 281 83 290 311 304 243 108 252 245 259 54 205 230 81 52 316 308 142 216 153 216 102 118 65 252 401 178 137 39 204 188 167 259 127 92 360 105 133 196 200 188 157 172 106 375 97 254 223 305 39 51 208 99 122 288 267 295 202 128 134 60 161 232 269 244 86
 47 222 216 289 244 113 292 111 202 176 98 170 244 134 326 143 102 246 210 273 251 1 147 273 266 144 53 174 205 92 347 260 91 298 131 293 121 163 132 258 368 306 148 331 300 180 75 252 110 19 98 37 92 83 260 197 299 252 132 300 298 230 221 269 121 223 136 223 281 220 262 134 265 320 226 311 297 65 280 298 283 142 192 132 338 153 50 126 125 180 256 315 144 264 295 206 300 256 265 72 318 267 145 148 192 242 321 291 14 306 325 252 135 280 130 58 336 229 319 255 97 284 195 167 260 217 256 224 314 37 222 133 117 97 139 113 232 304 75 180 300 293 189 287 78 290 145 157 247 314 148 113 142 151 172 70 302 258 297 246 306 254 285 274 181 175 174 194 294 103 174 88 280 211 313 207 59 269 147 227 138 113 252 101 106 211 103 162 108 207 241 238 104 71 144 10 206 262 232 232 150 248 174 269 18 332 151 277 252 26 193 242 279 148 141 238 210 170 55 237 165 235 212 179 246 153 271 188 296 290 66 301 37 166 140 281 255 313 49 155 310 199 276 112 152 86 157 358 173 147 283 280 129 86 306 184 293 157 140 306 79 220 137 290 241 216 154 265 42 252 194 303 143 325 194 165 259 210 60 310
 112 116 94 186 208 203 204 178 91 266 51 94 136 235 207 92 175 269 206 151 163 147 1 138 196 263 176 239 148 57 245 235 211 159 113 184 169 178 96 321 251 189 168 218 158 247 182 152 216 131 180 114 167 177 163 131 156 127 171 167 191 301 150 126 143 79 235 86 210 74 123 210 220 196 174 172 199 210 207 206 138 205 162 208 242 116 178 132 131 196 120 174 235 136 152 181 167 118 211 118 196 175 210 49 248 270 192 239 160 235 234 111 61 177 108 178 236 276 183 225 93 140 54 163 196 95 110 83 173 128 76 28 162 114 194 230 254 192 183 95 160 162 93 145 167 196 114 169 111 208 171 74 61 157 182 103 168 117 172 296 177 120 184 129 70 173 191 205 149 87 189 98 149 97 175 124 103 147 196 123 220 51 153 175 186 71 162 147 146 110 131 139 125 174 157 140 117 123 230 87 48 138 140 154 156 216 100 150 298 147 60 106 137 132 120 201 135 149 185 115 57 298 279 101 130 45 134 148 214 186 211 159 116 20 54 240 115 209 120 267 164 204 170 49 29 98 98 234 74 207 148 138 192 63 160 206 147 66 233 178 107 272 145 195 183 83 92 125 167 138 136 158 45 188 130 194 126 119 107 188
 246 76 62 232 309 340 264 314 81 403 179 124 70 372 221 151 262 390 324 181 235 273 138 1 275 358 310 373 144 184 277 338 346 31 243 81 243 306 163 451 260 71 223 239 37 380 318 85 353 256 270 245 304 314 93 233 45 34 304 31 88 435 242 107 213 101 321 53 284 80 18 346 314 205 273 41 248 333 280 261 91 274 177 285 283 239 311 264 199 322 19 138 316 162 110 293 164 22 300 221 208 106 279 172 380 393 57 324 286 305 283 115 189 87 173 288 274 405 166 328 229 45 85 287 280 62 69 58 139 246 88 163 297 203 329 366 376 223 286 200 33 168 190 118 264 252 167 297 135 242 302 209 136 285 308 212 31 117 187 424 178 21 95 96 168 296 317 328 106 181 316 198 19 170 155 217 219 38 330 195 297 188 218 311 323 68 245 187 225 92 65 83 260 310 287 269 207 18 346 63 171 194 166 196 278 233 223 170 426 279 82 33 114 181 175 302 121 181 299 48 168 429 412 120 183 122 5 261 278 91 334 128 248 125 136 333 121 247 234 356 99 326 217 162 123 235 141 232 180 274 151 119 328 190 83 332 87 183 315 184 209 402 204 249 275 58 213 121 281 56 141 66 172 166 234 324 16 98 220 203
 221 296 267 66 58 225 38 196 274 250 218 288 311 249 116 286 344 161 107 106 41 266 196 275 1 409 253 204 342 221 97 80 262 275 136 349 348 136 288 244 136 344 355 106 269 209 238 330 248 260 345 234 204 224 341 73 259 286 165 302 356 244 49 177 327 176 395 239 16 201 258 209 48 124 45 286 58 318 15 48 200 381 357 379 83 115 260 145 318 133 264 184 400 121 192 81 143 255 31 285 119 355 386 152 196 168 327 51 277 42 66 163 150 348 298 321 84 197 160 72 172 243 218 116 12 268 209 227 181 274 191 178 174 293 183 267 152 90 334 103 276 134 103 178 327 48 307 133 142 83 147 162 256 131 128 270 299 163 118 211 136 268 356 190 127 115 135 128 194 270 134 274 293 109 165 73 261 303 176 82 389 177 58 203 210 226 335 340 325 296 304 318 166 232 139 257 80 258 113 215 151 83 334 88 283 112 119 121 208 248 234 253 176 324 312 56 326 343 320 282 140 229 225 294 94 239 270 81 34 355 318 179 232 188 249 63 158 77 274 419 216 119 71 234 222 182 292 146 123 385 142 172 192 226 227 142 212 134 396 129 279 201 334 49 30 246 119 162 305 306 330 242 157 167 75 151 272 306 267 115
 189 288 298 429 387 230 434 242 278 275 216 236 306 235 462 208 98 375 349 406 393 144 263 358 409 1 172 292 238 210 488 401 190 388 275 346 119 301 197 365 505 366 147 469 391 296 195 305 214 151 90 177 225 209 308 340 395 329 269 377 349 334 364 387 147 341 43 318 425 329 352 255 408 454 370 398 438 108 423 440 396 97 209 81 480 296 165 269 162 317 343 436 55 395 412 348 428 347 409 147 453 309 94 281 312 369 393 434 135 449 467 373 272 330 186 91 477 349 445 396 239 383 298 308 404 297 364 324 435 141 335 260 255 159 269 205 363 442 81 319 390 423 327 406 99 432 194 297 373 454 286 252 228 293 311 161 382 380 430 363 437 339 331 389 315 316 312 330 409 184 311 169 358 346 438 348 162 341 278 365 72 246 391 232 231 311 114 183 134 271 307 295 247 196 285 154 346 352 369 337 282 385 205 405 127 469 293 408 369 165 289 332 398 182 186 381 255 192 91 313 298 345 323 241 381 247 357 332 439 339 107 421 178 282 231 424 378 453 146 18 421 337 415 217 256 228 219 492 309 100 410 400 258 204 413 319 404 293 53 437 158 339 159 431 385 307 295 387 106 319 233 405 275 451 337 300 343 269 158 444
 66 266 257 288 221 64 283 71 244 124 133 217 288 82 330 191 151 205 179 280 246 53 176 310 253 172 1 126 256 127 342 232 40 333 122 338 172 132 181 208 368 350 200 332 333 132 25 298 57 68 146 67 54 38 306 190 331 292 99 338 344 179 213 290 173 247 174 258 268 248 297 87 243 326 210 346 292 68 267 291 307 190 244 178 331 144 8 109 177 147 292 333 185 275 317 183 312 292 247 123 324 314 193 163 145 200 361 269 50 290 316 271 147 326 181 100 330 183 332 229 101 315 228 142 246 257 284 257 332 89 248 156 86 148 98 62 192 306 119 182 335 304 194 307 127 284 195 129 262 313 117 122 185 127 142 120 340 277 305 199 316 291 331 297 192 149 141 160 316 150 141 137 319 220 328 205 107 311 107 230 183 132 250 61 61 245 154 213 160 252 285 284 90 25 118 51 206 297 198 263 165 252 225 273 65 334 148 287 204 34 229 278 299 200 192 217 258 222 90 278 178 186 163 225 252 192 307 173 285 336 69 320 64 193 182 257 274 310 100 186 334 167 276 152 188 90 205 363 182 195 296 299 87 123 332 148 318 167 180 314 130 173 190 284 226 253 154 284 87 295 244 332 160 339 187 129 297 256 109 315
 158 350 332 260 152 64 241 68 325 47 214 311 372 63 310 290 275 88 99 276 218 174 239 373 204 292 126 1 358 211 300 148 103 388 132 420 294 77 283 87 338 427 318 305 386 9 102 385 79 183 270 168 86 92 395 172 380 365 69 403 427 64 184 316 290 285 299 321 215 297 357 41 173 313 163 402 258 186 216 251 338 314 354 303 285 141 132 110 290 72 356 348 310 279 341 125 315 352 184 237 309 406 318 202 21 81 428 196 175 229 269 296 184 412 287 225 288 58 335 149 148 363 290 100 194 332 326 316 345 206 293 212 78 260 46 92 80 283 244 189 390 305 202 328 251 248 301 84 281 282 75 166 273 94 81 229 403 301 298 74 314 356 418 327 215 96 72 78 341 253 73 244 386 230 335 192 215 384 44 224 308 189 230 76 70 306 276 325 278 340 367 371 115 104 89 169 200 357 105 314 204 244 333 262 188 310 156 287 79 149 298 341 322 310 300 151 355 333 215 352 209 64 42 319 249 272 369 141 237 422 186 337 164 249 268 179 296 278 215 307 363 86 256 238 261 145 303 343 202 319 304 320 50 210 367 63 351 194 305 309 240 48 305 249 176 321 166 305 212 375 345 374 202 343 169 58 362 346 219 302
 203 70 96 323 355 307 347 291 79 373 148 55 78 334 331 70 146 406 348 278 307 205 148 144 342 238 256 358 1 149 379 381 295 173 250 109 121 313 76 444 374 131 92 346 180 366 273 70 310 189 156 195 275 276 71 278 187 111 296 153 112 420 297 222 98 186 197 128 355 162 146 322 368 317 322 180 338 249 352 347 217 144 35 159 379 259 254 264 86 332 135 266 188 260 237 326 278 143 359 135 318 71 149 195 372 406 162 386 214 381 374 218 204 93 76 192 372 405 288 372 218 183 132 302 343 95 184 141 266 170 173 171 284 110 315 317 391 323 182 243 175 278 240 239 159 337 61 304 230 341 302 208 92 293 319 137 159 223 294 425 292 129 94 216 216 312 326 343 233 108 325 120 136 237 277 271 149 115 320 265 169 184 295 284 293 133 132 56 113 57 81 65 250 267 291 206 263 146 372 158 195 276 35 288 201 342 245 272 428 223 116 131 232 62 66 348 24 47 206 99 204 421 400 49 266 104 145 294 358 102 250 253 198 155 99 388 224 344 157 232 234 344 306 124 121 217 57 351 221 143 261 236 309 150 221 340 219 213 189 296 127 399 82 335 331 116 238 230 192 92 14 206 191 290 277 325 131 49 147 311
 64 143 131 225 219 165 237 145 119 231 7 100 165 195 253 81 128 258 203 198 195 92 57 184 221 210 127 211 149 1 285 242 164 208 105 215 129 165 77 297 297 225 136 262 209 219 137 177 174 75 131 62 130 136 186 150 208 166 148 212 221 274 173 181 107 135 186 133 236 129 172 177 235 245 190 221 236 155 234 241 194 163 151 163 280 118 128 116 100 184 167 229 188 185 207 185 218 167 230 69 244 196 168 74 224 257 235 258 105 262 269 165 72 204 85 124 275 257 236 234 70 193 104 156 218 131 165 133 228 73 132 51 136 73 167 185 243 236 130 120 210 213 124 200 116 232 97 156 163 249 154 64 63 145 172 53 214 172 221 276 227 165 210 185 108 166 178 196 205 52 177 54 192 138 229 151 49 185 172 160 173 45 189 140 150 121 117 127 105 131 161 163 101 130 143 86 146 172 228 141 75 179 128 198 101 261 107 199 280 96 104 152 192 110 99 212 144 133 130 152 91 274 253 109 174 66 181 156 245 214 156 214 65 76 58 255 170 249 66 215 220 197 210 28 62 68 94 283 104 166 200 193 162 8 215 192 203 90 184 228 60 251 116 231 202 127 104 180 111 171 137 212 68 242 148 177 171 137 54 235
 301 321 291 61 151 319 61 289 303 346 281 329 330 344 60 335 412 250 203 102 97 347 245 277 97 488 342 300 379 285 1 166 355 267 221 357 411 231 340 334 47 346 412 41 260 305 329 349 342 338 415 312 296 315 360 153 248 298 259 299 364 338 130 171 386 195 468 258 87 220 263 304 134 76 140 275 51 403 85 52 188 446 400 447 17 199 348 234 375 229 272 151 471 121 172 177 115 262 119 353 72 374 451 212 292 258 320 119 359 80 34 167 218 361 352 398 14 289 121 160 251 237 248 211 108 292 211 245 149 348 209 237 266 355 278 361 244 57 409 169 267 110 162 161 398 58 357 228 151 39 242 236 303 224 224 337 294 163 91 302 102 277 369 182 179 210 231 224 176 329 230 337 295 150 130 141 331 312 272 126 458 244 97 295 304 249 401 390 387 326 323 340 253 323 233 338 142 263 205 229 211 108 379 93 363 48 198 110 298 331 264 265 165 375 363 151 359 391 399 299 196 322 320 333 116 284 273 172 65 366 404 155 312 231 297 138 160 37 346 495 193 215 77 291 267 262 338 70 182 449 127 160 286 291 208 238 196 197 468 95 344 295 390 59 125 268 194 158 383 322 369 226 218 124 156 246 280 336 336 76
 221 346 319 146 30 187 114 164 321 193 241 327 364 204 194 318 352 85 55 183 114 260 235 338 80 401 232 148 381 242 166 1 229 342 140 406 362 101 317 169 210 404 376 183 337 151 212 381 210 260 351 234 179 197 393 108 328 343 134 367 413 174 97 248 346 238 395 296 83 260 320 166 34 203 66 354 136 300 86 124 272 391 390 386 150 125 239 136 340 88 324 261 402 195 266 58 221 317 51 298 198 406 396 187 135 93 392 51 268 88 133 231 178 403 325 317 155 125 239 11 178 311 270 95 70 320 275 285 258 278 251 211 148 312 143 228 80 169 334 143 343 211 150 252 331 126 337 105 211 160 117 179 290 110 91 284 364 233 197 137 214 327 411 261 174 86 93 77 268 293 93 293 354 168 243 122 273 362 134 146 394 200 132 174 178 281 346 368 340 342 357 369 158 209 117 252 132 320 44 276 188 155 367 164 278 190 138 197 133 237 284 312 249 351 339 36 369 373 313 336 181 158 158 334 165 278 333 88 105 411 300 255 232 233 283 32 228 155 281 413 291 68 149 262 262 186 327 223 165 396 218 245 153 245 300 92 284 170 398 208 294 132 356 128 65 300 144 234 301 361 368 313 191 245 107 107 332 352 278 194
 102 304 294 304 223 44 295 68 282 90 169 256 327 48 349 230 185 188 175 302 261 91 211 346 262 190 40 103 295 164 355 229 1 368 141 376 208 131 220 178 385 388 236 349 368 107 31 337 25 106 179 105 60 42 345 206 365 330 99 375 382 148 226 319 211 278 200 294 276 282 333 68 245 347 218 381 307 84 276 303 338 222 282 209 343 161 42 123 215 142 329 361 212 299 346 187 336 327 251 162 344 353 225 192 123 182 398 271 86 296 327 300 175 365 220 130 342 160 357 227 128 349 264 147 254 295 316 292 359 127 281 189 90 187 88 23 177 323 150 204 370 328 217 335 161 298 234 131 290 328 118 150 223 132 141 159 376 306 327 173 339 327 370 327 219 151 138 154 345 190 138 176 355 245 353 222 146 348 97 250 212 164 267 61 53 280 189 252 197 291 323 323 108 39 124 90 226 333 191 297 194 272 264 293 100 352 168 310 180 73 266 314 328 238 231 219 297 261 119 315 206 157 134 264 274 230 343 184 295 375 84 347 102 227 220 257 302 326 139 206 365 162 294 190 225 118 244 382 207 227 321 327 77 160 364 140 349 193 207 337 169 149 227 298 234 290 176 312 120 333 283 365 189 364 202 123 333 295 148 336
 269 106 91 226 313 359 261 333 111 421 203 154 98 392 209 180 291 400 333 176 235 298 159 31 275 388 333 388 173 208 267 342 368 1 258 99 273 319 192 465 245 83 253 228 9 396 339 112 374 281 299 269 323 334 118 240 21 64 320 34 105 450 246 101 243 108 351 76 283 92 38 364 316 193 278 14 243 359 279 256 80 304 206 315 274 251 335 279 228 334 46 121 345 158 96 302 153 43 302 249 197 130 309 188 394 403 54 325 311 302 276 113 205 109 203 316 265 417 151 332 247 33 106 299 281 91 69 77 123 272 97 182 314 231 345 387 386 215 314 209 3 158 198 107 293 247 196 310 134 234 316 227 164 298 320 239 28 113 178 437 166 50 116 88 179 307 330 340 93 209 329 226 40 176 140 222 245 63 346 198 326 207 218 330 342 89 275 217 254 122 93 111 278 331 301 293 212 38 354 75 186 193 196 192 304 221 235 163 437 303 106 58 105 211 205 307 150 211 326 78 181 443 427 150 182 148 31 270 275 110 360 114 271 144 163 335 118 239 261 386 80 336 213 187 147 255 171 216 191 304 143 110 345 214 63 345 72 196 345 173 237 415 234 245 279 84 225 115 308 84 171 44 188 150 241 337 46 128 247 193
 87 228 206 166 119 114 163 83 202 167 105 197 248 145 209 184 215 158 99 163 125 131 113 243 136 275 122 132 250 105 221 140 141 258 1 296 223 66 181 210 247 300 237 211 255 139 112 264 135 126 215 100 82 100 275 69 250 237 64 273 303 193 92 189 207 155 262 192 151 167 226 111 138 207 96 271 171 184 150 170 210 254 255 250 211 23 128 23 202 84 226 225 268 160 215 82 198 222 136 159 204 287 259 72 138 158 299 162 142 175 196 169 55 289 189 186 209 165 219 132 40 232 162 53 130 207 196 186 223 142 162 86 61 173 89 152 143 185 201 65 259 189 78 202 196 163 201 57 155 191 60 43 160 45 71 145 273 174 187 184 200 227 296 199 86 63 79 94 214 155 78 154 256 107 216 83 134 257 89 110 259 67 129 85 96 177 208 231 202 220 243 250 34 105 46 122 86 226 124 184 73 133 232 153 148 213 29 171 186 113 171 212 196 214 203 112 241 236 185 226 78 188 170 205 134 152 239 59 166 298 185 213 98 120 153 156 170 189 144 285 236 95 155 127 139 49 195 243 73 258 184 194 91 107 238 94 222 63 264 197 156 161 218 163 111 193 38 179 171 250 237 244 73 226 66 82 233 228 140 196
 277 73 91 310 377 379 341 357 97 444 210 124 51 409 301 152 252 450 386 260 309 293 184 81 349 346 338 420 109 215 357 406 376 99 296 1 228 361 164 503 340 24 200 319 107 428 350 43 387 275 261 272 343 350 39 299 119 64 353 67 9 483 312 187 202 174 305 111 359 149 95 389 385 285 342 98 326 345 355 339 171 253 142 267 362 297 337 315 189 378 87 217 297 241 190 357 244 97 372 228 288 42 257 227 430 452 63 398 303 381 362 194 242 17 170 292 354 459 246 396 273 124 138 344 353 90 147 122 219 259 159 211 343 205 376 397 435 303 284 264 100 248 256 198 262 329 158 351 212 322 354 256 154 339 365 224 74 196 267 479 258 83 20 176 233 354 373 387 186 192 372 208 63 241 235 285 235 47 379 268 277 233 293 352 363 126 236 164 217 87 55 55 306 343 340 290 276 95 409 134 226 270 142 274 293 313 280 249 481 305 126 97 194 166 165 370 92 155 305 71 228 481 461 116 258 150 85 324 355 12 346 208 276 178 158 404 199 326 247 340 177 385 295 188 160 277 139 312 243 251 231 199 373 218 161 388 167 242 297 264 218 455 188 327 346 107 271 200 289 47 114 142 225 246 300 377 79 84 234 283
 145 171 183 351 341 233 365 229 163 295 132 120 188 253 375 95 28 361 317 319 322 121 169 243 348 119 172 294 121 129 411 362 208 273 223 228 1 272 84 378 420 248 34 386 277 300 195 187 228 112 37 132 210 203 190 277 281 212 246 260 231 350 300 286 31 241 79 206 363 224 238 254 359 365 315 282 363 142 361 368 291 36 94 44 406 241 168 228 46 291 228 334 74 304 308 305 333 234 355 65 364 192 42 201 311 358 275 383 123 389 396 274 199 212 72 83 401 348 349 355 185 271 191 270 345 183 257 214 334 90 232 175 231 57 257 229 347 360 67 248 275 330 251 305 49 359 77 265 278 374 258 188 120 256 281 80 265 281 341 366 344 224 214 285 233 280 285 304 305 84 284 75 241 263 340 278 90 223 264 287 55 172 316 220 225 202 19 66 25 154 189 177 207 191 251 126 274 238 340 229 202 304 87 322 109 384 232 318 371 145 180 219 297 64 69 334 137 75 97 197 217 356 332 124 298 141 242 279 372 222 143 320 135 186 125 378 280 375 83 115 314 308 336 122 154 177 103 403 231 39 315 299 248 123 304 296 297 217 73 346 70 340 41 358 328 195 230 289 90 201 115 294 195 353 275 279 228 151 85 356
