NAME : domp300p100v9
COMMENT : (Deleplanque et al.) 
TYPE : DOMP
DIMENSION : 300
DISPLAY_DATA_TYPE: NO_DISPLAY
OPEN_FACILITIES : 100
COST_SECTION
 1 192 269 248 263 280 330 171 172 500 348 186 501 27 360 322 349 284 284 87 232 486 322 179 246 130 43 157 453 233 397 235 101 302 449 488 360 165 233 388 65 361 215 175 287 476 210 361 401 234 341 188 265 272 251 153 271 448 259 371 65 461 200 376 211 161 446 265 264 396 300 355 89 419 193 362 298 296 98 381 342 141 246 148 228 298 414 437 402 315 405 128 290 265 376 261 170 179 329 405 468 440 268 360 264 17 112 272 454 340 138 15 237 175 409 225 325 277 266 310 95 396 284 231 172 384 296 425 155 296 253 225 423 109 169 230 167 52 271 294 277 346 508 100 124 370 355 253 226 504 314 255 331 190 147 325 260 308 91 212 141 244 237 66 440 206 336 407 339 389 355 395 302 306 509 192 293 461 430 220 360 62 79 439 401 277 247 443 316 105 296 452 217 301 176 256 372 442 212 517 285 275 22 237 477 309 178 277 410 272 280 138 272 120 148 200 403 113 419 275 326 112 360 444 272 60 351 209 35 236 274 395 166 360 130 158 232 242 307 452 136 149 310 339 226 67 332 145 278 358 163 415 321 89 33 252 110 315 416 304 469 398 180 281 332 401 50 516 195 330 192 278 345 300 139 184 96 399 409 211 259 317 156 441 224 477 260 253 525 152 262 300 494 332 312 212 209 373 329 354
 192 1 99 86 73 170 183 99 60 310 166 83 311 169 184 131 221 203 95 123 179 296 187 43 80 79 169 105 264 148 223 132 142 157 260 300 195 163 175 198 171 223 124 42 153 286 147 185 240 50 161 56 120 98 95 105 164 261 101 251 183 273 105 188 88 66 256 161 75 214 208 201 176 230 74 171 142 133 127 217 186 74 141 66 168 188 226 250 215 126 226 99 136 175 186 120 113 20 205 222 278 260 77 185 181 179 95 86 265 188 124 190 151 27 249 68 217 94 75 204 121 223 98 185 42 209 108 236 91 189 66 59 235 141 53 167 83 141 144 200 109 207 317 160 74 286 172 75 65 313 196 89 189 138 166 202 151 227 106 169 76 73 166 186 258 107 212 229 149 201 271 214 196 139 319 167 203 271 240 129 196 131 114 250 218 187 68 253 211 92 124 266 143 214 101 70 186 259 166 326 193 209 174 59 287 118 18 88 236 81 134 155 172 74 46 67 233 80 249 84 203 133 175 255 113 134 190 101 171 71 139 231 76 174 79 69 46 127 157 261 69 148 123 156 156 143 168 114 159 215 67 233 147 151 162 184 85 208 226 119 279 207 21 169 152 247 181 326 88 191 89 99 154 136 127 29 155 232 228 68 174 166 49 251 134 290 121 69 334 131 166 170 304 143 161 175 19 211 166 176
 269 99 1 146 68 241 88 195 157 268 165 92 262 244 192 100 131 280 101 186 268 244 97 92 24 140 236 129 193 232 226 213 237 207 190 264 217 261 263 139 262 129 211 96 213 242 126 192 259 52 74 82 181 9 156 203 100 233 21 304 274 201 195 162 70 164 216 101 93 205 280 235 270 159 82 124 186 174 181 237 219 130 89 122 138 255 154 220 141 69 137 196 184 253 138 46 124 100 261 210 213 250 62 92 260 259 189 108 195 225 155 270 235 125 268 142 138 119 62 270 214 129 110 275 139 213 109 165 188 258 97 129 204 237 101 255 109 220 70 134 11 113 265 256 147 353 89 121 137 259 114 15 235 132 264 259 90 302 193 261 130 27 129 277 241 195 267 139 117 173 340 206 263 41 262 262 278 227 199 215 98 211 195 214 134 127 33 188 278 181 28 239 232 149 111 42 171 243 258 274 268 291 254 41 240 102 103 90 143 73 47 253 246 153 129 155 137 162 255 71 118 230 164 183 164 210 92 82 241 136 201 134 173 162 140 167 98 76 203 208 134 246 122 156 124 208 70 144 87 120 108 221 53 245 237 268 174 274 162 128 230 151 119 99 159 274 270 267 86 239 181 130 105 174 157 90 250 136 217 61 123 208 146 206 102 258 49 39 281 229 243 86 252 122 66 267 82 234 68 86
 248 86 146 1 81 96 231 93 77 261 104 167 267 230 113 109 275 136 65 197 133 256 242 128 138 159 236 190 246 95 149 74 168 72 242 247 115 153 128 177 208 272 79 128 71 241 229 114 159 100 177 139 37 140 12 110 235 206 158 168 219 255 74 141 166 89 211 234 58 150 135 117 202 217 156 147 57 51 205 137 102 156 215 150 250 111 213 196 206 127 234 126 50 110 158 183 198 105 122 160 252 193 89 205 118 233 137 50 245 103 208 242 96 84 168 25 281 45 88 126 159 241 58 141 80 137 71 221 101 114 51 29 183 163 138 120 168 200 209 271 155 257 276 183 150 210 183 27 24 274 258 143 104 223 166 120 222 157 159 133 159 129 246 221 194 70 129 239 118 152 196 149 119 177 281 142 133 227 197 82 228 191 175 201 220 260 116 231 134 146 162 208 100 285 185 104 131 196 129 285 124 148 228 113 243 90 102 69 250 80 191 159 102 146 121 50 253 147 172 84 262 156 118 240 28 197 225 181 235 16 58 259 86 119 159 91 52 200 72 226 149 148 78 97 236 214 204 199 226 262 152 169 175 181 223 128 142 130 206 67 237 182 82 237 87 164 223 289 170 106 68 39 136 54 211 113 181 257 163 144 250 81 96 209 214 234 185 108 292 130 100 230 263 105 210 139 85 130 203 194
 263 73 68 81 1 175 151 149 115 241 109 122 240 240 133 60 196 216 37 191 210 225 163 96 68 144 238 155 194 173 170 152 208 140 190 232 154 215 205 126 241 192 153 99 146 217 175 134 198 39 101 98 115 62 91 161 165 195 84 237 253 202 141 121 110 126 187 165 26 154 215 169 243 160 110 100 119 107 192 175 154 137 149 128 192 189 156 183 146 57 163 164 116 190 114 110 157 86 194 161 207 201 9 128 198 250 164 40 194 159 179 261 175 93 207 83 206 52 8 203 190 166 45 218 103 156 48 166 148 192 31 71 168 206 109 197 132 212 136 200 77 177 246 226 144 286 110 56 78 242 181 69 168 175 223 192 153 237 177 207 138 59 186 256 196 140 200 167 79 134 274 155 197 97 247 211 213 201 170 157 149 203 186 181 152 191 45 182 211 163 82 200 175 214 143 29 123 198 203 256 203 228 245 48 217 51 87 26 176 10 114 213 182 145 116 103 177 152 199 12 185 198 113 185 98 205 145 126 241 75 135 181 131 112 144 129 42 135 136 190 135 204 63 99 178 212 124 168 153 182 121 172 95 218 233 207 156 207 155 65 208 136 87 165 99 210 252 254 121 172 129 62 83 107 182 85 221 179 168 90 184 141 116 180 155 223 113 34 263 186 180 153 233 76 131 213 56 171 123 118
 280 170 241 96 175 1 326 112 130 296 151 252 309 268 140 189 370 45 152 255 73 303 337 211 233 229 281 268 313 49 161 47 182 56 309 278 117 132 68 248 224 366 66 210 37 283 316 141 142 194 266 225 61 235 85 128 328 239 253 93 232 321 84 195 256 136 256 326 151 179 40 96 208 289 243 219 74 85 267 129 91 229 307 225 337 20 287 232 282 215 318 156 70 27 226 277 279 186 51 189 313 207 183 295 36 263 176 140 311 83 281 269 46 157 148 105 376 130 182 35 187 329 143 80 145 154 153 292 130 20 145 116 225 174 219 65 249 241 303 364 250 351 320 189 215 117 270 121 109 321 352 237 66 306 151 47 315 62 202 88 233 223 335 232 216 79 58 323 192 203 102 178 27 271 329 107 39 271 245 61 320 234 222 243 301 353 211 295 43 192 256 238 66 379 268 199 178 217 84 327 30 62 259 208 287 171 183 159 335 173 286 153 14 208 191 107 341 204 170 177 357 170 167 309 81 242 318 270 278 106 42 350 126 170 229 137 145 293 65 280 220 140 152 149 325 266 297 274 320 356 232 194 267 195 262 54 192 40 275 140 284 249 158 331 137 134 241 337 257 62 97 120 215 88 285 198 191 346 189 235 342 71 157 259 303 264 279 203 334 131 22 324 309 176 305 92 175 121 296 283
 330 183 88 231 151 326 1 281 242 288 228 145 275 305 256 160 48 366 179 244 355 256 24 165 104 204 292 176 188 319 286 300 316 288 186 290 286 345 350 162 336 42 298 169 296 262 139 257 325 139 85 150 265 92 241 287 77 268 83 382 347 193 282 210 121 249 243 83 176 258 365 308 347 160 140 164 266 253 234 304 293 194 92 188 137 339 155 257 144 125 110 278 265 339 173 71 164 181 342 260 213 297 144 72 347 323 267 189 191 301 199 334 322 209 332 229 73 199 145 353 291 87 188 362 224 274 183 166 273 342 181 216 242 317 170 342 164 286 62 89 78 27 274 334 216 436 96 206 224 266 52 96 313 155 347 340 80 387 266 348 192 111 124 350 285 282 347 108 172 218 424 260 347 56 266 348 363 249 229 302 45 277 264 245 121 95 120 191 361 257 71 276 319 101 156 128 225 287 345 283 354 377 319 127 258 171 184 170 103 154 53 336 332 224 205 242 87 234 314 151 47 310 223 177 247 274 36 122 298 223 285 71 258 219 204 251 185 91 283 223 201 330 192 221 128 265 39 189 63 33 171 270 68 322 299 355 248 357 172 201 248 175 203 68 227 342 340 270 136 318 267 210 150 253 199 168 328 79 268 127 104 287 228 230 116 288 71 125 289 313 329 39 263 183 23 354 168 302 38 79
 171 99 195 93 149 112 281 1 40 353 196 169 360 158 201 195 319 127 150 146 87 348 285 129 178 129 170 173 334 69 235 66 78 133 330 339 195 67 85 265 121 321 47 127 117 333 230 202 233 144 249 146 98 193 92 19 260 298 200 204 131 343 30 233 181 37 303 256 135 240 139 186 111 303 164 235 132 133 160 214 175 132 235 130 252 131 299 287 290 204 312 45 124 103 247 218 187 107 161 250 343 280 157 275 104 155 65 135 334 171 181 161 74 75 241 74 314 134 155 145 77 313 146 92 59 223 159 308 20 129 124 82 276 72 133 79 159 130 241 295 206 305 369 92 113 216 258 110 78 367 293 186 161 216 75 157 246 153 91 74 136 171 253 132 283 36 168 315 207 245 201 239 136 234 374 69 133 319 289 52 291 123 111 293 300 280 164 320 151 82 219 299 56 307 179 160 223 285 71 377 123 126 150 156 336 177 103 149 324 154 232 68 107 104 96 48 324 98 254 158 301 66 210 327 110 131 285 192 167 86 105 325 25 211 129 35 108 222 140 318 121 57 169 189 242 156 263 176 256 313 143 259 239 92 151 99 83 150 295 159 329 271 80 265 179 232 137 381 176 161 26 130 222 137 184 120 90 325 253 164 266 149 61 301 224 326 219 161 385 39 97 268 355 196 259 78 114 206 262 265
 172 60 157 77 115 130 242 40 1 334 179 133 338 154 189 166 280 154 122 128 123 325 246 92 140 100 162 142 305 96 226 85 96 135 301 321 190 104 119 236 134 283 71 90 124 312 195 190 231 106 213 108 96 155 80 47 222 280 161 219 145 314 51 211 143 13 282 218 105 225 163 187 131 273 126 207 128 125 139 210 173 102 197 98 217 149 269 269 259 171 277 52 120 128 220 179 154 68 174 235 316 269 123 239 131 157 61 108 305 172 153 166 100 36 240 54 276 110 120 164 83 277 120 128 21 213 133 278 34 149 94 56 256 93 97 112 125 125 202 257 167 266 346 113 86 242 223 85 56 343 254 148 166 183 109 170 208 180 84 111 105 132 218 148 270 55 181 280 180 224 226 225 156 197 350 108 158 298 267 77 253 116 101 273 267 243 125 292 171 71 181 283 88 270 145 123 204 271 108 355 148 157 152 117 314 149 65 120 289 121 193 99 128 79 64 29 288 77 248 125 262 85 192 297 101 123 248 154 161 65 110 288 17 192 100 16 75 184 139 293 91 91 145 171 206 143 226 146 217 274 108 245 202 108 147 131 68 169 266 137 307 243 41 227 162 234 148 358 139 167 35 109 192 129 156 82 109 288 239 125 229 149 28 279 187 309 180 124 363 73 120 229 333 170 221 116 76 203 224 229
 500 310 268 261 241 296 288 353 334 1 158 354 25 478 159 182 326 334 217 431 366 39 311 335 286 384 478 390 112 331 139 313 428 243 112 21 181 408 360 132 467 308 329 338 264 27 393 158 175 277 210 335 263 261 263 371 352 59 287 274 478 112 331 124 336 346 55 356 237 119 319 207 462 131 342 146 231 225 432 175 207 376 351 368 402 294 135 67 145 201 188 385 238 322 132 307 389 326 267 109 87 97 239 217 331 485 392 229 108 216 416 495 330 326 174 283 359 225 241 297 416 215 217 374 330 144 204 125 361 299 247 279 79 423 348 355 368 449 323 374 267 304 36 443 383 345 196 250 280 43 339 280 236 399 423 269 347 337 411 376 378 282 391 480 84 325 266 192 163 112 342 120 298 254 51 391 323 42 72 328 248 439 422 62 171 376 272 101 301 396 252 60 344 387 375 257 131 84 372 37 320 355 480 280 31 193 326 224 205 232 296 418 309 384 355 310 224 389 142 230 333 416 144 120 246 443 254 349 480 271 267 246 346 143 384 349 269 340 234 66 375 406 191 166 389 452 252 405 336 298 360 104 233 440 471 349 391 297 117 198 41 119 321 346 175 194 480 57 351 241 328 226 166 221 418 325 441 235 109 320 379 227 346 64 368 36 310 261 42 389 316 319 35 168 283 381 295 182 254 211
 348 166 165 104 109 151 228 196 179 158 1 229 166 328 29 70 275 193 75 287 215 157 247 200 173 244 331 261 164 178 63 159 271 96 160 144 61 251 209 104 311 265 172 202 115 140 283 29 97 147 149 204 107 157 105 213 264 103 184 167 322 172 173 45 218 191 110 265 94 49 182 87 305 144 217 78 79 70 292 77 76 238 253 230 299 154 142 92 139 105 183 229 85 175 81 210 265 184 139 58 163 95 111 174 184 333 238 81 162 86 285 343 177 176 105 126 295 73 112 163 261 200 70 223 177 49 62 145 205 159 101 124 81 266 212 203 238 299 234 296 170 253 176 286 239 233 145 97 124 175 271 171 104 283 266 139 254 204 259 222 240 165 291 324 93 168 142 188 59 54 224 49 160 176 183 235 184 126 98 173 206 289 272 99 164 291 152 146 168 245 164 105 189 311 251 134 29 95 218 184 178 212 328 156 143 64 183 85 202 100 208 261 163 237 210 153 213 241 92 100 271 259 17 161 89 294 207 233 332 115 115 227 189 20 244 194 122 238 87 131 234 249 47 11 284 307 192 274 250 253 226 68 162 284 321 201 240 164 127 48 137 102 172 262 18 114 325 191 229 110 171 71 83 66 287 187 284 220 63 198 287 84 194 111 261 131 213 140 191 232 167 243 163 46 212 227 155 76 192 163
 186 83 92 167 122 252 145 169 133 354 229 1 349 161 252 176 169 283 156 101 254 332 139 42 70 61 149 38 284 227 290 212 181 237 281 348 269 224 251 228 194 178 202 44 235 328 65 253 314 83 164 29 202 98 176 167 97 313 78 333 205 292 182 239 26 133 300 92 138 275 289 279 208 250 13 209 221 211 93 291 263 51 70 47 86 271 245 301 232 154 225 149 215 256 223 76 37 67 287 282 304 322 121 178 261 179 133 153 286 266 65 190 230 99 323 150 154 164 120 286 154 213 162 260 113 276 168 256 154 272 134 140 285 183 37 244 20 142 88 129 97 163 353 198 75 368 179 151 147 348 137 78 269 57 221 284 84 308 126 241 49 73 86 208 316 185 294 226 195 252 353 276 278 124 351 235 285 313 284 208 175 134 121 297 224 114 84 278 294 119 116 319 220 141 22 99 243 318 239 363 275 288 175 76 327 170 71 145 228 131 94 208 253 84 75 147 219 95 318 132 147 177 234 274 193 130 166 26 155 153 221 210 145 232 61 135 119 61 237 296 60 206 183 219 75 122 148 53 98 174 30 293 142 185 155 262 111 291 252 184 318 239 96 105 218 324 197 357 10 272 166 172 190 213 66 56 191 214 289 35 98 245 109 292 56 340 75 95 370 191 247 117 340 195 127 246 83 286 145 175
 501 311 262 267 240 309 275 360 338 25 166 349 1 479 171 181 311 348 219 430 378 20 298 333 281 383 478 386 93 342 155 323 433 255 93 43 195 417 372 124 471 293 338 336 275 28 385 170 193 274 199 331 272 255 270 377 341 73 280 292 483 92 338 128 330 350 58 345 239 131 334 223 467 116 338 143 242 235 430 191 221 375 342 366 393 308 120 78 132 196 172 390 248 335 128 298 384 326 283 122 67 116 237 204 344 487 396 232 89 230 412 498 341 328 193 288 345 229 239 312 420 198 220 386 333 158 207 110 367 313 249 283 86 429 346 366 364 450 313 362 260 289 13 449 383 363 185 254 285 19 326 274 251 393 431 284 337 353 413 386 376 277 382 485 102 333 282 175 163 116 360 133 312 244 27 400 337 42 73 338 233 441 423 68 156 364 268 85 316 399 244 76 354 374 370 254 138 102 382 18 334 368 482 277 25 194 326 225 188 231 287 426 322 384 355 315 207 390 161 229 319 421 151 102 254 443 240 343 480 276 278 228 351 150 383 353 271 332 246 55 374 414 194 172 380 451 240 401 325 282 357 118 223 445 472 362 392 312 105 203 33 111 322 335 183 213 484 34 345 256 335 231 162 231 414 323 446 218 123 316 368 240 348 61 360 56 301 258 26 397 328 307 13 170 271 392 295 198 242 199
 27 169 244 230 240 268 305 158 154 478 328 161 479 1 341 299 324 276 262 61 226 464 296 154 220 105 23 131 429 223 378 223 96 286 425 467 343 162 227 365 68 336 203 150 273 454 186 342 385 210 316 163 249 247 233 141 246 427 234 360 73 437 186 355 185 143 424 240 242 376 291 339 93 394 167 339 281 278 73 364 326 115 221 123 204 287 390 416 378 291 380 114 273 256 353 236 145 155 317 385 445 421 244 334 256 23 96 251 430 324 113 33 227 153 393 206 301 256 242 300 83 370 263 226 152 365 275 401 141 285 232 205 401 104 144 223 141 31 246 270 251 321 485 99 99 364 330 233 207 481 289 230 317 166 146 313 235 301 72 206 115 219 213 75 420 193 324 382 317 368 349 376 292 281 486 188 285 439 408 208 334 40 57 417 376 253 222 419 306 85 270 431 207 277 151 231 351 422 206 494 276 269 22 212 455 286 154 255 385 249 254 135 262 96 125 183 377 90 401 252 301 105 339 419 254 36 326 183 15 217 260 369 150 339 105 141 210 217 292 429 111 144 289 319 202 42 307 120 253 332 138 395 296 86 8 245 90 305 392 283 447 374 158 256 312 386 58 493 169 316 178 258 321 282 115 160 94 373 390 185 235 301 136 419 199 456 235 229 502 144 252 274 472 310 287 207 186 356 304 329
 360 184 192 113 133 140 256 201 189 159 29 252 171 341 1 98 303 180 97 304 208 164 275 220 198 262 345 283 182 173 40 155 278 85 179 143 35 251 202 127 319 293 171 222 106 144 307 2 69 170 177 226 106 184 111 219 291 102 211 143 329 190 176 64 242 201 117 292 115 42 167 63 311 165 240 104 73 69 310 49 55 257 279 249 324 139 164 94 163 133 209 237 80 165 105 236 287 203 119 52 178 81 136 202 174 344 249 100 180 65 305 353 172 191 77 136 323 91 137 146 270 227 91 216 190 26 86 166 212 145 121 137 87 272 233 197 259 311 261 324 197 281 182 291 255 211 173 111 135 182 298 197 85 306 267 120 281 187 271 217 259 190 317 331 84 170 121 214 87 69 204 41 145 203 190 233 170 133 108 171 234 302 286 105 189 318 176 164 151 257 192 102 186 338 273 159 45 85 213 188 165 199 339 180 149 91 201 108 228 124 236 263 152 253 226 162 240 256 67 125 298 265 39 181 92 307 235 257 346 125 109 254 197 42 262 203 139 264 76 143 252 251 72 37 310 322 220 295 277 281 246 59 190 291 334 192 252 147 148 69 145 123 187 289 35 86 334 199 252 91 176 86 111 65 308 207 290 247 53 222 313 70 206 121 286 128 239 164 196 235 158 271 170 74 240 222 174 49 220 191
 322 131 100 109 60 189 160 195 166 182 70 176 181 299 98 1 207 233 46 250 240 165 178 154 111 203 298 211 140 201 129 180 261 141 136 174 128 259 234 71 297 197 187 157 154 157 222 98 166 96 83 154 132 91 116 209 197 138 119 228 308 149 180 65 160 178 128 199 62 106 226 151 296 110 164 42 119 106 251 145 137 195 188 187 236 198 106 126 98 36 130 217 121 209 56 144 211 146 193 111 151 151 58 110 218 309 220 61 140 146 236 319 202 150 174 122 226 65 60 210 245 141 51 248 157 117 39 114 197 202 74 114 110 258 167 227 188 271 167 228 103 184 187 278 203 288 83 87 118 183 202 108 160 225 269 192 188 249 235 241 197 105 227 311 143 177 197 134 20 77 278 107 206 107 188 250 226 142 111 190 140 261 244 123 114 224 93 127 217 221 96 144 208 243 197 78 72 145 237 196 218 248 304 101 157 20 146 48 147 51 141 261 199 204 176 148 154 211 158 49 202 250 67 133 111 264 140 175 300 111 148 165 180 64 203 181 94 174 134 131 194 251 39 62 222 271 124 225 183 185 179 122 93 272 292 232 214 213 101 50 149 78 144 195 69 183 308 196 173 166 171 73 28 105 238 144 274 160 118 142 221 135 171 121 199 165 147 82 204 233 200 175 173 25 143 247 115 144 124 99
 349 221 131 275 196 370 48 319 280 326 275 169 311 324 303 207 1 410 225 264 396 292 35 197 143 229 309 194 221 361 332 343 347 334 220 330 333 382 392 205 362 22 339 200 341 301 145 304 372 180 130 181 310 136 286 323 80 311 121 429 373 225 323 256 147 285 284 86 221 304 410 355 375 197 167 210 312 300 252 351 340 219 104 214 135 385 193 300 183 172 141 311 311 383 218 102 180 215 388 306 247 342 189 113 390 344 298 234 225 348 213 355 364 246 379 271 40 245 190 399 321 115 234 403 261 320 230 202 309 387 226 259 286 349 199 384 187 308 82 70 121 24 309 364 243 482 139 250 267 301 37 136 360 164 382 386 90 431 294 388 217 151 122 376 330 323 394 138 218 263 469 306 392 103 300 387 407 289 271 344 80 301 289 288 156 83 162 227 406 286 117 319 360 76 174 172 271 332 385 318 398 420 340 167 296 218 219 216 129 200 88 370 376 251 236 283 110 262 360 197 24 342 269 211 293 297 74 144 316 266 330 89 295 266 229 288 228 109 329 262 228 365 239 268 130 283 85 205 72 30 197 315 115 352 319 397 278 403 211 248 287 217 240 70 274 389 365 303 160 364 307 256 197 299 212 202 358 99 313 159 99 333 264 271 127 329 102 169 323 349 373 53 299 230 67 394 207 349 84 121
 284 203 280 136 216 45 366 127 154 334 193 283 348 276 180 233 410 1 195 272 56 343 376 242 270 252 292 295 356 59 197 72 184 98 352 316 154 124 52 292 224 407 84 240 80 322 346 181 171 232 309 257 104 275 126 139 364 277 291 97 229 364 104 237 290 158 296 362 192 219 20 129 204 333 275 263 117 129 286 162 128 255 342 251 369 42 330 271 325 258 362 168 114 29 269 315 307 217 72 228 355 242 224 337 24 268 190 182 354 119 305 272 55 186 176 141 414 173 223 41 195 372 186 59 172 191 196 335 146 36 186 153 265 176 249 55 278 251 340 400 290 392 359 188 237 90 313 162 145 360 391 276 99 335 144 69 351 27 216 75 258 261 368 230 252 100 76 366 235 245 75 217 38 312 369 96 14 311 286 78 362 246 235 283 345 388 250 338 41 208 297 275 72 414 297 239 220 253 74 366 16 22 264 245 327 214 213 202 378 215 324 149 36 229 217 137 384 224 202 218 396 173 209 352 124 254 360 303 288 145 86 392 146 212 252 158 184 328 107 322 244 137 196 192 357 281 339 299 357 397 261 232 309 196 271 33 209 43 318 184 324 292 188 368 180 159 241 377 289 94 120 163 258 132 309 229 190 389 227 269 376 111 181 300 336 301 316 242 373 133 38 363 348 220 345 76 210 155 338 326
 284 95 101 65 37 152 179 150 122 217 75 156 219 262 97 46 225 195 1 217 197 205 193 127 103 172 263 188 185 158 135 137 218 110 181 206 118 214 191 116 254 219 143 129 120 194 211 98 162 74 115 131 92 94 73 165 200 167 119 205 266 194 136 94 146 134 163 200 22 121 191 134 253 155 144 86 88 75 220 139 119 165 185 157 228 164 151 155 142 64 171 174 87 170 99 145 191 112 164 129 194 168 41 144 179 270 178 16 185 125 211 280 160 110 171 77 238 23 41 177 203 179 10 205 115 121 14 159 153 167 31 69 141 214 139 184 165 233 170 234 108 205 226 234 169 258 119 42 73 223 213 104 135 210 224 162 188 213 195 197 168 95 221 268 164 133 170 175 59 107 247 122 171 124 229 205 190 179 148 146 169 223 206 156 156 226 81 171 185 181 109 171 164 249 177 64 92 166 193 235 181 209 265 84 195 28 112 12 186 29 147 217 160 168 140 103 191 174 163 31 216 207 81 178 72 227 167 161 264 66 111 198 136 80 172 137 53 170 105 172 162 206 29 65 214 237 147 200 187 208 153 140 117 229 255 191 175 181 145 29 187 122 105 199 63 175 267 237 156 140 127 33 73 75 214 114 231 195 135 125 220 109 130 159 190 195 147 69 243 188 160 185 213 50 159 203 82 135 147 132
 87 123 186 197 191 255 244 146 128 431 287 101 430 61 304 250 264 272 217 1 228 414 236 99 163 48 51 71 374 215 342 209 113 261 371 421 311 175 227 312 108 275 191 95 251 406 129 305 355 157 259 105 222 190 203 134 187 383 175 346 117 382 172 309 125 120 377 180 196 335 284 312 128 340 107 289 252 246 18 332 297 58 161 66 149 274 335 371 323 238 322 106 244 248 303 176 86 106 300 344 392 381 194 276 250 81 84 208 376 297 57 92 219 114 364 174 242 215 192 288 89 311 219 230 119 328 230 346 128 273 188 170 356 119 87 221 81 48 186 212 193 260 435 125 49 361 273 194 173 431 229 172 293 109 164 296 175 298 60 210 57 162 156 120 379 177 307 323 268 322 346 335 280 222 435 196 278 391 360 197 274 44 42 371 319 195 167 366 295 66 212 387 201 220 91 178 308 381 209 445 269 269 77 157 406 239 106 209 326 200 194 151 251 52 79 155 318 52 367 202 241 116 296 365 223 36 266 123 56 182 237 309 130 296 48 119 167 157 265 379 57 155 245 278 145 23 247 61 193 272 79 354 238 110 56 243 64 293 339 241 398 323 117 196 272 359 106 442 109 294 159 219 270 250 59 107 119 314 349 127 177 274 103 370 139 411 174 175 452 148 242 214 422 264 226 213 137 326 244 271
 232 179 268 133 210 73 355 87 123 366 215 254 378 226 208 240 396 56 197 228 1 370 362 214 254 215 242 260 373 40 232 61 132 124 369 349 189 70 7 306 170 396 58 211 104 351 316 210 214 217 309 230 111 264 125 95 342 309 276 150 175 381 75 258 264 123 323 339 189 249 74 168 150 346 248 275 138 146 243 201 163 219 318 217 338 84 343 301 336 260 367 123 132 48 284 297 274 190 119 259 376 279 218 337 42 216 145 183 372 156 267 219 39 157 220 128 395 176 217 91 146 374 190 9 142 224 202 350 105 80 180 141 293 124 218 14 246 202 321 378 278 380 388 134 198 140 315 158 133 388 373 261 138 302 89 115 328 78 169 21 222 246 339 176 287 74 124 371 247 268 124 247 85 304 396 41 67 339 312 54 358 197 189 311 352 364 236 356 94 163 288 308 37 391 265 228 243 288 20 395 62 44 212 230 355 221 186 201 382 211 309 95 61 190 183 115 385 183 242 215 380 122 231 368 132 207 354 276 238 137 101 390 111 234 215 121 172 305 134 345 208 84 206 212 327 234 332 262 337 387 229 264 304 143 221 24 166 94 334 194 351 308 161 347 200 205 187 405 261 134 91 168 267 150 270 203 137 388 259 246 350 141 147 325 309 334 298 231 403 83 53 346 376 232 333 22 190 193 331 326
 486 296 244 256 225 303 256 348 325 39 157 332 20 464 164 165 292 343 205 414 370 1 279 317 263 367 462 369 75 333 152 314 420 248 75 52 191 406 364 106 458 274 328 320 268 25 367 163 193 258 180 315 263 237 259 365 322 71 262 291 470 75 328 116 312 337 48 326 224 126 329 219 455 97 321 126 234 226 414 189 216 358 324 350 374 302 101 74 113 179 153 377 240 328 112 280 366 310 279 117 50 118 221 185 337 473 382 218 71 226 395 483 333 314 194 276 326 217 223 308 407 179 206 378 319 154 193 91 354 308 235 270 79 416 329 358 347 436 294 343 242 270 22 436 367 362 166 241 272 19 307 256 246 375 420 280 318 348 398 377 360 260 363 472 103 323 279 157 148 105 358 127 307 226 27 391 332 33 61 328 214 426 409 60 137 345 251 66 312 384 225 77 345 355 353 238 129 103 373 32 328 363 468 260 18 179 310 210 169 216 268 414 315 368 340 303 188 375 162 213 300 409 141 84 244 428 221 325 465 263 270 210 338 139 367 340 256 313 239 37 358 403 181 162 362 435 221 383 306 263 340 115 205 432 457 355 378 308 86 190 20 94 308 316 173 214 471 35 328 252 323 219 145 222 397 307 433 199 119 299 350 233 334 48 341 62 282 241 40 385 321 288 9 156 252 383 279 195 223 180
 322 187 97 242 163 337 24 285 246 311 247 139 298 296 275 178 35 376 193 236 362 279 1 164 109 199 283 166 211 328 305 309 315 302 209 313 304 348 358 185 331 40 305 168 308 285 124 275 343 146 107 148 277 103 252 290 59 291 87 397 343 215 289 231 116 252 265 66 188 278 376 325 344 183 136 185 280 268 225 322 310 189 78 183 118 351 178 279 167 143 132 278 278 349 195 69 153 182 356 281 236 319 156 95 356 315 266 202 214 317 188 327 330 212 351 238 50 213 157 366 289 109 203 369 227 293 199 189 276 354 193 225 264 316 167 350 158 279 52 67 88 25 297 332 212 449 118 217 233 289 29 102 328 141 349 354 65 398 263 354 187 117 106 346 307 289 362 131 191 239 436 280 359 73 289 353 374 272 251 310 67 271 259 268 144 73 128 214 373 254 86 298 326 78 147 139 245 309 351 306 364 386 312 133 281 187 185 183 124 167 54 337 342 220 204 249 108 231 334 164 25 310 242 200 260 268 59 115 289 233 297 90 262 239 199 254 194 81 297 246 197 332 209 239 111 256 61 179 47 37 166 291 88 320 291 363 246 370 195 217 271 197 207 49 245 360 335 293 130 333 273 224 171 268 187 169 326 99 289 126 84 302 230 253 103 311 69 135 312 315 339 23 286 202 36 360 173 320 59 101
 179 43 92 128 96 211 165 129 92 335 200 42 333 154 220 154 197 242 127 99 214 317 164 1 69 51 148 64 277 186 259 171 152 198 273 327 234 188 210 215 173 202 161 5 195 310 106 221 279 60 163 18 161 95 137 130 132 290 86 293 185 285 141 216 53 94 281 128 107 247 248 242 183 242 35 192 183 174 98 256 226 42 106 34 128 229 237 278 226 140 227 116 177 214 206 96 71 26 247 255 294 294 98 183 219 168 103 121 278 229 86 180 189 58 288 110 187 130 96 245 127 220 131 219 73 245 139 249 116 230 101 100 262 153 14 203 42 129 116 166 100 186 338 170 56 326 177 114 107 334 167 78 230 97 187 244 118 267 103 202 44 66 127 188 290 144 254 230 173 229 312 247 237 131 338 197 243 295 265 166 187 120 104 276 223 152 70 268 252 93 119 295 179 179 59 81 217 292 199 348 233 246 163 60 310 145 29 117 234 105 113 174 212 62 41 106 228 72 286 107 177 147 206 267 154 120 179 63 152 113 181 222 105 205 51 96 83 94 199 282 44 171 155 190 116 121 158 75 129 196 27 266 144 158 147 221 85 250 242 153 301 225 55 138 187 288 179 345 48 233 125 137 173 177 89 15 164 225 261 39 137 207 70 274 96 318 96 77 356 155 206 144 325 171 144 207 47 250 156 176
 246 80 24 138 68 233 104 178 140 286 173 70 281 220 198 111 143 270 103 163 254 263 109 69 1 116 213 108 215 220 234 202 216 204 212 281 220 242 250 158 240 144 197 73 207 260 112 199 264 39 97 59 174 29 149 184 99 248 23 301 252 223 181 175 51 146 233 98 91 215 272 236 248 181 59 141 184 172 158 241 220 106 82 98 127 249 176 235 163 86 160 176 180 243 155 46 104 79 257 221 234 261 63 115 250 235 167 107 217 226 134 247 223 106 273 131 145 118 63 263 193 152 111 261 121 221 114 187 170 251 92 118 219 216 78 242 87 197 72 134 33 128 284 234 124 347 112 115 126 278 121 10 233 115 245 255 87 293 171 246 106 10 119 255 254 181 264 162 130 187 333 216 256 63 282 246 269 245 216 202 120 188 172 230 157 125 24 209 271 159 51 254 218 149 90 40 182 256 243 294 259 279 231 26 259 110 82 92 166 75 56 233 237 130 107 141 160 140 263 74 127 209 174 205 160 187 113 64 217 127 195 156 155 172 116 149 88 68 201 227 111 227 127 163 113 185 91 122 89 136 84 232 77 224 214 256 151 268 183 131 249 170 100 100 164 277 247 288 66 237 165 128 122 173 135 68 229 158 228 38 117 207 126 223 89 274 48 35 301 210 233 94 271 133 82 252 66 238 89 109
 130 79 140 159 144 229 204 129 100 384 244 61 383 105 262 203 229 252 172 48 215 367 199 51 116 1 98 48 327 194 300 184 123 227 324 375 271 174 213 265 134 238 170 48 220 359 108 263 316 110 212 59 188 143 166 122 155 337 130 317 145 335 149 263 84 95 330 150 151 291 262 275 149 292 65 241 215 208 49 293 260 11 129 19 131 248 288 325 276 190 276 99 208 226 256 134 63 60 271 300 344 338 147 230 230 121 79 164 328 261 54 132 198 76 325 137 212 172 145 263 97 267 175 219 85 286 185 299 111 248 143 131 310 127 40 206 43 83 148 186 147 223 388 140 18 341 226 152 136 383 196 126 259 92 168 267 143 278 67 199 13 115 135 148 335 154 278 278 222 276 325 292 255 177 388 189 256 344 313 175 231 74 61 324 272 169 120 319 270 62 166 342 184 196 60 131 263 337 198 398 247 253 117 110 359 193 61 163 281 153 153 155 227 28 39 123 274 38 326 155 207 122 252 317 186 72 223 86 102 144 205 266 107 251 1 96 123 121 229 331 11 154 200 234 123 70 203 48 158 233 35 310 192 126 99 227 56 268 292 197 350 275 78 164 229 322 137 395 70 261 134 177 223 211 57 60 133 270 305 82 152 238 73 323 110 365 134 128 405 142 219 177 375 218 185 203 91 287 201 225
 43 169 236 236 238 281 292 170 162 478 331 149 478 23 345 298 309 292 263 51 242 462 283 148 213 98 1 117 424 237 383 235 114 295 420 468 350 180 243 361 90 321 216 145 283 454 169 347 392 206 309 155 257 240 240 154 230 429 225 373 95 432 198 355 174 151 424 224 242 379 306 347 114 389 157 337 289 285 59 371 334 108 206 116 186 300 385 417 373 287 372 126 281 270 351 224 130 153 329 388 441 424 242 326 270 45 106 253 425 333 97 53 241 156 401 212 284 259 240 313 98 361 264 243 157 370 276 396 152 298 233 210 402 122 137 238 130 41 232 253 243 307 483 120 96 380 323 236 213 479 274 222 326 149 165 325 220 317 80 223 107 212 195 97 423 204 336 373 316 368 365 379 305 272 484 206 299 438 408 221 323 48 62 417 369 236 217 415 320 92 262 433 222 259 137 227 353 425 223 493 291 285 44 207 454 286 153 255 376 247 243 154 275 95 124 190 367 91 407 250 286 122 341 414 261 40 315 171 10 222 269 358 159 341 98 150 211 203 300 427 106 162 290 322 185 29 296 105 238 319 129 398 288 106 25 261 95 318 389 285 445 372 160 240 316 395 80 491 158 326 188 261 319 289 98 156 114 363 393 177 218 310 140 418 183 457 223 224 501 160 266 260 470 311 275 225 184 363 294 321
 157 105 129 190 155 268 176 173 142 390 261 38 386 131 283 211 194 295 188 71 260 369 166 64 108 48 117 1 321 237 321 225 169 260 318 384 297 220 257 265 174 205 212 63 255 365 62 284 342 117 201 58 222 135 198 168 116 348 114 353 184 329 192 274 61 139 336 110 169 308 303 305 191 287 49 245 245 237 60 319 289 42 91 45 85 287 282 336 269 191 261 145 239 268 260 109 17 86 307 315 341 355 155 214 272 151 126 183 323 291 27 163 241 112 351 170 172 193 154 302 142 248 193 264 124 307 201 293 157 287 163 162 320 173 52 251 24 117 116 143 134 191 390 184 65 382 216 177 168 385 159 115 292 45 214 304 105 321 112 245 38 110 90 187 350 196 314 262 230 287 367 309 294 160 388 235 298 350 320 218 209 110 101 332 261 126 120 315 310 108 153 354 227 152 21 135 277 352 243 400 288 297 148 111 364 204 89 178 263 164 127 201 268 74 79 162 253 84 349 165 171 168 267 311 217 105 200 55 124 175 241 243 151 266 48 140 146 87 261 333 53 201 216 251 78 91 183 16 122 202 38 326 178 170 126 271 102 307 289 215 354 276 112 126 249 351 174 394 44 294 176 200 226 239 29 78 178 248 322 71 109 269 115 328 69 375 108 130 407 189 260 144 377 229 159 249 110 313 180 211
 453 264 193 246 194 313 188 334 305 112 164 284 93 429 182 140 221 356 185 374 373 75 211 277 215 327 424 321 1 334 186 314 400 259 5 121 215 398 367 70 434 202 324 281 277 91 310 182 231 220 122 271 263 188 252 349 259 122 209 323 446 10 319 120 262 316 88 264 201 154 345 244 434 36 274 101 240 230 372 220 237 318 264 309 315 317 41 116 53 140 81 355 245 337 90 223 316 275 301 148 27 167 188 119 346 441 356 200 5 247 348 452 335 286 235 261 257 203 190 326 382 107 190 381 295 182 177 29 337 322 213 253 110 397 288 360 301 403 233 276 189 200 89 417 331 392 107 226 257 81 239 207 266 320 409 301 257 367 369 377 318 214 303 448 151 315 303 84 129 115 385 156 323 167 80 387 347 84 85 325 145 393 376 99 68 280 208 20 331 355 170 129 343 288 303 198 139 152 372 98 341 374 436 218 84 159 277 187 96 186 209 401 324 334 306 287 115 342 205 183 231 389 148 12 242 394 153 273 428 250 275 137 320 145 327 319 232 255 250 55 320 390 170 165 303 396 156 336 243 192 297 152 147 410 422 362 348 327 41 181 76 66 280 251 177 252 444 83 279 272 311 209 114 226 349 270 413 126 154 252 287 247 308 76 284 127 225 201 103 372 328 223 81 142 188 382 246 224 159 117
 233 148 232 95 173 49 319 69 96 331 178 227 342 223 173 201 361 59 158 215 40 333 328 186 220 194 237 237 334 1 200 22 134 91 330 314 157 85 34 267 176 360 26 184 71 315 290 174 187 182 270 201 73 228 86 83 311 274 241 139 184 343 46 221 235 100 286 308 151 214 71 139 159 307 219 236 101 109 228 171 132 197 288 193 312 66 304 265 297 221 328 112 95 35 246 263 250 161 99 224 338 247 181 299 36 217 133 144 333 125 247 222 5 129 194 92 362 137 179 78 141 335 151 48 115 191 163 311 88 64 142 104 257 127 192 27 221 197 289 347 242 345 352 141 179 148 276 120 97 352 340 226 110 278 104 95 297 85 159 45 200 211 312 184 253 43 106 332 208 231 132 212 70 267 360 62 64 302 274 20 320 190 179 275 313 334 201 318 84 150 252 274 18 361 240 192 206 255 41 359 55 62 213 195 319 182 157 163 343 173 275 105 40 171 159 82 347 166 212 177 346 122 194 329 93 199 317 247 233 99 65 352 88 196 194 99 135 274 100 307 186 92 167 174 300 224 295 241 305 351 203 230 267 147 217 37 152 83 295 155 314 269 132 315 162 180 193 368 233 108 62 129 228 112 251 174 143 350 225 215 321 108 123 288 280 300 265 195 367 83 30 313 340 193 298 51 157 163 294 288
 397 223 226 149 170 161 286 235 226 139 63 290 155 378 40 129 332 197 135 342 232 152 305 259 234 300 383 321 186 200 1 184 312 110 183 120 45 281 226 142 354 320 202 260 130 129 344 38 47 208 203 264 138 218 147 253 325 83 246 141 364 192 208 80 280 237 108 326 153 34 181 69 344 176 278 126 104 103 348 38 70 295 314 287 360 156 175 79 177 164 226 273 112 187 122 271 325 241 129 39 176 48 173 226 195 381 285 139 183 79 344 390 198 229 52 173 354 130 174 160 306 246 129 240 228 15 123 175 247 162 159 174 79 306 271 222 298 349 295 357 231 309 166 325 294 212 197 149 172 168 330 233 98 344 298 131 315 199 308 244 298 227 353 366 56 203 129 231 115 77 207 32 160 234 177 261 185 121 103 200 259 340 323 95 205 352 213 167 163 294 224 80 215 371 311 196 62 57 240 171 183 217 376 217 135 125 240 146 245 161 269 295 173 291 264 198 259 294 30 162 329 300 64 186 127 345 261 295 384 163 137 276 233 67 300 239 178 300 101 139 290 283 108 72 346 361 248 333 311 308 285 38 219 325 371 214 290 159 157 107 134 135 226 323 73 68 369 185 290 104 210 124 136 99 346 245 324 268 34 259 348 93 244 115 323 105 274 201 178 268 181 303 156 106 271 248 213 45 249 215
 235 132 213 74 152 47 300 66 85 313 159 212 323 223 155 180 343 72 137 209 61 314 309 171 202 184 235 225 314 22 184 1 139 76 310 297 142 98 55 246 181 341 21 169 57 297 276 157 175 163 250 186 53 209 65 83 294 256 223 139 190 322 38 201 219 91 268 291 130 196 79 127 167 287 204 215 83 90 221 158 118 186 271 182 298 66 283 247 276 200 307 110 76 44 225 245 237 146 96 206 318 231 160 278 50 219 130 123 313 113 237 225 24 115 182 72 345 116 159 81 141 314 130 69 102 175 142 290 84 65 122 85 238 131 178 48 208 195 271 330 223 325 333 148 170 158 255 99 77 333 322 208 100 265 115 92 280 97 156 64 189 193 297 191 237 33 102 311 187 211 143 195 72 247 341 78 74 284 255 18 300 188 175 256 292 317 182 297 88 146 232 256 32 344 227 172 187 238 60 341 64 79 214 177 300 161 143 142 322 153 256 114 44 163 148 66 326 159 199 156 328 126 175 308 73 196 296 232 232 78 48 332 80 177 184 91 116 257 84 288 176 101 146 154 286 220 275 230 287 331 190 213 246 152 217 56 146 86 274 134 295 249 117 298 143 171 198 349 218 98 52 108 207 94 241 158 148 329 208 198 305 93 112 268 265 283 247 175 348 89 36 294 321 173 278 70 140 150 274 267
 101 142 237 168 208 182 316 78 96 428 271 181 433 96 278 261 347 184 218 113 132 420 315 152 216 123 114 169 400 134 312 139 1 210 396 414 272 67 133 331 44 353 119 148 193 407 230 279 310 191 301 167 175 238 168 60 276 373 235 272 53 408 106 306 201 85 376 271 200 316 200 263 36 367 181 302 210 210 130 291 252 132 250 135 252 199 362 362 352 264 366 45 202 166 315 247 184 138 232 326 411 357 214 325 164 85 50 204 400 248 164 89 138 117 318 146 333 205 212 211 28 364 215 132 106 300 229 372 67 197 188 151 350 9 149 130 165 75 266 308 247 337 441 19 107 271 313 180 149 438 316 225 237 212 53 228 263 208 58 112 135 211 257 55 360 112 238 369 276 318 255 316 203 278 445 93 193 392 361 122 335 74 72 367 358 291 208 387 216 63 264 375 117 318 182 210 297 362 113 450 185 175 81 198 409 244 135 214 376 214 264 41 174 98 112 119 373 87 331 218 326 14 285 391 187 83 328 206 108 158 182 370 83 285 123 81 169 241 217 388 122 49 240 263 245 112 306 164 277 347 152 335 287 14 91 152 70 216 360 231 402 338 123 284 254 308 60 453 189 236 103 203 287 215 167 149 14 372 329 190 275 226 94 373 233 401 247 210 458 52 163 294 428 265 295 113 160 283 304 317
 302 157 207 72 140 56 288 133 135 243 96 237 255 286 85 141 334 98 110 261 124 248 302 198 204 227 295 260 259 91 110 76 210 1 255 226 67 173 118 196 252 328 95 198 22 228 299 86 101 167 221 209 40 200 63 151 302 185 222 99 262 267 105 140 236 145 201 301 115 125 88 54 240 236 227 167 23 36 271 83 43 225 283 219 320 60 234 178 230 170 269 175 24 81 173 248 268 175 55 135 258 157 147 249 90 286 192 101 257 39 277 293 89 152 109 91 344 89 146 71 208 281 101 132 144 101 107 239 148 64 113 99 171 203 209 114 239 257 274 337 215 314 266 221 216 150 223 90 93 266 320 207 33 293 190 53 289 110 217 135 228 194 315 263 164 98 61 273 141 148 138 124 67 233 274 152 89 217 190 93 277 249 234 189 251 327 181 241 77 204 218 185 106 352 256 166 123 165 131 273 83 117 281 180 233 124 172 119 286 135 253 189 68 211 189 107 294 210 124 138 323 197 112 255 46 256 276 251 294 86 29 304 138 115 227 147 120 268 10 225 217 176 103 95 306 276 256 269 291 317 222 141 225 223 280 108 202 73 221 92 229 195 150 303 83 100 269 283 241 36 110 79 165 37 281 184 221 299 136 214 318 18 159 204 283 211 250 171 280 162 74 292 254 125 268 140 155 75 256 238
