NAME : domp240p80v8
COMMENT : (Deleplanque et al.) 
TYPE : DOMP
DIMENSION : 240
DISPLAY_DATA_TYPE: NO_DISPLAY
OPEN_FACILITIES : 80
COST_SECTION
 1 244 80 238 167 236 253 203 88 198 139 154 114 250 94 90 133 244 29 247 176 166 239 235 218 202 175 264 294 51 133 293 211 262 81 235 33 177 205 314 119 129 81 134 113 221 87 170 107 100 231 247 111 110 206 166 277 255 123 170 148 202 78 314 281 186 240 191 57 277 25 223 196 129 200 187 218 141 191 107 203 85 19 122 239 279 266 114 97 124 243 290 108 185 210 302 126 289 145 305 111 99 184 257 261 241 325 113 197 134 228 303 258 225 136 149 136 348 99 265 257 189 51 40 214 114 154 186 250 227 311 321 189 137 137 110 139 266 211 321 178 120 117 305 172 37 152 281 220 121 194 187 206 148 142 130 43 90 140 248 194 245 174 245 104 135 220 62 343 147 223 146 138 295 147 101 221 92 227 179 212 72 105 305 131 176 184 196 324 272 106 152 126 138 101 329 198 161 257 48 148 222 152 70 297 168 255 281 90 62 179 147 140 26 344 97 95 236 157 233 87 117 50 59 190 111 247 265 308 224 204 68 236 227 137 324 253 250 198 305
 244 1 301 199 82 144 334 393 331 104 205 177 142 464 151 247 134 400 227 375 106 397 378 327 215 233 347 26 95 209 193 165 312 227 237 297 213 99 111 257 239 133 168 288 355 74 329 75 341 285 330 34 134 277 313 243 42 362 295 75 308 170 315 252 348 392 456 55 298 331 229 322 395 190 204 66 400 223 211 255 288 316 261 284 194 104 317 343 205 351 420 79 349 154 110 356 259 53 152 63 221 158 384 138 167 386 351 286 66 187 142 333 248 117 284 113 137 334 191 37 196 363 221 276 338 184 280 320 250 314 329 279 394 108 128 352 248 270 35 78 332 237 141 65 399 243 96 297 47 266 199 230 297 378 357 187 280 186 116 225 96 413 402 457 162 361 75 256 320 337 435 132 315 61 297 148 30 302 31 124 377 307 174 249 275 311 171 77 348 129 228 213 267 164 167 310 75 102 464 281 190 94 270 263 245 396 350 163 330 208 183 381 366 226 302 185 336 229 146 51 326 129 275 277 414 141 120 176 66 442 62 221 55 388 375 339 298 217 48 63
 80 301 1 317 231 312 321 238 71 271 217 165 186 262 160 71 207 292 80 303 213 168 294 303 297 280 224 317 362 93 212 369 278 340 73 308 99 248 279 393 194 202 153 198 100 290 86 229 45 160 298 296 170 174 273 241 329 317 182 232 207 281 97 393 350 212 252 252 78 348 80 289 226 138 279 238 255 218 269 178 275 110 77 71 318 350 338 131 108 142 280 356 99 262 284 371 197 350 222 363 189 144 215 333 338 293 398 175 263 144 304 377 336 300 202 219 172 425 178 327 336 235 130 43 275 192 223 248 328 296 385 399 216 197 210 96 213 343 267 377 234 195 162 364 181 111 217 356 285 191 273 264 276 155 169 141 85 119 210 327 265 287 179 258 142 151 260 47 420 192 239 221 192 356 92 154 282 19 289 208 259 28 134 383 198 239 263 240 397 347 97 230 87 216 137 406 267 205 274 93 227 295 222 136 375 175 320 358 50 141 258 148 155 105 422 175 92 314 234 279 97 174 31 114 198 181 322 343 361 234 251 146 303 274 133 398 327 329 254 360
 238 199 317 1 159 58 152 268 303 100 104 294 151 350 182 303 131 247 244 210 246 320 218 152 33 63 221 221 155 243 107 87 148 32 290 115 225 119 91 80 140 138 177 175 312 126 291 178 340 199 158 229 190 182 153 104 237 188 193 170 188 42 269 78 158 284 345 172 266 139 243 153 279 287 43 208 267 110 56 163 123 262 244 344 7 128 126 277 278 279 280 167 306 65 91 161 152 200 103 224 136 227 271 76 51 229 153 190 143 289 58 136 50 83 169 135 242 141 140 183 23 232 189 276 180 126 150 175 54 141 131 93 284 180 132 311 131 73 195 241 197 138 224 216 313 210 159 100 154 162 47 74 132 304 267 286 248 254 144 27 111 266 319 343 238 284 251 290 129 230 323 117 206 200 367 209 174 328 170 266 236 306 254 70 164 171 57 234 150 97 302 94 338 105 242 117 131 226 342 243 92 106 141 201 63 313 171 76 318 177 60 312 288 213 118 143 295 35 95 238 280 196 287 225 322 159 87 47 245 336 225 174 146 242 315 141 108 20 193 238
 167 82 231 159 1 117 271 313 253 63 132 145 61 383 74 188 55 325 153 304 88 316 305 261 163 173 269 105 133 139 118 164 243 190 176 236 137 40 74 232 162 53 88 210 276 64 250 21 269 204 262 96 62 197 244 173 121 295 215 13 230 120 235 228 289 312 375 28 219 274 155 254 315 146 148 52 322 150 151 175 221 236 183 228 155 125 260 263 150 270 343 126 271 99 77 300 182 123 80 141 143 95 304 127 147 313 303 206 35 146 112 284 203 93 207 36 93 298 111 99 165 285 140 202 267 106 205 246 203 249 282 250 314 37 50 273 173 223 55 157 255 160 84 139 318 163 16 249 55 188 142 166 229 298 276 144 201 126 35 183 53 336 321 377 103 280 98 189 287 257 354 58 236 129 246 80 56 235 61 109 300 234 119 222 198 237 113 78 301 132 175 142 215 90 108 275 42 69 384 201 119 76 196 182 216 315 284 156 255 127 122 301 285 147 274 105 257 181 78 94 247 61 203 196 333 60 110 155 147 361 72 140 73 312 295 294 241 177 45 143
 236 144 312 58 117 1 207 306 311 55 121 261 131 386 161 286 109 294 234 260 204 344 267 205 83 109 258 165 100 229 116 58 196 85 274 169 215 80 44 117 162 115 162 205 325 72 302 135 341 221 209 175 163 206 200 139 180 241 220 127 222 48 281 114 215 317 380 124 274 196 234 203 315 258 80 162 308 134 92 184 171 277 246 328 53 74 183 297 255 300 323 111 319 54 41 219 178 142 92 167 151 200 305 26 31 277 210 215 94 259 9 193 107 28 200 104 208 191 141 126 54 271 190 274 227 127 185 217 111 192 188 138 318 146 107 324 159 130 144 184 237 159 194 159 340 214 123 157 100 188 79 114 180 327 294 256 255 230 114 84 66 311 345 380 211 307 201 278 178 261 359 94 237 142 349 183 120 321 116 224 279 307 227 109 193 211 63 187 207 47 280 118 319 100 215 168 82 185 381 251 104 51 176 214 104 339 225 47 322 176 75 334 311 211 161 141 307 91 80 186 293 166 282 237 352 137 31 39 188 370 176 179 90 286 334 197 164 75 144 180
 253 334 321 152 271 207 1 159 276 231 146 372 231 235 253 341 222 111 273 68 347 244 81 20 125 103 125 358 306 285 160 235 44 140 329 39 259 239 226 166 139 227 237 125 270 264 258 290 324 163 27 360 271 148 50 103 375 40 142 283 119 167 237 171 30 187 234 293 249 37 270 34 175 355 132 322 149 131 124 148 54 225 248 374 158 279 38 224 333 219 151 317 265 181 227 53 129 346 192 370 154 298 173 227 202 92 88 148 270 359 204 72 113 227 121 237 327 136 185 327 169 127 210 281 59 180 100 79 104 27 86 150 185 276 226 271 120 95 320 388 103 139 304 363 231 218 264 79 289 133 136 106 49 234 195 355 237 313 242 131 240 133 238 229 309 219 368 315 140 153 215 214 139 347 399 283 306 338 305 363 117 300 321 162 125 86 164 346 89 249 351 132 377 184 310 131 261 325 222 229 154 247 103 187 156 234 21 225 299 207 153 246 220 235 161 193 259 119 194 363 245 280 296 208 233 238 236 196 389 231 342 194 287 114 256 96 49 141 314 382
 203 393 238 268 313 306 159 1 171 304 194 354 255 83 260 286 260 66 230 101 361 99 86 143 236 206 49 417 400 251 204 353 131 270 279 176 227 298 304 312 155 262 240 106 151 338 154 326 220 114 135 408 281 118 124 169 433 129 99 323 87 259 142 315 183 34 79 340 164 195 226 133 18 330 230 354 19 177 217 139 151 129 187 306 273 376 194 109 299 99 43 405 149 260 308 205 135 422 244 445 173 289 25 331 315 78 244 109 329 335 300 229 248 315 111 280 326 294 203 399 290 37 188 208 102 209 122 96 238 147 244 301 31 300 266 154 151 239 367 462 72 157 304 440 83 177 301 232 353 128 229 196 143 98 70 331 165 289 279 258 307 53 89 76 297 91 397 254 297 59 58 262 79 426 328 283 364 255 366 369 43 211 302 305 119 98 246 373 245 353 306 191 317 232 296 287 324 341 75 158 211 327 132 143 298 88 143 341 197 196 233 109 89 200 315 210 150 242 253 402 142 290 225 145 79 259 333 313 457 74 375 180 360 52 125 254 197 266 356 451
 88 331 71 303 253 311 276 171 1 279 200 223 198 192 181 134 216 230 108 247 258 98 236 256 277 255 165 350 377 129 199 368 233 321 133 269 119 260 285 374 166 213 167 154 31 305 19 256 51 116 250 333 197 133 227 212 364 264 135 257 158 272 40 374 305 144 181 278 38 306 105 243 159 196 262 273 189 195 250 145 235 52 71 142 305 361 298 64 163 74 213 375 29 258 290 327 162 376 221 392 168 183 148 334 333 233 358 131 282 202 303 338 311 304 159 233 217 392 171 352 324 174 123 61 224 185 182 198 303 252 348 375 148 224 220 27 181 315 298 408 180 168 201 391 110 98 238 323 306 154 257 239 234 85 103 198 57 166 225 307 276 222 109 188 184 82 303 103 389 132 169 227 139 382 162 186 308 88 313 258 197 45 181 364 158 191 254 281 358 351 160 210 157 212 181 376 283 245 204 61 213 304 184 104 356 105 270 356 27 137 246 78 86 108 396 171 23 293 233 319 32 203 71 79 128 196 326 336 395 164 289 133 321 212 63 361 290 311 285 392
 198 104 271 100 63 55 231 304 279 1 111 207 86 380 114 239 66 303 192 275 150 326 279 225 112 130 256 128 101 183 101 104 211 131 226 194 174 27 12 170 150 70 119 199 298 35 272 82 304 205 228 132 112 193 213 144 144 261 210 74 217 67 254 166 245 309 373 72 243 228 193 220 309 205 101 109 309 128 108 170 187 252 211 280 96 83 214 275 204 280 327 103 292 51 15 253 170 121 64 144 135 149 299 67 84 288 251 202 44 206 49 232 148 32 194 54 154 240 114 99 104 271 158 236 239 102 185 223 149 212 229 189 311 93 62 296 154 170 96 162 238 148 142 139 324 183 69 196 58 178 96 127 196 308 280 204 224 180 64 126 12 317 329 373 160 289 151 234 227 252 351 54 229 124 300 133 76 278 75 171 283 269 175 161 186 215 68 135 248 77 230 116 269 75 164 216 32 131 377 222 94 26 175 191 155 323 247 95 287 144 81 313 293 174 213 111 279 127 53 139 266 115 242 211 338 91 52 93 160 361 126 151 59 293 311 240 195 119 93 154
 139 205 217 104 132 121 146 194 200 111 1 230 86 271 110 214 79 196 149 173 203 225 174 133 81 66 146 230 208 154 15 175 113 125 201 115 131 108 111 177 42 84 95 89 210 145 188 149 237 101 133 226 127 87 113 44 246 165 102 143 107 76 166 177 168 200 264 157 163 157 147 124 199 215 64 180 198 19 53 65 93 160 143 253 106 185 144 178 197 181 217 213 204 69 115 184 60 231 54 253 33 155 189 146 138 182 198 96 140 218 113 176 120 124 84 97 183 213 45 208 125 161 88 175 136 36 76 115 113 121 181 183 202 132 84 209 44 130 185 271 129 40 161 248 221 108 123 148 163 69 58 52 100 207 175 215 145 175 100 111 115 209 226 264 167 188 227 195 206 143 242 75 119 234 277 140 176 230 177 219 173 205 180 168 76 107 59 204 196 166 218 16 250 43 169 193 133 181 267 140 18 135 66 98 160 220 156 162 215 79 48 214 192 115 207 52 192 98 61 225 178 135 187 123 233 94 143 139 267 253 201 73 168 184 216 194 127 114 176 261
 154 177 165 294 145 261 372 354 223 207 230 1 149 402 121 96 165 390 126 384 73 315 379 357 290 290 322 185 264 105 217 308 334 325 93 344 129 182 217 371 236 159 136 271 253 205 230 130 209 245 356 159 107 249 332 271 191 385 266 137 289 253 228 369 396 339 393 149 205 386 130 346 349 28 273 116 368 243 270 236 319 237 171 120 292 263 373 265 61 275 393 251 249 230 221 412 252 229 196 234 220 75 336 271 290 383 425 255 175 22 254 403 333 237 271 161 54 430 188 212 305 337 173 163 347 195 282 321 330 346 406 387 342 116 164 249 255 350 147 243 319 236 72 238 323 179 139 372 185 252 265 278 324 298 295 26 195 66 152 315 196 393 324 397 64 287 113 122 420 297 376 179 284 237 127 91 173 158 180 56 358 184 54 362 263 311 241 102 423 275 70 245 100 199 64 408 185 81 410 201 226 220 276 214 355 318 379 300 210 170 245 295 291 156 412 180 238 309 202 138 235 100 153 211 341 141 254 298 224 376 117 186 206 373 283 419 355 312 138 225
 114 142 186 151 61 131 231 255 198 86 86 149 1 323 32 157 23 271 107 255 118 257 254 218 143 143 212 165 181 99 72 186 197 180 144 199 88 64 94 230 107 17 34 153 219 108 193 72 219 145 218 155 43 139 197 129 181 249 157 69 173 110 177 228 253 252 315 88 163 241 107 209 256 138 125 101 264 102 123 118 178 177 128 199 150 166 227 203 128 210 286 178 213 88 99 267 127 181 49 200 88 77 244 149 159 260 278 147 86 141 123 256 186 115 151 36 99 283 54 157 165 228 81 151 217 53 152 194 183 206 258 242 255 48 25 216 121 202 114 217 200 105 78 198 258 104 47 225 110 131 118 131 185 238 216 137 144 104 29 170 81 281 261 317 89 220 146 149 274 198 294 38 177 187 220 60 116 193 120 133 245 184 104 220 142 184 95 122 275 162 152 100 190 52 92 261 86 96 324 143 80 110 144 122 212 255 241 176 203 67 98 241 225 91 267 47 200 162 57 148 189 51 156 137 273 9 137 165 207 301 122 80 125 257 236 271 209 167 102 203
 250 464 262 350 383 386 235 83 192 380 271 402 323 1 322 322 331 129 277 171 420 95 157 221 317 288 130 487 478 300 280 434 212 352 318 256 279 371 381 393 231 332 303 183 163 413 178 394 232 180 213 477 344 189 205 249 503 201 171 391 166 339 176 396 257 72 11 410 200 271 273 213 73 376 311 420 88 255 298 212 232 167 232 332 354 454 272 139 343 128 88 482 164 338 385 278 212 497 318 518 247 345 83 411 396 146 317 179 402 382 380 305 330 393 188 352 382 370 274 473 371 119 249 244 181 282 202 177 320 227 320 381 71 365 337 167 229 320 436 536 153 233 361 514 82 232 369 311 426 203 310 278 224 108 111 378 208 339 349 339 382 107 83 8 351 117 460 290 374 129 30 335 152 501 352 341 436 278 439 426 120 235 354 386 196 180 325 436 319 433 346 270 347 306 349 365 398 402 22 203 288 404 212 204 379 88 218 422 214 260 312 115 112 255 394 280 171 323 328 468 171 352 258 197 65 326 412 394 529 28 440 245 435 122 130 329 276 348 424 524
 94 151 160 182 74 161 253 260 181 114 110 121 32 322 1 126 53 283 81 271 103 249 268 239 173 170 219 172 203 70 97 216 217 211 113 224 64 90 123 261 121 48 21 163 204 131 178 77 196 147 238 158 23 145 215 151 187 268 163 77 182 141 165 259 276 253 314 98 147 266 83 229 258 108 155 99 270 123 151 127 200 167 111 168 181 191 252 195 97 203 294 198 199 119 128 292 139 196 80 213 103 48 246 179 190 274 305 153 105 111 154 283 216 144 161 61 75 313 69 172 196 235 75 129 233 74 167 208 212 228 286 273 255 45 55 201 138 232 120 228 211 120 52 212 252 94 59 253 127 142 148 158 206 230 213 108 130 72 51 200 107 290 255 316 59 214 139 121 304 201 294 69 183 202 189 31 128 166 134 115 254 161 74 251 153 198 126 115 303 190 121 124 159 81 62 291 108 83 326 131 107 136 160 120 244 248 262 206 182 65 128 232 219 76 298 61 186 192 88 147 176 32 131 129 269 25 165 196 216 299 118 80 145 268 225 299 235 198 107 213
 90 247 71 303 188 286 341 286 134 239 214 96 157 322 126 1 179 332 68 336 151 230 328 323 289 279 262 261 319 61 205 341 298 331 14 320 84 214 248 382 204 173 128 223 164 250 145 180 114 189 319 238 128 199 294 248 271 344 212 185 237 264 148 381 368 265 312 203 125 362 71 311 277 70 271 182 302 221 264 194 289 160 101 43 303 311 350 185 43 196 327 311 162 242 253 387 213 298 202 308 192 94 265 304 315 330 408 203 221 75 279 386 331 269 225 185 112 426 170 277 319 276 132 80 303 182 242 275 326 314 392 392 269 152 180 160 223 343 214 321 267 204 108 310 241 125 175 361 239 210 264 264 292 215 221 73 122 63 175 319 231 331 241 318 87 207 197 33 419 233 297 194 227 305 65 108 233 63 240 143 299 92 74 372 219 266 247 180 407 314 28 229 38 199 82 405 227 147 332 129 218 259 239 159 365 235 343 331 117 138 246 210 212 106 417 164 152 308 212 219 152 128 65 146 259 150 290 321 304 295 192 149 259 314 196 406 336 318 201 303
 133 134 207 131 55 109 222 260 216 66 79 165 23 331 53 179 1 271 128 251 127 269 251 211 126 129 215 158 163 121 65 165 191 161 166 189 109 46 73 210 108 7 55 156 235 90 210 71 239 152 211 150 60 144 191 122 174 243 162 66 176 90 192 208 242 260 324 81 180 229 128 203 263 157 109 102 268 97 108 122 170 191 146 220 130 147 215 216 149 223 289 161 229 67 78 255 128 169 33 189 89 96 251 128 137 259 263 153 73 159 101 242 169 94 153 22 114 266 58 144 144 231 96 171 214 52 151 192 166 198 243 223 262 56 7 233 119 186 109 206 201 106 95 186 269 120 44 210 97 134 102 119 178 250 226 156 161 124 22 151 62 282 273 325 108 232 148 171 256 204 302 16 182 173 241 79 106 214 109 144 246 204 123 200 144 183 77 126 261 141 173 91 211 39 111 243 70 105 331 159 69 90 142 133 193 266 234 154 222 81 81 254 237 110 248 53 216 145 37 147 204 67 177 150 284 29 116 143 198 310 123 91 109 258 251 256 197 148 99 193
 244 400 292 247 325 294 111 66 230 303 196 390 271 129 283 332 271 1 271 44 385 165 32 101 215 187 71 424 392 289 209 333 100 242 324 139 263 302 300 275 165 274 264 121 213 337 212 341 280 146 94 420 304 142 95 160 441 74 125 336 102 248 196 279 130 100 129 351 215 146 267 96 84 367 215 371 50 178 203 157 125 182 232 357 252 366 149 168 338 159 42 400 209 254 303 150 146 423 248 446 184 320 89 317 297 20 190 135 335 372 289 179 217 307 123 290 355 244 219 401 267 57 218 258 68 220 121 81 207 110 194 260 96 318 276 215 154 203 379 464 73 167 332 440 149 213 314 190 357 142 216 181 115 162 129 368 212 325 291 231 308 23 155 123 329 153 416 301 249 101 114 269 107 425 380 310 371 309 372 396 34 266 337 270 131 90 239 392 192 339 350 189 365 237 328 241 327 364 113 205 211 323 131 177 264 153 92 321 255 222 225 174 152 236 271 226 209 216 255 417 199 314 275 187 143 277 322 293 461 131 392 206 360 19 188 202 156 240 369 455
 29 227 80 244 153 234 273 230 108 192 149 126 107 277 81 68 128 271 1 271 152 192 264 256 227 214 201 245 284 23 141 291 231 269 57 253 20 169 200 322 136 123 74 157 135 211 111 153 116 126 253 227 94 134 228 181 258 277 148 155 173 205 104 321 301 214 268 175 82 295 5 244 224 101 209 167 245 155 200 127 222 112 46 105 244 271 283 141 69 151 270 278 131 186 205 320 146 274 145 289 125 76 211 254 261 266 341 138 185 106 226 320 268 221 159 140 111 361 106 251 261 216 65 50 237 119 175 210 261 247 326 330 217 121 131 132 156 278 193 303 203 137 94 289 199 59 139 295 207 143 202 199 225 175 170 102 70 63 131 256 186 272 200 272 78 162 196 47 354 174 250 142 164 280 129 80 206 88 212 153 238 82 78 312 153 200 188 174 340 268 81 164 105 140 75 341 188 138 285 75 155 215 172 95 304 194 276 280 104 72 185 173 167 39 354 102 118 245 156 212 113 98 51 87 217 102 243 266 290 251 183 82 225 253 162 339 269 257 180 287
 247 375 303 210 304 260 68 101 247 275 173 384 255 171 271 336 251 44 271 1 371 196 16 60 180 152 83 400 359 287 187 296 66 202 326 99 261 278 272 233 150 255 252 115 234 309 229 321 297 148 54 398 291 138 63 133 416 31 125 316 99 216 210 237 87 132 171 329 227 102 267 58 118 363 182 352 87 156 171 148 91 197 237 364 216 333 106 188 336 181 85 369 230 225 274 107 133 394 226 418 169 311 120 283 261 26 147 134 310 368 256 135 177 276 114 270 344 200 203 373 229 77 212 266 39 203 104 64 167 71 151 218 130 302 256 237 135 161 357 436 71 152 321 412 181 213 295 147 331 132 184 150 81 189 152 364 220 321 272 192 282 66 187 165 321 177 398 306 206 116 154 247 112 396 389 299 346 321 346 384 59 279 331 229 121 74 209 375 149 305 351 164 371 215 321 198 302 349 156 212 187 294 112 177 222 185 49 285 272 214 196 201 177 234 228 211 227 178 231 397 216 301 283 193 178 261 289 256 434 171 374 198 333 51 215 159 115 202 348 428
 176 106 213 246 88 204 347 361 258 150 203 73 118 420 103 151 127 385 152 371 1 340 369 335 248 254 321 114 194 130 189 245 314 277 143 315 145 128 160 319 222 122 123 265 286 141 261 69 257 248 335 89 82 247 314 246 122 366 265 77 285 207 253 315 368 352 411 83 232 355 155 326 359 87 232 46 372 219 233 229 295 258 194 184 243 195 341 287 109 297 396 180 282 184 163 381 241 158 158 163 203 77 346 210 233 375 388 255 112 84 198 367 290 178 263 115 43 385 169 140 252 337 174 199 333 170 268 309 288 323 367 337 355 72 124 283 237 309 77 173 313 221 60 167 346 189 88 333 118 244 225 245 302 322 311 84 218 96 108 269 139 393 348 414 75 308 48 167 374 302 392 137 285 165 195 80 103 211 111 22 356 226 81 309 255 299 198 31 385 211 129 216 166 165 79 361 123 23 425 221 195 158 260 220 304 342 358 239 251 166 205 322 313 167 361 161 269 266 160 69 262 72 193 224 363 111 192 241 155 395 45 182 138 370 312 379 323 264 68 155
 166 397 168 320 316 344 244 99 98 326 225 315 257 95 249 230 269 165 192 196 340 1 182 226 289 261 120 419 426 214 230 398 208 330 227 252 197 313 329 378 184 268 231 146 69 357 86 324 138 124 219 405 269 140 201 218 434 221 128 323 137 299 89 380 272 66 85 343 111 280 188 214 82 288 278 346 117 213 265 161 220 83 147 238 323 406 276 55 255 47 136 428 70 292 334 294 170 436 264 456 195 264 77 369 361 175 331 131 340 293 337 314 313 345 152 289 300 376 214 412 342 120 177 153 186 225 174 169 303 227 327 372 70 293 274 73 190 309 367 472 143 186 281 453 18 156 302 309 365 159 275 248 215 20 54 290 124 253 284 316 326 150 13 92 268 38 383 198 377 96 76 276 117 441 258 263 371 184 375 343 138 141 268 370 157 166 282 359 332 389 255 229 254 252 265 365 338 324 109 121 242 351 181 137 362 12 233 385 120 190 271 21 34 176 390 218 79 300 275 394 81 277 166 121 32 257 366 361 462 68 365 179 377 149 36 339 273 323 354 458
 239 378 294 218 305 267 81 86 236 279 174 379 254 157 268 328 251 32 264 16 369 182 1 70 187 159 72 402 365 281 188 304 72 212 319 109 255 280 276 245 148 255 249 109 222 313 218 321 286 140 63 399 289 132 68 136 419 45 118 316 92 222 200 248 101 118 157 330 217 116 260 66 104 358 187 352 73 156 176 144 96 186 229 356 224 339 118 176 330 168 72 374 218 229 278 122 130 398 227 422 167 307 105 290 268 13 161 127 312 363 262 149 186 281 109 270 341 214 202 377 238 64 207 257 41 202 102 61 177 80 164 230 115 301 257 225 134 172 358 440 63 150 318 416 166 206 295 159 334 128 189 155 87 176 140 359 211 316 272 201 285 53 173 151 317 164 398 298 219 104 139 248 103 400 380 296 349 311 349 382 45 269 326 240 117 71 213 375 163 311 344 166 363 216 317 211 304 348 142 203 188 298 111 170 233 170 62 293 261 210 200 188 164 228 241 209 216 187 233 398 204 298 274 184 164 260 295 264 438 156 373 194 336 37 201 173 126 211 349 431
 235 327 303 152 261 205 20 143 256 225 133 357 218 221 239 323 211 101 256 60 335 226 70 1 123 98 107 351 304 269 147 237 26 143 312 40 242 230 220 175 123 215 222 106 251 258 239 279 305 144 9 352 258 129 31 90 368 37 123 273 100 162 218 179 49 170 219 284 229 54 253 14 158 339 127 311 135 117 118 130 41 206 230 356 158 277 52 205 316 200 139 314 246 174 222 72 111 341 182 365 139 283 156 226 203 82 106 129 262 343 201 89 118 223 102 227 313 152 171 321 171 110 193 262 42 166 82 60 108 14 103 161 168 264 215 252 104 103 312 383 84 123 290 359 214 200 253 91 282 115 131 98 34 216 176 340 218 298 231 134 232 122 220 215 294 200 357 297 155 134 200 204 120 343 381 269 298 319 298 350 102 281 305 170 106 67 158 335 107 248 334 120 359 173 295 145 253 313 209 210 143 242 85 168 164 216 24 227 280 191 145 227 201 218 174 179 239 120 185 353 226 267 278 189 216 225 234 198 383 216 332 177 281 101 238 114 57 143 304 377
 218 215 297 33 163 83 125 236 277 112 81 290 143 317 173 289 126 215 227 180 248 289 187 123 1 31 189 238 182 229 87 119 116 45 277 87 208 126 105 98 112 133 164 144 285 143 264 183 316 170 128 243 185 153 121 73 254 159 163 175 156 46 242 98 135 252 313 181 242 117 225 123 247 280 19 214 235 83 29 135 92 234 223 329 38 155 103 248 267 249 248 193 279 66 106 142 122 222 95 246 111 219 239 104 82 198 141 160 154 283 80 122 44 103 138 134 239 141 121 204 55 200 168 255 149 108 118 142 41 111 120 104 252 179 128 284 101 61 206 264 165 111 220 239 282 188 161 87 169 132 26 42 101 274 237 279 224 244 142 31 122 234 288 311 231 254 259 273 132 198 291 113 175 223 353 202 188 309 185 267 204 284 246 88 133 139 52 240 138 126 290 68 325 94 234 119 143 227 310 218 72 124 110 174 80 282 143 107 294 157 46 282 258 194 128 126 268 20 91 249 254 192 267 200 291 151 112 79 266 304 233 152 165 210 286 132 84 35 202 259
 202 233 280 63 173 109 103 206 255 130 66 290 143 288 170 279 129 187 214 152 254 261 159 98 31 1 159 257 208 219 76 149 88 70 266 66 196 139 124 120 90 135 158 116 260 162 241 192 296 145 102 259 185 127 92 45 273 134 135 185 127 66 219 121 117 222 283 193 220 102 212 95 217 277 31 224 205 62 23 111 63 210 205 318 68 182 88 222 261 222 218 218 255 80 126 128 96 245 97 269 92 217 209 132 112 169 136 133 169 280 105 115 57 126 110 141 240 148 110 225 85 170 152 238 120 99 89 113 49 85 117 121 222 184 132 260 75 65 220 287 135 88 219 262 254 170 168 84 187 106 35 17 72 246 209 277 203 238 147 56 138 205 259 281 228 227 270 260 142 169 261 118 146 246 342 200 204 293 203 272 174 265 242 111 106 109 63 250 134 154 283 51 315 92 231 128 159 233 280 197 65 145 81 152 103 254 119 137 273 143 52 255 230 179 144 116 244 40 96 263 230 192 251 178 262 150 138 109 287 275 244 136 185 180 260 130 69 63 214 280
 175 347 224 221 269 258 125 49 165 256 146 322 212 130 219 262 215 71 201 83 321 120 72 107 189 159 1 371 352 220 157 305 90 225 254 135 194 251 256 268 109 217 200 60 152 290 147 283 215 77 100 364 241 76 83 121 387 104 58 278 40 211 129 271 153 66 125 295 147 161 197 95 59 298 182 311 54 129 169 95 106 116 162 287 226 328 157 106 269 99 76 357 148 212 260 176 89 375 197 398 127 253 52 283 268 70 212 68 283 304 252 195 204 267 64 235 289 258 159 352 243 17 151 189 67 164 74 52 194 109 209 259 66 257 220 155 103 196 323 416 26 111 266 393 107 144 256 193 306 82 181 149 100 111 72 300 143 257 234 212 260 73 114 123 262 96 355 232 259 33 103 216 38 379 311 244 318 241 320 331 38 199 269 261 72 52 198 331 213 304 280 143 296 185 261 248 277 301 124 135 163 279 84 108 253 110 114 293 190 157 185 122 97 167 275 166 145 195 206 359 134 250 205 117 110 216 284 266 410 117 332 141 313 53 134 220 157 220 312 405
 264 26 317 221 105 165 358 417 350 128 230 185 165 487 172 261 158 424 245 400 114 419 402 351 238 257 371 1 103 227 217 181 336 249 251 321 232 124 134 276 263 156 189 312 375 97 349 96 359 308 354 27 154 301 338 268 18 387 319 97 332 194 336 271 372 416 479 78 318 354 248 346 419 200 228 81 424 248 235 279 313 338 281 296 216 118 341 366 219 373 445 86 370 178 134 379 284 51 177 50 245 174 407 157 187 411 373 310 91 197 164 356 270 139 309 137 150 354 215 46 217 387 243 295 363 208 304 344 273 339 351 299 418 128 152 372 272 293 54 61 356 261 157 55 421 264 119 320 71 290 223 254 321 401 380 197 301 201 139 247 120 437 425 481 177 383 75 272 341 361 458 157 339 58 308 166 55 317 55 130 401 326 188 268 300 336 195 84 370 146 240 238 278 188 182 331 99 115 488 302 215 116 295 286 265 418 374 181 349 231 207 403 388 247 321 209 357 251 170 49 347 148 293 299 437 163 140 196 45 465 70 244 76 413 397 361 321 239 67 43
 294 95 362 155 133 100 306 400 377 101 208 264 181 478 203 319 163 392 284 359 194 426 365 304 182 208 352 103 1 271 200 88 295 176 308 268 266 118 99 188 249 166 213 296 397 74 371 141 398 305 308 126 194 292 298 234 112 340 308 135 314 145 354 183 312 407 471 118 342 292 285 302 406 271 179 149 403 224 190 269 270 352 308 359 149 28 280 375 280 381 420 19 391 141 94 314 267 59 164 80 234 227 396 80 108 375 300 301 100 270 104 286 201 86 291 146 217 270 214 60 142 366 257 330 326 202 279 314 207 292 278 214 409 169 158 395 250 223 118 94 332 247 213 70 425 281 147 250 82 276 177 211 279 408 380 269 323 258 154 179 103 408 429 471 234 389 169 321 256 350 449 153 327 55 376 213 92 367 84 214 375 363 249 183 283 307 155 167 296 60 305 209 345 175 239 248 96 184 474 321 191 76 269 291 182 423 324 92 383 243 169 413 394 271 232 211 378 188 153 145 366 193 334 311 438 184 71 116 105 460 152 251 62 384 411 285 262 169 127 97
 51 209 93 243 139 229 285 251 129 183 154 105 99 300 70 61 121 289 23 287 130 214 281 269 229 219 220 227 271 1 145 285 244 270 48 263 28 159 192 322 147 115 69 173 157 199 133 137 133 144 266 207 78 150 241 190 239 292 165 139 190 204 127 321 312 235 290 159 104 305 27 257 245 80 211 147 265 162 204 141 233 134 69 102 243 260 293 163 50 173 290 265 153 183 197 331 159 258 143 271 134 55 233 247 257 284 350 155 172 85 221 328 271 213 175 130 89 366 110 235 260 235 77 70 253 122 189 225 265 259 333 332 239 105 123 154 167 283 176 286 220 147 73 272 222 77 125 301 193 157 204 205 237 197 192 81 93 40 121 258 177 291 223 294 56 184 175 51 359 194 272 136 183 264 125 62 190 97 197 130 257 100 55 312 168 215 187 153 348 259 66 169 97 139 53 345 176 118 307 97 158 206 185 113 304 217 289 274 124 80 186 195 189 54 356 104 141 248 153 192 135 82 67 107 239 93 235 262 271 273 163 93 211 272 185 347 278 258 163 269
 133 193 212 107 118 116 160 204 199 101 15 217 72 280 97 205 65 209 141 187 189 230 188 147 87 76 157 217 200 145 1 172 127 130 192 129 123 95 102 183 50 70 83 99 211 135 188 135 234 107 147 213 113 94 127 58 234 179 110 129 118 74 167 182 181 209 273 143 162 170 139 139 209 203 69 167 210 32 61 71 107 162 139 244 108 178 157 181 186 185 229 203 205 63 106 197 70 220 41 242 36 143 198 141 136 195 210 103 128 206 108 188 128 116 94 84 169 223 36 196 127 172 83 171 149 24 88 129 122 135 192 190 210 118 70 210 56 140 171 260 141 48 147 237 227 105 109 159 151 78 62 63 114 212 181 202 144 163 86 117 104 221 231 273 154 193 213 187 215 152 251 62 128 223 268 127 164 224 165 205 185 201 168 173 86 120 56 190 208 160 207 29 241 30 156 202 121 167 277 139 16 125 79 99 165 225 170 160 212 72 48 219 197 108 214 41 193 105 50 211 179 122 182 123 239 80 137 138 255 261 188 68 157 197 219 205 140 118 162 249
 293 165 369 87 164 58 235 353 368 104 175 308 186 434 216 341 165 333 291 296 245 398 304 237 119 149 305 181 88 285 172 1 234 98 328 199 272 130 95 101 215 170 218 256 382 105 358 179 399 275 243 198 216 259 239 186 193 273 272 172 271 100 338 96 237 367 429 163 331 216 291 239 363 308 124 201 353 186 138 238 209 333 303 383 82 65 205 352 308 354 366 105 376 111 90 235 230 144 149 166 206 253 354 39 39 315 216 268 134 308 66 205 125 73 250 157 255 183 198 137 67 317 247 332 266 184 233 260 132 226 195 127 367 196 162 381 210 146 176 181 282 213 245 157 393 271 172 171 131 240 125 158 218 381 347 306 312 283 167 105 114 352 398 427 263 361 233 335 169 311 407 150 287 142 403 236 149 378 143 266 322 364 278 97 244 256 117 224 213 37 333 170 372 157 267 161 124 229 427 308 158 88 224 270 96 392 255 13 379 234 128 388 365 268 145 198 363 119 137 213 350 218 339 293 403 192 55 41 191 419 211 236 113 328 389 201 189 95 180 183
 211 312 278 148 243 196 44 131 233 211 113 334 197 212 217 298 191 100 231 66 314 208 72 26 116 88 90 336 295 244 127 234 1 144 287 46 218 214 207 182 99 195 200 82 228 245 216 260 282 120 23 335 236 105 8 71 353 53 100 254 77 151 194 185 73 155 209 267 205 75 228 13 145 316 117 292 126 96 106 105 26 182 205 331 153 268 69 183 292 179 135 304 223 161 209 95 86 329 164 353 115 260 141 219 198 82 127 105 247 320 192 108 120 212 78 208 291 169 148 308 168 96 169 237 34 145 57 40 110 20 121 171 154 244 196 230 80 109 294 371 66 99 268 347 196 175 234 103 267 90 119 85 17 196 157 316 194 274 212 132 218 120 202 205 271 180 338 272 170 114 189 186 98 331 356 246 283 294 283 329 93 257 282 175 81 44 144 316 127 241 309 101 335 154 272 159 238 292 201 186 124 229 61 144 168 198 46 222 256 167 131 208 181 193 186 156 217 117 168 335 203 245 253 165 200 204 225 193 370 204 313 152 268 96 217 132 67 141 286 363
 262 227 340 32 190 85 140 270 321 131 125 325 180 352 211 331 161 242 269 202 277 330 212 143 45 70 225 249 176 270 130 98 144 1 318 105 250 150 121 54 156 167 204 185 328 155 308 209 361 213 150 259 220 196 150 114 264 178 204 201 195 72 286 54 140 289 348 202 286 120 268 147 282 317 62 239 267 127 73 179 121 278 267 371 35 149 108 291 306 291 277 190 323 95 120 140 165 224 132 248 155 256 276 98 69 223 126 202 173 319 86 111 28 111 179 165 272 110 164 210 34 234 212 299 176 151 158 176 36 133 104 63 289 211 162 328 144 49 225 265 200 155 255 240 322 232 190 76 183 175 69 84 130 315 277 316 268 282 174 15 142 262 328 345 268 296 281 315 98 238 327 147 215 224 394 239 203 353 199 297 235 328 283 44 175 174 86 264 123 117 330 113 366 133 271 86 162 256 343 262 115 134 150 219 36 323 160 88 338 201 86 324 299 237 88 169 312 31 125 268 297 226 310 244 330 188 112 61 271 341 255 196 174 239 329 113 92 14 223 263
 81 237 73 290 176 274 329 279 133 226 201 93 144 318 113 14 166 324 57 326 143 227 319 312 277 266 254 251 308 48 192 328 287 318 1 308 72 201 235 369 192 160 115 213 162 238 142 169 118 180 309 229 116 189 284 236 261 333 202 173 228 251 143 368 356 259 308 192 120 350 60 300 271 66 258 172 295 209 251 183 278 154 93 56 290 299 339 181 35 192 320 299 160 229 240 376 202 288 189 299 180 82 259 291 302 320 396 193 209 72 266 374 319 256 215 173 103 413 157 266 306 268 121 75 293 169 231 265 313 303 380 379 263 140 168 158 212 331 203 311 257 192 97 300 237 115 163 348 228 199 251 252 281 212 215 69 115 52 163 306 218 324 237 313 76 203 190 30 406 225 293 181 218 295 78 96 222 69 229 136 291 92 65 359 209 255 234 171 395 301 29 216 50 186 71 393 215 138 328 122 205 246 228 150 352 232 332 318 118 126 233 207 207 95 404 152 149 295 199 210 148 116 62 138 255 137 277 308 294 291 183 137 247 306 194 393 324 305 191 294
 235 297 308 115 236 169 39 176 269 194 115 344 199 256 224 320 189 139 253 99 315 252 109 40 87 66 135 321 268 263 129 199 46 105 308 1 237 203 188 138 118 194 209 117 268 226 253 255 316 154 47 324 241 137 53 74 337 75 137 248 118 129 231 141 54 200 254 257 239 43 250 45 190 328 94 287 170 103 87 131 35 220 233 356 121 241 32 223 308 220 177 279 262 144 190 70 112 308 158 332 130 269 186 190 165 120 91 140 234 332 166 70 79 189 112 203 297 126 158 289 133 141 189 266 76 150 88 84 69 31 80 126 199 244 192 268 98 65 284 350 110 117 275 325 240 200 230 59 252 119 99 71 38 239 200 328 225 288 208 95 203 160 247 250 281 222 333 296 126 157 233 180 139 309 380 254 269 323 268 332 137 289 294 132 113 87 127 312 90 211 328 101 357 151 283 114 224 293 245 218 121 209 87 173 126 242 57 188 291 184 116 250 224 215 141 165 254 82 159 327 240 249 281 197 245 207 198 160 351 249 307 172 249 138 259 93 23 105 278 344
 33 213 99 225 137 215 259 227 119 174 131 129 88 279 64 84 109 263 20 261 145 197 255 242 208 196 194 232 266 28 123 272 218 250 72 237 1 151 181 303 121 104 55 147 145 194 119 139 133 118 239 215 79 124 215 165 246 265 139 140 164 186 109 302 286 213 269 160 89 280 20 230 222 105 190 155 241 138 182 115 207 115 51 123 225 253 268 144 77 154 265 262 140 167 186 305 133 259 126 275 109 68 209 235 242 258 325 129 168 110 207 303 249 202 148 122 105 343 88 235 242 210 50 65 226 101 162 198 243 233 309 311 216 106 112 142 141 261 180 290 194 121 85 274 203 51 122 277 191 131 183 181 211 179 170 106 74 64 113 238 168 266 204 273 73 165 188 66 336 169 251 123 157 265 147 69 191 107 197 148 231 98 77 293 141 188 169 165 324 249 93 146 121 121 71 323 171 129 285 77 137 197 158 87 285 198 263 261 119 55 166 178 170 28 335 83 127 227 137 201 119 85 69 84 220 84 224 247 277 253 172 67 208 246 169 323 253 238 167 274
 177 99 248 119 40 80 239 298 260 27 108 182 64 371 90 214 46 302 169 278 128 313 280 230 126 139 251 124 118 159 95 130 214 150 201 203 151 1 37 192 143 49 97 192 280 46 254 60 282 194 233 123 87 184 216 145 140 265 201 52 212 82 237 189 255 300 364 56 224 239 170 225 302 180 112 90 304 125 117 161 191 236 191 255 116 103 225 260 179 266 324 117 274 61 41 265 163 126 55 148 126 124 290 92 109 288 266 193 34 181 73 246 165 57 188 30 129 259 100 103 126 266 140 214 240 90 182 222 165 218 245 210 302 68 41 278 151 185 83 166 235 141 116 144 312 165 44 211 56 171 106 134 200 294 268 178 206 155 40 144 18 315 316 365 134 276 134 210 247 244 343 38 221 131 275 107 70 255 71 148 280 247 150 183 180 214 77 116 263 101 204 115 244 67 138 235 27 108 370 204 92 47 173 177 177 310 253 121 266 126 88 298 280 154 235 96 261 143 48 125 249 89 219 195 326 68 77 117 161 351 108 135 65 291 295 256 206 138 77 155
 205 111 279 91 74 44 226 304 285 12 111 217 94 381 123 248 73 300 200 272 160 329 276 220 105 124 256 134 99 192 102 95 207 121 235 188 181 37 1 159 151 78 127 199 303 39 278 92 311 207 223 140 122 195 210 142 150 256 211 84 217 60 259 156 238 310 374 82 249 221 201 216 310 216 95 120 308 128 103 172 183 256 217 289 87 78 207 279 214 284 326 103 297 47 6 246 170 123 67 147 137 159 299 57 74 285 242 204 53 216 39 224 139 22 194 63 165 230 118 103 94 270 164 243 236 105 184 221 141 207 220 179 311 104 70 301 154 161 105 165 237 149 152 141 327 188 80 188 65 179 91 123 192 311 282 214 230 190 74 117 23 316 332 374 170 292 161 242 218 253 352 60 229 126 309 142 84 287 81 181 281 276 185 150 186 214 64 145 239 68 239 114 279 78 174 206 41 142 378 227 94 24 174 195 145 325 242 85 293 149 77 317 296 181 203 116 284 119 55 148 271 125 249 215 340 100 44 82 164 362 135 155 62 291 315 231 188 110 103 158
 314 257 393 80 232 117 166 312 374 170 177 371 230 393 261 382 210 275 322 233 319 378 245 175 98 120 268 276 188 322 183 101 182 54 369 138 303 192 159 1 208 216 255 234 380 187 360 250 413 264 183 289 268 246 188 164 289 205 253 242 242 121 338 6 158 333 390 240 338 137 320 182 325 365 115 278 306 179 125 230 163 329 319 423 81 164 130 341 357 341 313 205 374 143 157 149 215 243 182 266 208 305 319 120 91 256 122 252 210 367 122 116 66 144 228 211 318 83 217 233 68 276 264 352 213 203 205 217 76 168 103 27 333 257 210 380 195 74 260 281 243 206 302 257 369 285 234 89 216 225 121 135 170 363 325 364 321 332 221 67 181 297 375 386 316 345 317 368 69 284 369 195 262 241 446 287 235 405 230 339 274 381 332 11 224 217 136 303 119 132 381 165 417 184 320 62 199 299 381 315 168 167 199 271 19 370 187 98 390 253 138 373 348 290 46 221 363 82 174 301 349 274 363 296 376 237 137 82 290 384 293 249 203 275 378 106 120 65 260 282
 119 239 194 140 162 162 139 155 166 150 42 236 107 231 121 204 108 165 136 150 222 184 148 123 112 90 109 263 249 147 50 215 99 156 192 118 121 143 151 208 1 110 103 50 173 184 153 176 208 61 121 257 142 46 97 48 280 149 61 172 70 116 131 209 166 160 224 188 132 160 134 111 160 218 98 206 162 31 85 24 87 123 118 239 143 226 148 138 195 141 182 253 167 110 155 185 21 268 89 290 20 163 149 187 178 155 207 54 175 222 154 185 146 165 46 128 195 232 54 245 162 124 72 152 113 56 47 88 138 113 193 210 161 154 113 173 21 151 215 308 95 3 172 286 179 84 150 163 199 29 94 74 91 167 134 218 115 176 128 142 153 176 184 224 173 147 251 180 227 103 202 108 79 272 264 150 210 209 212 235 140 178 184 199 37 78 100 228 206 207 213 47 240 77 174 214 169 200 228 108 60 174 40 64 191 178 144 203 184 69 88 174 151 99 232 62 157 127 99 253 142 151 166 89 191 113 184 178 303 212 228 56 206 152 176 206 135 147 205 297
 129 133 202 138 53 115 227 262 213 70 84 159 17 332 48 173 7 274 123 255 122 268 255 215 133 135 217 156 166 115 70 170 195 167 160 194 104 49 78 216 110 1 50 158 233 93 207 67 235 153 216 148 54 145 195 126 172 248 164 63 178 97 190 214 247 261 324 80 177 234 124 207 264 151 115 98 270 101 114 124 175 190 143 214 136 150 221 215 143 222 291 164 227 74 83 261 130 169 39 189 91 90 252 133 143 262 269 155 73 152 107 248 175 99 155 22 107 272 59 145 151 233 94 167 217 55 154 195 172 203 249 230 263 50 9 231 122 192 107 206 204 108 88 186 269 117 41 216 98 136 108 125 183 250 226 149 158 118 18 157 65 285 272 326 101 231 144 165 263 205 303 22 184 174 235 72 105 209 108 139 249 200 117 206 146 186 83 121 267 146 167 96 205 44 105 250 72 100 332 157 74 94 145 133 199 266 238 160 218 80 87 253 236 107 255 53 214 151 44 144 202 60 172 149 284 23 121 149 198 310 119 90 111 261 249 262 202 155 96 193
 81 168 153 177 88 162 237 240 167 119 95 136 34 303 21 128 55 264 74 252 123 231 249 222 164 158 200 189 213 69 83 218 200 204 115 209 55 97 127 255 103 50 1 143 189 140 163 94 186 127 221 176 43 125 198 136 204 251 143 93 163 137 148 254 261 233 295 114 132 251 74 212 239 121 146 118 251 108 141 107 184 150 97 169 176 199 238 177 104 185 274 210 183 116 132 278 120 210 75 228 85 62 227 181 189 255 292 133 117 124 154 271 207 148 142 68 93 304 53 186 192 216 56 118 215 60 149 189 202 211 274 266 236 63 58 186 121 221 137 244 192 102 70 226 234 76 73 241 140 123 139 145 189 212 194 120 114 81 60 193 114 271 237 297 73 196 158 117 295 182 274 69 163 216 192 48 143 161 148 134 235 151 86 245 134 180 120 134 290 195 127 111 163 73 74 282 118 102 306 114 95 143 142 101 238 230 245 208 170 45 120 214 200 60 291 45 170 184 85 166 160 52 123 111 250 31 170 195 233 279 138 61 156 248 208 288 222 192 124 229
