NAME : domp60p20v7
COMMENT : (Deleplanque et al.) 
TYPE : DOMP
DIMENSION : 60
DISPLAY_DATA_TYPE: NO_DISPLAY
OPEN_FACILITIES : 20
COST_SECTION
 1 65 154 81 300 150 111 278 382 70 379 95 77 171 13 148 166 315 105 293 299 74 240 157 113 103 172 83 275 385 225 56 123 223 178 182 298 260 202 295 309 333 92 321 112 335 99 198 94 284 286 158 87 344 268 187 194 145 289 257
 65 1 99 32 238 140 107 219 321 129 315 106 115 114 53 96 113 252 149 262 251 19 178 109 67 101 128 57 218 322 214 101 128 174 127 166 250 195 138 242 248 287 65 266 166 277 123 143 56 239 238 169 126 279 203 153 133 92 242 196
 154 99 1 74 205 116 110 200 230 223 237 199 213 128 143 131 139 169 247 183 156 105 92 149 46 111 168 82 122 237 170 164 134 79 150 123 260 141 73 239 157 299 148 258 262 182 219 46 132 145 141 167 175 209 131 84 124 126 147 168
 81 32 74 1 241 111 82 226 302 149 303 137 142 127 70 114 130 237 176 231 223 47 161 130 37 77 149 30 195 307 185 100 106 146 143 136 266 190 127 254 229 304 96 277 189 255 153 118 84 210 210 146 119 270 192 122 140 109 214 199
 300 238 205 241 1 320 310 34 206 349 154 273 313 132 288 159 142 143 343 347 270 227 153 159 238 308 156 266 193 181 368 337 334 235 134 325 112 73 135 77 180 140 225 75 372 220 297 204 214 275 257 370 359 107 109 279 107 160 270 43
 150 140 116 111 320 1 40 313 311 211 334 236 226 228 147 221 235 266 254 150 186 157 193 238 91 48 258 84 200 328 77 118 40 127 248 34 367 255 187 350 240 406 204 370 254 249 246 131 194 168 178 55 108 315 239 66 233 216 175 282
 111 107 110 82 310 40 1 299 326 172 342 198 187 206 108 195 210 273 215 187 213 124 197 211 73 9 230 53 213 339 115 82 26 145 223 72 345 249 181 331 253 384 170 353 216 268 208 138 162 195 203 65 77 318 240 91 215 190 201 269
 278 219 200 226 34 313 299 1 234 324 185 245 286 108 267 133 116 167 314 355 283 206 162 131 227 296 126 252 208 211 366 319 324 240 106 321 85 85 134 52 200 118 199 61 345 241 268 205 189 286 270 361 343 138 125 278 87 135 282 34
 382 321 230 302 206 311 326 234 1 449 67 405 430 272 370 295 288 76 465 242 149 321 143 308 275 330 316 310 114 36 315 392 345 185 289 295 317 164 189 282 75 344 348 279 485 68 428 191 332 167 148 364 400 103 131 247 244 293 158 213
 70 129 223 149 349 211 172 324 449 1 442 93 49 218 80 192 209 380 53 358 368 132 306 195 182 164 205 151 344 450 282 96 177 292 219 243 328 318 265 332 376 359 126 358 45 403 79 267 136 353 355 205 120 404 330 254 245 190 358 308
 379 315 237 303 154 334 342 185 67 442 1 387 417 245 367 271 261 70 451 291 198 312 146 280 281 344 285 317 140 33 352 399 363 212 259 324 264 132 179 229 101 288 331 222 475 119 410 205 316 213 192 389 411 48 113 274 215 270 204 171
 95 106 199 137 273 236 198 245 405 93 387 1 46 146 94 119 133 332 70 367 354 96 266 115 172 191 121 156 312 400 312 149 214 277 140 265 239 256 217 246 337 268 58 272 102 370 25 243 74 342 340 251 180 344 278 258 175 119 345 235
 77 115 213 142 313 226 187 286 430 49 417 46 1 183 81 156 172 359 36 366 365 111 289 155 178 179 164 153 331 428 301 123 198 288 180 257 283 289 243 290 360 313 90 316 60 390 32 257 103 351 351 231 152 377 306 259 211 155 355 273
 171 114 128 127 132 228 206 108 272 218 245 146 183 1 160 28 18 197 214 308 261 100 146 37 139 202 48 156 198 261 293 215 230 195 24 244 140 114 96 129 212 179 94 153 243 251 170 155 83 256 246 270 240 201 142 211 31 29 255 91
 13 53 143 70 288 147 108 267 370 80 367 94 81 160 1 137 155 304 112 287 290 62 228 147 103 100 163 74 264 373 222 62 121 213 168 178 288 248 190 284 297 324 84 310 121 324 101 187 84 275 277 158 92 332 256 180 182 134 280 246
 148 96 131 114 159 221 195 133 295 192 271 119 156 28 137 1 19 221 187 313 273 80 165 19 132 190 39 143 216 286 289 194 218 204 32 240 155 140 114 148 233 192 67 173 215 270 143 164 57 267 258 259 221 227 165 211 58 6 267 118
 166 113 139 130 142 235 210 116 288 209 261 133 172 18 155 19 1 214 202 321 276 98 163 20 145 206 32 159 215 278 302 212 234 209 14 252 138 129 112 130 229 175 84 155 231 268 157 169 75 271 261 274 239 216 158 221 46 23 270 103
 315 252 169 237 143 266 273 167 76 380 70 332 359 197 304 221 214 1 393 234 144 251 78 233 214 276 242 250 75 71 286 332 295 145 215 256 251 91 117 217 43 282 275 218 415 79 355 137 259 155 135 320 343 61 56 206 169 219 148 142
 105 149 247 176 343 254 215 314 465 53 451 70 36 214 112 187 202 393 1 397 399 146 323 184 211 207 190 185 365 462 328 145 223 322 209 286 305 322 277 314 394 333 122 341 35 425 48 292 136 385 385 254 171 410 340 291 243 186 389 303
 293 262 183 231 347 150 187 355 242 358 291 367 366 308 287 313 321 234 397 1 95 276 195 332 197 195 350 214 162 271 100 268 189 117 331 118 429 275 226 402 194 467 323 414 401 176 382 155 309 80 100 181 256 294 241 110 298 308 88 321
 299 251 156 223 270 186 213 283 149 368 198 354 365 261 290 273 276 144 399 95 1 260 123 291 188 219 307 218 77 178 171 291 225 78 283 162 363 200 167 333 102 399 302 341 410 83 373 113 286 21 16 234 289 204 161 123 243 269 12 251
 74 19 105 47 227 157 124 206 321 132 312 96 111 100 62 80 98 251 146 276 260 1 179 92 80 118 111 74 221 320 231 116 146 183 111 182 233 188 135 227 250 270 49 251 166 280 115 149 38 248 245 186 142 274 200 167 121 76 251 185
 240 178 92 161 153 193 197 162 143 306 146 266 289 146 228 165 163 78 323 195 123 179 1 180 137 199 194 172 53 147 224 255 219 85 168 188 241 81 52 212 72 277 209 222 343 107 288 63 193 125 109 247 266 123 50 138 124 162 121 130
 157 109 149 130 159 238 211 131 308 195 280 115 155 37 147 19 20 233 184 332 291 92 180 1 150 206 21 159 231 297 307 205 234 222 26 258 143 149 129 140 247 179 69 166 215 285 139 182 63 285 276 274 233 235 177 230 66 24 285 121
 113 67 46 37 238 91 73 227 275 182 281 172 178 139 103 132 145 214 211 197 188 80 137 150 1 71 170 37 165 282 159 119 98 111 158 109 277 179 112 261 201 316 127 282 223 224 189 87 114 175 175 135 131 252 174 88 144 127 179 198
 103 101 111 77 308 48 9 296 330 164 344 191 179 202 100 190 206 276 207 195 219 118 199 206 71 1 225 48 217 342 123 75 29 150 219 80 341 249 181 328 256 380 164 350 208 272 200 141 156 201 208 70 72 319 241 97 212 185 208 268
 172 128 168 149 156 258 230 126 316 205 285 121 164 48 163 39 32 242 190 350 307 111 194 21 170 225 1 179 245 304 327 222 253 239 28 277 127 155 143 128 259 162 82 154 222 298 144 200 79 302 292 294 250 239 186 249 74 44 301 121
 83 57 82 30 266 84 53 252 310 151 317 156 153 156 74 143 159 250 185 214 218 74 172 159 37 48 179 1 200 318 159 83 76 142 172 111 295 211 145 282 236 333 121 305 194 258 169 121 111 203 205 116 97 287 208 106 167 139 208 225
 275 218 122 195 193 200 213 208 114 344 140 312 331 198 264 216 215 75 365 162 77 221 53 231 165 217 245 200 1 129 213 281 232 74 220 186 289 124 103 258 42 324 256 265 383 61 333 80 240 84 65 253 287 134 85 137 176 212 78 176
 385 322 237 307 181 328 339 211 36 450 33 400 428 261 373 286 278 71 462 271 178 320 147 297 282 342 304 318 129 1 338 400 359 203 277 314 292 150 186 257 89 317 343 251 485 96 423 202 328 194 174 382 410 75 123 265 232 285 185 194
 225 214 170 185 368 77 115 366 315 282 352 312 301 293 222 289 302 286 328 100 171 231 224 307 159 123 327 159 213 338 1 187 106 143 314 51 428 298 234 408 252 467 279 425 325 248 322 166 268 152 169 87 169 342 273 90 292 284 161 334
 56 101 164 100 337 118 82 319 392 96 399 149 123 215 62 194 212 332 145 268 291 116 255 205 119 75 222 83 281 400 187 1 82 219 225 151 347 289 225 341 318 383 145 366 139 339 150 203 144 274 280 110 31 368 290 170 233 191 280 295
 123 128 134 106 334 40 26 324 345 177 363 214 198 230 121 218 234 295 223 189 225 146 219 234 98 29 253 76 232 359 106 82 1 162 247 72 370 274 205 356 272 408 190 378 220 284 221 159 183 206 216 41 69 340 263 103 240 214 213 294
 223 174 79 146 235 127 145 240 185 292 212 277 288 195 213 204 209 145 322 117 78 183 85 222 111 150 239 142 74 203 143 219 162 1 218 113 313 163 110 287 115 351 226 300 334 124 296 41 211 66 65 180 221 200 133 64 183 199 69 207
 178 127 150 143 134 248 223 106 289 219 259 140 180 24 168 32 14 215 209 331 283 111 168 26 158 219 28 172 220 277 314 225 247 218 1 265 124 128 118 118 232 162 94 143 240 272 164 178 86 279 268 288 252 213 159 233 47 36 278 96
 182 166 123 136 325 34 72 321 295 243 324 265 257 244 178 240 252 256 286 118 162 182 188 258 109 80 277 111 186 314 51 151 72 113 265 1 381 257 191 361 227 420 230 380 287 231 277 127 219 142 155 73 139 309 236 51 245 235 151 289
 298 250 260 266 112 367 345 85 317 328 264 239 283 140 288 155 138 251 305 429 363 233 241 143 277 341 127 295 289 292 428 347 370 313 124 381 1 167 204 36 284 40 208 51 339 325 259 276 205 364 349 409 374 218 208 343 137 159 361 114
 260 195 141 190 73 255 249 85 164 318 132 256 289 114 248 140 129 91 322 275 200 188 81 149 179 249 155 211 124 150 298 289 274 163 128 257 167 1 69 135 119 202 201 143 348 160 280 133 187 203 187 307 307 89 42 209 84 139 199 55
 202 138 73 127 135 187 181 134 189 265 179 217 243 96 190 114 112 117 277 226 167 135 52 129 112 181 143 145 103 186 234 225 205 110 118 191 204 69 1 179 121 242 161 193 299 158 240 73 145 165 153 239 241 144 67 146 76 110 163 101
 295 242 239 254 77 350 331 52 282 332 229 246 290 129 284 148 130 217 314 402 333 227 212 140 261 328 128 282 258 257 408 341 356 287 118 361 36 135 179 1 251 67 208 28 347 292 268 251 202 335 320 395 367 183 176 321 118 152 331 83
 309 248 157 229 180 240 253 200 75 376 101 337 360 212 297 233 229 43 394 194 102 250 72 247 201 256 259 236 42 89 252 318 272 115 232 227 284 119 121 251 1 317 280 254 414 42 359 117 264 115 95 294 326 103 78 178 186 230 107 172
 333 287 299 304 140 406 384 118 344 359 288 268 313 179 324 192 175 282 333 467 399 270 277 179 316 380 162 333 324 317 467 383 408 351 162 420 40 202 242 67 317 1 242 67 366 357 287 314 240 401 386 448 411 244 242 381 176 196 397 149
 92 65 148 96 225 204 170 199 348 126 331 58 90 94 84 67 84 275 122 323 302 49 209 69 127 164 82 121 256 343 279 145 190 226 94 230 208 201 161 208 280 242 1 234 150 314 81 190 17 291 287 230 174 289 221 215 122 66 293 184
 321 266 258 277 75 370 353 61 279 358 222 272 316 153 310 173 155 218 341 414 341 251 222 166 282 350 154 305 265 251 425 366 378 300 143 380 51 143 193 28 254 67 234 1 374 294 294 265 228 345 328 416 391 178 182 337 139 177 341 94
 112 166 262 189 372 254 216 345 485 45 475 102 60 243 121 215 231 415 35 401 410 166 343 215 223 208 222 194 383 485 325 139 220 334 240 287 339 348 299 347 414 366 150 374 1 442 81 307 162 395 397 247 161 435 364 297 271 214 400 332
 335 277 182 255 220 249 268 241 68 403 119 370 390 251 324 270 268 79 425 176 83 280 107 285 224 272 298 258 61 96 248 339 284 124 272 231 325 160 158 292 42 357 314 294 442 1 392 138 298 100 81 301 343 134 120 184 226 267 91 213
 99 123 219 153 297 246 208 268 428 79 410 25 32 170 101 143 157 355 48 382 373 115 288 139 189 200 144 169 333 423 322 150 221 296 164 277 259 280 240 268 359 287 81 294 81 392 1 263 97 361 359 256 180 368 301 273 199 143 364 259
 198 143 46 118 204 131 138 205 191 267 205 243 257 155 187 164 169 137 292 155 113 149 63 182 87 141 200 121 80 202 166 203 159 41 178 127 276 133 73 251 117 314 190 265 307 138 263 1 174 104 98 185 210 185 110 78 143 160 105 172
 94 56 132 84 214 194 162 189 332 136 316 74 103 83 84 57 75 259 136 309 286 38 193 63 114 156 79 111 240 328 268 144 183 211 86 219 205 187 145 202 264 240 17 228 162 298 97 174 1 276 271 223 173 275 206 201 110 55 278 173
 284 239 145 210 275 168 195 286 167 353 213 342 351 256 275 267 271 155 385 80 21 248 125 285 175 201 302 203 84 194 152 274 206 66 279 142 364 203 165 335 115 401 291 345 395 100 361 104 276 1 21 214 271 215 167 105 240 263 10 253
 286 238 141 210 257 178 203 270 148 355 192 340 351 246 277 258 261 135 385 100 16 245 109 276 175 208 292 205 65 174 169 280 216 65 268 155 349 187 153 320 95 386 287 328 397 81 359 98 271 21 1 227 279 195 149 114 228 254 14 238
 158 169 167 146 370 55 65 361 364 205 389 251 231 270 158 259 274 320 254 181 234 186 247 274 135 70 294 116 253 382 87 110 41 180 288 73 409 307 239 395 294 448 230 416 247 301 256 185 223 214 227 1 87 369 293 118 278 254 222 331
 87 126 175 119 359 108 77 343 400 120 411 180 152 240 92 221 239 343 171 256 289 142 266 233 131 72 250 97 287 410 169 31 69 221 252 139 374 307 241 367 326 411 174 391 161 343 180 210 173 271 279 87 1 383 304 167 256 217 278 317
 344 279 209 270 107 315 318 138 103 404 48 344 377 201 332 227 216 61 410 294 204 274 123 235 252 319 239 287 134 75 342 368 340 200 213 309 218 89 144 183 103 244 289 178 435 134 368 185 275 215 195 369 383 1 80 259 171 227 208 124
 268 203 131 192 109 239 240 125 131 330 113 278 306 142 256 165 158 56 340 241 161 200 50 177 174 241 186 208 85 123 273 290 263 133 159 236 208 42 67 176 78 242 221 182 364 120 301 110 206 167 149 293 304 80 1 187 114 163 161 95
 187 153 84 122 279 66 91 278 247 254 274 258 259 211 180 211 221 206 291 110 123 167 138 230 88 97 249 106 137 265 90 170 103 64 233 51 343 209 146 321 178 381 215 337 297 184 273 78 201 105 114 118 167 259 187 1 207 206 112 245
 194 133 124 140 107 233 215 87 244 245 215 175 211 31 182 58 46 169 243 298 243 121 124 66 144 212 74 167 176 232 292 233 240 183 47 245 137 84 76 118 186 176 122 139 271 226 199 143 110 240 228 278 256 171 114 207 1 58 238 65
 145 92 126 109 160 216 190 135 293 190 270 119 155 29 134 6 23 219 186 308 269 76 162 24 127 185 44 139 212 285 284 191 214 199 36 235 159 139 110 152 230 196 66 177 214 267 143 160 55 263 254 254 217 227 163 206 58 1 263 119
 289 242 147 214 270 175 201 282 158 358 204 345 355 255 280 267 270 148 389 88 12 251 121 285 179 208 301 208 78 185 161 280 213 69 278 151 361 199 163 331 107 397 293 341 400 91 364 105 278 10 14 222 278 208 161 112 238 263 1 250
 257 196 168 199 43 282 269 34 213 308 171 235 273 91 246 118 103 142 303 321 251 185 130 121 198 268 121 225 176 194 334 295 294 207 96 289 114 55 101 83 172 149 184 94 332 213 259 172 173 253 238 331 317 124 95 245 65 119 250 1
LAMBDA_SECTION
1  23
2  25
3  59
4  57
5  25
6  15
7  50
8  50
9  47
10  39
11  28
12  20
13  56
14  28
15  26
16  40
17  29
18  41
19  44
20  59
21  57
22  15
23  20
24  29
25  45
26  39
27  59
28  25
29  16
30  26
31  17
32  25
33  36
34  17
35  29
36  54
37  17
38  26
39  44
40  57
41  50
42  20
43  24
44  53
45  33
46  35
47  41
48  55
49  23
50  25
51  54
52  20
53  25
54  59
55  42
56  18
57  46
58  41
59  35
60  47
