NAME : domp40p13v7
COMMENT : (Deleplanque et al.) 
TYPE : DOMP
DIMENSION : 40
DISPLAY_DATA_TYPE: NO_DISPLAY
OPEN_FACILITIES : 13
COST_SECTION
 1 53 117 246 393 301 279 312 325 92 47 76 80 230 292 270 302 241 336 264 348 462 63 322 381 30 352 145 285 135 252 191 57 398 169 396 211 80 386 243
 53 1 89 294 398 322 313 356 354 125 99 117 132 234 309 245 345 235 318 240 354 471 21 298 384 36 352 108 331 147 280 227 10 407 182 402 193 90 406 252
 117 89 1 303 324 272 287 353 319 126 157 135 184 165 255 158 341 155 230 153 283 400 68 210 310 88 274 34 335 103 244 213 95 339 131 331 107 177 352 188
 246 294 303 1 352 210 122 76 172 180 210 179 182 258 222 383 69 300 408 380 314 388 294 422 347 259 345 336 42 216 151 108 300 330 212 343 323 297 269 242
 393 398 324 352 1 143 235 330 200 315 401 339 403 165 132 228 323 171 173 231 46 79 380 217 16 375 57 331 345 259 203 268 406 42 226 18 229 471 124 152
 301 322 272 210 143 1 94 191 72 212 296 233 289 123 24 253 183 162 241 253 108 184 309 271 139 291 146 292 204 177 65 137 331 122 144 134 216 378 86 94
 279 313 287 122 235 94 1 100 55 190 260 204 243 179 110 315 91 224 320 314 201 267 305 344 232 278 237 315 111 186 52 89 321 210 163 225 265 349 149 154
 312 356 353 76 330 191 100 1 133 235 280 240 254 273 209 407 13 317 417 404 299 352 353 439 328 321 336 383 36 256 148 142 363 301 242 319 351 368 228 250
 325 354 319 172 200 72 55 133 1 234 309 251 295 187 94 321 127 229 312 320 173 221 345 341 200 321 214 343 154 218 76 138 363 170 189 188 278 397 99 158
 92 125 126 180 315 212 190 235 234 1 88 26 92 159 204 240 224 183 290 235 270 380 120 288 304 90 281 159 213 67 161 103 133 315 93 315 175 167 297 164
 47 99 157 210 401 296 260 280 309 88 1 64 35 243 290 302 270 262 363 297 356 466 109 354 390 73 365 187 251 148 240 172 102 401 178 402 240 91 380 251
 76 117 135 179 339 233 204 240 251 26 64 1 68 184 227 260 230 207 313 255 294 404 115 309 328 81 305 168 216 91 180 117 124 338 117 339 195 147 318 189
 80 132 184 182 403 289 243 254 295 92 35 68 1 250 285 323 244 274 379 318 358 465 141 373 393 105 371 215 223 158 230 159 135 400 184 402 259 116 372 254
 230 234 165 258 165 123 179 273 187 159 243 184 250 1 102 137 262 46 151 136 121 238 217 167 152 211 124 178 271 97 128 153 242 176 67 170 94 308 193 30
 292 309 255 222 132 24 110 209 94 204 290 227 285 102 1 230 200 140 218 230 93 182 296 248 126 280 128 274 219 164 72 139 318 117 129 125 195 370 98 73
 270 245 158 383 228 253 315 407 321 240 302 260 323 137 230 1 396 93 80 6 201 305 225 53 214 242 172 143 402 177 264 277 252 259 173 241 66 334 308 164
 302 345 341 69 323 183 91 13 127 224 270 230 244 262 200 396 1 306 407 393 290 347 342 428 321 310 327 372 32 244 137 130 352 295 230 312 340 359 224 239
 241 235 155 300 171 162 224 317 229 183 262 207 274 46 140 93 306 1 111 92 133 248 216 123 157 218 120 161 315 117 173 194 243 191 97 179 62 316 224 72
 336 318 230 408 173 241 320 417 312 290 363 313 379 151 218 80 407 111 1 85 159 244 298 46 160 309 120 220 419 224 271 302 325 210 208 189 126 405 274 169
 264 240 153 380 231 253 314 404 320 235 297 255 318 136 230 6 393 92 85 1 203 308 220 59 216 236 174 138 399 173 263 274 246 261 170 244 61 329 308 163
 348 354 283 314 46 108 201 299 173 270 356 294 358 121 93 201 290 133 159 203 1 118 337 200 36 331 43 291 311 214 164 226 363 60 181 49 193 427 117 107
 462 471 400 388 79 184 267 352 221 380 466 404 465 238 182 305 347 248 244 308 118 1 454 289 93 446 135 408 374 328 248 319 479 66 294 70 307 541 125 221
 63 21 68 294 380 309 305 353 345 120 109 115 141 217 296 225 342 216 298 220 337 454 1 277 367 38 333 89 330 133 270 221 28 391 167 385 173 110 393 236
 322 298 210 422 217 271 344 439 341 288 354 309 373 167 248 53 428 123 46 59 200 289 277 1 203 294 163 194 437 224 293 315 304 253 215 232 115 386 313 191
 381 384 310 347 16 139 232 328 200 304 390 328 393 152 126 214 321 157 160 216 36 93 367 203 1 362 43 316 342 247 198 261 393 52 214 30 215 459 129 141
 30 36 88 259 375 291 278 321 321 90 73 81 105 211 280 242 310 218 309 236 331 446 38 294 362 1 332 116 296 119 247 192 44 382 154 379 184 99 376 226
 352 352 274 345 57 146 237 336 214 281 365 305 371 124 128 172 327 120 120 174 43 135 333 163 43 332 1 278 345 219 196 251 360 91 189 71 175 430 158 119
 145 108 34 336 331 292 315 383 343 159 187 168 215 178 274 143 372 161 220 138 291 408 89 194 316 116 278 1 366 130 270 243 113 349 155 339 105 197 369 204
 285 331 335 42 345 204 111 36 154 213 251 216 223 271 219 402 32 315 419 399 311 374 330 437 342 296 345 366 1 242 152 128 338 319 232 335 343 338 251 251
 135 147 103 216 259 177 186 256 218 67 148 91 158 97 164 177 244 117 224 173 214 328 133 224 247 119 219 130 242 1 143 116 156 264 36 261 113 214 261 109
 252 280 244 151 203 65 52 148 76 161 240 180 230 128 72 264 137 173 271 263 164 248 270 293 198 247 196 270 152 143 1 74 288 186 116 196 214 326 143 104
 191 227 213 108 268 137 89 142 138 103 172 117 159 153 139 277 130 194 302 274 226 319 221 315 261 192 251 243 128 116 74 1 235 256 106 263 217 261 216 139
 57 10 95 300 406 331 321 363 363 133 102 124 135 242 318 252 352 243 325 246 363 479 28 304 393 44 360 113 338 156 288 235 1 416 191 411 201 85 415 261
 398 407 339 330 42 122 210 301 170 315 401 338 400 176 117 259 295 191 210 261 60 66 391 253 52 382 91 349 319 264 186 256 416 1 229 25 252 476 85 157
 169 182 131 212 226 144 163 242 189 93 178 117 184 67 129 173 230 97 208 170 181 294 167 215 214 154 189 155 232 36 116 106 191 229 1 227 112 248 226 75
 396 402 331 343 18 134 225 319 188 315 402 339 402 170 125 241 312 179 189 244 49 70 385 232 30 379 71 339 335 261 196 263 411 25 227 1 239 474 108 154
 211 193 107 323 229 216 265 351 278 175 240 195 259 94 195 66 340 62 126 61 193 307 173 115 215 184 175 105 343 113 214 217 201 252 112 239 1 280 283 123
 80 90 177 297 471 378 349 368 397 167 91 147 116 308 370 334 359 316 405 329 427 541 110 386 459 99 430 197 338 214 326 261 85 476 248 474 280 1 463 321
 386 406 352 269 124 86 149 228 99 297 380 318 372 193 98 308 224 224 274 308 117 125 393 313 129 376 158 369 251 261 143 216 415 85 226 108 283 463 1 166
 243 252 188 242 152 94 154 250 158 164 251 189 254 30 73 164 239 72 169 163 107 221 236 191 141 226 119 204 251 109 104 139 261 157 75 154 123 321 166 1
LAMBDA_SECTION
1  20
2  14
3  35
4  34
5  27
6  19
7  25
8  17
9  11
10  27
11  26
12  35
13  36
14  11
15  11
16  17
17  32
18  26
19  25
20  11
21  27
22  26
23  24
24  22
25  26
26  34
27  11
28  10
29  33
30  13
31  10
32  13
33  10
34  36
35  29
36  27
37  15
38  37
39  34
40  39
