NAME : domp280p93v6
COMMENT : (Deleplanque et al.) 
TYPE : DOMP
DIMENSION : 280
DISPLAY_DATA_TYPE: NO_DISPLAY
OPEN_FACILITIES : 93
COST_SECTION
 1 125 150 315 181 131 82 128 68 228 57 285 128 126 251 282 304 157 347 182 252 141 101 223 282 144 201 97 313 84 84 199 301 266 47 121 20 271 328 68 198 204 126 346 212 274 201 82 238 104 126 59 284 197 193 241 360 264 298 48 171 328 180 51 327 299 287 196 312 42 286 119 233 234 127 240 263 236 231 187 30 269 155 82 210 272 157 16 82 92 189 114 55 171 250 123 223 182 137 198 175 234 81 204 51 303 127 55 108 155 235 196 321 53 104 235 189 57 197 92 254 236 318 156 187 274 187 72 143 292 252 233 87 229 128 131 271 35 140 197 255 339 192 225 116 368 267 122 88 152 176 338 156 248 112 308 248 208 306 190 89 126 142 176 372 60 354 283 129 173 221 326 295 45 328 193 113 314 177 110 145 279 230 80 173 276 183 83 237 317 152 182 46 61 293 102 158 219 209 125 247 310 273 110 151 302 44 45 313 100 240 89 69 122 236 115 286 59 257 284 66 326 186 316 99 328 111 294 190 219 300 78 120 165 157 137 164 200 126 173 135 299 323 65 113 175 71 305 213 251 336 313 105 49 268 138 316 301 191 49 246 351 98 111 320 73 151 37 189 178 202 298 206 118 302 155 222 211 115 233
 125 1 159 203 79 235 119 175 178 105 114 170 178 82 127 240 182 81 223 72 176 168 145 207 197 227 190 72 221 207 208 130 253 184 106 202 126 148 249 181 97 100 186 222 209 171 80 126 198 152 66 93 225 130 121 161 240 160 179 100 215 266 216 76 209 176 168 99 188 85 187 91 214 114 167 145 184 138 184 91 97 214 39 59 96 159 178 140 183 171 128 179 75 186 181 34 118 220 65 150 192 122 85 83 87 256 184 96 88 117 206 192 203 150 185 145 211 169 162 193 181 141 269 131 118 150 202 67 80 167 132 176 118 149 213 25 147 148 156 151 138 215 117 139 10 248 152 235 98 33 192 214 256 127 159 249 176 187 235 66 78 160 61 146 249 83 231 182 172 146 127 202 174 132 256 211 106 217 76 23 66 156 106 89 93 160 104 73 130 217 189 72 98 169 180 102 259 162 165 138 141 190 237 31 32 222 83 82 190 202 117 209 158 29 190 128 225 73 174 161 188 206 184 199 149 214 225 173 99 113 201 97 86 165 203 65 44 123 61 115 157 186 203 101 82 70 142 207 140 160 211 197 32 168 170 171 269 214 129 163 138 290 167 45 197 192 196 144 102 114 118 192 178 184 178 65 103 221 187 155
 150 159 1 248 139 149 216 272 214 240 194 226 52 80 238 140 313 235 318 153 143 23 241 347 177 114 326 197 212 181 189 104 160 161 180 98 132 278 210 140 255 151 67 337 63 196 187 220 348 246 212 182 152 101 105 319 370 314 251 177 65 194 61 137 273 265 307 138 299 142 200 69 85 203 40 160 155 295 100 134 148 136 153 173 175 215 294 152 121 241 91 262 126 28 338 127 273 66 104 300 311 274 88 186 115 162 63 103 72 60 90 324 268 202 253 303 53 136 65 125 338 157 177 269 99 255 45 171 229 280 271 330 219 133 110 140 262 183 273 76 210 304 274 139 154 377 298 167 73 157 34 310 158 264 255 174 135 328 183 201 195 33 215 51 359 174 350 337 272 288 284 295 309 109 202 331 231 218 137 138 109 248 229 86 109 304 111 187 178 226 42 152 173 129 231 221 162 101 315 27 295 324 128 175 188 187 135 150 280 130 252 167 102 182 103 244 156 159 157 288 166 280 315 339 59 355 165 304 257 268 211 82 74 293 58 216 197 114 208 84 271 331 276 193 78 227 87 214 297 162 320 252 130 150 184 31 174 194 283 137 186 215 78 115 294 158 54 128 260 268 123 220 66 74 273 120 193 67 82 313
 315 203 248 1 136 387 320 373 376 148 315 34 296 200 108 197 157 247 97 135 119 269 345 372 96 359 362 271 78 388 392 146 193 104 306 339 309 143 122 352 217 113 310 140 248 54 127 328 346 352 254 294 160 148 145 274 190 224 42 300 309 170 301 268 35 68 173 123 114 278 56 213 228 92 283 89 110 233 174 131 291 165 166 261 108 45 368 328 344 372 158 380 262 263 300 194 212 306 182 306 380 195 244 122 267 195 306 268 222 194 209 368 33 350 387 250 283 343 193 352 295 92 198 310 152 95 269 268 257 110 160 312 318 117 352 188 112 344 348 177 67 81 261 111 210 193 188 398 246 171 267 95 401 155 359 168 129 354 135 156 278 274 237 199 149 284 156 242 370 320 236 83 163 302 144 396 301 64 140 210 173 74 129 246 152 186 144 274 80 53 289 135 298 339 24 299 405 157 319 248 215 171 208 231 194 113 273 278 74 360 147 383 317 223 176 324 155 272 101 138 369 50 363 191 285 208 392 155 233 209 54 252 209 349 305 245 186 136 249 168 351 202 47 303 214 209 298 57 274 89 119 16 213 348 67 277 202 94 280 339 70 185 309 206 89 368 301 321 241 271 128 33 203 314 79 162 102 271 322 274
 181 79 139 136 1 259 195 252 243 107 186 106 178 70 100 174 176 149 184 17 100 156 222 281 119 238 265 150 143 254 258 63 184 106 175 216 174 141 171 219 145 24 191 199 168 96 51 202 266 229 143 165 152 64 54 214 232 191 123 169 203 191 199 134 150 131 173 21 162 144 110 84 164 66 165 67 106 180 121 14 157 144 44 134 38 93 256 193 213 244 67 255 127 162 237 60 156 204 48 219 270 150 110 49 132 187 187 134 92 81 151 268 145 218 258 193 187 209 111 222 235 63 199 206 55 117 174 140 153 142 138 239 195 73 228 58 124 210 234 95 79 172 180 62 84 239 168 268 114 51 168 176 277 131 237 175 102 261 158 75 155 155 133 103 223 155 212 214 250 221 174 161 172 169 179 288 184 140 5 79 40 113 93 113 33 172 37 149 57 141 179 16 167 207 114 180 280 97 234 129 173 188 175 110 88 144 139 145 147 230 118 250 186 106 126 206 151 141 96 150 235 153 261 203 159 221 260 167 154 151 124 119 80 242 195 138 88 52 138 62 235 198 149 175 83 122 167 130 200 81 183 134 81 214 93 163 200 136 195 205 66 215 183 71 159 234 189 187 160 181 44 119 127 192 138 28 55 187 198 210
 131 235 149 387 259 1 210 242 151 337 185 361 98 190 350 280 415 284 442 268 290 127 222 349 324 46 327 226 359 78 88 245 301 307 177 51 118 380 358 64 322 278 83 451 190 336 297 208 367 223 254 190 298 243 244 370 473 388 381 178 114 338 127 167 407 389 402 267 414 162 343 176 219 323 110 300 302 362 247 260 155 282 252 208 296 348 277 119 53 197 233 222 163 149 380 217 346 125 213 328 294 354 155 298 150 302 87 140 169 195 231 320 401 162 202 363 148 76 212 43 384 296 316 286 237 371 156 199 271 394 366 364 215 277 41 229 373 141 263 223 338 430 321 280 226 481 385 28 147 251 149 433 25 360 230 318 282 335 331 297 218 118 268 198 476 189 461 408 245 303 347 419 408 105 349 311 243 364 256 214 221 370 334 152 237 393 243 212 310 371 116 267 176 72 367 232 27 248 339 140 370 423 266 230 265 334 160 169 405 34 350 59 78 242 250 243 303 184 303 393 81 411 310 433 103 447 36 406 316 342 355 144 181 290 106 264 278 253 253 221 258 419 407 195 178 296 95 359 342 305 437 388 206 87 326 119 313 341 321 83 320 358 79 201 416 68 105 98 316 308 260 362 213 76 396 234 311 175 68 363
 82 119 216 320 195 210 1 60 84 200 26 287 205 166 233 334 268 102 328 189 285 212 28 142 311 225 120 51 337 148 143 234 351 296 39 202 100 239 361 146 150 217 205 316 278 289 195 9 158 35 77 36 327 233 226 174 319 210 293 41 248 371 255 81 323 287 247 214 287 75 304 165 293 230 201 261 294 180 279 205 70 314 156 61 213 276 79 92 163 56 228 61 92 240 178 137 174 258 164 123 97 189 131 199 102 353 205 114 155 202 291 115 317 57 69 174 261 136 248 172 183 257 368 79 221 257 257 56 86 268 217 158 6 259 209 138 249 72 60 244 254 323 128 252 112 327 223 196 144 150 246 319 234 215 44 352 284 127 343 171 43 198 97 229 343 46 321 225 59 95 164 309 257 124 365 116 39 334 191 117 170 267 210 132 200 232 211 47 247 335 226 189 44 141 297 31 236 262 132 190 195 270 328 90 129 334 82 68 298 180 210 160 150 98 285 34 328 61 286 254 135 318 105 272 173 281 184 259 136 171 318 136 163 83 234 89 140 231 80 212 56 252 316 24 156 134 149 324 145 274 310 313 118 124 287 211 367 328 122 128 255 395 177 133 302 145 227 118 132 112 229 310 261 197 286 175 219 281 195 166
 128 175 272 373 252 242 60 1 95 244 79 341 255 225 280 393 304 138 372 246 344 266 33 115 369 266 94 104 394 170 163 293 410 354 93 245 147 279 420 182 183 274 253 354 334 345 247 55 144 27 122 95 387 292 285 186 350 235 344 97 298 430 306 139 374 334 280 272 329 132 360 224 351 282 253 319 353 204 338 263 125 373 212 120 268 330 39 134 203 47 287 26 150 295 182 196 205 309 223 126 54 222 189 252 158 413 254 170 214 261 350 85 368 82 48 194 314 174 307 210 189 314 427 86 281 303 312 116 123 312 256 158 59 318 250 195 293 104 38 303 307 369 150 310 169 358 255 224 202 206 300 363 266 255 18 411 343 107 403 221 98 252 140 287 381 105 357 245 6 93 190 355 292 172 425 69 74 391 249 176 229 316 256 190 259 264 270 104 303 391 278 246 101 181 350 75 267 321 128 246 223 304 386 145 180 393 139 125 345 216 253 187 196 151 344 51 388 120 344 293 163 367 76 302 225 308 212 296 167 204 375 193 222 62 284 132 190 290 126 272 32 280 365 83 215 175 198 381 160 332 351 365 177 159 344 264 426 387 137 167 311 455 225 193 347 175 278 162 161 133 287 365 320 245 333 234 272 336 241 179
 68 178 214 376 243 151 84 95 1 274 70 345 184 193 302 348 345 183 399 242 319 202 82 207 349 180 185 126 379 77 69 265 367 332 74 162 83 315 395 95 230 266 178 392 275 338 257 77 232 80 156 89 351 264 260 256 399 293 355 80 224 395 234 110 385 353 326 260 361 100 350 186 297 291 186 305 329 262 298 251 87 336 212 123 270 332 131 63 118 48 256 72 118 232 259 184 255 235 202 202 147 269 148 260 117 370 180 122 175 222 300 177 379 30 52 257 246 90 263 124 264 301 385 158 253 326 247 114 167 341 294 238 89 295 165 189 320 35 122 264 314 392 211 291 169 407 303 131 155 208 236 390 174 291 85 375 315 196 374 240 116 187 175 243 419 97 398 308 98 172 247 379 335 105 395 162 122 379 239 167 209 333 280 147 238 312 249 116 299 382 208 242 81 98 353 114 175 286 209 190 277 349 339 155 198 368 105 99 366 128 285 94 119 166 303 111 353 107 324 329 72 383 168 352 158 362 119 336 218 252 365 145 186 150 210 168 211 267 157 240 116 333 380 85 180 212 129 370 228 316 384 372 164 74 333 197 383 367 204 85 308 418 150 173 372 85 205 88 214 195 267 361 272 168 355 219 279 271 162 248
 228 105 240 148 107 337 200 244 274 1 205 119 271 162 41 272 79 108 130 91 189 254 221 226 192 325 218 151 200 310 311 166 278 186 200 301 230 44 241 285 71 108 281 120 274 146 57 208 199 227 125 186 244 168 158 129 137 89 110 195 302 276 299 179 137 94 69 118 88 187 162 175 269 68 258 142 190 89 223 117 199 239 90 152 81 113 232 242 286 255 172 257 179 264 155 122 66 304 138 160 240 52 184 60 190 281 278 199 178 184 255 225 132 245 269 105 289 273 217 296 151 140 291 170 160 61 278 162 122 69 32 165 197 165 313 109 50 247 214 200 90 126 116 151 114 145 62 339 195 88 270 121 358 26 233 264 194 208 238 42 160 250 106 208 146 178 128 111 240 177 90 112 72 235 256 255 171 191 107 125 132 78 21 187 138 67 142 159 110 185 276 92 194 273 128 174 361 198 173 225 75 88 275 120 78 219 186 184 103 305 14 312 260 108 228 194 241 171 176 58 292 128 221 100 245 117 329 70 88 63 173 195 170 209 292 114 65 154 122 168 217 93 127 190 169 70 244 179 127 156 111 136 133 272 152 259 293 204 135 267 112 297 266 138 104 295 285 248 96 127 143 154 233 280 91 121 68 292 285 128
 57 114 194 315 186 185 26 79 70 205 1 283 181 149 235 316 276 115 332 182 272 189 48 167 299 200 145 57 327 126 123 220 333 284 15 177 75 246 349 122 161 209 180 323 256 281 192 27 182 53 86 22 312 219 213 193 330 225 291 20 224 356 231 62 321 287 256 204 292 54 295 147 273 227 177 251 282 195 262 196 47 298 150 56 208 271 103 68 138 59 213 73 73 218 199 127 186 234 151 145 121 200 111 196 80 336 180 92 137 184 272 140 315 41 73 191 238 111 230 147 204 247 351 102 207 259 235 48 99 272 225 181 31 247 184 130 252 51 84 226 251 325 146 240 106 338 234 173 124 145 223 322 210 222 62 336 270 152 330 172 47 175 106 210 350 32 329 241 79 118 179 312 266 99 352 140 60 325 182 108 157 267 212 112 188 243 199 47 240 326 203 183 23 116 292 49 211 246 155 168 208 280 309 88 130 321 61 48 300 155 216 137 125 99 267 59 313 47 274 260 112 318 130 283 149 293 161 267 150 183 310 115 146 109 210 99 143 218 88 197 80 264 315 16 138 142 124 315 164 264 315 310 107 100 278 187 349 317 141 104 249 380 152 120 305 122 203 93 147 130 217 303 242 172 288 164 216 258 170 185
 285 170 226 34 106 361 287 341 345 119 283 1 273 172 80 194 140 215 99 104 110 247 312 342 95 335 331 238 89 359 362 125 193 98 274 314 279 120 133 324 187 84 286 134 233 44 94 295 317 319 221 262 158 128 122 246 181 199 29 268 289 177 282 236 48 54 153 95 102 246 55 186 217 60 259 70 104 205 162 103 260 160 134 229 76 14 336 297 316 340 137 347 231 244 273 162 184 287 153 275 348 168 214 90 236 196 283 239 195 170 198 337 42 318 354 222 265 314 176 325 268 72 201 278 129 72 251 236 225 93 135 283 286 101 327 156 90 312 316 159 34 83 231 91 178 185 164 371 218 139 248 94 376 129 326 171 119 323 139 124 245 250 205 179 149 252 150 219 337 288 207 79 144 273 153 364 268 77 110 178 144 51 99 217 125 163 119 241 52 69 268 104 266 311 11 267 380 143 289 224 189 154 203 199 162 118 242 247 66 333 120 354 290 191 165 291 154 240 92 118 339 55 332 174 259 192 364 136 203 180 61 223 182 317 284 213 153 114 217 144 318 182 52 271 186 178 270 67 244 75 113 29 182 319 57 255 204 99 250 310 42 195 283 175 82 339 279 292 210 240 104 39 188 290 66 132 69 256 297 246
 128 178 52 296 178 98 205 255 184 271 181 273 1 111 275 186 347 246 360 189 194 30 227 343 228 64 322 198 263 138 147 152 207 212 167 47 109 311 261 98 274 194 16 376 99 244 222 207 350 231 219 174 202 149 153 333 405 337 295 166 44 243 52 134 319 307 338 181 338 135 250 97 126 243 15 208 206 315 151 175 136 186 182 175 215 261 282 126 76 218 140 241 124 55 349 151 295 54 135 305 300 298 95 222 110 208 11 96 94 104 136 318 314 178 229 320 64 98 116 78 351 205 223 269 146 294 67 170 237 318 301 338 209 183 59 164 299 157 263 127 253 347 285 187 171 412 326 117 81 184 57 352 107 295 240 222 186 326 234 230 194 24 227 102 399 168 388 359 256 287 302 338 341 84 252 319 227 269 175 155 142 290 263 91 150 333 155 186 223 277 26 189 162 90 278 217 111 152 319 50 318 357 173 186 208 238 129 143 323 82 283 122 65 195 153 236 206 156 208 322 126 325 308 370 33 386 116 338 273 290 261 84 102 286 30 226 220 162 216 130 260 359 321 183 102 246 58 265 308 212 360 299 147 113 234 22 220 245 291 101 232 263 35 136 335 116 23 97 275 276 170 269 116 23 315 155 232 90 32 326
 126 82 80 200 70 190 166 225 193 162 149 172 111 1 166 169 237 161 253 80 127 93 193 281 157 169 262 134 189 190 195 74 186 140 136 146 115 202 203 153 176 90 122 266 128 153 113 171 277 199 141 132 163 72 68 242 295 235 192 131 141 207 139 89 218 201 230 79 229 98 164 15 136 135 98 118 138 216 114 71 109 149 74 111 107 160 239 136 145 205 65 221 79 107 262 49 194 144 26 229 255 194 47 113 77 189 119 73 23 38 130 262 213 172 219 225 132 144 86 153 262 114 203 203 61 185 122 112 157 209 193 256 168 104 159 61 190 159 217 79 148 241 198 101 79 303 220 199 47 77 113 245 207 187 208 188 123 262 183 123 135 89 141 67 290 121 279 257 224 221 206 231 232 104 204 275 169 190 67 63 33 182 154 49 50 226 59 126 122 194 115 79 128 140 179 161 211 98 244 64 216 248 164 103 109 176 91 103 216 162 175 184 118 107 120 187 165 106 132 213 171 222 253 261 90 278 193 229 179 189 177 53 10 232 131 143 118 75 137 49 216 253 218 143 15 149 99 182 221 127 251 200 57 151 146 98 202 175 209 141 132 231 113 40 228 169 124 124 183 194 78 178 100 123 207 46 123 140 129 236
 251 127 238 108 100 350 233 280 302 41 235 80 275 166 1 249 78 147 98 87 164 255 255 267 162 334 258 183 165 332 333 152 253 158 229 310 250 47 208 302 111 92 287 101 264 112 55 241 239 262 160 215 219 154 145 167 133 121 70 223 302 246 298 201 97 55 81 105 65 210 128 180 255 41 262 117 163 126 205 107 223 216 100 180 66 76 270 265 301 288 160 291 199 261 194 135 105 303 141 200 279 89 196 54 208 257 284 215 185 180 239 265 92 274 302 143 286 291 206 310 188 115 265 209 149 25 273 189 159 44 56 205 231 143 323 124 25 273 251 188 55 91 156 130 136 140 87 355 205 102 267 89 370 50 268 236 170 248 208 64 192 253 141 200 126 206 114 141 276 217 129 78 77 252 225 294 207 155 102 143 134 38 25 200 132 88 132 190 83 148 278 88 222 290 89 208 373 181 213 227 110 91 255 148 106 188 208 208 66 319 41 332 274 137 210 230 215 197 149 52 312 88 261 109 254 127 346 71 128 102 138 207 175 248 294 149 94 139 156 160 255 110 87 221 176 108 256 144 167 129 87 96 150 292 121 261 267 171 175 286 82 266 276 151 71 315 288 267 136 166 128 117 220 288 54 122 48 284 293 167
 282 240 140 197 174 280 334 393 348 272 316 194 186 169 249 1 324 318 291 189 87 158 361 445 103 238 427 301 127 319 327 113 22 97 302 230 265 295 99 278 317 166 199 327 91 151 217 339 436 367 304 299 39 112 122 386 372 359 222 297 170 62 158 255 230 246 330 157 293 263 143 170 62 210 176 134 91 352 57 161 272 35 212 279 191 188 407 286 259 369 113 387 244 132 410 208 327 161 177 388 424 319 206 213 238 24 195 229 180 133 50 429 227 332 382 365 135 275 87 262 408 135 39 368 123 254 125 280 318 280 300 410 336 108 240 215 269 315 385 92 199 274 351 121 240 377 332 301 196 219 131 286 283 293 376 44 80 426 72 247 303 171 299 107 342 289 342 382 392 385 346 272 325 245 81 443 337 140 175 227 175 238 254 206 149 334 140 295 167 152 165 188 294 268 192 329 287 79 403 160 343 338 16 266 257 90 256 269 259 266 280 305 241 268 51 355 45 273 104 299 304 244 420 357 197 375 301 318 327 323 145 205 172 399 175 303 260 122 299 126 384 358 240 310 179 294 225 144 372 123 306 209 223 288 138 165 36 108 365 275 170 79 216 205 275 297 175 264 332 351 132 166 77 208 258 176 206 111 217 382
 304 182 313 157 176 415 268 304 345 79 276 140 347 237 78 324 1 168 88 161 238 329 284 260 231 403 257 221 228 387 387 229 326 231 273 378 307 36 272 362 121 169 358 53 341 179 127 275 224 291 192 258 291 231 222 146 59 85 117 268 376 315 373 256 131 90 26 182 46 263 193 251 332 118 334 191 235 109 281 183 275 290 166 226 142 141 284 318 364 322 237 320 256 336 169 199 101 378 213 197 289 82 262 128 268 330 355 277 255 255 316 266 129 316 334 125 361 350 282 374 162 190 337 222 226 71 349 235 184 48 53 188 264 219 391 187 56 320 269 265 126 95 158 206 191 67 52 416 272 165 342 81 436 57 295 307 245 245 277 119 230 325 172 277 78 251 55 95 299 223 120 84 13 313 292 300 234 215 177 203 206 90 85 265 207 45 209 231 158 206 351 162 268 351 146 239 439 258 207 300 87 15 330 195 154 256 263 259 86 383 66 389 338 183 286 255 288 246 222 27 368 115 265 36 322 53 407 10 137 101 200 273 246 258 367 179 140 216 189 236 274 48 116 261 246 135 321 205 159 202 58 142 210 349 190 334 339 238 176 344 155 334 344 216 75 372 361 325 144 174 205 177 297 357 79 194 125 361 362 149
 157 81 235 247 149 284 102 138 183 108 115 215 246 161 147 318 168 1 236 137 249 241 117 133 265 286 118 61 283 237 235 206 330 253 116 261 167 142 317 223 48 166 252 218 288 229 124 110 119 124 32 101 300 207 197 88 218 111 213 113 286 340 289 119 242 201 146 169 193 123 246 169 294 156 237 211 254 81 262 162 130 290 108 78 151 206 125 171 233 156 206 153 126 262 104 114 72 293 145 71 134 88 153 129 140 333 250 154 164 196 286 123 237 155 167 80 287 211 242 243 105 208 346 64 195 168 279 86 17 175 119 97 98 221 271 104 157 164 106 230 182 233 40 210 83 226 122 278 168 101 268 227 308 118 128 323 250 113 306 93 70 231 21 226 245 98 222 128 134 75 66 219 157 182 327 150 67 277 147 99 145 183 123 156 170 131 180 75 187 274 261 138 114 214 225 73 310 240 86 212 94 170 316 62 63 291 126 116 210 252 116 245 211 55 268 89 299 101 243 157 221 234 118 171 215 180 266 160 36 70 259 164 164 103 274 22 65 199 32 194 110 151 233 101 159 40 201 266 63 226 214 237 106 204 231 243 346 280 49 204 193 363 229 123 211 228 267 187 33 34 191 245 257 248 198 143 149 299 248 81
 347 223 318 97 184 442 328 372 399 130 332 99 360 253 98 291 88 236 1 175 208 337 349 342 190 421 337 279 174 428 430 219 288 195 326 399 346 97 218 397 194 168 373 49 330 141 148 337 309 356 254 311 254 222 215 231 99 171 71 320 381 267 375 298 64 54 112 181 46 307 149 267 314 120 347 167 201 191 260 186 320 257 195 277 147 108 358 361 394 384 230 385 295 337 255 229 178 380 230 278 365 159 289 146 304 290 370 310 274 259 296 346 65 371 397 208 359 386 272 403 248 169 294 296 221 75 346 286 250 62 121 273 326 198 411 219 81 370 341 255 109 17 236 188 233 100 136 448 296 197 342 10 460 120 361 264 217 326 231 160 288 338 234 273 53 303 63 182 368 300 200 24 99 346 240 378 300 160 187 239 222 72 121 292 211 130 208 286 142 149 358 176 319 385 100 302 463 240 288 311 170 98 300 245 203 209 304 305 38 412 121 427 367 234 263 323 249 294 190 84 408 48 344 116 342 129 440 91 211 177 149 299 263 334 375 242 190 207 250 235 345 134 52 317 265 198 348 153 240 173 32 84 245 388 154 344 298 190 255 381 134 281 366 244 28 410 370 362 218 249 196 127 285 375 47 209 131 352 381 233
 182 72 153 135 17 268 189 246 242 91 182 104 189 80 87 189 161 137 175 1 113 169 215 268 130 248 253 143 151 258 261 78 199 118 172 225 177 127 181 225 130 30 201 187 184 101 36 197 253 222 132 162 167 80 70 198 218 175 118 166 216 205 213 134 146 123 157 34 150 144 116 94 180 56 176 76 119 164 136 29 157 158 34 129 30 91 247 195 220 240 83 250 128 176 222 60 140 217 56 206 261 134 116 35 134 202 198 138 100 95 167 257 140 216 254 177 201 214 127 229 220 72 213 195 71 106 189 136 142 130 122 224 189 86 238 54 111 210 226 111 74 164 165 74 78 225 152 275 122 41 182 167 286 115 230 189 116 248 170 59 148 167 121 118 211 151 200 197 243 209 158 152 158 174 191 279 176 147 17 76 48 104 78 119 49 157 53 143 59 146 191 2 164 212 112 172 289 112 221 141 157 173 190 102 75 155 139 144 138 238 102 255 193 97 142 198 165 138 107 136 239 147 250 188 169 206 267 153 140 135 130 126 89 232 207 127 74 68 127 78 227 183 144 171 91 108 174 136 185 91 171 132 79 218 99 175 214 146 182 210 67 228 192 73 149 239 202 191 146 168 58 122 143 203 129 36 45 202 208 195
 252 176 143 119 100 290 285 344 319 189 272 110 194 127 164 87 238 249 208 113 1 165 313 380 35 256 364 245 70 309 315 54 91 19 259 240 240 210 78 269 241 86 209 242 130 69 137 292 365 319 241 253 56 56 61 309 286 277 138 254 198 92 188 213 151 161 244 81 207 223 65 134 110 125 181 48 13 272 56 87 234 53 142 226 109 103 352 260 255 329 64 344 204 152 333 150 248 193 122 318 367 238 172 132 202 94 204 198 146 101 91 367 147 297 343 286 168 262 81 261 331 50 103 305 66 168 155 230 252 194 216 337 286 29 252 153 183 285 330 68 113 192 278 40 179 291 247 306 167 150 155 203 300 209 328 77 10 360 60 168 248 173 232 93 258 242 257 299 342 320 268 188 239 225 81 386 280 77 103 170 117 152 170 173 86 250 75 242 82 86 182 113 251 257 110 275 304 44 333 152 262 252 95 206 187 51 216 227 175 268 196 299 231 204 58 301 54 227 19 213 291 162 359 271 191 289 302 232 252 243 73 176 133 340 196 237 186 55 236 79 330 273 159 264 140 220 212 74 297 37 221 129 168 272 55 173 105 52 294 260 84 116 215 153 191 287 194 245 258 280 59 88 88 215 173 113 122 154 223 306
 141 168 23 269 156 127 212 266 202 254 189 247 30 93 255 158 329 241 337 169 165 1 236 346 199 92 325 199 234 163 171 125 179 183 175 77 122 294 232 122 264 170 45 355 75 217 203 215 350 240 216 179 173 122 126 326 386 325 271 172 49 214 49 136 294 284 322 157 317 139 222 80 100 221 19 181 177 305 121 152 143 157 166 175 193 235 290 141 102 232 113 254 125 31 344 138 284 53 117 304 308 285 90 203 113 181 41 99 80 79 108 323 288 192 243 312 50 120 87 105 345 178 196 270 119 273 47 171 234 298 285 335 216 155 88 151 279 172 270 98 229 323 280 160 162 393 311 146 75 169 36 329 136 279 250 194 157 328 205 215 196 16 221 73 378 172 368 347 266 289 293 314 324 98 223 327 230 241 154 146 124 267 245 87 127 318 130 187 198 248 23 168 169 113 252 220 140 123 318 31 306 340 146 180 197 209 133 147 300 110 266 148 86 188 124 241 177 158 179 304 149 300 313 353 44 370 145 320 265 279 233 81 85 291 39 221 207 135 213 104 267 344 297 189 88 236 73 236 303 184 338 273 138 134 206 9 192 216 288 122 207 235 59 124 313 141 34 115 267 272 144 242 87 52 292 135 210 71 61 320
 101 145 241 345 222 222 28 33 82 221 48 312 227 193 255 361 284 117 349 215 313 236 1 128 338 242 106 75 364 155 148 261 378 323 62 220 120 258 388 160 165 244 226 334 303 315 219 23 150 8 96 63 355 261 254 179 334 221 317 66 270 398 278 107 347 309 262 241 307 100 330 192 319 254 224 288 322 191 306 232 94 341 182 88 239 301 57 108 179 41 255 37 118 265 179 165 187 280 192 122 75 204 158 223 127 381 226 139 182 229 318 99 341 62 52 183 285 150 275 187 185 284 395 78 249 278 282 84 102 289 235 157 28 286 226 164 269 82 42 271 279 345 137 279 139 342 238 206 170 176 270 340 246 233 16 379 311 116 371 194 68 222 116 256 361 73 338 234 32 91 175 331 273 144 393 93 51 361 218 145 197 290 231 158 228 246 239 73 273 361 249 216 69 157 322 48 248 289 128 215 208 286 355 115 152 361 108 94 320 194 230 169 169 122 312 32 356 88 313 272 144 341 89 286 196 293 194 276 150 186 344 161 190 69 256 108 163 258 100 240 37 265 339 51 183 153 170 350 151 301 330 338 146 137 313 234 394 355 127 144 281 423 197 161 323 156 249 136 145 120 256 336 288 218 308 202 244 305 214 171
 223 207 347 372 281 349 142 115 207 226 167 342 343 281 267 445 260 133 342 268 380 346 128 1 396 366 23 150 414 281 274 335 459 385 179 343 241 247 448 286 156 297 345 311 405 360 255 143 42 128 142 171 430 336 327 116 292 177 336 180 386 471 392 212 363 318 234 300 297 209 376 285 416 284 338 343 386 152 390 293 209 420 238 174 282 334 77 233 304 160 334 139 222 373 98 238 166 395 270 68 64 185 259 260 235 462 344 249 278 318 410 31 358 189 162 136 395 276 365 313 106 339 475 79 324 285 390 177 129 284 223 74 137 352 350 231 270 209 87 356 310 344 112 341 207 299 209 333 274 231 378 334 373 226 123 454 381 21 437 222 152 334 149 347 335 177 309 176 110 62 143 330 248 264 459 59 117 407 278 220 272 303 244 262 299 216 309 161 318 404 363 269 183 282 351 128 375 368 55 321 173 255 443 180 194 422 215 201 324 320 229 296 291 179 395 109 430 189 374 259 271 352 40 245 311 245 321 254 140 168 389 267 282 60 372 144 196 329 147 320 92 222 351 162 276 166 288 396 103 358 315 361 225 263 362 346 475 412 93 269 323 495 317 243 321 283 365 259 132 103 322 374 380 337 313 271 278 412 335 112
 282 197 177 96 119 324 311 369 349 192 299 95 228 157 162 103 231 265 190 130 35 199 338 396 1 290 382 268 36 342 348 85 99 18 287 274 271 207 53 302 251 100 243 228 161 53 146 317 379 345 261 279 65 87 90 317 275 280 122 281 231 85 221 242 129 148 241 99 196 251 42 166 138 126 215 55 23 279 86 107 263 70 161 251 118 91 374 292 289 357 96 370 233 185 343 174 255 226 149 333 388 243 203 141 232 102 239 229 177 134 119 386 126 326 371 294 201 295 115 295 339 58 107 324 97 161 188 255 270 185 216 348 311 54 286 175 178 315 352 102 108 173 291 60 202 279 248 340 199 168 188 186 334 210 353 77 43 377 47 179 272 207 249 127 241 268 244 301 367 338 277 172 234 257 65 407 302 44 122 194 143 143 173 205 113 249 102 266 83 54 215 129 278 290 92 298 338 78 348 186 266 246 114 228 204 28 245 255 160 302 198 333 265 225 87 324 60 254 26 208 324 143 378 266 225 283 336 227 264 251 44 208 164 360 230 256 201 83 256 111 353 270 139 290 171 233 245 44 309 40 207 107 194 304 42 208 110 19 308 293 82 106 249 180 176 320 228 277 271 295 83 64 120 249 160 137 127 185 257 315
 144 227 114 359 238 46 225 266 180 325 200 335 64 169 334 238 403 286 421 248 256 92 242 366 290 1 344 232 325 114 124 215 259 273 189 27 127 367 320 86 320 255 50 434 148 307 280 225 380 244 257 200 259 212 215 374 461 385 357 189 70 297 83 168 382 368 392 243 397 166 312 155 177 303 77 271 268 361 210 236 162 243 237 211 275 323 298 135 64 223 202 247 162 109 387 204 342 81 193 338 316 348 143 281 147 260 53 135 150 166 190 339 376 185 230 364 105 93 176 57 389 268 274 298 208 353 114 203 275 377 355 373 230 246 17 217 357 163 282 189 315 408 325 250 219 468 378 72 132 238 108 413 46 349 252 278 248 351 292 285 226 86 268 164 459 197 446 406 268 316 347 398 396 106 309 333 255 331 235 205 201 350 320 140 212 385 217 218 285 339 76 248 186 87 340 244 50 213 350 112 366 412 224 229 258 298 162 174 384 53 338 94 78 239 212 258 263 189 270 379 110 387 329 423 81 439 77 394 316 338 324 132 160 307 64 266 270 224 255 192 278 411 383 207 159 293 87 327 347 274 419 362 196 108 296 83 270 306 328 100 294 316 61 188 396 98 65 108 317 313 232 332 174 47 375 214 292 132 42 367
 201 190 326 362 265 327 120 94 185 218 145 331 322 262 258 427 257 118 337 253 364 325 106 23 382 344 1 130 401 259 253 318 442 370 157 321 219 241 434 264 147 282 323 309 385 347 242 121 53 107 125 149 414 319 310 117 293 176 326 158 365 454 371 191 354 310 232 285 292 188 363 266 396 273 317 328 370 149 372 277 187 402 222 154 268 322 57 211 282 139 316 119 201 352 103 220 160 374 252 61 47 179 239 247 214 445 323 228 258 299 391 13 349 167 142 134 374 254 346 291 111 324 458 60 307 277 369 156 113 278 217 78 115 336 328 214 263 187 65 337 298 338 103 326 189 300 206 311 254 215 358 329 351 219 101 437 365 16 422 209 132 313 133 328 333 155 308 178 90 45 138 324 245 242 443 48 97 394 262 202 254 295 235 241 282 213 292 140 305 391 342 254 161 260 341 107 353 351 52 300 170 253 424 162 179 408 194 180 317 298 222 274 269 161 377 87 413 168 359 254 249 344 19 245 290 247 299 250 130 161 377 246 262 38 351 128 183 312 129 302 70 222 343 140 256 154 267 383 99 343 311 351 207 241 349 325 458 397 84 247 310 478 295 224 315 261 344 237 123 92 306 362 361 316 306 254 266 392 313 111
 97 72 197 271 150 226 51 104 126 151 57 238 198 134 183 301 221 61 279 143 245 199 75 150 268 232 130 1 292 177 174 195 317 253 56 207 109 191 319 164 106 171 202 268 256 242 145 59 153 82 31 41 291 195 187 145 274 171 243 52 240 333 245 66 273 236 201 170 238 67 257 137 267 180 192 216 253 141 245 161 72 278 109 25 165 227 108 111 175 106 191 110 75 224 156 96 131 249 126 108 124 144 110 149 89 319 201 103 129 171 262 130 267 97 120 140 247 152 218 185 159 212 333 73 183 207 241 30 47 219 169 142 49 218 216 93 199 104 86 210 205 273 96 209 67 282 178 218 125 103 229 270 250 167 89 315 244 132 303 121 10 187 50 200 295 38 274 188 101 91 126 260 210 127 325 143 37 288 146 76 130 217 160 113 160 187 171 15 200 288 216 143 53 155 248 31 252 226 121 172 154 224 297 41 79 292 71 59 248 194 161 185 155 48 251 58 291 44 243 205 160 268 121 228 166 238 207 212 96 128 272 119 133 100 227 44 90 191 33 176 87 209 266 42 127 87 148 278 117 230 261 264 80 144 241 199 333 285 97 145 208 357 176 97 252 168 220 129 94 83 187 262 233 196 236 133 170 263 196 138
 313 221 212 78 143 359 337 394 379 200 327 89 263 189 165 127 228 283 174 151 70 234 364 414 36 325 401 292 1 375 381 118 119 52 315 309 303 208 46 336 264 122 278 216 194 56 161 344 393 371 282 306 89 120 122 328 266 285 113 309 266 94 256 271 111 140 241 124 188 281 39 198 170 134 250 77 58 288 120 133 293 99 184 276 134 90 397 323 323 385 129 397 262 220 354 201 265 260 178 349 411 251 235 156 263 122 273 261 209 168 151 405 110 356 399 304 235 328 150 329 350 81 123 344 129 160 222 282 290 181 221 362 337 86 321 200 177 345 375 137 112 158 306 89 226 269 251 374 232 191 222 172 369 215 379 93 78 395 59 194 297 242 269 162 226 296 232 305 392 357 288 159 233 290 67 428 326 15 147 220 171 140 180 236 142 251 131 291 97 27 250 150 307 324 83 322 373 112 364 220 273 242 140 251 223 39 275 284 149 336 204 366 298 247 120 348 84 281 58 206 357 127 399 263 260 280 370 224 278 261 29 240 196 381 265 276 219 114 277 144 377 270 124 317 202 249 279 24 322 64 196 92 221 337 53 242 127 22 324 326 92 108 283 208 165 354 262 310 285 312 112 52 154 284 152 164 138 218 292 327
 84 207 181 388 254 78 148 170 77 310 126 359 138 190 332 319 387 237 428 258 309 163 155 281 342 114 259 177 375 1 11 258 340 325 122 102 82 353 383 42 280 276 127 428 236 343 281 144 303 154 207 137 330 256 255 318 443 346 375 126 170 373 183 132 403 378 370 266 394 124 353 179 262 312 145 307 321 317 277 258 113 314 234 164 287 346 207 69 63 124 247 148 134 192 324 200 305 183 207 269 223 316 146 283 125 342 130 121 168 209 270 252 397 94 127 315 200 48 240 63 329 303 357 225 248 354 204 154 222 373 335 305 153 290 101 210 353 77 196 246 331 418 270 289 198 451 350 55 145 231 194 419 100 331 160 352 303 269 358 272 168 149 224 222 455 141 437 364 174 241 302 406 378 87 378 238 185 378 250 190 216 358 312 143 239 359 248 163 309 383 162 257 125 53 366 175 100 271 278 162 329 393 308 193 234 357 126 128 392 63 323 21 80 205 281 179 333 142 318 367 20 404 242 399 123 411 44 377 271 302 366 138 182 223 159 219 247 263 207 232 190 382 401 139 176 258 98 371 290 316 417 387 183 41 335 156 354 360 267 50 319 395 105 186 401 24 155 68 269 255 267 368 245 117 382 227 300 227 109 310
 84 208 189 392 258 88 143 163 69 311 123 362 147 195 333 327 387 235 430 261 315 171 148 274 348 124 253 174 381 11 1 264 348 331 119 112 85 354 390 50 279 280 137 429 245 347 283 139 298 147 205 135 338 262 260 315 443 344 378 123 180 381 192 133 406 380 370 271 395 125 358 184 271 315 153 312 327 315 284 262 113 322 236 163 290 350 200 70 72 117 253 140 136 201 320 203 304 192 211 265 216 315 150 285 128 350 140 125 174 215 278 245 400 88 119 312 209 55 248 73 325 308 365 221 253 356 213 153 220 375 335 301 149 296 111 212 354 73 189 253 334 420 267 295 199 451 349 64 150 233 203 421 109 331 153 360 310 263 365 273 165 158 222 229 456 139 438 361 166 236 299 408 378 92 386 230 181 384 254 192 220 360 313 148 244 358 253 162 313 388 171 261 123 61 370 171 109 278 273 170 327 393 316 193 234 364 127 128 394 73 323 31 88 205 288 174 341 141 324 368 25 406 235 398 131 410 53 378 269 300 371 143 187 217 168 217 248 268 205 238 184 381 404 136 181 257 105 376 286 321 419 391 186 45 340 165 362 366 263 56 323 403 114 189 403 32 164 73 267 252 272 372 253 127 384 231 303 236 119 307
 199 130 104 146 63 245 234 293 265 166 220 125 152 74 152 113 229 206 219 78 54 125 261 335 85 215 318 195 118 258 264 1 125 68 207 196 187 196 131 219 206 61 166 244 114 93 110 240 324 268 195 201 96 4 10 275 283 252 150 201 165 139 158 161 171 167 229 49 207 170 99 82 105 112 139 57 65 242 59 50 181 85 100 175 88 114 303 208 207 276 14 291 151 120 298 100 217 163 71 276 318 211 119 107 149 128 162 145 93 51 90 320 166 244 290 254 141 211 55 213 296 54 141 259 14 163 128 179 208 190 196 298 235 33 209 105 174 231 281 37 113 204 239 36 131 289 227 259 115 107 124 212 258 189 276 121 51 316 111 137 198 130 188 55 264 190 258 275 291 275 235 197 227 173 133 337 231 122 64 120 66 153 150 121 37 231 28 191 78 128 145 77 198 207 129 225 262 35 292 106 235 242 113 158 146 104 163 174 182 221 176 249 182 158 65 251 97 175 61 203 240 179 312 259 144 277 254 221 215 213 111 124 80 292 161 193 148 14 190 27 281 257 175 212 87 182 162 115 260 61 225 150 117 220 82 133 141 103 254 209 86 163 168 101 197 236 156 193 220 239 25 118 70 171 177 65 105 135 179 271
 301 253 160 193 184 301 351 410 367 278 333 193 207 186 253 22 326 330 288 199 91 179 378 459 99 259 442 317 119 340 348 125 1 97 320 251 285 299 85 299 327 174 220 326 112 150 225 356 448 384 318 316 36 124 134 396 372 366 221 315 191 42 178 273 226 246 334 166 293 281 140 187 83 214 197 138 92 360 73 171 290 41 224 295 198 188 423 306 280 387 127 405 262 153 420 223 336 182 192 400 439 327 224 221 256 4 216 248 198 150 71 443 224 351 400 374 156 295 105 283 418 140 18 383 136 256 146 297 331 281 305 422 352 115 261 229 272 334 401 108 201 271 362 128 254 377 337 322 215 231 152 284 304 299 393 29 85 439 61 256 318 192 312 126 339 306 342 389 409 399 356 270 328 265 65 459 353 133 186 242 189 239 260 224 161 340 152 311 171 145 186 198 311 288 190 345 308 92 415 181 351 341 36 281 269 82 274 286 258 287 286 326 261 282 67 372 40 290 105 302 325 240 435 360 218 378 322 321 337 331 140 224 189 415 196 316 271 133 313 141 401 363 237 328 196 305 245 138 383 126 305 205 238 308 138 186 17 101 377 295 173 58 237 221 274 317 196 284 343 363 141 162 96 229 258 189 212 131 238 393
 266 184 161 104 106 307 296 354 332 186 284 98 212 140 158 97 231 253 195 118 19 183 323 385 18 273 370 253 52 325 331 68 97 1 271 257 254 204 66 285 242 89 226 231 148 56 137 302 368 330 248 264 62 70 74 309 277 274 126 266 216 90 206 226 136 150 239 86 198 235 49 149 126 121 199 45 7 272 72 94 247 63 149 236 109 92 360 275 272 341 79 355 217 170 335 159 247 211 134 322 375 236 186 132 216 100 222 212 160 117 107 373 133 310 355 287 186 278 99 278 331 48 107 312 80 160 173 240 258 185 212 339 296 38 269 161 176 298 339 85 106 179 281 46 188 281 243 323 183 156 173 191 318 205 338 79 28 365 54 170 258 190 237 111 246 253 247 296 352 326 269 176 233 240 75 393 289 59 109 180 127 143 167 188 97 245 86 251 77 68 199 117 263 273 97 283 322 61 337 169 260 245 106 214 192 39 229 239 163 285 193 316 248 211 74 310 58 238 12 206 307 149 366 264 208 282 319 225 254 243 55 191 148 347 214 243 190 67 243 94 339 268 145 274 154 223 228 57 299 31 210 114 179 287 43 191 110 36 298 276 78 113 232 164 179 303 211 260 261 284 68 72 105 232 162 122 120 171 241 307
 47 106 180 306 175 177 39 93 74 200 15 274 167 136 229 302 273 116 326 172 259 175 62 179 287 189 157 56 315 122 119 207 320 271 1 165 63 242 336 113 161 198 167 319 242 270 184 41 192 67 87 17 298 206 200 198 328 226 283 7 210 342 218 48 313 280 255 193 287 40 284 133 259 219 164 240 269 196 248 184 33 284 141 50 199 262 116 59 128 71 200 86 59 204 205 116 186 220 139 153 134 199 97 188 66 322 167 78 123 171 258 153 307 46 85 194 224 102 216 138 210 236 337 110 194 252 221 40 101 267 222 188 43 234 173 119 247 49 97 213 242 319 149 228 97 336 233 166 109 136 209 317 201 218 76 323 257 163 317 166 47 161 105 196 346 24 326 243 93 128 181 305 263 86 339 153 67 314 171 98 145 260 206 98 175 241 186 44 230 315 189 172 10 107 283 57 203 233 163 154 209 278 295 82 124 309 47 34 293 146 212 131 113 93 254 71 300 35 262 256 106 310 143 282 136 293 154 264 151 183 299 100 132 121 196 99 137 206 87 184 94 264 308 19 125 141 111 304 169 252 311 301 96 92 267 173 336 305 147 95 239 366 139 108 299 115 190 82 149 135 205 293 228 160 282 153 207 244 157 190
 121 202 98 339 216 51 202 245 162 301 177 314 47 146 310 230 378 261 399 225 240 77 220 343 274 27 321 207 309 102 112 196 251 257 165 1 103 343 307 68 294 233 33 411 142 288 256 202 355 222 232 175 248 194 196 348 436 359 336 165 70 288 82 143 361 346 367 221 374 141 294 132 170 280 60 251 252 335 197 214 137 232 213 185 252 302 276 113 45 203 184 227 136 100 361 180 317 82 170 313 294 323 118 257 122 253 37 109 126 147 181 316 355 164 211 338 101 73 162 41 364 248 267 273 189 330 108 178 250 353 330 347 207 228 14 192 334 142 259 173 293 386 299 231 193 444 353 72 107 214 100 391 63 325 230 268 232 327 280 260 201 68 243 148 435 172 422 380 247 291 321 376 372 81 298 312 230 315 213 179 178 327 295 114 191 360 197 193 264 322 67 225 162 66 320 219 67 198 325 92 341 387 217 203 232 284 137 149 361 41 313 84 53 214 200 234 252 163 253 355 95 365 306 398 58 414 73 369 291 312 306 106 137 284 59 240 245 205 230 173 255 386 362 183 135 267 61 310 322 256 396 342 171 89 278 68 264 291 302 79 273 308 35 163 373 83 57 85 291 288 213 313 162 26 353 191 269 129 18 341
 20 126 132 309 174 118 100 147 83 230 75 279 109 115 250 265 307 167 346 177 240 122 120 241 271 127 219 109 303 82 85 187 285 254 63 103 1 273 316 58 206 197 107 347 194 266 199 100 254 123 137 74 269 185 182 253 364 273 294 63 152 313 160 53 323 296 292 188 313 46 277 106 215 231 108 231 251 245 216 179 38 254 152 91 206 266 175 22 67 111 177 133 53 152 263 119 231 162 129 213 193 240 69 202 44 287 108 43 95 141 218 214 317 71 122 246 169 45 181 78 267 227 302 172 175 273 168 81 154 292 256 248 105 218 111 129 272 51 158 182 250 337 204 215 117 372 273 113 74 150 157 337 142 251 132 293 235 225 293 191 101 108 151 161 374 72 357 292 148 189 230 324 299 26 314 212 129 304 170 108 137 276 231 67 163 281 173 95 230 308 133 177 60 48 287 118 145 205 224 108 254 314 256 116 154 289 46 52 311 86 242 83 51 128 221 132 271 67 246 287 63 323 204 321 80 334 102 298 200 227 291 65 108 182 138 147 168 190 136 161 154 306 320 81 101 182 52 296 225 241 336 307 102 43 259 119 300 289 204 39 240 336 79 105 319 66 132 22 199 191 192 290 190 99 300 148 219 193 96 245
