NAME : domp200p100v2
COMMENT : (Deleplanque et al.) 
TYPE : DOMP
DIMENSION : 200
DISPLAY_DATA_TYPE: NO_DISPLAY
OPEN_FACILITIES : 100
COST_SECTION
 1 221 378 147 58 79 169 286 237 182 343 218 155 212 101 109 39 242 124 60 66 52 309 282 69 337 255 221 259 173 227 242 179 272 301 327 170 246 84 117 294 202 104 199 104 88 217 174 228 311 157 70 117 177 95 230 126 104 47 181 250 218 83 307 228 155 253 101 32 253 64 131 175 133 329 196 96 158 270 303 325 64 214 155 284 220 108 172 295 226 146 157 139 217 210 58 165 162 124 159 147 183 279 315 304 154 279 258 277 57 260 122 283 161 184 214 249 73 275 49 142 293 265 129 315 78 173 350 67 78 271 233 256 85 263 330 212 76 143 123 266 132 181 260 135 316 61 228 73 197 223 79 245 295 111 150 216 158 71 228 36 139 176 93 180 236 255 93 126 170 315 74 171 160 121 170 190 187 214 17 194 202 197 292 47 210 39 132 50 109 209 196 298 152 79 175 176 61 157 55
 221 1 355 87 187 293 297 345 284 309 346 29 348 20 266 266 232 138 310 230 157 266 284 364 251 362 194 52 306 63 307 427 75 368 480 488 70 182 139 238 353 277 324 118 123 297 377 321 306 400 377 215 319 134 309 430 126 123 241 74 321 301 147 470 419 373 377 321 231 339 200 114 292 304 474 381 143 65 208 344 330 251 229 375 279 59 257 71 445 420 173 282 325 192 314 269 196 62 247 69 204 389 327 439 425 246 282 306 342 214 368 101 293 145 295 113 338 226 217 241 320 346 411 295 455 281 86 520 155 295 357 359 425 172 256 335 373 202 363 113 214 321 387 289 352 311 275 432 270 128 237 145 346 290 321 370 262 316 152 306 256 238 92 293 347 234 421 276 125 310 488 209 384 66 341 235 409 346 47 212 375 292 152 418 187 12 198 223 250 223 90 357 352 372 160 388 64 219 66 170
 378 355 1 312 405 382 251 138 151 247 49 327 351 369 307 297 416 218 332 434 367 420 75 172 330 81 162 304 136 383 182 365 402 195 379 346 307 175 342 269 137 191 424 244 373 455 299 275 181 186 476 310 484 241 453 401 409 328 424 294 165 190 382 341 374 439 241 424 354 182 315 298 238 310 310 347 396 359 148 112 61 441 166 453 96 297 290 304 303 382 241 252 335 179 214 369 217 336 266 371 233 534 128 256 247 232 100 139 149 323 214 355 98 244 230 244 187 443 139 426 321 130 285 302 291 450 287 384 352 433 179 241 332 417 118 58 301 304 442 389 142 506 535 125 418 63 377 414 347 235 156 371 204 84 381 451 167 290 362 181 391 245 279 354 305 146 323 328 292 265 371 306 514 367 450 211 464 294 396 363 337 203 217 253 339 355 342 249 352 272 267 299 130 469 318 420 388 320 337 376
 147 87 312 1 130 213 212 275 214 225 293 75 262 87 180 180 168 116 225 172 91 196 238 290 166 302 155 75 237 76 230 341 95 290 394 403 24 143 65 152 283 200 248 75 72 231 291 236 230 325 303 130 257 72 240 344 101 44 177 36 247 223 92 385 333 294 295 244 151 262 116 28 209 218 391 295 99 50 172 279 275 191 163 298 225 73 171 26 361 334 94 197 240 135 233 188 121 31 162 62 124 326 259 358 345 164 225 236 271 130 288 48 234 73 213 83 261 174 180 178 234 277 327 209 372 217 33 435 82 224 281 276 339 127 201 280 287 117 285 81 173 265 324 224 272 259 195 347 187 80 173 85 267 237 239 292 190 230 84 230 181 154 39 209 261 174 335 191 39 225 402 124 317 58 267 157 330 260 105 135 289 213 97 337 107 78 118 139 168 138 70 272 283 297 76 306 81 135 29 104
 58 187 405 130 1 134 219 328 273 232 375 191 213 174 155 161 48 240 182 44 43 86 333 328 124 373 266 200 297 131 270 299 132 320 358 384 152 255 71 161 336 243 151 197 65 112 273 227 270 359 197 113 133 181 125 286 74 91 56 166 292 261 42 364 285 203 305 147 87 298 100 124 223 189 385 253 47 123 283 341 357 65 240 201 311 200 159 155 351 283 165 205 197 233 257 115 190 134 169 120 176 203 318 368 357 195 308 295 320 101 310 90 313 170 231 209 295 45 289 56 199 333 321 184 370 95 161 407 56 114 317 285 313 28 289 362 268 112 190 78 280 137 200 293 186 345 117 284 130 198 251 47 293 323 167 195 250 213 49 270 88 179 166 150 237 260 312 149 125 223 372 113 199 122 162 205 237 242 170 63 252 246 205 345 72 176 74 169 107 150 198 252 339 192 88 228 133 106 130 31
 79 293 382 213 134 1 141 269 232 150 341 287 85 285 77 87 96 288 67 117 142 66 321 255 59 327 287 286 251 249 210 170 256 240 230 262 235 280 155 117 275 193 44 249 180 85 160 131 211 278 101 93 111 223 77 154 204 172 95 243 232 200 160 242 155 82 209 43 63 228 102 191 151 85 269 127 174 232 300 290 324 105 228 88 292 283 93 237 236 152 180 134 77 245 184 26 189 233 118 234 166 153 267 266 257 152 285 249 258 87 224 195 285 205 160 265 223 132 303 97 86 276 210 88 258 90 234 280 140 60 243 192 190 161 275 329 154 107 75 201 293 138 154 258 60 320 19 151 37 244 236 156 214 302 34 84 216 113 146 211 47 140 234 32 124 252 192 56 183 134 245 100 133 235 70 176 118 134 290 84 128 185 237 243 107 282 96 141 46 119 266 140 280 94 137 98 252 84 228 132
 169 297 251 212 219 141 1 129 102 15 206 278 103 298 71 62 205 226 83 228 197 193 200 117 102 189 198 266 116 279 72 147 294 104 190 193 227 197 189 64 135 63 179 203 227 222 84 32 72 143 227 108 250 176 216 169 264 191 210 226 93 63 220 175 147 189 89 180 138 88 123 186 14 60 180 111 238 255 206 151 191 226 122 204 168 260 62 227 149 152 128 16 85 158 44 135 113 242 55 263 96 290 129 153 140 54 159 113 118 119 92 226 157 159 22 218 84 241 205 212 71 137 116 54 162 223 214 226 185 198 105 69 133 242 159 195 82 114 193 250 195 276 291 129 168 191 142 179 111 193 125 210 77 176 133 202 94 41 197 72 164 60 210 110 66 144 128 88 174 19 195 110 268 261 205 75 215 59 315 159 101 48 174 130 152 289 147 75 126 79 231 69 141 220 156 171 284 114 239 198
 286 345 138 275 328 269 129 1 62 121 91 320 222 353 196 186 324 229 210 346 297 318 119 37 225 64 176 301 40 350 61 227 368 58 243 215 281 184 279 170 9 86 307 230 316 349 162 147 60 65 354 218 377 212 344 265 354 272 331 273 38 70 317 207 237 313 104 308 257 46 229 252 118 188 182 213 334 324 173 28 81 347 117 328 94 294 183 278 169 245 184 136 209 158 86 261 156 305 164 335 159 418 22 129 118 134 85 40 12 231 77 306 75 204 110 239 51 358 167 333 196 10 148 182 162 348 262 254 282 325 42 104 195 347 106 83 165 217 319 337 161 402 419 61 294 92 269 278 238 219 109 306 68 92 261 327 86 164 294 60 289 150 255 238 173 117 185 215 242 139 237 217 395 332 333 126 334 161 376 274 202 87 195 121 257 341 256 160 249 180 260 165 13 347 248 289 355 227 303 302
 237 284 151 214 273 232 102 62 1 100 110 260 204 292 157 147 275 174 182 295 240 274 100 83 182 101 126 241 25 289 41 232 307 93 262 246 219 131 220 122 70 41 274 170 257 307 164 129 40 118 325 168 336 151 304 263 295 212 282 212 42 45 259 233 237 289 123 274 210 64 176 191 89 160 218 206 276 263 127 69 93 299 57 303 69 234 141 217 197 244 123 102 186 100 71 220 95 243 118 274 100 384 47 171 158 84 60 24 59 181 102 246 56 142 82 180 66 306 123 284 172 65 169 152 197 304 201 283 225 285 78 113 208 290 65 97 165 164 292 277 115 360 385 28 268 90 229 274 198 159 51 248 82 75 231 301 25 142 237 40 244 99 194 204 161 64 199 178 181 117 260 165 363 270 300 69 315 151 315 223 195 55 135 155 203 280 203 107 205 129 200 159 71 318 191 272 294 177 242 246
 182 309 247 225 232 150 15 121 100 1 201 290 105 310 83 74 218 234 90 241 211 205 199 106 115 182 203 277 111 293 66 140 307 92 181 181 239 204 202 78 127 64 188 213 241 233 75 30 67 131 234 122 260 186 226 166 277 204 223 238 86 58 234 164 142 194 75 189 151 79 137 198 19 68 167 108 251 268 211 145 187 238 127 209 168 271 75 239 137 148 139 30 90 165 36 146 122 255 68 276 107 298 123 139 127 65 158 109 110 133 79 239 155 170 21 228 74 254 209 225 76 129 104 63 149 234 226 215 199 208 94 55 124 256 160 190 74 127 199 264 199 286 299 127 174 188 152 176 122 203 129 224 65 174 140 207 96 44 211 67 176 72 222 120 63 147 118 99 187 19 185 123 275 274 213 83 218 54 327 172 98 46 183 116 165 301 160 87 138 92 241 63 133 227 170 174 297 127 252 212
 343 346 49 293 375 341 206 91 110 201 1 318 306 358 265 255 381 212 288 400 338 382 66 125 290 36 154 296 92 366 136 317 385 147 331 300 291 166 315 230 90 149 382 230 349 416 251 229 135 140 432 274 445 222 413 354 385 303 389 279 118 145 355 294 326 394 193 382 317 134 281 276 194 266 264 300 370 341 143 64 19 406 136 409 69 289 250 288 256 334 213 209 290 159 168 329 187 319 227 353 200 493 81 210 201 192 69 94 101 287 166 333 62 222 186 234 139 410 134 390 276 82 237 259 245 412 271 338 323 393 131 193 285 389 93 14 253 269 398 366 134 468 493 85 374 35 337 367 307 220 126 344 156 57 338 407 129 245 334 135 352 207 263 312 259 120 275 286 268 220 324 270 471 349 408 174 418 247 384 328 289 159 199 206 306 344 308 212 313 235 257 252 82 425 288 374 371 284 319 346
 218 29 327 75 191 287 278 320 260 290 318 1 336 45 253 252 234 110 298 234 157 266 256 340 240 335 167 24 281 79 284 412 95 345 464 470 54 154 135 222 328 255 321 92 127 299 359 304 283 376 375 204 323 110 309 418 137 116 243 53 297 279 151 452 405 368 357 317 225 316 190 100 273 290 454 367 150 71 180 318 302 255 204 371 252 31 242 54 425 407 152 264 313 165 292 262 174 58 230 79 184 392 301 417 404 227 255 281 318 205 346 102 266 123 275 86 315 232 189 244 307 320 392 281 435 283 65 503 152 294 333 338 408 180 229 307 356 190 358 122 187 327 390 263 346 284 269 421 261 102 212 147 324 263 313 366 238 300 151 283 253 219 70 284 331 207 403 265 110 293 471 198 385 76 339 214 403 330 73 207 361 270 126 397 180 31 192 205 243 208 63 341 327 369 151 380 82 209 63 170
 155 348 351 262 213 85 103 222 204 105 306 336 1 344 84 87 179 310 39 201 210 150 302 199 99 284 292 329 216 314 170 88 323 180 147 177 282 289 215 123 227 165 104 278 248 164 82 77 171 214 136 133 185 250 152 83 277 227 179 287 189 162 232 157 75 93 141 107 129 177 148 237 116 52 186 42 248 293 302 247 291 189 220 109 270 325 97 283 154 74 201 107 25 250 139 99 197 288 117 298 175 206 226 189 182 143 262 214 211 135 161 258 259 231 123 294 172 216 303 181 35 231 131 62 177 172 275 196 204 139 189 127 106 240 260 295 76 146 101 270 292 214 208 230 77 292 99 87 85 270 225 225 158 278 57 109 195 63 213 171 130 138 274 64 52 243 108 73 227 87 161 139 181 297 125 168 114 64 353 154 43 150 256 168 167 338 157 147 108 134 301 65 233 130 189 69 317 130 283 204
 212 20 369 87 174 285 298 353 292 310 358 45 344 1 263 264 220 153 306 216 147 255 297 371 246 373 208 68 314 46 312 424 56 373 478 489 74 195 132 238 361 283 315 129 111 285 377 321 312 406 366 212 306 142 297 425 109 118 229 82 328 306 135 471 415 365 380 311 224 345 196 114 294 301 477 378 129 54 222 354 342 238 238 366 291 75 255 76 446 416 177 283 322 202 317 261 202 58 247 55 208 376 336 443 430 249 293 314 350 210 373 91 303 151 298 126 344 212 231 228 317 354 413 293 458 268 92 520 146 284 363 362 424 158 267 347 372 199 354 98 228 306 373 298 344 324 267 427 264 139 246 134 351 302 314 360 269 315 142 312 247 240 99 287 345 244 420 272 125 311 487 206 372 53 330 240 400 346 29 203 373 297 162 422 180 15 192 225 243 223 103 357 361 361 155 381 47 215 62 159
 101 266 307 180 155 77 71 196 157 83 265 253 84 263 1 11 136 230 47 159 140 124 246 186 33 253 219 246 176 236 137 162 248 174 217 235 200 214 139 45 203 118 119 196 175 154 122 74 137 213 173 53 182 168 149 166 209 148 141 204 159 127 163 215 153 143 152 119 70 158 70 154 79 39 232 116 180 214 231 216 249 156 154 154 216 242 18 200 199 155 120 61 61 177 114 66 121 207 43 220 98 229 193 215 204 77 209 174 186 60 161 181 210 149 88 212 153 173 233 143 55 203 167 32 217 154 193 262 131 130 175 133 166 180 201 253 117 65 142 198 223 207 229 183 120 244 74 170 43 189 162 154 147 226 81 151 141 59 142 137 95 66 191 50 86 179 164 23 144 70 228 58 208 219 145 102 175 90 275 93 110 111 177 192 94 257 86 71 56 53 219 100 208 166 110 139 241 54 203 138
 109 266 297 180 161 87 62 186 147 74 255 252 87 264 11 1 145 224 51 167 145 133 236 177 41 243 211 244 166 238 127 162 250 165 216 232 199 207 142 38 193 108 129 192 178 164 118 67 127 204 182 56 192 164 159 169 213 149 150 202 149 117 167 212 154 151 145 128 78 148 72 153 70 39 227 117 185 215 223 206 239 165 146 163 207 239 11 199 194 157 115 51 64 169 104 76 114 207 35 222 91 239 183 208 197 68 199 164 176 64 152 182 200 145 78 208 144 181 225 152 56 193 162 30 211 163 190 260 135 140 165 126 163 186 192 243 113 66 151 202 215 217 239 173 128 235 84 174 53 184 153 158 138 217 90 160 131 55 146 127 104 58 188 60 84 170 161 32 143 63 226 60 218 220 155 93 183 86 276 100 110 101 171 185 98 257 91 64 65 48 215 97 198 175 111 146 242 58 203 143
 39 232 416 168 48 96 205 324 275 218 381 234 179 220 136 145 1 270 153 24 78 39 346 320 104 375 288 240 297 178 265 264 179 308 324 354 190 279 104 155 332 240 106 227 110 66 247 207 265 348 150 108 90 208 78 247 121 125 11 203 287 255 86 334 249 158 287 101 68 290 102 156 212 164 359 220 94 168 304 341 363 27 251 155 321 240 145 193 325 246 181 194 166 251 247 81 202 177 161 166 184 160 317 348 338 192 316 296 315 95 296 133 321 193 220 241 286 39 310 12 171 331 296 162 346 50 197 374 87 67 308 268 282 72 300 368 241 113 144 125 300 100 157 298 143 354 80 243 102 227 261 88 281 333 128 149 254 191 85 265 50 177 200 118 210 273 283 124 154 205 339 111 153 168 115 208 191 218 217 53 220 239 229 325 80 221 75 170 82 147 234 226 336 145 109 186 180 99 172 65
 242 138 218 116 240 288 226 229 174 234 212 110 310 153 230 224 270 1 275 280 199 292 149 256 232 233 60 87 190 174 207 371 192 265 414 409 101 48 171 188 236 183 329 44 187 329 309 257 206 290 387 196 357 66 335 388 215 150 280 86 214 205 205 394 369 367 288 327 233 236 188 117 217 259 387 332 213 154 71 222 198 296 119 375 149 80 214 98 362 373 111 215 286 75 225 265 115 130 194 166 136 423 209 342 329 174 154 191 229 203 271 163 165 84 216 34 237 284 81 281 276 227 330 249 366 317 84 445 187 316 251 273 358 241 128 202 307 182 362 195 79 369 421 169 344 178 274 395 255 46 123 196 250 159 306 371 157 259 193 206 270 174 78 274 289 113 351 248 118 244 417 189 410 161 353 152 401 284 181 227 323 202 54 325 196 139 205 163 244 178 53 294 233 380 164 368 178 205 133 212
 124 310 332 225 182 67 83 210 182 90 288 298 39 306 47 51 153 275 1 176 176 129 277 193 63 271 260 292 198 277 154 121 287 176 179 204 245 256 179 88 216 142 99 242 212 151 96 67 154 213 145 96 175 214 142 121 243 190 155 249 174 145 197 184 110 108 144 101 96 167 111 199 95 24 207 75 214 256 271 233 273 167 191 122 247 288 61 245 174 111 165 81 17 218 125 72 163 250 83 261 141 209 211 200 191 112 239 195 199 98 159 221 237 195 104 258 162 190 272 157 20 218 146 31 195 155 238 227 169 125 181 127 132 208 234 277 90 109 111 235 262 203 211 209 87 271 75 125 52 234 197 190 151 255 52 120 171 48 178 154 105 105 236 37 59 214 132 36 189 72 192 102 186 260 124 138 136 68 316 121 71 130 221 177 131 301 121 113 76 98 264 75 222 138 152 97 281 93 246 171
 60 230 434 172 44 117 228 346 295 241 400 234 201 216 159 167 24 280 176 1 83 56 363 342 127 395 302 242 318 172 286 286 171 331 346 377 194 291 110 176 353 261 123 236 108 73 270 230 287 370 161 129 91 219 87 268 112 132 23 208 309 277 85 357 271 175 310 118 91 312 120 164 234 187 382 242 88 166 318 362 382 24 268 169 339 243 167 197 348 267 197 216 189 266 269 104 218 177 183 162 202 161 338 371 361 213 335 316 336 116 319 133 339 206 243 249 308 16 323 22 194 352 320 185 369 55 203 396 94 81 330 291 305 61 317 387 265 132 160 119 314 94 158 317 161 372 103 263 125 237 278 89 304 351 149 164 273 214 89 287 72 197 207 141 233 290 306 148 163 228 361 131 158 164 128 228 206 241 210 73 243 261 241 348 96 219 93 189 105 168 240 249 357 158 121 204 173 120 172 69
 66 157 367 91 43 142 197 297 240 211 338 157 210 147 140 145 78 199 176 83 1 110 293 300 114 339 225 163 264 109 241 296 116 294 354 374 113 214 29 136 305 212 169 155 40 143 261 211 241 333 220 91 168 140 153 289 69 50 88 126 262 232 24 355 284 219 285 165 83 271 75 83 199 177 370 249 41 94 241 308 320 101 203 220 273 162 140 116 338 283 126 183 191 192 232 118 152 100 144 95 141 237 285 349 337 165 270 262 289 82 286 58 276 129 206 167 268 86 248 88 190 301 306 171 354 128 121 400 16 138 290 265 304 52 250 325 256 85 208 61 239 175 235 258 199 307 123 289 127 156 213 16 268 285 172 214 216 198 7 241 101 150 125 149 226 222 303 140 83 204 366 89 229 95 184 172 254 229 150 59 246 217 163 326 48 147 56 138 104 122 158 240 307 215 50 238 112 88 95 15
 52 266 420 196 86 66 193 318 274 205 382 266 150 255 124 133 39 292 129 56 110 1 353 309 94 373 303 270 295 214 258 233 216 296 293 326 219 295 133 153 325 236 68 250 145 38 224 190 259 335 113 111 68 227 45 213 159 153 34 231 281 249 122 306 217 120 269 64 67 280 110 181 202 145 334 191 131 203 319 337 364 41 257 116 326 269 136 222 301 213 194 184 141 264 236 60 211 209 157 201 191 132 313 328 318 190 320 293 308 99 281 167 323 211 211 264 276 70 323 36 148 325 274 145 322 32 224 344 115 30 297 251 254 110 307 369 218 120 106 161 313 87 130 298 106 357 55 208 84 247 266 122 269 337 96 111 254 172 116 259 31 176 226 93 187 280 256 107 177 190 309 116 121 203 77 210 153 196 254 66 192 232 247 305 97 255 89 172 70 148 260 203 330 108 129 149 216 101 204 97
 309 284 75 238 333 321 200 119 100 199 66 256 302 297 246 236 346 149 277 363 293 353 1 155 266 93 91 234 96 309 139 330 328 174 355 332 233 103 269 205 122 137 364 170 299 388 262 228 138 181 418 242 418 167 388 362 334 254 354 220 129 144 309 322 336 384 214 363 287 151 246 224 187 255 300 305 322 285 79 99 54 372 97 397 32 226 229 230 285 343 168 197 282 104 170 305 145 262 204 297 163 472 100 247 236 170 42 98 126 255 189 281 48 170 180 172 155 372 70 356 269 113 260 247 279 383 213 371 279 368 156 208 303 344 47 58 263 235 386 314 71 439 472 75 362 34 314 374 285 162 87 298 173 28 324 394 108 240 289 138 324 182 205 295 261 74 294 268 218 216 351 238 453 293 390 146 412 251 324 294 294 154 142 238 268 283 272 183 287 206 195 258 117 411 245 370 314 253 263 303
 282 364 172 290 328 255 117 37 83 106 125 340 199 371 186 177 320 256 193 342 300 309 155 1 217 94 205 322 68 364 61 195 381 23 208 179 298 212 286 168 36 92 291 251 324 338 132 127 62 36 334 217 365 231 331 235 362 281 325 291 44 70 322 171 206 291 70 292 252 31 229 265 109 171 146 185 339 338 204 62 117 341 139 307 129 316 176 296 133 215 197 127 189 182 74 251 170 320 161 348 169 400 56 94 82 136 119 67 30 229 43 317 110 221 100 262 34 355 199 327 177 45 113 168 126 339 280 218 287 313 13 75 161 349 138 118 136 218 299 346 192 391 402 91 274 129 257 248 227 241 133 311 43 128 243 307 103 145 299 62 280 151 273 224 149 145 152 203 255 123 201 216 377 345 316 135 310 137 393 271 175 84 217 85 258 359 255 164 241 180 282 138 43 327 254 265 369 224 318 304
 69 251 330 166 124 59 102 225 182 115 290 240 99 246 33 41 104 232 63 127 114 94 266 217 1 280 229 237 202 215 165 183 225 205 241 263 188 222 117 62 232 144 102 194 150 127 151 105 166 245 159 38 156 167 124 181 182 129 109 194 188 156 136 243 172 137 184 101 38 188 51 142 110 66 262 137 153 195 242 244 273 125 171 145 237 233 43 189 229 173 123 91 79 187 144 41 131 190 65 199 108 208 220 247 235 99 231 200 215 37 193 159 233 148 118 210 184 141 245 111 78 232 198 61 247 124 183 288 106 104 206 165 192 150 220 278 145 52 132 173 235 179 208 207 113 267 49 183 24 188 180 128 178 248 76 140 163 90 116 166 65 85 183 45 114 195 191 28 133 102 253 45 189 198 128 121 171 119 255 62 133 139 180 223 69 241 59 84 25 62 213 129 237 152 92 142 219 32 186 110
 337 362 81 302 373 327 189 64 101 182 36 335 284 373 253 243 375 233 271 395 339 373 93 94 280 1 175 314 79 377 118 288 396 117 299 266 303 186 318 221 60 137 367 245 353 405 224 209 118 106 415 268 434 233 401 327 391 307 382 293 97 128 357 261 299 375 164 367 310 109 276 283 177 248 230 275 373 352 166 38 40 399 141 390 85 306 238 301 223 307 217 194 270 172 147 318 189 330 217 363 199 478 61 176 167 184 81 81 75 281 137 339 70 230 168 251 114 407 158 384 257 55 206 242 211 403 284 304 324 382 102 166 255 389 107 37 227 264 380 372 156 458 479 82 355 60 325 340 294 235 131 346 130 75 321 389 124 225 335 118 343 199 276 297 236 130 245 273 274 200 291 265 455 360 393 169 397 224 398 323 265 143 212 173 303 360 304 207 303 229 273 227 53 408 289 352 382 277 330 345
 255 194 162 155 266 287 198 176 126 203 154 167 292 208 219 211 288 60 260 302 225 303 91 205 229 175 1 144 139 223 163 343 242 218 380 369 147 14 198 175 182 144 330 83 222 340 277 229 162 238 387 197 370 87 343 365 255 179 298 133 166 163 236 355 343 361 246 328 239 189 194 147 186 241 343 307 247 200 18 166 139 314 78 371 91 137 202 144 321 349 110 189 269 43 187 266 99 177 178 212 122 431 155 295 282 150 97 140 177 207 227 201 108 97 183 83 191 308 25 299 258 173 291 231 322 331 128 406 211 324 202 234 324 272 72 144 275 185 358 235 21 386 431 116 338 120 275 374 251 76 78 226 206 101 299 367 114 235 219 162 278 156 120 267 263 63 316 239 143 216 381 191 415 208 355 125 393 256 235 239 298 164 63 280 209 194 216 149 246 169 106 265 179 380 181 355 227 207 178 236
 221 52 304 75 200 286 266 301 241 277 296 24 329 68 246 244 240 87 292 242 163 270 234 322 237 314 144 1 261 98 267 403 115 328 453 457 52 131 139 212 308 239 321 72 137 304 348 293 266 358 377 199 329 94 314 411 152 118 250 44 279 262 159 440 397 367 342 318 224 298 187 96 260 282 440 359 161 85 157 298 281 262 185 371 230 8 235 50 412 400 139 252 306 145 278 261 159 67 221 95 171 399 282 401 388 214 234 261 299 201 330 111 245 109 262 64 298 242 166 250 299 301 379 273 420 290 55 491 156 298 316 324 397 191 208 285 345 185 358 135 164 335 396 243 345 262 269 415 258 83 192 154 308 241 310 366 220 290 157 266 255 208 57 280 321 187 392 259 105 281 460 193 390 91 341 199 403 319 96 209 352 255 107 382 180 54 192 193 241 199 42 331 307 371 149 377 101 205 72 176
 259 306 136 237 297 251 116 40 25 111 92 281 216 314 176 166 297 190 198 318 264 295 96 68 202 79 139 261 1 312 47 236 330 82 260 239 242 146 244 144 48 60 292 190 281 328 168 140 46 101 342 190 357 173 324 270 319 236 305 234 34 55 283 229 243 304 120 292 232 57 199 215 103 175 210 214 300 286 138 46 76 321 78 318 66 254 161 239 192 251 147 118 199 119 79 240 119 266 139 297 124 402 23 159 147 106 56 3 40 203 95 270 49 165 95 200 60 329 132 306 186 41 166 168 189 325 223 278 249 305 65 113 208 314 72 80 170 187 308 301 125 380 403 25 283 78 248 282 218 179 70 272 78 69 247 316 49 155 261 46 265 122 216 222 171 79 199 196 205 130 257 188 381 294 318 93 328 160 338 246 203 68 156 146 226 302 226 130 226 151 221 166 48 335 214 284 317 200 265 270
 173 63 383 76 131 249 279 350 289 293 366 79 314 46 236 238 178 174 277 172 109 214 309 364 215 377 223 98 312 1 304 397 20 363 453 468 77 209 99 217 358 273 276 140 71 242 354 300 303 399 326 184 262 145 255 394 64 91 186 90 321 297 93 448 387 327 365 272 189 336 168 99 277 275 458 350 85 27 238 354 349 194 238 327 298 102 231 80 427 387 168 264 293 208 304 226 195 48 227 17 196 332 334 429 416 234 299 311 345 180 360 57 308 148 282 142 334 167 247 186 290 352 394 267 440 225 97 497 111 243 355 346 400 113 274 354 349 173 315 54 242 262 329 299 307 332 231 395 232 148 247 95 339 310 280 321 265 291 104 303 208 223 105 255 321 248 397 242 110 290 463 179 329 20 290 230 362 322 42 166 346 285 168 407 148 53 158 208 210 202 121 334 359 321 128 346 6 185 48 119
 227 307 182 230 270 210 72 61 41 66 136 284 170 312 137 127 265 207 154 286 241 258 139 61 165 118 163 267 47 304 1 193 321 62 222 207 239 167 226 111 68 31 250 197 264 290 125 94 2 96 298 159 318 174 285 225 302 221 271 234 23 11 262 194 199 259 84 250 198 33 171 205 60 131 181 169 280 278 166 81 122 288 89 274 108 260 123 237 159 206 137 77 155 133 33 202 112 260 105 288 109 360 58 137 123 77 98 44 51 172 66 256 93 162 51 209 33 299 162 273 141 68 129 125 161 289 222 244 227 266 52 73 167 290 106 125 125 160 264 285 154 343 362 65 239 124 209 237 178 186 86 251 44 113 204 272 51 110 239 2 229 92 216 180 125 101 159 156 195 85 220 158 338 285 276 75 283 114 333 215 158 27 163 119 200 301 198 104 189 122 227 121 72 291 194 239 309 168 258 245
 242 427 365 341 299 170 147 227 232 140 317 412 88 424 162 162 264 371 121 286 296 233 330 195 183 288 343 403 236 397 193 1 408 173 60 99 359 343 299 192 229 201 178 345 333 242 69 116 194 195 190 214 258 317 228 45 363 309 264 362 204 188 318 80 20 145 126 182 215 184 230 314 157 124 120 48 334 375 350 254 306 273 266 162 300 398 171 359 94 29 268 158 106 304 162 186 257 368 184 381 238 262 239 145 143 198 290 234 217 218 153 341 284 299 160 361 180 301 348 266 108 236 89 133 119 253 350 111 289 219 187 125 40 326 296 309 69 226 160 356 338 287 265 257 142 313 185 60 171 336 268 311 162 304 139 164 233 115 298 194 216 200 347 150 84 286 49 157 303 129 76 219 236 379 193 221 145 89 436 241 53 182 319 130 251 418 242 212 194 206 372 78 236 186 271 107 401 213 364 290
 179 75 402 95 132 256 294 368 307 307 385 95 323 56 248 250 179 192 287 171 116 216 328 381 225 396 242 115 330 20 321 408 1 380 464 481 96 229 110 231 376 290 280 160 77 242 367 313 320 416 328 196 261 164 256 403 60 105 187 109 338 313 97 461 397 332 380 276 197 353 180 117 293 286 473 361 86 45 257 373 368 194 256 331 317 120 243 99 441 397 186 279 303 227 320 233 213 67 241 34 213 330 352 444 431 250 318 330 363 191 376 69 327 167 298 161 351 165 266 186 301 370 408 279 455 225 116 509 120 245 372 361 413 111 293 373 362 186 319 56 261 258 327 317 313 351 238 403 241 168 266 101 356 329 287 325 283 304 112 320 213 238 124 263 333 267 410 252 127 304 475 192 328 37 293 247 366 335 41 174 357 301 187 422 157 66 168 224 218 216 140 346 377 323 140 353 16 196 67 125
 272 368 195 290 320 240 104 58 93 92 147 345 180 373 174 165 308 265 176 331 294 296 174 23 205 117 218 328 82 363 62 173 380 1 186 159 300 223 281 160 58 92 274 258 320 323 111 110 63 40 315 208 349 236 315 212 358 279 314 295 53 68 317 150 184 272 48 276 241 31 222 265 98 155 128 164 334 338 218 84 139 329 147 288 146 321 165 298 113 193 198 116 171 191 64 237 173 321 152 348 168 383 75 79 66 132 136 81 49 220 21 314 127 224 90 269 31 344 213 316 159 66 91 153 108 325 283 198 281 298 18 54 139 342 153 140 114 211 280 342 206 376 385 106 255 149 243 226 213 247 143 306 28 147 226 288 110 129 293 63 267 146 277 209 129 156 129 189 254 107 180 208 359 345 299 135 290 117 394 261 153 80 224 66 251 362 247 159 229 173 288 118 66 308 249 244 368 215 319 297
 301 480 379 394 358 230 190 243 262 181 331 464 147 478 217 216 324 414 179 346 354 293 355 208 241 299 380 453 260 453 222 60 464 186 1 54 411 382 355 243 243 237 236 392 390 300 107 162 223 197 242 270 315 365 286 90 421 364 324 413 227 219 376 45 77 199 142 240 274 205 286 367 199 179 89 106 392 430 385 269 323 332 303 214 326 448 224 411 79 82 316 203 164 344 195 245 302 422 234 437 285 312 258 132 137 243 316 258 233 275 168 397 308 347 200 407 201 361 382 325 165 251 96 187 98 312 401 53 346 277 202 149 58 385 326 325 110 281 214 413 373 343 316 283 198 333 245 102 230 382 303 368 183 328 198 218 267 165 356 223 275 247 397 209 134 320 65 214 356 174 21 275 287 435 248 263 192 135 491 299 109 217 363 128 309 471 299 261 253 257 420 124 250 238 326 160 457 269 418 349
 327 488 346 403 384 262 193 215 246 181 300 470 177 489 235 232 354 409 204 377 374 326 332 179 263 266 369 457 239 468 207 99 481 159 54 1 419 372 372 252 214 227 275 392 409 338 115 169 208 161 288 286 355 366 325 138 443 378 355 418 207 207 397 21 118 243 123 278 298 184 303 377 199 198 40 137 414 444 372 239 294 366 293 259 304 451 238 418 49 125 319 208 189 336 185 274 301 433 243 451 287 359 233 92 100 245 295 238 207 294 145 413 286 350 197 406 181 392 368 357 187 223 80 204 56 348 406 39 365 314 177 137 73 411 309 295 120 296 258 432 359 384 363 263 239 307 275 151 255 382 291 389 165 305 232 262 256 178 376 208 306 252 402 238 150 307 73 237 365 179 36 290 334 449 290 261 240 147 504 323 135 208 361 96 328 480 320 266 278 267 421 136 220 284 341 204 472 288 429 371
 170 70 307 24 152 235 227 281 219 239 291 54 282 74 200 199 190 101 245 194 113 219 233 298 188 303 147 52 242 77 239 359 96 300 411 419 1 134 88 169 288 209 271 65 91 254 308 252 239 333 326 151 279 71 263 365 115 67 200 17 254 233 112 401 352 317 308 267 173 271 137 47 223 237 405 314 117 54 163 282 274 213 166 321 223 50 189 5 375 354 104 212 259 133 245 211 128 30 178 66 135 349 263 370 357 177 225 241 277 152 299 65 234 78 226 69 270 195 172 200 253 282 342 228 386 240 21 451 105 247 289 289 356 146 199 279 304 137 308 95 166 287 346 226 294 257 218 368 209 73 175 106 278 235 261 315 196 247 107 239 204 169 29 231 278 174 352 211 57 241 419 145 340 62 290 167 352 277 97 158 308 223 93 349 130 63 141 154 191 155 51 289 288 320 99 328 82 156 32 127
 246 182 175 143 255 280 197 184 131 204 166 154 289 195 214 207 279 48 256 291 214 295 103 212 222 186 14 131 146 209 167 343 229 223 382 372 134 1 186 170 190 147 323 70 210 332 277 228 166 246 381 190 361 75 335 364 242 168 288 120 172 166 224 358 343 356 250 321 231 194 186 135 186 238 347 306 235 187 30 175 151 305 80 365 102 124 197 131 324 348 102 188 266 40 189 259 94 164 174 199 117 423 163 301 288 148 107 147 185 199 231 188 118 87 184 70 196 297 38 289 255 182 294 228 327 322 115 409 200 316 208 237 325 260 81 156 276 178 353 222 34 377 422 123 332 132 268 372 245 63 82 214 210 112 294 361 118 234 208 166 269 152 107 261 262 68 318 234 132 215 383 183 408 195 348 123 388 255 222 230 297 166 51 285 200 181 207 145 239 164 93 265 187 374 171 352 214 200 165 225
 84 139 342 65 71 155 189 279 220 202 315 135 215 132 139 142 104 171 179 110 29 133 269 286 117 318 198 139 244 99 226 299 110 281 355 372 88 186 1 126 287 196 186 128 40 167 258 206 225 319 241 87 193 112 176 296 77 23 114 100 246 217 41 353 288 235 276 183 93 256 71 55 189 177 366 252 57 79 214 289 297 128 180 237 249 137 135 90 333 289 103 174 195 167 219 130 130 79 135 83 121 262 266 340 328 151 247 243 272 82 275 43 254 102 195 140 254 114 221 114 192 283 301 170 349 153 94 400 18 160 275 256 304 76 226 302 254 77 225 62 213 202 260 237 214 284 137 297 134 129 190 30 256 262 184 232 197 195 23 225 119 137 98 157 224 198 301 144 55 197 366 83 253 83 204 154 270 227 139 73 248 203 136 317 50 129 61 123 113 111 131 238 289 235 34 250 103 87 75 42
 117 238 269 152 161 117 64 170 122 78 230 222 123 238 45 38 155 188 88 176 136 153 205 168 62 221 175 212 144 217 111 192 231 160 243 252 169 170 126 1 178 86 161 156 164 187 140 84 111 199 216 49 216 128 185 203 201 128 162 171 133 102 158 234 187 187 151 160 89 138 62 126 65 73 242 149 176 193 187 187 213 179 111 198 176 207 28 169 211 190 79 49 100 132 97 101 77 181 10 201 54 268 163 216 203 39 170 142 161 62 152 163 172 110 72 172 135 189 189 164 90 176 178 63 225 183 159 283 123 165 157 132 188 182 159 217 136 52 186 187 178 239 268 146 164 206 110 209 81 148 119 148 134 187 125 195 103 79 135 111 123 24 156 94 110 136 184 66 114 74 251 49 249 199 187 60 219 109 253 105 141 86 134 193 91 230 88 26 84 16 181 120 181 209 93 183 222 58 178 138
 294 353 137 283 336 275 135 9 70 127 90 328 227 361 203 193 332 236 216 353 305 325 122 36 232 60 182 308 48 358 68 229 376 58 243 214 288 190 287 178 1 94 313 237 324 356 165 152 67 60 359 226 384 220 350 268 362 280 338 281 45 78 325 206 239 318 105 314 265 51 236 260 125 193 180 216 342 332 179 27 82 355 125 333 99 301 190 286 168 248 192 143 214 165 92 268 164 313 171 343 167 424 28 126 116 142 90 48 18 238 78 314 80 212 116 246 55 365 172 340 201 11 148 188 160 355 270 252 290 332 43 107 196 354 112 83 168 225 324 345 167 409 425 68 299 95 275 281 244 226 117 314 71 96 266 332 94 169 302 67 296 158 263 245 177 124 186 222 250 145 236 224 401 340 339 134 339 165 384 281 205 94 203 119 265 349 264 168 256 187 268 168 8 352 256 294 363 234 311 310
 202 277 191 200 243 193 63 86 41 64 149 255 165 283 118 108 240 183 142 261 212 236 137 92 144 137 144 239 60 273 31 201 290 92 237 227 209 147 196 86 94 1 234 169 234 269 134 92 31 126 286 133 298 146 266 228 272 191 247 204 51 25 233 213 204 249 106 234 174 63 144 175 50 120 205 171 250 247 150 102 133 264 67 263 106 232 102 208 180 211 107 62 146 110 44 182 82 230 81 258 78 345 78 164 150 49 98 58 78 146 92 226 96 133 44 182 62 273 148 249 133 92 149 112 185 267 193 264 198 246 82 91 181 262 98 137 133 132 252 255 138 322 346 68 228 130 190 239 159 159 68 222 71 114 191 261 33 104 210 31 207 65 187 164 126 85 173 138 164 80 238 131 324 255 261 44 276 117 303 189 160 21 136 145 172 271 171 75 167 95 200 125 97 278 164 233 278 142 228 217
 104 324 424 248 151 44 179 307 274 188 382 321 104 315 119 129 106 329 99 123 169 68 364 291 102 367 330 321 292 276 250 178 280 274 236 275 271 323 186 161 313 234 1 290 206 65 184 165 250 311 59 135 82 264 51 151 224 205 101 280 271 240 184 255 160 53 240 5 99 265 142 228 191 121 288 141 196 262 343 330 366 104 271 52 334 319 136 272 256 155 223 174 105 288 222 65 232 265 161 262 209 112 307 292 284 195 327 290 297 127 257 225 328 246 199 305 260 136 346 102 116 315 233 126 280 78 271 288 170 44 280 224 205 177 319 370 178 148 40 225 336 111 113 300 40 362 56 145 80 285 279 182 249 344 50 46 259 147 174 250 69 183 272 71 151 295 209 98 221 170 253 142 90 263 27 219 87 162 316 114 145 225 279 270 142 313 131 185 86 162 305 166 319 52 174 84 279 126 260 158
 199 118 244 75 197 249 203 230 170 213 230 92 278 129 196 192 227 44 242 236 155 250 170 251 194 245 83 72 190 140 197 345 160 258 392 392 65 70 128 156 237 169 290 1 145 286 286 232 196 287 347 157 314 29 293 358 175 107 237 51 208 193 162 375 341 329 274 287 192 228 149 74 195 228 373 303 171 118 99 228 213 253 114 336 163 65 182 62 345 345 78 190 254 74 209 226 92 94 163 130 108 381 211 332 319 150 165 190 228 163 261 122 175 48 196 17 228 240 107 238 245 230 313 218 352 274 46 426 143 274 245 257 335 198 139 218 283 143 323 155 102 326 379 172 306 196 234 364 217 12 121 153 239 174 269 332 149 231 149 196 228 147 38 237 262 116 329 213 75 219 397 150 368 126 312 132 364 259 155 184 295 187 35 313 153 116 163 134 205 145 32 270 236 340 121 333 145 166 96 168
 104 123 373 72 65 180 227 316 257 241 349 127 248 111 175 178 110 187 212 108 40 145 299 324 150 353 222 137 281 71 264 333 77 320 390 409 91 210 40 164 324 234 206 145 1 175 295 243 263 357 257 124 197 136 187 327 39 47 119 106 283 255 25 389 321 257 314 202 121 294 107 77 227 213 403 286 27 59 239 325 331 130 214 257 282 137 172 94 371 321 137 212 228 196 258 157 165 71 173 57 158 268 303 379 366 189 280 280 310 117 314 27 288 130 234 154 292 107 246 119 227 320 338 206 386 159 104 436 45 174 314 295 340 56 258 336 290 115 245 24 239 201 265 272 238 317 162 327 165 149 224 25 294 294 211 251 233 232 36 263 139 175 111 187 260 230 338 177 82 235 402 120 262 59 221 192 292 263 111 98 282 242 161 356 83 112 92 162 142 150 140 274 326 252 72 277 73 122 66 50
 88 297 455 231 112 85 222 349 307 233 416 299 164 285 154 164 66 329 151 73 143 38 388 338 127 405 340 304 328 242 290 242 242 323 300 338 254 332 167 187 356 269 65 286 175 1 242 215 290 361 90 148 31 264 17 215 183 188 57 266 312 280 151 318 224 112 293 61 103 310 147 217 232 169 349 203 158 233 356 369 399 50 293 103 361 303 168 256 317 219 231 214 160 301 266 89 247 242 190 231 227 96 345 349 340 224 355 326 339 136 307 198 358 248 241 301 305 83 360 57 169 356 292 171 340 18 259 352 150 26 326 276 268 133 343 403 236 157 95 189 350 54 94 332 104 392 82 208 112 284 302 153 297 372 108 97 289 197 149 290 65 210 262 116 207 317 271 135 213 217 317 153 88 232 60 245 140 217 281 103 206 264 284 327 134 286 126 207 104 184 295 223 361 88 166 147 244 137 237 129
 217 377 299 291 273 160 84 162 164 75 251 359 82 377 122 118 247 309 96 270 261 224 262 132 151 224 277 348 168 354 125 69 367 111 107 115 308 277 258 140 165 134 184 286 295 242 1 56 126 140 215 173 264 259 231 104 329 264 250 308 136 120 284 95 76 170 65 187 187 118 189 264 93 86 112 55 301 330 283 189 239 262 199 187 231 343 125 307 79 84 210 98 84 239 94 167 196 320 131 338 179 285 172 108 101 137 222 166 151 180 90 299 216 242 94 301 113 285 281 252 77 171 51 91 100 249 296 145 252 217 123 59 50 299 228 242 7 182 180 319 271 293 288 188 157 245 170 117 146 277 201 275 96 236 136 187 166 64 262 126 200 142 292 132 38 218 45 126 253 68 113 177 260 336 205 158 183 33 391 212 45 115 257 87 215 368 207 156 168 154 314 23 172 209 228 138 358 174 316 259
 174 321 275 236 227 131 32 147 129 30 229 304 77 321 74 67 207 257 67 230 211 190 228 127 105 209 229 293 140 300 94 116 313 110 162 169 252 228 206 84 152 92 165 232 243 215 56 1 95 148 208 121 240 204 207 138 278 210 211 253 113 86 233 150 115 167 81 166 143 102 137 209 44 47 161 80 251 276 237 171 215 225 153 183 196 288 72 252 129 121 156 43 63 189 63 131 143 265 75 283 125 274 150 142 131 84 187 138 135 130 94 245 184 187 49 247 98 245 236 213 50 155 96 46 145 218 241 200 200 190 116 63 105 252 188 219 53 129 173 266 226 268 276 155 148 217 136 148 107 223 156 224 85 203 117 182 124 19 211 95 162 87 237 100 35 174 100 84 198 14 168 124 251 281 190 106 190 28 336 166 70 75 204 119 164 313 157 101 126 99 259 39 158 201 174 146 304 124 261 209
 228 306 181 230 270 211 72 60 40 67 135 283 171 312 137 127 265 206 154 287 241 259 138 62 166 118 162 266 46 303 2 194 320 63 223 208 239 166 225 111 67 31 250 196 263 290 126 95 1 96 299 160 318 174 285 226 302 221 272 233 23 11 262 195 200 260 85 251 198 34 171 205 61 132 182 170 280 277 165 80 121 288 88 275 107 259 124 237 160 207 137 78 155 132 34 202 111 260 105 288 108 361 58 138 124 77 97 43 51 172 67 256 92 162 52 208 33 299 161 274 142 67 130 126 161 289 222 245 227 266 52 74 168 290 105 124 126 160 264 285 153 343 362 64 240 123 210 238 179 185 85 251 45 112 205 273 50 110 239 1 229 92 215 181 126 101 160 157 194 85 221 159 339 285 276 74 284 115 333 215 159 27 162 120 200 301 198 104 190 122 227 122 72 292 194 240 308 168 258 245
 311 400 186 325 359 278 143 65 118 131 140 376 214 406 213 204 348 290 213 370 333 335 181 36 245 106 238 358 101 399 96 195 416 40 197 161 333 246 319 199 60 126 311 287 357 361 140 148 96 1 350 247 387 267 353 238 395 315 353 327 80 103 355 157 209 306 76 313 281 64 260 300 137 193 125 194 372 373 236 83 137 368 174 322 158 351 204 331 119 218 232 155 208 217 103 276 206 355 191 383 203 418 85 71 63 169 149 100 62 259 55 351 138 256 129 297 66 384 230 355 196 69 108 191 106 364 315 199 319 336 45 88 158 381 169 137 144 250 315 379 224 414 421 124 290 152 282 252 252 276 168 344 67 155 262 322 139 166 331 96 306 184 309 247 163 179 148 228 289 146 188 247 394 380 335 170 321 152 428 300 184 117 252 70 289 395 286 197 268 212 317 151 65 343 287 276 404 254 353 336
 157 377 476 303 197 101 227 354 325 234 432 375 136 366 173 182 150 387 145 161 220 113 418 334 159 415 387 377 342 326 298 190 328 315 242 288 326 381 241 216 359 286 59 347 257 90 215 208 299 350 1 193 87 322 75 153 270 260 143 336 319 289 233 270 171 47 276 61 156 310 200 284 240 168 308 164 243 314 400 377 417 139 326 30 388 375 191 328 278 164 280 225 146 345 268 123 289 319 216 313 266 73 355 321 315 249 380 339 342 185 296 277 380 304 248 363 305 172 403 143 159 362 261 175 303 108 327 293 224 84 323 263 224 220 373 421 209 206 36 273 393 112 76 352 61 414 114 142 137 343 334 233 292 397 95 29 312 191 226 299 123 238 329 124 187 351 230 152 278 215 261 200 47 314 37 274 57 199 366 169 171 274 337 301 198 366 187 241 144 219 362 201 365 8 230 85 328 183 314 208
