NAME : domp160p40v2
COMMENT : (Deleplanque et al.) 
TYPE : DOMP
DIMENSION : 160
DISPLAY_DATA_TYPE: NO_DISPLAY
OPEN_FACILITIES : 40
COST_SECTION
 1 286 290 144 191 96 162 205 233 76 221 146 182 82 180 38 117 151 80 200 260 114 46 128 269 181 120 58 130 165 146 124 119 125 245 154 89 22 221 266 158 267 157 254 289 157 241 213 147 289 191 122 122 141 118 152 199 246 94 165 146 312 188 64 132 166 121 163 39 209 195 201 93 137 135 249 159 187 181 30 190 153 139 119 72 149 146 294 32 237 115 174 185 184 118 70 146 159 215 94 169 296 208 143 236 83 185 80 109 73 247 119 166 161 55 134 237 232 181 146 115 116 237 166 75 179 149 62 126 60 192 2 192 183 189 155 116 203 108 95 124 226 149 212 134 229 213 180 135 225 163 153 234 159 239 84 250 107 228 253
 286 1 26 180 189 378 214 233 74 247 505 142 223 343 461 321 170 226 222 134 55 311 310 177 67 281 361 306 241 435 257 165 362 405 346 428 317 299 285 370 443 27 275 65 25 435 204 315 298 31 289 383 179 410 187 431 480 145 374 127 424 35 211 345 197 237 378 237 283 302 358 87 370 206 153 288 439 193 332 312 193 403 421 398 221 228 186 30 292 78 398 366 328 468 298 283 353 265 353 233 224 19 315 264 126 330 154 347 196 302 126 186 382 444 272 416 96 156 351 253 226 172 316 380 333 452 315 346 300 240 210 284 108 468 329 150 265 95 392 193 382 234 271 331 317 141 495 319 369 77 197 170 58 221 341 203 358 296 98 59
 290 26 1 174 209 383 203 218 64 244 509 149 210 351 467 326 176 242 221 153 79 305 317 174 46 299 357 306 256 443 273 167 358 406 366 436 314 304 270 354 445 49 265 49 50 435 227 301 289 6 276 381 190 418 185 431 486 168 379 127 424 24 198 347 191 254 387 226 290 288 347 95 376 220 160 310 445 212 322 314 180 413 423 399 222 244 201 6 299 66 399 358 345 471 292 292 366 281 371 229 213 41 334 255 109 339 172 346 194 311 107 183 375 446 271 418 80 179 342 269 221 175 336 373 332 460 330 350 293 247 230 288 123 472 346 146 258 91 396 196 391 217 287 349 309 124 501 336 380 95 214 163 73 211 326 209 343 308 119 45
 144 180 174 1 201 237 48 91 111 78 355 92 68 222 320 180 83 195 64 169 180 132 184 25 141 252 185 140 190 308 213 58 186 243 327 296 143 163 135 213 286 172 101 129 193 269 249 152 120 171 123 211 121 284 30 266 338 219 236 63 258 197 65 188 18 214 261 68 163 141 182 115 235 167 91 300 299 200 157 160 56 292 261 235 75 195 157 178 166 111 239 188 280 310 119 181 268 227 312 60 61 196 288 87 96 218 170 180 37 196 106 29 203 284 107 257 103 213 174 210 48 63 307 200 164 321 251 197 121 132 216 142 135 317 283 34 86 86 241 69 265 107 225 299 137 87 351 272 268 152 184 12 147 52 181 94 198 213 172 131
 191 189 209 201 1 255 247 291 190 209 377 112 268 205 325 212 121 52 183 57 138 280 187 179 221 95 306 241 76 288 81 144 306 309 158 287 267 191 334 406 331 163 287 206 176 341 53 345 294 211 317 312 86 266 180 336 346 69 248 154 331 224 264 251 207 54 230 265 164 336 356 130 240 55 111 108 305 6 335 220 252 245 319 305 169 55 50 214 177 199 297 346 143 357 276 145 183 83 165 210 260 188 127 270 238 187 40 270 181 161 246 180 347 339 216 314 214 51 344 77 221 142 129 346 263 308 139 241 283 132 22 190 93 345 143 177 253 171 280 147 233 305 93 143 296 243 361 134 208 115 29 200 137 251 375 131 391 136 92 200
 96 378 383 237 255 1 249 288 328 164 129 237 267 54 85 59 209 206 175 278 347 167 71 224 364 208 136 113 181 76 186 219 133 73 250 62 135 80 292 316 78 358 228 349 379 100 298 273 208 383 259 112 205 56 213 94 104 319 9 260 94 406 275 63 224 214 61 245 98 274 235 292 19 203 226 279 63 250 230 79 279 88 73 74 168 203 218 388 87 332 59 204 188 103 179 111 125 195 210 183 254 387 222 217 331 73 260 92 203 95 341 214 184 89 136 70 332 302 221 189 203 210 254 184 104 86 156 44 186 141 248 98 279 93 193 250 192 298 33 190 62 309 182 218 185 323 119 188 94 313 227 247 324 245 294 176 301 128 311 348
 162 214 203 48 247 249 1 48 141 87 357 139 23 243 329 196 128 239 89 216 221 113 206 70 164 293 170 141 231 323 254 104 172 241 368 310 134 183 88 167 287 210 63 155 230 263 295 107 88 200 79 201 165 300 70 261 345 265 249 108 252 225 27 193 43 257 282 24 189 95 145 158 251 211 137 345 309 246 120 171 34 314 260 233 104 238 203 206 189 139 239 157 318 308 98 212 299 269 350 69 14 231 329 54 106 242 216 177 72 224 114 70 177 282 114 256 126 260 139 252 48 107 350 174 161 334 287 206 97 165 261 161 181 320 321 79 67 123 247 109 285 67 265 339 112 92 357 310 294 196 229 53 188 9 135 133 152 247 218 159
 205 233 218 91 291 288 48 1 161 130 389 181 26 286 365 237 173 285 135 255 250 137 250 114 174 340 192 177 278 362 301 149 195 271 415 349 163 226 53 138 318 234 71 170 252 290 337 85 100 214 64 226 211 340 116 289 379 303 289 144 279 237 28 229 89 303 325 44 234 72 140 191 291 257 181 390 346 290 117 211 44 357 291 263 151 284 248 220 234 156 271 162 365 338 121 258 345 315 397 113 38 250 376 75 111 287 258 209 119 270 116 116 187 311 154 286 139 300 139 298 92 152 396 184 193 372 333 245 117 212 306 204 219 353 368 117 98 150 282 156 328 22 312 386 128 95 391 358 338 228 274 92 217 49 109 180 126 293 253 175
 233 74 64 111 190 328 141 161 1 182 452 102 150 300 412 270 124 212 160 137 96 242 264 112 38 272 294 244 220 391 240 110 295 346 344 383 252 249 213 298 386 75 203 22 92 374 222 242 227 62 216 319 147 366 123 371 431 171 325 69 363 87 138 287 128 227 338 164 238 229 285 61 322 186 112 297 390 192 260 256 120 365 363 339 163 213 168 68 245 10 340 295 314 411 229 245 324 251 342 167 151 91 309 192 60 290 151 285 133 263 64 122 312 386 210 358 29 175 279 236 158 119 317 309 270 407 294 292 230 196 210 231 98 414 315 83 195 31 338 139 341 163 255 323 246 73 445 304 334 86 188 100 67 149 268 156 285 266 116 22
 76 247 244 78 209 164 87 130 182 1 278 123 107 157 245 109 97 184 29 196 234 75 120 72 215 229 116 63 170 237 191 87 117 167 301 224 72 97 150 207 209 234 89 202 255 193 260 148 88 243 123 138 124 214 61 190 262 247 164 121 182 267 114 111 63 202 196 88 106 142 149 168 164 161 115 291 225 206 128 85 117 228 185 159 40 182 160 249 105 184 162 140 245 233 69 133 217 205 277 20 94 260 262 73 172 158 189 104 51 142 182 62 146 207 30 180 179 237 136 189 40 82 287 144 89 248 211 122 75 94 217 75 174 241 249 100 49 154 165 67 199 151 199 269 89 163 275 239 209 201 184 89 203 84 177 79 191 170 213 203
 221 505 509 355 377 129 357 389 452 278 1 365 371 174 56 185 336 327 295 405 475 255 199 344 488 317 203 218 302 101 303 344 200 119 338 95 227 207 380 378 72 486 321 473 507 107 417 352 295 509 346 168 333 116 333 106 37 443 134 385 115 532 382 168 340 332 153 348 225 356 298 420 140 328 353 384 74 373 303 198 390 151 99 127 290 324 344 514 215 456 119 262 284 56 270 235 217 310 296 297 359 514 320 315 449 191 387 181 323 218 459 335 234 81 250 104 454 426 286 307 315 335 352 236 197 82 259 161 275 269 369 222 407 39 288 372 293 422 115 315 150 409 296 311 268 440 26 287 183 440 351 366 452 352 365 303 366 244 438 473
 146 142 149 92 112 237 139 181 102 123 365 1 159 203 320 181 31 117 95 79 116 196 170 72 139 178 237 175 121 295 143 39 237 269 252 288 193 158 226 302 303 122 186 123 144 299 158 241 199 149 213 253 46 270 76 295 340 130 233 45 288 171 154 207 101 135 240 158 143 231 262 56 229 89 12 215 298 112 239 174 141 266 284 262 88 117 74 154 152 109 260 260 215 329 188 145 223 155 245 117 152 151 215 170 135 191 79 214 81 164 144 75 268 306 142 279 118 123 252 139 121 42 228 266 202 312 193 207 192 99 128 145 52 328 217 66 159 75 253 58 243 194 156 228 208 137 355 206 234 81 99 89 89 143 271 63 287 164 91 120
 182 223 210 68 268 267 23 26 150 107 371 159 1 263 345 215 150 261 111 235 235 122 226 91 168 316 178 156 254 341 276 125 181 254 390 327 145 203 69 151 300 221 61 162 241 274 316 93 90 207 67 211 187 318 92 273 360 284 267 125 263 231 14 209 65 279 302 25 210 81 140 174 269 233 158 367 326 268 115 189 32 334 273 246 126 260 224 213 210 146 253 156 340 321 106 234 320 291 372 89 14 240 351 59 107 263 237 191 95 246 114 92 179 294 132 269 131 279 136 274 68 129 372 176 175 351 309 224 103 188 283 181 199 335 344 97 79 136 262 132 305 46 287 361 116 92 372 333 314 211 250 71 202 24 120 155 138 269 235 166
 82 343 351 222 205 54 243 286 300 157 174 203 263 1 123 54 177 155 159 234 307 183 39 204 337 155 167 124 130 93 134 192 165 122 200 87 153 61 300 337 130 321 235 321 341 152 247 288 221 351 268 151 165 69 194 146 143 271 46 232 145 372 269 88 211 162 41 244 62 285 260 257 37 156 192 226 101 200 250 83 270 72 125 122 148 152 172 356 57 305 108 232 138 155 191 63 80 142 162 175 250 350 170 222 312 20 215 120 186 45 322 195 217 142 134 122 308 253 245 137 196 183 203 217 126 111 104 67 199 105 197 83 239 141 142 228 195 269 85 164 44 307 129 168 203 306 159 137 57 273 179 230 287 240 312 145 321 75 268 319
 180 461 467 320 325 85 329 365 412 245 56 320 345 123 1 143 292 275 258 355 428 235 152 307 448 263 191 190 250 47 250 303 188 105 284 40 205 164 363 373 65 440 301 433 461 110 364 339 277 466 328 158 285 62 296 105 22 392 88 344 113 489 354 137 307 279 98 322 179 341 291 375 92 277 309 329 23 320 292 162 360 97 89 113 251 272 294 472 169 416 99 257 230 71 249 185 163 256 242 265 332 469 266 292 414 139 336 158 287 167 425 298 231 82 217 91 416 374 278 253 284 294 297 232 173 31 205 124 256 222 315 182 360 39 233 334 268 382 84 274 96 386 242 257 251 406 37 232 128 394 299 331 406 324 356 259 360 191 389 432
 38 321 326 180 212 59 196 237 270 109 185 181 215 54 143 1 152 167 117 228 293 130 31 166 306 185 119 71 143 129 154 161 117 98 241 117 100 24 248 284 125 302 183 291 323 130 259 235 168 325 216 110 152 105 155 125 162 272 57 202 121 348 222 44 168 179 90 194 48 233 208 236 56 158 170 256 122 208 197 30 225 122 109 94 109 164 170 331 36 274 86 182 179 151 138 73 129 166 207 128 202 331 207 170 273 63 212 73 146 66 284 156 168 130 84 104 274 256 193 156 149 152 238 168 75 142 143 30 146 87 209 40 225 148 183 192 144 239 74 132 93 258 155 208 150 266 176 176 110 258 184 190 268 192 259 119 268 104 258 290
 117 170 176 83 121 209 128 173 124 97 336 31 150 177 292 152 1 113 69 100 145 171 142 60 162 171 209 147 111 269 134 26 209 239 247 261 166 130 214 287 274 151 168 145 173 270 171 225 178 176 197 224 38 244 60 265 312 152 205 58 259 198 147 178 87 132 214 145 116 216 241 85 201 85 20 218 270 120 218 144 138 242 254 233 60 113 75 181 124 130 230 236 204 300 164 122 204 147 235 93 141 180 208 151 147 166 94 184 62 140 157 60 242 277 114 249 136 142 230 130 102 22 226 240 173 285 178 178 169 73 134 116 80 299 207 67 137 95 223 31 218 189 146 220 184 146 326 195 211 110 101 85 118 131 255 34 271 145 118 143
 151 226 242 195 52 206 239 285 212 184 327 117 261 155 275 167 113 1 162 95 178 251 141 172 246 62 270 205 26 237 33 139 269 263 136 237 234 147 322 388 282 200 269 230 216 296 94 328 271 244 301 272 76 215 169 290 295 120 199 161 286 260 259 208 197 20 179 253 120 320 330 153 191 29 112 109 254 47 311 179 250 194 272 260 147 4 45 247 132 220 251 316 104 308 250 97 134 40 131 190 251 227 98 252 251 137 74 230 168 112 260 170 314 292 185 268 232 101 317 28 205 134 113 313 225 257 92 196 257 96 43 150 120 295 105 178 231 188 233 131 182 301 47 112 269 254 310 95 158 150 30 197 170 240 357 109 372 85 133 226
 80 222 221 64 183 175 89 135 160 29 295 95 111 159 258 117 69 162 1 169 207 102 121 51 195 211 143 86 150 245 172 60 144 187 284 233 99 100 164 227 227 208 108 181 229 215 234 167 112 220 140 163 98 220 40 211 276 220 173 96 204 244 114 128 53 180 199 97 102 159 174 142 172 137 87 269 237 181 153 98 113 230 204 179 17 160 134 226 103 163 181 168 232 252 96 124 211 187 264 29 99 234 246 91 158 156 161 126 30 137 168 41 174 227 51 199 160 210 163 170 46 55 269 172 112 258 199 135 101 78 192 79 146 257 235 79 71 131 180 39 202 155 181 254 116 150 289 225 207 174 159 74 177 88 196 54 211 159 185 181
 200 134 153 169 57 278 216 255 137 196 405 79 235 234 355 228 100 95 169 1 84 270 209 150 166 149 305 241 114 323 127 117 305 323 214 319 263 205 302 380 351 108 264 151 122 355 87 319 276 155 290 317 79 299 154 350 376 52 272 112 345 168 228 263 179 105 264 236 183 308 339 77 266 81 84 161 334 60 316 229 214 284 336 318 158 98 63 158 194 146 313 335 196 378 263 171 227 133 220 192 229 134 182 248 188 218 22 276 158 190 196 153 341 358 211 331 162 46 329 123 199 118 185 339 266 342 186 257 268 142 78 199 41 370 196 139 235 122 300 130 268 267 141 198 283 196 391 187 248 59 66 165 81 220 348 123 365 174 39 145
 260 55 79 180 138 347 221 250 96 234 475 116 235 307 428 293 145 178 207 84 1 304 278 170 108 231 349 289 196 398 210 148 350 383 293 394 305 270 302 385 416 30 280 99 40 414 150 327 299 83 299 368 144 374 178 409 448 91 342 119 403 89 225 322 195 187 341 244 251 314 361 67 337 161 126 234 406 142 336 288 208 363 398 377 202 180 142 83 261 103 374 365 279 443 294 246 308 216 302 224 233 51 263 266 154 293 105 328 186 265 158 177 377 420 256 393 123 102 353 205 222 154 263 374 316 417 269 320 297 208 158 258 69 439 279 147 262 101 365 172 344 255 224 280 313 167 463 269 328 36 149 172 34 228 354 177 372 253 47 92
 114 311 305 132 280 167 113 137 242 75 255 196 122 183 235 130 171 251 102 270 304 1 154 136 270 290 58 60 234 241 253 159 60 137 357 225 32 131 128 155 184 301 68 259 322 154 332 108 43 303 94 91 197 222 127 153 248 321 170 187 144 328 134 105 115 268 216 98 152 108 82 238 175 230 188 356 218 277 69 101 146 247 156 128 113 249 231 309 145 242 139 67 297 202 17 182 256 267 328 82 111 326 320 64 217 191 262 78 119 185 226 128 73 176 67 152 233 310 68 252 86 155 348 71 64 247 262 125 22 157 287 114 247 219 302 162 49 217 153 141 218 156 258 324 21 204 258 292 239 272 255 143 272 106 130 151 140 220 286 262
 46 310 317 184 187 71 206 250 264 120 199 170 226 39 152 31 142 141 121 209 278 154 1 166 301 155 148 95 116 128 126 155 146 124 212 120 125 25 266 308 145 290 202 285 310 156 233 256 189 317 235 140 135 103 157 150 172 250 65 196 147 339 232 73 174 151 78 207 28 253 233 225 60 135 158 226 130 183 221 55 233 110 133 121 110 138 148 322 20 269 111 209 150 171 160 45 104 137 178 138 213 319 178 187 274 39 191 102 148 37 285 158 197 153 99 128 271 233 219 127 159 146 209 197 103 144 114 57 168 72 183 47 209 163 154 191 161 234 94 127 82 271 125 179 174 268 187 146 90 243 160 193 256 203 281 109 292 75 241 284
 128 177 174 25 179 224 70 114 112 72 344 72 91 204 307 166 60 172 51 150 170 136 166 1 145 228 185 133 167 292 190 36 186 236 303 281 142 147 156 232 277 165 116 132 187 263 227 170 132 172 142 209 97 268 12 260 325 200 221 52 252 197 88 178 30 190 244 88 144 160 195 103 220 144 69 277 286 178 170 148 80 274 253 228 57 171 134 178 148 114 230 196 257 302 125 160 247 204 289 57 82 191 265 100 109 198 149 174 22 176 119 11 209 276 99 248 110 194 185 187 54 39 284 206 159 306 228 185 128 110 193 127 118 307 260 29 93 84 230 47 247 131 201 275 145 103 339 249 248 139 160 29 137 73 200 71 217 191 157 132
 269 67 46 141 221 364 164 174 38 215 488 139 168 337 448 306 162 246 195 166 108 270 301 145 1 306 324 277 256 428 276 147 326 380 377 419 283 285 226 310 421 81 225 17 91 407 248 258 251 42 234 351 184 403 157 404 467 193 361 106 396 64 155 322 157 261 375 186 275 245 306 94 359 221 149 326 426 223 281 291 138 402 398 373 198 248 203 47 282 33 374 320 349 446 256 282 361 286 377 198 172 85 342 217 64 327 182 318 166 301 62 155 339 420 243 393 39 200 302 271 187 156 349 336 303 444 330 328 257 234 242 267 129 450 350 117 223 68 373 175 378 172 290 357 273 80 481 339 371 110 221 129 89 171 282 193 299 303 139 22
 181 281 299 252 95 208 293 340 272 229 317 178 316 155 263 185 171 62 211 149 231 290 155 228 306 1 299 238 63 220 40 197 298 275 76 223 268 170 374 435 284 255 317 290 270 306 111 376 316 302 350 294 135 202 225 299 282 158 200 221 298 316 315 228 252 46 166 306 144 369 371 213 191 89 172 72 245 91 354 204 307 171 279 273 195 61 106 304 154 280 261 353 50 308 291 114 104 26 72 238 305 281 38 300 311 136 129 255 222 120 321 225 346 296 225 276 292 140 357 43 256 191 59 345 253 240 59 211 299 137 75 180 179 289 50 237 278 248 239 185 168 357 33 52 309 314 297 42 136 206 86 255 227 294 405 161 419 83 185 285
 120 361 357 185 306 136 170 192 294 116 203 237 178 167 191 119 209 270 143 305 349 58 148 185 324 299 1 67 249 205 265 202 4 88 359 189 45 130 178 184 134 349 122 312 370 99 357 150 95 355 144 36 228 190 175 99 201 355 142 235 90 380 191 80 168 285 193 155 156 154 102 284 149 253 227 368 177 303 102 96 203 222 106 80 149 267 259 361 146 294 94 69 297 149 73 186 246 278 325 129 168 375 324 120 273 180 294 48 166 183 282 176 50 123 96 103 287 342 88 265 138 197 354 51 47 208 261 102 77 176 309 121 288 170 301 213 104 268 114 179 195 211 268 326 66 260 210 293 222 316 279 196 318 163 165 183 170 221 326 314
 58 306 306 140 241 113 141 177 244 63 218 175 156 124 190 71 147 205 86 241 289 60 95 133 277 238 67 1 185 188 202 144 66 104 301 174 32 73 181 214 148 292 116 264 314 131 292 165 99 304 148 79 163 167 122 128 205 290 115 180 120 329 166 54 124 220 158 134 96 164 140 225 119 188 165 306 170 237 128 42 173 190 123 97 88 202 193 310 87 246 101 117 241 171 69 126 197 216 270 81 144 319 265 105 234 132 229 42 112 128 243 124 110 145 36 118 241 277 125 202 98 137 294 109 27 197 205 70 77 110 244 58 226 181 245 162 80 216 107 118 161 198 206 268 80 223 217 236 180 255 213 151 260 135 189 119 199 163 263 265
 130 241 256 190 76 181 231 278 220 170 302 121 254 130 250 143 111 26 150 114 196 234 116 167 256 63 249 185 1 213 24 136 248 239 138 212 214 124 312 375 258 216 256 239 233 271 118 316 257 257 289 249 76 191 163 265 271 143 174 164 262 274 253 185 190 37 155 244 97 308 314 164 166 36 114 123 230 71 295 157 246 172 247 236 134 23 56 261 109 228 226 298 95 283 233 72 114 38 125 177 243 244 99 239 254 112 93 208 160 87 264 163 294 267 168 243 238 125 301 21 194 130 120 293 204 233 76 172 241 78 68 129 134 270 97 177 217 194 208 123 158 296 37 110 252 255 286 86 135 166 51 193 184 232 345 99 359 62 152 235
 165 435 443 308 288 76 323 362 391 237 101 295 341 93 47 129 269 237 245 323 398 241 128 292 428 220 205 188 213 1 210 283 203 126 238 18 210 146 367 388 99 413 303 412 433 141 324 347 283 443 333 176 257 26 282 135 65 355 75 323 140 465 349 137 296 239 60 319 154 348 306 350 74 243 284 284 39 283 303 153 352 51 115 132 236 234 261 448 147 396 116 273 184 112 253 154 118 215 196 256 328 442 221 292 400 106 303 165 273 135 410 283 250 116 210 115 398 337 292 214 276 274 252 251 178 21 162 119 260 197 277 166 331 83 188 317 267 361 92 254 56 384 202 211 259 393 79 188 85 365 263 317 379 319 367 236 373 153 358 411
 146 257 273 213 81 186 254 301 240 191 303 143 276 134 250 154 134 33 172 127 210 253 126 190 276 40 265 202 24 210 1 159 264 248 115 211 232 137 335 396 263 232 278 259 248 280 115 337 277 275 311 262 98 190 186 274 270 149 178 186 271 291 276 197 213 30 153 266 110 330 333 183 170 55 135 105 230 76 316 171 268 166 255 246 156 31 74 278 121 248 235 316 74 288 253 82 103 16 103 199 266 259 76 261 276 115 106 222 183 93 286 186 311 274 187 251 259 131 320 5 216 153 98 310 219 230 60 182 261 98 67 145 151 273 76 199 239 215 215 146 156 319 15 87 271 278 285 65 129 181 62 216 201 255 366 122 380 60 165 255
 124 165 167 58 144 219 104 149 110 87 344 39 125 192 303 161 26 139 60 117 148 159 155 36 147 197 202 144 136 283 159 1 203 242 272 274 159 140 191 266 280 149 148 131 171 271 192 204 161 166 176 222 64 258 38 267 322 168 216 42 260 189 122 181 64 157 230 122 130 194 224 83 213 111 35 243 281 143 201 149 112 259 258 235 57 138 100 171 137 115 234 222 228 305 150 140 225 172 260 79 117 177 234 132 125 183 114 183 43 158 135 38 231 281 110 253 117 160 214 156 83 10 251 229 170 298 202 184 155 90 158 123 89 306 231 42 121 80 230 30 234 164 171 245 170 123 336 220 230 115 126 59 117 108 234 49 250 167 128 130
 119 362 358 186 306 133 172 195 295 117 200 237 181 165 188 117 209 269 144 305 350 60 146 186 326 298 4 66 248 203 264 203 1 85 357 186 46 128 181 187 131 350 125 314 371 97 357 153 97 356 146 33 228 187 176 97 198 355 139 236 87 381 193 78 169 284 191 157 155 157 105 284 146 253 228 367 174 302 105 94 205 220 103 77 150 266 258 362 145 296 91 72 295 147 76 185 244 277 323 130 170 376 323 123 275 178 294 46 167 182 284 177 53 120 96 100 288 342 91 264 140 197 353 53 45 205 259 100 79 175 309 120 288 167 300 214 106 269 111 180 192 214 266 324 69 262 207 292 219 316 279 198 319 165 168 183 173 219 326 316
 125 405 406 243 309 73 241 271 346 167 119 269 254 122 105 98 239 263 187 323 383 137 124 236 380 275 88 104 239 126 248 242 85 1 320 109 110 120 263 269 48 389 204 366 411 33 356 237 178 405 229 54 246 116 225 28 114 368 81 281 24 429 265 62 227 274 132 230 145 240 187 322 90 255 258 346 93 305 189 96 274 154 20 10 186 260 267 411 133 349 15 153 259 68 152 168 197 259 282 185 242 417 292 198 337 140 308 65 215 157 347 226 127 42 138 16 345 353 174 250 200 234 324 129 81 124 225 69 158 182 306 126 316 84 263 264 176 317 41 214 132 292 246 289 151 326 123 258 166 348 281 254 356 235 252 207 256 193 351 367
 245 346 366 327 158 250 368 415 344 301 338 252 390 200 284 241 247 136 284 214 293 357 212 303 377 76 359 301 138 238 115 272 357 320 1 247 332 231 448 506 320 320 389 361 331 349 153 448 386 368 423 348 210 227 300 343 302 210 241 296 343 380 390 282 327 119 195 380 207 442 438 284 232 164 246 71 270 155 422 264 382 188 321 321 269 136 179 371 215 352 306 417 63 341 360 176 126 101 43 311 379 343 40 372 386 183 196 312 297 176 395 300 407 334 293 318 365 195 424 118 329 266 33 407 313 257 99 263 367 208 137 245 248 317 59 312 349 322 282 260 197 433 104 34 377 388 315 66 161 272 157 330 294 369 476 236 489 139 248 356
 154 428 436 296 287 62 310 349 383 224 95 288 327 87 40 117 261 237 233 319 394 225 120 281 419 223 189 174 212 18 211 274 186 109 247 1 194 136 352 371 83 407 288 404 427 124 325 332 267 436 318 159 251 23 271 119 60 354 62 314 123 458 336 122 284 240 60 305 146 333 289 343 62 241 277 290 25 282 287 140 340 60 98 115 225 234 258 441 138 387 99 257 191 99 238 149 124 217 205 243 314 436 227 278 389 103 300 149 262 131 400 272 233 101 197 98 389 337 276 215 263 265 259 234 162 26 166 105 245 190 277 155 326 71 195 307 252 352 76 245 57 370 203 219 243 382 75 194 89 360 262 306 373 305 351 228 357 153 354 402
 89 317 314 143 267 135 134 163 252 72 227 193 145 153 205 100 166 234 99 263 305 32 125 142 283 268 45 32 214 210 232 159 46 110 332 194 1 104 159 185 156 305 97 270 327 130 319 139 74 312 125 70 187 190 131 129 218 313 138 192 119 337 157 74 126 250 185 122 127 140 109 240 143 215 184 336 188 264 99 72 166 216 129 101 106 231 219 318 118 252 110 86 272 176 45 157 228 246 302 86 134 331 296 89 234 162 253 48 122 159 243 133 81 150 53 125 245 301 94 232 97 153 325 80 33 216 236 94 52 139 271 89 244 191 276 170 68 225 123 136 187 183 237 299 52 222 229 267 209 272 240 154 275 127 161 141 170 194 283 272
 22 299 304 163 191 80 183 226 249 97 207 158 203 61 164 24 130 147 100 205 270 131 25 147 285 170 130 73 124 146 137 140 128 120 231 136 104 1 242 284 148 279 177 270 301 152 239 232 166 304 211 126 129 122 137 147 183 250 77 181 142 326 209 62 152 160 100 184 28 229 211 213 74 137 147 240 142 187 198 35 211 132 131 115 91 144 148 309 17 253 108 188 170 174 137 57 127 150 199 115 190 308 195 163 255 63 189 86 128 56 266 138 178 153 75 127 254 234 197 138 136 131 225 177 84 160 133 53 145 65 189 23 202 170 174 173 137 219 96 111 103 247 139 198 151 249 198 165 114 235 163 173 246 180 257 96 268 93 235 269
 221 285 270 135 334 292 88 53 213 150 380 226 69 300 363 248 214 322 164 302 302 128 266 156 226 374 178 181 312 367 335 191 181 263 448 352 159 242 1 85 310 286 66 222 305 276 382 39 86 266 35 213 251 347 155 276 375 352 295 193 267 289 78 231 128 341 337 70 255 28 102 241 298 295 224 429 346 333 84 220 95 369 282 255 180 321 288 272 252 208 266 131 394 326 115 282 366 349 426 138 75 303 409 80 163 304 303 206 155 291 167 155 159 300 167 278 191 347 106 333 119 193 431 157 191 374 361 250 108 241 347 221 267 346 398 164 106 202 281 192 339 57 344 417 113 147 385 387 355 279 314 139 269 84 57 214 74 319 303 228
 266 370 354 213 406 316 167 138 298 207 378 302 151 337 373 284 287 388 227 380 385 155 308 232 310 435 184 214 375 388 396 266 187 269 506 371 185 284 85 1 313 371 121 307 389 272 456 62 121 350 91 216 321 371 229 274 381 431 320 273 265 373 161 256 203 406 369 146 303 73 83 324 326 363 299 496 360 405 88 256 179 400 286 261 243 387 359 356 297 293 276 117 448 323 149 333 410 411 479 200 154 387 468 138 247 345 379 225 226 338 250 229 145 299 214 284 276 425 96 395 186 266 493 143 214 390 413 277 141 299 418 266 347 348 452 244 159 286 296 261 371 139 404 474 135 231 388 443 393 361 385 218 352 161 33 281 17 371 384 312
 158 443 445 286 331 78 287 318 386 209 72 303 300 130 65 125 274 282 227 351 416 184 145 277 421 284 134 148 258 99 263 280 131 48 320 83 156 148 310 313 1 424 251 407 446 45 375 283 225 444 275 99 276 98 266 41 70 394 85 320 49 468 311 100 271 291 125 277 170 287 231 358 94 279 292 354 61 326 235 132 319 139 29 56 225 279 292 450 159 389 49 196 260 27 199 187 194 272 279 228 288 453 295 244 381 149 334 111 256 172 390 267 169 19 181 33 387 377 219 265 245 271 328 171 127 91 230 98 204 211 325 159 348 37 265 305 222 357 52 251 124 338 259 290 198 370 77 261 160 381 303 297 391 281 297 241 300 205 382 407
 267 27 49 172 163 358 210 234 75 234 486 122 221 321 440 302 151 200 208 108 30 301 290 165 81 255 349 292 216 413 232 149 350 389 320 407 305 279 286 371 424 1 270 73 23 419 178 314 292 53 287 369 157 388 175 415 460 120 353 115 408 62 210 328 188 211 356 233 263 301 352 68 349 181 133 262 418 167 327 294 193 380 404 382 205 202 161 54 272 82 380 359 302 450 289 260 328 239 327 221 221 30 289 258 132 308 128 331 184 280 135 174 373 427 257 399 101 131 345 227 217 156 290 370 318 431 290 328 292 219 184 266 84 449 303 140 256 88 374 176 359 237 246 305 308 147 475 293 345 52 172 163 35 217 341 184 358 272 72 66
 157 275 265 101 287 228 63 71 203 89 321 186 61 235 301 183 168 269 108 264 280 68 202 116 225 317 122 116 256 303 278 148 125 204 389 288 97 177 66 121 251 270 1 217 291 220 337 60 30 262 35 157 202 282 111 220 314 315 230 163 210 286 75 167 87 287 272 41 192 54 83 215 234 244 181 376 283 285 58 155 90 304 223 195 123 267 239 268 188 200 205 96 334 269 53 220 302 293 365 80 54 292 351 18 166 239 261 143 107 228 173 111 119 242 103 219 187 307 78 276 67 148 375 116 128 311 299 185 47 182 298 157 233 286 337 134 42 183 218 142 275 90 287 358 58 151 325 327 290 252 265 109 246 55 90 161 105 257 271 221
 254 65 49 129 206 349 155 170 22 202 473 123 162 321 433 291 145 230 181 151 99 259 285 132 17 290 312 264 239 412 259 131 314 366 361 404 270 270 222 307 407 73 217 1 87 394 234 253 242 46 228 338 167 388 143 391 452 180 346 90 383 70 149 308 146 245 359 178 259 240 299 78 343 205 133 312 411 208 274 276 131 386 384 359 184 231 186 52 267 19 360 311 332 432 246 266 345 269 360 186 165 83 326 208 62 311 167 305 153 284 63 141 329 406 230 379 32 187 294 255 176 140 333 326 290 428 313 313 247 217 226 252 114 435 334 103 212 52 359 160 362 170 273 341 263 77 466 323 355 97 205 117 76 163 278 177 295 286 126 8
 289 25 50 193 176 379 230 252 92 255 507 144 241 341 461 323 173 216 229 122 40 322 310 187 91 270 370 314 233 433 248 171 371 411 331 427 327 301 305 389 446 23 291 87 1 441 186 333 312 55 306 391 177 409 197 436 481 126 374 136 429 53 229 350 209 226 376 253 283 320 373 90 370 198 155 271 439 180 348 316 211 399 426 404 227 218 179 53 293 98 402 380 317 472 311 280 346 254 341 243 241 13 302 279 147 328 143 353 206 299 148 196 394 449 279 421 116 139 366 243 239 178 301 392 340 451 307 350 313 240 197 288 103 470 318 161 278 108 395 198 379 254 262 318 329 162 496 308 364 70 187 183 56 237 359 206 376 290 85 80
 157 435 435 269 341 100 263 290 374 193 107 299 274 152 110 130 270 296 215 355 414 154 156 263 407 306 99 131 271 141 280 271 97 33 349 124 130 152 276 272 45 419 220 394 441 1 388 247 193 434 242 65 277 136 252 7 113 401 109 309 12 458 286 94 253 306 157 250 178 252 191 352 118 288 289 377 104 337 198 128 296 176 29 38 215 293 299 440 166 376 46 156 288 52 170 200 224 291 309 210 263 447 321 216 362 170 340 90 242 188 371 254 128 29 165 32 371 385 180 282 225 264 353 130 106 134 255 101 174 214 338 158 347 79 292 292 197 345 68 244 157 309 278 317 165 350 118 287 192 379 313 280 386 257 258 238 260 224 383 395
 241 204 227 249 53 298 295 337 222 260 417 158 316 247 364 259 171 94 234 87 150 332 233 227 248 111 357 292 118 324 115 192 357 356 153 325 319 239 382 456 375 178 337 234 186 388 1 395 345 230 367 362 137 303 229 382 384 61 291 196 379 237 310 300 256 86 267 314 212 385 407 163 283 105 159 87 344 56 386 269 297 278 365 352 221 97 102 231 224 231 343 398 159 401 328 190 211 110 173 261 308 198 132 321 274 228 80 320 231 204 281 229 399 384 268 360 247 49 395 112 272 191 121 397 314 344 166 289 334 183 51 240 127 386 157 222 304 208 326 197 270 350 123 149 348 282 399 151 241 138 79 246 160 299 425 182 441 174 110 227
 213 315 301 152 345 273 107 85 242 148 352 241 93 288 339 235 225 328 167 319 327 108 256 170 258 376 150 165 316 347 337 204 153 237 448 332 139 232 39 62 283 314 60 253 333 247 395 1 68 297 30 185 260 328 167 247 350 369 277 213 238 321 105 212 141 346 322 85 249 14 65 264 281 303 238 436 323 344 50 206 123 354 255 229 183 327 298 304 244 238 241 96 392 298 97 277 358 352 423 140 94 332 410 77 196 294 318 184 165 284 200 168 125 272 159 252 222 363 71 336 125 205 434 123 171 353 357 232 90 241 357 212 286 319 396 184 100 228 258 200 325 93 346 416 89 180 359 386 343 302 324 158 294 101 31 220 47 315 323 258
 147 298 289 120 294 208 88 100 227 88 295 199 90 221 277 168 178 271 112 276 299 43 189 132 251 316 95 99 257 283 277 161 97 178 386 267 74 166 86 121 225 292 30 242 312 193 345 68 1 286 52 129 209 263 125 192 290 328 211 181 183 311 103 147 105 289 256 68 183 67 64 233 215 248 193 378 260 292 41 139 118 287 197 170 127 269 246 293 178 225 180 70 328 242 31 213 292 292 359 86 82 314 348 35 193 227 271 120 119 219 201 125 90 216 94 193 213 319 55 276 79 159 374 88 106 289 293 166 23 180 303 146 248 261 332 153 42 205 195 149 258 118 285 354 29 179 300 322 276 269 271 130 266 81 93 165 105 251 287 245
 289 31 6 171 211 383 200 214 62 243 509 149 207 351 466 325 176 244 220 155 83 303 317 172 42 302 355 304 257 443 275 166 356 405 368 436 312 304 266 350 444 53 262 46 55 434 230 297 286 1 273 380 191 418 183 430 486 172 379 126 422 26 194 346 188 257 388 223 290 284 344 96 376 222 160 313 445 215 319 313 176 414 422 398 221 246 202 7 299 63 398 355 347 469 289 293 367 283 373 227 209 46 336 252 104 339 174 345 193 312 103 182 372 445 269 417 76 182 338 270 218 174 339 370 330 460 332 349 291 247 232 287 125 471 348 144 256 89 395 195 391 213 289 352 307 120 500 338 381 97 217 160 76 208 322 209 339 309 122 42
 191 289 276 123 317 259 79 64 216 123 346 213 67 268 328 216 197 301 140 290 299 94 235 142 234 350 144 148 289 333 311 176 146 229 423 318 125 211 35 91 275 287 35 228 306 242 367 30 52 273 1 179 232 313 139 242 341 341 261 185 233 297 80 197 113 319 304 56 226 20 77 236 265 275 209 408 311 315 55 187 98 336 248 220 156 299 270 279 222 212 231 101 367 292 81 254 336 326 399 113 67 306 384 51 172 273 289 171 137 262 177 139 129 266 137 244 197 335 78 309 97 176 408 126 157 340 333 216 74 215 329 190 258 311 371 156 76 200 246 172 307 77 320 391 79 156 351 361 323 273 296 130 266 73 59 193 76 291 295 233
 122 383 381 211 312 112 201 226 319 138 168 253 211 151 158 110 224 272 163 317 368 91 140 209 351 294 36 79 249 176 262 222 33 54 348 159 70 126 213 216 99 369 157 338 391 65 362 185 129 380 179 1 239 163 198 64 167 365 119 257 55 404 223 67 195 285 172 187 154 189 134 303 127 258 243 365 146 308 136 94 234 198 72 47 166 269 266 386 142 320 62 99 286 114 106 182 230 275 312 154 200 396 316 153 302 167 304 43 188 175 311 199 75 88 113 69 314 352 121 263 166 215 347 76 53 177 251 86 111 181 313 123 303 135 291 237 135 292 86 196 173 246 263 316 101 290 175 284 203 333 284 223 338 194 199 196 203 213 341 340
 122 179 190 121 86 205 165 211 147 124 333 46 187 165 285 152 38 76 98 79 144 197 135 97 184 135 228 163 76 257 98 64 228 246 210 251 187 129 251 321 276 157 202 167 177 277 137 260 209 191 232 239 1 232 96 272 305 128 200 88 267 211 185 185 124 94 200 181 108 251 271 96 194 48 38 181 263 85 249 151 175 224 259 240 85 76 39 195 119 154 235 263 170 302 192 104 178 111 201 124 178 186 172 185 179 152 67 197 97 124 189 97 266 281 135 254 163 115 259 95 136 59 188 264 188 275 148 180 198 65 98 121 75 297 173 103 168 120 224 61 203 227 112 185 212 180 321 162 191 109 65 122 123 168 290 47 306 120 107 164
 141 410 418 284 266 56 300 340 366 214 116 270 318 69 62 105 244 215 220 299 374 222 103 268 403 202 190 167 191 26 190 258 187 116 227 23 190 122 347 371 98 388 282 388 409 136 303 328 263 418 313 163 232 1 257 130 82 333 53 298 133 440 326 118 272 219 38 297 129 329 290 325 50 220 259 269 45 261 285 131 329 42 108 120 211 212 237 423 122 371 104 258 170 117 233 130 103 195 185 233 305 417 206 271 376 82 279 147 248 111 386 259 236 115 187 107 374 315 276 193 253 249 238 237 159 44 144 98 241 172 256 142 307 91 174 293 245 336 79 230 35 361 182 198 240 369 97 172 68 340 241 293 355 296 349 212 356 131 334 386
 118 187 185 30 180 213 70 116 123 61 333 76 92 194 296 155 60 169 40 154 178 127 157 12 157 225 175 122 163 282 186 38 176 225 300 271 131 137 155 229 266 175 111 143 197 252 229 167 125 183 139 198 96 257 1 249 314 205 211 62 241 208 91 167 29 188 234 86 135 157 188 112 210 142 72 276 275 179 164 137 85 264 242 217 47 169 134 189 138 125 219 188 252 290 116 152 239 200 283 47 83 201 261 95 120 189 151 163 11 167 130 2 199 265 88 237 122 198 178 183 47 39 281 197 148 295 222 174 120 102 193 116 125 295 255 41 85 95 219 41 237 134 197 271 136 113 328 244 239 147 160 37 146 72 197 66 213 184 163 144
 152 431 431 266 336 94 261 289 371 190 106 295 273 146 105 125 265 290 211 350 409 153 150 260 404 299 99 128 265 135 274 267 97 28 343 119 129 147 276 274 41 415 220 391 436 7 382 247 192 430 242 64 272 130 249 1 109 395 102 306 10 454 284 89 250 300 151 249 172 252 193 348 112 282 284 371 99 331 198 123 294 170 23 34 211 287 294 436 160 373 40 158 281 51 169 194 218 285 303 207 261 443 315 215 359 164 335 87 239 182 369 250 130 26 162 25 368 380 182 276 222 260 347 132 103 129 248 95 173 209 332 153 343 76 286 288 195 342 62 240 150 308 272 311 165 348 115 281 185 374 308 277 382 255 260 234 262 218 378 391
 199 480 486 338 346 104 345 379 431 262 37 340 360 143 22 162 312 295 276 376 448 248 172 325 467 282 201 205 271 65 270 322 198 114 302 60 218 183 375 381 70 460 314 452 481 113 384 350 290 486 341 167 305 82 314 109 1 412 108 363 118 509 370 153 323 299 119 337 198 353 299 395 112 298 328 348 43 341 302 179 376 115 96 122 270 292 314 491 189 435 110 265 248 67 262 206 182 276 260 281 347 489 285 306 432 160 357 172 305 187 442 316 238 85 234 99 434 395 287 274 300 313 316 240 187 46 225 142 268 242 336 200 380 36 252 352 283 401 99 293 116 400 263 276 263 423 16 252 148 414 320 348 426 339 365 278 368 211 410 451
 246 145 168 219 69 319 265 303 171 247 443 130 284 271 392 272 152 120 220 52 91 321 250 200 193 158 355 290 143 355 149 168 355 368 210 354 313 250 352 431 394 120 315 180 126 401 61 369 328 172 341 365 128 333 205 395 412 1 312 160 390 178 276 309 229 121 297 286 225 358 391 117 305 116 135 147 371 74 367 276 261 313 380 363 209 123 103 173 237 180 357 386 207 420 314 209 251 150 226 244 278 138 185 299 227 253 62 324 210 226 233 204 392 401 261 375 198 19 380 145 250 170 179 390 315 375 207 301 319 187 85 245 86 410 207 188 287 162 343 181 300 314 161 202 335 237 428 199 276 85 93 214 106 270 399 173 416 204 56 174
 94 374 379 236 248 9 249 289 325 164 134 233 267 46 88 57 205 199 173 272 342 170 65 221 361 200 142 115 174 75 178 216 139 81 241 62 138 77 295 320 85 353 230 346 374 109 291 277 211 379 261 119 200 53 211 102 108 312 1 256 102 402 275 66 223 206 54 246 92 277 240 288 10 197 222 271 66 243 235 79 279 82 81 82 165 196 212 385 82 329 67 209 180 111 181 104 117 187 202 183 254 382 214 219 329 65 254 97 201 88 340 212 190 97 137 78 329 295 226 181 203 207 246 190 107 86 148 46 189 136 241 95 274 99 185 248 193 294 41 187 55 310 174 210 189 322 123 180 86 308 221 246 320 245 298 172 306 120 305 345
 165 127 127 63 154 260 108 144 69 121 385 45 125 232 344 202 58 161 96 112 119 187 196 52 106 221 235 180 164 323 186 42 236 281 296 314 192 181 193 273 320 115 163 90 136 309 196 213 181 126 185 257 88 298 62 306 363 160 256 1 298 150 118 221 77 178 270 129 171 202 243 53 254 133 51 259 322 154 219 188 103 298 297 273 96 161 118 132 177 74 274 247 258 345 176 179 261 198 288 108 120 140 258 148 91 223 118 221 71 197 101 60 259 320 146 292 78 157 235 182 104 51 272 257 207 339 234 224 179 129 171 163 75 347 260 30 144 39 270 71 274 156 199 271 195 93 377 249 269 90 142 56 86 113 242 88 259 203 111 89
 146 424 424 258 331 94 252 279 363 182 115 288 263 145 113 121 259 286 204 345 403 144 147 252 396 298 90 120 262 140 271 260 87 24 343 123 119 142 267 265 49 408 210 383 429 12 379 238 183 422 233 55 267 133 241 10 118 390 102 298 1 447 275 83 241 297 152 240 168 243 184 341 112 278 277 369 105 327 189 117 285 173 27 28 204 283 289 428 156 365 38 149 281 61 159 191 219 282 304 199 252 435 314 206 351 163 329 79 231 180 360 242 121 35 154 27 360 375 172 273 213 252 346 123 94 136 248 91 164 204 329 147 336 84 286 280 186 334 62 232 152 299 270 311 155 339 124 280 187 368 303 269 375 246 251 227 253 216 372 383
 312 35 24 197 224 406 225 237 87 267 532 171 231 372 489 348 198 260 244 168 89 328 339 197 64 316 380 329 274 465 291 189 381 429 380 458 337 326 289 373 468 62 286 70 53 458 237 321 311 26 297 404 211 440 208 454 509 178 402 150 447 1 218 370 214 271 409 247 312 308 368 116 398 239 182 322 467 227 343 337 200 434 446 422 245 262 219 20 321 88 422 380 362 493 314 314 385 299 387 252 234 42 349 277 127 360 188 369 217 333 124 206 398 469 294 441 100 190 363 287 243 198 350 395 355 482 349 372 316 269 245 311 141 495 363 169 281 114 418 218 412 235 305 365 332 143 523 353 401 111 231 185 91 232 345 231 362 328 133 67
 188 211 198 65 264 275 27 28 138 114 382 154 14 269 354 222 147 259 114 228 225 134 232 88 155 315 191 166 253 349 276 122 193 265 390 336 157 209 78 161 311 210 75 149 229 286 310 105 103 194 80 223 185 326 91 284 370 276 275 118 275 218 1 218 65 278 308 37 215 92 153 165 277 231 154 364 335 264 128 197 19 340 284 256 129 258 221 200 215 134 264 170 341 332 118 237 324 290 373 95 24 228 351 72 94 268 231 201 95 250 100 91 192 305 140 280 119 273 150 273 74 126 371 190 185 360 311 232 116 190 279 187 192 345 345 90 90 125 272 131 312 43 287 361 129 78 382 334 319 202 247 65 192 31 131 156 149 271 226 154
 64 345 347 188 251 63 193 229 287 111 168 207 209 88 137 44 178 208 128 263 322 105 73 178 322 228 80 54 185 137 197 181 78 62 282 122 74 62 231 256 100 328 167 308 350 94 300 212 147 346 197 67 185 118 167 89 153 309 66 221 83 370 218 1 173 221 115 186 89 212 176 261 72 197 197 299 118 247 170 35 225 145 78 56 126 205 207 351 77 290 54 147 220 125 117 116 167 209 247 130 196 356 250 157 283 102 248 33 157 109 292 168 130 100 83 73 288 294 162 198 149 173 281 130 42 145 185 23 124 122 250 65 255 130 225 206 132 258 55 153 117 250 198 250 124 273 165 218 142 287 223 199 295 188 233 146 241 147 290 308
