NAME : domp280p93v4
COMMENT : (Deleplanque et al.) 
TYPE : DOMP
DIMENSION : 280
DISPLAY_DATA_TYPE: NO_DISPLAY
OPEN_FACILITIES : 93
COST_SECTION
 1 361 96 346 39 210 131 53 264 93 337 223 292 178 177 215 101 57 209 319 153 143 153 195 285 310 430 327 156 40 309 197 227 199 144 126 24 289 305 180 187 380 241 61 324 420 176 283 300 412 335 337 141 329 327 184 367 137 315 184 131 117 41 301 319 282 89 76 216 350 316 171 91 344 251 251 394 406 79 301 448 196 244 108 297 80 53 295 277 353 249 76 332 289 65 186 287 383 222 400 330 299 351 241 307 213 206 109 299 159 102 216 401 258 178 262 41 221 373 105 190 378 288 320 97 158 107 380 285 253 165 393 91 160 301 81 330 268 311 287 296 307 209 108 421 300 196 318 137 227 188 179 178 179 160 329 208 303 403 47 13 293 172 317 89 49 221 313 298 300 243 338 37 312 330 382 352 51 251 261 246 372 306 312 281 442 287 239 186 343 158 99 189 307 144 338 286 112 219 66 425 433 46 257 95 123 163 248 208 133 203 106 26 115 198 292 201 218 390 220 62 298 282 149 63 314 149 214 305 318 58 43 274 252 277 113 261 186 338 327 46 88 371 218 142 340 326 198 206 166 201 38 264 237 288 349 428 261 128 87 168 64 196 64 64 42 161 283 227 109 137 278 80 263 68 329 166 164 328 312
 361 1 269 366 323 236 316 411 205 400 352 141 294 220 242 159 269 374 158 191 255 243 374 170 155 272 135 120 256 395 208 174 227 184 220 256 382 196 201 386 353 191 149 351 49 171 211 124 183 152 52 410 243 278 42 268 40 382 48 247 401 368 329 164 202 229 308 436 152 37 90 242 371 207 348 386 132 84 439 396 147 349 358 255 74 283 390 82 88 246 114 297 98 157 340 372 401 76 221 73 33 366 262 181 213 234 197 373 326 204 325 355 112 167 194 114 396 143 28 361 191 27 228 111 285 247 298 115 90 141 351 63 273 394 358 310 116 392 244 190 81 211 386 287 131 244 175 259 267 150 223 286 295 212 203 70 357 159 141 319 356 189 247 164 405 314 155 282 363 110 199 373 333 317 97 41 250 386 195 117 333 224 215 370 376 170 387 385 370 241 363 266 181 132 334 25 102 264 161 407 147 140 376 205 331 262 235 282 257 254 160 282 359 303 164 103 205 228 79 259 303 216 120 267 308 277 230 229 114 45 418 365 191 174 317 339 356 205 205 300 393 299 149 161 231 39 219 232 346 253 162 348 181 126 376 140 114 143 293 280 330 300 220 300 323 332 257 137 210 405 229 99 423 205 302 94 277 278 295 70
 96 269 1 332 60 165 134 143 209 162 321 130 264 91 133 121 16 108 124 233 113 91 186 102 194 273 350 250 119 133 226 117 147 127 62 43 114 230 248 211 200 315 164 88 230 347 111 205 238 336 247 339 88 291 238 118 279 179 224 109 185 158 73 211 234 203 57 171 130 256 221 92 143 286 249 264 317 321 174 307 368 206 247 23 208 27 123 209 187 304 158 62 251 198 78 209 297 298 171 314 238 294 306 177 253 167 117 155 281 68 117 224 319 190 101 178 127 128 283 145 117 288 240 226 71 114 99 301 199 176 183 306 5 201 293 84 253 280 265 201 209 252 233 50 341 255 116 276 104 146 104 160 164 89 68 244 219 235 326 62 93 207 130 227 163 48 127 278 293 205 157 328 76 289 236 293 304 119 192 167 239 315 224 307 284 366 292 254 208 294 184 40 94 233 157 246 191 29 125 152 348 353 109 202 84 82 79 222 138 51 115 81 91 74 106 198 113 138 305 186 35 216 204 118 41 278 59 134 227 226 152 113 188 162 259 136 260 95 280 296 135 79 298 140 74 246 272 151 212 127 109 95 176 147 289 276 345 168 115 43 174 32 112 33 83 64 124 208 173 174 43 184 168 208 34 235 142 103 296 218
 346 366 332 1 328 178 216 385 170 290 15 329 79 388 204 356 347 399 281 487 220 245 210 330 434 95 310 249 215 345 492 267 443 245 289 366 366 172 166 192 166 207 247 392 372 263 239 249 184 272 315 59 248 91 329 439 336 232 340 422 253 242 311 454 494 488 385 378 282 388 405 404 269 169 98 119 274 333 377 76 321 156 109 313 306 315 398 295 312 135 313 286 270 439 389 176 95 317 181 337 354 54 118 207 154 177 396 253 53 312 245 137 300 212 265 278 381 324 352 250 249 358 141 426 268 221 246 278 292 247 188 339 332 218 48 271 253 106 123 463 296 156 162 382 303 123 267 108 230 263 403 174 173 379 312 297 146 208 274 312 334 467 206 466 299 331 359 85 53 407 434 16 314 52 423 348 130 396 186 369 101 169 495 41 80 289 82 131 175 134 199 293 343 235 204 355 385 357 366 329 292 308 391 173 409 252 387 114 450 373 296 257 367 405 315 393 398 436 320 151 338 490 253 216 352 90 361 433 254 349 371 310 454 420 74 235 91 379 169 67 334 268 240 256 267 381 151 191 144 207 318 309 438 309 73 237 330 400 225 295 180 333 408 334 286 359 210 234 187 278 330 370 334 170 350 419 192 429 73 381
 39 323 60 328 1 180 114 90 232 109 318 185 268 147 146 179 68 75 170 289 122 109 150 158 252 283 393 290 126 74 281 159 200 162 106 95 61 256 273 177 177 346 204 66 286 384 141 245 266 375 297 324 107 302 289 162 329 138 277 158 139 117 22 269 290 256 72 114 178 312 279 143 96 312 236 242 358 368 117 289 411 184 231 70 258 41 81 257 238 323 211 45 295 256 63 180 277 345 190 362 292 283 323 207 275 182 174 111 279 121 88 204 363 223 140 224 77 183 335 104 153 340 258 285 66 126 83 343 247 216 156 355 55 162 284 58 293 259 281 257 257 275 204 84 384 270 159 290 107 189 158 156 156 146 122 291 197 268 366 16 34 263 141 285 108 13 185 287 282 264 213 321 22 290 294 344 323 78 218 224 229 340 278 297 268 405 275 230 180 313 152 62 152 271 132 299 249 81 183 94 389 396 69 224 88 91 133 224 184 103 165 76 45 98 160 256 170 190 352 193 29 270 245 121 37 288 116 186 268 280 96 57 244 219 257 103 246 153 306 303 76 61 335 181 105 302 295 167 193 136 163 40 233 199 274 313 391 227 104 50 153 29 166 29 45 32 131 246 195 123 100 241 110 231 39 293 140 143 303 275
 210 236 165 178 180 1 100 259 58 199 164 157 103 212 35 182 178 253 109 316 59 76 148 154 264 108 248 146 54 226 319 93 266 71 115 193 233 83 98 155 120 176 89 240 223 224 63 116 97 220 189 201 79 127 195 263 220 162 196 246 184 154 170 284 322 312 221 267 112 246 246 228 169 137 120 155 208 242 269 176 264 115 127 144 163 154 259 155 159 145 149 136 161 269 234 139 176 219 17 240 213 152 144 56 99 4 219 162 126 135 124 121 222 74 88 126 250 152 232 152 73 239 79 265 115 55 106 199 147 96 122 237 166 167 147 131 151 164 103 290 156 98 152 213 238 92 92 112 74 97 226 55 63 203 136 175 122 109 214 166 199 295 40 297 206 179 186 114 150 244 258 177 174 129 265 235 144 256 51 202 106 164 321 162 154 249 164 152 137 134 135 129 167 124 111 217 221 187 191 223 237 249 248 51 247 91 212 65 274 200 122 105 224 237 140 230 222 259 224 29 180 316 118 62 194 113 186 256 134 204 254 188 280 246 107 128 130 203 131 133 218 123 177 88 94 236 117 15 111 45 144 178 264 142 156 158 254 230 88 135 100 175 232 176 149 207 50 106 28 197 156 207 235 57 189 262 54 255 132 226
 131 316 134 216 114 100 1 173 157 99 207 202 164 215 78 214 149 184 163 347 62 78 62 185 300 185 346 243 60 136 345 145 274 132 122 175 152 182 196 82 67 275 170 178 292 324 106 206 197 319 275 212 79 204 275 251 307 68 271 240 87 55 96 319 351 328 178 174 169 317 303 222 70 234 123 132 306 335 175 177 363 73 118 122 243 111 183 236 231 234 211 77 255 304 176 77 166 312 116 332 288 170 230 150 195 103 234 63 169 149 30 93 319 168 127 203 167 198 318 53 126 324 172 316 64 70 36 296 227 180 50 328 133 82 172 57 247 148 191 317 237 195 100 181 336 180 144 195 51 166 229 54 50 209 150 263 86 208 312 99 119 322 72 335 107 119 220 186 170 294 276 209 99 183 321 323 233 181 150 250 117 259 344 184 156 348 163 121 76 225 55 97 190 221 24 294 274 162 222 127 336 348 175 151 199 66 207 121 269 183 168 56 151 201 177 282 233 265 318 99 129 337 208 50 143 188 182 261 227 278 164 98 305 273 147 29 134 213 228 199 126 58 276 155 99 307 212 95 81 65 181 94 290 200 162 257 351 267 26 92 41 125 237 126 71 145 61 200 126 98 152 261 138 156 141 318 48 237 201 289
 53 411 143 385 90 259 173 1 314 106 377 271 336 218 227 261 146 58 260 355 202 194 181 243 325 356 482 379 206 41 343 249 260 251 195 167 30 339 355 206 221 431 292 78 372 472 228 334 351 463 386 369 192 375 378 212 418 161 365 217 149 146 92 340 353 313 121 38 267 398 361 206 118 394 288 282 446 458 42 333 500 231 279 158 347 130 38 346 327 401 299 128 384 329 88 216 317 435 271 451 379 335 399 293 357 262 247 136 340 208 144 251 452 309 229 314 17 269 423 136 242 428 337 364 147 208 155 432 336 304 199 444 139 183 338 129 382 299 358 323 347 356 238 142 473 347 248 365 186 278 225 224 222 220 209 380 242 355 454 99 62 329 221 356 98 98 267 358 335 344 280 375 88 354 374 432 400 41 302 307 285 422 339 349 315 493 320 269 217 392 189 151 235 359 182 387 332 155 264 65 477 485 47 307 115 174 201 293 236 172 254 156 54 142 247 338 240 251 441 267 109 331 334 198 106 360 192 247 357 367 24 76 310 291 319 151 297 228 388 371 54 138 422 270 193 388 375 248 242 215 250 82 302 287 322 401 480 304 174 138 206 112 233 112 111 81 210 334 278 122 184 325 72 313 112 374 212 191 373 359
 264 205 209 170 232 58 157 314 1 255 156 165 93 237 88 195 220 304 120 320 113 124 200 171 267 80 195 99 109 282 326 110 286 90 151 230 287 26 42 203 166 119 79 289 204 168 99 83 41 165 155 208 127 95 166 293 182 215 174 273 238 209 224 287 328 326 265 323 119 223 236 257 225 81 145 185 155 196 325 192 211 159 156 187 140 202 312 128 144 96 145 189 118 272 282 186 197 174 44 196 189 162 101 41 45 55 239 218 124 164 180 159 172 44 116 110 304 160 196 209 98 204 35 258 168 107 162 148 124 78 172 194 210 218 154 186 104 189 62 298 130 44 194 254 186 54 110 76 129 97 251 108 115 228 165 138 163 58 160 219 253 302 94 298 263 229 197 89 159 239 273 174 228 119 254 197 97 308 20 201 130 110 330 167 172 193 183 186 183 86 187 177 187 79 165 191 216 226 204 280 183 196 300 8 292 142 241 79 299 235 135 159 276 278 156 225 242 280 179 66 229 326 87 118 242 86 217 278 94 183 310 244 290 257 113 184 153 226 75 110 274 177 122 93 136 215 65 67 152 101 158 234 274 142 172 106 205 234 145 185 151 224 255 225 204 257 106 69 38 253 190 202 292 2 237 251 110 288 107 212
 93 400 162 290 109 199 99 106 255 1 284 272 253 252 174 274 174 145 243 394 152 158 81 248 354 278 442 338 153 68 387 226 307 219 185 202 100 280 294 103 125 373 260 153 370 422 193 299 295 417 364 268 158 296 362 270 397 59 354 266 43 51 91 372 395 363 177 90 249 396 372 251 31 332 193 180 403 429 89 232 460 135 182 163 329 138 133 324 313 330 289 109 349 358 157 116 215 405 214 425 370 238 324 246 293 201 278 40 250 209 79 154 415 264 207 290 110 268 406 48 212 412 270 381 117 160 104 392 315 271 104 419 159 79 243 92 343 197 287 362 325 293 135 192 433 276 226 289 137 253 265 151 145 250 210 354 145 305 410 101 85 368 167 388 10 121 280 278 238 359 319 279 89 267 388 412 328 134 248 317 193 356 385 252 216 446 219 167 117 321 91 143 247 317 96 377 342 187 280 43 434 444 133 249 187 139 239 213 292 210 243 119 118 204 246 350 274 298 411 196 136 377 300 143 145 280 220 294 321 359 87 54 349 322 230 72 200 256 326 287 55 103 374 242 171 386 310 192 147 160 250 70 337 278 223 355 446 325 114 130 118 136 273 136 83 130 155 294 223 18 198 332 45 254 148 387 146 251 290 362
 337 352 321 15 318 164 207 377 156 284 1 315 65 375 192 343 335 389 267 472 208 233 204 316 420 81 298 235 203 337 478 253 430 232 277 354 357 158 153 187 160 195 233 382 357 252 226 235 170 261 301 68 236 78 315 426 322 226 326 409 247 235 301 440 480 474 373 371 268 374 390 391 262 157 92 117 262 320 371 79 309 149 104 301 292 303 389 281 298 123 299 276 257 425 378 171 97 304 167 324 340 52 106 193 141 164 382 246 41 298 236 131 287 198 251 264 373 310 338 243 235 345 127 412 257 209 235 266 277 233 181 326 321 213 44 261 239 106 109 449 282 142 158 370 291 109 253 95 218 249 389 163 162 366 299 283 140 194 262 302 325 453 193 451 293 321 345 71 50 393 420 24 304 38 409 335 118 387 172 355 93 158 481 41 78 278 82 129 170 122 193 282 330 221 196 341 370 345 352 322 281 297 381 159 398 240 374 101 437 361 282 246 357 393 302 379 385 422 306 138 327 476 239 204 342 77 348 420 240 335 364 302 440 406 62 227 86 366 156 54 326 258 228 242 254 367 138 178 138 195 305 300 424 295 72 224 317 386 215 283 172 322 395 323 276 348 198 220 173 272 318 356 327 156 339 405 181 417 60 367
 223 141 130 329 185 157 202 271 165 272 315 1 251 92 144 33 129 234 49 160 146 125 263 29 108 244 237 152 149 258 164 66 127 87 87 117 243 174 189 282 256 232 87 211 102 247 104 111 172 233 126 357 124 258 112 148 155 266 96 127 281 248 193 128 166 162 169 298 48 128 102 116 245 219 275 306 211 200 301 332 254 256 280 116 88 145 250 93 64 250 36 165 144 113 200 272 331 179 150 192 109 309 259 125 199 157 81 251 279 66 203 268 207 125 78 73 256 6 157 239 87 161 198 115 156 139 176 193 85 93 247 183 134 283 303 181 152 317 224 135 92 198 291 149 230 218 67 239 152 68 101 192 200 83 65 127 266 158 221 183 218 139 147 141 275 175 34 253 306 93 110 330 197 278 120 167 252 246 146 49 261 247 167 317 309 261 320 301 270 241 255 131 43 142 224 117 73 124 41 273 239 242 236 160 193 139 104 220 147 117 37 157 219 167 27 81 87 123 186 186 163 162 108 158 168 249 92 121 127 98 280 231 127 93 262 220 286 77 214 273 258 170 202 74 105 118 215 146 256 151 23 214 110 29 312 182 227 73 178 145 229 160 102 161 191 192 152 122 143 280 88 61 289 164 162 117 176 152 270 92
 292 294 264 79 268 103 164 336 93 253 65 251 1 313 133 279 278 342 204 409 152 175 179 253 356 33 256 180 147 299 414 190 367 168 216 295 314 99 98 169 134 157 169 332 296 215 164 174 113 220 243 117 178 46 256 365 267 200 265 348 223 203 254 376 416 410 319 336 204 314 328 330 227 114 79 120 217 270 336 108 269 124 94 243 231 249 344 220 236 91 235 225 201 361 327 151 119 252 104 273 280 75 79 129 87 102 319 214 34 237 193 112 240 135 189 201 330 246 282 208 173 289 67 349 205 152 187 217 216 170 151 273 265 192 66 213 184 117 58 386 221 88 147 313 248 53 190 50 164 185 327 114 115 304 237 225 121 137 219 253 280 389 136 388 262 270 282 28 72 330 357 82 258 28 346 280 87 341 109 291 70 126 417 77 93 242 102 126 149 85 166 226 267 163 159 281 307 287 288 288 240 255 335 95 344 185 314 45 375 301 218 194 310 337 238 316 322 360 255 79 274 412 178 150 289 33 288 357 181 274 326 261 377 343 32 188 82 304 111 36 288 208 182 179 195 306 90 117 113 138 241 256 360 231 90 174 272 323 166 230 136 270 333 271 230 298 142 159 109 245 257 293 296 93 285 343 129 357 38 304
 178 220 91 388 147 212 215 218 237 252 375 92 313 1 186 64 80 168 122 143 175 150 271 71 109 313 328 242 181 217 136 129 60 149 101 53 192 253 269 295 279 321 168 145 174 338 150 200 254 324 214 405 147 330 199 58 241 267 179 37 275 246 163 124 144 115 100 250 125 197 151 24 233 303 317 339 302 288 254 376 344 282 318 95 178 116 188 184 154 329 127 150 235 112 134 290 370 269 211 279 189 358 337 199 277 213 30 244 336 78 203 299 297 205 126 163 201 94 240 234 143 243 271 149 153 172 180 284 176 177 264 270 95 288 355 171 243 353 298 111 183 276 313 77 320 290 129 312 173 147 16 226 232 11 77 218 295 243 312 152 178 117 186 140 252 135 67 321 356 131 67 386 165 340 162 252 331 184 219 104 305 332 134 369 352 352 362 331 289 320 267 120 54 231 238 198 125 67 61 239 331 332 174 231 116 152 18 275 63 46 106 160 165 87 86 128 24 51 275 238 119 127 197 184 116 319 35 48 218 178 232 202 98 75 316 222 328 17 297 341 221 164 293 148 126 188 295 198 287 186 85 185 87 120 357 272 316 90 192 129 251 119 23 119 173 139 185 209 208 264 64 123 255 237 111 161 208 61 339 156
 177 242 133 204 146 35 78 227 88 174 192 144 133 186 1 165 146 220 98 300 26 43 133 135 249 141 270 166 22 195 302 80 243 61 86 163 200 113 129 146 115 206 94 207 223 251 41 129 126 245 199 220 46 160 201 235 231 144 199 219 164 132 137 270 306 292 188 237 103 247 240 201 143 168 134 163 231 258 239 193 287 114 138 112 168 120 226 161 159 178 144 103 178 254 200 133 189 235 45 255 216 173 178 73 131 37 197 140 152 110 96 124 243 92 68 129 217 139 242 129 59 249 113 257 82 21 76 220 153 103 111 251 134 153 169 99 170 174 137 273 162 130 150 182 260 126 79 146 42 94 201 49 57 178 111 187 124 133 237 133 166 277 7 284 180 145 169 146 171 235 238 201 141 158 258 247 178 223 77 191 121 196 303 184 169 274 179 158 131 168 122 96 146 144 94 221 213 155 174 195 261 272 215 81 214 57 184 91 248 170 108 72 190 206 123 222 198 235 241 54 147 297 131 32 160 146 158 232 150 206 223 158 262 228 132 104 145 179 162 164 188 90 202 83 63 237 150 22 114 15 127 147 246 135 173 182 274 215 60 102 90 142 207 143 117 173 19 123 52 174 127 199 208 87 156 256 36 226 164 222
 215 159 121 356 179 182 214 261 195 274 343 33 279 64 165 1 116 218 76 137 162 139 275 31 87 273 266 183 166 252 138 90 95 112 94 99 233 205 220 295 272 264 119 195 115 278 124 143 204 263 152 381 137 289 136 118 178 275 117 96 288 256 190 107 142 132 151 290 77 140 102 87 250 251 297 326 241 226 294 356 282 273 301 113 116 141 236 122 92 281 66 166 175 92 184 287 353 206 177 216 128 333 290 155 230 182 49 257 306 67 211 287 235 157 97 105 245 37 178 246 110 182 229 108 162 156 185 223 115 125 261 207 125 293 328 185 184 338 255 109 122 229 308 129 258 248 91 269 166 99 70 211 218 55 66 156 285 190 251 179 212 114 166 122 276 168 7 282 331 86 79 357 193 306 117 190 284 232 176 48 284 279 140 343 332 290 343 320 285 272 268 132 28 174 237 136 72 108 10 270 269 270 222 189 172 149 77 246 115 96 62 164 208 145 43 78 55 91 212 210 154 135 140 173 156 279 72 89 159 117 272 229 99 65 288 228 309 48 246 303 254 175 234 103 116 130 247 170 275 169 39 211 83 61 335 213 254 54 189 145 244 152 71 152 192 181 170 155 171 283 80 65 286 194 150 115 194 124 300 100
 101 269 16 347 68 178 149 146 220 174 335 129 278 80 146 116 1 106 128 222 127 104 200 100 185 285 355 256 133 140 214 124 135 135 71 29 118 241 258 226 215 324 171 84 228 354 122 211 248 342 249 354 101 304 239 104 280 193 224 96 199 172 84 202 223 190 47 176 135 254 216 78 156 296 264 279 323 323 179 322 372 221 262 35 210 41 122 212 188 315 159 76 256 189 73 224 312 301 183 316 237 309 318 187 264 180 107 169 295 70 132 239 324 199 109 182 130 128 284 159 126 288 251 220 86 127 114 306 202 182 198 308 18 215 307 99 259 295 277 190 212 263 248 37 346 267 123 288 118 152 92 175 179 79 71 247 234 244 332 74 100 196 143 218 174 56 122 291 308 199 146 342 87 303 230 294 316 118 203 163 254 325 212 321 299 372 307 269 223 305 198 55 90 240 172 245 187 15 119 161 353 358 108 213 74 96 67 235 123 38 118 96 93 60 107 193 102 125 308 199 41 204 209 132 41 290 49 121 232 225 157 123 177 152 274 150 275 86 290 310 143 94 305 147 86 244 283 164 227 141 109 106 166 148 304 283 348 161 130 58 189 40 100 40 97 65 138 215 184 187 42 180 177 219 35 229 156 88 309 214
 57 374 108 399 75 253 184 58 304 145 389 234 342 168 220 218 106 1 231 302 196 181 209 205 275 357 457 356 200 81 289 223 206 230 168 121 46 328 345 235 242 417 269 25 332 452 210 311 338 442 354 392 178 376 344 157 385 192 328 163 185 173 89 289 299 258 70 94 237 357 316 154 146 384 305 306 423 428 99 356 474 251 299 128 315 105 22 316 293 397 264 119 358 278 36 242 342 405 263 420 342 353 396 277 348 256 197 164 351 174 155 271 426 292 205 285 44 232 389 161 220 393 331 316 139 200 156 408 306 281 220 413 105 215 354 130 359 324 355 270 316 348 265 93 448 344 222 364 181 252 174 229 229 172 175 351 263 338 432 89 68 276 215 304 139 76 224 361 352 298 228 391 86 363 328 399 396 18 289 265 300 413 284 366 336 472 342 294 242 386 214 130 194 338 198 350 288 111 220 110 454 460 13 297 59 164 152 298 181 125 222 150 33 88 212 293 191 198 412 267 79 276 310 194 69 361 147 194 333 330 79 99 258 241 329 168 315 180 378 376 92 135 403 245 173 347 368 240 261 209 214 93 250 253 342 381 452 257 177 120 222 83 182 82 114 48 205 313 267 162 147 283 121 303 75 328 214 136 377 317
 209 158 124 281 170 109 163 260 120 243 267 49 204 122 98 76 128 231 1 208 104 87 224 53 156 198 227 130 106 240 212 19 168 39 66 127 230 132 148 240 212 202 48 210 130 227 59 84 134 215 127 309 87 214 121 178 160 229 112 158 246 213 173 176 215 208 174 281 8 156 143 143 214 182 227 259 195 199 284 284 245 211 233 104 89 131 244 88 72 209 49 141 129 161 200 229 283 176 102 193 129 260 217 80 157 109 120 217 231 60 169 221 197 84 37 55 245 44 167 205 40 172 154 159 127 96 142 179 78 58 205 186 127 243 255 152 132 270 180 183 88 156 247 157 219 173 20 195 113 27 134 146 154 112 59 122 221 123 205 164 202 187 102 189 247 163 79 207 258 138 155 282 177 231 161 175 211 240 101 94 213 211 215 269 262 245 272 254 227 200 214 111 69 114 184 135 116 129 86 250 226 231 230 114 200 105 128 172 182 130 17 125 210 179 37 124 124 162 183 138 154 209 83 116 163 204 108 160 105 118 264 209 174 140 214 184 238 109 176 227 237 141 179 28 73 146 175 99 211 106 40 192 157 38 264 157 223 122 139 124 185 150 137 151 165 185 108 91 96 248 89 102 266 119 157 159 132 177 224 127
 319 191 233 487 289 316 347 355 320 394 472 160 409 143 300 137 222 302 208 1 297 274 406 166 53 398 325 278 302 358 21 224 97 246 226 195 331 325 337 428 407 361 241 279 149 355 260 251 319 337 219 515 271 412 198 148 228 405 177 139 415 384 305 34 12 55 235 389 206 155 104 150 374 361 433 461 316 274 393 490 337 408 437 234 200 258 322 212 184 396 176 289 261 49 268 421 488 263 309 263 173 467 408 281 349 316 117 384 437 199 340 422 299 278 233 214 339 165 218 373 244 217 352 81 290 292 315 297 210 243 395 253 237 424 462 310 276 473 377 33 211 347 443 214 320 372 225 392 300 225 132 346 354 145 198 232 420 300 325 294 320 27 302 28 395 277 132 408 465 90 77 488 307 436 95 231 399 318 302 120 419 385 29 476 467 358 478 455 420 388 401 257 158 277 370 180 109 209 128 382 335 330 310 315 244 282 157 379 125 188 195 295 304 215 178 102 121 105 268 344 262 34 247 308 257 404 175 109 258 170 371 345 46 75 420 358 444 139 356 429 363 302 322 232 250 153 363 304 411 305 174 327 59 179 470 306 304 87 323 268 379 261 124 261 314 279 305 265 302 406 200 122 397 319 253 98 329 168 425 129
 153 255 113 220 122 59 62 202 113 152 208 146 152 175 26 162 127 196 104 297 1 27 121 133 248 163 291 187 6 171 297 85 234 72 75 147 176 138 154 137 111 230 110 183 232 274 46 148 150 268 215 231 30 182 215 221 248 128 211 206 147 114 112 268 302 285 167 213 109 257 245 188 122 193 143 166 253 277 215 201 309 112 144 93 182 98 201 176 170 202 151 78 197 253 177 127 195 254 70 274 228 185 202 95 155 61 190 121 169 102 75 126 264 113 69 143 192 141 258 109 66 264 137 260 58 9 52 241 167 120 102 269 113 141 183 74 191 179 160 269 177 155 147 163 282 149 84 169 17 106 190 52 58 168 103 204 124 157 260 109 142 274 20 283 159 122 167 168 183 238 231 216 116 177 263 263 202 198 101 193 131 221 298 197 178 297 188 159 125 192 112 75 141 166 81 233 217 138 171 171 284 294 190 105 193 34 172 109 235 154 110 48 166 186 122 225 190 225 260 74 124 292 149 13 138 168 145 222 169 217 199 134 257 224 147 85 154 170 187 185 164 66 225 95 51 247 174 47 114 15 127 122 242 141 182 205 294 214 40 79 84 119 197 120 92 150 11 143 76 154 114 204 185 112 134 261 34 210 185 229
 143 243 91 245 109 76 78 194 124 158 233 125 175 150 43 139 104 181 87 274 27 1 139 109 225 183 291 187 32 166 273 70 208 62 50 122 166 148 165 158 134 238 104 166 217 279 36 145 158 271 207 257 4 202 204 196 240 143 198 181 160 126 103 245 278 259 146 209 94 242 226 162 129 204 168 191 254 273 211 227 309 136 169 70 171 79 189 167 157 218 135 68 195 230 159 149 221 250 84 268 215 210 219 99 168 78 164 131 193 77 83 151 263 116 51 133 183 121 248 119 54 255 152 240 48 24 56 241 157 116 123 263 91 158 208 71 191 205 177 244 168 168 170 139 282 167 69 187 28 95 165 78 84 142 78 197 148 161 262 97 133 250 40 260 164 106 144 189 209 217 206 241 107 200 244 255 218 185 110 173 157 233 273 222 204 301 213 184 147 207 131 54 116 166 100 221 197 114 147 171 285 294 177 117 172 22 146 133 210 129 91 42 153 163 101 205 165 200 256 96 106 267 145 36 119 188 119 196 167 204 193 131 233 200 172 97 180 145 198 207 161 61 229 85 25 232 188 62 139 39 105 117 217 124 208 208 292 192 53 62 107 101 172 102 87 134 37 143 87 163 88 185 186 123 115 241 59 185 206 212
 153 374 186 210 150 148 62 181 200 81 204 263 179 271 133 275 200 209 224 406 121 139 1 246 360 206 393 293 119 141 403 205 330 191 182 228 168 224 235 28 46 313 226 210 352 366 166 260 240 364 331 189 140 223 333 303 363 23 330 294 45 37 130 380 410 385 220 170 229 377 364 276 65 269 114 101 353 388 169 153 410 57 102 177 301 160 202 294 290 262 271 125 307 365 211 36 137 365 164 385 347 158 254 202 231 150 292 47 172 209 70 74 369 220 188 261 181 259 374 49 186 381 207 377 119 129 92 345 285 236 29 382 183 21 163 103 297 119 220 376 294 231 58 228 384 209 204 220 112 225 285 94 86 266 210 318 65 255 358 137 142 381 128 395 90 159 280 205 159 355 335 199 131 190 382 379 259 201 197 311 115 291 403 172 136 392 140 89 37 253 14 152 250 271 41 353 335 214 282 121 382 395 198 195 237 126 262 143 322 236 229 113 177 246 238 343 290 321 370 136 172 395 262 109 185 208 238 317 279 337 165 112 363 332 154 51 121 271 264 212 129 108 321 214 160 367 246 146 69 122 242 118 349 261 143 304 401 328 87 144 50 169 293 170 108 180 118 252 174 69 209 322 125 199 185 379 99 286 215 349
 195 170 102 330 158 154 185 243 171 248 316 29 253 71 135 31 100 205 53 166 133 109 246 1 116 249 263 173 137 231 167 64 116 86 66 89 215 184 200 266 243 251 99 182 129 270 95 130 185 256 153 353 107 265 140 128 182 247 124 107 260 228 167 137 171 159 141 270 56 155 125 94 223 233 268 296 235 227 274 327 280 244 272 90 114 118 222 118 91 261 62 141 168 121 172 257 324 206 150 219 138 305 269 132 209 155 68 230 279 40 183 257 232 136 68 94 228 29 185 218 82 189 205 134 134 127 156 217 109 107 232 211 106 265 301 158 174 309 232 138 118 208 278 121 255 224 64 246 136 78 82 181 189 61 39 153 255 173 245 156 191 143 137 151 251 148 36 257 303 112 105 330 171 280 141 196 263 217 152 69 255 262 169 315 304 285 314 290 256 252 239 107 18 161 208 146 94 96 39 247 264 267 207 166 165 121 80 218 131 90 37 136 191 140 17 102 72 110 213 182 136 163 127 144 140 255 65 108 148 126 252 206 128 94 260 200 280 57 228 278 231 148 224 79 87 145 227 142 246 140 15 188 112 52 307 202 254 83 160 120 215 133 86 133 167 164 140 139 145 257 60 85 263 170 134 139 164 129 275 118
 285 155 194 434 252 264 300 325 267 354 420 108 356 109 249 87 185 275 156 53 248 225 360 116 1 346 285 229 252 324 62 172 82 194 179 160 300 273 286 381 358 313 189 252 109 312 209 200 268 294 175 463 223 360 154 133 189 360 132 117 371 340 266 21 61 75 207 358 154 122 67 122 331 310 381 411 272 237 362 439 299 359 386 192 152 218 296 163 134 345 124 247 213 6 241 373 437 223 256 226 132 415 356 229 297 264 80 340 385 152 295 372 258 226 182 163 309 113 181 329 193 181 300 51 245 242 269 253 160 191 347 216 198 378 410 267 228 423 325 37 162 295 394 184 280 319 173 340 251 172 102 296 304 107 151 186 370 249 282 255 284 38 251 36 355 240 82 356 413 47 54 436 269 383 67 194 348 291 250 68 368 335 67 424 416 317 426 405 371 337 354 214 111 227 323 139 61 174 79 345 294 290 282 263 221 235 125 327 115 154 143 249 273 191 127 56 86 87 228 292 225 65 196 259 223 352 137 90 208 126 340 306 37 35 368 313 392 100 306 376 327 258 275 179 202 117 311 253 361 255 123 288 31 127 418 258 267 35 275 226 330 224 95 224 272 247 255 214 249 364 157 72 361 266 218 68 279 150 373 87
 310 272 273 95 283 108 185 356 80 278 81 244 33 313 141 273 285 357 198 398 163 183 206 249 346 1 225 155 158 319 406 186 364 165 220 300 332 78 72 199 163 126 158 345 278 183 167 155 90 189 221 143 186 20 235 367 242 227 246 348 250 228 271 365 407 404 328 358 197 294 312 331 251 82 111 152 187 242 359 138 238 153 126 251 213 260 361 201 220 59 224 239 176 351 340 181 150 225 104 245 260 105 48 120 60 106 316 239 62 238 213 143 211 122 189 187 348 239 258 232 171 265 48 335 219 161 204 188 198 156 178 247 273 221 95 230 159 149 29 377 202 62 179 321 217 29 186 17 177 176 327 133 136 303 238 203 151 114 188 269 298 381 145 376 286 283 275 11 102 316 351 103 274 48 330 255 56 358 98 280 101 93 409 104 124 210 134 158 179 53 193 236 264 140 183 260 294 293 282 311 209 225 351 85 354 196 315 65 375 306 213 208 326 345 234 302 319 358 228 91 286 405 160 163 300 7 290 355 160 255 347 282 369 336 65 210 114 302 80 31 310 224 152 172 200 287 60 122 142 149 236 275 353 221 121 145 242 313 183 241 161 281 331 282 247 312 154 141 106 271 261 280 320 81 296 327 145 360 28 288
 430 135 350 310 393 248 346 482 195 442 298 237 256 328 270 266 355 457 227 325 291 291 393 263 285 225 1 105 290 457 341 235 349 232 290 350 453 172 165 397 360 104 191 436 178 52 257 149 156 39 116 364 293 222 134 382 98 408 156 360 430 400 392 296 336 360 400 499 221 171 222 351 412 144 329 370 41 53 502 362 19 352 342 330 151 355 470 146 175 176 202 357 100 288 427 380 374 63 231 64 154 329 194 197 173 245 311 408 286 285 365 350 32 179 254 174 469 236 108 397 241 110 197 244 339 284 342 51 155 179 366 73 353 412 319 361 102 371 199 321 146 172 386 381 10 205 236 209 307 206 335 301 309 319 285 111 356 140 38 384 422 321 276 298 449 387 263 234 326 240 323 321 396 271 231 95 181 466 197 234 316 142 348 328 348 38 357 374 377 177 380 332 279 127 357 147 227 354 270 461 20 6 456 200 425 312 340 265 376 351 238 332 435 401 252 231 318 348 58 260 380 348 149 301 389 228 327 348 126 161 483 422 321 299 286 373 334 312 146 246 452 351 76 214 290 172 167 252 345 283 251 407 309 212 345 91 27 267 329 345 345 376 334 376 378 411 288 150 221 442 314 220 475 195 383 228 299 388 240 199
 327 120 250 249 290 146 243 379 99 338 235 152 180 242 166 183 256 356 130 278 187 187 293 173 229 155 105 1 186 353 290 134 275 129 189 256 350 83 84 299 262 85 88 337 137 99 152 47 67 87 70 296 188 160 87 299 89 306 104 277 328 297 288 245 287 299 302 395 124 147 178 265 308 89 242 283 68 97 397 285 123 256 254 229 78 253 368 67 97 128 118 253 23 233 327 282 293 76 130 97 115 253 143 94 95 144 231 305 212 188 261 257 78 75 152 80 366 149 104 294 138 111 113 202 234 179 238 55 72 76 267 96 253 312 244 257 6 286 127 264 68 94 292 286 96 128 135 141 203 105 252 200 208 232 188 52 261 44 77 281 318 266 172 252 345 284 182 165 250 189 253 256 292 201 194 102 132 364 97 166 228 110 295 256 267 117 277 284 280 123 280 229 190 23 255 113 170 257 190 357 100 108 355 102 328 208 252 176 297 258 142 228 333 307 159 176 238 272 81 162 279 293 48 197 289 159 234 271 26 113 379 317 260 232 206 269 249 227 87 183 347 247 52 112 186 141 100 149 250 180 159 303 246 124 266 31 109 202 225 242 245 274 253 275 274 309 184 46 119 339 218 158 370 100 283 190 197 301 177 152
 156 256 119 215 126 54 60 206 109 153 203 149 147 181 22 166 133 200 106 302 6 32 119 137 252 158 290 186 1 174 302 88 239 73 80 152 180 134 150 135 107 227 110 188 234 272 48 147 147 266 215 226 35 178 216 227 248 127 212 212 147 114 116 272 307 289 173 216 112 259 248 193 123 190 137 161 251 277 217 196 307 108 139 99 183 103 206 177 172 198 154 83 197 257 182 124 191 254 67 273 229 180 197 94 152 57 194 121 164 107 76 122 263 112 72 144 196 145 258 109 68 265 133 263 62 11 54 240 168 121 99 269 119 139 177 78 190 175 156 273 178 151 143 168 281 145 87 164 21 107 195 47 54 173 107 204 119 155 258 113 146 278 16 287 160 126 171 163 178 241 236 211 120 171 266 264 197 203 98 197 126 217 303 191 173 295 182 155 122 188 109 80 145 164 79 235 220 143 175 174 282 292 195 102 198 39 177 104 240 160 114 52 170 191 126 229 195 230 260 69 129 296 149 12 143 163 150 227 169 219 202 136 262 229 142 85 149 175 183 180 167 69 223 96 56 249 171 43 110 10 130 125 246 144 177 203 294 218 40 84 80 124 202 125 96 154 6 142 74 154 119 207 187 108 139 264 29 216 180 232
 40 395 133 345 74 226 136 41 282 68 337 258 299 217 195 252 140 81 240 358 171 166 141 231 324 319 457 353 174 1 348 227 266 226 176 165 36 307 323 166 181 400 268 94 359 443 201 309 320 436 366 329 165 338 360 222 399 121 348 223 110 106 67 340 358 321 127 43 247 385 353 210 78 362 248 242 420 436 46 293 474 191 239 143 328 114 67 326 309 367 282 101 359 328 100 176 277 413 239 430 364 295 363 264 324 229 245 96 301 194 107 211 428 281 207 293 43 255 405 96 217 411 303 358 119 177 121 406 316 280 159 424 129 143 299 98 356 259 323 326 326 323 198 146 448 312 226 329 155 256 227 188 185 217 194 359 202 326 427 77 41 332 189 356 61 86 258 321 295 337 282 335 63 316 368 413 366 68 271 298 246 389 345 309 275 466 280 229 177 357 149 130 225 332 143 371 323 151 257 30 451 459 69 275 130 146 202 256 246 172 236 126 59 153 233 330 240 257 419 231 100 337 310 165 102 323 188 253 332 352 29 39 313 290 280 112 257 225 356 334 14 107 394 246 170 375 342 216 202 182 236 50 303 270 282 373 457 299 140 117 167 102 235 101 80 81 177 308 246 84 174 315 43 281 107 366 177 202 335 348
 309 208 226 492 281 319 345 343 326 387 478 164 414 136 302 138 214 289 212 21 297 273 403 167 62 406 341 290 302 348 1 227 84 249 225 187 320 333 346 426 406 373 248 266 165 370 261 261 329 352 233 519 270 420 213 134 244 400 191 127 409 380 297 47 13 36 224 378 211 172 120 140 368 371 435 462 331 291 382 493 354 408 438 229 213 251 310 224 195 405 184 284 274 58 256 419 490 279 313 280 189 471 417 287 357 319 112 379 442 197 336 422 315 286 234 223 327 169 235 368 247 234 360 98 286 292 312 312 221 251 393 270 229 421 466 305 288 475 385 30 222 356 441 203 336 379 228 400 299 231 124 347 354 139 196 246 420 310 340 287 311 26 303 46 387 269 135 415 468 103 70 493 300 441 113 248 408 306 308 128 421 396 9 480 470 374 480 455 418 397 398 253 158 288 368 195 121 201 129 373 351 346 297 322 231 280 149 383 110 179 198 291 293 202 180 115 115 93 284 348 253 15 257 308 248 411 169 97 269 184 360 337 41 74 425 354 446 134 366 436 354 298 335 237 249 170 372 307 411 305 176 319 57 186 473 319 321 93 321 263 378 253 115 253 308 269 305 275 306 399 195 133 388 326 244 115 330 154 432 144
 197 174 117 267 159 93 145 249 110 226 253 66 190 129 80 90 124 223 19 224 85 70 205 64 172 186 235 134 88 227 227 1 179 23 56 127 220 126 142 222 193 202 48 203 148 231 41 89 129 220 140 292 70 203 136 184 173 211 129 165 229 195 161 192 230 221 170 269 25 173 161 149 198 178 210 241 201 210 272 268 253 192 215 96 104 121 236 100 88 202 67 127 136 177 194 210 266 187 87 204 146 244 209 71 150 93 131 200 217 58 152 203 205 79 21 67 235 61 181 188 22 187 144 178 112 78 125 186 91 60 186 198 120 225 239 137 137 252 171 198 101 149 229 155 226 163 2 184 95 31 142 128 136 119 58 133 203 122 210 152 190 203 83 206 231 152 94 195 242 156 168 267 165 217 180 188 204 232 91 112 196 207 230 253 245 250 255 236 208 193 196 99 78 117 165 152 134 126 100 236 232 239 222 104 197 89 133 157 191 131 30 109 201 178 49 143 134 172 193 121 146 224 88 97 155 192 110 170 111 135 252 194 189 155 198 166 221 117 172 215 224 126 182 24 58 163 169 82 192 88 52 178 172 57 247 160 232 138 121 112 167 141 146 142 151 176 90 92 82 231 87 121 251 109 149 177 113 181 213 145
 227 227 147 443 200 266 274 260 286 307 430 127 367 60 243 95 135 206 168 97 234 208 330 116 82 364 349 275 239 266 84 179 1 200 159 106 237 299 314 354 338 357 212 183 178 367 205 237 298 351 234 462 205 380 216 53 255 325 194 44 332 304 217 89 94 57 141 295 170 197 143 58 289 345 375 398 329 304 299 434 364 341 377 154 203 173 227 211 180 375 158 208 264 83 173 349 428 287 264 294 199 415 384 247 324 267 49 302 392 134 261 358 319 250 179 198 244 131 251 291 195 252 321 132 212 230 240 310 205 219 323 284 151 346 411 230 275 412 347 66 210 322 373 121 342 340 179 361 232 192 46 285 291 67 133 242 354 284 339 207 229 72 243 103 306 188 95 372 413 122 30 442 219 394 147 264 377 223 267 115 363 373 80 425 410 377 420 390 348 366 326 179 101 267 297 207 126 121 87 291 354 353 214 281 149 211 69 330 34 98 152 219 210 120 132 125 46 10 293 294 172 72 234 243 166 370 93 15 251 190 277 256 54 54 372 280 386 65 340 393 272 223 325 194 184 190 341 253 346 244 129 239 53 155 414 305 333 84 251 187 310 172 38 172 230 186 243 248 260 320 123 130 306 285 162 148 266 73 390 158
 199 184 127 245 162 71 132 251 90 219 232 87 168 149 61 112 135 230 39 246 72 62 191 86 194 165 232 129 73 226 249 23 200 1 66 142 222 108 125 206 176 189 43 212 163 223 28 84 113 214 146 271 63 182 145 204 179 199 140 184 218 184 161 214 252 243 182 268 43 187 180 168 190 162 189 221 196 212 271 246 250 174 195 105 112 126 241 106 100 184 83 126 134 199 203 193 245 189 65 207 157 223 190 53 132 71 152 190 194 75 143 184 203 65 27 73 238 82 188 178 10 194 124 197 108 63 117 182 97 55 170 201 129 211 217 132 132 231 151 220 107 131 211 168 223 142 22 164 84 35 162 109 118 139 75 136 184 110 204 153 191 224 66 227 225 157 116 173 220 175 190 245 165 195 198 194 186 237 72 132 175 192 252 232 223 244 234 217 191 174 181 102 100 109 151 163 153 140 122 232 227 235 228 84 208 83 152 135 211 147 52 103 205 192 71 162 155 193 195 100 152 246 85 83 163 171 128 191 107 147 252 192 211 177 177 155 200 138 156 194 222 122 174 24 59 177 151 60 173 71 74 177 194 74 226 152 232 160 109 114 150 147 167 148 148 183 74 85 60 223 102 140 247 89 158 195 96 199 191 162
 144 220 62 289 106 115 122 195 151 185 277 87 216 101 86 94 71 168 66 226 75 50 182 66 179 220 290 189 80 176 225 56 159 66 1 81 166 171 188 203 182 254 103 148 186 286 54 144 178 275 192 305 47 238 185 150 224 182 174 134 196 163 110 199 231 211 117 217 73 213 188 116 159 226 217 240 256 264 220 275 308 184 218 41 154 66 181 152 134 246 108 79 192 184 139 196 270 241 117 257 189 258 250 117 194 116 116 165 238 29 118 200 260 129 40 120 181 84 230 153 57 236 183 199 70 71 92 241 142 115 170 250 65 200 255 94 192 254 210 197 153 194 218 104 281 200 56 222 75 86 116 126 133 94 30 187 197 174 265 100 137 202 86 214 189 98 99 227 256 177 158 287 114 243 205 239 247 176 133 133 205 256 225 269 252 305 262 232 194 236 176 47 69 171 145 197 158 76 102 188 287 294 167 144 144 57 99 176 162 87 61 72 146 128 61 166 116 151 247 139 91 218 143 85 100 226 73 148 166 178 200 146 185 153 217 136 228 96 220 246 174 84 237 79 26 202 214 100 188 86 65 129 170 96 256 215 287 147 97 61 154 86 123 87 105 121 85 147 116 193 42 147 204 150 94 203 108 142 245 178
 126 256 43 366 95 193 175 167 230 202 354 117 295 53 163 99 29 121 127 195 147 122 228 89 160 300 350 256 152 165 187 127 106 142 81 1 140 249 266 253 241 328 173 97 212 354 134 211 254 341 241 376 119 318 229 77 271 221 212 68 227 200 112 176 195 162 54 199 133 237 196 50 184 303 287 304 320 316 203 345 368 246 286 56 203 69 140 206 180 325 151 104 253 164 86 250 336 294 196 308 224 330 330 194 273 195 81 197 314 70 159 264 319 205 116 179 151 117 273 187 134 277 263 198 112 145 140 303 197 184 224 299 46 243 328 126 258 319 289 163 205 272 274 32 342 280 127 301 140 153 64 196 201 54 70 241 259 248 330 102 126 169 161 192 202 83 104 306 329 178 119 362 114 320 209 284 326 135 212 145 276 333 184 342 322 370 330 295 249 315 225 79 76 241 198 232 168 16 100 188 350 354 125 223 76 118 39 253 96 10 115 121 114 53 100 173 76 97 301 217 68 176 209 153 64 305 28 93 231 213 180 151 150 126 293 178 298 62 297 325 169 120 306 149 101 228 292 179 252 160 101 134 139 140 327 284 342 138 154 85 214 67 72 67 125 87 157 217 196 215 41 163 203 229 59 208 177 65 324 197
