NAME : domp60p15v8
COMMENT : (Deleplanque et al.) 
TYPE : DOMP
DIMENSION : 60
DISPLAY_DATA_TYPE: NO_DISPLAY
OPEN_FACILITIES : 15
COST_SECTION
 1 133 172 352 94 344 24 319 339 293 186 131 106 99 234 266 170 88 309 428 223 221 285 166 363 33 275 192 134 161 263 166 63 386 272 270 43 294 276 46 263 187 334 194 379 166 63 184 218 340 147 325 355 315 348 200 39 85 302 189
 133 1 114 234 100 220 113 220 258 168 70 78 96 144 111 148 141 116 222 297 144 113 159 37 251 147 146 143 43 81 179 39 70 273 145 206 115 188 175 88 168 86 216 108 254 74 134 77 136 237 126 249 261 191 259 86 95 60 210 64
 172 114 1 312 81 206 150 152 168 160 173 46 67 233 112 127 37 94 139 312 54 78 159 136 336 201 210 30 155 36 286 100 131 355 215 317 182 133 275 138 272 56 295 39 318 48 127 185 50 331 235 356 360 180 361 187 148 149 133 159
 352 234 312 1 332 214 337 306 365 205 169 297 325 306 212 225 348 349 332 180 303 250 194 198 34 354 104 336 219 280 127 221 295 45 98 165 319 274 92 312 110 257 19 281 47 267 366 170 297 63 242 141 96 206 111 154 316 268 314 171
 94 100 81 332 1 272 74 231 247 222 169 47 15 170 165 191 78 19 218 369 133 142 217 136 350 124 238 99 130 79 274 115 70 372 239 295 113 209 274 68 266 109 314 109 348 88 49 175 129 336 190 343 359 244 356 185 77 99 213 163
 344 220 206 214 272 1 322 109 166 53 209 226 260 358 112 82 238 289 141 115 164 132 62 199 247 364 142 213 244 195 279 182 284 254 154 325 333 91 246 300 256 164 206 169 189 185 320 224 163 267 320 331 303 30 313 209 309 278 125 193
 24 113 150 337 74 322 1 296 318 270 170 108 85 106 211 244 151 70 287 407 201 198 263 147 349 52 257 171 119 138 254 145 44 372 254 264 46 271 264 26 252 164 319 172 362 143 52 169 195 328 145 318 345 293 338 184 23 70 280 171
 319 220 152 306 231 109 296 1 60 102 243 189 217 362 123 90 171 244 34 220 99 108 114 218 338 345 214 144 257 159 341 185 268 349 225 383 321 37 314 279 319 138 295 126 290 157 278 259 103 350 342 403 385 103 393 250 289 275 23 225
 339 258 168 365 247 166 318 60 1 160 291 212 234 395 173 145 176 257 38 273 119 150 172 262 396 368 271 151 298 187 394 226 296 408 282 434 348 92 369 304 373 174 353 154 348 188 290 307 126 408 383 457 442 162 449 300 314 308 55 273
 293 168 160 205 222 53 270 102 160 1 164 176 209 309 60 34 193 239 128 154 124 83 15 150 237 312 115 171 195 145 247 130 232 248 126 292 282 70 218 248 225 114 194 122 191 135 270 180 121 250 274 306 285 24 293 167 257 227 110 147
 186 70 173 169 169 209 170 243 291 164 1 144 165 160 121 156 204 185 254 261 188 143 151 38 183 191 96 201 53 138 114 75 128 206 90 148 156 208 107 145 100 129 151 155 194 127 200 17 181 168 112 184 192 183 191 17 149 102 238 19
 131 78 46 297 47 226 108 189 212 176 144 1 35 188 119 145 65 65 180 324 94 96 171 107 318 158 200 73 117 33 255 78 86 339 202 282 138 165 249 94 243 63 280 65 310 42 96 153 88 309 192 325 335 198 334 159 104 104 172 134
 106 96 67 325 15 260 85 217 234 209 165 35 1 178 153 179 68 31 205 358 120 129 205 130 344 136 230 87 129 66 272 106 76 366 231 295 122 196 270 77 263 97 307 95 340 76 63 172 115 332 194 342 356 232 354 181 87 103 199 157
 99 144 233 306 170 358 106 362 395 309 160 188 178 1 253 290 244 172 361 420 277 255 298 160 308 76 254 259 116 209 195 182 104 332 247 189 61 331 218 102 202 225 289 242 341 208 157 149 270 278 68 246 285 330 275 168 94 88 350 172
 234 111 112 212 165 112 211 123 173 60 121 119 153 253 1 38 148 183 136 206 92 39 54 99 240 253 110 130 142 90 222 73 174 256 118 262 223 87 199 189 201 59 197 75 211 78 212 137 86 244 224 287 277 83 282 128 198 170 120 103
 266 148 127 225 191 82 244 90 145 34 156 145 179 290 38 1 160 208 109 187 91 51 37 136 255 288 128 137 179 114 251 109 208 269 138 293 258 55 225 222 230 83 212 89 217 104 240 173 88 264 261 314 298 55 305 162 232 206 92 139
 170 141 37 348 78 238 151 171 176 193 204 65 68 244 148 160 1 85 152 346 77 112 194 167 372 201 246 28 181 69 317 133 142 391 251 346 189 159 308 144 304 93 331 74 354 82 116 215 76 366 255 387 394 213 394 219 154 165 150 192
 88 116 94 349 19 289 70 244 257 239 185 65 31 172 183 208 85 1 230 387 147 159 235 152 366 119 256 108 144 96 288 133 77 388 256 307 113 224 289 71 280 127 331 124 365 106 34 190 142 352 198 356 374 262 371 201 79 108 226 179
 309 222 139 332 218 141 287 34 38 128 254 180 205 361 136 109 152 230 1 253 87 113 139 225 362 337 236 125 262 153 357 189 263 375 246 397 316 58 333 272 336 138 319 120 318 154 263 269 93 373 347 421 407 133 413 262 283 273 19 236
 428 297 312 180 369 115 407 220 273 154 261 324 358 420 206 187 346 387 253 1 275 236 154 267 209 442 169 323 308 294 288 264 366 205 178 332 408 205 250 383 265 263 182 275 137 283 415 273 273 242 368 318 275 135 290 254 390 352 238 250
 223 144 54 303 133 164 201 99 119 124 188 94 120 277 92 91 77 147 87 275 1 54 127 154 330 251 200 51 185 68 299 116 177 347 208 335 230 83 282 187 282 61 288 37 301 71 180 203 9 332 269 368 363 141 367 200 197 190 80 172
 221 113 78 250 142 132 198 108 150 83 143 96 129 255 39 51 112 159 113 236 54 1 82 113 277 244 147 92 151 64 250 78 165 294 155 289 217 77 231 178 232 35 234 40 249 56 190 158 48 279 236 318 311 105 315 153 188 168 99 126
 285 159 159 194 217 62 263 114 172 15 151 171 205 298 54 37 194 235 139 154 127 82 1 139 225 304 101 172 183 141 234 121 224 237 113 278 272 81 204 240 211 110 181 121 182 130 265 167 124 237 261 292 272 33 280 153 249 217 121 135
 166 37 136 198 136 199 147 218 262 150 38 107 130 160 99 136 167 152 225 267 154 113 139 1 215 177 111 165 45 101 151 39 104 237 109 183 142 183 143 122 137 94 180 120 217 91 170 50 147 203 127 221 229 171 228 53 128 86 210 28
 363 251 336 34 350 247 349 338 396 237 183 318 344 308 240 255 372 366 362 209 330 277 225 215 1 362 131 361 232 303 120 242 308 25 124 151 327 305 91 325 107 282 44 307 73 290 382 182 324 40 242 117 67 238 83 167 328 280 344 188
 33 147 201 354 124 364 52 345 368 312 191 158 136 76 253 288 201 119 337 442 251 244 304 177 362 1 284 222 140 187 256 184 81 385 280 258 36 319 273 67 258 210 336 221 383 190 95 186 245 336 133 314 348 335 339 204 57 92 329 197
 275 146 210 104 238 142 257 214 271 115 96 200 230 254 110 128 246 256 236 169 200 147 101 111 131 284 1 233 146 179 138 124 214 148 13 184 249 180 105 232 115 155 88 178 111 166 277 106 194 138 201 192 172 124 180 87 237 193 218 88
 192 143 30 336 99 213 171 144 151 171 201 73 87 259 130 137 28 108 125 323 51 92 172 165 361 222 233 1 185 65 315 128 156 379 239 346 206 132 303 161 300 80 319 56 339 75 141 214 51 358 263 384 387 190 388 215 171 176 123 187
 134 43 155 219 130 244 119 257 298 195 53 117 129 116 142 179 181 144 262 308 185 151 183 45 232 140 146 185 1 123 145 74 78 255 141 168 104 224 149 95 138 126 201 149 246 116 153 51 177 212 86 214 232 215 228 67 98 50 248 59
 161 81 36 280 79 195 138 159 187 145 138 33 66 209 90 114 69 96 153 294 68 64 141 101 303 187 179 65 123 1 251 65 110 323 183 283 163 134 241 121 237 32 263 35 289 14 127 150 61 297 204 321 326 167 326 152 131 122 144 125
 263 179 286 127 274 279 254 341 394 247 114 255 272 195 222 251 317 288 357 288 299 250 234 151 120 256 138 315 145 251 1 188 218 143 126 47 223 305 39 232 25 241 115 267 171 240 295 103 292 86 128 71 93 260 86 100 232 186 340 129
 166 39 100 221 115 182 145 185 226 130 75 78 106 182 73 109 133 133 189 264 116 78 121 39 242 184 124 128 74 65 188 1 104 263 126 221 152 152 177 121 173 56 203 82 234 53 156 88 109 234 159 258 262 153 262 89 129 98 176 61
 63 70 131 295 70 284 44 268 296 232 128 86 76 104 174 208 142 77 263 366 177 165 224 104 308 81 214 156 78 110 218 104 1 331 211 233 54 240 225 19 214 132 277 144 319 112 78 128 171 289 122 285 308 255 302 143 26 33 253 128
 386 273 355 45 372 254 372 349 408 248 206 339 366 332 256 269 391 388 375 205 347 294 237 237 25 385 148 379 255 323 143 263 331 1 142 172 351 317 115 348 131 301 61 325 70 310 404 205 341 60 266 133 79 248 97 190 351 303 357 210
 272 145 215 98 239 154 254 225 282 126 90 202 231 247 118 138 251 256 246 178 208 155 113 109 124 280 13 239 141 183 126 126 211 142 1 172 244 190 93 229 103 160 81 184 110 170 277 98 202 128 192 180 162 136 169 80 234 189 229 84
 270 206 317 165 295 325 264 383 434 292 148 282 295 189 262 293 346 307 397 332 335 289 278 183 151 258 184 346 168 283 47 221 233 172 172 1 228 347 83 246 70 276 156 302 210 273 310 134 328 112 125 59 105 304 91 137 244 201 381 165
 43 115 182 319 113 333 46 321 348 282 156 138 122 61 223 258 189 113 316 408 230 217 272 142 327 36 249 206 104 163 223 152 54 351 244 228 1 293 239 46 225 184 301 197 348 165 97 151 223 302 105 284 315 304 307 169 36 58 306 162
 294 188 133 274 209 91 271 37 92 70 208 165 196 331 87 55 159 224 58 205 83 77 81 183 305 319 180 132 224 134 305 152 240 317 190 347 293 1 279 253 284 109 262 102 260 130 257 224 85 316 308 367 351 77 358 214 262 244 41 190
 276 175 275 92 274 246 264 314 369 218 107 249 270 218 199 225 308 289 333 250 282 231 204 143 91 273 105 303 149 241 39 177 225 115 93 83 239 279 1 241 18 226 79 252 135 229 301 100 275 65 153 89 87 228 87 91 242 195 315 117
 46 88 138 312 68 300 26 279 304 248 145 94 77 102 189 222 144 71 272 383 187 178 240 122 325 67 232 161 95 121 232 121 19 348 229 246 46 253 241 1 229 145 294 155 337 124 65 145 180 305 130 298 323 271 317 160 11 47 264 146
 263 168 272 110 266 256 252 319 373 225 100 243 263 202 201 230 304 280 336 265 282 232 211 137 107 258 115 300 138 237 25 173 214 131 103 70 225 284 18 229 1 224 96 251 152 225 290 92 274 78 136 87 95 236 92 85 230 183 319 113
 187 86 56 257 109 164 164 138 174 114 129 63 97 225 59 83 93 127 138 263 61 35 110 94 282 210 155 80 126 32 241 56 132 301 160 276 184 109 226 145 224 1 241 27 262 22 157 143 53 279 211 310 309 136 311 141 154 137 126 113
 334 216 295 19 314 206 319 295 353 194 151 280 307 289 197 212 331 331 319 182 288 234 181 180 44 336 88 319 201 263 115 203 277 61 81 156 301 262 79 294 96 241 1 265 57 250 348 152 281 64 226 138 99 196 111 136 298 251 301 153
 194 108 39 281 109 169 172 126 154 122 155 65 95 242 75 89 74 124 120 275 37 40 121 120 307 221 178 56 149 35 267 82 144 325 184 302 197 102 252 155 251 27 265 1 284 36 157 169 29 305 233 336 335 143 338 168 165 155 110 139
 379 254 318 47 348 189 362 290 348 191 194 310 340 341 211 217 354 365 318 137 301 249 182 217 73 383 111 339 246 289 171 234 319 70 110 210 348 260 135 337 152 262 57 284 1 275 386 198 296 108 279 186 139 187 155 180 341 295 300 192
 166 74 48 267 88 185 143 157 188 135 127 42 76 208 78 104 82 106 154 283 71 56 130 91 290 190 166 75 116 14 240 53 112 310 170 273 165 130 229 124 225 22 250 36 275 1 136 140 64 285 199 310 313 157 314 141 134 121 143 113
 63 134 127 366 49 320 52 278 290 270 200 96 63 157 212 240 116 34 263 415 180 190 265 170 382 95 277 141 153 127 295 156 78 404 277 310 97 257 301 65 290 157 348 157 386 136 1 202 176 364 194 362 384 292 379 215 69 110 259 197
 184 77 185 170 175 224 169 259 307 180 17 153 172 149 137 173 215 190 269 273 203 158 167 50 182 186 106 214 51 150 103 88 128 205 98 134 151 224 100 145 92 143 152 169 198 140 202 1 195 163 98 173 185 198 183 20 147 100 254 35
 218 136 50 297 129 163 195 103 126 121 181 88 115 270 86 88 76 142 93 273 9 48 124 147 324 245 194 51 177 61 292 109 171 341 202 328 223 85 275 180 274 53 281 29 296 64 176 195 1 325 261 360 356 140 360 193 190 183 85 164
 340 237 331 63 336 267 328 350 408 250 168 309 332 278 244 264 366 352 373 242 332 279 237 203 40 336 138 358 212 297 86 234 289 60 128 112 302 316 65 305 78 279 64 305 108 285 364 163 325 1 212 79 36 255 49 152 306 259 355 176
 147 126 235 242 190 320 145 342 383 274 112 192 194 68 224 261 255 198 347 368 269 236 261 127 242 133 201 263 86 204 128 159 122 266 192 125 105 308 153 130 136 211 226 233 279 199 194 98 261 212 1 182 219 293 209 116 126 92 333 128
 325 249 356 141 343 331 318 403 457 306 184 325 342 246 287 314 387 356 421 318 368 318 292 221 117 314 192 384 214 321 71 258 285 133 180 59 284 367 89 298 87 310 138 336 186 310 362 173 360 79 182 1 57 315 39 170 297 252 404 198
 355 261 360 96 359 303 345 385 442 285 192 335 356 285 277 298 394 374 407 275 363 311 272 229 67 348 172 387 232 326 93 262 308 79 162 105 315 351 87 323 95 309 99 335 139 313 384 185 356 36 219 57 1 290 18 177 323 276 389 203
 315 191 180 206 244 30 293 103 162 24 183 198 232 330 83 55 213 262 133 135 141 105 33 171 238 335 124 190 215 167 260 153 255 248 136 304 304 77 228 271 236 136 196 143 187 157 292 198 140 255 293 315 290 1 300 184 280 249 115 166
 348 259 361 111 356 313 338 393 449 293 191 334 354 275 282 305 394 371 413 290 367 315 280 228 83 339 180 388 228 326 86 262 302 97 169 91 307 358 87 317 92 311 111 338 155 314 379 183 360 49 209 39 18 300 1 176 317 271 396 203
 200 86 187 154 185 209 184 250 300 167 17 159 181 168 128 162 219 201 262 254 200 153 153 53 167 204 87 215 67 152 100 89 143 190 80 137 169 214 91 160 85 141 136 168 180 141 215 20 193 152 116 170 177 184 176 1 163 116 246 29
 39 95 148 316 77 309 23 289 314 257 149 104 87 94 198 232 154 79 283 390 197 188 249 128 328 57 237 171 98 131 232 129 26 351 234 244 36 262 242 11 230 154 298 165 341 134 69 147 190 306 126 297 323 280 317 163 1 49 274 151
 85 60 149 268 99 278 70 275 308 227 102 104 103 88 170 206 165 108 273 352 190 168 217 86 280 92 193 176 50 122 186 98 33 303 189 201 58 244 195 47 183 137 251 155 295 121 110 100 183 259 92 252 276 249 271 116 49 1 262 106
 302 210 133 314 213 125 280 23 55 110 238 172 199 350 120 92 150 226 19 238 80 99 121 210 344 329 218 123 248 144 340 176 253 357 229 381 306 41 315 264 319 126 301 110 300 143 259 254 85 355 333 404 389 115 396 246 274 262 1 220
 189 64 159 171 163 193 171 225 273 147 19 134 157 172 103 139 192 179 236 250 172 126 135 28 188 197 88 187 59 125 129 61 128 210 84 165 162 190 117 146 113 113 153 139 192 113 197 35 164 176 128 198 203 166 203 29 151 106 220 1
LAMBDA_SECTION
1  59
2  49
3  27
4  55
5  56
6  42
7  29
8  58
9  30
10  45
11  34
12  26
13  22
14  27
15  51
16  58
17  52
18  47
19  42
20  58
21  36
22  31
23  15
24  57
25  59
26  54
27  40
28  18
29  16
30  16
31  46
32  22
33  57
34  20
35  18
36  15
37  54
38  32
39  21
40  31
41  24
42  40
43  42
44  39
45  59
46  34
47  37
48  51
49  28
50  26
51  56
52  50
53  49
54  18
55  54
56  48
57  57
58  35
59  58
60  21
