NAME : domp260p130v10
COMMENT : (Deleplanque et al.) 
TYPE : DOMP
DIMENSION : 260
DISPLAY_DATA_TYPE: NO_DISPLAY
OPEN_FACILITIES : 130
COST_SECTION
 1 307 340 320 76 53 101 273 261 290 311 284 104 322 267 271 282 53 286 200 289 84 190 356 340 31 211 210 202 231 239 249 53 339 209 174 297 103 131 276 82 39 130 320 281 119 88 300 172 252 316 197 243 235 9 225 167 391 233 85 155 63 304 88 202 294 146 235 80 175 74 330 181 306 345 160 43 188 238 172 323 150 104 279 83 139 346 249 135 256 134 54 139 192 328 140 211 21 236 330 261 294 143 174 85 123 279 60 261 106 209 201 162 152 162 237 154 182 280 127 293 186 252 223 269 306 313 183 238 253 238 150 248 143 130 125 198 241 157 275 33 64 255 42 44 308 83 61 242 225 203 196 173 313 56 164 230 209 308 389 80 278 101 382 130 55 273 125 285 132 201 96 317 50 320 172 189 305 45 111 158 85 241 206 211 307 307 57 112 145 290 137 296 221 343 193 251 284 291 376 229 134 234 253 183 104 93 63 234 152 225 186 58 94 270 259 294 21 237 178 255 147 209 104 54 385 85 242 251 88 37 206 281 152 82 163 154 326 250 306 75 168 131 285 130 282 142 231 268 162 283 88 342 360 18 230 281 270 157 240
 307 1 126 240 251 348 294 115 50 78 227 24 404 42 166 74 399 296 164 222 91 227 321 148 232 313 253 292 117 239 76 125 273 192 320 149 347 323 271 207 370 282 367 27 112 209 377 217 260 127 11 174 220 182 303 106 287 169 119 299 158 247 82 352 229 139 284 91 231 132 354 39 167 157 79 368 330 175 219 143 248 163 399 80 333 250 143 93 197 123 297 324 217 134 255 363 386 304 372 179 206 255 181 367 312 237 43 365 139 252 268 129 271 237 353 115 166 282 173 319 271 142 124 117 94 156 136 147 243 190 77 283 128 165 345 211 112 401 357 149 319 366 333 268 349 302 261 252 250 161 105 285 148 52 265 211 79 128 207 194 382 131 356 194 359 293 142 221 28 296 215 392 135 266 36 269 232 187 273 226 326 238 329 125 288 248 88 354 209 249 49 182 28 256 130 138 281 324 21 213 373 356 344 385 148 248 270 358 323 179 258 251 251 215 86 123 180 289 394 354 119 251 290 219 303 209 249 247 77 351 271 175 106 246 238 145 333 236 99 422 357 188 361 331 420 47 242 78 168 372 383 222 118 208 322 123 112 81 222 387
 340 126 1 135 268 367 363 67 153 64 125 133 442 87 284 85 332 348 285 323 57 277 278 24 119 356 200 239 145 177 124 91 323 74 269 168 265 389 254 122 416 327 355 149 233 222 388 119 226 89 129 150 153 293 339 121 253 55 108 362 225 291 207 407 183 262 260 117 279 186 364 96 161 281 59 343 349 158 155 217 142 195 442 73 336 234 18 98 207 239 278 374 212 221 149 346 343 330 317 64 130 163 197 336 374 312 160 398 84 322 215 142 240 323 326 104 239 242 89 302 181 229 89 220 75 56 34 158 177 121 126 257 93 215 329 283 189 349 332 269 362 388 265 310 378 209 323 279 183 269 177 239 170 76 287 301 165 225 105 70 418 65 354 69 345 307 262 223 144 277 173 434 30 313 93 234 329 86 319 234 297 257 266 219 235 149 213 373 272 230 87 250 103 198 5 229 210 244 140 89 321 340 286 326 236 250 272 399 263 189 198 211 293 249 78 82 302 327 343 320 234 230 238 237 317 84 261 179 186 406 308 277 60 332 293 190 307 128 94 350 405 276 347 251 466 96 226 143 94 347 312 272 12 85 351 230 59 81 309 333
 320 240 135 1 246 329 378 128 246 163 15 236 416 209 370 171 212 348 377 381 150 287 188 126 28 345 119 146 187 95 197 129 325 66 172 187 138 399 199 49 401 323 286 266 329 211 339 27 159 126 246 137 79 367 323 171 179 145 147 372 265 293 313 403 120 359 195 180 288 227 316 220 160 379 191 263 313 146 83 267 9 213 422 162 284 185 123 163 198 326 213 367 184 282 16 273 245 304 210 73 63 40 199 250 380 343 261 371 110 346 129 173 173 364 244 149 281 163 71 236 55 287 129 295 150 87 109 176 89 76 197 191 128 242 260 314 250 242 252 359 350 350 151 305 350 78 337 265 88 342 238 153 191 194 266 348 241 294 34 119 393 111 296 110 276 273 352 198 248 214 120 412 112 313 214 164 382 53 317 213 218 240 157 286 142 21 320 335 297 179 192 284 213 111 134 290 102 120 246 85 216 269 178 213 293 217 232 382 156 188 108 142 292 250 158 126 394 315 237 232 321 178 146 225 280 100 237 87 273 402 299 342 136 371 306 223 229 10 156 226 394 326 277 127 447 197 181 215 81 265 191 283 145 71 326 307 130 164 353 225
 76 251 268 246 1 101 145 202 210 223 236 229 177 260 251 205 238 106 268 206 220 70 141 283 265 100 142 148 138 158 178 177 87 264 156 107 238 160 71 201 157 81 127 268 250 47 128 225 105 180 261 123 168 225 78 158 109 318 163 135 118 61 265 158 129 269 89 170 68 122 104 269 108 285 279 142 83 113 164 134 249 89 179 211 86 70 273 182 62 228 86 122 63 159 255 129 182 63 194 255 186 221 74 149 141 135 230 132 187 127 142 133 99 165 135 167 125 121 205 94 222 155 180 190 200 232 240 114 166 178 177 92 175 95 112 120 153 209 134 254 105 122 198 64 112 240 109 23 171 208 153 134 107 249 21 166 180 178 233 315 153 205 109 308 121 44 251 50 232 84 127 171 244 74 259 107 199 230 77 36 118 14 185 172 149 234 269 108 99 76 227 112 236 152 271 163 183 221 237 301 190 121 184 212 155 33 36 138 178 81 156 117 58 44 202 187 280 70 204 145 226 78 147 34 54 310 11 170 208 158 56 194 210 169 85 108 119 252 181 264 149 158 123 224 205 219 71 174 193 146 235 70 271 285 85 201 210 203 163 203
 53 348 367 329 101 1 147 301 305 323 321 325 91 359 319 305 254 101 338 252 320 133 173 381 351 74 213 201 238 235 277 277 106 356 193 207 283 142 131 288 92 91 90 364 331 147 36 311 172 279 358 219 252 287 61 259 159 415 263 131 202 112 352 114 210 345 139 270 129 217 27 368 207 358 379 124 19 210 247 219 330 187 101 311 53 145 371 282 162 307 122 90 157 241 334 103 178 46 209 349 273 298 174 140 127 175 324 50 285 158 207 233 159 204 131 267 203 175 299 107 294 235 279 272 301 327 338 214 242 268 276 143 275 186 99 177 244 208 125 326 71 23 240 93 32 304 135 97 244 277 247 189 207 349 85 217 274 258 322 410 70 304 60 403 93 61 325 145 328 121 213 92 342 102 358 169 241 321 97 134 137 114 225 255 204 313 355 7 162 151 326 186 335 222 370 242 247 273 333 393 201 99 214 225 233 119 99 73 219 181 226 188 107 134 303 286 346 73 205 149 305 152 201 134 52 403 107 245 297 115 85 258 310 203 134 204 130 336 282 277 94 220 93 273 126 319 150 271 287 126 259 137 370 376 37 280 310 303 209 210
 101 294 363 378 145 147 1 300 245 304 367 272 138 321 202 282 376 49 222 121 307 92 281 383 393 75 284 292 219 298 244 279 60 381 298 201 382 30 214 331 98 70 230 300 234 170 180 354 249 282 303 244 303 167 92 243 252 416 259 17 142 88 266 68 269 238 232 247 91 178 172 326 221 245 352 259 141 234 299 153 383 173 125 293 183 214 373 266 182 208 224 62 199 162 389 240 309 119 331 370 316 359 181 272 26 60 258 121 295 43 286 225 243 74 260 262 131 265 324 223 362 154 281 186 288 342 343 212 306 304 242 235 278 149 229 85 185 339 255 216 77 148 342 83 123 383 42 123 311 167 195 278 198 316 131 98 217 173 359 423 126 310 201 417 229 148 217 186 268 222 263 123 346 72 318 252 107 351 70 171 252 146 329 173 293 369 267 148 92 220 294 116 293 294 366 159 327 366 275 418 325 234 325 348 148 177 176 98 321 192 298 260 90 129 287 288 225 87 335 275 208 222 291 156 150 424 155 311 224 66 93 146 304 69 73 173 250 382 269 402 83 114 230 368 139 284 214 229 311 262 375 97 362 403 113 188 306 284 86 336
 273 115 67 128 202 301 300 1 119 40 115 109 376 91 247 44 293 283 252 272 29 212 226 85 125 290 151 190 82 132 74 26 258 93 220 102 235 325 193 93 350 261 294 141 203 156 324 104 169 24 122 87 110 249 273 59 197 119 42 298 165 225 186 342 130 233 201 60 214 125 299 103 96 253 90 285 283 94 110 161 136 130 376 36 272 172 75 40 141 202 217 308 148 169 143 286 292 264 271 80 93 141 131 280 309 252 134 332 28 261 166 77 182 266 269 39 180 188 59 242 157 176 23 175 23 51 44 92 134 78 75 198 28 152 269 222 136 302 274 235 296 322 226 244 312 188 259 213 141 224 123 187 105 75 221 245 120 177 96 124 352 18 291 120 284 241 228 158 121 217 117 368 47 247 95 178 276 77 254 169 240 190 224 170 187 134 193 307 210 169 67 189 88 151 71 177 172 213 119 126 274 280 241 282 182 185 207 333 219 123 152 156 227 183 31 17 269 261 296 265 197 169 189 171 251 128 196 138 148 341 242 228 12 274 229 128 249 126 34 314 339 221 286 220 400 70 164 94 54 289 275 207 70 114 285 187 10 37 253 287
 261 50 153 246 210 305 245 119 1 93 232 28 357 82 132 77 381 248 135 177 104 180 296 176 244 266 235 271 87 225 53 119 225 208 298 116 337 274 239 206 322 234 331 60 85 172 335 221 235 123 58 153 210 142 257 85 260 203 106 250 109 200 72 304 210 115 254 72 184 89 312 84 140 135 118 335 287 151 208 94 253 123 351 89 294 220 169 85 161 87 265 276 185 85 261 329 358 260 350 195 201 253 145 336 263 187 22 318 138 203 249 102 244 189 322 103 117 258 176 285 268 93 119 71 97 168 153 117 231 184 53 254 122 120 311 162 64 376 325 118 272 322 317 222 304 298 212 209 239 118 59 263 114 84 223 163 32 80 214 223 335 137 318 221 323 252 111 187 25 264 196 345 153 219 78 244 185 196 226 189 296 197 311 76 269 250 78 310 161 220 67 133 55 240 157 89 269 314 31 236 349 321 324 364 99 212 233 310 305 145 242 229 204 172 90 121 152 243 370 325 82 221 270 179 262 234 209 236 33 302 225 130 114 197 190 103 302 244 92 405 308 139 325 321 372 58 212 42 168 339 367 175 147 227 277 79 120 84 174 364
 290 78 64 163 223 323 304 40 93 1 150 77 392 52 224 23 331 293 227 260 14 221 262 86 156 304 188 228 89 170 62 58 268 117 257 117 274 331 223 131 364 274 324 104 176 177 348 140 203 58 85 118 149 231 288 66 231 117 63 305 164 237 154 352 166 206 233 58 224 127 323 65 120 225 58 318 304 123 149 156 170 142 390 13 298 202 78 42 162 179 249 320 174 159 178 318 328 283 309 104 132 179 149 314 317 251 104 349 66 263 203 91 216 261 302 58 177 224 97 272 196 167 56 158 25 79 61 110 173 117 64 231 61 157 300 222 127 339 307 210 310 343 265 257 331 226 265 231 180 207 115 224 118 36 240 238 103 163 130 132 369 55 319 130 315 264 203 182 89 248 153 383 61 259 56 213 266 110 265 191 273 210 262 157 224 171 161 329 213 200 31 189 51 189 68 166 211 252 86 144 311 311 279 320 173 210 233 348 257 143 190 192 240 198 21 52 244 276 333 299 174 200 227 190 274 142 218 177 125 351 257 215 30 270 236 133 282 159 42 353 351 214 317 259 414 37 194 81 93 322 314 216 60 136 303 168 35 21 247 324
 311 227 125 15 236 321 367 115 232 150 1 223 408 197 356 158 216 337 363 368 137 275 185 118 31 336 114 143 173 88 183 116 314 59 170 174 144 387 192 37 392 312 281 253 316 200 333 14 152 112 233 125 70 353 313 157 174 139 134 361 252 282 300 393 112 346 189 166 276 214 309 208 148 366 180 259 305 134 75 254 22 200 413 149 277 177 114 149 186 312 207 357 174 269 30 269 245 295 211 64 52 42 187 248 369 330 248 362 96 334 125 159 167 351 241 135 268 158 57 231 59 274 115 281 137 75 98 163 83 64 184 185 114 230 255 302 236 243 249 345 340 343 153 295 341 85 325 255 84 328 224 149 178 181 256 335 228 280 22 116 384 98 290 107 271 264 339 188 235 208 111 403 101 302 202 158 369 41 307 203 214 230 158 273 139 25 306 327 284 171 179 272 200 106 124 277 101 125 233 84 216 265 179 215 279 208 224 372 156 176 104 135 281 239 145 113 380 305 238 230 307 170 143 214 272 98 227 82 260 392 289 329 122 358 294 210 225 17 142 232 384 313 273 132 438 183 172 202 67 262 195 271 135 69 317 294 117 151 340 227
 284 24 133 236 229 325 272 109 28 77 223 1 381 57 153 66 386 272 153 203 89 204 304 156 231 290 239 277 98 227 58 115 249 193 304 129 337 300 252 200 347 258 347 42 101 188 355 212 243 118 34 158 209 166 280 89 270 180 106 276 134 223 78 329 214 130 266 74 207 110 332 58 149 149 93 349 307 158 208 120 244 141 375 76 312 231 149 81 176 108 278 301 198 111 252 343 368 281 357 180 198 248 160 348 289 214 28 342 132 230 253 110 253 216 335 102 142 266 168 299 264 120 114 97 87 155 137 128 231 181 59 265 118 142 325 188 89 384 338 137 296 343 321 245 326 294 238 230 239 143 82 270 128 61 243 190 56 107 204 202 359 127 335 201 338 271 130 201 13 277 201 369 137 243 52 253 212 185 250 205 307 216 316 103 274 243 85 331 186 231 48 158 31 243 137 116 270 314 12 218 357 336 329 370 126 227 249 334 310 159 245 236 227 193 79 114 170 266 378 336 104 232 276 197 281 215 227 236 58 327 248 156 102 224 214 123 315 234 87 409 333 166 340 321 397 41 224 56 161 353 370 199 126 211 299 104 108 74 201 371
 104 404 442 416 177 91 138 376 357 392 408 381 1 422 338 373 339 113 358 258 391 178 262 458 438 92 302 291 304 324 340 352 134 439 283 277 372 117 219 374 42 124 170 416 364 221 98 397 261 355 413 299 339 303 105 327 249 493 336 124 249 159 392 74 297 371 229 336 174 274 111 430 283 380 447 206 105 290 334 264 418 252 19 381 142 232 449 351 237 338 213 85 238 281 423 185 259 115 294 431 359 386 246 223 113 190 374 46 363 170 297 303 249 211 217 340 244 265 381 196 383 274 354 310 372 408 416 285 331 352 338 233 350 242 185 205 294 289 209 350 86 71 329 137 68 394 152 164 333 300 300 279 275 414 157 232 326 296 407 491 25 381 143 484 176 144 350 225 381 211 298 17 419 139 420 259 245 405 132 212 226 187 315 294 294 402 394 86 199 238 391 227 396 312 445 280 337 363 387 476 286 183 302 310 270 202 185 48 309 255 315 277 155 196 373 361 362 118 287 235 338 239 291 207 137 486 185 334 342 76 136 279 383 206 169 264 218 423 352 360 56 244 176 363 37 382 237 330 369 207 345 183 444 460 93 315 384 372 221 293
 322 42 87 209 260 359 321 91 82 52 197 57 422 1 206 60 383 317 205 258 64 246 311 108 198 332 239 279 123 221 84 108 293 156 308 154 325 349 269 181 391 301 369 63 153 215 386 188 252 109 43 166 200 221 319 104 280 128 109 324 181 265 122 375 216 180 280 91 250 149 362 13 164 198 38 365 341 169 200 169 217 174 419 60 339 248 104 84 202 163 295 345 218 164 224 363 377 317 360 144 183 228 187 362 337 265 82 381 118 279 254 130 264 269 350 104 191 273 146 318 246 172 106 153 75 123 101 149 224 168 85 279 111 182 345 237 138 390 354 190 338 379 316 286 364 276 285 265 231 199 127 274 154 17 276 244 106 161 176 153 399 105 361 154 360 302 183 224 66 294 203 411 100 286 7 261 267 157 292 231 321 247 314 157 275 219 129 365 233 246 34 206 29 240 90 170 262 303 59 175 361 356 330 371 179 252 274 377 308 183 242 241 268 229 68 103 221 306 383 348 158 247 277 227 312 169 256 228 113 374 287 211 81 277 259 160 329 204 87 404 378 219 362 310 441 41 240 94 144 369 365 241 78 171 336 159 86 65 254 375
 267 166 284 370 251 319 202 247 132 224 356 153 338 206 1 207 470 230 21 87 235 190 374 307 371 256 333 362 188 330 174 241 216 338 382 202 441 228 306 326 298 230 375 154 57 232 353 344 318 245 168 254 320 37 259 200 338 332 224 215 137 209 95 269 308 41 325 191 193 157 336 204 233 43 243 391 305 249 318 124 377 190 326 219 330 292 300 209 230 46 329 256 258 100 384 378 428 276 431 325 318 371 216 398 227 150 126 312 261 170 343 204 322 129 383 222 127 341 300 342 383 100 242 77 226 297 283 210 337 301 174 326 243 165 362 143 126 452 383 20 262 329 413 227 305 412 190 238 345 43 136 350 198 212 253 107 129 83 339 353 322 264 353 352 370 284 26 253 142 327 295 323 284 218 201 326 101 322 223 247 362 240 404 90 360 371 91 322 159 294 198 140 183 340 288 94 373 419 148 367 428 371 411 447 98 268 284 294 397 223 343 318 214 208 219 245 30 246 446 391 51 297 360 231 292 365 255 342 100 267 235 62 243 135 186 169 366 369 216 495 283 100 372 424 340 189 286 155 290 395 459 187 277 358 284 64 249 214 118 443
 271 74 85 171 205 305 282 44 77 23 158 66 373 60 207 1 328 272 211 240 29 200 253 107 167 283 182 221 69 167 41 52 247 132 250 99 274 309 210 135 343 253 310 100 161 159 331 147 194 54 82 107 147 212 269 47 221 138 50 283 142 217 143 331 159 191 221 37 203 105 306 71 105 211 76 306 286 110 146 134 179 122 370 13 282 189 98 25 145 162 236 299 159 138 186 304 319 264 302 119 133 183 131 303 295 230 91 330 67 241 197 73 205 240 290 45 156 215 102 259 199 146 51 139 22 91 77 92 170 117 42 219 55 136 286 201 106 332 295 194 290 325 261 237 312 229 244 212 178 188 93 216 99 46 222 217 83 142 139 152 349 61 303 149 301 246 187 166 78 235 145 363 78 238 62 203 245 120 245 174 262 192 258 136 218 177 150 311 192 187 28 168 48 184 89 145 209 252 77 161 304 297 273 314 152 194 217 328 252 126 186 183 219 178 14 50 228 256 325 289 157 188 220 172 257 161 200 175 108 330 237 195 38 248 215 112 270 169 28 350 331 192 303 258 394 28 181 60 96 310 311 195 82 152 284 149 43 8 226 318
 282 399 332 212 238 254 376 293 381 331 216 386 339 383 470 328 1 331 484 440 320 307 99 330 239 312 147 111 296 162 330 277 319 274 88 272 79 383 170 211 346 308 170 424 450 241 242 217 152 275 408 229 184 451 289 298 134 354 281 363 335 298 451 364 172 477 151 312 305 315 230 395 244 495 378 133 249 231 184 347 207 280 352 324 204 180 324 307 241 436 154 334 212 370 205 154 82 262 47 277 204 175 255 116 365 373 401 303 266 364 133 280 149 402 124 286 347 129 245 155 158 371 278 397 310 277 300 268 159 217 330 149 274 306 156 355 349 55 131 467 313 270 68 295 285 139 345 259 153 430 342 121 276 367 248 400 361 389 233 330 321 281 197 321 164 230 462 219 395 156 186 343 304 307 386 145 435 248 307 228 125 244 71 381 113 193 457 258 333 177 354 339 374 144 332 377 123 93 396 296 54 157 60 30 373 211 204 326 77 248 142 154 294 274 317 281 498 291 55 106 432 175 112 245 229 311 230 156 396 365 285 420 304 406 323 302 129 221 302 27 346 388 164 86 375 354 185 340 243 133 23 306 341 282 276 410 299 321 399 47
 53 296 348 348 106 101 49 283 248 293 337 272 113 317 230 272 331 1 250 156 294 73 237 366 365 29 247 251 205 263 236 260 26 358 254 181 340 55 172 301 76 26 182 306 252 138 134 325 210 263 305 217 271 196 45 229 209 401 241 34 139 58 280 60 234 261 189 236 70 169 125 324 196 271 345 211 94 207 267 154 352 154 105 281 135 175 356 253 153 227 180 30 165 170 357 192 262 72 285 348 286 325 156 225 36 81 263 83 274 62 247 207 202 107 212 245 133 223 300 176 327 162 262 198 275 321 325 192 271 276 235 192 259 137 182 93 184 292 208 240 34 105 299 44 80 345 41 85 275 190 192 237 179 310 89 124 217 184 332 404 94 291 153 398 181 102 240 151 271 177 230 99 328 37 315 211 143 325 31 136 206 110 285 183 252 337 282 103 88 181 287 116 290 257 351 169 288 325 278 395 278 186 280 302 158 138 133 66 278 166 261 222 57 102 274 269 255 41 288 228 226 183 250 124 103 402 116 275 231 59 51 170 288 105 59 161 203 353 255 356 62 133 182 327 125 278 176 224 287 214 330 78 348 380 66 203 290 273 114 290
 286 164 285 377 268 338 222 252 135 227 363 153 358 205 21 211 484 250 1 106 238 208 390 308 377 276 345 376 198 342 181 248 236 342 397 215 453 248 322 334 318 250 394 149 53 248 372 351 333 252 165 266 331 56 279 208 353 331 232 235 153 228 87 289 320 28 341 198 212 170 355 201 245 24 241 409 324 260 328 139 384 205 346 223 348 307 301 215 245 52 346 276 273 115 392 396 444 295 446 329 327 380 230 415 247 170 126 332 268 190 356 215 337 149 400 230 145 356 307 359 393 116 249 89 230 301 287 222 348 310 180 342 250 181 380 163 137 468 400 19 282 349 426 246 325 422 210 256 356 62 147 365 211 212 272 127 137 96 346 354 342 270 372 353 388 303 25 268 142 344 307 343 287 238 199 340 120 328 243 264 379 258 418 104 374 379 83 342 178 310 200 158 183 352 289 109 385 431 147 370 444 389 425 462 115 285 301 314 410 237 355 332 233 225 223 252 18 266 462 408 57 312 374 248 311 367 273 354 105 287 255 82 248 155 205 183 383 376 222 510 303 120 390 436 360 191 301 163 297 413 473 206 278 361 303 76 253 218 138 458
 200 222 323 381 206 252 121 272 177 260 368 203 258 258 87 240 440 156 106 1 268 137 342 346 388 184 317 339 196 322 201 258 148 363 354 196 425 145 271 333 218 163 321 219 131 202 287 355 293 262 228 250 318 52 192 216 307 375 238 135 118 152 169 187 295 126 290 212 140 154 273 259 226 129 294 343 241 242 315 115 387 174 245 252 274 262 337 233 206 108 290 179 233 103 394 327 387 213 398 350 322 373 196 353 146 78 181 237 278 96 325 209 293 50 339 239 102 315 315 298 382 97 260 107 254 321 313 207 329 306 199 293 259 144 313 87 136 414 337 104 189 259 391 164 234 408 119 188 337 64 150 326 192 259 202 41 159 99 354 391 244 287 296 387 318 230 107 224 195 288 285 243 315 154 253 299 15 340 157 214 323 198 380 105 338 377 167 255 108 266 240 104 231 326 327 96 361 405 202 396 393 320 383 415 90 231 241 216 373 206 330 298 157 167 249 265 106 181 408 350 111 268 338 196 236 398 213 335 146 185 175 48 271 53 126 160 324 382 238 466 203 57 319 410 257 230 258 181 303 347 434 137 319 385 217 101 276 245 45 407
 289 91 57 150 220 320 307 29 104 14 137 89 391 64 235 29 320 294 238 268 1 222 252 79 143 304 178 218 90 159 68 49 269 105 247 116 262 333 217 119 364 274 318 117 188 174 344 127 195 49 97 111 137 241 287 66 223 111 58 307 168 238 166 353 156 217 226 61 225 130 319 76 115 237 64 311 302 116 138 161 158 141 390 17 293 196 70 42 159 190 242 320 169 166 165 311 319 281 299 92 120 166 147 306 319 256 115 348 55 266 193 89 208 267 294 54 182 215 84 266 183 173 47 167 20 66 50 107 162 105 70 223 52 159 293 226 134 329 300 221 310 340 253 257 329 213 267 229 169 216 121 214 117 48 238 244 111 171 117 124 368 42 314 121 308 261 214 178 101 241 144 382 50 259 68 204 273 98 266 188 265 208 251 164 214 158 173 326 216 193 43 193 64 179 61 173 199 240 99 133 301 304 268 309 180 206 228 347 246 140 180 183 240 197 21 42 255 275 323 291 185 194 217 188 270 132 214 166 135 352 256 223 18 275 238 135 274 146 40 341 352 220 310 247 414 49 188 88 81 315 303 217 56 124 302 177 23 24 253 314
 84 227 277 287 70 133 92 212 180 221 275 204 178 246 190 200 307 73 208 137 222 1 209 296 302 87 198 212 133 209 165 190 48 290 223 111 301 115 138 239 145 56 188 239 198 80 167 263 167 193 236 152 213 161 79 157 175 330 171 88 72 22 221 132 180 213 157 164 5 98 148 253 130 227 273 208 117 142 209 89 292 83 173 210 142 132 286 181 91 175 155 100 111 109 298 193 251 88 263 280 225 269 90 217 99 67 197 140 205 62 202 136 164 96 203 174 71 185 233 162 273 103 192 140 203 252 255 122 217 213 163 160 189 66 178 51 117 278 201 195 93 147 263 43 127 295 51 52 223 147 123 198 109 239 66 97 149 126 268 334 156 221 165 328 184 96 193 99 204 153 173 166 258 40 244 171 130 260 47 86 187 65 251 123 212 278 224 138 32 138 216 54 219 208 280 110 241 283 210 327 259 185 251 281 101 98 105 132 244 101 212 175 27 39 203 199 218 65 273 214 173 140 211 68 104 334 78 222 168 130 49 130 217 100 20 89 188 291 184 333 132 92 185 286 196 207 130 153 220 211 302 6 277 313 101 148 219 201 94 272
 190 321 278 188 141 173 281 226 296 262 185 304 262 311 374 253 99 237 390 342 252 209 1 283 214 221 79 43 210 104 247 205 223 237 22 183 111 290 72 164 262 213 105 345 359 144 170 180 62 205 330 148 127 355 197 216 38 313 204 269 239 200 363 276 97 384 53 231 207 222 152 323 157 402 315 76 163 147 125 251 187 186 273 253 121 84 275 230 145 343 58 243 117 276 188 90 67 170 58 235 152 150 161 64 271 275 317 222 200 267 64 195 54 304 58 209 250 39 191 67 140 275 207 304 238 225 245 180 106 158 247 51 202 210 81 257 257 81 67 373 222 192 68 199 201 140 248 162 103 334 251 40 186 296 152 302 273 294 195 296 242 218 123 287 95 137 368 123 312 60 110 264 249 210 314 53 336 204 212 130 38 146 53 287 47 169 369 178 235 81 280 242 298 83 279 282 89 103 315 268 55 88 45 74 277 113 107 241 47 156 84 71 197 176 244 211 403 197 75 46 339 79 44 148 138 281 132 105 307 276 189 323 237 308 225 209 47 197 226 125 259 290 96 102 297 278 90 255 185 79 95 208 285 252 187 316 233 248 301 70
 356 148 24 126 283 381 383 85 176 86 118 156 458 108 307 107 330 366 308 346 79 296 283 1 106 374 205 243 165 180 146 108 342 62 272 186 260 408 265 122 434 345 365 170 256 238 401 115 234 105 150 163 156 316 356 141 261 36 126 382 246 309 229 426 190 285 269 138 298 207 377 116 177 304 77 351 363 172 159 239 133 213 459 95 348 245 11 118 223 262 287 392 225 244 139 355 347 345 319 55 133 158 214 343 393 333 183 414 97 343 220 160 248 345 333 123 260 248 93 312 176 251 106 243 96 59 44 176 180 126 148 266 109 235 339 304 212 351 339 292 379 402 265 328 394 202 343 296 184 292 199 244 188 98 302 323 188 248 99 47 434 79 366 47 354 321 285 237 167 287 181 450 40 331 115 242 351 83 337 249 304 272 267 242 239 142 235 387 292 240 110 270 126 202 20 251 210 240 163 69 323 349 287 326 258 264 284 416 264 205 201 218 311 267 99 99 325 344 345 326 257 241 242 253 330 62 276 181 209 424 326 300 80 353 313 210 314 119 115 347 423 298 356 248 483 120 238 166 101 354 310 291 32 68 367 253 77 103 331 335
 340 232 119 28 265 351 393 125 244 156 31 231 438 198 371 167 239 365 377 388 143 302 214 106 1 364 144 172 193 119 197 132 342 46 199 198 163 415 222 65 421 341 311 257 328 228 363 41 183 128 237 151 100 371 342 175 204 121 151 388 274 309 308 421 142 357 219 181 303 235 340 209 173 377 176 289 335 160 105 274 32 225 442 157 308 207 105 163 214 326 238 386 203 287 35 299 272 325 237 56 80 67 213 277 397 355 257 392 112 359 155 180 197 374 271 152 290 188 74 261 82 293 131 298 147 78 98 186 113 90 198 215 130 253 285 326 255 269 279 359 369 373 178 323 371 102 352 284 114 346 242 179 201 184 285 357 243 298 36 93 414 108 320 85 301 294 352 217 243 238 140 433 100 329 204 188 390 50 335 231 244 258 184 290 168 48 315 357 309 201 185 295 206 136 117 295 129 146 241 58 243 295 205 240 299 238 254 402 183 202 134 166 309 266 155 127 394 334 264 259 321 200 172 242 302 73 256 112 273 420 317 348 131 382 321 232 255 19 156 252 413 334 303 153 468 191 202 217 86 292 217 298 129 45 347 310 125 160 363 253
 31 313 356 345 100 74 75 290 266 304 336 290 92 332 256 283 312 29 276 184 304 87 221 374 364 1 239 239 215 257 250 267 43 360 239 189 327 73 160 300 61 32 158 325 276 139 107 324 200 270 322 219 268 223 25 239 196 408 249 58 158 68 303 59 229 287 175 247 83 184 98 339 200 297 357 189 69 209 263 174 349 163 88 292 112 166 364 263 155 251 164 24 162 191 354 169 240 51 266 351 285 320 161 203 56 108 283 57 280 89 238 216 191 135 191 253 153 211 302 158 321 184 269 221 284 326 331 199 265 276 248 179 266 151 160 117 202 271 186 266 7 77 285 47 52 337 67 82 269 216 209 225 187 324 81 151 235 207 332 409 71 297 128 402 158 85 266 149 290 162 227 81 335 48 330 200 172 327 41 134 188 107 271 205 240 333 305 75 109 173 301 136 305 249 360 191 279 313 296 398 259 163 264 283 180 131 122 46 264 171 253 214 65 108 284 276 282 32 267 208 250 174 238 124 84 406 110 269 252 59 49 196 297 133 78 173 184 351 265 336 50 159 159 315 111 292 169 239 289 191 313 92 357 382 40 227 298 284 142 270
 211 253 200 119 142 213 284 151 235 188 114 239 302 239 333 182 147 247 345 317 178 198 79 205 144 239 1 41 152 27 184 132 227 161 70 132 110 300 83 88 291 221 169 278 308 120 221 106 42 131 262 83 50 319 215 152 61 235 135 275 203 197 306 297 26 335 77 166 197 176 199 251 101 355 239 149 198 87 47 212 120 146 309 180 167 74 197 161 112 296 95 262 88 234 123 157 144 193 122 158 74 86 122 139 281 262 256 257 125 259 16 136 55 288 131 140 218 46 113 118 83 236 134 258 165 148 167 125 31 80 184 72 129 175 142 237 209 152 138 328 242 234 83 204 236 100 245 163 33 296 200 40 135 224 159 279 217 251 120 220 279 142 178 211 159 160 322 100 249 96 40 299 171 214 242 46 315 127 217 114 103 139 77 243 37 102 312 219 217 67 210 214 229 11 202 241 45 89 250 194 124 152 92 133 240 110 120 271 71 113 15 26 195 160 172 137 361 210 146 122 291 66 39 130 166 206 132 34 252 297 196 289 162 294 217 165 113 127 156 171 285 262 160 94 334 208 72 195 107 152 132 195 208 177 214 271 158 177 281 137
 210 292 239 146 148 201 292 190 271 228 143 277 291 279 362 221 111 251 376 339 218 212 43 243 172 239 41 1 186 63 221 172 234 195 31 163 91 305 80 123 286 226 143 316 341 138 204 138 47 171 301 120 87 346 215 189 44 272 174 281 229 207 341 296 64 367 65 204 211 206 183 291 134 386 279 118 189 121 85 239 145 173 300 220 151 81 235 200 135 327 80 262 107 263 147 129 106 190 82 194 111 108 148 106 286 277 292 249 164 272 26 171 50 306 99 178 242 29 151 98 99 264 173 288 205 186 206 158 64 119 221 61 168 200 118 256 240 112 108 358 242 222 53 211 227 104 256 170 61 323 232 15 166 263 163 300 251 280 153 254 270 181 158 245 133 156 353 117 286 81 78 291 210 221 281 42 335 163 224 128 75 149 43 273 5 127 347 207 235 75 249 236 267 42 240 269 49 75 288 226 84 126 53 94 267 117 119 265 36 140 43 45 204 176 211 177 390 212 106 88 323 73 2 146 160 239 138 64 286 296 201 315 202 311 229 194 85 155 195 136 282 285 135 77 325 247 83 231 146 121 99 210 247 210 209 301 198 216 300 98
 202 117 145 187 138 238 219 82 87 89 173 98 304 123 188 69 296 205 198 196 90 133 210 165 193 215 152 186 1 145 42 65 180 170 212 33 257 245 155 140 275 185 251 138 158 94 265 161 149 68 127 70 133 182 200 25 174 199 44 218 84 149 156 264 126 186 169 33 136 44 241 132 54 205 144 252 220 66 131 82 194 53 302 78 219 135 155 49 81 147 181 231 101 96 201 247 273 196 264 158 132 184 66 252 230 170 108 261 84 179 164 17 158 185 238 45 100 172 120 203 196 101 66 112 71 129 126 31 151 115 41 169 65 71 229 141 65 290 241 180 221 257 234 169 244 225 179 144 159 157 53 178 33 112 154 166 66 109 159 206 281 95 241 201 242 180 174 105 104 180 113 294 128 171 122 158 199 145 177 111 211 125 227 101 184 186 161 244 128 135 90 108 100 157 149 104 189 234 108 205 264 240 238 278 107 132 154 260 220 63 160 143 151 110 70 72 214 187 284 240 143 136 185 106 191 209 135 157 101 263 169 156 86 193 149 46 218 188 52 321 263 143 244 240 326 82 127 46 108 256 283 128 145 192 216 125 89 69 173 278
 231 239 177 95 158 235 298 132 225 170 88 227 324 221 330 167 162 263 342 322 159 209 104 180 119 257 27 63 145 1 173 115 242 135 93 130 113 315 106 62 311 237 195 264 302 130 246 80 65 114 247 77 25 319 234 141 87 210 122 290 206 211 296 315 30 330 101 155 209 175 223 233 99 349 219 175 220 83 23 213 96 148 330 163 191 93 173 147 120 291 120 280 100 233 100 182 168 213 142 133 49 64 127 165 297 271 245 279 105 270 40 129 80 296 156 126 221 72 89 143 65 236 117 254 148 123 144 121 9 57 173 97 112 179 168 245 206 173 164 324 261 257 96 220 257 88 258 179 16 295 196 65 134 205 177 285 210 249 94 194 300 121 203 185 184 181 318 113 236 121 38 321 148 229 225 71 320 102 233 128 128 154 93 241 59 79 302 242 225 87 193 219 213 22 178 241 45 90 237 168 145 178 111 152 240 128 140 291 89 117 22 49 209 171 155 119 357 227 167 147 287 86 62 143 188 180 148 14 245 315 213 290 143 302 228 166 139 102 141 184 304 266 186 97 355 193 90 186 84 178 145 206 185 151 235 267 138 160 288 158
 239 76 124 197 178 277 244 74 53 62 183 58 340 84 174 41 330 236 181 201 68 165 247 146 197 250 184 221 42 173 1 69 212 166 248 74 285 271 195 155 309 219 292 99 134 135 305 171 187 72 86 102 157 176 236 33 213 178 54 246 103 182 124 295 159 164 209 19 168 68 281 92 92 184 110 292 259 102 156 95 204 91 336 53 259 175 138 36 122 130 222 264 142 99 212 288 312 234 300 153 150 202 106 291 258 190 73 298 88 203 198 54 196 200 278 51 116 209 127 243 216 106 69 102 54 124 114 72 179 132 2 208 71 100 270 162 66 328 282 163 256 296 266 203 281 246 206 182 186 151 53 213 73 75 193 177 46 104 166 191 317 91 282 188 283 220 157 146 66 220 145 329 115 203 83 196 206 149 210 151 251 165 260 98 218 200 130 283 154 174 52 129 59 188 128 106 217 262 68 198 300 281 273 314 113 173 195 294 254 104 191 179 186 146 49 72 198 223 321 279 125 176 220 146 231 198 175 183 78 293 204 156 72 209 179 77 258 196 42 354 296 153 285 268 359 43 167 21 117 296 315 160 121 187 254 114 77 45 186 315
 249 125 91 129 177 277 279 26 119 58 116 115 352 108 241 52 277 260 248 258 49 190 205 108 132 267 132 172 65 115 69 1 235 106 201 80 223 304 169 88 327 238 270 151 202 132 299 104 147 5 133 63 96 240 249 44 175 142 22 277 148 203 189 319 109 231 178 51 192 108 274 120 71 251 112 263 258 69 95 145 137 108 352 49 247 148 98 35 116 198 194 285 123 157 144 263 271 239 253 94 84 135 107 258 288 233 136 307 21 241 147 56 160 249 246 21 163 167 60 218 150 163 3 167 34 65 66 69 119 67 69 175 4 132 245 203 124 283 252 231 273 298 210 221 288 181 238 189 127 215 111 167 83 92 196 230 113 167 99 145 328 32 267 139 261 217 224 133 126 193 96 344 69 225 111 156 262 83 231 144 217 166 207 160 168 132 195 283 190 145 79 171 99 134 95 165 158 201 125 142 254 256 223 264 169 161 182 310 202 98 135 135 204 160 41 10 265 237 276 243 193 146 170 146 227 146 171 124 145 318 219 217 35 257 208 108 226 129 29 299 316 206 263 208 377 79 140 87 50 267 260 185 95 129 261 179 34 46 237 268
 53 273 323 325 87 106 60 258 225 268 314 249 134 293 216 247 319 26 236 148 269 48 223 342 342 43 227 234 180 242 212 235 1 333 239 157 324 75 155 278 99 16 179 283 234 115 140 302 191 239 282 193 249 184 45 204 193 376 217 49 116 34 260 85 212 245 173 211 45 145 126 300 172 256 320 205 94 183 245 132 329 129 127 257 131 156 332 228 129 209 166 53 143 149 335 187 254 68 273 323 264 304 132 217 56 71 241 99 250 54 228 182 185 100 204 220 111 206 276 166 306 142 237 178 250 297 300 167 250 253 210 177 234 113 175 75 161 283 200 225 50 114 283 25 90 325 31 65 255 175 169 220 154 286 72 112 194 164 308 379 113 266 151 373 177 91 224 130 249 164 208 121 303 14 291 193 137 302 12 115 195 89 270 162 235 315 263 109 67 162 263 94 266 237 327 149 269 307 255 371 267 180 266 291 138 119 117 87 263 142 241 202 34 78 249 244 243 34 278 218 208 164 233 101 95 378 97 254 210 84 35 155 264 100 36 136 193 330 230 344 85 117 178 310 149 254 156 200 263 208 317 53 323 356 70 184 265 248 104 279
 339 192 74 66 264 356 381 93 208 117 59 193 439 156 338 132 274 358 342 363 105 290 237 62 46 360 161 195 170 135 166 106 333 1 224 181 202 404 232 74 419 334 327 216 292 222 372 59 195 102 196 143 112 341 340 149 220 81 127 378 253 300 270 416 152 321 232 152 292 213 348 166 162 341 132 309 339 152 116 251 73 209 442 120 317 214 60 132 207 293 251 380 202 261 78 316 299 325 267 14 88 100 203 299 388 337 220 394 88 344 174 160 210 354 291 126 269 206 59 275 118 267 105 267 113 43 57 170 132 89 167 228 106 236 301 308 228 299 298 325 365 378 210 316 373 142 340 280 135 316 215 199 185 142 284 335 211 269 44 60 415 77 332 51 317 297 318 215 205 251 146 433 58 322 162 202 367 36 327 229 262 255 214 262 191 83 277 363 293 208 146 276 166 155 72 269 157 183 202 38 272 311 235 273 274 239 258 400 212 192 154 179 301 257 120 99 359 330 294 281 288 208 195 237 306 48 255 133 239 415 312 320 96 362 309 213 273 58 126 290 409 311 319 190 467 153 208 186 72 312 254 286 84 23 347 279 90 125 342 283
 209 320 269 172 156 193 298 220 298 257 170 304 283 308 382 250 88 254 397 354 247 223 22 272 199 239 70 31 212 93 248 201 239 224 1 187 91 308 86 152 281 230 125 344 364 154 191 166 65 200 329 147 117 364 215 216 48 301 202 286 247 215 366 295 92 390 67 231 221 228 173 320 159 409 309 95 183 147 115 259 170 193 293 249 142 94 265 228 153 349 76 262 125 283 171 110 76 189 53 223 141 133 168 81 289 289 318 242 194 282 55 197 62 318 77 207 260 42 181 87 122 284 203 310 234 215 236 183 94 149 247 64 198 219 102 269 263 83 86 380 241 212 48 216 221 121 263 177 90 343 256 35 190 292 168 314 276 302 181 283 262 211 144 274 116 155 375 132 313 78 106 284 240 227 310 58 349 192 228 141 58 159 33 294 35 153 372 198 248 90 277 253 296 72 270 290 71 82 315 253 55 108 30 67 286 126 123 261 27 162 72 70 212 188 240 206 411 214 77 63 345 88 32 159 157 267 146 93 311 295 206 333 231 322 239 215 68 181 223 114 279 301 117 81 318 276 98 257 176 97 81 222 277 238 206 323 228 245 314 68
 174 149 168 187 107 207 201 102 116 117 174 129 277 154 202 99 272 181 215 196 116 111 183 186 198 189 132 163 33 130 74 80 157 181 187 1 240 225 124 139 250 160 219 170 179 62 233 161 122 83 159 55 123 190 173 52 146 220 61 198 80 124 182 241 107 205 140 64 114 46 209 164 32 225 173 221 189 48 120 84 193 29 275 106 187 105 176 76 49 165 151 207 70 104 200 215 244 166 238 170 127 178 34 221 209 158 137 233 95 164 143 28 130 178 207 65 95 146 126 171 187 107 82 127 96 142 144 12 137 112 73 139 79 57 197 129 78 263 211 197 195 227 213 143 215 214 160 114 145 166 70 153 5 143 124 162 91 121 163 224 253 111 209 218 211 149 192 73 135 149 94 267 148 146 154 131 197 152 152 79 181 94 205 113 161 182 187 213 113 105 121 98 132 139 171 112 172 218 139 218 237 208 214 253 112 100 122 233 198 31 142 119 126 82 97 89 230 160 257 210 161 107 162 74 159 224 103 142 125 239 142 162 109 185 129 38 188 190 77 298 238 141 213 223 299 114 97 75 113 225 261 107 169 204 187 140 110 98 167 251
 297 347 265 138 238 283 382 235 337 274 144 337 372 325 441 274 79 340 453 425 262 301 111 260 163 327 110 91 257 113 285 223 324 202 91 240 1 394 169 146 371 316 210 373 413 225 279 147 135 221 355 188 129 428 303 253 132 282 232 371 312 297 408 384 134 441 153 266 300 285 262 337 208 461 316 177 273 193 130 321 132 255 383 269 231 170 255 257 220 403 165 350 194 342 129 195 138 278 95 206 143 103 231 160 375 366 356 332 209 362 102 240 140 394 162 236 326 119 181 177 85 345 224 365 255 211 234 232 107 159 285 149 220 284 190 344 316 122 170 435 329 302 44 300 311 62 345 260 99 404 307 105 243 309 253 387 322 359 162 255 352 221 232 247 202 243 429 204 347 167 146 374 238 311 329 132 422 179 313 217 148 239 59 352 90 120 414 288 323 165 300 322 321 102 264 350 69 24 347 220 104 195 73 90 348 206 208 351 65 222 99 128 294 264 262 225 468 301 118 144 398 162 92 234 246 235 228 102 357 384 291 398 246 399 319 274 156 146 250 90 368 370 203 17 407 301 172 298 182 178 58 299 275 207 296 378 240 267 388 107
 103 323 389 399 160 142 30 325 274 331 387 300 117 349 228 309 383 55 248 145 333 115 290 408 415 73 300 305 245 315 271 304 75 404 308 225 394 1 226 351 77 80 229 329 262 189 172 375 263 307 331 265 323 193 95 269 263 442 284 28 169 107 294 44 286 265 243 274 113 205 168 354 244 271 379 260 140 255 318 182 403 197 102 320 184 229 399 292 202 236 233 53 217 191 409 240 312 123 337 394 337 377 203 275 20 89 287 108 319 71 301 250 256 100 263 287 159 277 347 229 380 183 306 215 315 366 368 236 323 326 270 246 303 175 232 113 213 343 258 243 73 139 353 97 115 399 67 138 328 194 223 291 222 344 143 125 245 201 381 448 108 335 199 442 230 155 244 203 297 231 282 101 371 88 346 265 131 373 84 189 259 162 339 202 306 388 295 142 118 235 321 144 321 310 392 188 342 379 304 442 330 235 334 354 177 192 187 82 332 214 314 275 107 150 313 313 250 95 339 279 237 237 304 175 155 448 170 328 252 42 105 173 330 95 97 199 255 403 295 408 64 143 231 381 113 312 229 256 334 263 383 120 388 427 111 217 332 311 113 341
 131 271 254 199 71 131 214 193 239 223 192 252 219 269 306 210 170 172 322 271 217 138 72 265 222 160 83 80 155 106 195 169 155 232 86 124 169 226 1 161 210 147 102 292 295 75 142 183 43 170 281 107 123 285 136 167 39 298 161 203 170 130 303 218 82 318 20 182 136 158 118 280 106 336 280 98 116 102 119 184 201 121 227 213 87 22 255 186 80 277 27 183 55 208 205 95 124 113 128 226 146 168 97 98 207 204 260 175 171 196 79 143 32 233 84 166 181 52 176 50 165 207 171 238 199 208 223 125 113 144 194 23 166 142 78 185 193 147 87 306 163 152 129 132 154 178 179 92 115 265 189 66 126 255 84 231 213 227 194 288 196 190 102 280 93 78 302 55 258 26 87 217 227 143 270 41 265 197 145 60 59 74 116 221 81 184 308 137 164 25 236 171 251 93 257 214 120 154 262 267 124 89 114 145 209 41 40 189 108 95 97 59 127 105 204 177 335 133 141 88 273 25 79 77 84 278 61 116 245 218 122 253 203 237 154 144 65 207 183 197 204 219 95 156 252 231 30 198 166 102 165 137 260 251 133 250 201 206 229 138
