NAME : domp240p120v5
COMMENT : (Deleplanque et al.) 
TYPE : DOMP
DIMENSION : 240
DISPLAY_DATA_TYPE: NO_DISPLAY
OPEN_FACILITIES : 120
COST_SECTION
 1 114 211 142 171 303 152 307 339 315 297 135 16 332 256 185 173 341 371 60 157 62 284 298 249 203 286 157 211 332 329 175 149 119 236 302 265 262 40 324 387 349 259 17 286 280 24 324 159 252 293 196 227 180 297 182 359 197 259 236 372 168 378 173 156 128 326 308 258 37 218 202 192 257 400 329 148 178 297 338 132 207 195 205 84 301 386 170 50 155 290 149 191 332 90 87 364 315 265 266 330 239 365 311 289 49 285 131 249 98 68 215 368 156 153 124 376 210 227 314 231 267 162 105 148 191 276 297 35 246 76 24 98 400 202 417 283 52 243 239 77 84 266 318 228 380 408 63 290 80 332 77 303 195 135 336 160 101 313 259 301 368 332 289 408 209 294 299 218 85 241 120 188 317 124 28 102 376 283 47 423 275 50 171 354 174 196 164 52 117 192 358 262 392 110 112 258 88 329 275 389 106 215 337 333 41 303 53 74 338 131 165 237 316 253 221 297 372 126 273 67 266 271 364 80 202 190 274 392 249 343 266 248 254 315 350 341 228 348 324
 114 1 138 198 158 200 100 207 232 242 195 105 127 221 213 216 215 241 293 117 60 109 171 282 258 108 197 49 211 224 276 144 39 44 222 240 242 169 132 212 286 281 160 129 183 168 100 326 89 224 275 90 122 117 211 122 290 121 238 137 264 65 269 189 178 99 278 206 205 140 144 100 88 172 294 291 83 156 186 323 155 122 112 127 95 278 299 172 158 69 201 152 206 326 147 171 258 203 222 200 229 142 287 301 285 154 173 59 253 167 157 142 260 44 91 182 276 224 114 243 222 163 162 29 127 81 164 231 143 223 144 97 156 313 90 327 290 72 199 162 55 139 174 303 117 299 317 175 254 191 296 108 200 85 37 336 64 94 201 223 204 268 328 178 307 102 202 209 105 152 144 111 128 205 196 109 51 266 265 84 332 213 116 109 265 135 210 188 112 154 109 296 153 305 88 134 251 75 329 212 288 93 129 253 244 86 264 90 72 322 129 110 193 204 142 191 250 289 58 175 71 201 259 256 192 92 113 186 294 168 292 225 148 146 245 288 326 117 241 316
 211 138 1 329 295 121 232 118 264 340 117 242 218 229 337 353 350 297 381 171 173 163 175 413 395 54 81 104 348 255 389 278 114 180 355 349 373 69 202 190 333 382 78 226 107 152 211 460 215 354 406 174 190 32 297 248 388 236 369 68 288 86 285 326 315 236 395 125 323 217 256 70 80 52 324 413 64 291 212 454 291 228 223 16 134 406 373 309 233 70 85 289 343 458 275 290 292 193 345 310 282 226 375 433 419 226 159 86 390 293 273 6 286 136 59 312 325 362 130 343 357 97 299 166 264 152 154 338 225 354 268 188 285 386 126 394 427 194 323 268 187 267 258 434 159 383 381 256 378 285 419 239 255 102 163 471 79 230 194 350 106 319 461 201 353 87 93 289 141 277 63 248 252 207 322 190 112 281 397 205 398 325 237 41 338 267 347 325 173 288 220 401 199 378 104 269 385 210 464 323 333 111 231 337 320 205 387 160 138 452 266 239 317 183 174 322 369 369 192 86 201 312 392 283 283 153 26 69 345 268 405 349 77 109 347 393 457 166 271 449
 142 198 329 1 104 393 148 402 360 273 388 121 147 372 187 55 36 341 328 202 201 203 338 189 124 304 394 245 106 355 257 128 233 168 139 247 170 366 177 384 385 294 356 135 377 347 129 198 169 166 188 236 261 303 278 165 304 192 164 333 392 262 403 66 54 122 249 400 202 167 203 297 283 368 411 240 267 117 334 223 56 212 201 320 221 200 356 85 166 263 398 81 76 211 56 63 377 370 193 224 335 250 322 196 170 171 349 245 129 46 80 334 388 225 274 19 375 89 294 270 130 357 85 172 110 245 340 249 157 157 68 160 47 368 271 389 155 137 180 221 145 64 264 206 280 340 384 156 205 129 239 91 315 276 191 209 261 109 367 180 400 366 209 331 402 296 398 287 279 58 341 102 170 364 32 169 219 402 179 126 395 225 98 293 333 138 81 53 194 47 201 294 296 361 242 69 147 125 203 228 388 239 219 309 315 129 218 190 203 225 90 154 177 377 301 148 223 338 162 371 130 223 163 384 136 256 306 383 385 234 267 192 343 336 268 288 226 276 369 206
 171 158 295 104 1 328 68 340 263 171 324 54 183 281 91 81 93 240 227 221 132 218 255 130 101 256 343 195 54 259 165 28 183 116 68 147 95 313 210 302 283 195 300 174 314 270 149 169 90 82 125 157 174 274 176 70 206 98 89 278 294 213 306 48 52 60 160 335 102 206 103 244 230 321 310 160 240 14 244 172 55 118 110 282 224 131 253 23 215 225 347 28 58 171 102 137 278 286 99 121 235 156 221 147 128 217 271 216 96 116 143 298 290 166 248 102 273 73 222 168 66 295 20 131 32 173 263 147 200 76 116 177 102 266 203 286 133 134 81 120 122 103 164 151 201 238 281 215 121 202 161 95 217 216 134 180 217 77 282 90 342 264 172 243 300 238 344 185 205 113 287 55 73 277 128 192 200 305 115 130 292 123 125 266 230 40 60 58 213 75 111 199 207 259 233 64 95 97 172 126 286 234 124 206 212 136 134 198 199 171 41 66 76 296 218 53 131 236 104 314 117 120 105 286 208 181 270 334 282 132 178 99 286 269 166 192 175 196 272 161
 303 200 121 393 328 1 262 17 187 309 6 282 313 141 339 401 404 233 335 277 198 269 105 424 426 101 61 151 379 180 371 305 162 226 376 330 384 53 305 90 256 349 47 319 18 77 295 479 240 365 415 175 169 147 260 265 353 242 382 68 201 137 193 370 363 278 381 8 319 318 254 102 113 76 236 405 165 320 144 461 344 226 228 115 240 412 315 348 336 149 61 333 384 471 345 369 212 102 345 297 219 204 331 446 438 330 82 174 418 365 355 117 200 169 163 378 252 400 108 314 381 37 340 222 302 157 84 317 325 368 342 281 354 326 126 328 453 270 328 256 253 337 227 443 134 334 314 357 378 381 412 306 199 118 203 488 143 285 105 356 30 248 476 135 275 98 47 248 126 350 65 296 266 121 394 288 203 189 408 282 331 312 314 154 283 292 386 373 277 348 226 371 155 319 211 326 406 270 481 308 255 219 225 291 270 284 383 259 235 457 313 264 323 86 130 338 361 317 234 37 270 299 408 199 381 149 127 66 271 251 386 350 56 60 319 364 464 142 191 461
 152 100 232 148 68 262 1 273 215 164 258 28 167 225 116 143 149 203 220 188 65 183 193 184 167 191 277 130 120 210 184 47 119 57 125 153 144 246 187 240 248 199 233 161 247 205 129 230 24 125 176 92 114 214 149 31 209 50 139 211 247 148 257 110 106 30 184 268 111 188 68 178 164 256 269 194 182 61 187 225 93 67 55 218 181 179 237 87 201 164 281 74 124 228 119 155 234 225 125 115 194 105 214 203 189 200 207 158 161 139 152 235 243 100 189 139 238 139 156 163 126 229 79 76 42 106 198 147 185 124 127 149 124 251 137 268 198 103 102 90 82 115 124 204 137 229 261 209 156 207 198 90 171 149 70 240 154 57 221 125 275 229 231 184 267 171 277 153 139 130 221 49 37 218 162 165 147 256 167 106 274 125 119 206 207 37 126 115 181 105 54 209 149 242 183 83 155 65 233 125 251 186 74 188 186 112 167 162 155 223 59 14 96 233 156 92 155 222 43 247 87 115 161 239 211 115 207 268 251 101 199 127 219 203 164 202 228 132 224 218
 307 207 118 402 340 17 273 1 203 325 18 293 317 157 353 412 414 249 351 279 209 270 121 438 438 105 49 159 391 196 386 317 170 236 389 345 398 50 308 105 272 364 49 323 27 92 301 492 252 378 429 187 184 145 276 277 368 256 395 72 216 144 208 381 374 289 396 13 333 321 268 108 120 69 251 419 166 332 160 475 354 240 241 113 242 426 331 359 339 153 48 343 395 485 353 376 227 118 360 312 235 219 346 459 451 332 97 177 430 373 361 113 215 179 164 386 267 411 121 330 393 46 351 231 313 169 99 332 328 381 350 285 362 342 138 343 466 276 341 271 260 345 242 457 148 349 330 360 392 385 427 314 215 127 213 501 148 294 120 370 16 263 489 150 290 107 34 264 138 358 67 306 278 137 402 291 206 204 422 289 346 327 321 152 299 304 398 383 279 357 239 387 170 335 212 335 419 278 494 323 270 220 239 307 286 290 398 262 238 471 323 276 337 101 145 351 376 333 244 36 277 314 422 214 385 162 127 56 287 266 402 364 60 72 335 380 478 156 207 475
 339 232 264 360 263 187 215 203 1 154 188 242 354 49 223 342 354 52 159 347 183 339 91 305 335 214 242 204 297 10 221 236 206 222 279 185 272 219 362 102 71 185 201 353 186 118 321 363 196 256 296 144 113 273 110 196 185 169 273 199 34 208 44 310 312 243 235 191 199 369 161 199 195 244 65 263 265 250 53 332 305 149 161 250 319 287 132 285 386 237 243 281 316 348 332 367 29 86 225 170 42 111 156 326 328 383 111 255 325 353 361 263 30 189 268 352 65 325 139 160 287 182 281 235 251 152 114 172 371 263 338 325 338 142 155 141 352 289 218 147 264 327 101 318 120 155 128 401 250 409 272 298 47 176 205 369 222 266 84 241 216 61 355 64 91 181 231 95 136 342 207 263 192 67 376 339 270 43 292 298 144 181 322 272 105 225 316 319 343 318 162 208 79 135 301 296 305 264 364 176 70 308 142 121 99 303 250 320 300 327 272 207 216 104 97 243 226 138 219 206 279 172 300 26 412 142 252 242 85 135 233 230 194 159 166 203 334 117 10 339
 315 242 340 273 171 309 164 325 154 1 308 184 329 196 93 237 255 107 58 348 184 342 207 160 206 288 351 245 181 156 68 152 239 207 153 36 135 322 349 241 135 43 304 323 302 234 292 217 160 124 151 168 152 335 50 134 50 123 138 291 173 259 188 210 220 189 82 315 73 351 100 272 261 341 172 111 311 159 172 181 225 121 131 325 334 140 85 189 364 285 354 197 209 199 268 305 153 222 90 52 113 115 52 179 187 363 230 291 195 285 307 341 170 215 317 273 127 210 217 7 163 289 190 227 178 190 227 27 348 133 280 311 270 96 215 117 214 266 96 80 243 267 85 170 186 68 114 370 104 365 119 248 118 239 206 222 271 217 219 107 334 121 207 179 145 256 344 64 203 279 301 202 128 205 298 327 292 190 150 269 123 50 279 330 70 147 206 223 341 244 134 63 156 90 328 228 171 228 217 46 139 333 115 43 61 275 101 320 309 176 200 151 98 239 182 128 77 66 196 314 249 53 161 166 370 188 319 346 128 75 81 94 292 260 13 56 183 178 158 191
 297 195 117 388 324 6 258 18 188 308 1 278 308 142 336 397 400 233 334 272 194 263 104 421 422 96 59 146 375 180 369 301 157 222 373 328 381 49 300 91 257 347 42 314 13 75 290 475 236 361 412 171 166 142 259 261 351 239 379 63 202 132 195 366 359 274 379 12 316 313 251 97 108 72 237 402 160 316 144 458 340 223 224 110 235 409 315 344 331 144 59 328 380 468 340 364 212 103 343 295 219 202 330 442 435 325 81 169 414 360 350 113 201 165 158 373 252 396 104 312 377 32 336 218 298 153 82 315 320 364 337 276 349 326 122 328 450 265 324 254 248 332 225 440 131 333 314 352 375 376 410 301 198 113 199 485 138 280 105 353 29 248 473 134 275 94 45 247 122 345 60 292 262 122 390 283 197 191 405 277 331 310 310 149 283 289 382 369 272 343 222 370 153 319 206 321 403 265 478 306 256 214 222 290 270 279 381 254 230 454 309 260 320 87 128 334 359 317 230 32 265 297 405 200 376 146 122 63 272 249 384 347 50 56 318 363 461 139 192 458
 135 105 242 121 54 282 28 293 242 184 278 1 148 252 124 120 125 229 241 177 85 173 218 180 154 205 293 143 107 237 195 44 132 63 119 168 142 263 172 265 275 216 251 142 267 229 112 221 49 126 174 117 140 221 173 53 226 76 137 228 275 161 284 89 83 8 194 289 124 171 93 194 179 270 296 200 187 53 214 222 67 94 82 229 175 179 260 69 182 173 297 52 105 222 92 129 261 250 133 133 221 132 234 198 181 183 231 163 149 112 127 245 270 116 195 111 264 122 178 182 118 248 60 78 23 128 222 164 167 123 101 135 97 273 157 292 186 89 110 114 73 89 151 202 161 250 285 188 161 183 203 66 198 167 83 232 165 35 247 129 294 255 224 211 293 189 295 179 162 103 237 22 59 244 135 151 147 283 164 90 297 141 96 213 231 41 108 92 169 78 81 224 176 265 182 55 147 50 225 142 277 183 101 211 211 96 173 152 150 221 33 37 104 258 181 93 164 244 51 265 72 133 156 266 188 138 217 283 277 125 210 134 237 223 182 217 225 157 251 213
 16 127 218 147 183 313 167 317 354 329 308 148 1 346 269 192 179 356 386 58 172 62 297 308 257 213 294 170 222 346 342 188 162 134 247 316 277 272 31 337 402 363 269 13 296 293 38 333 174 264 304 210 242 187 311 196 373 211 270 247 386 179 392 182 165 142 339 319 272 24 233 213 203 266 415 342 156 190 311 348 142 222 210 214 88 312 401 181 36 165 298 160 200 342 97 88 378 329 278 280 345 253 379 321 298 35 298 141 258 102 69 223 383 170 161 129 391 218 240 328 242 278 173 120 161 205 289 311 20 258 82 33 104 415 216 432 291 67 256 254 92 91 281 328 242 394 423 49 303 69 344 89 317 208 149 344 172 115 327 271 311 383 341 304 422 221 303 314 231 91 251 133 203 331 126 30 112 390 294 62 437 288 60 178 369 188 205 172 52 125 207 372 276 406 116 123 268 103 338 289 404 110 230 352 348 55 315 58 81 348 143 179 250 329 267 233 310 387 141 283 82 280 281 379 68 217 198 282 407 264 356 278 259 266 329 364 351 242 363 334
 332 221 229 372 281 141 225 157 49 196 142 252 346 1 255 361 371 100 207 332 181 323 56 339 362 181 198 185 321 44 263 254 189 221 307 225 304 178 351 54 116 229 160 347 142 78 316 397 204 286 330 142 113 242 148 212 231 184 304 162 62 185 57 328 328 252 275 145 231 360 182 169 168 203 98 303 239 270 39 369 317 164 173 216 301 323 180 303 377 212 199 296 337 384 338 371 72 40 258 203 88 127 203 361 361 373 71 233 352 359 363 227 60 177 241 362 112 348 114 202 314 140 298 229 264 142 76 211 363 292 342 316 345 190 135 189 382 285 247 173 261 332 129 354 105 203 175 394 286 406 311 301 80 152 200 405 198 271 38 273 170 109 391 44 134 152 186 134 117 347 169 272 209 23 384 328 253 54 326 295 192 216 322 243 152 242 338 336 328 328 173 253 77 184 279 306 334 265 399 211 115 287 158 167 144 300 287 306 284 365 283 220 245 56 80 269 263 186 220 163 277 206 331 59 408 131 220 199 131 163 276 264 155 121 207 247 372 105 51 375
 256 213 337 187 91 339 116 353 223 93 336 124 269 255 1 147 165 186 144 300 165 295 247 87 116 290 368 235 90 222 75 82 225 171 62 62 50 337 294 289 222 108 321 261 328 269 233 144 125 34 78 170 171 323 117 92 118 103 51 303 249 252 263 122 134 130 71 346 25 292 87 275 262 352 256 79 293 81 222 123 144 115 117 323 295 74 176 104 302 272 372 117 118 133 192 227 230 271 10 54 186 138 138 109 107 303 267 270 105 205 233 339 245 202 300 189 213 118 235 88 72 312 108 190 109 192 261 67 287 42 206 258 192 187 223 209 130 212 15 86 194 192 127 105 206 156 206 304 43 292 84 182 179 243 179 152 260 156 268 19 359 205 139 225 235 264 365 131 217 203 313 137 87 258 214 274 261 264 72 212 214 46 212 316 160 84 115 135 292 164 119 109 193 181 298 153 83 173 146 51 226 301 116 133 146 218 52 274 269 119 128 105 21 285 213 40 42 157 157 334 195 52 78 241 298 195 313 361 217 94 89 13 308 282 85 102 125 198 230 124
 185 216 353 55 81 401 143 412 342 237 397 120 192 361 147 1 22 317 290 243 204 243 334 136 70 321 410 259 59 339 212 108 248 179 92 207 121 380 223 380 359 252 369 181 386 347 168 145 165 121 136 234 253 329 250 150 263 178 115 346 373 277 385 34 40 124 202 408 166 214 183 311 297 386 388 190 293 93 324 169 63 198 190 342 258 148 321 59 216 284 414 70 30 158 97 115 357 365 152 191 313 236 284 142 116 220 348 269 75 95 130 357 369 234 300 68 348 36 297 233 82 367 65 189 102 247 340 211 205 111 112 200 89 332 276 354 102 168 142 198 168 103 243 153 279 302 350 208 158 182 189 120 297 286 200 156 279 124 361 136 412 340 155 322 374 307 413 261 281 103 355 108 153 357 86 211 247 385 127 159 359 189 137 319 301 120 32 30 235 71 190 249 287 326 274 85 94 144 150 193 362 273 204 276 285 163 170 227 236 172 90 144 141 374 296 111 179 302 169 384 156 189 111 365 189 257 328 400 356 210 220 149 356 343 230 244 172 273 351 152
 173 215 350 36 93 404 149 414 354 255 400 125 179 371 165 22 1 331 308 232 208 233 341 156 90 320 410 259 79 350 232 119 248 180 111 226 141 381 209 388 374 271 370 167 389 353 158 163 172 140 156 240 262 324 265 160 282 188 135 347 386 277 397 47 44 127 222 411 183 200 195 311 298 385 402 211 289 105 333 189 61 208 199 339 249 169 338 71 200 281 414 76 48 177 84 98 370 373 170 207 327 247 302 162 136 205 354 265 96 79 114 354 381 236 296 52 363 56 302 251 102 369 74 188 108 252 346 229 190 131 99 189 76 350 280 371 120 161 160 211 164 91 256 173 285 320 367 191 178 164 209 113 309 288 202 174 278 122 369 155 414 355 174 331 389 309 413 276 286 89 356 109 164 365 66 200 242 397 148 151 377 206 126 315 318 131 52 36 224 63 199 269 296 343 267 82 115 141 168 210 377 266 214 293 301 154 191 218 229 192 93 152 158 381 304 128 198 320 171 385 151 206 131 377 171 262 325 399 372 224 241 168 357 346 248 264 192 280 363 171
 341 241 297 341 240 233 203 249 52 107 233 229 356 100 186 317 331 1 108 358 186 350 132 264 301 245 285 224 267 57 174 215 222 223 245 141 234 260 369 151 47 135 242 353 230 160 321 321 187 219 255 152 122 302 70 179 134 154 236 236 67 231 82 286 291 232 188 238 162 374 140 229 223 283 72 217 288 227 91 288 287 138 150 283 334 245 83 261 390 260 287 262 290 305 321 357 46 135 187 133 16 104 105 284 289 387 154 275 290 340 354 297 63 202 293 336 36 296 168 114 254 224 259 239 234 166 154 129 374 227 329 331 325 94 178 98 314 290 183 121 265 317 79 275 142 104 85 402 208 406 226 290 44 202 210 327 245 258 132 203 261 28 312 102 68 212 275 57 160 331 245 251 174 116 361 345 286 83 252 298 102 142 317 300 53 205 289 296 352 303 152 158 100 87 319 282 268 260 322 137 50 326 130 71 49 303 206 330 312 282 256 193 182 152 124 211 182 87 217 248 277 135 261 60 410 158 282 284 53 109 185 192 233 197 119 153 289 137 54 296
 371 293 381 328 227 335 220 351 159 58 334 241 386 207 144 290 308 108 1 403 235 396 231 195 252 328 383 292 232 164 93 209 287 262 202 83 179 355 405 257 115 43 337 380 330 260 349 248 215 172 188 214 192 379 86 191 36 178 184 327 168 304 183 264 275 246 107 340 127 407 155 312 302 376 155 135 358 215 192 207 281 172 183 366 387 175 42 244 420 332 385 253 261 228 325 362 148 240 139 109 120 158 8 212 225 420 254 340 240 341 364 382 165 263 364 329 111 260 254 60 213 320 246 281 235 234 253 81 405 182 337 367 327 47 256 69 254 322 150 134 298 324 125 200 224 13 71 427 144 422 143 305 137 280 258 251 316 274 236 156 362 108 236 201 117 296 374 93 241 336 337 260 184 221 354 383 343 185 189 325 74 105 336 375 56 204 258 277 396 300 186 61 187 44 379 285 215 284 247 102 119 385 166 46 66 332 136 375 362 201 257 208 153 257 213 182 117 25 251 345 306 110 203 163 427 230 362 379 103 127 96 143 326 292 62 60 208 216 160 221
 60 117 171 202 221 277 188 279 347 348 272 177 58 332 300 243 232 358 403 1 173 10 279 350 305 177 250 148 265 339 370 220 144 142 288 340 315 231 34 315 402 385 232 70 261 270 77 380 189 300 345 207 238 140 323 217 395 226 309 211 379 152 382 229 213 170 370 282 298 48 249 181 174 221 410 376 114 225 300 390 188 232 221 169 38 351 412 223 64 130 254 201 247 387 149 145 373 309 309 301 345 257 396 365 343 56 276 106 305 157 126 176 375 159 117 183 392 266 220 348 284 243 215 123 194 196 267 333 58 296 135 45 157 426 198 441 339 89 286 269 108 142 288 371 230 410 431 86 337 119 379 130 316 184 149 392 141 146 307 305 271 384 387 291 424 192 261 322 215 144 213 167 224 314 182 33 81 380 335 92 447 312 108 131 379 217 252 221 9 174 218 397 268 418 68 167 311 128 385 312 404 61 239 365 357 86 349 29 49 390 181 201 280 306 255 268 340 400 153 244 106 302 323 372 116 206 155 238 410 277 386 310 223 237 349 389 394 232 356 378
 157 60 173 201 132 198 65 209 183 184 194 85 172 181 165 204 208 186 235 173 1 166 140 242 231 128 213 70 184 176 222 110 61 41 186 185 202 182 183 185 232 224 169 171 183 147 139 291 45 182 234 40 71 159 152 76 233 66 198 147 216 88 223 172 166 82 226 205 153 189 88 115 101 193 244 242 131 125 144 282 149 64 55 159 154 235 241 150 206 108 217 135 187 288 160 192 207 172 174 145 174 85 229 262 250 203 149 109 225 181 183 175 212 38 138 188 222 203 95 185 189 165 142 53 104 45 140 175 190 183 163 145 168 255 73 269 261 108 151 105 82 154 116 263 81 241 259 219 207 228 248 122 147 85 25 302 96 94 169 178 211 213 291 138 253 107 213 150 79 168 157 101 80 169 208 160 109 221 225 117 275 159 143 153 207 99 189 176 167 155 52 240 107 247 146 133 217 86 294 157 234 151 70 195 186 121 216 145 130 280 116 70 145 178 104 151 199 230 41 183 97 146 222 208 230 56 149 204 238 110 239 177 155 140 188 232 285 78 192 278
 62 109 163 203 218 269 183 270 339 342 263 173 62 323 295 243 233 350 396 10 166 1 270 347 304 168 242 139 263 331 365 216 135 135 285 334 312 223 40 306 394 379 223 73 252 261 76 379 183 297 342 199 230 132 316 212 389 220 306 202 370 143 374 227 212 166 365 274 293 55 243 172 165 213 402 372 105 222 291 388 187 226 214 161 30 348 405 221 71 122 246 199 246 385 149 148 365 300 304 295 337 250 389 362 341 64 267 97 303 159 129 168 367 150 108 184 384 265 211 342 281 235 212 116 190 187 258 327 65 292 136 44 158 419 189 434 338 85 281 263 103 142 281 368 221 403 424 94 333 125 375 128 308 175 142 390 132 143 299 301 262 376 385 282 416 183 253 315 207 146 205 164 218 305 185 35 72 371 332 89 439 307 108 123 371 212 251 220 12 174 211 391 260 411 60 165 309 124 383 307 396 53 233 358 350 84 345 23 40 388 179 195 276 298 246 264 336 393 147 236 102 296 321 363 122 198 146 230 402 271 381 306 214 228 343 383 391 223 348 376
 284 171 175 338 255 105 193 121 91 207 104 218 297 56 247 334 341 132 231 279 140 270 1 333 345 127 155 132 301 82 270 229 137 178 292 230 295 130 300 47 161 246 112 299 100 30 269 390 171 276 324 103 82 187 158 187 249 160 293 110 114 130 112 301 298 217 281 110 225 309 165 114 113 154 150 306 184 245 41 367 284 141 147 162 247 319 213 277 327 157 156 266 312 379 299 330 118 34 252 200 117 110 227 355 351 322 24 179 336 320 320 174 111 129 186 326 154 325 60 212 298 93 270 183 234 97 24 216 313 280 301 266 306 224 83 228 369 239 237 162 216 292 127 350 59 230 215 345 283 360 314 261 95 97 156 398 143 233 31 265 132 149 385 31 181 97 145 145 67 307 118 237 185 36 347 278 199 109 318 250 231 215 279 188 180 217 314 307 276 293 146 268 55 217 224 270 321 224 391 211 160 232 137 188 167 253 287 254 232 363 251 191 233 41 39 253 264 214 180 118 232 203 321 109 361 85 165 153 174 155 285 257 105 69 217 261 370 63 97 370
 298 282 413 189 130 424 184 438 305 160 421 180 308 339 87 136 156 264 195 350 242 347 333 1 72 369 451 311 88 305 104 139 300 238 63 125 42 420 337 375 294 153 404 298 412 355 276 59 199 61 10 253 256 397 197 167 162 184 45 385 328 329 343 130 147 187 90 431 110 331 171 355 341 433 331 66 364 129 307 42 168 199 199 400 353 21 234 128 337 346 454 150 115 48 217 245 309 357 82 137 266 224 192 23 31 340 353 340 63 223 256 416 325 279 371 199 286 101 319 154 67 396 137 256 160 274 347 136 324 61 233 306 213 242 305 264 61 263 98 172 251 220 212 22 291 208 265 334 57 313 61 222 262 323 252 66 336 206 354 70 443 279 53 311 303 345 449 211 301 227 395 185 164 343 220 320 327 344 18 259 268 125 249 389 228 148 110 142 342 187 201 140 279 238 361 186 43 226 60 130 298 362 200 201 219 265 61 327 328 42 169 175 102 371 299 93 83 215 225 418 247 135 28 321 320 278 389 443 286 180 105 77 391 367 148 138 46 283 311 38
 249 258 395 124 101 426 167 438 335 206 422 154 257 362 116 70 90 301 252 305 231 304 345 72 1 356 443 295 49 333 164 122 284 216 57 172 73 412 287 390 338 211 399 246 412 363 229 77 188 84 74 252 264 374 232 162 220 187 69 378 363 314 376 77 93 160 152 432 140 279 182 344 330 422 371 134 339 107 327 100 118 205 201 382 315 88 287 88 283 325 447 109 59 88 162 184 344 373 117 169 300 239 247 73 47 287 363 315 12 163 198 398 359 266 346 137 328 40 319 201 49 394 97 231 132 270 355 180 271 75 178 261 156 297 301 319 35 223 119 191 217 167 236 85 295 264 318 276 110 252 130 177 290 315 234 88 318 170 370 100 441 321 86 328 350 337 444 245 301 170 387 150 162 362 155 273 296 377 68 216 324 162 199 365 275 134 54 86 297 133 202 202 294 292 327 140 37 191 82 167 341 328 209 248 261 221 120 286 291 103 132 163 121 385 308 95 135 268 204 413 209 167 51 355 258 277 370 434 332 202 169 113 385 367 196 199 103 289 343 82
 203 108 54 304 256 101 191 105 214 288 96 205 213 181 290 321 320 245 328 177 128 168 127 369 356 1 90 63 309 205 339 236 74 143 313 298 328 62 205 149 281 330 57 219 85 107 197 418 172 309 361 124 138 61 244 203 336 188 325 35 239 45 238 292 282 200 345 107 275 218 207 17 29 66 275 364 66 251 161 409 261 178 174 39 141 361 320 272 236 49 94 254 308 415 253 274 242 149 298 260 230 174 322 389 377 229 114 74 350 272 258 54 237 92 66 288 273 326 78 291 316 67 263 134 226 101 107 287 225 310 248 181 262 333 73 341 387 174 276 217 161 245 205 389 106 330 329 257 331 281 370 215 202 50 123 429 45 199 149 304 100 267 418 150 302 34 95 236 88 257 39 214 206 160 302 187 102 234 352 186 346 275 219 63 285 225 311 292 177 260 172 349 147 325 112 240 344 181 422 272 281 121 180 284 267 187 339 159 135 406 232 196 271 141 122 278 320 316 154 71 177 262 349 234 281 101 39 80 293 217 355 302 47 66 295 341 412 113 221 405
 286 197 81 394 343 61 277 49 242 351 59 293 294 198 368 410 410 285 383 250 213 242 155 451 443 90 1 152 396 234 409 322 163 232 398 368 410 32 281 149 312 392 49 301 57 126 283 502 257 390 442 199 203 112 303 286 397 268 407 67 259 134 252 380 371 288 417 61 351 295 283 100 114 30 294 439 139 337 195 489 350 254 253 82 213 441 366 360 312 134 5 343 397 497 342 361 268 159 375 332 271 240 378 472 461 305 133 156 437 361 345 76 257 178 135 377 306 414 136 355 401 63 352 223 314 178 132 355 303 392 337 263 351 378 146 381 473 262 356 289 250 334 267 470 167 382 368 334 409 362 446 304 248 129 211 512 134 289 161 384 34 302 501 185 331 107 17 292 153 345 57 303 288 177 390 267 185 248 434 274 385 347 307 120 333 311 399 381 252 350 251 413 197 371 183 329 428 271 505 344 311 190 255 338 318 274 416 237 214 486 321 282 350 144 171 361 395 367 243 38 266 334 432 256 361 174 97 13 326 287 425 380 61 92 360 406 492 175 247 487
 157 49 104 245 195 151 130 159 204 245 146 143 170 185 235 259 259 224 292 148 70 139 132 311 295 63 152 1 248 196 289 176 13 82 254 250 270 122 169 169 266 287 113 173 135 125 147 359 113 251 303 79 104 91 207 145 294 134 266 89 235 19 237 230 221 138 294 158 222 180 155 53 40 128 268 311 67 190 155 351 200 128 122 90 117 304 291 211 198 41 156 192 247 356 195 219 232 162 243 211 210 135 286 331 318 193 130 52 290 215 205 106 232 33 73 229 256 264 73 248 256 115 202 73 165 59 121 240 185 251 192 138 204 305 51 316 326 120 221 169 103 187 168 331 86 296 304 216 276 236 317 156 181 39 62 369 27 138 161 247 157 249 359 145 287 54 155 201 70 200 97 153 149 167 244 148 68 234 294 132 321 225 164 86 255 165 250 231 145 200 119 304 127 296 97 179 284 121 362 223 267 104 132 249 236 134 285 123 100 349 171 137 215 161 110 219 268 283 93 127 120 212 290 228 236 67 80 141 275 172 306 247 100 98 251 296 354 89 213 346
 211 211 348 106 54 379 120 391 297 181 375 107 222 321 90 59 79 267 232 265 184 263 301 88 49 309 396 248 1 294 154 75 236 169 34 150 65 365 250 346 307 194 352 211 365 317 191 117 141 63 85 206 220 327 199 116 205 142 58 330 326 266 339 43 60 113 144 386 110 244 140 297 283 374 338 135 293 60 285 127 81 161 156 335 272 96 265 43 250 278 399 66 32 122 130 158 309 330 94 137 265 196 227 101 79 253 317 268 43 136 169 351 322 219 300 114 297 30 272 176 25 347 53 184 85 223 310 155 237 53 145 221 126 276 254 297 80 181 87 151 172 133 197 108 249 244 294 246 101 226 134 137 251 268 187 129 271 126 326 78 393 289 122 285 321 290 396 211 255 139 340 105 117 319 137 235 251 339 76 175 302 133 163 319 247 87 28 56 257 99 157 191 250 269 283 100 47 147 122 138 310 284 165 221 231 180 113 245 248 128 87 116 86 341 264 57 121 246 157 366 165 135 61 318 233 231 323 386 303 163 163 91 338 320 173 186 130 243 305 114
 332 224 255 355 259 180 210 196 10 156 180 237 346 44 222 339 350 57 164 339 176 331 82 305 333 205 234 196 294 1 223 232 198 216 277 186 271 211 355 96 79 188 193 346 179 110 314 363 190 254 296 137 106 264 110 192 188 164 272 191 41 200 49 306 308 238 236 184 198 362 157 191 187 235 73 264 256 247 45 332 300 145 156 242 311 287 138 281 379 229 236 277 313 348 326 361 38 79 224 169 46 106 161 326 328 376 103 246 323 347 355 254 37 181 260 347 73 322 131 162 285 174 277 227 246 145 105 173 364 261 332 318 332 148 147 148 351 283 216 144 257 321 98 318 112 160 135 394 250 403 273 292 45 167 198 369 213 260 77 240 208 69 355 56 99 173 223 95 128 336 199 258 188 60 371 331 262 48 292 292 152 181 316 264 109 221 313 315 335 313 156 211 72 142 292 291 303 258 364 176 79 300 138 125 102 296 250 312 292 327 267 203 214 97 88 240 226 143 213 198 272 171 299 34 405 134 243 234 93 133 236 230 186 150 168 206 335 109 18 339
 329 276 389 257 165 371 184 386 221 68 369 195 342 263 75 212 232 174 93 370 222 365 270 104 164 339 409 289 154 223 1 155 281 236 121 42 94 379 366 307 197 50 361 334 362 296 306 157 188 92 97 216 207 380 116 156 58 157 99 346 240 305 255 192 205 202 16 377 73 365 135 323 311 396 236 45 352 155 237 117 217 162 169 374 363 84 132 176 375 329 412 191 184 137 266 300 219 288 67 80 180 170 89 120 134 376 293 330 153 278 306 391 236 257 359 261 190 179 273 62 131 348 181 256 183 239 289 55 360 101 280 330 265 139 268 161 163 283 87 122 264 266 145 109 243 105 162 378 56 365 53 255 184 290 240 160 315 229 285 78 394 185 145 244 204 309 404 130 257 277 357 210 150 272 286 345 325 256 99 284 165 65 286 374 131 156 181 205 363 237 172 39 218 135 362 227 128 244 156 67 201 366 159 106 126 290 46 344 337 112 202 171 92 304 242 113 35 113 223 373 266 78 115 233 371 239 367 403 188 124 17 67 349 319 56 36 119 235 226 130
 175 144 278 128 28 305 47 317 236 152 301 44 188 254 82 108 119 215 209 220 110 216 229 139 122 236 322 176 75 232 155 1 165 101 79 132 100 291 213 275 258 180 278 180 291 244 152 184 67 83 132 132 148 259 151 44 190 71 95 257 267 195 279 75 77 51 152 311 86 211 77 224 210 302 284 157 226 17 217 180 75 91 84 264 218 136 232 50 221 209 326 48 84 182 117 154 252 259 90 101 209 129 202 158 143 222 245 202 115 134 157 281 263 146 234 124 247 97 198 149 80 273 46 118 29 149 237 130 206 80 130 178 119 245 180 265 152 132 69 94 116 116 138 160 176 219 259 224 118 215 160 102 191 194 116 194 200 76 256 86 319 239 185 216 275 216 322 160 181 129 266 56 46 250 150 193 189 278 122 131 271 106 132 251 207 14 85 84 212 93 84 186 181 238 224 77 109 93 187 108 261 226 97 184 188 137 130 195 193 179 50 42 63 269 192 50 123 215 87 292 115 100 116 259 221 157 253 313 258 107 169 92 264 246 148 179 183 170 245 173
 149 39 114 233 183 162 119 170 206 239 157 132 162 189 225 248 248 222 287 144 61 135 137 300 284 74 163 13 236 198 281 165 1 70 243 243 260 134 163 176 265 280 124 165 145 132 138 348 102 241 293 75 102 100 202 135 288 126 256 101 237 31 240 219 209 126 286 168 213 173 147 65 51 140 269 302 73 179 157 341 188 121 113 100 115 294 287 199 191 49 167 181 235 346 184 208 233 168 233 203 209 130 281 320 307 186 137 54 278 204 195 117 233 25 79 218 256 253 79 241 245 126 190 62 153 57 128 233 177 241 181 131 193 301 55 313 315 110 211 162 92 176 164 321 87 291 302 209 267 227 307 145 179 47 51 358 36 127 167 238 168 248 348 148 287 65 167 197 73 189 109 141 139 172 233 141 66 237 284 122 318 217 154 93 252 155 238 219 140 189 110 297 128 293 98 168 273 110 351 215 266 104 125 244 232 124 276 118 96 339 159 126 205 168 112 209 259 279 81 139 109 204 279 230 228 66 90 153 274 165 298 237 111 108 244 289 344 90 215 336
 119 44 180 168 116 226 57 236 222 207 222 63 134 221 171 179 180 223 262 142 41 135 178 238 216 143 232 82 169 216 236 101 70 1 179 202 199 202 148 222 269 246 192 132 210 182 99 283 49 181 231 80 111 160 182 81 255 85 194 169 255 100 262 149 140 58 238 233 164 152 108 133 119 209 283 249 127 113 183 280 120 92 80 167 129 234 272 131 168 110 236 112 166 282 123 153 246 210 180 163 212 121 255 257 242 166 185 103 211 144 143 183 251 58 134 154 258 184 128 208 179 191 122 21 85 82 176 194 152 179 124 109 131 286 104 302 248 68 157 128 43 116 149 260 119 269 292 180 212 188 254 84 185 109 24 293 103 60 208 181 235 250 284 178 290 130 235 183 114 130 177 72 87 208 172 124 91 261 222 77 307 175 103 152 239 92 169 150 135 123 77 259 147 278 128 100 208 47 286 174 271 131 99 224 218 82 222 114 103 278 90 67 150 215 143 148 209 260 15 206 57 163 215 248 191 93 155 222 274 136 252 183 178 169 210 251 283 117 232 273
 236 222 355 139 68 376 125 389 279 153 373 119 247 307 62 92 111 245 202 288 186 285 292 63 57 313 398 254 34 277 121 79 243 179 1 121 32 367 275 336 282 163 352 237 363 311 214 106 143 31 58 203 212 337 176 113 174 135 26 332 306 272 320 75 91 126 112 383 85 270 128 300 286 378 316 103 304 67 272 105 109 153 150 342 291 66 236 67 277 287 401 88 64 105 158 189 288 319 64 113 244 184 197 80 65 280 310 280 47 167 199 358 303 223 311 146 273 59 269 148 11 346 75 196 98 222 303 127 263 22 174 244 155 246 254 268 78 201 63 135 189 161 180 84 244 214 266 275 68 257 102 160 233 270 194 116 278 144 315 48 393 265 107 273 295 292 397 189 252 169 342 122 112 307 169 258 265 320 48 197 273 107 188 329 221 89 61 88 279 128 151 159 239 241 299 125 31 164 109 112 286 300 156 194 207 202 80 265 266 104 107 118 64 332 255 40 89 217 165 366 184 111 38 299 263 228 331 389 278 146 130 61 339 318 144 154 108 237 286 95
 302 240 349 247 147 330 153 345 185 36 328 168 316 225 62 207 226 141 83 340 185 334 230 125 172 298 368 250 150 186 42 132 243 202 121 1 101 337 338 267 170 49 320 309 321 255 279 182 154 91 116 176 166 341 77 124 60 120 104 305 206 266 221 182 193 174 53 336 47 338 97 283 270 355 207 79 314 136 197 148 201 123 131 334 330 106 116 163 350 290 370 174 179 165 247 283 186 248 57 41 145 129 78 144 152 350 252 293 161 262 287 351 203 219 321 248 162 178 232 30 131 307 165 222 159 198 248 14 334 100 260 301 248 127 227 148 179 254 68 82 233 246 104 135 201 95 147 354 69 346 88 231 146 249 204 187 276 202 245 74 353 155 172 203 180 268 362 92 216 258 315 185 117 232 273 317 290 222 115 256 154 29 262 335 105 129 176 195 332 221 134 58 177 121 327 207 137 215 182 29 174 331 120 78 95 263 66 313 304 143 180 140 72 264 201 100 43 97 190 331 238 40 127 199 351 198 327 362 163 83 58 61 308 277 25 50 150 193 190 157
 265 242 373 170 95 384 144 398 272 135 381 142 277 304 50 121 141 234 179 315 202 312 295 42 73 328 410 270 65 271 94 100 260 199 32 101 1 379 304 338 268 139 364 267 372 316 243 96 159 21 34 212 217 357 165 126 149 144 7 345 298 288 312 106 122 149 82 391 74 300 132 314 301 392 303 71 324 91 271 82 140 159 159 359 316 37 215 98 307 306 414 118 95 88 189 220 278 320 48 103 235 186 175 63 58 309 314 300 62 198 230 376 294 239 332 177 259 87 278 129 41 355 105 217 123 233 308 109 293 21 205 271 186 225 265 247 81 227 59 134 214 192 176 62 251 192 246 306 39 288 71 189 228 283 212 105 295 170 316 32 403 252 92 274 279 304 408 179 261 200 355 149 123 307 200 286 288 312 25 224 252 93 218 349 204 108 91 120 307 159 161 132 241 220 323 155 37 190 98 99 272 325 161 177 192 230 50 292 291 80 135 135 63 334 260 52 63 196 185 377 211 101 28 290 294 238 349 402 262 143 101 43 350 327 125 128 85 244 279 78
 262 169 69 366 313 53 246 50 219 322 49 263 272 178 337 380 381 260 355 231 182 223 130 420 412 62 32 122 365 211 379 291 134 202 367 337 379 1 261 132 289 363 19 278 41 102 258 471 226 359 411 168 173 97 275 255 368 236 376 36 238 105 233 350 342 258 387 56 320 275 252 70 84 26 274 408 119 306 170 458 321 223 222 65 194 410 340 330 292 109 36 313 366 466 314 335 246 139 344 301 245 210 350 441 430 285 109 132 406 334 320 65 237 148 116 349 283 383 106 326 370 38 321 194 284 147 107 325 282 361 310 240 324 352 115 357 442 236 324 259 222 306 238 439 137 355 343 314 378 340 415 276 221 98 181 481 107 260 141 353 40 278 470 159 309 76 34 264 123 318 26 274 257 156 363 245 161 229 403 248 360 317 280 104 306 280 369 352 232 321 219 384 169 345 164 300 397 242 474 313 289 172 224 310 291 248 385 216 192 455 291 251 319 126 142 330 364 339 212 18 238 303 401 235 339 143 78 26 303 256 395 349 31 64 331 377 461 145 225 456
 40 132 202 177 210 305 187 308 362 349 300 172 31 351 294 223 209 369 405 34 183 40 300 337 287 205 281 169 250 355 366 213 163 148 275 338 304 261 1 337 414 385 260 43 289 293 62 363 192 291 332 219 251 171 328 217 395 229 298 238 395 176 399 211 195 165 364 311 295 16 251 207 199 252 425 368 143 216 317 377 171 238 226 200 69 340 418 209 32 157 285 188 230 371 127 118 388 330 303 301 357 267 399 350 328 25 298 132 288 132 99 207 391 175 147 159 404 248 241 349 270 271 201 131 186 211 289 333 26 285 112 40 135 432 218 448 321 85 280 272 108 121 296 357 247 413 439 54 329 86 370 116 329 206 160 374 166 138 329 297 300 395 370 309 435 217 291 329 235 121 242 158 223 334 156 24 105 397 322 83 454 311 89 162 385 212 235 202 30 155 223 395 284 424 99 151 297 124 368 311 416 92 246 370 364 77 341 47 72 377 170 200 275 329 272 260 335 405 157 273 102 301 310 387 83 222 185 269 420 282 381 304 251 262 350 387 380 248 371 363
 324 212 190 384 302 90 240 105 102 241 91 265 337 54 289 380 388 151 257 315 185 306 47 375 390 149 149 169 346 96 307 275 176 222 336 267 338 132 337 1 169 277 116 340 93 46 311 432 217 319 366 149 128 208 192 233 279 206 337 123 112 164 104 347 345 263 318 93 267 348 210 139 142 157 147 345 212 291 70 408 331 186 193 179 281 360 233 323 366 188 149 313 359 421 344 374 124 19 294 241 138 154 253 397 394 361 40 211 381 365 364 187 111 171 213 372 165 371 99 246 343 96 317 227 280 142 49 253 353 324 346 306 352 242 123 242 413 281 280 205 259 337 166 392 105 254 228 384 324 401 353 306 124 132 200 440 175 278 23 307 119 162 427 65 186 125 136 178 110 352 128 283 231 37 392 316 235 100 360 293 245 255 322 210 203 263 360 354 312 339 192 300 98 236 256 316 365 269 434 250 167 264 182 216 193 296 327 291 268 403 297 237 276 9 85 298 303 237 225 116 276 243 364 111 403 130 186 151 184 197 321 299 114 84 252 294 410 109 104 412
 387 286 333 385 283 256 248 272 71 135 257 275 402 116 222 359 374 47 115 402 232 394 161 294 338 281 312 266 307 79 197 258 265 269 282 170 268 289 414 169 1 152 271 399 256 188 367 351 233 255 286 197 166 340 109 224 148 200 270 269 61 272 74 328 334 278 212 260 199 420 184 267 261 314 41 241 329 270 122 313 332 184 196 319 378 274 78 304 436 301 313 305 331 333 366 402 46 155 221 171 59 150 115 313 321 433 181 317 326 386 399 332 60 246 333 380 12 335 206 141 292 252 302 284 278 210 184 160 420 263 375 376 370 82 219 76 348 336 221 165 311 362 125 303 182 106 63 448 238 452 250 336 87 241 256 355 285 303 153 239 285 20 340 133 22 249 301 99 200 377 277 296 218 136 405 391 329 78 284 344 78 177 363 339 67 249 329 339 397 348 198 173 140 79 362 327 303 306 350 172 5 369 176 94 77 349 235 375 356 308 301 239 221 172 162 251 212 91 263 276 323 172 295 60 456 201 319 312 17 153 205 226 264 228 147 170 315 178 66 325
 349 281 382 294 195 349 199 364 185 43 347 216 363 229 108 252 271 135 43 385 224 379 246 153 211 330 392 287 194 188 50 180 280 246 163 49 139 363 385 277 152 1 345 356 342 273 326 206 198 133 146 210 193 376 90 169 12 162 143 332 199 301 214 229 241 222 65 354 95 385 138 313 302 383 191 93 352 184 209 166 249 161 170 367 373 133 83 210 397 327 394 222 224 186 295 331 178 259 102 85 143 157 40 170 183 397 269 332 199 310 335 383 196 256 358 295 145 222 259 40 174 330 213 265 207 231 266 53 382 143 309 347 296 90 257 111 212 301 116 120 279 295 126 158 228 56 113 402 102 394 101 279 154 281 245 209 312 250 255 117 374 141 194 217 156 298 385 102 244 307 343 233 163 241 321 363 331 216 148 303 116 76 310 371 86 177 221 242 378 269 173 24 196 86 368 255 174 262 205 75 156 373 156 64 87 309 94 358 348 160 228 186 120 276 222 147 77 64 234 355 284 84 162 193 399 229 361 387 141 116 55 105 334 301 37 20 167 220 188 179
 259 160 78 356 300 47 233 49 201 304 42 251 269 160 321 369 370 242 337 232 169 223 112 404 399 57 49 113 352 193 361 278 124 192 352 320 364 19 260 116 271 345 1 275 31 84 253 457 212 344 396 153 156 102 257 240 350 221 361 25 221 97 216 339 331 246 370 52 303 273 236 61 74 43 257 392 119 293 152 443 310 207 206 70 195 394 322 318 291 105 51 301 354 451 306 329 228 123 328 285 227 193 332 425 416 285 92 129 392 326 314 75 219 136 117 341 265 371 89 308 356 21 309 185 271 132 89 307 281 346 303 237 315 334 100 338 428 229 309 242 214 299 220 424 120 337 325 312 362 337 398 267 203 85 170 466 101 249 124 337 45 260 455 141 291 63 46 246 106 311 19 263 242 139 356 243 158 212 388 241 342 300 274 108 288 266 357 340 232 312 204 366 151 327 166 290 383 233 459 296 271 173 207 292 273 242 368 215 190 439 280 237 304 110 124 315 347 321 201 16 230 286 386 218 337 127 81 44 285 239 377 333 15 46 313 359 445 128 207 441
