NAME : domp280p140v10
COMMENT : (Deleplanque et al.) 
TYPE : DOMP
DIMENSION : 280
DISPLAY_DATA_TYPE: NO_DISPLAY
OPEN_FACILITIES : 140
COST_SECTION
 1 244 170 291 157 205 315 378 92 225 79 98 269 138 174 117 62 165 96 334 300 185 67 199 238 328 249 316 100 121 326 278 295 198 313 241 50 85 227 93 288 251 339 214 172 276 116 37 202 250 113 342 203 191 308 48 139 240 310 175 117 217 187 111 368 167 128 224 104 301 187 162 170 169 92 177 227 265 271 216 19 260 128 183 271 138 329 219 188 103 330 317 325 241 22 82 338 117 270 63 128 55 361 133 156 281 89 305 354 213 158 80 173 342 46 326 226 194 319 304 252 171 200 41 372 101 227 341 344 337 191 142 320 16 279 169 165 106 73 212 161 264 58 328 200 277 177 187 126 170 346 196 304 181 185 195 83 53 146 207 249 342 266 308 166 204 202 155 277 226 204 246 215 183 291 37 34 322 123 327 207 145 304 248 57 87 281 209 271 326 44 174 111 223 155 216 364 289 140 47 257 116 109 222 164 232 175 251 273 59 187 95 121 182 160 135 240 169 190 169 180 140 238 311 90 247 209 66 274 261 199 115 142 270 219 297 320 93 107 285 59 185 274 208 110 136 344 128 158 132 52 310 289 179 370 219 363 215 29 376 99 75 298 56 253 150 220 245 62 135 245 178 280 276 238 154 130 20 372 261
 244 1 279 114 100 266 90 159 317 21 273 240 80 120 298 186 245 248 243 222 120 288 244 181 157 230 103 141 165 223 105 81 223 281 151 196 273 161 115 272 171 237 103 45 114 181 159 219 194 24 197 115 97 157 110 285 106 86 73 120 295 159 65 186 239 268 226 168 282 164 277 259 134 359 222 71 90 146 135 314 251 74 224 317 32 274 170 51 144 154 105 227 110 52 225 315 116 147 173 187 180 190 235 324 135 43 166 107 132 39 260 171 317 135 269 92 53 225 106 62 66 105 247 210 160 291 233 99 101 186 372 241 128 235 180 356 80 152 294 90 263 98 300 158 208 174 74 301 121 222 118 87 61 347 193 96 209 215 287 316 64 149 33 144 291 260 263 199 229 38 328 38 62 188 124 228 247 115 261 116 123 224 143 99 274 160 139 194 45 163 264 275 200 345 99 178 168 166 205 262 19 131 136 118 173 71 74 180 172 270 114 213 127 341 204 255 95 76 274 271 79 328 111 105 179 180 121 266 213 124 282 266 260 95 58 214 125 206 174 127 296 207 106 52 150 155 151 117 274 172 271 131 165 321 151 145 176 187 266 163 146 269 77 191 171 127 163 108 283 165 198 357 41 45 213 204 287 253 178 56
 170 279 1 373 185 365 307 437 139 268 101 75 341 236 21 101 230 326 262 235 261 352 103 334 355 222 217 402 227 279 311 263 185 362 256 374 135 190 327 84 399 123 380 274 275 191 242 192 341 297 262 393 297 316 379 157 210 221 350 282 286 339 254 104 271 332 287 349 78 232 22 21 147 108 252 215 315 371 371 383 188 332 286 352 310 35 425 232 307 150 318 210 305 306 178 154 394 146 387 194 268 173 264 92 271 297 210 278 410 242 322 154 44 310 136 369 294 344 299 335 322 175 356 189 437 90 375 369 360 263 109 41 282 180 195 103 218 149 131 199 17 235 197 271 96 197 210 354 184 323 396 283 332 81 99 187 104 210 315 375 244 299 311 399 334 362 362 82 158 245 372 302 288 102 248 200 137 389 48 303 314 301 251 219 224 193 379 347 321 266 135 339 261 392 240 133 440 216 75 215 282 206 197 185 299 226 212 164 194 122 291 91 211 72 77 300 328 225 354 334 202 91 334 288 226 372 174 111 166 358 34 58 30 244 289 193 394 98 242 376 158 331 241 272 226 263 300 201 325 268 130 393 217 46 428 162 445 125 157 440 188 244 353 160 173 154 148 339 226 117 377 98 319 286 126 77 52 189 450 322
 291 114 373 1 190 224 177 96 378 114 343 320 36 155 390 274 267 223 251 333 226 257 314 138 90 342 216 30 193 220 191 188 336 243 258 127 332 211 70 346 71 348 94 100 121 294 179 258 148 91 202 80 90 124 26 337 168 199 89 119 297 107 121 272 346 243 219 110 358 275 375 354 235 436 233 160 65 58 42 275 291 43 218 295 95 361 57 161 118 229 187 339 200 70 270 371 70 229 84 229 182 241 343 399 139 133 203 208 79 143 239 236 405 226 327 85 81 184 198 106 53 204 204 251 85 364 175 119 141 292 453 333 228 278 293 434 156 229 356 200 357 209 339 261 314 287 166 272 193 194 84 98 112 432 297 202 285 247 275 281 176 244 87 31 271 217 221 297 342 149 299 79 86 292 233 264 306 42 346 207 92 209 251 212 301 208 39 144 74 268 324 249 205 310 142 288 74 278 299 292 124 182 191 230 154 184 163 293 285 333 106 294 177 427 303 244 53 149 239 246 176 405 57 202 205 106 231 332 326 42 382 348 350 205 85 327 32 286 192 22 349 170 216 102 182 163 247 179 254 174 331 21 277 410 88 256 75 296 318 90 202 287 58 248 284 221 274 49 310 257 126 438 93 144 323 301 370 292 82 59
 157 100 185 190 1 250 159 255 221 86 175 141 157 82 203 88 176 220 187 208 147 257 146 185 188 209 99 219 110 180 170 122 186 257 165 217 179 85 152 173 224 174 202 91 110 152 114 140 196 115 153 212 122 161 195 193 46 86 172 118 236 178 72 88 237 235 186 188 183 161 186 165 52 260 167 31 136 195 192 288 168 148 184 277 131 176 243 64 148 58 174 201 169 122 142 221 212 49 216 112 144 106 231 225 118 129 101 149 228 63 225 79 220 187 174 190 110 214 163 160 139 25 234 131 254 192 236 197 195 195 273 146 165 152 153 257 37 55 198 60 169 111 214 179 131 149 27 267 36 202 215 107 158 249 112 44 110 143 241 286 92 189 130 217 252 245 246 108 180 73 293 119 106 107 141 152 154 205 163 171 145 192 157 97 199 86 200 199 139 180 170 243 154 312 72 115 256 153 111 186 108 67 64 81 158 77 29 136 146 174 123 114 67 244 114 212 148 44 249 238 24 229 157 155 121 208 72 168 169 179 193 167 163 116 107 182 210 107 125 195 204 197 122 89 97 125 191 48 236 139 175 210 153 224 246 94 261 121 175 257 69 201 171 102 132 32 106 160 207 68 220 259 140 122 150 112 189 170 266 139
 205 266 365 224 250 1 355 316 288 249 283 291 227 170 373 281 145 40 111 456 376 42 266 89 134 457 338 233 148 87 370 340 434 23 402 102 253 185 164 296 172 411 312 223 155 401 138 175 78 254 106 302 171 111 249 242 205 322 295 149 122 119 210 275 483 44 79 115 307 405 378 352 295 370 115 242 186 168 184 52 190 223 80 81 274 336 225 280 124 235 370 449 375 226 190 272 292 247 151 173 108 194 477 336 138 307 163 369 301 261 50 219 375 400 249 300 217 43 371 303 223 273 21 177 301 305 55 330 347 436 393 330 389 191 402 371 224 238 273 302 353 344 217 413 362 397 247 56 221 49 305 180 307 385 343 291 263 157 83 59 313 411 264 220 66 7 5 321 426 278 78 240 206 338 375 170 237 264 320 381 148 65 394 335 169 183 190 81 259 416 248 42 106 88 184 358 280 399 312 170 284 187 193 329 96 306 243 384 394 262 153 277 185 385 328 73 189 221 23 44 259 343 176 369 144 122 321 269 416 182 390 314 336 345 210 431 252 271 132 206 250 61 355 216 157 126 414 204 58 112 255 233 399 381 309 343 271 362 228 307 195 145 267 207 381 269 353 183 174 283 104 381 279 310 391 323 332 191 283 238
 315 90 307 177 159 355 1 173 376 109 327 288 149 204 327 232 326 337 328 171 64 376 300 269 241 185 92 196 249 310 17 45 193 370 93 281 336 237 200 322 244 229 110 134 203 153 244 295 282 104 284 132 185 245 161 351 183 88 94 209 379 246 151 234 177 356 313 253 330 118 299 288 167 402 307 140 175 223 209 403 325 148 312 406 87 312 227 97 232 216 17 186 25 134 298 377 140 205 251 264 267 262 175 370 223 50 246 41 151 107 349 237 349 50 331 108 140 313 23 73 143 150 336 286 183 342 320 85 64 123 411 276 56 308 150 398 156 213 354 114 292 74 372 91 219 144 139 390 190 311 132 176 67 384 210 129 263 294 375 405 69 69 97 204 380 349 352 229 209 91 417 118 150 207 77 305 311 157 302 32 211 313 89 89 352 236 210 282 107 99 327 364 286 434 185 182 202 127 241 340 72 210 212 124 262 88 142 165 144 329 203 263 207 376 232 342 177 154 363 360 136 374 193 32 262 262 134 323 191 201 301 310 295 66 146 181 173 257 259 195 362 295 72 141 233 243 72 192 362 260 332 187 126 352 168 149 215 191 333 183 220 351 121 260 155 175 165 188 361 207 282 397 86 46 208 234 329 327 212 128
 378 159 437 96 255 316 173 1 462 170 422 393 111 241 455 342 360 318 345 343 235 351 393 233 183 357 245 85 283 315 183 204 361 336 264 216 416 295 165 423 149 387 65 170 211 319 270 347 242 141 296 46 180 220 74 424 246 233 90 211 393 202 196 341 348 338 314 203 434 289 435 417 291 512 327 225 155 149 133 367 380 120 313 389 128 430 102 207 213 304 176 357 194 139 358 456 44 300 168 317 276 326 346 476 231 151 291 212 28 196 334 316 473 214 411 71 154 277 194 110 127 263 297 339 19 442 265 89 113 294 527 399 227 367 317 509 227 303 439 245 420 233 429 262 364 311 229 366 268 289 44 184 115 503 349 253 360 337 371 374 207 236 127 98 366 310 314 357 373 194 392 138 164 345 246 354 390 59 416 201 187 304 261 242 393 293 127 237 117 271 407 343 300 403 225 331 47 296 363 383 158 265 273 269 249 221 227 326 310 415 199 367 260 497 362 340 145 221 333 341 236 481 152 203 296 195 275 413 356 137 440 420 417 226 161 349 66 359 284 112 435 265 235 175 271 256 238 257 349 268 414 84 295 478 10 297 62 340 404 15 284 381 85 331 316 284 315 144 402 321 215 512 120 164 364 362 442 382 52 121
 92 317 139 378 221 288 376 462 1 300 52 97 354 224 132 149 144 249 178 355 348 262 78 291 329 345 297 405 191 208 385 335 308 278 354 332 47 168 316 64 379 252 417 294 260 302 207 128 293 328 204 423 290 282 393 48 217 293 388 264 180 308 267 145 391 247 215 315 64 336 160 142 214 86 179 247 314 355 361 290 101 344 215 249 347 106 419 283 279 165 390 333 382 323 113 19 420 174 362 152 219 138 384 60 246 349 177 358 436 282 239 148 119 395 52 404 308 282 376 379 336 227 286 132 456 50 316 415 415 371 110 133 369 107 305 88 239 167 24 265 139 315 77 370 210 305 245 260 198 258 427 282 377 110 202 249 115 144 217 279 308 390 343 397 239 288 285 170 285 293 270 326 299 201 337 127 73 406 101 382 297 232 346 298 121 171 370 300 350 366 56 252 201 288 239 238 451 321 154 119 328 198 190 266 255 290 245 275 302 49 276 117 203 115 172 216 327 245 270 248 244 66 327 366 181 338 253 55 288 350 171 89 121 322 302 314 406 121 198 374 38 275 323 289 198 227 392 206 236 224 49 398 322 124 453 254 451 234 65 461 179 146 379 132 280 203 248 334 118 173 336 100 356 342 247 167 88 100 459 342
 225 21 268 114 86 249 109 170 300 1 257 225 79 99 287 173 224 230 223 230 133 269 228 165 145 237 108 142 145 203 124 94 226 262 162 183 256 142 103 256 164 235 118 27 95 185 139 199 178 30 177 128 81 140 114 267 87 90 89 101 274 145 44 173 249 248 206 154 266 173 268 249 125 344 202 56 79 138 129 296 231 72 205 298 48 261 170 49 127 138 124 232 128 46 206 297 127 132 164 168 160 171 245 309 116 63 146 122 143 30 241 153 304 153 251 106 42 207 123 80 63 95 230 190 170 275 217 117 121 197 358 230 143 216 185 341 62 136 277 88 252 106 280 170 202 179 60 282 104 204 131 70 80 334 186 90 193 195 268 297 72 164 45 143 272 243 245 189 230 38 309 36 47 181 135 208 229 122 247 133 108 205 154 104 254 140 134 178 54 175 247 256 180 326 79 175 174 172 194 242 38 112 117 117 154 74 59 181 176 253 97 199 107 328 195 235 86 57 255 252 67 313 100 121 159 167 118 249 215 117 274 252 248 105 44 218 129 191 153 124 278 189 116 34 130 136 167 98 254 153 253 132 172 309 162 144 180 183 248 173 127 249 86 172 173 115 161 99 263 152 185 343 57 64 210 194 273 233 184 57
 79 273 101 343 175 283 327 422 52 257 1 46 316 190 100 98 140 243 174 305 297 263 30 270 303 295 247 370 164 198 336 286 259 276 302 312 36 135 284 18 351 205 374 253 228 251 181 110 275 285 187 382 256 258 355 57 177 243 344 233 190 283 227 95 341 245 206 292 26 284 120 99 164 96 169 203 280 326 330 294 95 306 205 258 303 66 387 236 252 120 341 283 332 284 94 61 380 127 336 125 199 107 333 59 218 303 148 308 396 237 236 108 96 344 37 362 269 269 326 334 298 178 277 111 418 24 303 371 369 320 117 86 319 93 254 96 196 122 35 216 97 264 98 318 160 254 200 264 155 246 385 246 332 104 151 199 66 128 223 284 259 339 300 364 243 281 280 120 236 246 279 285 260 151 286 114 47 368 56 332 267 222 295 247 128 138 339 281 308 315 37 252 185 298 202 187 415 270 103 120 282 162 152 215 234 241 200 224 251 23 245 66 167 104 122 213 292 203 268 247 198 66 294 316 158 315 202 14 238 318 133 44 77 272 263 264 369 71 175 341 59 259 273 248 169 202 341 166 236 202 32 362 271 102 413 203 416 183 60 422 142 150 338 97 229 154 197 300 128 123 316 103 312 295 198 117 54 95 424 302
 98 240 75 320 141 291 288 393 97 225 46 1 290 173 83 57 156 253 188 260 254 278 32 265 291 251 204 348 157 205 295 245 215 288 258 306 73 122 267 36 337 162 342 225 212 206 173 118 271 254 189 352 237 249 330 95 152 202 312 218 214 273 201 55 296 258 213 282 44 240 90 65 122 120 178 170 259 310 312 310 116 281 212 279 271 47 368 199 241 92 301 239 291 257 105 105 350 94 323 122 196 101 288 85 205 266 140 266 367 203 248 88 91 302 71 330 243 272 285 300 272 140 283 115 391 55 304 336 332 275 135 46 276 107 209 117 167 92 79 175 65 222 134 274 116 209 167 281 128 250 355 225 298 113 106 159 36 136 241 302 220 296 269 343 261 289 288 74 193 210 299 256 235 106 243 126 66 341 30 290 251 228 251 205 153 125 321 277 278 270 69 266 188 319 181 142 390 225 58 143 247 143 133 172 229 201 168 179 206 60 229 27 148 109 77 226 271 174 280 260 162 90 276 274 155 305 159 49 194 299 103 29 46 230 237 220 344 35 171 320 100 259 230 222 158 194 297 142 251 198 68 340 226 96 385 158 393 138 90 395 124 172 309 88 184 116 152 281 156 81 309 120 279 257 154 72 51 117 400 275
 269 80 341 36 157 227 149 111 354 79 316 290 1 132 359 242 251 221 239 300 195 257 287 139 98 309 182 64 173 210 164 156 302 245 226 138 308 186 64 318 96 313 86 68 102 260 160 237 151 57 189 80 71 120 41 314 140 165 70 102 288 110 90 241 315 241 210 115 329 242 342 322 202 408 220 127 47 75 61 278 270 10 209 293 64 330 92 127 111 200 161 306 173 36 248 347 73 198 103 207 169 217 311 371 123 103 182 178 87 108 235 209 374 198 303 74 49 186 170 82 20 171 208 230 104 336 183 104 123 260 424 301 198 257 259 405 125 199 331 166 325 176 319 231 280 253 133 272 164 192 84 75 87 402 263 168 256 227 270 283 142 216 55 65 268 221 224 264 308 115 299 44 56 258 201 244 281 54 315 179 84 203 219 178 284 184 63 148 43 237 299 247 193 313 116 253 101 244 267 274 91 157 165 195 146 149 130 258 251 307 91 264 151 397 270 237 40 118 240 244 143 377 53 173 187 118 196 306 292 53 349 318 318 172 54 293 55 256 175 49 326 170 183 70 161 147 218 151 250 161 306 54 243 379 102 222 105 262 295 109 176 272 41 223 250 188 239 46 293 225 139 409 64 113 289 268 340 272 110 25
 138 120 236 155 82 170 204 241 224 99 190 173 132 1 250 137 127 142 125 287 213 181 162 106 120 289 171 182 47 108 218 179 267 179 236 142 178 57 96 195 165 251 204 81 40 232 41 107 117 119 81 206 67 84 170 184 36 155 178 47 176 105 56 133 314 159 112 115 207 237 243 219 130 285 104 75 91 138 141 211 140 123 111 205 141 217 198 116 73 87 220 281 221 105 117 217 201 94 152 77 67 87 309 248 39 161 52 209 217 100 150 86 262 243 173 191 90 134 215 175 115 105 153 99 234 212 156 211 218 268 303 196 228 126 233 283 56 88 202 134 221 178 190 248 204 228 79 192 58 122 210 59 176 284 185 122 138 99 172 210 150 251 134 175 180 165 166 171 260 117 219 112 79 180 210 115 152 184 201 225 80 115 228 168 158 54 150 121 137 250 170 168 83 237 21 194 228 231 167 147 136 31 41 160 78 140 75 217 225 179 57 149 26 281 178 140 104 54 171 163 90 254 105 211 61 137 152 179 249 129 253 201 209 181 82 263 183 141 55 152 196 116 189 74 32 45 253 39 162 61 177 174 230 267 232 175 228 199 164 239 50 151 162 94 213 105 187 111 167 129 145 288 149 160 229 175 223 142 236 124
 174 298 21 390 203 373 327 455 132 287 100 83 359 250 1 118 235 334 268 253 281 358 109 346 369 239 237 419 239 287 332 283 202 369 276 387 135 203 343 84 414 140 399 292 290 210 254 199 353 316 272 412 312 329 397 156 226 241 369 296 289 353 271 120 288 338 295 362 76 251 36 40 167 91 259 233 332 386 387 389 192 350 294 356 329 38 441 252 321 165 338 227 325 324 185 148 412 163 401 204 279 183 281 80 285 317 222 298 429 261 329 167 25 330 136 388 311 354 319 354 340 194 365 197 455 86 386 389 380 282 90 58 302 186 214 86 235 165 127 219 37 256 196 291 115 216 229 360 200 332 415 299 351 62 119 207 116 217 319 381 263 318 329 416 339 371 370 101 175 264 377 321 305 122 268 206 141 407 54 323 329 310 270 239 226 206 395 359 340 285 136 346 270 396 256 153 458 236 94 218 302 221 211 205 311 246 230 184 213 122 306 103 226 52 97 307 344 242 361 341 221 77 350 308 237 385 194 112 184 374 44 61 42 264 307 211 412 111 253 393 155 342 261 290 238 275 320 217 331 280 131 410 237 26 447 182 462 145 158 458 202 248 372 170 192 173 168 355 227 135 390 79 338 306 145 96 48 192 468 340
 117 186 101 274 88 281 232 342 149 173 98 57 242 137 118 1 164 245 189 218 200 275 73 238 256 212 149 303 136 198 239 189 179 282 206 277 115 98 227 92 299 137 288 176 175 161 149 122 247 202 176 299 196 219 281 135 109 146 258 183 227 241 154 7 253 254 205 251 100 190 107 83 67 174 174 118 215 271 270 308 134 233 204 284 217 89 325 144 209 51 245 201 235 208 114 154 299 46 287 111 177 91 246 141 174 211 120 211 315 149 244 63 133 247 111 277 195 255 229 245 224 85 270 115 341 111 283 281 276 226 187 61 221 121 164 171 118 50 128 119 85 167 168 222 86 163 114 281 83 236 302 183 243 162 70 103 38 135 246 302 164 242 216 299 263 278 278 42 161 155 303 206 189 67 189 133 96 292 76 235 215 217 199 150 172 101 279 252 226 219 108 262 176 324 140 100 342 177 32 160 193 108 99 118 205 145 116 136 160 105 191 33 113 157 49 224 228 126 274 257 108 145 234 219 139 273 105 96 158 258 117 81 77 175 190 181 296 29 152 276 143 240 175 173 131 168 244 101 250 177 110 294 178 138 333 108 346 99 122 344 92 185 258 79 138 61 105 238 178 26 280 172 226 202 122 43 102 136 352 225
 62 245 230 267 176 145 326 360 144 224 140 156 251 127 235 164 1 106 36 372 322 124 127 154 199 369 273 289 81 65 339 295 338 137 340 195 109 92 198 154 251 300 329 207 150 314 92 43 155 245 68 329 181 152 287 98 143 261 303 150 64 178 182 158 405 106 72 183 165 333 246 220 204 226 38 187 206 231 240 155 46 243 72 124 267 198 297 231 153 133 341 358 339 229 53 129 323 148 231 65 88 77 398 192 129 285 80 323 337 220 98 109 234 360 105 316 214 139 334 301 237 195 142 50 350 161 173 336 344 367 249 199 340 50 316 227 171 136 129 234 220 286 80 354 249 313 189 126 141 115 333 178 302 241 232 218 135 34 86 147 264 363 260 279 105 145 143 205 323 236 144 238 203 229 316 32 95 302 183 342 177 89 331 272 35 92 249 162 262 354 104 113 65 164 147 258 339 322 191 29 260 117 115 251 122 250 186 291 310 119 162 149 120 242 210 74 216 172 130 108 196 199 211 327 67 204 240 127 318 231 258 175 201 290 207 339 297 145 77 257 107 134 297 200 96 105 366 135 97 95 111 284 322 240 351 255 336 259 84 356 109 26 285 87 291 180 259 219 44 176 198 237 275 282 284 205 192 47 345 248
 165 248 326 223 220 40 337 318 249 230 243 253 221 142 334 245 106 1 72 427 353 40 227 86 137 427 312 237 114 49 352 318 403 39 377 114 214 150 158 257 182 377 306 205 136 370 107 136 78 239 70 298 157 101 247 203 176 296 286 130 91 117 188 239 455 21 41 117 268 378 340 314 263 331 76 216 176 172 186 70 151 215 42 73 260 297 234 257 112 200 353 419 356 213 151 234 289 213 160 136 77 156 449 297 115 290 128 347 300 239 18 183 336 380 210 293 202 46 351 292 213 243 39 138 304 265 76 321 336 410 354 292 367 152 372 332 198 203 234 275 314 320 179 389 326 368 220 53 189 30 302 164 295 346 308 262 225 118 57 69 290 390 251 224 49 39 37 285 392 255 81 227 191 303 351 130 198 263 281 361 138 29 369 309 132 147 194 84 248 392 208 28 70 98 159 325 286 371 275 132 266 155 160 300 78 281 216 353 364 223 138 239 154 346 292 36 182 195 31 25 232 304 170 348 108 131 291 230 384 182 352 275 297 322 195 400 253 233 98 207 212 54 330 198 125 99 393 173 33 82 216 235 371 342 310 312 279 329 189 310 161 107 260 169 350 237 321 178 137 248 117 342 266 292 357 287 293 152 290 228
 96 243 262 251 187 111 328 345 178 223 174 188 239 125 268 189 36 72 1 390 331 91 160 128 176 388 285 271 81 35 342 301 359 103 351 167 143 105 182 188 227 325 320 203 139 332 86 71 127 241 50 318 169 130 272 132 149 271 296 137 52 154 180 183 421 72 41 158 199 347 277 251 222 261 22 193 193 210 221 123 81 231 41 96 263 231 276 237 134 152 344 378 344 221 84 163 311 167 206 82 71 99 415 227 117 285 88 330 324 223 63 131 268 366 140 307 207 107 338 296 226 209 109 76 334 196 141 330 340 381 284 229 348 83 334 261 176 156 163 246 251 296 110 365 274 331 196 94 153 83 322 169 298 276 256 231 164 55 58 115 271 371 255 260 75 110 108 231 346 240 115 231 195 253 326 63 129 288 216 348 160 57 343 283 63 104 229 134 255 366 139 79 47 135 145 280 321 338 218 61 260 123 124 266 100 259 192 311 327 153 149 178 125 277 237 40 202 176 95 74 205 234 195 333 69 178 255 161 339 213 289 208 233 299 199 358 281 173 71 239 141 104 306 196 97 93 374 143 64 79 146 267 338 274 337 273 316 282 119 340 121 41 275 112 310 196 278 203 70 198 170 271 270 284 308 231 225 81 327 239
 334 222 235 333 208 456 171 343 355 230 305 260 300 287 253 218 372 427 390 1 110 464 287 384 373 19 123 357 316 386 163 146 52 464 80 409 329 286 331 292 392 115 280 254 307 59 321 331 396 244 360 302 306 359 322 351 253 141 260 315 435 370 255 224 37 442 392 379 294 59 218 222 170 342 371 216 307 366 356 495 350 295 391 483 239 258 388 185 345 240 170 29 152 272 327 364 309 225 392 310 351 296 30 323 321 202 305 132 321 206 432 264 277 137 327 277 270 419 150 239 287 185 439 323 353 308 437 255 233 54 341 224 117 335 57 337 233 237 338 155 226 125 385 84 147 60 211 474 240 408 302 292 233 313 155 166 255 340 446 493 160 115 247 362 458 451 452 187 80 193 499 259 275 156 101 343 314 322 257 145 333 399 84 127 387 287 360 398 260 75 323 450 361 519 274 120 371 59 204 374 209 273 269 128 362 158 215 84 64 318 316 246 274 303 184 418 315 238 456 445 198 323 329 141 326 395 137 307 70 345 212 269 240 129 273 43 336 246 331 348 358 401 117 258 303 331 114 255 442 346 324 347 59 277 338 119 382 123 340 353 271 396 283 287 82 195 115 328 393 200 411 331 242 190 111 189 278 352 381 276
 300 120 261 226 147 376 64 235 348 133 297 254 195 213 281 200 322 353 331 110 1 392 272 296 276 123 52 249 252 319 59 40 130 388 32 315 311 231 234 289 289 171 171 159 222 91 251 286 309 141 292 193 213 271 214 330 183 62 151 230 381 277 168 204 121 371 324 286 296 55 251 243 135 362 310 140 210 265 253 421 312 191 322 417 132 271 280 98 257 198 66 124 49 171 286 352 200 184 292 258 279 251 118 333 240 94 245 24 212 116 362 221 304 50 308 168 172 336 46 130 184 130 358 277 244 308 349 147 127 67 368 234 22 296 88 357 158 194 327 89 247 37 356 38 168 83 136 404 182 330 193 201 124 340 163 106 235 289 383 421 65 43 141 256 391 371 373 187 147 100 431 156 179 161 15 297 290 213 264 45 240 326 27 53 344 231 256 310 153 44 304 379 294 449 195 130 261 65 202 331 105 209 209 83 281 74 140 107 83 303 227 232 208 331 189 352 215 160 381 374 128 336 230 34 264 299 96 295 130 243 250 273 254 33 176 118 228 228 265 243 339 318 27 165 237 256 46 190 374 272 307 240 63 306 229 101 273 139 314 244 214 347 175 246 97 151 114 227 352 176 316 355 135 83 151 192 290 314 271 171
 185 288 352 257 257 42 376 351 262 269 263 278 257 181 358 275 124 40 91 464 392 1 250 120 169 464 350 269 149 80 392 357 438 22 416 140 231 183 194 277 210 410 342 244 175 407 144 160 110 278 105 334 196 138 282 217 213 334 324 169 87 151 227 269 493 23 73 149 288 416 367 341 299 346 103 254 214 204 219 34 169 252 74 40 299 321 264 295 149 233 392 455 396 252 174 245 325 247 189 166 115 185 487 314 154 329 162 386 335 278 33 214 358 420 228 330 241 75 390 330 251 280 57 164 337 284 95 359 374 448 370 319 406 173 409 347 236 236 249 313 341 358 188 428 359 405 258 16 225 67 338 203 333 363 340 300 253 144 47 30 329 429 290 256 27 47 43 317 427 294 43 265 230 336 389 153 219 298 305 400 175 67 407 348 142 181 226 115 286 430 227 15 104 58 198 360 317 409 305 145 306 192 196 337 116 320 254 389 401 242 176 267 191 365 323 53 219 234 21 20 270 321 206 387 141 160 328 250 419 216 379 298 323 360 234 436 287 261 134 240 225 88 369 237 162 137 432 210 28 121 234 268 409 364 344 348 309 363 206 343 196 117 297 198 386 273 357 214 146 281 143 358 305 331 391 318 315 169 321 266
 67 244 103 314 146 266 300 393 78 228 30 32 287 162 109 73 127 227 160 287 272 250 1 247 277 278 221 342 139 180 309 259 243 261 279 288 44 108 257 34 325 192 345 224 201 231 156 92 252 256 167 353 229 233 327 65 148 216 315 207 184 258 198 69 322 231 188 267 46 262 121 96 138 123 152 174 251 299 302 282 86 278 187 249 274 72 360 208 227 91 314 267 305 255 77 81 350 98 310 101 176 82 315 86 192 274 123 282 367 208 222 79 111 318 41 333 240 250 299 305 269 150 259 91 389 51 282 342 340 298 142 77 293 78 234 122 167 93 56 189 95 238 103 295 145 234 171 252 126 227 356 218 303 126 133 172 38 110 212 273 231 314 271 336 232 264 263 101 222 218 270 256 231 132 261 98 35 339 57 305 240 204 271 221 122 111 311 258 279 292 38 238 165 290 174 168 386 248 84 113 253 133 124 190 211 213 171 204 230 33 218 42 139 124 104 199 264 174 253 233 169 92 267 289 134 290 177 24 222 290 133 49 75 246 234 247 340 45 151 313 72 238 247 219 143 177 316 137 223 179 39 334 249 117 384 180 388 165 58 393 114 142 309 71 208 126 175 273 125 97 292 128 283 266 183 99 68 86 395 273
 199 181 334 138 185 89 269 233 291 165 270 265 139 106 346 238 154 86 128 384 296 120 247 1 52 388 263 152 109 94 285 258 369 107 324 43 248 145 76 279 100 356 224 139 77 332 93 164 14 167 88 215 85 26 163 245 141 245 207 69 168 32 131 234 408 106 90 32 291 330 343 318 235 365 117 170 98 87 101 140 191 135 90 157 187 310 151 202 40 188 284 381 291 138 179 278 206 197 79 146 73 166 403 328 68 221 125 286 216 182 102 180 354 316 243 212 130 47 286 215 135 208 70 161 219 293 54 242 259 358 386 295 307 185 332 364 153 190 271 230 319 266 233 334 309 327 175 135 163 57 219 97 219 371 290 221 231 147 140 145 233 328 177 139 134 83 86 275 364 197 162 153 121 285 297 164 226 179 294 296 60 76 316 259 187 141 109 16 171 337 241 111 91 174 114 298 201 326 269 182 199 132 141 258 37 229 171 319 324 254 70 244 128 369 282 111 101 148 102 109 188 335 88 285 113 51 253 257 352 97 354 291 306 266 124 363 168 237 96 122 255 33 276 133 109 72 331 144 117 69 249 150 326 360 225 277 195 304 227 225 147 168 179 178 314 210 290 95 196 233 47 372 191 225 333 278 312 193 206 150
 238 157 355 90 188 134 241 183 329 145 303 291 98 120 369 256 199 137 176 373 276 169 277 52 1 379 251 101 140 143 256 237 364 154 306 41 284 170 43 310 52 360 180 120 82 325 123 202 60 139 132 169 69 49 115 284 150 233 167 74 218 23 122 252 393 156 140 21 322 317 362 338 239 398 163 166 68 36 51 186 232 96 139 207 155 336 101 189 51 206 254 373 263 108 217 318 159 212 34 179 113 197 389 361 86 192 155 263 168 168 153 204 380 289 280 169 105 95 259 179 99 209 115 198 169 325 86 201 221 341 418 315 284 223 325 397 153 207 308 223 340 250 277 314 317 319 172 184 175 108 172 84 183 401 298 218 256 187 191 192 216 304 145 89 185 128 132 289 363 181 210 124 99 293 279 205 260 131 319 269 44 127 298 247 233 167 58 55 136 319 276 161 135 221 119 301 150 315 286 226 174 150 160 253 78 216 168 316 316 288 66 268 145 398 296 162 65 146 150 159 185 367 49 260 149 23 249 291 350 49 371 318 328 249 102 358 119 260 132 72 295 83 260 115 135 103 307 156 168 107 284 100 314 386 176 275 144 307 265 175 169 215 138 207 309 217 290 54 242 246 42 403 157 199 337 292 340 234 155 115
 328 230 222 342 209 457 185 357 345 237 295 251 309 289 239 212 369 427 388 19 123 464 278 388 379 1 130 367 316 386 177 157 38 465 94 414 321 284 337 282 400 101 293 260 311 58 321 327 400 253 359 314 311 363 333 343 254 147 272 319 431 374 260 218 50 442 392 384 284 69 204 210 167 329 369 219 314 373 364 496 345 304 391 481 249 246 398 191 349 237 184 13 166 280 322 355 321 222 399 307 352 293 43 311 324 213 304 145 334 212 432 260 263 153 319 289 277 421 165 251 295 185 441 319 366 297 440 269 248 71 327 213 132 330 57 324 236 234 329 159 214 134 378 99 136 61 213 473 240 409 315 297 245 299 146 168 248 337 444 493 168 131 257 372 457 452 454 178 65 199 498 267 281 148 112 339 306 333 246 160 338 399 97 133 382 286 368 402 269 90 315 450 361 518 276 113 383 66 195 369 219 273 269 130 365 164 218 78 65 309 320 239 274 289 175 417 322 241 457 445 200 311 336 155 325 401 138 298 58 353 198 258 229 138 279 32 347 238 331 357 349 403 127 264 303 332 130 255 441 347 316 357 66 263 351 117 394 115 332 366 270 392 294 283 79 193 111 335 388 195 416 317 253 201 99 181 267 346 393 285
 249 103 217 216 99 338 92 245 297 108 247 204 182 171 237 149 273 312 285 123 52 350 221 263 251 130 1 243 206 275 95 48 121 348 68 287 260 183 209 239 272 143 183 132 187 79 208 236 275 126 248 201 184 238 210 278 139 19 156 195 333 248 133 153 146 329 280 257 246 68 209 198 84 314 264 97 186 245 235 381 262 176 279 373 126 224 272 62 224 147 102 125 89 152 236 301 206 133 271 209 237 201 141 285 202 96 198 63 220 84 320 171 259 99 256 175 149 300 83 137 168 80 321 227 252 258 316 164 150 99 322 187 73 246 78 310 116 144 276 40 202 19 305 81 128 72 93 361 133 291 203 170 132 295 120 56 184 241 338 379 41 95 132 246 348 333 335 140 130 71 388 139 153 116 43 248 238 212 215 88 211 285 59 5 295 183 241 277 145 82 253 337 250 407 155 92 264 66 153 282 94 163 161 34 243 36 97 81 70 252 194 182 162 286 143 308 193 119 341 332 82 288 207 72 218 273 46 244 113 224 210 224 207 28 151 112 224 177 220 229 288 281 27 136 192 215 97 144 331 231 256 232 65 262 239 58 274 101 263 253 166 298 173 195 72 100 75 207 302 125 289 309 131 83 120 145 242 264 274 158
 316 141 402 30 219 233 196 85 405 142 370 348 64 182 419 303 289 237 271 357 249 269 342 152 101 367 243 1 218 239 210 212 363 253 281 133 359 238 92 374 66 376 102 129 146 321 203 283 160 118 223 83 115 142 37 363 197 226 105 143 316 121 149 301 369 257 237 121 386 300 404 383 264 464 254 189 92 66 52 284 315 72 236 307 119 389 32 189 138 258 206 365 220 98 295 397 72 258 85 255 203 268 366 427 162 156 229 230 75 171 253 264 434 245 354 96 110 195 218 124 82 233 214 276 69 391 181 129 154 315 481 362 249 303 319 462 185 257 382 229 386 235 363 284 343 313 195 284 222 208 86 125 130 460 326 231 314 270 291 291 202 265 112 15 285 227 231 326 369 177 309 107 115 321 257 288 333 44 374 227 113 225 275 239 323 235 44 155 99 291 350 261 226 320 169 316 51 303 328 315 150 210 219 257 172 211 192 320 311 360 130 323 204 456 332 261 79 178 250 259 205 433 80 224 229 112 259 360 353 59 411 376 378 230 114 353 27 315 215 33 375 184 241 131 208 185 267 207 268 195 358 11 302 439 78 284 48 325 343 75 229 308 76 275 311 250 302 72 332 286 131 466 116 168 351 330 398 317 57 87
 100 165 227 193 110 148 249 283 191 145 164 157 173 47 239 136 81 114 81 316 252 149 139 109 140 316 206 218 1 71 262 221 290 152 273 150 146 39 127 172 190 265 249 127 73 259 18 66 115 165 45 250 105 95 211 147 69 192 223 76 132 120 102 131 346 127 77 129 184 270 238 212 150 259 60 113 130 166 172 181 99 165 76 168 187 203 230 157 90 88 264 307 264 150 79 181 245 101 173 40 42 59 340 222 57 206 18 250 259 143 117 75 246 286 141 236 135 120 258 221 158 133 135 60 275 187 149 256 264 303 280 189 268 87 261 258 95 91 169 168 214 216 147 286 215 257 116 158 77 101 254 100 222 264 196 153 124 55 133 178 191 291 180 209 143 144 144 176 280 159 184 158 123 191 247 72 121 226 187 267 107 86 264 204 113 36 181 121 182 287 137 136 46 203 67 213 266 262 167 102 182 44 48 190 73 179 112 240 253 149 88 138 45 262 182 103 141 96 143 130 126 229 139 253 15 152 180 152 271 161 249 184 199 220 127 288 222 130 17 186 159 105 227 120 17 39 294 64 127 42 145 211 262 252 274 200 264 216 128 280 48 105 206 70 238 124 208 146 122 136 154 265 195 205 244 178 205 100 274 169
 121 223 279 220 180 87 310 315 208 203 198 205 210 108 287 198 65 49 35 386 319 80 180 94 143 386 275 239 71 1 325 286 359 85 341 133 170 104 151 210 193 331 293 181 113 329 69 89 92 218 28 289 141 98 242 161 137 260 271 110 79 121 160 192 416 58 9 125 222 340 293 266 220 288 30 180 164 176 188 112 108 203 8 99 240 250 242 223 103 154 326 377 327 195 105 193 282 168 172 88 44 109 410 253 91 265 83 316 295 207 48 136 290 350 166 280 182 75 322 273 199 203 80 91 303 220 109 305 317 373 311 244 335 106 331 288 162 158 191 237 267 284 143 354 280 327 184 88 147 51 293 144 275 300 262 223 177 71 65 108 257 358 231 227 73 85 84 239 348 224 114 207 170 258 315 85 152 258 234 331 129 25 333 273 96 102 197 99 230 356 164 66 26 133 127 281 289 332 228 93 240 114 118 260 67 247 180 310 323 178 121 192 114 301 245 33 173 161 77 61 194 260 164 318 63 144 250 185 340 181 304 228 250 287 175 357 250 186 56 207 171 70 295 174 85 69 360 133 57 52 172 235 332 296 306 270 284 284 146 309 117 75 248 122 308 194 278 172 104 202 136 297 247 265 312 240 247 109 294 213
 326 105 311 191 170 370 17 183 385 124 336 295 164 218 332 239 339 352 342 163 59 392 309 285 256 177 95 210 262 325 1 51 188 385 85 296 345 249 215 330 259 228 121 149 218 149 258 307 298 119 298 143 201 261 175 361 196 95 107 224 393 261 166 242 166 371 328 269 338 112 303 293 174 408 321 153 191 238 224 418 336 163 327 420 103 318 241 109 248 226 8 180 12 150 310 387 152 214 266 277 282 274 164 377 238 65 260 37 162 120 363 248 354 36 341 120 156 329 15 87 158 160 351 298 194 349 336 94 71 113 416 281 47 320 146 404 169 223 363 121 297 77 383 81 221 141 152 404 202 327 143 191 81 389 214 138 271 307 389 420 79 56 113 219 395 364 367 234 205 104 432 134 165 210 73 318 322 170 308 19 226 328 83 94 365 249 225 297 122 89 337 379 301 449 199 184 214 123 247 352 87 223 225 128 277 97 154 164 141 339 218 271 220 381 237 357 192 168 378 375 147 380 208 26 276 278 140 332 188 216 304 317 301 69 162 175 186 266 273 210 372 311 73 156 247 258 58 205 377 275 342 201 121 357 178 151 227 193 344 193 233 364 135 271 154 184 167 204 374 215 297 403 101 61 208 239 335 338 224 143
 278 81 263 188 122 340 45 204 335 94 286 245 156 179 283 189 295 318 301 146 40 357 259 258 237 157 48 212 221 286 51 1 158 353 71 276 296 204 195 280 250 188 140 121 186 116 219 261 271 102 259 160 175 233 177 312 153 44 117 193 351 238 131 192 160 336 290 247 287 89 255 244 124 358 280 109 170 225 214 386 289 152 289 384 94 268 242 65 220 177 57 156 48 132 263 337 166 165 253 232 245 227 156 327 204 57 216 30 180 81 328 200 305 66 291 135 133 299 42 96 145 110 321 252 212 299 311 120 104 106 366 231 50 273 114 354 126 174 313 71 248 31 335 78 175 108 107 369 156 294 161 163 90 340 166 88 221 262 351 386 31 73 102 217 358 334 337 184 171 64 397 117 140 162 46 272 272 177 258 49 202 292 65 45 319 204 217 272 115 83 287 344 261 414 161 138 227 94 197 306 66 179 180 79 245 47 110 125 107 289 189 221 177 332 188 319 175 127 345 340 100 330 191 34 234 259 90 282 153 204 257 267 251 23 137 147 191 215 233 204 322 281 32 127 205 221 75 161 340 238 292 202 93 308 198 105 238 147 295 212 187 320 138 223 114 134 121 188 328 164 277 353 97 45 166 189 285 291 237 132
 295 223 185 336 186 434 193 361 308 226 259 215 302 267 202 179 338 403 359 52 130 438 243 369 364 38 121 363 290 359 188 158 1 440 106 398 285 257 324 246 390 64 297 248 293 43 297 297 380 246 334 317 296 344 330 308 231 138 273 301 401 358 244 185 87 416 366 368 247 77 167 173 141 292 341 201 302 362 354 470 312 296 365 453 246 209 392 179 331 208 195 26 177 271 290 319 323 194 387 278 328 263 80 274 303 213 277 153 336 199 406 230 226 168 283 292 266 400 174 253 287 163 419 289 368 260 421 275 256 94 290 177 144 298 45 287 216 205 293 143 177 130 344 116 100 51 195 447 215 386 318 281 247 262 111 149 214 307 416 466 162 149 252 366 430 430 431 143 28 189 471 259 269 113 117 308 272 332 209 172 323 374 106 125 350 258 360 383 265 108 280 425 335 491 256 81 383 66 160 337 214 249 243 113 343 154 199 51 52 273 303 204 250 252 140 390 311 222 432 419 182 273 324 163 298 386 117 263 22 342 161 221 192 137 267 14 344 204 306 349 314 382 126 251 279 310 149 231 415 324 281 353 68 226 355 93 393 81 298 369 243 361 292 252 56 167 83 324 355 164 400 280 251 200 62 145 229 314 393 278
 198 281 362 243 257 23 370 336 278 262 276 288 245 179 369 282 137 39 103 464 388 22 261 107 154 465 348 253 152 85 385 353 440 1 413 123 245 188 182 290 193 415 330 237 168 408 144 171 96 270 108 321 187 128 268 232 213 332 313 162 106 138 222 276 492 32 78 135 301 415 376 350 301 361 111 252 203 189 204 35 183 241 79 59 290 332 247 292 140 238 385 456 389 242 185 261 311 251 172 173 114 193 486 328 149 322 166 381 321 273 41 220 370 414 242 318 232 61 385 320 240 281 40 174 322 298 77 348 364 446 385 328 401 185 409 362 234 241 264 312 351 355 205 425 364 405 257 35 227 59 325 195 324 377 346 299 261 153 66 39 325 424 281 240 47 28 24 323 430 290 57 256 221 341 386 164 231 284 316 394 165 67 405 346 158 185 211 100 276 427 240 26 108 68 195 363 301 408 312 160 299 193 198 337 109 317 252 391 402 255 168 276 192 379 330 64 207 231 10 31 268 335 194 382 146 143 328 263 422 202 388 310 333 357 225 438 272 270 136 226 240 77 366 230 163 135 427 211 43 119 248 253 408 376 329 350 292 367 220 328 199 133 286 206 388 275 359 201 162 286 125 372 295 325 395 325 327 183 304 256
 313 151 256 258 165 402 93 264 354 162 302 258 226 236 276 206 340 377 351 80 32 416 279 324 306 94 68 281 273 341 85 71 106 413 1 344 320 249 264 293 320 155 201 188 249 73 274 302 336 172 314 223 242 299 246 339 205 83 182 257 400 306 195 211 90 394 346 315 298 30 243 239 144 360 331 163 239 295 284 446 326 222 345 439 164 270 312 123 285 211 92 96 74 202 301 359 230 197 323 276 302 267 87 334 266 125 265 53 242 143 385 236 299 63 316 198 202 363 72 161 215 145 384 293 274 311 377 176 155 36 364 233 39 310 69 355 181 208 333 106 243 59 368 17 161 65 159 427 200 355 223 229 155 336 160 122 243 307 404 445 92 46 172 287 414 397 399 187 127 127 454 187 208 158 28 313 299 244 264 68 269 350 10 70 360 250 287 338 185 15 312 403 316 473 219 124 292 44 203 347 136 230 228 92 307 97 163 95 66 310 255 238 229 327 188 374 245 183 405 398 148 336 260 62 284 328 104 301 110 274 241 275 252 59 205 93 259 235 286 274 348 344 49 193 258 280 46 210 397 296 315 271 43 301 259 101 304 132 324 274 233 365 206 260 85 164 110 258 368 183 346 352 166 114 138 192 289 328 302 202
 241 196 374 127 217 102 281 216 332 183 312 306 138 142 387 277 195 114 167 409 315 140 288 43 41 414 287 133 150 133 296 276 398 123 344 1 290 185 82 321 71 389 219 157 108 359 134 206 41 179 130 206 104 59 152 286 175 269 207 100 202 41 155 273 431 132 128 31 333 354 383 357 268 407 157 198 107 70 86 152 233 137 127 179 195 351 124 225 70 227 295 408 303 148 221 320 196 234 50 188 115 208 426 370 104 232 167 302 203 204 131 221 395 329 285 208 144 69 299 219 140 239 85 203 201 335 50 241 261 379 428 334 323 227 359 406 183 228 313 257 359 288 274 352 344 354 204 155 199 88 210 118 224 413 325 250 272 189 170 160 253 344 185 119 159 96 100 312 395 218 179 163 137 320 317 206 268 167 335 309 77 112 336 283 227 182 91 34 177 357 283 135 132 188 146 331 179 351 308 223 213 170 179 286 79 252 200 349 351 296 96 285 166 411 319 144 105 177 121 134 217 377 89 300 155 22 282 299 383 88 393 332 346 287 140 392 154 277 138 108 297 64 297 152 149 113 346 180 145 111 291 134 351 401 209 307 170 337 269 207 187 207 177 219 343 245 321 95 235 270 5 414 198 239 366 316 354 234 182 155
