NAME : domp280p140v2
COMMENT : (Deleplanque et al.) 
TYPE : DOMP
DIMENSION : 280
DISPLAY_DATA_TYPE: NO_DISPLAY
OPEN_FACILITIES : 140
COST_SECTION
 1 191 51 154 165 209 208 151 251 240 158 170 135 125 148 262 198 205 126 318 241 148 72 174 221 131 23 199 111 160 217 197 65 284 60 151 195 152 220 264 69 200 96 164 105 77 202 68 135 103 159 282 150 202 105 255 50 107 262 106 279 303 116 232 283 229 42 297 115 158 100 125 134 118 244 89 127 273 116 160 201 240 298 68 61 89 185 88 148 242 201 146 121 125 78 229 145 222 214 273 243 136 21 157 100 330 66 258 307 228 89 44 83 266 226 235 271 262 206 271 31 48 279 180 262 80 163 228 108 243 57 297 262 195 94 309 34 305 211 89 225 74 59 191 255 132 134 223 230 193 134 93 262 273 150 244 171 148 261 261 253 65 273 247 106 107 271 168 176 25 224 225 160 87 163 269 307 316 148 128 98 86 254 113 170 94 136 170 243 224 46 253 193 127 203 120 325 29 80 285 233 82 251 234 93 152 75 142 231 286 254 149 247 41 79 158 215 310 105 159 62 209 150 103 72 348 28 193 224 178 318 178 43 94 80 226 29 162 265 128 297 214 282 245 109 248 106 101 143 85 286 112 308 24 125 291 164 103 281 221 182 283 162 152 236 96 232 74 146 18 145 148 216 56 166 152 290 70 316 87
 191 1 219 210 347 22 21 339 201 73 269 226 163 305 132 338 355 387 315 339 156 335 180 309 372 319 169 27 266 32 314 86 188 242 133 282 355 341 392 250 136 10 134 107 187 164 263 131 314 291 340 246 42 48 295 173 155 206 402 124 367 375 243 205 386 194 166 333 197 88 283 315 284 161 335 238 314 251 89 62 192 374 448 258 163 270 241 256 93 356 160 325 297 307 153 289 299 369 180 260 368 56 197 63 146 302 187 193 356 397 166 222 179 266 136 351 340 73 141 280 172 229 324 358 431 181 71 378 249 373 146 425 308 145 140 369 204 362 73 214 103 174 241 163 337 77 66 207 115 146 312 224 398 382 139 119 345 327 72 204 186 254 408 416 92 126 410 339 361 168 400 357 187 192 311 263 328 340 317 313 96 271 281 290 205 167 74 217 388 202 163 305 238 316 362 307 313 184 241 403 73 195 331 116 282 340 262 53 68 380 193 43 320 160 113 159 317 462 243 239 176 79 333 124 219 330 218 53 248 279 291 195 233 255 130 41 197 225 419 276 247 331 263 129 235 248 188 91 291 272 326 147 338 180 309 447 351 223 312 321 282 376 54 52 47 269 86 172 51 179 184 136 36 201 327 178 431 167 478 104
 51 219 1 202 169 235 234 125 300 276 199 218 185 87 196 305 219 206 109 365 288 120 53 208 244 127 68 222 61 188 258 239 42 334 98 187 215 139 231 314 84 227 143 209 155 68 249 88 146 103 164 331 179 238 93 302 98 72 288 152 319 346 70 282 320 278 91 344 164 200 67 108 165 168 284 40 99 322 156 176 251 270 318 61 60 105 233 41 191 278 250 108 80 90 127 275 96 247 263 322 275 167 32 174 95 380 44 307 353 241 138 77 133 315 272 270 315 290 253 320 49 20 325 187 272 130 203 252 59 274 103 326 308 243 142 353 18 350 250 49 267 123 81 240 297 149 170 272 273 241 145 137 290 309 198 286 183 158 289 310 301 64 301 259 128 154 297 182 174 60 230 255 210 136 192 318 355 364 103 133 133 58 302 72 220 144 175 219 268 273 94 299 242 120 224 94 374 78 114 318 270 130 294 277 76 146 84 167 267 324 302 177 291 61 114 207 254 328 57 206 111 249 153 108 26 397 48 230 272 219 368 228 52 125 92 249 75 210 284 161 347 250 332 289 152 298 155 130 94 91 333 104 355 44 92 309 160 60 329 261 223 322 180 187 261 119 271 124 170 49 195 196 239 102 119 201 314 61 330 120
 154 210 202 1 208 231 230 260 124 212 72 19 48 257 81 131 175 241 227 166 144 261 216 118 184 207 144 233 261 191 105 151 212 146 142 97 179 237 224 117 183 218 92 110 50 213 58 175 176 188 201 141 181 185 207 149 117 254 203 95 159 171 269 98 176 101 118 148 39 125 232 227 116 55 126 242 244 127 132 225 69 173 253 185 196 154 36 236 119 149 94 277 258 255 90 86 293 178 93 124 164 171 174 223 223 182 213 139 163 224 72 136 72 115 141 145 136 260 114 119 172 194 132 209 256 74 142 188 260 170 119 220 115 100 87 170 187 165 175 240 166 82 146 81 129 206 151 85 162 97 176 79 196 173 75 176 191 186 259 135 137 177 205 241 182 92 210 182 229 156 239 158 31 68 132 119 155 165 289 189 145 216 101 250 23 66 139 17 194 89 116 108 41 211 182 237 174 126 114 195 202 74 124 166 208 223 166 193 202 171 133 185 114 171 146 58 109 267 257 32 94 168 202 212 224 196 160 174 71 75 170 40 167 117 192 249 129 16 228 110 160 127 135 170 73 99 49 164 293 172 138 236 158 170 250 256 225 254 130 112 77 168 221 160 250 139 189 83 196 162 27 77 245 103 309 35 231 207 290 152
 165 347 169 208 1 367 366 99 331 383 149 212 229 136 260 232 81 41 79 322 346 105 220 117 103 47 183 360 185 317 184 329 209 349 218 121 73 58 65 316 233 356 223 287 186 232 217 232 36 68 8 343 306 347 81 354 193 238 148 234 227 262 220 304 213 308 182 294 185 290 127 80 94 217 203 191 106 326 262 324 276 144 161 109 219 79 216 164 280 174 297 142 146 130 201 231 196 111 299 320 158 293 169 321 258 373 211 346 289 78 195 127 181 305 339 166 245 416 312 301 193 150 273 21 105 177 302 111 202 152 202 190 262 298 218 279 171 279 349 213 352 181 109 283 220 296 284 291 353 295 36 139 155 199 257 367 29 23 415 342 343 108 164 93 269 234 156 37 23 189 62 137 234 171 93 312 315 319 170 38 252 123 275 143 230 196 281 220 128 296 185 251 229 56 81 104 356 165 111 196 374 165 221 357 99 38 91 303 373 225 340 307 227 204 237 252 175 169 205 187 175 344 18 265 190 378 139 336 261 164 363 247 126 100 244 385 152 204 129 99 364 155 331 365 139 295 186 261 204 82 283 269 308 185 121 148 27 221 288 182 166 224 325 301 393 81 368 183 306 181 222 257 376 149 191 232 167 225 164 246
 209 22 235 231 367 1 2 357 216 74 291 246 184 321 152 358 376 407 334 357 169 353 194 330 394 338 188 19 280 51 335 101 203 256 152 304 376 360 413 266 152 14 155 127 209 177 284 148 334 310 360 260 62 60 313 185 176 217 423 146 387 395 255 222 406 210 186 351 218 108 300 333 305 182 356 252 331 267 110 68 210 395 470 276 178 290 261 271 114 377 177 341 313 323 174 309 312 390 197 276 389 76 215 70 157 316 201 206 375 418 187 242 200 283 149 372 360 58 157 297 190 246 343 379 453 203 91 399 262 394 166 447 327 162 161 388 221 382 84 227 114 195 260 181 358 89 87 224 126 163 333 246 419 403 159 127 366 348 57 218 200 273 429 437 108 148 431 360 381 186 421 379 207 213 332 280 346 358 331 333 116 289 299 306 226 189 96 238 410 219 183 324 258 335 383 325 328 204 262 424 77 216 352 126 300 359 282 69 73 401 207 62 340 177 132 179 338 484 256 260 197 91 353 136 234 345 237 68 267 301 305 215 252 275 145 20 217 246 440 297 260 353 279 138 256 265 209 109 304 291 344 157 356 197 326 469 370 235 331 342 304 397 62 74 28 289 93 193 66 197 205 157 16 222 341 199 453 181 499 124
 208 21 234 230 366 2 1 355 215 74 289 245 183 320 151 356 374 406 332 355 168 351 193 329 392 337 187 19 279 50 333 100 201 256 150 302 375 359 411 265 151 12 154 125 207 176 283 147 333 309 359 260 61 59 312 184 174 217 422 144 386 394 254 221 405 209 185 350 217 107 299 332 304 180 355 251 330 266 109 67 209 394 468 275 176 288 260 270 112 376 176 340 312 322 173 308 311 389 196 275 388 74 213 69 156 315 200 206 374 416 186 240 199 282 148 371 359 59 156 296 189 245 342 378 451 201 90 398 261 393 165 445 326 161 160 387 220 380 83 226 114 193 259 180 356 88 86 223 125 162 331 244 418 401 158 127 365 346 58 218 199 272 428 435 107 146 430 359 380 185 419 377 206 211 331 279 345 357 330 331 115 288 298 305 224 187 94 236 408 218 182 323 257 334 382 324 328 202 260 422 76 215 350 126 299 358 280 68 72 399 206 61 339 176 131 177 337 482 255 259 196 90 352 135 233 344 235 67 265 299 305 214 251 274 144 21 216 244 439 296 260 351 278 138 255 264 208 108 303 290 343 156 355 196 324 467 369 234 330 340 302 396 61 72 29 288 93 192 65 196 203 155 17 221 339 198 451 180 498 122
 151 339 125 260 99 357 355 1 378 390 220 270 264 51 287 317 178 117 34 400 380 8 175 201 201 63 173 345 109 309 268 345 164 404 210 196 171 42 159 376 207 348 239 308 223 191 286 210 106 74 100 400 299 352 55 392 196 177 246 250 318 352 148 355 307 355 186 374 227 305 60 34 165 248 290 126 27 386 266 300 324 241 257 86 184 107 279 99 295 266 335 47 62 45 217 306 107 209 343 382 253 285 143 298 218 438 166 390 373 173 220 135 208 370 368 259 330 411 345 369 168 111 353 118 193 204 312 208 131 248 205 288 339 332 235 366 137 365 361 154 372 203 119 323 307 273 284 343 376 330 105 182 253 294 287 390 126 106 410 389 386 92 262 185 250 251 254 132 87 173 149 231 280 203 177 375 392 397 77 85 248 69 345 64 282 223 286 275 226 346 190 329 291 55 179 33 426 167 147 293 383 196 306 380 60 62 96 289 381 317 384 297 309 181 229 288 260 263 135 248 193 358 88 232 136 448 126 343 324 239 427 296 111 145 216 372 155 261 226 167 419 244 393 390 190 356 223 249 117 90 363 226 387 161 38 242 75 157 364 267 242 316 304 302 383 124 381 204 292 161 265 286 362 169 96 274 265 185 252 237
 251 201 300 124 331 216 215 378 1 160 189 122 117 369 107 189 292 363 346 150 52 378 295 234 297 328 233 227 360 199 195 116 296 43 213 216 297 358 344 57 251 206 159 108 157 286 135 241 299 307 324 46 195 157 324 43 203 334 305 152 223 214 358 29 251 24 210 154 153 127 343 346 239 134 203 336 360 54 168 245 56 275 356 298 273 274 123 338 131 240 53 389 367 367 174 144 395 289 37 66 261 194 269 244 286 102 296 20 181 341 164 247 174 79 69 239 185 216 62 95 258 297 154 331 372 177 139 299 354 269 199 309 143 64 159 200 282 193 134 327 106 180 261 61 195 240 173 42 96 65 299 199 295 253 103 102 313 309 216 12 23 291 302 357 227 149 310 304 352 243 359 263 100 177 251 73 141 152 396 311 193 327 109 359 102 159 158 113 301 36 206 146 111 332 299 353 114 225 234 279 152 184 189 97 323 346 283 215 154 238 14 201 175 251 205 94 203 370 350 148 192 126 325 267 317 130 266 149 91 183 91 85 276 238 255 230 233 129 336 233 51 228 65 91 195 67 156 210 392 290 151 295 154 260 364 363 348 340 135 202 183 235 239 168 223 261 133 180 217 253 114 106 231 212 415 105 329 283 397 207
 240 73 276 212 383 74 74 390 160 1 280 223 169 361 134 327 376 422 363 308 109 388 244 324 390 361 218 92 328 95 314 62 251 198 182 299 378 387 419 215 197 71 161 104 205 229 256 191 348 334 376 203 101 39 342 123 197 274 413 150 359 360 309 174 382 161 207 308 211 95 338 363 308 174 331 301 366 213 126 134 171 384 463 306 224 308 236 315 104 359 135 382 355 363 184 277 363 385 152 225 375 112 251 134 214 256 250 147 334 422 190 263 204 235 93 355 327 57 111 251 228 284 303 391 456 208 82 395 313 381 188 430 289 121 167 350 260 343 38 279 56 203 282 143 329 146 107 180 66 124 348 250 407 381 139 61 376 362 57 160 141 301 416 441 154 150 420 369 400 220 430 368 183 216 331 230 298 310 377 352 144 325 258 347 200 190 106 214 403 173 204 289 229 360 383 359 273 227 274 404 11 221 323 64 332 382 305 119 11 374 149 105 310 216 163 155 319 477 308 243 209 45 371 192 281 286 266 49 229 285 247 185 281 285 194 80 240 226 436 300 199 338 225 73 256 219 206 147 356 314 303 217 310 234 363 464 391 289 288 321 288 370 126 90 69 303 29 202 118 232 186 138 86 236 390 178 442 231 497 157
 158 269 199 72 149 291 289 220 189 280 1 69 112 230 147 107 104 177 188 181 214 223 228 47 113 160 158 290 249 246 60 219 222 202 172 29 109 189 156 168 209 278 139 177 84 231 68 203 122 149 143 196 235 251 171 219 142 263 135 146 122 148 268 161 128 167 137 155 74 189 207 188 58 110 87 237 210 178 184 272 137 106 184 162 214 118 69 223 181 91 165 247 234 227 125 87 278 107 162 171 100 223 176 270 248 225 223 206 158 154 108 124 99 156 213 85 118 325 185 153 184 185 135 146 185 98 205 117 255 104 148 158 120 171 133 156 187 153 243 244 236 108 124 152 99 249 206 148 233 168 122 66 130 121 142 247 128 129 325 200 205 154 140 170 222 144 142 119 172 170 171 90 102 86 63 163 173 178 265 140 189 193 128 227 91 105 196 78 124 154 137 110 82 167 111 204 209 135 88 138 270 87 96 237 178 172 137 242 270 129 200 238 94 188 184 128 58 198 254 43 113 236 147 242 224 231 152 239 113 22 214 109 152 81 220 309 130 62 157 55 217 64 182 241 50 147 83 206 280 138 144 261 168 180 220 186 171 257 145 64 26 126 270 218 312 99 258 109 246 172 95 143 303 104 288 105 164 224 219 192
 170 226 218 19 212 246 245 270 122 223 69 1 65 270 95 114 172 243 237 149 148 271 233 114 179 214 161 249 276 207 91 163 230 138 160 96 177 245 223 107 201 234 110 123 67 231 40 193 181 197 205 132 198 199 217 152 135 272 194 113 142 154 285 94 162 100 136 130 56 140 245 237 119 73 111 258 255 117 149 243 69 164 245 198 214 164 18 251 134 136 99 289 271 267 108 68 308 172 94 113 153 189 190 240 241 170 230 138 145 221 90 150 90 101 148 133 118 273 121 104 189 209 114 211 253 91 157 182 276 160 137 208 96 108 105 152 203 147 187 257 175 100 158 87 113 224 168 81 171 105 181 91 186 159 89 184 193 191 273 133 137 190 195 238 200 110 200 184 234 173 239 149 41 84 131 107 138 148 302 196 163 229 85 263 25 85 155 11 186 86 134 89 24 220 179 248 160 142 125 182 213 89 107 175 219 230 178 210 214 155 132 202 96 188 164 70 97 259 273 27 111 180 207 230 241 182 175 187 57 66 158 43 181 126 210 264 145 10 221 114 153 117 124 177 81 87 66 182 308 182 120 254 140 187 262 249 231 271 113 99 67 152 238 176 265 148 199 100 213 179 43 91 260 118 323 48 221 225 283 171
 135 163 185 48 229 184 183 264 117 169 112 65 1 252 36 178 210 265 232 200 119 263 187 156 223 218 120 186 245 144 152 109 186 150 107 131 212 247 256 132 149 171 52 66 44 181 103 140 194 195 221 147 134 140 210 130 90 226 246 52 206 217 246 98 224 95 95 186 46 79 226 232 144 18 174 223 244 140 86 179 67 216 295 182 166 163 81 222 72 195 72 273 251 251 60 131 279 217 81 141 208 125 154 177 188 198 186 127 204 257 48 131 58 137 111 190 181 215 84 146 146 181 173 233 291 61 96 227 241 214 88 265 155 71 49 214 168 208 132 216 128 64 146 60 176 162 104 89 127 68 194 91 240 220 32 141 216 207 214 128 123 175 250 275 140 49 253 208 248 130 268 200 31 62 165 139 189 200 280 203 102 211 136 242 48 43 92 57 235 90 92 150 81 220 217 237 196 109 123 241 159 69 170 131 207 237 169 147 159 218 122 138 160 142 107 25 156 309 237 77 76 126 220 173 204 218 149 128 102 119 186 48 160 131 155 202 116 63 268 136 163 172 150 137 93 119 44 122 277 177 177 199 194 147 248 297 242 230 167 159 122 215 175 113 204 152 148 64 150 139 22 32 198 96 299 21 274 177 329 112
 125 305 87 257 136 321 320 51 369 361 230 270 252 1 271 333 209 162 58 409 364 44 133 221 234 92 147 308 59 275 284 321 122 399 181 210 203 84 200 374 170 313 219 288 214 149 292 175 132 87 135 395 265 323 64 377 174 129 279 229 339 371 98 347 332 346 165 384 221 282 27 57 180 236 308 79 32 383 239 261 316 270 297 73 145 114 282 53 272 290 322 22 13 7 199 315 61 240 332 380 280 253 112 258 175 438 123 378 387 213 206 123 196 370 350 282 345 377 328 372 134 79 364 156 237 192 286 242 81 277 181 321 349 317 216 383 102 381 334 108 349 189 113 310 324 235 255 336 354 314 130 180 285 320 271 368 160 137 376 379 373 81 295 227 214 231 288 164 130 143 193 259 272 194 199 375 400 407 37 110 218 43 350 17 278 210 259 273 259 339 169 339 293 82 212 33 428 147 147 322 355 187 322 358 53 101 95 253 352 341 373 263 323 147 199 276 277 304 86 251 178 332 122 191 91 451 104 315 325 251 427 290 93 151 177 335 137 261 264 180 412 265 391 369 192 355 215 216 70 93 373 181 397 128 16 283 116 109 372 284 254 339 265 272 347 133 355 190 256 131 257 270 325 158 60 265 301 143 296 205
 148 132 196 81 260 152 151 287 107 134 147 95 36 271 1 207 245 297 256 217 94 286 189 192 258 246 129 156 256 116 185 73 190 146 107 167 247 274 290 137 145 140 54 31 76 180 133 136 225 221 253 145 108 105 234 108 99 227 281 46 236 244 252 96 256 88 107 206 80 45 245 256 178 44 205 231 266 142 67 157 70 251 330 203 167 191 110 235 40 229 56 292 268 270 72 158 291 253 73 147 243 101 166 155 181 200 190 112 227 292 69 154 82 147 82 225 209 180 59 159 152 195 195 266 325 86 62 262 249 249 95 300 179 48 55 239 179 233 97 221 93 85 170 49 206 144 79 91 94 46 225 122 275 253 8 108 249 238 179 116 106 197 285 310 126 43 288 242 279 138 302 236 56 91 200 147 205 217 296 233 89 229 154 259 74 66 65 87 270 89 104 175 107 247 252 259 203 124 152 275 124 97 200 98 229 266 194 124 123 250 108 113 189 145 100 28 189 344 244 112 96 90 250 164 212 223 167 93 120 154 188 65 179 161 149 170 135 96 303 170 157 206 154 106 126 128 76 107 288 202 198 191 213 155 268 332 272 234 186 192 156 246 151 84 170 182 113 84 126 148 55 5 166 120 313 48 309 177 364 102
 262 338 305 131 232 358 356 317 189 327 107 114 178 333 207 1 159 247 286 98 233 321 331 117 150 255 259 362 355 320 51 268 326 179 267 125 167 282 209 141 307 345 222 233 171 332 75 299 213 249 227 171 311 307 272 230 239 367 135 226 34 43 373 164 63 176 236 70 159 251 311 287 155 185 31 343 310 151 262 355 158 111 182 267 315 220 98 329 246 70 194 349 338 329 215 51 383 139 180 138 93 302 281 353 347 171 326 209 58 201 197 229 192 120 241 74 14 380 218 107 286 291 51 221 221 192 268 147 361 102 243 126 51 207 216 50 293 49 292 349 275 202 230 185 13 336 281 154 268 204 214 170 123 69 200 279 204 216 379 197 210 259 126 210 311 223 137 196 253 272 228 107 152 182 141 128 94 94 369 234 275 298 83 331 133 192 268 122 140 161 235 45 101 263 163 305 146 237 194 94 317 185 12 271 281 262 241 323 318 50 203 315 19 289 274 180 58 195 360 109 210 284 235 338 330 164 258 296 102 86 165 145 258 186 316 375 234 117 173 155 192 78 147 269 154 125 170 293 386 241 61 359 82 283 322 195 256 362 73 51 82 46 351 288 375 202 301 203 326 275 156 202 372 207 391 160 153 326 228 281
 198 355 219 175 81 376 374 178 292 376 104 172 210 209 245 159 1 89 153 254 317 183 264 59 26 118 209 372 250 328 116 317 255 302 237 80 9 138 54 265 264 364 222 274 172 273 163 260 79 127 79 294 316 344 148 322 207 290 72 232 150 186 280 264 133 270 198 226 166 283 194 154 72 203 130 249 180 276 267 345 240 65 101 162 257 115 170 226 274 96 268 218 217 204 203 169 267 32 265 267 78 303 209 342 296 315 256 309 217 50 191 155 177 250 315 89 173 417 288 243 227 200 205 65 82 174 298 34 264 72 215 113 197 274 216 204 215 205 340 267 336 182 142 255 148 318 290 251 334 270 81 131 77 120 240 348 53 74 416 303 308 157 87 67 290 231 81 47 99 219 72 58 205 164 46 258 249 251 244 100 264 186 216 213 195 189 283 181 51 257 200 187 183 128 8 177 295 186 121 116 367 161 149 338 163 117 137 318 366 146 303 318 158 236 253 229 107 113 265 146 181 334 90 298 244 315 178 332 210 111 306 213 169 107 275 394 175 165 68 80 317 82 278 343 122 244 172 278 274 131 216 309 239 220 195 96 106 277 223 112 111 146 344 304 400 103 356 184 322 214 196 241 387 159 267 206 96 265 124 262
 205 387 206 241 41 407 406 117 363 422 177 243 265 162 297 247 89 1 107 341 381 124 258 139 104 80 223 400 215 357 203 367 246 379 258 149 81 79 48 344 273 396 262 325 223 270 243 272 75 105 48 372 346 386 115 389 233 272 143 273 238 273 251 336 218 341 222 313 221 329 157 108 125 254 217 224 131 355 302 364 309 148 143 146 258 119 245 197 319 183 331 163 172 156 240 253 221 114 333 347 164 332 208 361 296 398 248 379 304 61 233 167 219 331 375 177 260 455 348 326 232 187 292 33 77 215 341 110 234 157 242 184 282 334 256 292 209 293 387 248 390 220 149 318 235 336 324 323 390 331 76 176 153 205 294 405 51 61 455 374 377 146 160 70 309 273 149 60 34 229 34 144 268 209 116 339 335 337 192 77 292 156 299 171 263 234 320 251 125 328 225 272 258 88 86 131 379 205 149 196 413 203 237 394 133 63 130 343 412 232 373 347 245 244 277 288 193 148 237 217 214 382 56 304 226 400 179 375 289 189 389 280 165 138 283 425 192 235 115 132 394 170 358 401 174 323 223 301 230 121 302 307 326 224 147 127 48 255 309 199 191 232 365 341 433 120 406 222 346 220 257 294 416 188 212 267 156 263 136 286
 126 315 109 227 79 334 332 34 346 363 188 237 232 58 256 286 153 107 1 368 349 36 161 171 177 36 147 323 109 285 237 316 150 371 184 164 146 32 143 343 187 324 209 278 190 175 253 188 78 41 78 367 274 326 23 360 168 170 223 220 289 322 146 322 279 322 158 342 194 276 52 2 133 217 259 120 28 353 239 280 291 215 239 59 166 74 246 92 266 238 303 66 68 52 187 273 118 184 311 349 226 261 121 277 202 405 151 358 342 156 189 104 176 336 337 230 299 387 313 336 146 92 321 99 181 172 284 185 129 222 177 265 307 301 205 335 117 334 332 146 343 172 87 291 276 253 258 310 346 298 76 149 229 266 256 360 103 80 386 357 353 63 239 170 228 221 231 108 74 149 137 204 247 171 148 342 359 365 92 56 222 53 313 66 249 192 259 242 203 313 162 297 258 26 155 26 393 138 114 267 356 164 275 350 35 45 64 266 354 289 352 273 278 159 204 256 229 247 132 215 162 329 65 214 124 415 99 316 291 207 394 263 84 112 196 350 126 228 207 134 386 214 359 360 157 323 190 226 126 57 330 212 355 138 43 226 60 151 332 236 210 288 283 276 360 91 353 173 269 138 232 255 340 138 115 242 244 168 240 212
 318 339 365 166 322 357 355 400 150 308 181 149 200 409 217 98 254 341 368 1 202 403 381 206 246 339 309 365 421 330 139 257 377 121 305 206 261 368 305 94 347 345 251 234 214 377 119 338 299 329 316 113 322 299 351 192 282 419 230 251 120 92 433 136 151 149 283 29 204 254 385 368 236 214 126 405 390 98 281 372 149 207 275 338 361 297 133 396 253 166 180 426 412 406 254 95 452 235 161 85 190 317 337 370 386 87 378 167 49 297 237 294 237 75 216 170 85 364 201 60 337 355 50 313 318 239 270 243 423 199 283 215 62 195 248 71 350 64 279 405 254 248 299 177 109 359 295 133 244 194 300 232 218 160 210 251 296 304 364 153 171 331 220 307 339 248 231 287 344 321 324 203 170 231 230 79 12 5 443 318 301 370 66 404 154 231 280 150 236 138 281 72 126 347 258 384 59 290 263 184 299 237 106 246 357 350 315 339 302 134 163 328 97 336 306 190 149 288 421 161 258 271 323 373 388 71 321 290 100 162 86 155 325 259 354 372 292 156 269 234 128 173 88 240 219 92 214 320 453 317 39 398 16 335 399 289 345 419 38 143 159 132 366 297 368 279 281 248 342 327 182 213 371 264 465 180 245 372 321 311
 241 156 288 144 346 169 168 380 52 109 214 148 119 364 94 233 317 381 349 202 1 379 274 260 326 336 221 182 347 159 231 72 277 90 194 239 321 365 367 108 227 160 146 81 162 263 171 218 312 312 338 95 157 110 327 18 192 311 339 137 267 262 340 71 293 59 200 204 162 95 338 349 257 133 244 322 359 105 141 206 81 309 390 297 252 281 154 327 102 277 51 385 361 363 166 186 383 319 56 117 297 159 258 205 258 149 277 39 231 366 161 247 174 129 22 276 230 165 37 145 242 288 202 349 399 178 102 328 338 304 186 348 190 49 149 249 270 242 86 308 56 178 262 64 238 204 140 80 45 52 311 209 331 294 94 51 331 323 165 52 33 290 339 383 197 135 345 323 366 229 381 295 114 180 274 124 192 204 388 321 167 323 157 352 124 158 127 138 333 73 196 191 144 338 324 352 164 218 241 319 101 187 232 46 322 355 286 178 104 282 41 163 217 234 183 95 239 405 333 173 189 79 337 238 302 178 261 104 133 213 139 106 273 249 229 181 228 153 368 250 93 262 117 39 208 116 162 181 379 294 200 266 205 245 361 396 360 321 184 239 214 278 199 131 174 270 82 177 179 240 125 96 183 212 405 115 365 262 430 182
 148 335 120 261 105 353 351 8 378 388 223 271 263 44 286 321 183 124 36 403 379 1 170 205 206 68 170 340 102 305 271 343 159 405 207 199 176 48 166 377 203 344 237 306 223 186 288 206 110 76 106 400 295 349 55 391 194 171 252 248 322 356 141 355 312 355 184 377 227 303 55 35 168 248 294 120 23 387 263 296 324 246 263 84 179 108 281 92 293 271 334 40 55 38 216 308 100 214 343 383 258 282 139 293 212 440 160 390 377 179 219 134 207 371 367 263 333 407 344 371 164 107 356 124 200 203 310 214 124 253 202 294 342 331 234 370 133 369 358 148 370 202 119 322 310 269 281 343 374 329 109 182 259 299 286 388 132 111 406 389 385 90 268 192 246 249 260 137 94 169 156 236 280 203 182 377 394 400 69 89 245 65 347 58 282 223 283 276 231 346 188 332 293 58 184 29 428 165 147 298 381 196 309 378 58 68 96 285 378 322 384 293 312 177 226 288 263 270 128 250 192 356 94 227 130 450 123 340 326 242 429 296 109 147 211 368 153 262 232 169 419 248 394 389 191 357 223 246 110 90 365 220 390 157 31 249 82 150 367 271 245 321 299 299 379 126 379 203 288 158 265 285 358 168 89 274 271 180 259 233
 72 180 53 216 220 194 193 175 295 244 228 233 187 133 189 331 264 258 161 381 274 170 1 245 288 179 73 179 87 151 288 217 12 333 83 222 261 191 281 318 49 187 138 194 167 17 268 57 195 154 215 331 144 207 146 290 100 40 331 144 349 373 67 281 354 275 99 362 179 181 116 160 204 171 314 59 150 325 135 131 252 311 364 113 23 151 249 81 174 313 243 151 123 136 129 296 120 290 260 327 313 133 57 128 43 384 11 299 374 290 145 113 145 323 256 306 340 251 241 330 46 72 345 238 322 143 180 296 70 314 100 367 327 234 139 378 51 373 223 36 245 134 123 236 325 106 143 274 253 232 194 164 332 344 193 264 232 207 250 304 293 114 343 308 91 147 340 230 226 61 281 295 216 152 233 325 370 380 139 183 109 109 316 117 229 151 152 231 312 274 100 319 256 172 270 145 382 95 150 356 239 148 321 256 128 198 132 128 236 356 295 141 316 46 93 206 285 375 65 226 124 224 204 60 42 404 88 201 284 248 372 233 98 164 51 207 99 226 331 198 344 285 336 269 180 305 168 99 113 140 351 52 372 50 140 356 212 48 345 292 252 354 135 158 220 163 244 134 130 58 202 190 196 126 148 206 358 14 379 94
 174 309 208 118 117 330 329 201 234 324 47 114 156 221 192 117 59 139 171 206 260 205 245 1 68 139 180 328 250 284 68 264 237 244 201 28 64 165 111 208 234 318 177 221 123 250 106 229 96 135 112 237 273 294 158 265 171 276 95 186 119 152 274 206 114 212 164 178 115 232 201 172 44 152 89 243 196 219 222 306 182 69 141 159 234 111 112 225 224 72 211 235 227 216 160 116 274 62 207 210 69 260 190 304 271 261 238 251 174 108 145 134 133 194 259 64 130 368 231 188 203 191 157 109 140 131 248 71 260 70 178 125 146 217 170 166 199 165 287 255 281 140 128 198 106 282 244 193 279 214 98 90 92 103 187 293 91 100 367 245 250 153 103 124 254 184 103 82 139 192 128 52 148 120 25 202 199 203 257 118 224 189 162 221 137 143 236 124 81 199 165 136 125 148 66 191 242 156 96 112 314 118 106 283 170 146 133 278 314 121 245 275 111 210 215 174 60 155 260 89 142 281 119 268 233 263 161 282 153 53 251 155 157 83 245 349 148 108 112 48 259 45 222 287 77 187 122 239 278 131 167 284 192 198 209 141 141 267 172 67 54 119 305 258 353 93 303 141 281 190 141 188 342 126 280 150 124 243 174 224
 221 372 244 184 103 394 392 201 297 390 113 179 223 234 258 150 26 104 177 246 326 206 288 68 1 142 231 391 275 346 112 330 279 303 258 93 32 160 61 266 286 382 240 288 188 296 165 282 104 152 102 296 335 359 172 330 227 315 47 249 136 172 305 269 115 276 219 218 180 298 219 178 92 218 121 274 204 277 285 365 247 45 79 187 281 140 175 251 289 83 277 242 242 228 221 167 292 12 272 267 61 322 233 362 319 312 280 315 206 52 208 178 195 249 325 77 163 433 298 241 251 225 198 86 77 192 313 9 289 54 236 89 191 284 233 191 239 193 354 292 348 201 166 264 138 339 307 256 346 281 106 150 53 102 253 360 75 98 432 307 314 182 63 63 311 248 56 71 120 241 80 44 214 182 63 258 242 242 269 124 284 211 214 238 203 206 300 189 26 262 221 182 187 153 23 201 290 208 143 95 381 179 141 349 188 140 161 338 380 130 309 337 151 259 274 240 102 92 290 154 201 347 114 320 268 310 202 347 212 115 304 221 193 129 297 412 197 174 47 99 318 76 278 354 138 245 187 298 299 156 208 332 231 244 219 76 128 302 217 106 115 130 364 322 417 127 369 202 342 237 207 254 405 180 291 217 71 289 108 283
 131 319 127 207 47 338 337 63 328 361 160 214 218 92 246 255 118 80 36 339 336 68 179 139 142 1 151 329 139 288 206 310 167 351 187 134 112 31 111 320 197 327 203 270 175 192 227 197 44 29 44 346 277 324 36 346 166 193 188 214 256 290 174 303 245 305 155 313 177 271 81 37 104 204 227 146 63 331 237 289 273 181 206 68 180 56 222 119 260 204 288 101 101 87 180 245 152 149 294 326 192 264 131 287 218 381 169 341 311 123 178 99 165 312 326 197 268 389 301 311 156 108 292 66 150 161 280 150 157 188 175 230 278 288 198 304 131 303 328 169 335 163 80 276 244 262 258 291 338 285 42 130 195 232 244 352 69 46 388 339 338 68 204 139 235 214 197 73 48 155 107 170 229 157 115 319 331 336 127 22 224 77 286 98 229 181 257 220 168 295 159 268 235 11 120 60 367 136 96 232 353 150 244 342 54 22 57 272 351 255 336 277 247 168 207 242 198 214 159 191 154 324 31 227 146 390 103 313 267 178 371 244 89 91 207 355 123 206 173 106 366 182 337 351 135 300 175 230 159 48 301 229 326 148 78 193 35 176 304 205 181 254 291 275 364 68 348 164 275 145 215 243 345 128 149 225 210 184 209 215
 23 169 68 144 183 188 187 173 233 218 158 161 120 147 129 259 209 223 147 309 221 170 73 180 231 151 1 179 128 139 217 176 69 269 38 155 207 173 235 251 56 178 77 143 95 74 195 52 152 123 177 266 128 180 127 236 31 111 270 86 279 301 128 216 285 212 27 290 107 136 122 147 142 103 243 104 149 258 94 142 186 247 309 90 56 106 177 107 126 245 183 168 142 147 61 223 163 231 197 259 248 114 37 139 92 316 70 240 302 243 75 58 73 254 206 239 268 241 186 260 29 69 272 197 277 71 141 238 122 250 36 304 255 176 75 305 50 301 189 98 203 62 75 174 254 114 112 208 209 174 150 94 270 276 132 222 186 165 240 243 235 86 281 262 87 88 279 182 195 13 240 231 147 80 172 256 298 308 168 147 76 108 244 134 158 81 114 160 253 208 29 247 184 148 215 142 313 25 89 290 211 76 249 213 115 172 95 122 209 286 236 128 244 31 58 141 215 321 118 154 52 187 168 90 85 335 50 171 213 177 304 165 65 104 67 205 35 154 276 135 281 218 268 224 110 236 96 80 160 104 279 105 300 28 147 303 183 112 273 222 181 284 143 129 215 110 210 62 125 20 132 129 196 56 185 138 299 67 330 66
 199 27 222 233 360 19 19 345 227 92 290 249 186 308 156 362 372 400 323 365 182 340 179 328 391 329 179 1 265 45 336 112 188 268 143 301 372 350 407 276 139 23 153 133 207 163 287 136 327 301 353 272 57 73 303 198 169 201 422 144 391 400 239 232 408 220 179 358 217 113 288 322 301 182 359 237 319 277 107 51 217 394 467 266 164 282 265 257 117 378 186 327 299 310 170 313 297 388 206 286 389 70 203 53 141 328 187 219 381 413 184 234 197 292 161 373 364 75 167 306 178 234 349 372 447 199 97 396 247 393 160 446 333 171 159 394 209 387 97 212 128 191 252 189 361 74 85 233 140 172 326 242 418 404 163 142 360 340 74 230 212 263 428 432 96 146 430 354 373 175 414 378 211 210 329 289 354 366 317 324 109 277 306 292 229 187 96 241 408 228 176 330 262 325 379 313 339 196 256 425 93 212 355 141 289 350 273 58 89 403 219 55 344 165 124 183 339 481 241 261 192 104 345 121 220 356 227 79 273 301 317 220 242 270 131 29 209 248 437 293 273 353 289 153 253 274 208 100 288 282 351 140 363 185 313 465 361 219 338 343 304 400 45 74 42 283 109 189 55 186 207 161 18 216 325 202 451 167 495 115
 111 266 61 261 185 280 279 109 360 328 249 276 245 59 256 355 250 215 109 421 347 102 87 250 275 139 128 265 1 237 307 296 79 394 155 234 244 138 249 373 132 273 203 268 213 104 304 139 172 124 182 391 229 291 105 362 158 74 320 212 366 395 40 342 363 338 151 399 222 258 59 108 207 228 333 29 87 382 213 216 311 307 343 92 105 141 290 27 249 321 310 71 47 65 187 329 36 280 324 382 314 218 92 214 126 439 80 367 406 262 198 129 192 374 331 313 366 337 312 378 106 68 379 205 288 189 260 283 24 312 162 361 363 303 202 404 79 401 305 55 324 183 127 300 347 192 225 332 331 301 170 190 325 352 258 343 205 180 336 370 361 98 335 277 176 214 329 207 182 120 244 294 270 194 231 378 411 420 53 153 189 65 359 46 278 204 231 277 300 333 155 354 299 130 253 85 433 138 163 357 323 188 344 335 88 153 119 214 320 370 362 226 343 116 170 267 302 352 29 261 171 305 169 146 49 456 102 284 331 270 427 287 98 171 137 293 133 267 310 205 407 294 391 347 205 357 214 182 34 122 388 131 411 103 72 331 168 53 384 309 274 367 221 241 306 158 326 183 216 109 255 256 282 159 62 261 344 100 347 174
 160 32 188 191 317 51 50 309 199 95 246 207 144 275 116 320 328 357 285 330 159 305 151 284 346 288 139 45 237 1 293 89 159 241 102 257 328 311 364 244 106 40 108 97 163 136 246 101 284 260 311 244 12 62 264 176 126 180 377 100 349 359 216 199 365 189 136 321 173 77 253 284 257 139 316 209 283 246 63 48 182 350 423 227 133 240 223 226 78 334 154 295 267 277 126 272 270 343 174 254 345 26 166 47 119 300 158 194 343 369 140 192 152 258 139 329 324 104 138 271 142 199 311 329 403 155 62 352 221 349 117 402 294 139 115 355 174 348 83 186 112 146 211 154 319 52 41 199 123 139 283 198 374 361 123 130 316 298 103 204 188 224 384 388 62 103 385 311 331 137 371 333 170 165 285 256 319 331 287 283 66 241 269 260 189 143 53 200 363 195 133 290 222 285 335 277 309 154 212 381 92 168 313 125 252 310 232 25 88 361 194 12 303 129 82 144 296 436 215 218 148 87 303 97 190 327 187 60 235 257 289 181 203 226 101 69 167 206 392 249 248 309 258 138 209 240 164 60 263 241 313 123 327 149 278 421 320 195 301 300 261 357 40 34 77 240 101 145 24 148 165 121 60 172 298 161 407 138 451 74
 217 314 258 105 184 335 333 268 195 314 60 91 152 284 185 51 116 203 237 139 231 271 288 68 112 206 217 336 307 293 1 253 281 195 228 75 124 233 169 157 267 322 189 213 135 290 61 260 163 199 179 187 283 289 222 232 199 323 111 195 63 89 326 167 73 176 195 111 124 229 262 237 105 155 27 296 261 168 232 324 151 82 162 218 272 171 79 281 222 47 186 299 289 280 179 56 334 102 176 157 68 272 236 322 306 201 282 213 107 162 161 183 154 139 235 46 63 363 209 130 243 244 91 175 187 153 246 111 314 76 204 118 81 196 183 100 247 99 277 304 264 163 181 174 41 303 253 155 259 193 165 125 102 69 178 272 158 167 363 204 214 210 109 174 276 192 116 149 206 229 187 72 131 142 93 148 134 136 319 184 241 249 103 282 115 157 241 101 109 162 195 71 88 214 121 255 180 194 146 92 304 144 39 263 232 214 192 292 304 71 207 287 44 247 238 161 11 176 313 76 170 270 186 299 283 200 211 277 106 41 193 130 210 137 277 353 190 90 145 105 209 37 168 264 109 137 134 259 337 192 101 319 125 239 272 170 208 317 107 9 37 68 321 263 354 152 289 164 296 231 131 180 348 163 342 138 136 283 205 246
 197 86 239 151 329 101 100 345 116 62 219 163 109 321 73 268 317 367 316 257 72 343 217 264 330 310 176 112 296 89 253 1 221 157 143 239 319 337 362 166 169 91 109 44 147 204 196 160 294 284 321 160 87 43 294 89 150 251 353 97 300 302 283 122 322 110 160 254 152 41 297 316 249 115 271 269 322 166 84 136 114 323 402 260 195 256 175 279 51 298 79 343 316 322 131 218 331 325 98 176 314 91 211 135 195 216 221 108 279 364 135 214 149 184 51 295 268 113 57 198 191 243 247 336 398 153 38 334 284 320 142 369 232 64 113 294 222 287 25 252 29 149 232 85 270 136 75 126 37 66 293 193 346 320 78 48 320 307 112 119 101 255 355 382 132 97 360 312 346 180 373 307 123 159 272 180 247 259 342 299 109 282 203 308 139 134 66 153 342 120 156 231 169 310 324 315 228 179 219 343 52 165 263 40 286 331 256 109 52 314 108 93 251 181 127 94 258 416 279 182 157 18 317 174 249 245 221 34 171 224 206 125 235 230 168 116 192 165 375 242 162 277 178 53 198 166 147 119 326 264 248 201 257 196 321 404 338 263 233 260 227 310 128 63 111 249 40 148 110 192 125 77 116 183 356 117 381 203 437 123
 65 188 42 212 209 203 201 164 296 251 222 230 186 122 190 326 255 246 150 377 277 159 12 237 279 167 69 188 79 159 281 221 1 333 84 214 251 180 270 317 55 196 138 197 164 28 263 62 185 143 204 331 151 214 135 293 97 43 322 145 343 367 64 281 346 276 95 358 175 185 105 149 195 169 308 51 139 325 138 140 251 302 354 101 27 141 246 71 177 306 244 141 113 125 128 291 113 281 260 326 305 140 48 138 54 383 2 300 370 280 143 104 141 321 260 298 335 259 243 328 42 61 340 227 311 139 184 287 64 305 99 358 323 235 139 372 41 368 229 32 249 131 114 236 319 115 148 273 257 234 183 157 323 337 193 269 221 197 258 305 294 103 334 298 98 147 331 220 215 58 270 286 214 148 224 324 367 376 130 172 113 98 313 106 226 149 156 228 303 273 97 315 253 161 260 133 380 90 142 348 246 143 315 260 117 187 122 136 243 349 297 148 311 46 96 205 279 365 59 221 120 229 193 70 33 403 78 207 281 241 371 232 87 155 59 216 93 222 321 190 345 278 335 273 173 303 165 105 106 129 347 63 369 44 129 346 201 45 341 285 246 347 145 164 229 153 250 130 138 52 200 191 205 120 140 204 349 23 368 99
 284 242 334 146 349 256 256 404 43 198 202 138 150 399 146 179 302 379 371 121 90 405 333 244 303 351 269 268 394 241 195 157 333 1 251 230 307 381 354 39 290 247 196 150 185 324 140 280 318 332 342 10 237 198 351 76 238 372 305 190 211 197 394 53 241 58 244 130 179 169 373 372 256 167 198 371 387 29 208 287 84 276 355 327 311 299 134 371 172 238 93 419 398 397 208 140 428 294 74 42 261 235 303 286 325 60 333 52 159 350 197 276 205 60 109 239 172 253 104 75 294 329 136 347 379 208 181 304 389 269 236 303 130 105 195 180 317 172 174 363 145 212 288 98 187 281 214 63 134 106 319 224 294 246 141 138 329 328 253 39 58 319 300 365 268 187 308 320 371 278 371 265 127 205 264 52 113 124 428 333 233 357 97 390 124 192 200 132 303 61 241 135 121 356 308 380 76 258 259 272 190 213 181 135 351 367 310 256 193 227 50 242 167 288 245 129 205 369 385 163 225 167 344 307 352 89 297 190 92 192 50 110 307 261 294 270 264 147 339 251 16 230 35 126 217 59 185 250 426 316 131 335 127 295 393 364 368 377 114 202 191 224 280 210 263 284 171 212 258 288 142 144 271 242 448 135 327 321 398 246
 60 133 98 142 218 152 150 210 213 182 172 160 107 181 107 267 237 258 184 305 194 207 83 201 258 187 38 143 155 102 228 143 84 251 1 175 236 210 267 237 43 141 57 114 97 75 197 34 185 159 211 249 91 144 164 210 32 122 294 62 289 308 147 199 299 193 40 288 109 104 157 184 167 92 254 129 185 244 59 109 171 269 335 127 61 140 177 137 95 262 161 202 175 182 53 226 190 256 178 247 267 78 70 107 83 302 84 217 304 274 71 92 76 244 177 256 274 204 160 252 50 103 273 230 308 76 107 264 145 270 25 325 255 152 59 310 81 304 154 115 171 66 110 154 262 83 76 192 177 150 184 112 292 292 111 190 219 199 203 222 211 123 303 293 55 65 303 214 231 39 273 252 137 87 196 245 294 304 200 182 39 144 240 167 152 77 79 156 277 192 38 248 181 184 243 179 302 54 117 308 175 86 257 181 152 209 131 86 172 299 213 91 250 40 21 124 228 348 140 159 61 153 203 72 109 324 87 135 207 189 290 154 102 131 51 169 67 154 303 160 262 234 255 193 127 225 98 44 186 140 278 95 298 55 182 331 219 128 270 234 193 295 109 93 178 142 175 65 90 51 124 108 160 79 215 127 323 72 359 29
 151 282 187 97 121 304 302 196 216 299 29 96 131 210 167 125 80 149 164 206 239 199 222 28 93 134 155 301 234 257 75 239 214 230 175 1 83 163 129 196 209 291 150 196 97 226 96 203 94 126 115 224 246 268 148 245 144 255 122 159 133 163 255 189 133 194 138 179 89 206 188 164 32 126 100 224 187 207 195 280 163 95 167 144 209 97 97 208 198 92 189 225 214 205 133 112 260 88 188 199 94 233 168 277 246 253 215 233 179 128 118 112 106 184 236 85 137 342 209 181 179 172 158 118 161 104 222 97 242 96 152 151 145 195 143 174 178 172 262 234 257 113 109 176 115 255 218 176 256 192 95 64 119 123 162 270 100 101 341 227 231 137 130 146 227 157 130 90 143 167 144 79 126 93 36 191 198 203 245 114 197 174 155 207 117 116 209 104 107 181 139 135 110 142 87 182 236 131 74 136 289 91 113 260 157 145 117 251 289 138 227 248 115 185 189 150 69 181 241 69 116 256 120 243 213 258 140 256 141 45 242 135 138 64 220 322 124 88 138 31 245 64 211 265 50 175 96 213 263 117 168 259 192 174 198 167 143 247 170 77 48 135 278 231 327 78 278 115 254 166 117 163 316 100 268 127 151 219 199 198
