NAME : domp60p15v6
COMMENT : (Deleplanque et al.) 
TYPE : DOMP
DIMENSION : 60
DISPLAY_DATA_TYPE: NO_DISPLAY
OPEN_FACILITIES : 15
COST_SECTION
 1 161 207 245 173 332 84 389 227 396 314 209 333 210 333 339 291 35 210 377 23 281 314 283 252 214 175 367 24 276 271 217 332 77 367 180 325 370 374 414 319 324 252 250 52 298 457 168 236 108 222 336 240 166 310 108 337 53 142 199
 161 1 274 227 13 172 111 240 270 249 155 162 196 249 338 286 131 173 239 228 150 247 218 129 106 232 116 287 171 244 111 163 217 95 296 117 176 255 233 279 348 198 175 148 140 140 365 169 164 86 137 275 286 49 209 65 327 110 63 167
 207 274 1 128 280 413 273 403 41 403 374 162 336 45 151 220 363 174 61 394 190 162 262 335 298 77 181 273 185 158 365 170 298 200 261 184 356 325 374 392 121 312 207 237 254 360 359 116 196 283 208 227 42 311 265 217 168 211 214 146
 245 227 128 1 227 323 278 286 94 285 277 68 220 84 112 102 274 220 69 278 223 40 136 240 206 53 112 148 230 35 287 70 175 195 139 111 248 199 255 268 131 193 91 129 275 266 238 78 87 273 110 105 105 274 142 192 102 220 168 62
 173 13 280 227 1 161 124 228 274 237 143 161 185 253 338 281 119 184 242 216 162 245 210 116 95 234 116 280 182 242 100 161 208 105 290 116 164 245 221 268 349 188 170 141 152 127 357 172 160 97 132 271 290 55 201 75 326 121 67 167
 332 172 413 323 161 1 272 130 397 144 49 261 143 378 426 330 51 343 363 123 321 322 231 84 118 351 233 298 342 321 63 256 201 264 317 230 98 223 150 197 452 169 236 196 305 58 341 298 237 242 215 314 412 178 220 232 404 281 212 274
 84 111 273 278 124 272 1 350 285 360 263 225 305 265 380 359 238 114 261 339 90 309 311 239 216 261 181 374 105 304 210 230 318 84 379 185 286 357 342 388 375 303 257 241 38 248 460 203 242 31 220 353 299 95 304 92 377 64 128 221
 389 240 403 286 228 130 350 1 376 15 100 242 68 361 369 254 126 389 345 13 372 271 159 113 138 330 238 207 391 272 165 234 118 313 228 233 65 119 36 70 406 94 198 168 377 111 224 295 208 324 199 238 389 268 150 282 341 337 248 259
 227 270 41 94 274 397 285 376 1 375 355 139 309 22 115 181 347 196 34 367 208 125 229 316 280 48 167 235 207 120 353 146 267 206 222 169 332 292 345 360 93 283 178 212 270 341 320 103 170 291 186 189 17 311 234 218 130 223 208 124
 396 249 403 285 237 144 360 15 375 1 113 243 69 361 365 248 139 395 345 24 379 267 155 123 146 329 242 199 397 269 177 235 114 320 220 237 75 110 31 57 403 93 198 169 386 123 213 297 208 333 201 232 388 279 146 289 336 344 255 260
 314 155 374 277 143 49 263 100 355 113 1 217 97 337 379 281 28 320 322 90 300 275 183 40 77 309 195 250 320 275 65 212 153 241 269 191 52 177 111 161 406 122 190 150 294 17 297 259 192 234 171 266 370 175 172 209 356 261 182 232
 209 162 162 68 161 261 225 242 139 243 217 1 175 122 179 135 211 192 106 232 187 87 115 179 143 93 48 159 199 83 222 10 145 146 159 46 195 178 214 238 196 153 51 76 229 204 250 58 37 216 48 130 154 209 115 135 166 173 105 18
 333 196 336 220 185 143 305 68 309 69 97 175 1 294 307 197 114 330 278 59 315 207 98 84 91 263 174 158 333 207 151 167 61 257 178 169 46 81 42 84 342 31 132 101 328 97 201 229 141 280 133 181 322 232 88 228 281 283 192 192
 210 249 45 84 253 378 265 361 22 361 337 122 294 1 127 179 328 179 17 352 190 119 218 298 261 33 147 230 190 115 333 129 255 186 219 149 315 281 331 349 111 269 164 196 251 323 318 83 154 270 168 185 38 290 222 197 138 203 187 106
 333 338 151 112 338 426 380 369 115 365 379 179 307 127 1 122 379 304 124 363 313 105 212 344 312 121 223 181 314 106 395 180 252 297 161 223 343 262 335 334 50 278 191 231 371 369 247 179 192 379 218 137 110 384 221 300 33 319 278 172
 339 286 220 102 281 330 359 254 181 248 281 135 197 179 122 1 287 317 165 249 317 63 101 251 226 151 180 60 326 68 312 130 138 280 43 177 238 142 219 213 167 168 112 147 363 274 141 173 123 349 150 17 187 334 112 269 92 307 236 141
 291 131 363 274 119 51 238 126 347 139 28 211 114 328 379 287 1 300 313 116 278 276 191 38 69 301 183 261 299 274 40 206 166 220 279 180 72 194 134 184 403 135 189 149 269 18 314 248 189 209 165 272 362 148 180 188 358 239 164 225
 35 173 174 220 184 343 114 389 196 395 320 192 330 179 304 317 300 1 180 377 26 258 302 287 254 186 164 349 12 252 283 200 323 80 347 169 327 360 371 408 287 319 238 241 85 304 441 145 222 134 211 316 207 186 299 112 309 66 142 180
 210 239 61 69 242 363 261 345 34 345 322 106 278 17 124 165 313 180 1 336 190 105 201 283 246 17 133 215 191 100 319 113 239 180 205 135 300 265 315 332 115 253 148 180 249 308 304 71 138 264 153 171 50 280 206 189 132 199 177 91
 377 228 394 278 216 123 339 13 367 24 90 232 59 352 363 249 116 377 336 1 360 264 153 101 126 321 227 204 379 265 155 224 113 301 225 223 53 117 33 75 399 87 190 158 366 100 226 285 199 312 188 233 380 257 143 270 336 325 237 249
 23 150 190 223 162 321 90 372 208 379 300 187 315 190 313 317 278 26 190 360 1 259 293 268 236 193 154 345 21 254 260 195 312 60 345 159 309 350 356 395 300 305 231 230 64 284 435 146 215 109 201 314 221 161 289 92 316 42 125 177
 281 247 162 40 245 322 309 271 125 267 275 87 207 119 105 63 276 258 105 264 259 1 114 240 209 90 134 111 267 7 294 85 155 227 101 132 240 173 238 244 137 178 87 128 308 265 200 114 90 301 118 67 133 295 122 220 84 253 192 88
 314 218 262 136 210 231 311 159 229 155 183 115 98 218 212 101 191 302 201 153 293 114 1 155 136 186 140 73 307 116 220 106 42 243 89 135 138 65 125 133 249 68 65 71 324 177 150 171 81 294 94 85 240 264 12 222 184 271 184 131
 283 129 335 240 116 84 239 113 316 123 40 179 84 298 344 251 38 287 283 101 268 240 155 1 39 270 156 225 287 239 69 174 131 208 242 153 50 161 111 161 370 101 154 113 267 26 281 221 155 212 133 236 331 157 143 177 322 230 147 194
 252 106 298 206 95 118 216 138 280 146 77 143 91 261 312 226 69 254 246 126 236 209 136 39 1 234 119 208 255 207 87 138 122 176 223 115 75 157 128 174 336 97 123 83 241 63 274 183 121 191 97 212 295 143 125 145 292 200 113 157
 214 232 77 53 234 351 261 330 48 329 309 93 263 33 121 151 301 186 17 321 193 90 186 270 234 1 123 200 196 85 309 99 223 179 190 125 286 249 300 317 118 237 132 166 251 296 289 64 123 262 139 156 62 275 190 185 124 199 170 78
 175 116 181 112 116 233 181 238 167 242 195 48 174 147 223 180 183 164 133 227 154 134 140 156 119 123 1 196 169 130 187 51 160 105 200 6 183 197 216 248 235 158 79 79 188 180 285 66 64 170 48 173 182 163 136 90 212 134 58 52
 367 287 273 148 280 298 374 207 235 199 250 159 158 230 181 60 261 349 215 204 345 111 73 225 208 200 196 1 356 116 291 151 98 300 23 191 202 90 172 158 227 130 119 140 383 246 93 208 133 359 155 48 242 334 84 283 150 328 247 170
 24 171 185 230 182 342 105 391 207 397 320 199 333 190 314 326 299 12 191 379 21 267 307 287 255 196 169 356 1 261 281 207 327 80 355 174 328 365 374 412 298 322 244 246 75 304 448 154 228 127 216 324 218 181 304 112 319 62 143 188
 276 244 158 35 242 321 304 272 120 269 275 83 207 115 106 68 274 252 100 265 254 7 116 239 207 85 130 116 261 1 292 81 157 222 106 128 240 176 239 246 136 179 86 127 303 264 205 109 88 297 115 72 129 291 124 216 86 248 187 83
 271 111 365 287 100 63 210 165 353 177 65 222 151 333 395 312 40 283 319 155 260 294 220 69 87 309 187 291 281 292 1 218 199 204 307 185 111 229 173 223 416 169 208 168 243 57 349 251 205 180 179 298 368 117 209 173 377 220 156 233
 217 163 170 70 161 256 230 234 146 235 212 10 167 129 180 130 206 200 113 224 195 85 106 174 138 99 51 151 207 81 218 1 136 152 152 49 187 169 206 229 199 144 42 68 235 199 242 67 28 220 42 124 160 211 106 140 166 180 109 27
 332 217 298 175 208 201 318 118 267 114 153 145 61 255 252 138 166 323 239 113 312 155 42 131 122 223 160 98 327 157 199 136 1 258 118 155 105 40 84 95 290 33 95 83 336 150 153 202 109 298 113 122 279 260 35 233 224 285 195 162
 77 95 200 195 105 264 84 313 206 320 241 146 257 186 297 280 220 80 180 301 60 227 243 208 176 179 105 300 80 222 204 152 258 1 303 110 250 296 298 338 294 249 183 176 84 225 389 120 168 85 150 275 221 117 238 33 294 29 66 140
 367 296 261 139 290 317 379 228 222 220 269 159 178 219 161 43 279 347 205 225 345 101 89 242 223 190 200 23 355 106 307 152 118 303 1 195 222 111 194 180 208 150 124 150 386 264 100 204 138 366 162 35 228 344 100 288 130 331 253 169
 180 117 184 111 116 230 185 233 169 237 191 46 169 149 223 177 180 169 135 223 159 132 135 153 115 125 6 191 174 128 185 49 155 110 195 1 178 192 210 243 236 153 74 73 193 177 280 69 59 173 43 169 184 164 131 94 211 138 61 52
 325 176 356 248 164 98 286 65 332 75 52 195 46 315 343 238 72 327 300 53 309 240 138 50 75 286 183 202 328 240 111 187 105 250 222 178 1 126 63 114 374 73 158 121 313 55 245 244 164 260 148 222 346 206 127 219 318 274 186 211
 370 255 325 199 245 223 357 119 292 110 177 178 81 281 262 142 194 360 265 117 350 173 65 161 157 249 197 90 365 176 229 169 40 296 111 192 126 1 85 73 304 62 128 121 375 177 121 235 143 337 150 126 302 297 64 272 232 324 234 194
 374 233 374 255 221 150 342 36 345 31 111 214 42 331 335 219 134 371 315 33 356 238 125 111 128 300 216 172 374 239 173 206 84 298 194 210 63 85 1 51 373 63 169 141 367 117 195 269 179 317 173 203 358 266 117 268 307 323 232 232
 414 279 392 268 268 197 388 70 360 57 161 238 84 349 334 213 184 408 332 75 395 244 133 161 174 317 248 158 412 246 223 229 95 338 180 243 114 73 51 1 376 91 189 170 410 167 158 295 202 363 202 198 372 314 128 310 304 364 273 255
 319 348 121 131 349 452 375 406 93 403 406 196 342 111 50 167 403 287 115 399 300 137 249 370 336 118 235 227 298 136 416 199 290 294 208 236 374 304 373 376 1 313 218 258 361 395 296 181 216 378 239 181 82 391 257 302 81 312 286 185
 324 198 312 193 188 169 303 94 283 93 122 153 31 269 278 168 135 319 253 87 305 178 68 101 97 237 158 130 322 179 169 144 33 249 150 153 73 62 63 91 313 1 106 81 324 119 181 208 117 281 114 152 296 238 58 222 251 276 184 170
 252 175 207 91 170 236 257 198 178 198 190 51 132 164 191 112 189 238 148 190 231 87 65 154 123 132 79 119 244 86 208 42 95 183 124 74 158 128 169 189 218 106 1 41 266 179 207 108 17 243 39 102 191 223 65 166 170 211 130 68
 250 148 237 129 141 196 241 168 212 169 150 76 101 196 231 147 149 241 180 158 230 128 71 113 83 166 79 140 246 127 168 68 83 176 150 73 121 121 141 170 258 81 41 1 256 139 220 129 44 223 33 134 226 195 64 153 210 204 115 92
 52 140 254 275 152 305 38 377 270 386 294 229 328 251 371 363 269 85 249 366 64 308 324 267 241 251 188 383 75 303 243 235 336 84 386 193 313 375 367 410 361 324 266 256 1 278 471 197 251 67 231 358 283 131 319 104 371 56 142 222
 298 140 360 266 127 58 248 111 341 123 17 204 97 323 369 274 18 304 308 100 284 265 177 26 63 296 180 246 304 264 57 199 150 225 264 177 55 177 117 167 395 119 179 139 278 1 297 245 180 220 158 259 356 161 166 193 347 245 167 219
 457 365 359 238 357 341 460 224 320 213 297 250 201 318 247 141 314 441 304 226 435 200 150 281 274 289 285 93 448 205 349 242 153 389 100 280 245 121 195 158 296 181 207 220 471 297 1 300 222 443 241 134 326 410 157 370 216 417 332 262
 168 169 116 78 172 298 203 295 103 297 259 58 229 83 179 173 248 145 71 285 146 114 171 221 183 64 66 208 154 109 251 67 202 120 204 69 244 235 269 295 181 208 108 129 197 245 300 1 94 201 98 172 119 212 172 122 176 143 107 42
 236 164 196 87 160 237 242 208 170 208 192 37 141 154 192 123 189 222 138 199 215 90 81 155 121 123 64 133 228 88 205 28 109 168 138 59 164 143 179 202 216 117 17 44 251 180 222 94 1 229 29 113 183 212 80 151 173 196 116 54
 108 86 283 273 97 242 31 324 291 333 234 216 280 270 379 349 209 134 264 312 109 301 294 212 191 262 170 359 127 297 180 220 298 85 366 173 260 337 317 363 378 281 243 223 67 220 443 201 229 1 205 341 305 65 286 82 374 74 114 215
 222 137 208 110 132 215 220 199 186 201 171 48 133 168 218 150 165 211 153 188 201 118 94 133 97 139 48 155 216 115 179 42 113 150 162 43 148 150 173 202 239 114 39 33 231 158 241 98 29 205 1 140 200 185 90 130 201 178 93 64
 336 275 227 105 271 314 353 238 189 232 266 130 181 185 137 17 272 316 171 233 314 67 85 236 212 156 173 48 324 72 298 124 122 275 35 169 222 126 203 198 181 152 102 134 358 259 134 172 113 341 140 1 195 324 96 262 107 302 228 138
 240 286 42 105 290 412 299 389 17 388 370 154 322 38 110 187 362 207 50 380 221 133 240 331 295 62 182 242 218 129 368 160 279 221 228 184 346 302 358 372 82 296 191 226 283 356 326 119 183 305 200 195 1 326 245 233 128 237 224 139
 166 49 311 274 55 178 95 268 311 279 175 209 232 290 384 334 148 186 280 257 161 295 264 157 143 275 163 334 181 291 117 211 260 117 344 164 206 297 266 314 391 238 223 195 131 161 410 212 212 65 185 324 326 1 255 95 374 121 107 213
 310 209 265 142 201 220 304 150 234 146 172 115 88 222 221 112 180 299 206 143 289 122 12 143 125 190 136 84 304 124 209 106 35 238 100 131 127 64 117 128 257 58 65 64 319 166 157 172 80 286 90 96 245 255 1 216 194 266 178 131
 108 65 217 192 75 232 92 282 218 289 209 135 228 197 300 269 188 112 189 270 92 220 222 177 145 185 90 283 112 216 173 140 233 33 288 94 219 272 268 310 302 222 166 153 104 193 370 122 151 82 130 262 233 95 216 1 293 56 39 134
 337 327 168 102 326 404 377 341 130 336 356 166 281 138 33 92 358 309 132 336 316 84 184 322 292 124 212 150 319 86 377 166 224 294 130 211 318 232 307 304 81 251 170 210 371 347 216 176 173 374 201 107 128 374 194 293 1 318 268 162
 53 110 211 220 121 281 64 337 223 344 261 173 283 203 319 307 239 66 199 325 42 253 271 230 200 199 134 328 62 248 220 180 285 29 331 138 274 324 323 364 312 276 211 204 56 245 417 143 196 74 178 302 237 121 266 56 318 1 93 167
 142 63 214 168 67 212 128 248 208 255 182 105 192 187 278 236 164 142 177 237 125 192 184 147 113 170 58 247 143 187 156 109 195 66 253 61 186 234 232 273 286 184 130 115 142 167 332 107 116 114 93 228 224 107 178 39 268 93 1 107
 199 167 146 62 167 274 221 259 124 260 232 18 192 106 172 141 225 180 91 249 177 88 131 194 157 78 52 170 188 83 233 27 162 140 169 52 211 194 232 255 185 170 68 92 222 219 262 42 54 215 64 138 139 213 131 134 162 167 107 1
LAMBDA_SECTION
1  27
2  36
3  42
4  37
5  43
6  42
7  44
8  49
9  23
10  28
11  18
12  22
13  59
14  49
15  17
16  21
17  53
18  36
19  24
20  18
21  15
22  30
23  45
24  43
25  22
26  15
27  19
28  36
29  58
30  57
31  49
32  25
33  33
34  38
35  47
36  23
37  20
38  39
39  57
40  35
41  59
42  16
43  43
44  21
45  57
46  52
47  27
48  50
49  28
50  44
51  15
52  28
53  59
54  46
55  57
56  21
57  53
58  23
59  49
60  51
