NAME : domp60p20v3
COMMENT : (Deleplanque et al.) 
TYPE : DOMP
DIMENSION : 60
DISPLAY_DATA_TYPE: NO_DISPLAY
OPEN_FACILITIES : 20
COST_SECTION
 1 257 400 225 237 411 223 367 367 179 343 325 390 326 318 306 247 208 395 512 315 348 379 432 328 394 164 399 304 275 75 301 107 354 291 123 398 510 203 233 210 239 219 308 396 162 454 433 296 351 246 205 73 227 310 257 314 270 234 425
 257 1 200 272 41 158 99 236 323 110 88 252 143 321 118 99 62 275 190 294 187 106 137 208 277 166 118 317 279 256 183 80 176 115 102 152 249 299 150 30 267 188 158 60 146 98 288 264 77 99 172 104 247 159 248 85 261 104 89 175
 400 200 1 283 188 140 178 103 229 304 164 172 111 261 286 271 260 299 13 114 111 232 242 56 200 60 308 190 225 224 333 251 295 239 284 278 85 111 204 227 288 192 193 150 128 255 96 74 252 139 175 302 357 186 181 280 193 295 169 126
 225 272 283 1 232 368 176 202 150 285 329 133 336 103 384 366 311 22 284 388 173 375 403 334 123 311 275 193 91 70 207 350 153 384 363 164 237 380 123 271 16 98 118 286 351 210 292 278 346 320 118 306 153 120 118 333 114 354 189 370
 237 41 188 232 1 176 58 207 286 118 113 216 154 282 157 138 94 235 179 291 155 145 175 206 240 165 122 283 240 217 163 120 146 154 140 123 224 293 110 51 227 148 118 73 161 77 268 244 117 116 133 121 218 119 210 118 223 138 49 189
 411 158 140 368 176 1 208 233 355 263 74 289 35 377 185 175 196 379 129 175 215 121 117 103 319 82 273 325 336 325 337 161 320 124 195 297 223 187 257 185 369 271 255 104 18 250 230 211 164 61 251 249 390 251 293 206 308 213 194 24
 223 99 178 176 58 208 1 169 233 153 158 164 180 225 215 196 148 181 173 290 113 200 228 211 186 175 151 236 184 159 156 178 120 209 197 101 193 289 55 105 172 91 61 114 192 85 244 221 175 153 76 164 188 62 157 172 169 192 15 217
 367 236 103 202 207 233 169 1 127 319 235 75 200 162 343 325 296 221 110 191 57 301 319 157 101 154 318 93 130 136 312 305 263 310 334 253 36 181 166 256 212 131 149 205 218 252 92 77 304 213 122 326 310 141 88 320 98 338 167 224
 367 323 229 150 286 355 233 127 1 379 346 73 322 56 439 420 378 170 236 306 146 408 430 283 48 279 374 56 64 93 333 401 277 417 425 278 151 293 199 335 164 150 183 309 340 303 190 187 398 327 158 394 297 177 77 403 65 423 238 348
 179 110 304 285 118 263 153 319 379 1 190 314 251 362 140 128 73 280 295 403 264 176 206 316 332 275 16 387 324 296 114 126 143 181 113 124 339 407 182 81 275 230 197 169 252 78 385 361 121 206 222 28 199 203 305 80 316 92 153 282
 343 88 164 329 113 74 158 235 346 190 1 275 70 357 125 112 123 337 153 233 201 69 85 150 304 112 200 326 315 298 269 94 258 77 129 235 236 242 211 114 327 235 213 45 65 183 259 237 96 26 216 176 329 211 276 135 290 145 144 94
 325 252 172 133 216 289 164 75 73 314 275 1 256 91 368 349 308 154 177 265 76 336 359 227 31 216 310 77 55 65 280 329 226 345 353 223 108 255 137 265 145 90 120 237 273 239 161 150 327 257 93 326 260 114 17 332 23 353 168 284
 390 143 111 336 154 35 180 200 322 251 70 256 1 344 192 180 189 347 99 165 181 131 135 83 285 52 260 292 303 292 316 163 295 137 197 273 192 174 228 172 337 239 224 85 19 230 204 184 165 48 219 241 365 220 260 203 274 214 167 37
 326 321 261 103 282 377 225 162 56 362 357 91 344 1 438 419 372 122 267 350 163 414 439 316 62 306 355 110 44 68 301 401 245 424 421 251 192 338 182 329 118 136 169 317 361 285 237 231 398 342 150 379 255 165 85 396 71 416 234 373
 318 118 286 384 157 185 215 343 439 140 125 368 192 438 1 20 78 385 275 355 299 65 83 273 393 236 155 429 396 373 251 40 267 64 28 244 351 365 264 114 378 304 274 141 183 185 381 357 42 150 289 115 331 276 364 62 378 50 205 208
 306 99 271 366 138 175 196 325 420 128 112 349 180 419 20 1 62 367 259 343 280 59 84 260 374 222 143 411 377 354 237 21 250 61 22 227 333 352 246 96 359 285 255 124 172 169 364 341 23 136 270 104 316 256 345 50 358 45 186 198
 247 62 260 311 94 196 148 296 378 73 123 308 189 372 78 62 1 310 249 348 246 103 134 262 332 221 87 376 330 305 177 55 190 109 54 167 310 355 193 44 303 237 205 113 187 108 349 325 50 143 223 55 255 207 302 25 315 46 141 217
 208 275 299 22 235 379 181 221 170 280 337 154 347 122 385 367 310 1 300 405 189 379 408 349 143 324 269 214 112 90 196 351 144 388 363 157 256 398 128 272 11 110 126 293 362 207 312 297 347 329 130 302 136 129 138 332 135 352 194 382
 395 190 13 284 179 129 173 110 236 295 153 177 99 267 275 259 249 300 1 118 113 221 231 51 206 49 299 199 230 227 327 240 291 228 273 273 95 117 202 218 289 192 191 139 117 248 108 86 240 128 174 293 353 184 186 269 198 284 163 116
 512 294 114 388 291 175 290 191 306 403 233 265 165 350 355 343 348 405 118 1 218 293 291 87 290 129 409 256 320 324 444 326 407 297 361 390 159 18 317 323 395 302 306 237 174 363 120 120 328 209 286 397 469 298 278 364 288 376 279 152
 315 187 111 173 155 215 113 57 146 264 201 76 181 163 299 280 246 189 113 218 1 263 285 163 105 145 263 132 123 116 257 260 209 272 287 198 85 211 112 204 179 86 97 164 198 196 141 120 259 182 72 272 262 89 80 270 94 289 112 211
 348 106 232 375 145 121 200 301 408 176 69 336 131 414 65 59 103 379 221 293 263 1 33 213 364 179 189 391 372 352 276 52 279 10 80 255 304 303 253 119 370 286 259 100 120 197 328 305 57 94 268 154 348 258 335 102 349 102 188 144
 379 137 242 403 175 117 228 319 430 206 85 359 135 439 83 84 134 408 231 291 285 33 1 216 387 186 220 410 396 378 307 81 310 26 104 287 318 303 282 151 400 313 287 123 121 229 337 316 86 107 294 184 380 286 358 130 373 127 216 140
 432 208 56 334 206 103 211 157 283 316 150 227 83 316 273 260 262 349 51 87 163 213 216 1 255 43 323 243 280 277 362 242 330 219 277 311 137 94 246 237 338 240 237 151 96 279 131 115 244 125 221 310 396 230 235 279 248 291 199 84
 328 277 200 123 240 319 186 101 48 332 304 31 285 62 393 374 332 143 206 290 105 364 387 255 1 245 327 73 34 56 290 355 234 373 378 234 132 279 152 289 136 104 136 265 302 257 181 172 353 286 111 347 261 131 30 356 18 376 192 313
 394 166 60 311 165 82 175 154 279 275 112 216 52 306 236 222 221 324 49 129 145 179 186 43 245 1 282 245 266 259 323 203 294 185 238 274 142 134 214 195 314 214 206 110 69 239 153 132 205 87 195 269 361 201 222 238 236 251 162 70
 164 118 308 275 122 273 151 318 374 16 200 310 260 355 155 143 87 269 299 409 263 189 220 323 327 282 1 384 317 289 99 140 130 195 128 113 340 412 176 90 264 225 192 177 262 72 387 363 135 215 218 43 184 198 300 94 311 107 152 292
 399 317 190 193 283 325 236 93 56 387 326 77 292 110 429 411 376 214 199 256 132 391 410 243 73 245 384 1 103 128 356 391 302 400 418 299 107 242 213 333 207 166 196 293 310 314 138 138 389 305 168 398 332 189 90 400 85 419 238 314
 304 279 225 91 240 336 184 130 64 324 315 55 303 44 396 377 330 112 230 320 123 372 396 280 34 266 317 103 1 31 272 358 215 381 379 218 162 309 143 288 105 96 129 274 320 247 213 203 356 299 108 340 235 124 45 355 33 375 192 333
 275 256 224 70 217 325 159 136 93 296 298 65 292 68 373 354 305 90 227 324 116 352 378 277 56 259 289 128 31 1 241 336 185 361 355 188 170 315 115 263 82 70 102 256 308 219 225 212 333 284 86 313 207 99 50 329 46 350 169 324
 75 183 333 207 163 337 156 312 333 114 269 280 316 301 251 237 177 196 327 444 257 276 307 362 290 323 99 356 272 241 1 230 57 283 224 60 341 443 148 160 194 191 165 234 323 88 395 373 225 277 194 141 87 173 267 190 274 205 166 352
 301 80 251 350 120 161 178 305 401 126 94 329 163 401 40 21 55 351 240 326 260 52 81 242 355 203 140 391 358 336 230 1 239 57 36 216 313 334 229 81 344 267 237 104 156 157 345 321 6 118 251 104 307 239 326 51 339 54 168 183
 107 176 295 153 146 320 120 263 277 143 258 226 295 245 267 250 190 144 291 407 209 279 310 330 234 294 130 302 215 185 57 239 1 287 241 25 293 405 98 161 141 138 114 218 304 83 349 327 235 261 142 168 72 122 212 208 219 226 133 331
 354 115 239 384 154 124 209 310 417 181 77 345 137 424 64 61 109 388 228 297 272 10 26 219 373 185 195 400 381 361 283 57 287 1 82 263 312 308 262 127 380 295 268 109 125 205 335 313 62 101 277 159 356 268 344 106 359 105 197 148
 291 102 284 363 140 195 197 334 425 113 129 353 197 421 28 22 54 363 273 361 287 80 104 277 378 238 128 418 379 355 224 36 241 82 1 219 344 369 245 94 356 286 255 136 190 161 377 354 34 153 272 88 305 257 349 35 362 25 188 217
 123 152 278 164 123 297 101 253 278 124 235 223 273 251 244 227 167 157 273 390 198 255 287 311 234 274 113 299 218 188 60 216 25 263 219 1 282 389 89 137 153 133 106 195 282 60 337 315 211 238 135 148 96 114 210 185 218 204 113 309
 398 249 85 237 224 223 193 36 151 339 236 108 192 192 351 333 310 256 95 159 85 304 318 137 132 142 340 107 162 170 341 313 293 312 344 282 1 148 196 271 246 165 180 211 210 276 58 43 313 212 154 344 343 172 122 333 130 351 189 211
 510 299 111 380 293 187 289 181 293 407 242 255 174 338 365 352 355 398 117 18 211 303 303 94 279 134 412 242 309 315 443 334 405 308 369 389 148 1 314 328 388 296 301 243 184 364 106 108 336 217 280 402 466 294 268 371 277 384 279 164
 203 150 204 123 110 257 55 166 199 182 211 137 228 182 264 246 193 128 202 317 112 253 282 246 152 214 176 213 143 115 148 229 98 262 245 89 196 314 1 152 119 50 18 167 241 106 252 231 225 204 47 199 154 26 126 217 136 237 68 264
 233 30 227 271 51 185 105 256 335 81 114 265 172 329 114 96 44 272 218 323 204 119 151 237 289 195 90 333 288 263 160 81 161 127 94 137 271 328 152 1 264 194 162 88 174 79 313 289 77 127 180 76 230 165 259 68 272 89 98 203
 210 267 288 16 227 369 172 212 164 275 327 145 337 118 378 359 303 11 289 395 179 370 400 338 136 314 264 207 105 82 194 344 141 380 356 153 246 388 119 264 1 100 116 284 352 201 302 288 340 319 120 297 138 119 129 325 126 346 185 372
 239 188 192 98 148 271 91 131 150 230 235 90 239 136 304 285 237 110 192 302 86 286 313 240 104 214 225 166 96 70 191 267 138 295 286 133 165 296 50 194 100 1 34 192 254 154 222 203 264 224 21 246 180 30 78 261 87 281 100 273
 219 158 193 118 118 255 61 149 183 197 213 120 224 169 274 255 205 126 191 306 97 259 287 237 136 206 192 196 129 102 165 237 114 268 255 106 180 301 18 162 116 34 1 169 238 121 237 216 234 204 30 213 166 9 109 228 120 249 72 260
 308 60 150 286 73 104 114 205 309 169 45 237 85 317 141 124 113 293 139 237 164 100 123 151 265 110 177 293 274 256 234 104 218 109 136 195 211 243 167 88 284 192 169 1 90 147 242 219 104 44 173 161 289 167 236 131 251 146 100 119
 396 146 128 351 161 18 192 218 340 252 65 273 19 361 183 172 187 362 117 174 198 120 121 96 302 69 262 310 320 308 323 156 304 125 190 282 210 184 241 174 352 254 238 90 1 236 220 200 159 48 234 240 375 234 277 199 291 208 178 31
 162 98 255 210 77 250 85 252 303 78 183 239 230 285 185 169 108 207 248 363 196 197 229 279 257 239 72 314 247 219 88 157 83 205 161 60 276 364 106 79 201 154 121 147 236 1 327 303 152 190 147 97 152 127 229 128 240 147 90 265
 454 288 96 292 268 230 244 92 190 385 259 161 204 237 381 364 349 312 108 120 141 328 337 131 181 153 387 138 213 225 395 345 349 335 377 337 58 106 252 313 302 222 237 242 220 327 1 25 345 235 210 387 400 229 176 370 183 387 238 213
 433 264 74 278 244 211 221 77 187 361 237 150 184 231 357 341 325 297 86 120 120 305 316 115 172 132 363 138 203 212 373 321 327 313 354 315 43 108 231 289 288 203 216 219 200 303 25 1 321 212 191 363 381 208 163 346 172 363 215 195
 296 77 252 346 117 164 175 304 398 121 96 327 165 398 42 23 50 347 240 328 259 57 86 244 353 205 135 389 356 333 225 6 235 62 34 211 313 336 225 77 340 264 234 104 159 152 345 321 1 120 248 99 302 236 323 47 337 51 165 186
 351 99 139 320 116 61 153 213 327 206 26 257 48 342 150 136 143 329 128 209 182 94 107 125 286 87 215 305 299 284 277 118 261 101 153 238 212 217 204 127 319 224 204 44 48 190 235 212 120 1 205 195 332 202 259 157 273 168 139 77
 246 172 175 118 133 251 76 122 158 222 216 93 219 150 289 270 223 130 174 286 72 268 294 221 111 195 218 168 108 86 194 251 142 277 272 135 154 280 47 180 120 21 30 173 234 147 210 191 248 205 1 236 191 22 83 247 95 268 84 253
 205 104 302 306 121 249 164 326 394 28 176 326 241 379 115 104 55 302 293 397 272 154 184 310 347 269 43 398 340 313 141 104 168 159 88 148 344 402 199 76 297 246 213 161 240 97 387 363 99 195 236 1 225 218 318 55 330 66 162 269
 73 247 357 153 218 390 188 310 297 199 329 260 365 255 331 316 255 136 353 469 262 348 380 396 261 361 184 332 235 207 87 307 72 356 305 96 343 466 154 230 138 180 166 289 375 152 400 381 302 332 191 225 1 174 245 271 248 288 201 401
 227 159 186 120 119 251 62 141 177 203 211 114 220 165 276 256 207 129 184 298 89 258 286 230 131 201 198 189 124 99 173 239 122 268 257 114 172 294 26 165 119 30 9 167 234 127 229 208 236 202 22 218 174 1 103 231 114 252 72 255
 310 248 181 118 210 293 157 88 77 305 276 17 260 85 364 345 302 138 186 278 80 335 358 235 30 222 300 90 45 50 267 326 212 344 349 210 122 268 126 259 129 78 109 236 277 229 176 163 323 259 83 318 245 103 1 327 15 347 162 289
 257 85 280 333 118 206 172 320 403 80 135 332 203 396 62 50 25 332 269 364 270 102 130 279 356 238 94 400 355 329 190 51 208 106 35 185 333 371 217 68 325 261 228 131 199 128 370 346 47 157 247 55 271 231 327 1 340 22 165 228
 314 261 193 114 223 308 169 98 65 316 290 23 274 71 378 358 315 135 198 288 94 349 373 248 18 236 311 85 33 46 274 339 219 359 362 218 130 277 136 272 126 87 120 251 291 240 183 172 337 273 95 330 248 114 15 340 1 360 175 303
 270 104 295 354 138 213 192 338 423 92 145 353 214 416 50 45 46 352 284 376 289 102 127 291 376 251 107 419 375 350 205 54 226 105 25 204 351 384 237 89 346 281 249 146 208 147 387 363 51 168 268 66 288 252 347 22 360 1 186 236
 234 89 169 189 49 194 15 167 238 153 144 168 167 234 205 186 141 194 163 279 112 188 216 199 192 162 152 238 192 169 166 168 133 197 188 113 189 279 68 98 185 100 72 100 178 90 238 215 165 139 84 162 201 72 162 165 175 186 1 203
 425 175 126 370 189 24 217 224 348 282 94 284 37 373 208 198 217 382 116 152 211 144 140 84 313 70 292 314 333 324 352 183 331 148 217 309 211 164 264 203 372 273 260 119 31 265 213 195 186 77 253 269 401 255 289 228 303 236 203 1
LAMBDA_SECTION
1  36
2  17
3  21
4  27
5  39
6  30
7  43
8  42
9  24
10  18
11  17
12  39
13  38
14  35
15  18
16  25
17  40
18  36
19  23
20  51
21  53
22  52
23  44
24  55
25  32
26  15
27  15
28  24
29  26
30  44
31  51
32  47
33  47
34  58
35  15
36  33
37  35
38  50
39  15
40  44
41  53
42  18
43  23
44  39
45  45
46  34
47  49
48  26
49  55
50  58
51  24
52  48
53  57
54  53
55  44
56  36
57  53
58  51
59  52
60  26
