NAME : domp260p130v4
COMMENT : (Deleplanque et al.) 
TYPE : DOMP
DIMENSION : 260
DISPLAY_DATA_TYPE: NO_DISPLAY
OPEN_FACILITIES : 130
COST_SECTION
 1 324 132 151 68 93 32 129 275 192 251 200 208 135 268 141 112 319 58 180 166 346 266 288 173 141 43 312 141 93 152 288 287 77 283 237 146 104 238 113 145 23 212 320 299 222 225 257 261 309 263 258 319 76 209 83 266 197 117 220 192 226 192 195 205 163 118 192 304 257 109 271 115 136 59 303 116 377 94 94 249 186 107 325 165 80 238 43 347 255 275 156 333 297 308 203 80 153 260 108 83 174 52 272 280 337 66 314 406 280 114 96 88 187 336 180 265 337 267 140 93 186 323 161 307 272 250 285 227 211 50 211 237 218 332 212 277 283 241 216 305 35 261 140 330 46 240 338 30 64 140 82 249 287 349 184 316 365 239 150 40 221 320 128 297 319 192 264 106 329 206 162 314 345 197 111 22 61 304 304 247 241 173 288 133 318 160 331 275 295 321 417 222 402 194 64 235 39 43 84 299 337 269 95 265 225 202 204 54 63 151 375 219 152 219 351 236 42 33 326 228 299 106 118 147 124 168 292 361 105 131 284 140 200 98 131 194 217 290 197 130 177 323 275 342 227 113 102 286 72 210 352 180 245 202 213 405 331 232 316
 324 1 220 175 266 311 293 259 222 411 363 250 305 405 60 250 280 174 346 398 357 197 221 283 273 186 357 43 358 361 231 136 99 383 52 452 214 289 428 233 221 311 160 74 45 112 348 138 453 17 64 108 232 288 140 259 361 238 243 201 345 352 193 172 165 297 336 180 90 69 292 335 245 253 267 35 395 230 333 388 79 355 295 2 211 246 88 303 273 123 361 178 194 183 69 128 361 191 281 335 357 194 292 55 439 82 294 115 316 95 223 341 306 148 47 148 415 277 158 211 318 286 199 358 78 450 293 285 117 342 374 136 450 218 45 145 409 389 395 203 366 291 75 186 121 307 93 20 345 307 235 384 91 255 338 426 88 264 99 405 363 311 50 338 68 148 346 62 387 128 167 171 164 162 151 323 344 299 64 144 107 85 179 105 402 8 207 129 188 52 172 302 149 295 241 384 374 357 305 347 313 327 361 259 327 326 364 420 274 322 183 305 108 189 122 131 282 301 341 141 182 266 222 218 184 281 182 299 237 354 228 89 192 148 254 397 149 136 427 179 207 167 78 434 19 381 365 283 88 357 358 81 146 96 125 374 272 49 106 340
 132 220 1 75 109 91 106 165 266 296 314 219 256 255 161 168 62 279 178 282 253 311 257 304 211 85 173 197 237 142 34 236 219 206 172 343 16 70 335 20 147 111 172 199 208 110 289 208 360 207 157 134 305 72 86 118 324 209 23 207 265 292 175 65 168 218 210 61 180 155 174 316 138 42 80 192 239 347 192 220 143 266 76 221 37 71 142 96 343 198 330 109 299 265 188 94 200 31 282 203 139 156 85 177 367 258 143 251 403 210 106 199 170 126 245 79 347 337 227 131 98 229 293 251 230 366 281 303 159 277 177 89 342 215 241 86 353 348 322 205 354 102 148 81 267 98 129 230 160 153 27 169 169 290 372 297 192 352 161 266 169 268 232 218 177 269 266 164 168 269 172 53 272 295 145 104 153 144 185 255 179 147 46 223 252 215 150 271 249 180 280 404 93 391 208 194 309 153 97 129 326 359 326 131 308 278 281 308 81 106 106 376 116 33 101 288 264 132 135 272 204 305 48 105 100 177 41 314 339 135 137 161 40 77 129 249 73 160 369 66 108 55 200 362 236 307 222 64 213 142 283 230 93 168 120 294 384 242 117 350
 151 175 75 1 95 152 120 117 193 268 262 155 200 244 119 115 131 206 177 254 218 237 185 235 156 19 184 164 209 197 105 164 150 212 135 314 81 135 299 76 88 138 98 178 151 78 238 135 325 160 114 123 231 124 79 93 269 144 92 135 220 242 104 89 94 169 183 93 166 107 140 255 94 116 94 154 231 273 173 220 100 225 143 176 95 72 88 132 270 125 273 38 225 191 165 58 194 57 216 179 191 86 122 123 324 195 127 181 329 141 60 181 147 53 189 36 302 265 153 71 159 174 219 217 166 327 217 234 88 228 200 80 312 145 185 88 304 295 278 134 293 117 114 17 198 137 94 189 172 140 100 214 104 219 304 275 177 278 95 249 189 211 173 189 153 197 221 114 222 199 98 38 198 223 71 170 170 131 160 182 109 92 69 153 241 169 85 201 175 148 207 330 103 317 144 211 261 184 134 183 259 290 270 98 247 223 238 279 101 155 37 304 70 51 80 219 201 130 168 201 130 234 51 57 31 136 66 247 264 195 83 144 36 74 94 237 65 87 321 98 51 58 181 319 192 262 206 129 146 189 238 209 30 102 54 251 310 184 89 284
 68 266 109 95 1 124 42 72 211 188 215 141 162 153 213 81 125 251 83 174 145 280 202 231 120 81 93 258 129 147 140 220 221 119 229 235 124 121 226 93 79 68 144 272 237 172 188 190 252 250 207 214 255 94 166 17 227 135 106 154 160 191 125 162 138 118 101 162 258 199 68 225 51 133 41 248 138 311 85 126 194 160 128 267 145 39 179 76 285 188 234 91 266 230 259 152 101 118 204 95 138 107 73 212 261 271 36 247 345 214 47 92 62 123 273 129 241 276 199 73 127 136 256 143 242 259 197 228 162 175 114 168 234 154 269 172 249 248 217 151 262 43 208 81 263 82 188 281 82 48 129 147 185 226 295 190 270 302 175 160 102 175 256 110 247 252 161 205 166 262 139 118 247 277 130 145 83 39 254 237 182 182 139 222 150 259 93 263 209 242 254 354 185 339 133 121 205 107 78 135 246 283 230 33 218 182 176 200 47 106 86 315 164 115 171 284 182 37 96 259 161 239 65 51 83 76 134 237 296 153 65 237 99 159 35 146 151 150 264 168 63 137 275 256 283 201 117 116 220 131 179 302 123 181 141 188 341 268 183 266
 93 311 91 152 124 1 90 194 326 283 333 262 284 225 252 203 35 353 150 271 254 384 317 352 243 154 130 287 231 53 90 314 302 163 262 329 99 24 329 80 194 72 242 286 297 200 307 284 353 297 248 221 368 32 175 139 347 255 69 266 276 310 234 149 237 239 206 143 266 245 186 347 172 67 85 282 207 418 183 183 233 273 22 312 110 100 231 54 402 276 355 177 370 336 276 184 172 121 326 197 52 214 53 266 370 344 144 333 462 293 152 186 171 203 334 167 353 394 299 182 8 259 363 250 316 363 320 350 240 293 119 178 329 270 330 174 364 367 329 264 384 86 238 151 349 49 219 320 120 147 82 87 254 344 417 275 278 416 245 242 117 297 320 216 266 347 277 254 79 351 239 142 346 373 219 23 108 141 274 332 261 235 134 305 224 305 204 352 316 270 355 468 178 454 253 140 321 90 53 41 368 405 350 155 340 303 289 295 78 33 173 433 206 123 191 370 304 121 74 351 268 358 105 153 166 197 130 359 406 44 180 248 124 166 156 223 163 237 378 146 162 145 287 365 327 315 204 29 297 59 295 317 177 252 204 301 452 331 207 389
 32 293 106 120 42 90 1 110 252 200 245 181 197 151 237 121 100 292 73 187 166 321 243 270 157 110 69 281 145 106 130 259 257 101 252 247 121 94 244 87 120 26 183 290 268 192 218 229 268 278 232 229 296 64 179 58 259 176 95 195 187 221 166 168 177 152 118 165 275 226 98 260 92 118 29 272 134 352 97 115 218 184 99 294 141 49 207 38 326 226 267 126 307 271 278 172 95 125 243 110 98 147 39 241 283 306 55 284 386 250 85 101 82 157 305 149 265 317 239 113 92 172 297 162 277 277 235 268 197 205 82 182 246 195 301 184 276 278 241 192 296 5 230 109 301 44 210 307 56 59 119 106 218 267 334 196 286 343 208 164 70 209 289 128 267 291 188 233 125 300 179 132 287 317 167 111 52 52 274 276 217 210 145 259 149 287 134 302 250 264 294 395 194 380 173 94 232 68 39 95 284 322 261 73 253 215 200 212 26 67 120 356 188 123 189 322 220 33 56 298 202 280 76 89 116 110 140 276 337 114 106 254 111 171 75 146 164 187 289 171 100 148 293 277 311 226 122 90 256 89 206 322 149 214 171 212 382 301 202 303
 129 259 165 117 72 194 110 1 149 156 151 72 94 150 216 15 193 200 111 142 103 225 140 161 50 99 136 263 100 216 197 179 190 147 233 200 178 190 183 152 39 135 109 284 222 189 125 151 209 244 209 236 192 164 195 56 161 69 168 98 104 129 78 203 102 54 78 205 275 201 36 155 27 196 110 250 143 253 80 143 200 109 197 260 197 101 179 146 219 156 167 89 211 177 270 171 117 163 134 79 207 68 143 205 208 243 65 210 278 186 61 88 58 114 254 150 186 209 153 51 198 67 200 103 216 211 127 158 144 114 164 196 198 92 251 204 190 185 162 94 193 113 218 102 225 152 200 277 130 73 188 210 170 159 225 168 285 238 161 148 152 106 237 80 259 207 105 203 233 222 101 152 198 230 109 216 136 71 265 193 158 180 181 190 146 252 54 223 154 249 203 289 219 274 66 163 147 166 148 204 175 212 163 40 148 115 122 166 118 176 87 247 174 158 193 244 111 88 160 216 111 171 117 63 90 22 177 166 236 223 36 254 140 191 39 141 182 127 206 211 67 173 288 203 276 146 109 185 194 198 122 312 136 165 142 135 278 249 200 195
 275 222 266 193 211 326 252 149 1 245 159 83 118 275 213 136 314 73 256 236 196 86 10 62 118 182 283 249 212 357 297 89 124 291 228 272 273 315 242 262 134 278 99 280 179 222 153 88 262 212 208 264 45 294 246 195 151 81 279 61 168 157 93 271 101 141 205 278 284 199 178 121 161 306 244 233 275 107 219 282 208 183 323 223 287 227 185 285 78 106 148 158 73 50 268 214 258 248 66 211 348 113 279 185 236 163 212 119 138 128 175 225 202 147 192 208 213 73 66 145 331 117 60 200 148 253 83 64 135 155 312 245 270 58 191 258 202 177 200 63 147 254 227 186 125 291 220 241 277 220 291 356 151 34 121 269 289 92 149 264 299 116 178 201 260 94 169 194 376 118 97 227 78 106 127 346 284 219 262 88 128 182 257 119 271 217 123 119 36 242 76 144 272 129 85 310 179 313 287 344 92 109 150 182 113 129 183 250 252 314 161 112 201 243 233 136 80 235 305 106 64 47 227 173 167 161 255 78 88 361 148 268 228 248 178 266 240 121 219 282 166 243 285 232 235 190 239 309 135 341 172 299 188 146 169 189 131 187 230 119
 192 411 296 268 188 283 200 156 245 1 114 173 128 73 370 163 299 315 135 15 56 330 239 215 142 250 160 417 60 275 325 311 332 136 388 48 310 291 51 278 192 212 254 438 371 343 101 289 71 396 364 389 280 262 345 181 133 182 290 224 78 99 220 347 248 117 88 347 430 355 129 158 176 315 220 404 88 345 105 114 354 64 296 412 331 226 333 231 284 299 143 244 317 290 425 324 114 304 189 94 266 218 237 358 98 384 154 344 329 330 208 100 127 268 401 302 92 271 282 206 283 134 304 54 359 84 171 210 295 94 185 346 48 209 398 353 112 132 77 220 175 204 372 252 356 235 355 429 167 144 314 247 321 233 245 29 440 311 313 51 178 132 383 80 413 331 77 357 278 352 246 299 317 348 261 302 179 153 419 320 307 335 324 330 71 404 206 352 268 403 318 351 367 336 178 166 87 208 232 270 204 239 137 172 159 122 65 13 222 253 241 297 329 300 346 372 168 168 216 342 242 238 251 212 243 135 319 207 322 291 190 408 282 340 176 70 331 277 116 353 219 319 442 95 428 73 80 289 338 253 78 467 290 316 296 64 354 395 354 205
 251 363 314 262 215 333 245 151 159 114 1 117 63 174 336 149 338 231 203 112 93 238 156 113 107 244 234 380 120 342 347 241 271 222 354 123 327 334 90 301 175 265 208 407 320 324 27 228 106 350 330 371 184 306 337 201 20 129 317 164 61 25 177 349 204 98 136 352 404 321 148 48 177 345 254 365 183 246 159 204 324 70 341 364 346 249 301 281 179 242 30 228 228 208 394 309 191 311 95 146 332 185 282 316 78 317 191 274 219 272 210 160 164 240 342 292 55 165 213 192 336 89 215 98 297 95 77 108 253 41 264 337 121 147 340 347 46 35 45 161 63 248 344 248 282 287 331 383 236 189 338 323 278 137 133 142 412 206 272 154 254 55 326 126 384 252 60 320 352 276 201 299 236 264 226 355 247 194 388 245 258 301 328 267 171 357 180 276 190 369 234 241 362 227 127 251 28 280 282 333 95 127 24 186 51 40 56 112 260 309 227 187 306 307 331 294 84 214 281 264 183 138 267 212 232 140 324 101 222 354 181 385 288 334 187 167 325 235 64 358 213 319 412 74 379 42 156 330 280 321 45 432 274 272 270 51 248 336 335 93
 200 250 219 155 141 262 181 72 83 173 117 1 56 195 221 60 256 146 176 163 120 166 74 91 36 139 203 265 133 286 252 139 162 209 238 208 229 255 181 210 73 206 93 291 207 210 99 119 205 236 215 257 125 231 226 124 119 14 227 52 99 103 61 242 88 61 124 247 289 205 97 101 91 255 178 250 193 189 137 201 209 112 263 251 246 165 185 215 149 131 121 119 152 121 278 196 176 209 65 130 277 72 212 201 190 213 135 172 208 162 116 143 122 126 233 181 166 138 110 89 266 40 140 123 189 201 63 89 138 93 233 226 206 37 230 236 162 146 146 49 139 183 228 143 184 222 216 269 198 141 244 280 163 88 157 194 297 169 156 185 220 63 216 120 268 159 100 204 303 180 85 192 146 178 111 283 206 141 272 148 144 185 223 159 191 244 71 180 98 254 149 219 252 204 12 229 125 237 217 274 109 144 119 109 93 78 117 180 186 246 119 176 191 204 218 200 47 159 231 170 72 101 174 115 125 80 220 98 170 293 84 269 186 224 107 186 215 119 180 252 112 212 296 185 266 133 158 250 170 268 109 316 162 157 155 127 210 227 220 132
 208 305 256 200 162 284 197 94 118 128 63 56 1 166 275 89 285 189 170 120 82 203 112 94 46 183 201 320 103 299 289 190 216 197 293 157 268 282 128 244 113 220 148 346 262 262 43 172 151 292 269 309 153 255 275 147 70 68 261 106 51 48 116 288 143 47 106 291 343 260 101 64 119 289 202 305 170 219 126 183 263 66 289 306 287 194 240 233 163 185 75 166 190 164 333 246 164 251 65 114 290 123 232 256 135 265 144 223 215 216 151 130 122 178 287 230 111 150 161 131 287 28 177 87 243 146 49 89 193 39 231 275 155 90 284 285 108 95 91 103 101 200 282 187 234 239 269 324 199 145 280 286 218 107 144 153 351 188 211 152 220 14 270 98 322 206 52 259 313 228 140 237 191 222 165 306 209 149 327 196 199 239 267 213 162 299 118 229 143 308 192 232 300 217 66 222 70 242 235 289 94 133 71 131 58 24 66 133 208 263 165 182 243 246 269 248 41 169 240 217 126 114 209 152 170 88 264 91 196 309 121 323 228 272 132 158 263 174 125 297 153 258 351 130 321 78 136 277 224 279 57 371 212 212 208 74 231 281 272 109
 135 405 255 244 153 225 151 150 275 73 174 195 166 1 357 162 246 339 79 67 87 359 267 259 159 228 97 404 64 210 280 325 339 67 375 110 270 237 122 236 187 157 258 421 370 322 155 299 140 390 351 365 315 209 318 153 193 200 245 239 122 154 226 313 251 135 74 312 409 343 116 213 161 267 176 392 19 380 74 45 340 108 241 406 290 188 322 176 328 305 203 229 346 314 408 302 57 269 230 72 201 217 184 351 170 392 119 357 379 335 187 65 100 258 403 279 162 315 298 195 224 160 333 81 365 155 214 254 292 143 117 319 110 228 400 324 181 198 145 235 236 155 356 229 372 179 336 422 107 106 269 178 318 271 301 54 420 352 308 23 113 174 386 76 396 350 122 347 210 368 250 270 339 371 257 242 118 115 403 337 307 324 290 338 5 399 203 369 291 389 342 397 336 382 196 97 149 143 177 206 255 292 197 149 211 169 119 83 176 194 225 346 311 266 322 390 206 124 154 360 256 279 216 191 225 129 285 255 359 227 179 387 250 311 154 10 303 275 187 317 201 288 424 166 423 136 42 235 343 188 132 451 270 313 283 124 396 398 333 262
 268 60 161 119 213 252 237 216 213 370 336 221 275 357 1 208 221 182 294 357 317 211 209 271 238 133 303 48 314 302 173 137 102 330 19 413 156 230 393 174 179 254 130 72 60 53 317 126 418 47 7 62 233 229 82 208 337 208 184 176 309 322 161 115 133 259 290 123 72 17 246 314 199 194 211 36 346 247 285 337 20 318 236 61 153 190 38 245 276 109 338 130 204 183 59 69 310 132 263 289 298 156 234 32 408 115 243 130 326 94 172 293 258 103 91 90 385 277 149 166 259 253 205 317 95 417 272 272 84 310 318 79 412 193 87 88 382 365 363 178 349 235 20 132 142 249 34 71 290 256 177 325 63 245 333 382 78 273 67 359 307 283 82 294 49 160 311 20 328 148 137 112 172 181 112 264 288 247 53 151 86 37 121 108 354 55 166 149 181 34 182 317 95 307 210 329 344 300 247 289 300 321 337 209 306 297 329 380 217 263 133 310 50 130 63 158 259 248 283 157 160 258 165 168 133 237 124 286 249 295 182 57 133 90 204 350 91 103 399 124 158 108 76 403 76 349 317 224 91 299 324 98 91 68 76 340 290 89 48 328
 141 250 168 115 81 203 121 15 136 163 149 60 89 162 208 1 200 187 124 150 109 212 126 150 44 97 150 255 109 227 201 166 178 161 226 206 180 198 187 157 31 146 97 277 211 184 124 138 213 235 202 232 179 172 192 65 157 56 173 84 106 128 65 202 90 55 89 205 270 193 49 149 33 201 119 241 156 240 93 157 193 113 205 250 199 108 171 156 207 144 163 84 198 163 263 167 130 164 124 91 218 57 153 196 210 231 78 197 266 174 63 101 71 106 243 147 187 197 140 46 207 62 187 110 204 214 118 148 134 113 178 193 205 79 240 202 190 182 164 80 187 123 211 101 212 162 195 268 143 86 192 222 160 147 215 177 279 225 151 158 165 101 226 90 252 193 108 195 244 209 89 152 185 216 100 225 149 84 258 180 148 172 181 177 158 243 44 210 140 241 189 276 217 261 53 176 147 179 158 215 166 203 159 50 142 111 125 173 127 186 83 235 168 159 189 231 102 101 172 203 98 160 121 64 86 34 177 157 222 234 33 249 140 189 48 153 180 116 207 211 66 172 281 204 267 148 122 193 182 209 124 305 132 155 135 137 265 238 195 187
 112 280 62 131 125 35 100 193 314 299 338 256 285 246 221 200 1 335 168 286 264 366 305 345 241 136 153 255 244 87 56 294 279 187 231 345 67 12 343 56 186 90 225 253 269 170 312 264 367 267 218 188 355 38 143 139 351 248 40 254 283 315 222 116 220 242 217 109 232 215 191 347 168 33 85 251 228 402 196 205 204 281 16 281 76 93 203 70 391 255 358 160 353 319 243 155 191 91 321 209 86 202 63 238 381 319 151 310 451 269 142 200 180 182 306 140 363 384 282 172 42 259 347 261 291 376 317 343 217 299 147 147 345 260 302 141 372 372 338 252 384 96 207 132 327 68 188 289 141 158 48 121 229 335 412 294 244 403 221 261 143 297 293 227 233 326 284 225 113 328 223 114 328 353 200 43 131 150 241 312 238 208 102 282 244 275 193 330 301 238 336 455 144 441 247 167 328 118 70 75 364 400 353 154 340 305 297 311 80 62 156 423 177 94 160 347 300 132 101 330 254 349 88 143 150 199 99 354 391 76 173 215 98 135 154 242 132 216 386 113 150 115 254 376 296 323 221 11 273 92 302 283 152 228 180 309 437 303 176 386
 319 174 279 206 251 353 292 200 73 315 231 146 189 339 182 187 335 1 310 306 264 33 78 127 181 201 334 208 278 391 306 47 81 347 193 344 283 338 314 280 175 317 112 241 134 208 225 72 335 167 179 241 62 322 237 237 222 140 297 104 238 229 128 268 118 206 267 275 250 172 234 191 206 320 277 193 337 70 277 341 184 253 346 174 292 257 165 319 101 85 219 177 23 26 231 207 315 256 138 272 383 145 312 152 308 101 261 60 145 90 208 284 257 154 135 208 285 106 54 180 359 184 26 268 97 326 155 131 125 226 361 235 342 112 135 248 273 248 272 108 213 292 200 204 59 325 200 191 326 271 304 397 127 98 170 338 252 92 131 330 348 188 125 264 225 27 239 164 413 51 115 232 11 34 136 372 330 267 225 32 108 161 259 75 335 170 159 51 49 206 4 136 261 126 144 362 251 357 322 378 156 160 221 226 184 201 254 320 286 348 181 132 188 251 221 65 152 281 346 38 92 104 250 205 187 217 259 143 68 392 189 238 240 241 222 330 236 120 290 278 195 244 246 304 183 262 301 332 93 378 244 253 190 125 165 261 110 131 213 180
 58 346 178 177 83 150 73 111 256 135 203 176 170 79 294 124 168 310 1 123 114 335 248 258 143 162 32 340 88 144 202 287 293 39 310 180 193 160 182 159 140 80 212 353 315 253 178 257 204 331 288 294 300 132 246 88 220 176 167 208 144 179 186 238 205 126 69 236 339 281 79 230 109 189 99 329 62 362 45 45 275 136 164 347 213 113 260 99 322 259 229 169 321 287 340 233 23 194 228 59 134 172 106 292 225 345 54 316 379 287 125 44 55 201 351 210 211 311 262 142 150 152 310 109 316 216 216 254 238 164 62 248 180 201 347 251 225 234 189 204 262 78 289 163 332 103 270 362 35 42 191 121 263 262 313 127 351 343 253 93 52 182 333 78 328 315 144 286 151 329 206 198 308 339 204 168 46 49 336 301 257 263 215 293 77 340 157 331 263 323 313 393 262 377 172 55 185 78 100 137 263 302 224 91 225 183 151 147 98 120 165 347 246 192 252 352 203 49 83 324 220 273 142 129 163 97 210 259 344 158 128 318 177 238 96 75 230 224 236 241 140 215 356 221 364 176 56 158 294 122 160 384 205 258 222 161 385 345 264 277
 180 398 282 254 174 271 187 142 236 15 112 163 120 67 357 150 286 306 123 1 44 321 230 209 130 236 150 404 46 265 312 300 320 127 375 62 297 279 60 265 179 200 242 425 359 329 97 278 82 384 351 375 272 250 332 168 131 171 277 213 70 95 208 333 236 105 74 334 416 342 115 155 162 302 207 391 81 338 92 105 341 55 284 399 318 212 320 219 279 287 141 230 309 281 411 310 103 290 182 80 255 205 224 345 106 372 140 333 325 318 195 87 113 255 389 289 97 265 271 192 271 124 295 42 347 94 165 204 282 88 175 333 61 198 386 340 115 133 79 209 174 191 359 239 346 223 341 417 156 131 301 237 309 226 243 34 426 304 300 45 168 125 371 67 400 320 69 344 269 341 234 286 307 338 249 290 168 140 406 309 294 322 310 318 65 392 193 342 258 390 309 346 353 331 167 157 86 198 220 259 200 235 135 158 154 116 60 26 209 242 227 293 315 286 332 362 160 155 205 331 231 231 238 198 229 121 305 202 315 280 177 395 269 326 162 62 317 264 122 340 205 306 429 102 416 72 68 276 326 243 73 453 276 303 283 62 348 383 340 203
 166 357 253 218 145 254 166 103 196 56 93 120 82 87 317 109 264 264 114 44 1 281 189 174 88 199 144 363 28 256 284 257 278 130 334 98 267 259 83 237 139 183 200 385 317 291 70 235 109 342 310 338 234 229 296 136 111 129 251 170 36 70 166 300 194 62 49 301 377 301 81 127 125 277 182 350 93 299 73 112 301 24 264 357 288 183 280 201 243 244 121 191 268 239 372 272 99 258 146 58 246 164 204 304 118 329 114 291 293 275 159 71 86 214 346 252 100 230 229 153 255 82 255 7 304 114 129 169 241 58 173 297 96 156 343 304 113 122 77 166 154 170 319 202 303 206 302 375 147 108 273 234 267 188 215 75 387 268 259 71 164 89 329 39 360 278 36 303 264 299 192 251 265 297 207 274 159 116 366 267 252 281 277 275 83 350 152 299 217 350 267 312 318 297 125 159 72 191 202 248 169 207 115 124 125 83 39 65 186 227 189 261 276 254 295 320 122 134 195 289 189 195 207 162 191 83 272 169 277 269 138 356 235 291 128 79 282 222 125 307 168 271 389 112 374 63 65 255 283 234 49 413 238 261 243 49 312 340 302 177
 346 197 311 237 280 384 321 225 86 330 238 166 203 359 211 212 366 33 335 321 281 1 93 129 201 232 360 233 297 421 338 78 110 371 221 356 315 369 324 312 202 346 143 266 159 239 236 104 343 192 208 270 56 353 269 265 227 162 328 129 253 239 156 299 148 225 288 307 277 201 258 195 233 351 307 219 358 39 300 364 213 268 377 197 324 287 195 349 85 117 222 208 15 50 257 238 339 287 146 294 413 174 342 180 314 119 287 84 120 119 238 307 281 186 155 240 292 94 85 208 389 201 27 285 121 333 164 133 156 238 387 266 354 135 155 279 278 251 281 132 212 321 229 235 77 355 230 213 353 296 335 425 158 102 159 354 278 69 162 349 374 200 148 285 252 51 254 193 443 70 145 264 41 38 167 403 358 294 251 61 139 191 291 104 355 193 187 69 73 233 32 108 292 99 166 387 260 385 351 407 155 151 225 253 189 212 267 334 315 377 212 112 219 283 252 74 163 308 375 57 119 104 280 235 218 240 290 143 42 423 216 266 272 272 249 350 267 152 294 310 225 275 271 310 204 272 322 363 121 407 256 277 222 156 196 273 80 151 243 176
 266 221 257 185 202 317 243 140 10 239 156 74 112 267 209 126 305 78 248 230 189 93 1 64 110 174 274 246 205 347 289 89 123 282 224 267 265 306 237 253 125 269 92 276 177 216 148 85 258 210 204 258 54 285 240 186 149 73 271 52 162 152 84 264 93 133 197 270 280 195 169 119 152 297 235 230 267 116 210 274 203 176 314 221 279 217 180 275 87 102 146 149 80 54 265 208 249 240 64 203 339 104 270 182 233 164 203 120 147 126 166 217 193 140 192 200 210 81 64 136 322 109 67 193 148 250 80 66 130 149 303 239 265 49 190 251 199 176 196 54 147 244 222 178 127 282 215 240 268 211 283 346 146 38 126 263 285 101 144 257 290 111 177 193 256 97 163 190 367 121 89 219 81 111 120 337 275 209 258 90 124 177 250 118 263 215 114 121 36 239 81 153 266 138 76 301 174 304 277 335 94 114 148 172 112 125 177 244 243 305 152 120 195 235 227 139 75 226 296 109 57 52 218 164 159 152 248 80 97 352 139 263 220 241 169 259 233 115 216 275 157 236 282 229 234 185 231 300 133 332 167 296 180 141 162 184 140 186 224 121
 288 283 304 235 231 352 270 161 62 215 113 91 94 259 271 150 345 127 258 209 174 129 64 1 117 221 287 308 196 376 336 149 185 288 286 233 313 345 201 297 161 295 149 339 239 275 115 148 218 272 266 319 73 321 297 215 100 98 314 103 140 118 132 319 149 133 197 324 342 257 182 68 181 342 268 293 262 134 215 275 264 155 353 283 329 254 241 306 71 165 95 198 119 107 327 265 254 291 30 205 367 150 302 245 187 222 223 178 123 189 204 220 206 195 252 255 165 57 126 175 356 107 106 179 209 206 46 6 190 122 318 296 231 91 251 308 150 124 156 103 87 273 284 225 183 312 276 302 284 227 330 368 209 30 69 242 348 97 206 244 305 86 239 190 319 151 141 252 393 176 145 271 133 157 176 373 292 228 321 147 186 239 302 180 255 277 155 176 96 301 130 140 323 124 100 311 136 324 307 364 32 56 98 199 63 94 150 217 276 336 200 90 254 286 286 191 56 247 320 162 115 26 261 203 207 166 300 17 111 383 173 325 269 297 197 250 289 175 166 329 198 289 344 183 296 150 228 339 196 358 138 359 235 204 220 153 140 247 284 58
 173 273 211 156 120 243 157 50 118 142 107 36 46 159 238 44 241 181 143 130 88 201 110 117 1 138 172 284 98 262 244 171 191 175 256 180 223 239 156 199 69 181 115 308 232 220 83 148 181 259 232 268 160 213 232 104 115 42 216 83 73 87 81 244 109 26 88 247 303 223 66 107 75 244 159 270 158 224 103 166 224 83 246 274 242 150 202 193 180 158 120 122 188 156 295 204 142 206 88 95 253 83 191 222 172 243 107 204 237 189 106 109 90 138 260 186 149 169 142 86 246 19 175 90 218 180 79 113 158 74 202 232 178 70 257 242 149 140 127 80 144 160 244 142 217 200 229 292 168 111 235 253 184 120 178 161 312 201 177 150 190 58 243 85 284 193 74 223 277 213 107 193 181 213 127 264 176 113 289 181 168 202 223 189 155 267 76 213 133 272 184 251 257 235 38 197 108 208 195 251 128 166 116 89 99 69 92 149 166 223 122 205 203 201 227 234 64 132 204 204 102 131 164 107 126 50 219 120 204 270 76 283 183 228 88 150 220 139 167 252 108 213 313 167 290 112 122 234 197 243 87 335 169 179 168 103 244 255 231 147
 141 186 85 19 81 154 110 99 182 250 244 139 183 228 133 97 136 201 162 236 199 232 174 221 138 1 172 178 191 196 116 161 152 199 149 296 93 139 280 82 70 131 90 194 159 95 220 131 306 170 127 140 221 124 97 77 251 128 99 123 202 224 91 106 86 151 165 110 182 119 122 238 75 124 87 168 215 267 156 205 114 207 147 187 109 64 99 127 259 124 256 26 219 185 181 75 179 71 200 162 189 72 118 133 306 199 111 181 319 143 43 164 130 51 196 53 283 254 147 53 160 156 212 199 169 309 201 220 90 209 190 98 294 132 192 106 286 277 260 122 276 108 129 5 198 133 110 201 160 124 110 209 109 207 290 258 193 269 99 232 178 194 180 171 169 194 203 126 220 199 89 56 194 220 66 173 159 116 176 179 111 102 86 154 225 180 69 200 167 162 202 322 121 308 128 200 243 176 129 182 244 276 253 81 230 206 220 261 95 152 23 293 85 66 97 219 185 116 161 199 120 221 50 39 16 117 82 232 257 195 65 161 49 93 76 220 84 84 303 115 33 76 197 300 204 244 189 133 149 186 220 224 43 106 62 233 302 192 106 269
 43 357 173 184 93 130 69 136 283 160 234 203 201 97 303 150 153 334 32 150 144 360 274 287 172 172 1 347 117 116 193 308 311 35 318 204 187 143 209 154 161 65 232 358 329 259 209 278 230 342 297 297 327 117 247 103 251 203 159 232 175 210 208 235 225 157 100 232 342 290 107 261 130 177 97 338 78 388 76 54 284 166 146 358 207 116 270 84 351 278 260 183 346 311 345 239 48 193 258 90 107 192 93 304 254 362 74 336 408 305 139 75 83 215 365 216 240 340 284 161 128 182 335 139 333 243 246 284 254 195 31 250 203 227 361 252 255 265 218 228 293 73 296 172 352 86 276 372 14 65 182 91 277 290 344 148 354 371 267 115 21 213 348 109 334 338 175 297 121 350 226 200 331 362 221 146 23 68 341 323 273 274 213 312 96 351 178 351 288 331 337 421 262 406 199 29 215 49 84 111 294 333 255 110 256 214 182 172 94 98 178 376 254 191 256 372 233 58 58 346 244 302 143 143 176 124 208 289 371 132 148 322 179 239 115 95 232 241 266 238 155 216 361 249 375 206 84 143 311 94 191 389 213 273 233 191 413 360 269 308
 312 43 197 164 258 287 281 263 249 417 380 265 320 404 48 255 255 208 340 404 363 233 246 308 284 178 347 1 361 338 203 166 129 375 31 460 189 264 439 212 225 296 173 34 75 91 362 162 464 42 54 72 263 267 113 254 380 252 219 218 355 366 205 142 177 305 337 150 49 63 293 356 245 225 254 16 392 268 331 382 65 365 270 43 182 233 85 286 306 145 381 176 228 213 27 110 356 168 303 336 335 202 274 65 453 122 289 150 351 123 218 340 305 150 88 133 429 308 184 213 294 298 232 364 113 462 313 310 128 355 361 109 458 235 86 115 425 408 408 220 389 278 52 178 159 289 72 39 335 302 208 364 104 282 367 429 47 299 109 406 350 327 88 341 28 183 357 62 364 165 180 152 198 200 158 297 332 293 23 177 125 83 154 135 401 43 212 166 215 18 206 339 116 331 255 373 388 342 288 325 338 356 380 256 347 341 374 427 259 301 180 338 95 167 97 170 301 293 325 177 200 294 207 214 180 284 157 324 273 330 229 49 174 122 251 396 125 147 443 148 204 143 39 448 49 394 364 259 117 337 370 53 136 109 122 386 310 89 82 366
 141 358 237 209 129 231 145 100 212 60 120 133 103 64 314 109 244 278 88 46 28 297 205 196 98 191 117 361 1 230 267 267 284 103 332 107 252 237 100 220 137 160 204 381 320 285 97 242 125 343 308 331 252 208 286 122 138 139 233 180 63 98 170 288 197 73 29 288 372 299 70 154 118 259 163 348 68 317 49 85 298 51 243 359 273 167 278 178 265 250 148 187 284 253 368 265 72 245 167 36 221 165 182 304 140 337 96 300 317 281 150 46 68 212 351 244 125 252 239 149 232 97 271 23 310 133 151 191 242 84 146 288 106 167 348 294 139 149 102 176 181 149 315 194 313 183 297 375 121 87 256 207 268 208 241 69 382 289 260 53 137 112 333 22 356 290 63 302 237 309 196 240 278 310 208 251 133 96 362 278 255 279 265 282 60 351 152 310 230 347 281 334 308 319 135 132 99 165 179 223 194 232 142 113 151 108 66 72 166 203 183 284 271 241 287 331 143 113 169 301 197 216 193 153 185 78 260 192 296 244 133 351 223 281 117 56 272 224 150 294 161 260 385 135 375 89 37 234 289 208 76 410 232 263 240 75 332 345 296 203
 93 361 142 197 147 53 106 216 357 275 342 286 299 210 302 227 87 391 144 265 256 421 347 376 262 196 116 338 230 1 142 355 346 144 314 318 151 77 324 129 224 81 280 338 345 251 316 324 345 347 298 273 400 75 227 163 358 281 120 298 283 318 268 202 274 254 208 195 318 294 200 362 197 119 115 333 192 454 184 166 284 277 73 362 162 135 279 73 431 318 366 217 407 372 328 234 162 172 348 199 10 248 80 315 368 391 156 376 491 337 185 185 180 245 383 215 354 422 338 215 46 276 399 251 362 358 340 373 284 302 94 230 318 299 379 226 368 374 331 295 397 105 289 193 393 67 270 371 110 155 134 41 300 372 438 262 330 447 291 229 98 312 368 219 318 387 283 303 27 393 277 191 385 413 259 52 98 152 326 372 305 284 186 349 209 356 236 395 351 322 393 500 230 485 279 115 326 68 71 15 388 426 361 178 356 316 293 287 106 45 212 461 255 173 243 414 325 132 62 393 303 385 148 187 207 213 182 381 440 20 210 300 172 218 180 209 214 278 379 199 197 197 340 363 377 318 198 81 342 23 301 369 224 298 250 303 485 379 258 407
 152 231 34 105 140 90 130 197 297 325 347 252 289 280 173 201 56 306 202 312 284 338 289 336 244 116 193 203 267 142 1 262 242 227 181 372 25 67 365 48 180 130 201 199 225 122 322 235 390 219 170 134 335 81 93 149 357 242 36 238 297 325 207 63 198 250 239 55 178 169 205 349 171 24 106 200 263 375 221 243 157 298 70 232 22 102 160 112 374 223 363 141 326 294 190 111 225 52 315 232 141 188 101 193 399 277 172 274 433 232 139 227 200 154 261 101 379 368 255 164 97 262 322 281 251 397 314 335 184 309 193 96 371 247 257 89 385 381 354 237 387 126 157 112 290 112 140 238 181 182 12 175 191 322 405 324 190 382 183 292 187 301 248 248 180 295 298 180 167 293 202 76 298 320 174 96 172 173 188 281 203 165 54 246 278 227 183 294 279 187 307 434 90 421 241 212 341 167 113 130 358 391 359 163 341 311 313 337 105 113 138 408 133 56 111 311 297 159 149 297 234 337 81 138 131 209 52 347 367 130 170 161 70 84 162 275 84 187 401 58 140 69 200 393 246 339 250 63 235 146 315 229 118 191 144 325 413 258 126 383
 288 136 236 164 220 314 259 179 89 311 241 139 190 325 137 166 294 47 287 300 257 78 89 149 171 161 308 166 267 355 262 1 38 324 149 345 239 298 317 239 148 284 77 199 93 161 230 32 340 127 134 195 98 284 191 207 236 130 255 89 236 234 102 222 84 196 252 229 206 126 214 207 179 277 242 151 320 116 258 321 137 250 306 136 247 221 118 284 141 40 234 139 69 48 188 161 295 212 152 255 348 116 276 107 318 77 235 35 190 45 175 266 235 113 104 163 295 143 30 149 320 178 69 260 60 333 166 152 80 228 333 189 343 103 103 202 286 263 278 92 234 259 154 164 47 290 154 155 299 246 260 364 81 121 203 331 209 137 84 319 320 192 90 251 181 34 238 118 378 44 83 188 38 60 96 332 302 241 182 19 62 114 214 32 321 131 131 45 54 163 48 183 214 172 134 336 257 326 286 341 180 192 235 199 199 207 254 318 251 311 144 174 142 207 174 66 159 252 314 40 71 131 210 172 149 198 214 166 114 355 160 193 198 195 194 316 190 78 303 232 160 198 204 314 148 266 286 292 50 343 245 214 146 78 120 263 157 99 166 206
 287 99 219 150 221 302 257 190 124 332 271 162 216 339 102 178 279 81 293 320 278 110 123 185 191 152 311 129 284 346 242 38 1 331 113 369 220 284 343 225 155 280 83 162 56 133 258 45 366 90 99 162 135 273 164 209 267 152 239 111 260 262 115 196 90 216 266 204 170 93 225 239 185 259 237 114 332 147 269 331 105 272 292 100 225 214 89 278 178 36 266 133 103 85 152 135 304 192 184 268 340 124 269 72 348 54 240 33 225 11 174 277 245 102 72 143 324 180 60 152 309 201 105 280 28 361 198 187 63 254 334 161 367 127 70 174 316 295 306 114 269 256 120 154 49 283 122 118 301 252 241 359 53 157 240 351 173 172 60 335 321 220 56 267 145 60 261 84 370 52 90 168 71 82 91 319 303 246 145 50 42 84 191 7 335 94 139 53 90 126 81 216 185 206 155 339 285 324 280 332 215 229 266 203 231 235 278 340 245 303 138 211 114 188 146 70 188 255 311 58 92 168 200 170 142 211 192 201 148 344 166 158 181 169 198 330 165 71 333 206 159 176 167 343 112 293 299 278 13 337 271 177 128 53 100 288 188 66 136 242
 77 383 206 212 119 163 101 147 291 136 222 209 197 67 330 161 187 347 39 127 130 371 282 288 175 199 35 375 103 144 227 324 331 1 346 176 221 177 185 187 177 99 250 388 353 288 199 295 205 368 324 328 334 151 279 126 240 211 193 244 164 199 223 268 243 156 93 265 373 317 114 253 147 212 129 365 49 397 74 23 312 153 180 384 240 146 297 118 354 297 250 207 357 323 375 268 35 225 258 84 135 209 127 329 232 383 92 354 410 325 162 69 91 238 389 245 221 342 299 180 161 182 345 125 354 219 245 284 276 186 51 281 176 237 385 283 238 250 201 240 283 105 325 199 369 120 305 399 48 80 216 112 301 294 339 120 385 376 291 87 48 208 371 101 363 353 164 323 144 367 244 231 344 376 242 178 57 86 371 339 294 300 245 331 67 377 194 368 300 359 349 424 294 409 207 32 201 78 118 141 291 329 244 129 250 207 167 147 126 131 202 377 282 223 286 389 233 84 90 362 257 304 174 166 200 132 240 287 378 161 166 352 210 271 134 67 263 262 246 271 178 247 391 228 401 189 66 177 332 122 178 419 241 296 259 176 418 383 299 302
 283 52 172 135 229 262 252 233 228 388 354 238 293 375 19 226 231 193 310 375 334 221 224 286 256 149 318 31 332 314 181 149 113 346 1 431 165 240 410 186 196 268 147 55 65 64 335 140 436 41 25 59 246 241 90 224 354 225 195 193 327 339 178 121 151 277 308 130 58 34 264 331 216 203 225 21 363 257 302 353 36 336 246 52 160 205 56 259 289 123 355 147 214 196 42 82 327 143 279 306 310 174 247 43 426 118 259 138 337 105 189 310 275 121 90 104 402 290 163 184 270 271 217 335 102 435 289 288 101 328 333 86 429 210 86 94 399 382 381 195 365 250 25 148 149 262 45 59 306 272 186 338 79 260 347 400 62 284 83 377 322 300 84 312 34 170 329 35 340 155 154 125 183 190 130 274 303 264 36 162 101 55 130 119 371 48 184 157 195 17 192 327 98 318 228 345 361 314 260 300 316 335 354 226 323 315 346 398 232 275 151 322 66 141 72 164 276 264 297 166 176 273 179 185 150 255 133 302 260 306 200 47 146 98 222 367 100 120 417 129 175 118 60 421 66 366 335 235 101 311 342 80 107 84 93 358 299 89 57 343
 237 452 343 314 235 329 247 200 272 48 123 208 157 110 413 206 345 344 180 62 98 356 267 233 180 296 204 460 107 318 372 345 369 176 431 1 358 338 34 326 236 258 294 482 411 388 121 325 34 437 407 434 303 309 391 228 140 218 338 259 110 117 259 394 288 156 135 394 474 398 175 170 221 363 267 446 128 367 153 154 398 98 343 453 378 273 376 278 301 336 149 288 344 320 468 369 159 351 211 141 309 259 283 399 75 419 201 379 340 367 254 147 174 311 439 348 81 287 316 250 329 169 331 98 396 53 193 228 336 119 226 392 3 243 436 400 102 129 79 255 177 251 416 298 389 281 399 470 212 192 361 287 362 256 251 57 484 328 354 90 221 157 422 127 457 362 108 399 319 384 286 346 347 377 303 347 224 200 463 352 346 377 371 366 110 445 248 385 299 446 347 363 414 349 214 206 98 251 278 314 217 247 143 218 173 144 92 36 270 299 286 309 373 347 391 404 194 215 260 373 278 258 299 258 288 180 366 223 343 335 234 453 329 386 222 110 377 317 99 400 264 366 486 73 468 84 126 335 375 296 102 510 335 357 340 84 370 433 399 212
 146 214 16 81 124 99 121 178 273 310 327 229 268 270 156 180 67 283 193 297 267 315 265 313 223 93 187 189 252 151 25 239 220 221 165 358 1 76 349 35 158 125 178 189 205 104 302 212 375 201 152 123 311 83 77 132 337 219 33 215 278 305 183 53 175 231 224 48 169 150 188 327 151 40 95 185 254 351 207 235 138 280 82 215 22 86 139 109 350 200 342 117 303 270 178 90 215 29 292 218 148 164 98 173 381 256 158 252 409 210 118 214 185 131 242 78 360 345 232 142 106 241 298 265 229 381 292 312 161 290 191 81 357 224 238 76 366 361 336 214 365 117 141 89 268 111 123 223 174 168 23 180 169 299 382 311 181 358 161 281 183 280 229 233 168 271 279 160 177 271 178 53 275 297 150 109 167 159 176 258 181 144 36 224 267 210 160 272 255 172 284 410 81 397 219 208 322 166 111 138 336 368 339 145 319 291 295 323 96 117 115 384 113 33 94 288 275 147 148 274 210 313 62 117 108 191 33 324 344 142 149 150 46 68 143 264 66 164 382 52 118 49 190 376 230 320 237 71 213 152 297 219 95 168 121 308 389 238 109 360
 104 289 70 135 121 24 94 190 315 291 334 255 282 237 230 198 12 338 160 279 259 369 306 345 239 139 143 264 237 77 67 298 284 177 240 338 76 1 336 61 186 81 228 263 277 178 308 268 360 275 226 198 357 30 153 136 347 248 47 255 278 310 223 126 223 238 211 120 243 223 187 344 166 44 81 260 219 405 189 196 212 276 9 290 87 92 210 62 392 260 354 163 357 322 253 163 182 99 320 202 75 203 56 245 375 325 146 315 453 275 142 193 174 187 314 147 357 385 285 172 31 256 350 255 297 370 315 343 223 294 136 156 337 260 310 151 367 368 333 253 382 89 216 135 332 59 197 298 132 151 58 110 235 336 411 286 255 405 227 252 133 295 300 221 243 331 279 233 102 334 226 121 332 357 203 36 121 144 251 316 243 215 112 288 236 284 194 335 304 247 340 457 154 443 246 157 323 108 62 65 363 399 350 152 337 302 292 304 75 51 159 424 185 102 169 353 299 126 91 335 256 350 90 144 152 196 108 353 394 66 173 225 104 144 152 234 141 221 381 123 151 123 264 370 305 318 213 7 279 81 297 293 158 234 186 304 439 310 184 384
 238 428 335 299 226 329 244 183 242 51 90 181 128 122 393 187 343 314 182 60 83 324 237 201 156 280 209 439 100 324 365 317 343 185 410 34 349 336 1 318 217 258 270 462 387 370 90 299 27 414 386 418 271 307 377 218 107 192 331 233 85 86 236 382 265 135 127 383 456 377 162 137 206 357 262 425 138 334 148 164 378 75 341 429 369 264 356 277 268 311 115 271 313 290 449 352 162 340 180 135 315 238 281 377 49 392 194 351 306 342 240 144 166 291 413 332 49 254 288 232 330 143 300 85 370 35 162 196 314 90 234 377 32 217 410 385 70 96 46 229 144 248 397 283 361 281 381 447 215 186 354 296 339 224 218 73 465 295 332 100 227 127 396 118 438 333 83 378 328 355 262 332 317 347 282 349 227 195 443 323 322 357 359 340 121 422 228 356 270 426 317 330 400 316 189 216 66 257 278 318 184 214 110 206 140 114 66 40 265 300 268 276 355 336 375 375 163 212 264 344 252 226 289 243 272 164 354 190 311 339 217 435 317 372 209 119 363 295 70 389 249 353 467 46 445 53 127 333 350 302 73 490 318 334 320 56 337 407 382 179
