NAME : domp260p65v9
COMMENT : (Deleplanque et al.) 
TYPE : DOMP
DIMENSION : 260
DISPLAY_DATA_TYPE: NO_DISPLAY
OPEN_FACILITIES : 65
COST_SECTION
 1 199 121 302 61 132 284 125 144 117 248 184 104 96 96 132 214 143 144 77 173 243 195 223 192 131 170 41 137 292 198 243 66 69 149 122 262 197 253 179 222 141 170 133 199 116 181 180 124 182 103 100 247 217 175 192 263 286 160 158 53 103 169 77 102 243 187 211 116 236 84 138 124 111 168 231 138 75 102 170 217 195 42 122 188 152 218 197 252 193 179 263 41 281 172 134 132 281 158 184 82 211 77 90 143 81 216 95 206 172 184 23 230 101 128 88 184 123 159 207 158 92 131 177 219 125 61 96 200 151 268 196 191 179 108 214 42 234 121 290 248 179 285 233 117 147 208 179 38 109 159 183 258 182 222 103 175 162 193 214 263 139 283 246 113 277 116 133 160 229 237 119 220 176 199 92 78 247 154 150 132 279 289 232 109 253 73 124 104 147 222 203 208 67 275 55 88 102 170 119 89 218 226 230 283 204 70 262 35 50 168 282 104 150 42 181 255 122 85 268 108 253 201 159 67 219 219 73 81 182 188 164 122 252 331 156 192 287 306 113 91 299 73 160 266 264 157 261 127 129 178 160 255 144 241 82 195 78 150 103
 199 1 319 146 182 189 391 310 280 105 333 180 138 198 109 99 131 204 174 215 144 322 306 30 37 120 201 197 330 175 305 56 214 230 328 235 196 32 366 172 233 339 140 94 182 105 285 324 234 30 280 184 181 22 270 61 121 393 119 145 232 301 338 270 102 113 247 72 310 350 168 250 305 292 260 341 277 270 136 77 41 264 171 157 312 249 61 328 292 37 281 249 200 175 214 214 98 112 357 350 205 18 274 219 167 132 282 211 319 32 287 220 327 299 326 137 100 301 190 40 356 277 69 277 315 143 143 224 181 271 91 224 256 351 280 213 234 160 164 398 337 244 143 144 100 294 60 172 174 138 204 373 375 303 76 156 370 348 382 194 83 269 195 315 123 394 312 325 356 75 198 283 125 82 322 134 165 335 351 78 174 147 123 132 175 369 136 320 98 312 210 328 150 148 155 145 266 262 61 163 283 145 331 288 130 90 168 187 217 240 115 187 214 216 237 119 70 175 151 383 115 342 117 209 210 220 61 136 162 87 181 224 200 189 210 189 354 186 164 277 129 151 239 337 118 247 46 352 325 288 355 190 143 305 309 121 281 174 283 184
 121 319 1 415 155 210 277 70 152 231 266 268 210 173 214 245 317 216 229 143 270 267 210 342 311 240 243 134 50 396 214 362 132 120 93 171 355 316 248 270 293 24 269 248 288 231 207 167 175 301 90 183 343 336 211 308 375 278 267 258 101 28 126 61 220 353 242 327 40 234 182 174 83 82 209 234 152 55 208 285 336 242 153 216 192 196 335 191 300 311 207 336 131 383 239 200 247 397 39 139 153 331 47 148 234 195 258 159 214 291 209 101 244 29 14 198 295 90 237 326 40 77 251 207 238 225 179 149 289 178 385 265 241 127 96 292 90 334 212 282 264 234 396 337 233 140 326 270 149 215 233 86 248 192 338 201 65 80 97 300 381 157 381 277 222 263 27 51 50 344 325 114 327 289 199 204 177 264 41 266 221 388 405 336 196 246 189 31 224 115 303 201 305 179 382 175 91 118 287 211 53 321 235 272 396 318 172 358 110 87 274 382 165 213 85 286 374 210 190 258 222 267 307 227 136 296 336 189 182 294 276 228 197 343 434 234 150 388 416 114 204 411 113 105 379 338 277 272 12 119 111 238 360 126 274 201 229 174 163 188
 302 146 415 1 307 330 388 425 413 241 326 325 274 254 234 239 272 231 316 282 289 313 323 119 125 177 345 282 412 62 320 93 338 304 447 279 123 124 372 172 205 431 285 170 165 187 303 361 276 175 351 319 120 127 287 115 42 389 151 167 347 392 392 378 228 242 249 94 417 360 236 386 375 364 280 350 322 376 271 133 173 265 288 297 338 276 93 355 263 181 299 194 285 75 358 247 171 37 452 400 334 151 369 349 196 258 275 343 335 173 305 324 330 390 419 268 122 369 334 112 447 355 189 296 320 283 243 354 163 304 59 215 259 406 401 188 343 109 304 394 332 251 26 95 187 425 100 172 290 201 220 484 383 329 83 292 475 462 494 166 67 403 100 300 261 398 416 434 459 204 150 344 95 226 345 213 295 330 439 154 209 40 26 268 312 376 259 408 205 437 177 350 292 272 56 256 341 325 206 303 369 111 339 274 20 99 245 111 306 329 259 91 348 357 343 264 82 217 283 387 195 335 259 352 334 191 194 259 235 231 173 238 240 327 77 332 400 84 28 339 213 15 313 399 38 192 162 345 419 414 476 334 273 359 296 225 289 244 323 238
 61 182 155 307 1 73 343 130 109 82 305 125 56 147 75 94 164 190 85 134 118 299 254 210 186 153 110 97 184 308 256 233 33 129 146 178 290 189 313 215 266 178 117 145 234 129 239 240 180 158 160 40 275 202 231 193 270 345 181 188 56 146 227 97 82 199 238 214 135 295 126 90 179 167 224 290 197 101 55 178 189 249 28 65 247 207 217 257 303 166 236 304 98 300 112 185 145 280 190 242 31 190 119 44 181 52 270 43 265 151 241 66 288 144 165 47 198 180 99 201 194 148 121 234 277 72 79 51 235 210 263 241 243 236 99 255 67 258 63 350 305 231 293 253 128 119 208 215 30 138 204 194 318 241 225 47 195 168 202 250 257 100 307 301 69 337 141 148 182 193 270 178 237 137 258 118 23 305 193 156 173 291 290 183 49 313 49 167 104 132 261 263 154 36 290 58 146 161 138 61 139 241 285 283 288 214 111 288 95 106 120 304 51 91 73 132 247 164 36 328 125 310 153 99 29 260 186 49 120 141 224 214 171 196 348 96 250 308 316 172 113 307 133 215 272 304 148 319 164 109 174 100 207 203 296 88 251 123 209 149
 132 189 210 330 73 1 415 165 101 91 375 59 60 215 106 92 119 255 23 205 70 369 325 219 206 203 39 168 246 344 327 245 81 200 170 248 337 207 384 270 326 233 71 187 289 175 309 312 250 161 230 34 321 210 301 220 298 416 228 241 113 207 296 150 111 164 305 241 181 367 191 66 247 236 293 361 269 158 64 212 181 316 96 34 319 277 239 328 369 162 306 361 169 338 41 252 189 299 241 312 59 191 182 63 240 89 338 52 336 159 312 135 358 205 222 74 237 249 29 219 248 217 147 304 348 48 139 63 289 281 279 304 311 305 128 313 130 303 27 421 376 298 321 294 172 119 232 270 100 195 268 225 390 313 250 44 235 198 231 305 272 89 350 370 71 408 191 188 225 171 322 249 276 119 330 174 60 375 250 193 234 322 310 139 27 385 93 228 145 146 317 334 101 86 324 116 216 233 132 29 205 285 356 350 312 246 177 333 166 176 88 345 47 29 138 95 258 227 62 399 175 381 114 30 77 319 169 93 184 119 280 279 238 134 383 26 320 348 344 243 168 333 204 284 298 361 171 389 220 122 192 30 161 274 365 138 320 189 281 215
 284 391 277 388 343 415 1 342 409 371 63 462 375 209 343 385 473 188 424 212 443 76 92 396 360 273 452 249 231 335 92 398 345 216 368 171 271 366 32 228 184 270 440 299 228 294 111 113 170 394 200 382 270 396 124 341 355 2 276 250 320 256 154 306 344 485 147 345 313 49 240 414 196 202 133 55 148 296 371 317 428 130 320 399 98 148 361 91 130 410 115 204 247 319 455 181 296 395 287 142 365 408 264 370 226 343 116 377 80 382 109 286 65 256 268 357 302 190 441 368 272 216 343 118 77 398 291 375 230 136 398 177 137 156 355 202 300 280 401 7 58 149 363 296 299 403 353 228 316 259 188 356 30 103 352 380 327 356 365 224 399 408 299 89 378 21 301 327 317 456 240 176 303 420 87 272 358 60 259 314 219 349 395 486 390 33 336 248 316 385 212 83 474 337 334 309 210 186 403 398 239 282 63 115 376 324 249 281 251 247 428 306 386 433 293 442 403 219 361 21 286 54 457 442 348 198 442 336 248 428 223 168 196 522 355 437 132 315 371 180 279 376 213 175 363 207 350 44 270 381 387 441 508 155 94 304 111 238 136 217
 125 310 70 425 130 165 342 1 88 211 325 221 182 206 201 222 280 253 186 178 231 324 268 336 309 254 193 155 119 415 272 359 99 158 29 216 383 313 312 299 334 87 231 256 318 239 262 230 219 287 146 145 369 329 263 312 386 343 284 281 79 87 193 51 209 322 288 332 31 297 204 115 147 142 259 296 207 57 182 293 318 291 140 180 252 244 338 254 350 295 261 376 153 404 185 240 255 402 85 207 115 319 83 105 262 179 309 116 274 279 264 104 303 87 82 176 307 153 189 324 97 130 245 261 296 192 183 103 319 231 387 306 289 195 37 329 84 357 174 347 323 280 408 356 239 73 329 299 138 233 270 65 313 251 344 169 72 39 74 332 381 95 406 332 197 329 44 26 62 320 356 171 344 263 261 216 150 323 104 272 250 403 411 300 157 310 175 99 222 46 338 263 264 162 399 170 141 169 267 173 105 342 295 324 405 327 191 384 133 118 242 405 119 160 85 252 372 239 164 323 232 327 273 175 104 333 314 175 202 267 306 270 233 296 455 187 217 411 430 169 215 422 153 173 388 377 272 332 80 53 56 190 323 188 329 201 282 197 219 218
 144 280 152 413 109 101 409 88 1 176 382 150 143 239 179 183 218 285 123 217 169 379 326 309 290 260 118 183 199 416 329 334 83 202 81 260 397 292 378 318 365 172 171 252 338 237 316 297 263 253 210 97 381 300 313 299 377 410 289 294 94 162 267 105 186 263 329 320 114 361 225 37 218 210 307 359 265 115 145 285 278 336 133 128 314 291 321 319 394 256 314 405 183 408 108 276 253 384 172 283 80 285 147 66 283 156 356 71 335 249 318 131 362 161 165 146 305 222 119 304 184 194 225 313 353 142 185 60 339 285 366 338 332 272 58 356 113 366 121 414 381 321 400 361 235 20 314 318 133 244 301 136 381 311 331 125 154 110 140 354 360 13 415 384 158 398 128 113 147 271 375 234 345 217 324 223 118 381 190 264 273 398 395 237 107 377 155 179 212 52 363 327 198 143 397 165 200 225 227 121 172 348 356 370 394 321 210 395 169 165 188 412 67 86 119 195 347 263 131 390 233 386 214 100 84 361 268 155 220 218 327 307 265 222 456 117 292 416 423 230 219 413 201 250 378 406 252 392 163 35 96 120 258 256 380 196 333 220 277 245
 117 105 231 241 82 91 371 211 176 1 322 105 34 163 29 16 104 192 81 165 76 313 280 133 116 123 114 133 253 254 280 159 113 171 226 201 251 118 342 192 252 253 73 102 209 95 261 281 202 79 215 80 235 125 249 130 208 372 144 161 136 218 280 176 29 128 242 150 215 324 132 147 238 225 240 317 234 179 32 123 109 256 79 59 279 225 149 292 302 85 257 283 136 249 124 194 105 210 268 294 102 111 190 115 167 37 278 108 292 73 264 133 309 216 240 35 148 236 101 130 270 207 57 255 298 46 82 120 209 237 191 233 250 291 179 237 142 216 65 377 324 236 231 206 90 191 142 192 83 122 201 275 349 271 160 53 275 249 283 225 185 166 261 311 21 368 220 228 262 114 240 226 187 60 290 104 63 323 267 105 166 231 221 120 73 343 45 239 64 210 239 295 105 53 234 68 200 206 57 64 205 198 309 288 223 157 123 246 145 165 58 257 111 119 147 72 172 161 48 358 97 329 89 116 109 243 106 45 124 66 202 216 178 153 293 98 301 259 254 220 97 243 178 273 208 282 81 339 239 185 253 101 142 251 306 68 266 134 243 156
 248 333 266 326 305 375 63 325 382 322 1 418 330 162 294 335 422 133 381 172 396 14 58 336 301 216 412 209 226 273 54 337 312 182 352 128 209 307 52 167 122 264 393 243 166 239 68 104 126 339 180 343 208 337 75 281 293 64 216 190 290 242 154 283 294 431 88 284 298 49 191 383 184 186 83 41 119 274 326 258 371 71 280 356 76 99 301 81 71 354 70 145 208 257 415 129 240 333 284 148 329 350 243 337 168 297 54 342 54 326 65 254 24 242 259 312 242 177 400 309 270 196 289 72 30 353 244 342 168 98 336 115 78 162 332 140 270 218 358 69 7 91 301 234 245 379 293 167 276 205 130 350 62 75 291 338 323 345 360 162 338 380 238 29 331 74 287 314 311 400 178 155 241 368 70 220 317 5 257 257 163 287 333 435 349 57 290 239 264 365 150 70 426 293 272 264 186 159 350 356 221 220 35 53 313 263 202 219 216 218 379 245 350 395 264 392 342 165 317 65 232 10 406 403 313 136 386 290 199 376 161 111 145 474 295 396 140 254 309 157 227 314 182 174 301 148 294 20 261 357 375 400 455 141 32 255 57 190 107 167
 184 180 268 325 125 59 462 221 150 105 418 1 89 257 130 97 73 292 41 251 37 410 371 208 205 227 34 215 304 349 372 234 139 250 225 293 353 205 432 296 356 291 41 206 313 199 354 362 294 151 284 88 337 199 344 224 298 463 248 265 170 264 351 208 132 121 342 243 239 414 229 115 303 290 336 408 318 216 93 223 160 355 144 63 366 319 237 377 404 146 350 387 217 345 46 291 208 291 299 366 116 177 240 121 270 122 377 110 383 154 356 190 403 263 280 107 249 304 33 216 306 272 158 348 392 66 175 121 313 327 269 336 349 360 185 340 187 317 63 468 419 336 320 305 194 169 233 296 148 225 302 280 438 360 250 83 292 253 286 329 261 139 361 410 90 457 249 245 282 140 343 301 286 100 378 205 106 418 308 206 267 323 302 91 77 432 129 286 167 199 343 382 51 126 328 154 269 284 120 65 261 299 401 388 309 253 216 347 217 230 66 355 105 65 194 64 247 261 102 447 201 424 76 51 134 347 143 129 221 96 306 316 276 76 386 36 374 356 343 295 198 330 255 339 296 386 176 433 278 176 245 32 110 327 404 168 362 228 329 253
 104 138 210 274 56 60 375 182 143 34 330 89 1 169 47 42 111 205 56 165 70 323 284 166 149 145 89 130 236 285 285 192 85 167 196 205 278 151 345 213 271 232 68 128 232 117 266 279 207 111 206 47 262 158 256 162 240 377 169 183 111 199 272 152 52 145 255 183 190 327 141 114 227 214 248 321 233 156 5 153 138 268 63 30 281 232 182 292 317 116 263 305 132 279 97 204 129 244 245 287 70 143 172 83 184 34 289 75 296 106 269 116 316 197 220 20 177 226 76 163 249 196 88 261 304 24 88 88 231 240 225 250 261 283 149 257 121 243 35 381 332 248 264 234 113 158 175 213 68 139 215 246 352 274 193 20 249 220 254 248 218 133 290 322 16 371 196 202 236 138 264 220 216 82 292 119 34 331 247 133 181 263 254 129 40 346 41 221 86 178 260 297 104 40 265 67 191 201 86 33 190 225 314 301 256 187 129 274 136 153 66 286 78 88 127 78 205 174 21 361 117 337 99 87 80 263 132 41 133 86 223 229 188 150 324 72 294 288 286 214 112 276 172 263 240 304 113 346 218 153 222 76 153 245 317 82 275 141 244 166
 96 198 173 254 147 215 209 206 239 163 162 257 169 1 135 177 265 49 221 31 235 155 118 212 175 85 251 56 160 227 118 223 160 54 233 40 184 181 180 98 129 185 232 106 116 95 99 127 40 195 98 184 171 209 88 163 214 210 105 90 146 147 144 156 136 280 93 176 188 162 33 232 122 111 80 155 80 150 165 137 231 102 121 195 119 64 189 133 158 210 95 172 57 213 256 39 103 243 206 154 174 214 130 184 63 136 124 187 131 182 102 110 148 145 173 151 136 116 239 187 199 103 140 93 136 192 83 190 117 76 237 102 97 157 198 124 130 163 197 215 164 85 232 168 100 241 179 98 118 62 66 253 188 111 187 177 236 238 264 129 235 234 209 156 171 207 182 206 221 254 154 91 161 214 130 67 157 162 189 125 49 223 249 279 189 182 129 159 111 236 133 135 267 132 214 103 89 72 198 195 122 151 148 137 236 161 42 186 74 90 220 210 196 237 126 234 232 39 157 196 85 169 250 244 161 128 241 129 40 221 104 69 28 314 264 235 157 217 251 86 73 247 62 147 219 173 154 178 174 221 261 239 301 110 150 97 107 30 86 18
 96 109 214 234 75 106 343 201 179 29 294 130 47 135 1 44 132 164 101 137 104 285 251 136 112 99 134 107 232 241 252 159 107 145 220 173 232 115 314 168 227 235 100 82 186 71 232 253 174 88 190 87 216 129 221 121 199 344 123 138 124 198 255 162 8 153 214 142 202 296 104 154 214 200 212 289 206 164 43 109 123 229 63 76 251 197 143 264 275 99 229 259 110 234 143 166 83 207 251 268 101 119 171 115 141 24 250 110 264 79 235 115 281 196 222 35 132 212 121 127 252 183 47 226 269 67 54 121 186 209 189 207 222 266 173 212 127 198 81 349 296 209 222 189 67 191 135 168 66 96 174 265 321 243 152 64 263 240 274 202 183 169 245 283 41 340 205 217 248 135 218 200 171 84 262 77 62 295 248 88 138 221 217 147 83 315 28 219 40 206 215 267 133 40 222 43 175 179 76 79 184 179 281 261 216 144 94 228 121 142 87 241 115 133 130 100 173 133 50 330 72 301 117 133 103 218 124 28 96 91 178 189 150 181 281 118 274 244 245 194 69 235 152 249 200 259 75 310 221 182 248 121 169 225 278 40 238 106 215 128
 132 99 245 239 94 92 385 222 183 16 335 97 42 177 44 1 89 205 79 180 66 327 294 128 115 133 110 149 267 256 294 154 124 186 237 215 257 116 356 202 263 267 62 110 218 104 275 296 216 71 230 87 241 119 263 131 208 386 152 171 149 232 296 189 42 112 255 151 228 338 146 152 253 240 254 331 248 192 41 127 98 269 93 60 293 239 148 307 314 75 271 292 151 251 121 207 113 207 281 310 111 103 205 124 178 52 290 116 307 68 278 148 323 230 254 48 153 252 98 128 284 222 62 268 311 45 97 129 218 252 187 244 263 307 190 246 156 221 67 391 338 249 231 210 99 198 142 202 98 134 213 286 363 286 160 59 288 260 294 234 180 172 265 324 27 383 233 240 274 100 247 241 191 45 305 117 73 336 281 110 178 232 218 104 77 358 60 253 74 219 248 310 92 67 236 83 215 221 46 66 220 203 323 300 221 159 137 251 160 180 44 260 118 119 161 58 167 173 59 372 108 343 74 114 120 253 93 60 138 51 212 229 192 140 294 95 316 262 254 235 109 242 193 289 207 291 82 352 253 194 263 97 127 266 319 82 280 148 258 170
 214 131 317 272 164 119 473 280 218 104 422 73 111 265 132 89 1 291 96 268 50 413 382 155 163 213 105 235 346 305 382 179 187 273 288 303 321 161 444 280 342 340 50 188 294 186 362 383 304 106 314 137 306 146 350 186 251 474 227 249 217 308 381 258 130 49 340 201 293 426 234 182 336 323 341 419 336 263 113 193 100 355 173 102 381 326 191 395 396 95 359 366 238 305 118 294 191 236 351 395 167 123 281 176 261 136 376 165 394 114 365 226 411 306 327 127 219 336 101 170 356 305 138 356 399 93 185 178 293 340 214 326 348 391 244 324 229 285 107 479 425 334 272 270 181 236 190 280 177 219 297 342 451 374 206 117 350 315 349 309 206 206 323 410 102 470 301 302 338 73 318 327 251 58 393 203 141 423 355 181 262 277 248 21 124 446 144 330 159 264 324 398 25 148 285 169 299 308 80 108 300 268 411 385 258 216 225 313 245 263 47 317 162 134 236 34 191 259 131 460 192 430 17 121 182 331 79 144 226 50 289 314 279 59 339 102 402 316 293 321 196 279 279 372 247 365 144 439 326 240 310 100 44 353 404 169 366 236 346 257
 143 204 216 231 190 255 188 253 285 192 133 292 205 49 164 205 291 1 258 76 267 123 103 211 175 85 290 103 196 194 102 217 206 98 280 51 144 181 163 62 82 225 264 112 76 107 82 132 48 207 134 226 133 210 67 157 192 190 92 68 194 189 164 204 164 299 51 165 234 147 66 277 154 146 57 138 93 197 200 132 241 65 163 232 113 48 181 129 114 223 78 124 104 179 296 18 108 226 247 170 219 221 175 229 40 171 86 232 117 195 85 157 125 188 214 187 122 147 277 184 239 142 157 75 113 227 118 235 78 75 224 54 59 177 246 78 178 130 235 195 136 45 207 139 113 288 171 62 161 73 18 298 172 104 174 215 279 284 309 86 223 281 171 120 204 191 227 252 264 269 111 120 136 236 122 89 197 135 227 127 32 196 230 303 229 166 165 198 133 284 88 127 296 171 184 141 128 104 217 233 164 122 128 97 214 147 80 148 122 137 248 174 240 279 173 261 224 33 195 180 100 141 275 284 206 82 255 165 73 244 64 25 22 344 228 274 170 182 222 116 96 222 104 172 198 125 163 151 215 269 308 278 323 130 115 125 79 68 93 42
 144 174 229 316 85 23 424 186 123 81 381 41 56 221 101 79 96 258 1 213 47 374 333 203 193 200 34 176 264 333 335 229 99 211 193 255 331 193 393 268 326 252 48 181 286 171 316 323 257 145 244 48 315 194 308 209 286 425 223 238 131 225 311 170 105 141 308 229 201 376 194 88 262 250 299 370 279 176 60 203 162 320 105 27 328 283 225 339 371 144 313 359 178 328 44 256 183 284 261 326 77 174 200 83 239 88 342 72 345 144 319 150 366 223 241 73 228 263 21 205 268 232 137 311 355 36 141 84 286 289 263 304 314 320 150 311 147 296 24 430 383 301 309 286 167 141 220 268 109 194 270 247 399 322 238 45 257 220 254 302 256 111 341 375 62 418 211 209 246 150 318 261 267 99 339 173 67 382 269 185 235 310 295 116 37 394 94 246 140 169 315 344 79 89 313 119 229 244 115 27 221 278 364 354 299 236 181 326 178 190 68 337 68 44 154 73 242 228 65 409 172 387 92 37 95 318 149 94 187 99 278 282 241 115 372 18 334 339 332 256 167 320 215 299 285 359 159 396 239 144 215 21 138 287 369 137 326 193 290 218
 77 215 143 282 134 205 212 178 217 165 172 251 165 31 137 180 268 76 213 1 234 166 121 231 195 108 242 39 131 256 123 245 142 24 206 45 213 201 181 128 156 155 231 126 146 112 105 117 48 207 71 173 200 227 99 185 241 213 132 118 124 117 124 129 140 288 114 200 159 164 49 214 96 84 92 158 70 122 162 160 244 120 110 189 116 75 212 128 178 222 103 199 37 243 245 63 123 269 177 136 158 230 101 167 93 134 141 171 132 195 108 87 154 116 143 147 162 90 230 208 170 74 152 101 144 188 85 172 147 77 261 128 116 137 173 152 106 193 190 218 172 105 260 197 116 217 202 128 106 84 93 224 188 110 211 170 207 209 235 158 258 214 239 170 169 207 152 177 191 265 183 69 189 220 128 82 147 171 160 145 79 251 275 283 180 182 126 129 122 211 162 133 267 127 243 100 60 48 207 188 92 180 152 154 263 187 48 216 49 62 222 240 180 224 101 235 254 69 150 197 102 177 253 233 143 156 252 126 54 227 134 93 56 314 293 227 141 247 279 63 87 275 33 124 246 200 170 185 144 197 233 231 306 91 165 103 119 42 80 46
 173 144 270 289 118 70 443 231 169 76 396 37 70 235 104 66 50 267 47 234 1 388 351 172 170 197 63 199 301 313 352 198 139 236 239 273 320 169 413 266 327 293 5 175 283 169 333 348 274 115 274 89 304 163 323 189 262 444 216 235 170 263 341 210 104 95 317 207 244 395 206 134 295 282 314 389 302 216 73 189 125 331 131 55 349 298 201 361 377 110 330 356 201 310 76 268 177 255 303 356 119 141 236 127 242 101 352 116 364 118 336 183 382 261 281 88 215 295 55 180 309 263 126 327 371 49 153 129 282 308 233 308 325 351 195 311 184 283 59 449 398 311 285 271 164 187 197 266 136 197 276 293 420 342 215 72 301 266 299 298 225 158 326 386 66 439 253 253 290 107 311 289 252 64 360 179 97 396 309 173 241 288 266 70 76 414 108 284 138 215 312 365 36 109 293 135 259 270 84 60 256 265 382 363 273 218 195 313 205 221 30 320 113 87 190 29 211 235 88 429 172 403 46 76 135 317 109 108 198 61 276 291 253 81 350 55 363 321 307 283 172 294 241 331 260 356 141 412 279 191 261 54 93 314 381 143 340 207 312 230
 243 322 267 313 299 369 76 324 379 313 14 410 323 155 285 327 413 123 374 166 388 1 59 325 290 206 405 204 228 260 54 325 307 178 352 122 196 296 64 155 109 266 384 233 153 229 64 109 120 328 180 337 195 325 69 269 280 77 205 179 286 242 159 281 286 421 77 272 298 59 183 379 186 186 76 50 118 272 319 247 360 60 274 349 78 93 289 86 59 344 66 132 203 244 409 121 229 320 287 154 324 339 242 332 157 290 42 337 57 316 62 250 30 242 260 304 230 178 393 297 273 196 279 67 31 346 236 337 155 95 324 103 67 167 330 127 267 205 351 82 20 80 288 221 235 377 281 155 270 196 120 352 75 76 279 331 326 346 362 149 325 377 225 17 323 87 287 314 313 390 165 155 228 359 74 211 310 18 260 246 153 274 320 425 343 69 283 240 255 364 137 75 417 286 259 257 185 157 340 349 221 207 42 40 300 251 195 206 212 215 370 232 345 389 261 383 329 155 310 77 223 23 397 397 308 123 376 283 191 366 149 101 136 465 282 389 146 241 296 157 218 301 178 178 288 135 283 33 262 355 375 393 445 143 19 246 49 183 106 159
 195 306 210 323 254 325 92 268 326 280 58 371 284 118 251 294 382 103 333 121 351 59 1 313 277 187 362 158 170 277 6 319 258 128 295 80 216 283 63 153 129 209 348 213 159 205 22 54 79 306 123 292 211 312 38 259 286 94 194 169 235 185 104 226 253 396 76 266 241 46 149 329 128 129 47 38 63 217 280 234 341 61 230 308 22 58 282 36 103 322 26 164 157 261 365 93 209 323 229 101 276 322 186 283 142 252 63 289 14 294 20 200 37 185 203 265 223 121 350 286 216 139 253 29 29 307 199 288 161 45 323 110 66 113 275 141 215 216 310 99 56 73 298 229 211 323 273 153 226 171 108 294 71 19 275 289 268 288 304 161 324 325 246 70 287 90 230 257 255 367 182 98 231 330 24 182 267 56 203 229 133 285 326 396 300 65 244 183 226 309 153 29 383 246 272 218 129 102 313 307 164 213 32 75 308 247 158 225 163 162 337 252 298 344 208 350 325 132 270 80 197 61 366 352 260 140 354 244 157 338 151 88 107 431 305 347 95 260 310 100 188 312 127 122 293 167 263 67 204 301 318 351 417 86 68 213 37 147 50 127
 223 30 342 119 210 219 396 336 309 133 336 208 166 212 136 128 155 211 203 231 172 325 313 1 38 129 230 217 351 153 312 27 241 248 355 247 182 32 372 172 229 362 168 107 178 120 292 336 246 59 298 212 169 10 277 56 98 397 121 147 258 323 354 295 129 130 250 59 335 357 183 279 323 311 268 347 290 295 164 80 57 267 197 187 321 257 44 338 290 63 288 241 220 155 243 223 110 84 380 365 233 33 297 247 172 159 284 240 327 61 295 244 332 321 349 165 96 319 219 29 379 297 93 285 320 172 164 252 177 281 62 224 260 367 308 209 259 148 194 402 341 248 118 130 116 323 48 172 200 150 209 399 382 313 59 185 395 375 408 189 55 298 177 316 152 400 337 350 380 91 189 299 113 109 331 150 193 339 373 88 181 124 95 153 204 376 163 342 120 340 205 337 175 175 134 169 285 278 90 193 304 134 337 289 104 80 185 172 238 262 143 169 243 245 261 146 41 184 180 389 130 345 142 238 237 216 79 163 178 113 179 229 210 211 186 218 368 167 139 293 146 125 257 354 94 239 67 356 348 316 383 219 161 320 311 143 286 190 295 197
 192 37 311 125 186 206 360 309 290 116 301 205 149 175 112 115 163 175 193 195 170 290 277 38 1 92 223 183 317 145 275 52 217 213 329 210 160 7 336 138 198 330 166 70 147 84 256 299 209 58 263 195 146 37 240 25 94 362 86 112 231 290 317 266 105 149 215 39 306 320 147 262 288 275 231 311 253 265 147 44 77 232 170 173 285 221 34 301 258 70 252 213 186 143 235 186 73 96 348 328 212 52 265 226 136 135 249 220 290 52 258 213 297 288 316 144 64 284 211 16 346 262 66 248 285 159 132 232 145 244 79 190 225 330 283 178 230 125 180 367 305 212 117 109 81 302 28 138 172 114 173 371 346 276 46 168 366 348 381 159 73 279 161 282 136 364 307 322 350 111 162 263 90 110 295 114 172 304 340 51 145 119 106 166 188 339 138 309 89 317 175 300 180 151 125 140 250 242 87 179 270 109 301 255 107 54 150 152 204 228 140 154 224 233 231 147 64 148 159 353 94 310 148 229 214 184 97 138 142 116 146 193 173 221 182 209 331 154 140 257 111 128 222 318 93 212 38 320 316 293 358 211 179 284 277 111 251 154 258 160
 131 120 240 177 153 203 273 254 260 123 216 227 145 85 99 133 213 85 200 108 197 206 187 129 92 1 233 107 237 162 186 139 179 129 279 119 138 99 247 70 131 256 194 28 88 30 166 208 117 123 178 179 122 128 151 79 136 274 30 39 180 216 228 206 96 217 130 93 244 231 61 242 203 191 141 222 162 203 141 53 156 147 128 174 194 130 105 210 184 139 162 161 109 151 241 95 24 162 276 238 183 137 194 196 50 115 166 195 200 111 168 152 209 214 243 130 56 198 220 104 272 180 76 158 197 165 76 203 87 153 153 114 140 241 236 114 172 107 179 279 220 127 157 103 35 268 95 70 128 26 87 311 256 185 104 160 300 291 322 103 151 252 156 200 139 275 242 261 284 185 120 175 90 157 204 39 150 218 263 43 55 150 168 223 179 250 112 232 61 274 117 209 222 122 145 97 166 154 136 177 193 90 212 175 158 80 69 136 130 153 174 154 202 230 171 186 148 56 143 264 29 225 197 231 177 121 171 112 59 165 80 106 82 269 202 216 241 159 178 169 42 172 138 230 141 161 79 235 243 253 308 220 242 194 195 67 163 69 167 69
 170 201 243 345 110 39 452 193 118 114 412 34 89 251 134 110 105 290 34 242 63 405 362 230 223 233 1 205 282 365 364 256 117 238 195 285 364 223 422 301 359 266 65 214 319 204 346 349 287 172 268 71 348 221 338 240 316 454 256 271 149 242 334 184 138 153 340 260 212 404 226 83 285 273 330 399 306 192 93 236 186 352 133 60 356 313 255 366 403 169 343 392 206 360 14 288 216 312 272 349 95 200 219 96 272 121 373 86 373 173 349 173 395 240 255 105 261 286 14 235 281 254 170 341 384 69 173 95 319 318 291 337 346 342 157 344 167 328 56 458 412 333 339 318 200 137 250 301 137 227 302 250 427 350 268 76 263 223 255 335 284 107 374 406 95 446 223 217 254 169 351 286 299 123 367 206 96 412 283 217 268 341 323 124 63 422 126 263 173 168 348 372 83 120 345 150 253 271 141 58 241 310 393 385 329 268 212 359 204 214 90 369 79 34 175 91 270 260 96 437 205 417 106 19 113 351 170 126 218 121 311 314 273 105 403 17 357 370 362 281 199 350 242 320 315 392 190 426 254 146 213 14 143 312 400 170 357 224 318 250
 41 197 134 282 97 168 249 155 183 133 209 215 130 56 107 149 235 103 176 39 199 204 158 217 183 107 205 1 135 265 160 234 106 39 181 83 230 188 218 145 184 150 196 117 164 100 143 150 85 185 85 135 215 212 136 177 242 250 134 128 91 111 148 105 111 259 147 195 141 200 51 178 110 96 129 195 104 100 126 153 222 155 73 152 153 112 205 164 212 198 140 225 4 253 208 94 115 265 171 162 121 211 88 130 108 100 176 134 170 174 146 55 192 109 137 112 162 107 193 197 167 81 130 138 181 152 57 136 165 114 254 157 151 160 144 177 76 204 153 255 210 139 263 205 103 185 195 145 69 83 120 208 224 147 206 133 194 189 218 179 251 179 253 206 135 243 137 158 179 239 202 94 194 191 164 71 110 209 159 135 96 256 273 252 143 219 92 128 100 183 185 169 232 91 250 67 70 74 180 151 89 190 189 190 263 185 39 231 25 48 189 253 143 187 72 203 245 86 114 234 91 215 221 195 107 182 228 92 50 198 153 124 83 279 304 190 168 259 283 87 73 278 46 143 246 226 152 223 137 166 210 194 275 119 202 78 156 43 115 65
 137 330 50 412 184 246 231 119 199 253 226 304 236 160 232 267 346 196 264 131 301 228 170 351 317 237 282 135 1 386 175 368 166 109 141 147 339 322 203 254 268 40 300 250 271 234 171 123 151 316 64 217 327 346 178 311 371 232 262 248 134 41 78 100 237 378 214 327 89 190 177 217 45 51 178 191 118 91 234 286 352 211 176 247 151 168 338 148 267 328 172 311 132 372 278 180 248 397 60 91 189 344 66 187 222 216 224 197 173 305 172 121 203 42 38 222 291 53 274 331 47 58 263 173 198 254 189 188 272 145 388 241 211 78 142 270 118 321 245 235 222 206 390 327 237 188 328 254 171 212 213 126 202 153 339 230 99 126 136 281 385 203 366 239 247 216 75 99 87 365 306 81 319 312 157 205 206 223 34 269 208 381 404 365 229 200 209 21 233 163 282 158 336 201 373 190 72 93 306 243 49 310 193 238 393 316 170 343 115 91 301 368 204 253 111 314 379 198 216 211 225 226 334 266 171 273 355 209 179 318 259 204 180 377 422 271 102 375 409 83 207 405 100 57 376 313 286 229 41 166 158 275 388 86 237 211 195 169 127 176
 292 175 396 62 308 344 335 415 416 254 273 349 285 227 241 256 305 194 333 256 313 260 277 153 145 162 365 265 386 1 274 133 337 279 440 244 66 146 321 134 153 410 309 165 122 181 259 320 241 201 323 327 67 161 243 126 56 336 133 139 341 371 356 367 235 282 203 107 404 310 216 394 346 336 237 300 286 363 281 133 210 218 286 312 294 236 115 311 207 211 255 136 267 17 376 211 165 88 431 362 338 185 351 352 165 263 224 348 288 196 260 313 280 369 398 275 112 339 352 136 425 329 198 252 270 299 236 358 120 265 106 168 212 369 396 138 333 66 318 340 279 206 43 61 182 426 118 134 286 184 180 471 332 285 100 303 458 452 482 118 113 407 39 247 274 346 401 422 443 244 97 312 73 254 300 200 301 277 415 154 179 31 81 305 323 326 262 384 205 434 126 305 323 274 21 253 315 295 231 316 347 77 289 221 61 98 227 55 288 310 284 31 354 371 332 291 126 189 290 336 186 282 291 369 334 140 232 262 216 259 132 196 208 362 41 350 361 22 39 308 202 48 288 365 62 133 175 292 398 413 469 352 314 324 243 222 242 224 284 211
 198 305 214 320 256 327 92 272 329 280 54 372 285 118 252 294 382 102 335 123 352 54 6 312 275 186 364 160 175 274 1 317 261 130 299 81 213 282 63 151 125 213 349 212 156 205 21 59 80 306 127 294 207 311 36 258 283 93 192 167 238 189 109 230 253 396 72 264 246 46 150 331 133 133 45 38 66 221 281 233 340 58 232 310 27 58 280 40 98 321 25 160 159 258 367 92 208 321 234 106 279 321 190 286 141 253 58 292 16 293 18 202 33 189 207 267 221 125 352 285 221 143 253 28 25 308 200 291 158 47 321 107 63 118 279 137 218 212 311 98 53 70 295 226 210 326 271 151 228 170 106 298 72 23 273 291 273 293 309 157 321 328 242 65 288 91 234 261 260 367 179 102 229 330 29 182 269 52 207 228 132 282 323 396 302 66 245 187 226 312 149 33 384 247 269 219 133 106 313 309 168 210 30 70 305 245 159 221 165 166 338 248 300 346 211 351 323 131 271 80 197 57 367 354 262 136 354 245 157 338 148 86 107 432 301 349 100 257 307 104 189 309 130 127 291 162 263 64 209 304 322 353 417 90 63 214 33 147 54 127
 243 56 362 93 233 245 398 359 334 159 337 234 192 223 159 154 179 217 229 245 198 325 319 27 52 139 256 234 368 133 317 1 265 263 378 256 169 47 376 171 225 381 194 120 175 135 297 345 255 85 313 238 157 36 282 61 78 399 126 151 281 341 366 316 152 151 252 54 357 361 196 305 338 326 273 351 300 316 190 87 80 269 219 213 328 264 38 345 287 89 293 232 237 137 269 230 122 58 399 376 258 59 316 272 178 183 285 265 332 87 300 264 335 339 368 190 97 334 246 38 398 313 115 290 323 198 183 277 174 289 36 224 262 379 331 205 280 138 220 404 342 251 95 119 132 348 47 171 222 162 212 421 386 319 49 210 416 397 431 184 28 323 160 316 178 403 358 372 401 113 181 312 104 135 338 165 218 340 391 101 188 103 69 176 230 380 186 360 140 365 199 343 200 199 115 191 300 291 116 219 322 126 341 288 80 75 200 158 255 279 169 152 268 271 282 172 14 193 204 393 145 346 167 265 261 211 102 186 192 139 178 232 218 235 163 244 379 148 115 306 162 101 272 368 72 230 87 357 367 340 406 245 183 332 311 162 290 204 304 207
 66 214 132 338 33 81 345 99 83 113 312 139 85 160 107 124 187 206 99 142 139 307 258 241 217 179 117 106 166 337 261 265 1 131 115 186 316 221 314 237 284 154 139 173 257 157 245 238 189 190 153 52 300 234 240 224 300 347 208 212 33 127 218 72 114 226 252 244 107 297 144 73 169 157 233 293 199 78 85 207 221 260 52 86 249 216 248 257 317 197 243 324 106 328 116 198 173 312 165 234 23 222 102 26 201 84 281 34 268 183 247 60 293 125 143 79 226 171 109 232 170 139 152 241 283 96 104 31 257 215 295 258 256 226 67 275 51 285 82 351 312 244 324 280 156 90 239 237 52 162 221 163 319 244 256 72 166 137 171 272 289 76 334 311 99 337 115 118 153 222 294 174 265 166 259 142 52 311 171 186 192 320 321 207 65 314 81 148 134 101 282 264 174 68 319 85 140 160 169 80 125 268 289 295 319 243 129 314 97 101 146 332 42 91 58 157 278 183 66 328 152 316 178 103 6 280 216 81 139 170 246 228 186 213 377 106 242 336 346 169 138 337 133 204 302 325 180 324 141 77 142 110 230 198 306 116 260 140 211 165
 69 230 120 304 129 200 216 158 202 171 182 250 167 54 145 186 273 98 211 24 236 178 128 248 213 129 238 39 109 279 130 263 131 1 185 60 237 219 185 151 178 132 233 145 169 129 115 113 64 220 51 168 224 244 111 205 263 217 154 141 110 94 111 109 149 296 132 220 137 168 69 202 76 64 106 163 70 102 163 180 257 137 107 188 119 90 232 129 195 234 113 221 36 266 240 84 142 290 154 125 150 245 79 156 116 137 156 163 138 209 117 73 163 92 120 149 183 72 227 227 147 52 165 112 153 189 93 161 170 85 281 150 133 123 155 175 90 216 188 222 181 124 282 220 133 201 222 151 103 104 115 201 190 114 231 169 183 187 212 181 278 200 262 183 173 209 130 155 168 276 206 56 212 228 130 99 145 181 137 164 102 274 296 289 176 185 129 106 135 192 185 135 270 128 266 104 38 36 217 186 69 204 158 170 285 208 64 239 36 41 227 263 171 218 84 240 273 92 150 200 120 186 259 227 133 178 264 129 72 235 157 113 78 316 316 223 131 270 301 50 103 298 10 108 268 222 185 194 121 180 212 228 312 81 179 114 132 61 81 69
 149 328 93 447 146 170 368 29 81 226 352 225 196 233 220 237 288 280 193 206 239 352 295 355 329 279 195 181 141 440 299 378 115 185 1 244 409 333 338 325 361 107 239 279 345 262 289 256 247 304 173 155 395 347 290 334 408 369 308 306 101 113 217 78 227 331 316 354 55 323 230 113 172 168 287 323 235 84 197 315 333 319 161 190 279 272 359 280 378 310 289 403 180 429 186 267 278 423 100 231 127 336 111 115 289 197 337 125 301 297 291 129 330 112 104 192 331 179 193 345 114 157 265 288 323 203 206 112 346 259 407 333 316 219 48 356 108 382 184 372 350 308 431 381 262 63 350 325 159 258 297 57 339 278 365 181 75 30 62 359 401 90 431 360 211 354 68 43 71 333 383 198 368 276 287 240 165 350 123 294 277 426 432 308 167 336 193 123 244 30 365 290 270 181 423 192 168 196 282 183 132 367 322 351 428 350 217 410 160 145 252 430 127 162 111 261 391 266 179 348 255 354 282 177 119 360 327 193 228 279 333 297 260 299 479 191 241 436 453 196 238 445 181 197 411 405 292 359 102 50 30 194 330 215 356 223 310 223 246 244
 122 235 171 279 178 248 171 216 260 201 128 293 205 40 173 215 303 51 255 45 273 122 80 247 210 119 285 83 147 244 81 256 186 60 244 1 193 216 142 111 123 179 270 142 126 132 62 90 5 233 85 216 183 245 54 196 239 172 134 113 167 144 115 169 175 319 73 207 194 124 72 258 105 97 48 117 45 160 202 170 268 77 153 230 80 31 221 94 136 248 59 166 82 230 289 34 139 272 201 123 203 251 135 211 84 173 97 216 92 220 65 131 111 143 169 187 165 97 273 221 191 96 178 57 100 228 121 216 128 38 267 95 74 128 215 124 149 180 232 177 128 65 255 188 137 260 211 111 150 98 67 255 149 72 217 212 235 244 266 135 266 257 221 125 208 168 185 211 220 293 160 70 184 253 91 106 190 128 179 160 71 245 276 318 223 143 166 151 150 251 135 96 304 168 234 139 82 56 237 230 120 171 110 111 261 190 80 198 92 100 258 224 224 268 143 272 264 65 192 158 123 133 288 276 188 126 280 166 79 260 114 58 40 352 279 270 124 232 272 66 112 270 64 122 245 168 191 142 170 239 270 274 340 81 121 135 74 68 49 52
 262 196 355 123 290 337 271 383 397 251 209 353 278 184 232 257 321 144 331 213 320 196 216 182 160 138 364 230 339 66 213 169 316 237 409 193 1 164 257 87 90 367 316 151 69 164 199 262 190 217 276 315 17 187 184 137 100 272 111 105 314 329 302 334 227 308 142 125 368 247 180 379 297 289 178 237 232 329 274 131 235 156 265 307 234 180 139 250 143 229 195 72 231 50 374 160 150 140 389 305 320 209 312 334 123 251 161 332 227 208 200 281 217 328 355 265 105 290 351 157 381 284 196 193 207 296 213 340 68 209 152 108 151 314 369 76 302 37 312 276 215 147 99 53 167 404 137 87 265 155 127 435 268 226 124 295 419 418 446 60 157 389 31 182 270 282 363 386 403 269 35 262 71 266 240 175 287 213 370 148 136 85 136 325 314 262 248 340 194 408 64 244 336 259 69 234 269 247 243 310 304 55 226 157 115 107 194 13 252 272 292 37 339 364 300 302 166 147 279 272 166 218 306 364 314 78 256 248 183 273 81 140 160 380 90 348 303 46 103 258 179 110 244 312 108 70 180 227 356 388 438 351 338 270 178 204 181 187 229 169
 197 32 316 124 189 207 366 313 292 118 307 205 151 181 115 116 161 181 193 201 169 296 283 32 7 99 223 188 322 146 282 47 221 219 333 216 164 1 342 144 203 335 165 76 152 90 262 305 215 56 269 197 150 31 247 30 95 368 92 118 235 295 324 270 108 145 221 41 310 327 153 264 294 281 237 317 259 270 149 50 72 238 174 174 291 227 33 307 264 67 258 218 191 145 235 192 79 93 353 334 215 47 270 229 142 138 255 223 296 51 265 218 303 293 321 147 70 289 211 13 352 267 70 255 291 160 137 234 151 250 75 196 231 336 286 183 234 129 181 373 312 218 117 113 86 305 30 144 176 120 179 375 352 282 47 170 370 352 385 164 69 282 164 288 138 370 312 326 355 107 167 269 94 108 301 120 175 310 345 57 151 120 104 163 190 346 141 314 93 320 180 306 178 154 126 145 255 248 86 180 276 113 307 261 107 58 155 155 210 234 139 157 226 234 236 146 60 154 162 359 100 316 146 229 217 190 93 141 148 114 152 199 179 219 183 209 337 156 140 263 117 127 228 324 93 217 42 327 321 296 361 211 175 290 283 116 257 160 264 166
 253 366 248 372 313 384 32 312 378 342 52 432 345 180 314 356 444 163 393 181 413 64 63 372 336 247 422 218 203 321 63 376 314 185 338 142 257 342 1 207 169 242 410 274 209 267 83 83 141 368 170 352 255 372 97 318 337 33 252 226 289 227 127 275 315 458 126 323 284 19 211 384 167 172 107 26 117 265 342 293 402 109 290 369 67 120 339 60 122 383 87 195 217 305 424 154 270 376 260 116 334 383 233 340 201 313 98 346 50 355 81 255 42 227 239 327 280 161 410 345 245 186 315 90 54 368 261 344 211 106 378 158 115 130 324 185 269 263 370 38 45 126 346 278 273 373 330 207 286 232 165 328 12 73 331 350 300 327 338 207 379 378 287 79 349 29 271 298 289 429 225 145 284 392 56 244 328 47 232 289 193 333 377 458 360 7 306 219 289 355 196 52 445 307 319 280 179 155 376 368 209 264 36 101 358 303 220 267 220 216 399 293 355 402 262 413 381 193 330 18 259 44 429 411 317 182 416 306 219 400 203 145 169 493 344 407 107 302 356 149 251 360 183 148 345 198 324 39 241 350 359 411 479 125 82 276 87 209 105 189
