NAME : domp50p16v6
COMMENT : (Deleplanque et al.) 
TYPE : DOMP
DIMENSION : 50
DISPLAY_DATA_TYPE: NO_DISPLAY
OPEN_FACILITIES : 16
COST_SECTION
 1 370 391 402 336 18 286 384 381 189 357 469 246 300 341 470 449 370 114 359 279 295 132 117 364 461 174 91 72 284 419 273 211 326 95 119 242 273 182 219 352 386 69 182 387 370 365 329 382 215
 370 1 115 159 430 372 275 186 314 365 320 317 126 203 393 253 211 27 260 53 199 78 246 389 18 292 369 300 337 89 173 123 166 122 279 297 150 98 194 178 213 184 304 192 241 302 57 275 226 415
 391 115 1 45 355 388 205 78 216 327 229 204 165 133 313 140 99 141 296 68 141 152 288 375 100 178 336 306 340 133 59 120 221 67 297 291 150 147 213 173 118 75 322 237 136 206 61 190 121 373
 402 159 45 1 327 397 184 40 179 317 195 160 193 119 283 98 59 185 315 111 134 190 310 373 144 134 328 314 345 166 19 142 250 82 310 295 167 179 231 185 88 37 335 262 97 170 104 161 83 359
 336 430 355 327 1 320 156 288 165 148 139 260 350 230 48 319 331 450 346 384 232 398 360 226 414 272 163 273 268 364 332 316 376 312 302 242 301 366 310 281 240 291 308 358 240 167 383 167 250 132
 18 372 388 397 320 1 275 378 369 173 345 459 247 293 326 463 443 374 120 358 272 298 139 100 365 451 158 84 60 285 414 271 216 322 94 109 240 275 182 216 344 380 69 186 378 358 364 318 374 198
 286 275 205 184 156 275 1 148 97 144 77 187 206 75 120 209 205 295 246 229 78 248 253 217 259 183 158 199 216 214 193 164 243 157 214 168 155 218 183 141 100 151 232 233 119 85 228 45 122 179
 384 186 78 40 288 378 148 1 141 285 156 135 195 89 244 92 66 211 305 135 108 203 302 346 170 111 297 294 323 175 46 140 251 84 294 272 160 186 222 172 50 4 318 258 59 131 129 122 45 325
 381 314 216 179 165 369 97 141 1 224 31 103 278 126 118 155 170 338 340 263 143 309 345 304 298 110 239 295 311 275 178 227 324 195 310 264 229 283 270 223 103 143 328 319 84 15 260 58 97 245
 189 365 327 317 148 173 144 285 224 1 195 324 256 199 156 352 346 378 210 329 187 311 227 85 352 324 17 131 122 283 329 243 263 266 164 104 217 280 198 190 239 288 165 239 262 216 332 185 264 52
 357 320 229 195 139 345 77 156 31 195 1 133 272 123 92 182 194 343 322 270 137 307 329 276 304 140 211 272 286 273 197 224 314 199 290 241 222 280 257 212 112 159 306 307 103 30 268 48 115 215
 469 317 204 160 260 459 187 135 103 324 133 1 321 180 214 83 120 343 412 267 202 336 414 402 302 28 339 380 401 306 149 266 375 216 389 351 279 317 334 283 132 136 410 377 92 109 262 144 104 348
 246 126 165 193 350 247 206 195 278 256 272 321 1 153 322 284 250 131 139 117 136 57 127 268 119 301 257 176 213 39 211 56 58 113 154 175 51 29 69 71 192 195 179 74 231 264 124 225 219 307
 300 203 133 119 230 293 75 89 126 199 123 180 153 1 191 171 154 224 233 155 23 185 234 258 187 166 210 210 237 151 131 102 201 83 214 186 105 158 154 104 53 92 237 200 91 112 154 76 84 242
 341 393 313 283 48 326 120 244 118 156 92 214 322 191 1 272 285 414 336 345 197 367 348 240 377 226 172 269 271 333 286 283 354 273 295 237 273 336 290 255 197 247 305 339 194 121 344 124 204 155
 470 253 140 98 319 463 209 92 155 352 182 83 284 171 272 1 43 279 396 207 192 286 393 421 239 58 365 380 407 261 81 230 341 172 382 355 251 273 312 263 120 91 406 349 91 153 200 170 91 385
 449 211 99 59 331 443 205 66 170 346 194 120 250 154 285 43 1 237 368 166 173 247 364 410 197 92 358 360 389 224 41 197 307 138 359 337 221 237 284 236 108 64 383 317 93 166 159 172 85 383
 370 27 141 185 450 374 295 211 338 378 343 343 131 224 414 279 237 1 259 78 219 77 243 397 43 318 381 305 342 97 199 138 162 145 282 305 162 103 198 190 237 210 306 190 266 326 83 297 252 428
 114 260 296 315 346 120 246 305 340 210 322 412 139 233 336 396 368 259 1 255 211 184 21 178 255 398 203 82 110 177 333 177 98 235 48 108 149 165 85 134 284 307 59 70 323 327 261 283 315 255
 359 53 68 111 384 358 229 135 263 329 270 267 117 155 345 207 166 78 255 1 154 90 244 363 36 242 335 281 317 80 126 92 169 73 265 272 122 93 178 150 162 133 291 190 190 251 9 225 175 378
 279 199 141 134 232 272 78 108 143 187 137 202 136 23 197 192 173 219 211 154 1 173 212 241 183 188 197 189 217 139 148 89 182 84 192 166 87 144 133 83 75 110 215 179 113 129 154 90 106 232
 295 78 152 190 398 298 248 203 309 311 307 336 57 185 367 286 247 77 184 90 173 1 169 324 76 313 313 231 267 35 207 85 89 122 207 232 98 33 124 123 213 202 231 115 249 295 97 260 235 362
 132 246 288 310 360 139 253 302 345 227 329 414 127 234 348 393 364 243 21 244 212 169 1 198 242 398 220 101 130 165 328 170 82 229 67 124 144 153 82 133 284 304 79 56 323 332 250 289 315 273
 117 389 375 373 226 100 217 346 304 85 276 402 268 258 240 421 410 397 178 363 241 324 198 1 379 399 69 100 70 302 387 272 257 310 133 94 242 295 201 214 304 349 121 229 332 295 367 260 331 100
 364 18 100 144 414 365 259 170 298 352 304 302 119 187 377 239 197 43 255 36 183 76 242 379 1 276 356 292 328 81 159 110 163 106 272 287 138 91 185 166 196 168 297 188 225 285 41 259 210 401
 461 292 178 134 272 451 183 111 110 324 140 28 301 166 226 58 92 318 398 242 188 313 398 399 276 1 339 371 394 284 122 246 356 193 378 343 261 296 318 267 116 112 400 360 76 112 236 141 85 351
 174 369 336 328 163 158 158 297 239 17 211 339 257 210 172 365 358 381 203 335 197 313 220 69 356 339 1 122 109 285 340 247 260 274 155 97 221 282 197 193 251 300 155 236 275 231 338 199 277 54
 91 300 306 314 273 84 199 294 295 131 272 380 176 210 269 380 360 305 82 281 189 231 101 100 292 371 122 1 38 212 330 192 158 240 35 34 161 204 108 135 262 297 37 129 297 283 286 241 292 174
 72 337 340 345 268 60 216 323 311 122 286 401 213 237 271 407 389 342 110 317 217 267 130 70 328 394 109 38 1 249 361 227 193 274 66 52 196 241 145 170 288 326 53 164 321 300 322 259 318 156
 284 89 133 166 364 285 214 175 275 283 273 306 39 151 333 261 224 97 177 80 139 35 165 302 81 284 285 212 249 1 185 51 90 92 192 209 67 14 105 94 181 175 217 111 218 261 87 226 205 333
 419 173 59 19 332 414 193 46 178 329 197 149 211 131 286 81 41 199 333 126 148 207 328 387 159 122 340 330 361 185 1 160 268 101 327 310 185 197 249 203 95 43 352 280 96 171 120 166 83 370
 273 123 120 142 316 271 164 140 227 243 224 266 56 102 283 230 197 138 177 92 89 85 170 272 110 246 247 192 227 51 160 1 112 60 179 182 32 57 94 59 137 141 204 121 176 213 96 177 163 293
 211 166 221 250 376 216 243 251 324 263 314 375 58 201 354 341 307 162 98 169 182 89 82 257 163 356 260 158 193 90 268 112 1 170 129 168 97 77 67 103 244 251 150 30 283 310 176 268 272 313
 326 122 67 82 312 322 157 84 195 266 199 216 113 83 273 172 138 145 235 73 84 122 229 310 106 193 274 240 274 92 101 60 170 1 232 225 87 103 151 107 95 84 257 181 129 182 73 154 115 313
 95 279 297 310 302 94 214 294 310 164 290 389 154 214 295 382 359 282 48 265 192 207 67 133 272 378 155 35 66 192 327 179 129 232 1 62 148 182 88 126 266 296 27 99 303 297 271 254 297 208
 119 297 291 295 242 109 168 272 264 104 241 351 175 186 237 355 337 305 108 272 166 232 124 94 287 343 97 34 52 209 310 182 168 225 62 1 151 203 109 123 236 275 69 142 270 252 277 211 267 150
 242 150 150 167 301 240 155 160 229 217 222 279 51 105 273 251 221 162 149 122 87 98 144 242 138 261 221 161 196 67 185 32 97 87 148 151 1 67 65 29 148 161 174 100 188 215 127 175 177 268
 273 98 147 179 366 275 218 186 283 280 280 317 29 158 336 273 237 103 165 93 144 33 153 295 91 296 282 204 241 14 197 57 77 103 182 203 67 1 97 92 191 186 207 98 228 269 100 232 215 331
 182 194 213 231 310 182 183 222 270 198 257 334 69 154 290 312 284 198 85 178 133 124 82 201 185 318 197 108 145 105 249 94 67 151 88 109 65 97 1 52 203 223 114 51 243 257 184 214 234 249
 219 178 173 185 281 216 141 172 223 190 212 283 71 104 255 263 236 190 134 150 83 123 133 214 166 267 193 135 170 94 203 59 103 107 126 123 29 92 52 1 152 174 151 97 192 209 154 167 183 240
 352 213 118 88 240 344 100 50 103 239 112 132 192 53 197 120 108 237 284 162 75 213 284 304 196 116 251 262 288 181 95 137 244 95 266 236 148 191 203 152 1 53 288 246 41 91 158 74 32 277
 386 184 75 37 291 380 151 4 143 288 159 136 195 92 247 91 64 210 307 133 110 202 304 349 168 112 300 297 326 175 43 141 251 84 296 275 161 186 223 174 53 1 320 259 62 134 128 125 47 328
 69 304 322 335 308 69 232 318 328 165 306 410 179 237 305 406 383 306 59 291 215 231 79 121 297 400 155 37 53 217 352 204 150 257 27 69 174 207 114 151 288 320 1 121 325 316 296 273 319 205
 182 192 237 262 358 186 233 258 319 239 307 377 74 200 339 349 317 190 70 190 179 115 56 229 188 360 236 129 164 111 280 121 30 181 99 142 100 98 51 97 246 259 121 1 286 305 197 263 276 289
 387 241 136 97 240 378 119 59 84 262 103 92 231 91 194 91 93 266 323 190 113 249 323 332 225 76 275 297 321 218 96 176 283 129 303 270 188 228 243 192 41 62 325 286 1 76 185 81 16 295
 370 302 206 170 167 358 85 131 15 216 30 109 264 112 121 153 166 326 327 251 129 295 332 295 285 112 231 283 300 261 171 213 310 182 297 252 215 269 257 209 91 134 316 305 76 1 248 44 88 240
 365 57 61 104 383 364 228 129 260 332 268 262 124 154 344 200 159 83 261 9 154 97 250 367 41 236 338 286 322 87 120 96 176 73 271 277 127 100 184 154 158 128 296 197 185 248 1 224 171 380
 329 275 190 161 167 318 45 122 58 185 48 144 225 76 124 170 172 297 283 225 90 260 289 260 259 141 199 241 259 226 166 177 268 154 254 211 175 232 214 167 74 125 273 263 81 44 224 1 87 216
 382 226 121 83 250 374 122 45 97 264 115 104 219 84 204 91 85 252 315 175 106 235 315 331 210 85 277 292 318 205 83 163 272 115 297 267 177 215 234 183 32 47 319 276 16 88 171 87 1 299
 215 415 373 359 132 198 179 325 245 52 215 348 307 242 155 385 383 428 255 378 232 362 273 100 401 351 54 174 156 333 370 293 313 313 208 150 268 331 249 240 277 328 205 289 295 240 380 216 299 1
LAMBDA_SECTION
1  18
2  30
3  29
4  15
5  31
6  39
7  14
8  36
9  26
10  40
11  12
12  48
13  27
14  42
15  33
16  38
17  43
18  17
19  28
20  49
21  35
22  13
23  13
24  41
25  14
26  28
27  30
28  46
29  16
30  23
31  39
32  22
33  41
34  18
35  41
36  38
37  23
38  43
39  24
40  15
41  33
42  25
43  14
44  48
45  33
46  35
47  15
48  26
49  40
50  47
