NAME : domp160p53v7
COMMENT : (Deleplanque et al.) 
TYPE : DOMP
DIMENSION : 160
DISPLAY_DATA_TYPE: NO_DISPLAY
OPEN_FACILITIES : 53
COST_SECTION
 1 290 429 194 92 261 194 388 321 44 198 232 98 192 80 347 378 186 301 170 165 92 383 230 97 111 231 365 148 385 418 187 337 113 379 338 201 378 51 30 69 167 137 237 235 167 300 257 335 243 78 84 115 250 345 165 143 332 181 107 123 361 81 285 147 98 176 389 341 223 223 361 370 194 191 284 161 306 77 41 296 31 159 201 338 295 189 191 249 417 386 220 186 178 31 183 297 217 265 365 239 164 214 255 295 116 280 167 136 27 315 148 53 314 148 190 232 65 402 210 247 177 313 165 45 305 352 400 316 274 222 129 186 167 155 100 370 375 152 64 290 257 44 306 133 151 172 202 316 281 309 294 237 276 89 292 236 191 159 254
 290 1 155 182 204 125 275 100 228 283 183 255 259 234 213 135 90 269 16 272 227 272 242 120 197 212 66 77 194 96 148 356 179 278 165 170 229 193 245 270 280 210 328 54 58 129 50 34 48 174 317 228 221 88 89 383 237 106 127 311 183 258 210 195 250 217 121 113 54 95 84 103 83 108 137 8 130 41 218 255 122 304 375 323 91 91 116 124 272 136 99 141 134 191 314 154 73 205 50 133 120 378 83 200 16 198 127 343 173 299 136 177 294 25 186 199 161 319 113 95 109 246 29 253 283 257 241 134 29 203 277 305 170 136 345 210 82 87 209 283 66 37 274 127 186 232 176 276 32 119 34 47 54 232 273 8 82 110 365 56
 429 155 1 336 351 189 428 79 355 429 270 404 376 387 356 233 93 352 141 426 322 390 345 211 333 333 200 92 348 92 13 510 292 388 248 282 307 286 388 413 429 307 481 201 199 263 181 186 129 236 466 377 374 238 85 536 391 211 280 463 310 375 352 331 404 368 272 44 126 208 238 71 80 261 247 162 275 126 353 391 251 448 529 477 94 222 241 278 420 30 70 293 288 287 456 260 204 278 201 216 204 531 236 344 144 322 174 497 324 433 256 293 422 138 299 287 309 466 81 219 192 399 146 407 429 393 359 31 139 343 428 459 323 288 498 337 110 106 363 408 141 191 405 150 338 333 330 353 144 169 126 137 205 373 392 150 235 239 518 209
 194 182 336 1 113 246 94 269 130 162 242 81 232 52 129 171 256 296 197 94 253 238 191 217 151 196 165 249 46 261 329 179 147 256 197 150 278 189 146 165 145 241 162 149 157 147 161 156 212 268 177 111 81 100 268 217 70 166 73 156 172 171 136 93 79 97 92 293 216 188 101 283 259 89 195 175 115 218 162 181 119 190 210 142 267 133 168 67 101 313 273 46 58 233 204 204 144 272 136 193 226 211 110 65 196 184 261 170 73 216 134 193 229 199 204 249 43 186 278 171 224 65 191 76 162 125 160 315 198 83 98 140 18 79 175 182 241 247 46 228 226 149 207 276 67 246 26 310 194 255 214 216 142 93 237 189 101 160 197 128
 92 204 351 113 1 204 151 303 242 79 165 173 121 130 17 257 292 195 217 131 157 126 301 171 48 94 152 280 70 299 341 189 251 145 288 250 189 290 43 68 80 149 146 153 153 95 210 172 248 203 117 31 53 159 270 196 90 241 90 121 80 283 25 204 101 30 87 310 254 154 133 286 286 103 135 198 77 226 51 70 206 102 188 179 264 204 121 100 193 336 303 131 95 149 113 134 206 192 176 274 181 192 126 177 212 85 222 171 46 110 225 108 118 228 115 165 147 116 316 138 185 123 226 117 80 235 272 324 230 195 173 126 102 76 166 78 283 288 81 116 216 170 96 245 48 147 89 211 229 220 227 216 151 204 125 208 145 118 181 164
 261 125 189 246 204 1 328 184 332 273 83 326 192 292 202 257 182 166 121 317 135 206 359 34 170 155 87 165 234 189 177 388 295 203 289 287 121 315 231 252 281 119 348 109 99 111 172 119 160 54 316 233 244 184 109 398 274 228 174 323 139 368 195 294 288 229 156 158 165 59 157 120 162 158 72 126 140 101 187 222 234 286 390 369 98 207 86 180 346 188 176 219 189 100 291 80 192 93 155 257 24 394 142 288 115 147 20 371 198 259 252 115 244 140 118 99 244 311 199 76 23 297 150 299 274 352 351 158 146 297 340 327 229 171 368 163 184 188 251 228 67 128 229 46 214 146 228 169 152 22 111 85 119 323 209 120 167 91 383 152
 194 275 428 94 151 328 1 361 160 152 309 51 265 42 163 248 347 344 290 26 307 267 228 297 197 243 253 341 96 352 422 94 208 288 267 214 338 249 161 168 128 298 98 240 246 221 252 248 304 342 141 129 99 192 360 144 62 249 158 109 228 193 173 141 52 122 175 386 307 271 193 375 351 177 269 268 190 310 199 201 200 177 138 51 358 220 245 156 60 406 365 137 146 296 190 274 234 338 228 271 307 138 200 110 288 235 345 91 134 220 210 254 242 291 263 312 125 156 369 254 307 33 283 34 152 128 190 408 290 125 29 84 107 158 101 227 332 338 79 248 316 241 225 362 119 296 103 360 286 340 307 307 233 109 265 281 194 239 123 221
 388 100 79 269 303 184 361 1 278 382 260 333 351 320 311 155 15 346 89 362 310 365 267 195 295 305 160 24 288 14 79 446 214 368 170 204 303 208 343 369 378 292 423 152 155 225 110 133 59 237 415 326 318 170 83 478 330 133 223 408 278 297 309 255 342 315 219 51 55 180 178 82 24 205 223 106 229 90 315 353 175 403 471 410 94 147 209 219 347 51 13 225 228 272 413 239 130 275 136 138 191 473 180 270 95 292 176 435 270 397 178 267 391 77 276 277 239 418 16 186 179 334 81 343 382 316 280 77 75 268 358 400 259 234 438 305 32 27 301 378 120 135 371 160 283 317 268 351 78 168 83 106 153 298 366 97 172 204 459 146
 321 228 355 130 242 332 160 278 1 286 352 111 359 137 258 128 263 417 240 179 373 366 69 311 277 321 246 265 175 265 353 249 69 383 131 79 393 100 274 292 265 358 256 224 234 257 183 217 231 367 290 239 206 149 312 303 183 146 180 262 294 42 265 42 185 226 200 318 232 278 178 324 278 187 300 222 227 268 290 310 108 313 297 201 316 139 270 170 110 327 286 124 166 347 327 313 158 381 183 150 317 297 194 67 243 307 342 250 200 344 100 311 358 231 322 362 101 303 280 265 311 156 219 171 285 46 32 345 227 48 138 240 142 193 261 307 247 251 170 357 290 208 336 349 195 368 155 430 220 334 259 273 214 52 365 235 166 261 282 183
 44 283 429 162 79 273 152 382 286 1 219 193 133 153 74 325 370 221 295 128 195 130 350 240 104 134 230 358 118 377 419 147 308 151 354 310 230 350 43 25 26 193 97 231 231 169 286 250 326 263 45 58 83 232 347 133 105 312 164 67 137 325 80 252 107 72 164 388 332 228 209 363 364 180 202 276 155 304 90 66 272 29 126 158 341 275 194 172 208 414 381 194 166 200 42 198 280 242 252 344 251 131 203 221 290 134 292 127 116 70 290 165 95 306 168 214 203 39 394 213 257 138 304 125 2 267 317 402 308 240 180 86 157 151 116 120 360 366 118 104 293 248 82 317 109 181 143 237 307 291 306 293 230 240 127 286 220 193 124 241
 198 183 270 242 165 83 309 260 352 219 1 319 116 280 158 303 256 88 185 292 53 129 391 66 120 88 123 239 216 263 258 352 329 123 337 323 47 356 180 196 233 39 306 145 135 97 223 164 226 46 263 193 214 213 189 350 249 277 175 278 86 391 148 311 262 193 154 238 232 90 178 202 237 166 53 182 129 172 131 159 269 226 343 342 179 248 83 184 340 269 253 229 190 22 228 40 237 31 196 309 70 348 161 297 177 86 99 333 177 190 289 58 171 204 53 18 254 256 275 96 82 279 211 277 220 362 376 240 209 310 327 288 225 165 327 101 255 259 232 154 141 171 160 125 192 65 219 94 213 103 181 156 153 330 132 180 193 93 339 188
 232 255 404 81 173 326 51 333 111 193 319 1 293 44 188 207 319 365 270 72 325 296 178 297 217 264 244 314 107 322 399 140 162 316 224 169 353 202 193 205 169 314 147 228 235 226 225 231 277 347 188 158 125 168 342 193 91 212 153 157 244 143 197 95 87 148 172 363 280 268 178 357 326 169 274 248 193 293 223 233 164 219 188 93 342 187 247 147 22 380 338 115 138 308 232 282 203 349 206 231 306 187 189 67 269 253 340 140 144 258 170 268 278 268 277 325 96 202 340 251 304 56 259 69 192 78 140 386 266 79 30 133 98 158 151 248 303 308 93 281 304 223 258 355 132 316 101 381 261 335 288 292 219 60 294 261 175 240 173 201
 98 259 376 232 121 192 265 351 359 133 116 293 1 250 106 351 344 89 266 243 72 15 413 166 83 48 194 328 190 351 364 279 358 25 385 356 107 394 107 110 155 80 229 209 202 133 285 231 306 161 174 137 169 250 292 262 206 329 188 199 78 400 98 319 215 146 173 340 312 172 216 306 330 191 131 255 147 263 71 69 305 128 256 284 283 294 144 199 312 370 346 240 199 96 126 117 290 128 251 363 174 261 202 295 259 63 210 259 160 82 326 85 58 283 78 104 261 162 366 166 185 241 286 233 134 355 388 346 287 312 290 216 218 172 249 55 339 344 201 41 238 233 55 237 166 57 206 105 289 213 269 248 212 323 17 259 232 150 255 240
 192 234 387 52 130 292 42 320 137 153 280 44 250 1 145 210 306 323 249 48 283 253 204 262 175 222 214 299 65 310 380 132 175 273 232 180 312 217 150 163 131 273 124 200 207 188 211 207 262 310 154 116 82 151 319 176 50 210 120 126 202 174 154 110 49 105 138 345 266 235 153 335 310 138 237 227 156 270 180 190 161 180 170 92 318 179 211 117 64 364 324 96 107 268 194 243 193 309 187 234 272 170 161 77 247 211 308 125 103 217 172 227 235 250 236 284 85 167 328 217 271 20 242 35 153 115 168 367 249 95 49 105 67 122 133 206 291 297 50 238 276 200 215 325 90 274 65 339 245 303 266 267 192 88 252 240 153 204 155 180
 80 213 356 129 17 202 163 311 258 74 158 188 106 145 1 271 301 182 224 142 146 111 316 169 38 82 157 288 86 307 346 195 266 130 303 265 178 305 33 58 80 139 150 160 159 96 221 180 257 198 115 37 65 172 274 197 102 254 103 123 72 299 11 220 113 42 97 315 263 155 144 290 293 115 132 207 84 232 37 55 220 93 190 189 268 217 121 113 207 342 310 146 110 141 103 130 218 184 186 287 180 194 136 193 219 75 221 176 61 95 240 101 103 236 107 156 163 112 324 140 185 137 235 130 75 251 288 329 239 211 186 131 117 88 170 65 292 297 96 100 220 179 80 245 64 135 104 198 238 220 234 221 159 220 109 215 157 121 184 175
 347 135 233 171 257 257 248 155 128 325 303 207 351 210 271 1 141 384 142 257 340 362 115 246 273 305 182 146 209 142 232 340 61 373 35 50 349 60 297 321 311 322 331 159 169 223 86 142 118 304 345 268 245 102 205 385 240 30 169 326 275 143 273 116 248 254 180 200 117 216 136 214 159 162 252 132 205 169 292 323 53 351 378 296 212 58 224 158 216 205 164 132 162 306 364 268 68 330 109 25 249 379 151 141 147 290 261 335 212 365 39 280 370 127 291 318 129 353 155 209 240 228 115 242 325 170 127 227 122 131 236 310 170 185 342 297 125 129 215 363 200 134 347 260 217 340 184 394 114 252 159 180 151 159 362 141 120 215 364 117
 378 90 93 256 292 182 347 15 263 370 256 319 344 306 301 141 1 343 79 348 305 357 254 191 286 298 152 18 275 8 92 433 200 361 158 190 300 195 333 358 366 287 410 142 146 216 96 122 46 235 404 315 305 157 86 465 317 119 211 395 270 283 298 241 329 304 208 62 41 174 166 87 25 193 217 95 218 85 306 344 161 393 458 396 97 133 201 206 333 65 24 211 215 268 403 233 116 273 124 125 187 460 169 256 86 284 175 422 258 387 164 260 382 66 269 273 225 406 25 179 175 320 68 330 371 302 266 88 64 253 344 387 246 222 425 297 17 14 288 370 117 124 362 162 270 312 255 348 65 168 77 101 143 283 359 88 159 196 446 134
 186 269 352 296 195 166 344 346 417 221 88 365 89 323 182 384 343 1 271 323 46 96 463 153 149 103 206 326 260 350 340 366 403 77 418 399 46 434 191 197 242 62 316 227 218 164 306 247 313 117 262 217 246 288 274 350 283 358 237 286 125 457 172 376 294 223 219 323 318 175 253 285 324 234 134 267 191 259 147 156 345 216 344 368 263 327 161 249 386 353 339 293 252 79 213 117 318 76 276 391 157 349 236 356 264 113 179 346 224 168 365 108 141 290 96 71 317 250 362 178 169 317 297 311 222 420 443 322 295 372 367 303 280 225 336 119 342 346 274 125 227 253 143 204 235 50 271 17 299 185 267 242 234 388 99 266 268 169 343 268
 301 16 141 197 217 121 290 89 240 295 185 270 266 249 224 142 79 271 1 287 231 279 252 120 207 220 73 65 208 86 133 370 189 284 172 180 230 201 256 281 293 213 342 65 67 138 60 47 42 172 330 241 235 103 74 397 251 113 141 325 192 269 221 208 264 230 134 98 48 98 99 89 70 122 141 23 141 29 228 266 134 316 389 338 77 103 123 139 287 122 87 156 149 194 326 158 84 205 64 139 120 392 97 214 8 206 121 357 186 309 147 183 304 20 192 201 175 332 102 101 108 260 30 268 296 271 252 119 26 217 292 319 184 150 359 218 74 79 223 291 59 51 283 118 199 237 191 278 31 113 20 39 67 246 281 10 97 118 379 70
 170 272 426 94 131 317 26 362 179 128 292 72 243 48 142 257 348 323 287 1 287 244 247 285 178 223 244 341 84 353 419 86 222 265 279 227 318 263 137 144 103 279 78 233 238 208 253 243 304 327 117 108 80 193 355 129 44 256 151 85 209 214 152 156 31 102 165 384 308 260 189 371 351 170 255 265 178 306 178 177 208 152 123 54 353 224 232 150 84 405 365 138 140 278 165 258 237 321 227 281 295 123 194 123 284 215 333 78 120 196 219 236 218 290 244 294 131 132 371 242 295 30 283 20 127 150 210 405 290 140 54 62 104 148 86 207 334 340 67 224 309 237 201 352 104 276 97 339 286 329 303 301 227 128 242 278 192 227 108 219
 165 227 322 253 157 135 307 310 373 195 53 325 72 283 146 340 305 46 231 287 1 84 418 116 110 65 164 288 219 312 310 336 358 73 374 354 37 389 160 170 213 19 288 184 175 120 263 205 272 94 238 182 209 243 241 326 246 314 193 258 82 413 136 332 257 186 174 290 278 134 208 254 287 189 91 225 147 221 112 130 300 195 320 334 231 283 117 204 345 320 303 249 208 38 195 75 274 57 233 348 121 324 191 313 224 73 151 316 183 153 321 63 129 250 52 37 273 228 325 135 133 279 256 274 196 377 399 292 254 328 328 272 237 181 308 82 303 307 234 112 191 210 124 177 194 16 228 59 258 155 229 205 191 345 87 226 223 125 317 224
 92 272 390 238 126 206 267 365 366 130 129 296 15 253 111 362 357 96 279 244 84 1 421 180 91 61 207 342 195 364 378 276 367 23 395 365 118 403 107 107 152 93 226 221 215 145 297 243 319 174 169 139 173 261 306 256 208 341 197 195 90 407 103 327 217 149 183 354 325 186 227 320 344 201 145 268 158 276 77 68 315 122 250 283 297 305 157 209 315 383 360 249 208 109 119 131 301 140 263 375 188 255 213 301 273 75 224 255 167 73 336 99 47 296 92 117 268 156 379 180 198 244 299 235 131 360 395 360 300 319 292 214 225 182 245 66 352 357 206 30 252 246 49 251 172 69 213 111 302 227 282 261 225 329 4 272 243 163 250 252
 383 242 345 191 301 359 228 267 69 350 391 178 413 204 316 115 254 463 252 247 418 421 1 342 331 372 276 260 236 254 345 316 65 437 99 73 435 61 335 355 331 403 324 253 263 300 193 240 231 400 357 301 269 180 318 370 249 142 228 329 343 46 322 99 252 287 246 313 230 310 214 327 273 230 339 238 273 279 346 370 125 378 365 268 324 153 309 217 176 316 277 174 215 389 392 353 170 420 205 130 347 364 231 131 256 358 365 317 257 406 108 356 418 238 368 403 154 369 266 299 339 223 226 238 350 108 40 340 233 112 206 307 200 243 329 360 238 241 233 415 307 232 395 368 254 416 214 476 226 357 270 288 243 120 421 248 199 299 350 209
 230 120 211 217 171 34 297 195 311 240 66 297 166 262 169 246 191 153 120 285 116 180 342 1 137 126 67 174 202 197 199 356 278 179 279 272 111 302 199 220 248 99 315 91 80 79 163 106 161 59 283 200 212 164 128 365 242 218 145 290 107 348 162 272 256 196 126 176 167 33 134 141 172 131 40 119 108 107 154 190 218 254 357 337 118 193 53 152 317 206 188 194 161 79 259 51 180 86 140 249 11 361 118 263 113 116 53 338 166 229 237 85 215 139 90 83 219 279 210 48 19 266 147 267 241 328 332 181 145 273 310 294 200 141 335 132 190 194 220 200 76 114 199 77 181 124 198 159 149 52 115 90 100 297 182 116 146 59 350 135
 97 197 333 151 48 170 197 295 277 104 120 217 83 175 38 273 286 149 207 178 110 91 331 137 1 48 137 271 112 292 323 233 276 107 306 275 142 313 63 84 115 102 187 144 141 72 214 166 244 161 148 74 99 172 250 233 136 254 107 159 35 319 28 238 148 77 94 293 249 128 140 265 276 113 99 192 72 211 22 60 226 118 225 225 243 217 94 118 238 322 292 159 118 103 125 94 215 147 179 288 147 229 128 214 201 38 189 213 79 103 246 64 100 222 69 119 179 142 309 115 154 170 222 164 105 275 306 305 225 231 219 169 137 91 207 32 278 283 126 91 194 166 78 214 88 100 126 165 225 188 214 198 146 244 91 199 155 95 220 168
 111 212 333 196 94 155 243 305 321 134 88 264 48 222 82 305 298 103 220 223 65 61 372 126 48 1 147 282 159 305 322 272 315 69 339 312 99 349 97 110 150 61 225 161 155 86 238 183 259 133 178 117 145 205 249 266 182 283 145 195 31 362 72 280 193 122 129 296 265 127 170 264 284 146 88 208 102 217 48 72 260 139 259 269 240 248 98 156 284 326 301 199 158 68 141 76 243 109 204 317 134 263 156 258 213 16 174 253 124 106 281 42 90 236 38 82 221 169 320 120 144 216 239 210 135 320 349 304 240 275 265 208 181 130 245 17 292 298 172 75 194 186 76 200 134 54 171 118 242 175 223 203 165 289 62 212 186 103 255 194
 231 66 200 165 152 87 253 160 246 230 123 244 194 214 157 182 152 206 73 244 164 207 276 67 137 147 1 137 161 159 190 323 212 212 215 206 169 237 190 214 231 146 288 25 14 66 101 42 113 125 268 179 180 99 118 342 204 155 95 267 119 283 153 208 218 171 80 159 119 36 71 135 140 77 74 63 77 76 157 195 152 249 334 297 114 128 51 99 264 187 157 134 108 128 258 90 115 149 75 187 72 337 57 203 67 134 98 308 131 238 171 112 231 90 121 138 159 268 174 30 66 221 94 226 231 267 266 173 94 211 261 266 149 97 307 146 146 151 178 219 66 49 212 112 146 168 150 215 97 92 79 64 34 237 208 66 81 45 325 69
 365 77 92 249 280 165 341 24 265 358 239 314 328 299 288 146 18 326 65 341 288 342 260 174 271 282 137 1 266 25 89 425 203 345 166 193 283 202 320 345 355 271 400 129 132 202 91 109 38 219 392 303 295 150 71 456 308 121 201 385 255 287 285 240 321 292 196 55 35 158 156 74 14 182 201 83 205 68 292 330 160 380 448 390 82 131 186 196 329 66 25 205 206 251 390 217 113 256 115 132 171 451 157 253 71 269 159 414 247 373 166 245 367 54 253 256 220 394 38 163 158 313 59 322 359 302 270 82 53 252 339 378 238 211 417 282 25 26 280 355 100 112 347 146 260 295 246 331 56 151 61 85 130 282 343 74 150 181 437 124
 148 194 348 46 70 234 96 288 175 118 216 107 190 65 86 209 275 260 208 84 219 195 236 202 112 159 161 266 1 281 340 164 191 214 237 193 247 232 100 120 103 208 135 151 156 126 183 164 230 247 138 66 37 124 274 191 44 199 69 122 138 216 94 138 58 52 82 306 235 177 111 290 275 88 174 187 95 225 120 137 156 146 183 137 271 164 150 71 127 328 290 78 61 204 159 180 171 245 153 229 212 186 114 109 205 148 250 150 39 171 173 163 185 214 172 220 86 145 299 159 212 65 208 66 118 166 205 325 214 128 112 113 40 65 152 143 263 268 18 184 226 158 163 269 26 211 26 275 211 246 223 220 146 135 194 199 118 144 172 143
 385 96 92 261 299 189 352 14 265 377 263 322 351 310 307 142 8 350 86 353 312 364 254 197 292 305 159 25 281 1 92 438 201 368 157 191 306 195 339 365 372 294 415 149 153 223 101 128 52 242 410 321 311 162 91 471 322 121 217 401 277 284 305 244 334 310 214 64 47 181 172 92 30 199 224 102 225 92 313 351 164 399 463 401 102 136 208 212 336 64 25 216 221 275 409 240 120 279 129 125 194 466 175 260 93 291 182 428 264 394 166 267 389 72 276 280 229 412 19 186 182 325 74 335 377 304 267 90 70 256 348 393 251 228 431 304 20 15 294 377 124 130 369 168 276 319 260 355 71 174 84 108 149 286 366 94 164 203 452 139
 418 148 13 329 341 177 422 79 353 419 258 399 364 380 346 232 92 340 133 419 310 378 345 199 323 322 190 89 340 92 1 502 291 377 249 280 295 286 379 403 420 295 473 192 190 253 176 178 124 224 457 368 365 232 74 528 383 209 272 454 299 374 342 328 396 359 263 37 123 197 231 59 76 253 235 155 266 117 343 381 248 438 520 470 83 218 231 271 414 33 69 286 281 275 446 249 200 266 194 216 192 523 228 339 136 311 162 489 316 422 253 282 411 132 288 275 304 457 83 209 181 392 141 400 420 390 357 20 133 339 422 450 316 280 490 326 108 105 355 397 130 183 394 138 330 321 323 341 139 157 118 127 196 369 380 142 228 229 510 202
 187 356 510 179 189 388 94 446 249 147 352 140 279 132 195 340 433 366 370 86 336 276 316 356 233 272 323 425 164 438 502 1 300 297 360 306 370 341 177 170 125 332 51 314 318 278 339 326 389 391 112 160 145 278 436 60 120 340 232 82 267 277 205 233 107 161 244 467 393 334 272 452 435 251 322 348 251 388 225 211 292 160 57 49 433 309 304 233 141 489 449 224 222 335 169 322 322 378 312 364 366 55 276 202 367 268 406 21 194 212 302 295 239 374 301 350 215 128 456 317 368 115 367 104 146 211 277 487 374 217 112 65 188 227 34 257 419 425 148 250 388 320 228 427 178 323 180 382 370 403 386 382 308 198 273 361 276 299 44 303
 337 179 292 147 251 295 208 214 69 308 329 162 358 175 266 61 200 403 189 222 358 367 65 278 276 315 212 203 191 201 291 300 1 381 64 11 373 43 288 310 292 342 298 189 200 239 130 176 172 336 322 255 227 117 257 350 213 83 171 298 285 84 270 68 219 241 187 257 172 247 152 268 216 171 276 174 214 217 292 319 61 336 343 254 263 89 246 160 167 264 223 120 160 328 350 291 106 357 141 82 283 343 169 99 193 300 301 297 205 358 44 296 368 177 308 341 106 332 215 236 275 194 164 209 308 113 67 284 172 84 191 279 153 186 307 304 184 187 192 363 244 168 345 304 206 356 167 415 165 293 207 225 180 108 366 185 137 237 329 145
 113 278 388 256 145 203 288 368 383 151 123 316 25 273 130 373 361 77 284 265 73 23 437 179 107 69 212 345 214 368 377 297 381 1 407 379 104 417 129 128 174 85 247 228 221 154 305 250 324 166 190 160 193 273 305 277 229 351 211 217 100 424 121 343 237 169 196 354 330 188 239 319 346 214 146 274 170 279 95 89 328 143 271 305 296 316 162 223 335 384 363 264 223 104 139 131 311 129 272 385 186 276 224 319 277 84 220 277 184 93 349 102 66 301 93 108 285 177 383 184 197 264 305 255 152 379 412 358 306 336 313 236 242 196 266 78 357 362 225 50 252 254 70 246 191 59 230 92 308 223 285 263 233 347 25 277 254 169 271 262
 379 165 248 197 288 289 267 170 131 354 337 224 385 232 303 35 158 418 172 279 374 395 99 279 306 339 215 166 237 157 249 360 64 407 1 56 383 39 328 352 340 356 355 193 203 257 118 175 143 336 372 298 273 135 229 407 265 62 202 351 309 136 305 129 273 284 213 219 140 250 170 237 178 195 286 163 238 198 325 356 83 381 401 314 237 92 258 191 230 219 181 161 194 340 394 302 101 363 142 35 282 401 185 159 177 324 291 356 243 397 65 314 403 155 325 351 155 381 168 242 272 251 143 265 354 176 121 246 149 146 253 334 198 217 364 331 143 145 242 396 229 167 380 289 247 374 212 428 142 283 187 210 185 170 395 171 154 249 386 151
 338 170 282 150 250 287 214 204 79 310 323 169 356 180 265 50 190 399 180 227 354 365 73 272 275 312 206 193 193 191 280 306 11 379 56 1 368 41 289 311 294 338 303 182 193 235 122 169 162 330 325 256 229 112 248 355 217 73 169 302 282 94 269 75 223 242 184 247 162 240 147 258 206 167 271 166 211 208 291 319 55 338 349 260 254 81 241 158 175 254 213 120 158 323 351 286 98 351 134 72 276 349 164 105 184 297 293 303 205 358 37 292 367 168 304 336 108 335 205 230 268 199 155 214 310 123 78 274 163 91 198 284 154 184 312 302 173 177 195 362 235 161 344 296 206 352 168 410 156 285 198 217 173 116 365 177 132 232 334 138
 201 229 307 278 189 121 338 303 393 230 47 353 107 312 178 349 300 46 230 318 37 118 435 111 142 99 169 283 247 306 295 370 373 104 383 368 1 402 195 206 248 40 322 191 181 137 269 210 271 72 273 214 240 257 229 362 277 322 214 293 111 433 168 352 289 218 194 278 277 136 222 240 280 207 98 228 168 216 146 166 314 231 355 366 218 293 128 225 373 308 295 270 229 47 231 83 283 30 241 355 113 360 205 336 223 104 134 351 210 188 334 86 164 249 77 33 294 263 318 141 125 309 257 304 231 401 418 277 254 350 358 306 262 203 343 115 300 304 263 147 184 217 159 158 222 52 254 49 259 140 225 200 199 369 121 226 237 137 352 234
 378 193 286 189 290 315 249 208 100 350 356 202 394 217 305 60 195 434 201 263 389 403 61 302 313 349 237 202 232 195 286 341 43 417 39 41 402 1 328 350 333 373 340 213 224 271 144 198 176 360 364 296 268 147 263 391 255 89 208 340 320 99 309 109 261 282 222 255 175 271 182 272 215 205 304 190 248 228 330 359 90 377 385 294 270 110 275 196 205 257 218 160 197 357 391 320 124 384 163 71 306 385 199 141 206 335 319 339 245 398 70 328 406 186 340 370 148 374 206 262 296 236 174 251 350 145 86 282 181 125 231 321 194 223 348 340 180 182 234 401 258 190 384 319 246 388 208 445 174 311 218 239 205 145 403 199 167 266 370 169
 51 245 388 146 43 231 161 343 274 43 180 193 107 150 33 297 333 191 256 137 160 107 335 199 63 97 190 320 100 339 379 177 288 129 328 289 195 328 1 26 54 157 129 192 191 128 252 212 289 222 86 36 70 200 306 172 103 282 132 100 96 314 38 237 111 49 128 348 295 186 174 322 326 145 161 239 116 264 50 41 246 61 164 178 300 245 152 141 211 375 342 170 136 162 71 156 248 204 217 315 209 169 167 208 251 95 250 157 86 72 265 125 86 268 128 176 183 81 356 172 215 139 267 129 44 261 305 361 270 227 186 113 137 117 149 81 323 329 106 89 251 211 66 275 83 147 123 207 270 249 266 253 191 232 105 247 187 152 160 206
 30 270 413 165 68 252 168 369 292 25 196 205 110 163 58 321 358 197 281 144 170 107 355 220 84 110 214 345 120 365 403 170 310 128 352 311 206 350 26 1 47 169 120 218 216 152 277 237 314 240 69 55 86 225 330 157 115 307 156 90 115 332 62 257 120 69 153 372 320 209 199 346 351 170 181 264 141 289 68 42 269 36 150 178 324 270 175 166 222 400 367 192 160 177 46 176 273 218 242 339 230 155 192 226 276 111 272 150 110 54 288 143 76 293 145 191 204 61 382 196 237 150 292 138 26 276 323 385 296 245 195 108 158 142 140 96 349 354 123 83 275 236 60 296 106 156 144 213 295 271 291 277 217 248 104 273 212 176 148 231
 69 280 429 145 80 281 128 378 265 26 233 169 155 131 80 311 366 242 293 103 213 152 331 248 115 150 231 355 103 372 420 125 292 174 340 294 248 333 54 47 1 210 76 230 231 174 279 247 321 275 38 53 68 222 349 119 83 301 157 46 149 304 88 233 84 64 160 387 327 233 202 365 362 174 211 273 155 304 104 87 259 50 111 133 343 264 199 164 184 413 378 180 156 215 64 208 270 257 246 331 258 116 199 201 288 148 300 105 109 95 276 178 120 302 181 230 187 43 390 217 263 115 299 101 25 244 296 403 304 220 156 63 142 146 96 135 355 361 100 128 295 244 105 324 99 199 129 258 302 298 305 294 227 218 150 284 212 198 107 235
 167 210 307 241 149 119 298 292 358 193 39 314 80 273 139 322 287 62 213 279 19 93 403 99 102 61 146 271 208 294 295 332 342 85 356 338 40 373 157 169 210 1 284 167 157 104 245 187 255 82 237 175 201 227 225 325 237 297 179 255 72 398 129 317 249 178 159 274 261 116 192 238 270 174 74 208 132 204 107 130 284 196 318 327 215 266 99 190 334 304 286 235 194 21 197 57 257 51 215 330 105 323 175 299 206 65 136 312 171 157 304 49 136 232 38 25 259 228 307 117 116 269 238 265 194 364 384 276 237 314 318 268 224 167 305 76 285 290 224 119 174 193 127 162 183 27 216 74 240 140 211 187 173 332 95 208 207 108 315 207
 137 328 481 162 146 348 98 423 256 97 306 147 229 124 150 331 410 316 342 78 288 226 324 315 187 225 288 400 135 415 473 51 298 247 355 303 322 340 129 120 76 284 1 282 285 238 317 297 365 347 62 116 109 256 404 57 95 327 202 31 221 289 159 233 84 120 211 439 369 296 245 421 409 221 280 321 214 357 178 161 280 110 49 75 401 293 264 205 155 462 424 205 195 289 120 279 303 331 287 353 325 51 246 200 338 222 366 31 159 162 293 250 189 348 255 304 203 79 433 279 329 105 343 91 96 224 286 457 349 217 124 24 167 194 21 209 397 403 123 200 354 292 178 389 144 274 157 332 346 364 356 350 278 205 223 333 252 261 38 277
 237 54 201 149 153 109 240 152 224 231 145 228 209 200 160 159 142 227 65 233 184 221 253 91 144 161 25 129 151 149 192 314 189 228 193 182 191 213 192 218 230 167 282 1 12 77 80 23 100 149 267 178 174 76 123 337 195 132 83 263 132 260 157 186 208 168 72 159 106 59 51 140 134 64 95 49 77 76 165 203 128 252 329 285 121 104 69 84 247 184 151 115 95 149 262 111 92 172 51 165 96 332 40 182 60 147 119 300 125 246 147 129 242 78 139 160 139 268 166 51 88 209 79 214 232 246 243 176 81 190 246 260 134 89 300 158 135 140 167 231 78 27 221 130 139 187 137 237 82 112 76 69 10 217 222 56 59 61 319 45
 235 58 199 157 153 99 246 155 234 231 135 235 202 207 159 169 146 218 67 238 175 215 263 80 141 155 14 132 156 153 190 318 200 221 203 193 181 224 191 216 231 157 285 12 1 72 89 31 105 138 268 179 177 87 120 340 199 142 89 265 126 270 155 197 213 169 76 158 111 48 60 136 136 70 85 54 77 74 161 199 139 251 332 291 116 115 60 91 255 185 153 124 101 140 260 102 103 161 62 175 85 335 48 192 61 141 109 304 127 243 158 121 237 82 131 150 148 268 169 41 78 215 85 220 231 255 254 174 86 200 253 263 141 93 303 153 139 144 172 226 71 37 217 121 142 178 143 227 88 103 76 66 21 226 216 59 69 53 322 56
 167 129 263 147 95 111 221 225 257 169 97 226 133 188 96 223 216 164 138 208 120 145 300 79 72 86 66 202 126 223 253 278 239 154 257 235 137 271 128 152 174 104 238 77 72 1 153 99 176 122 210 124 134 125 180 289 165 200 79 214 56 297 90 217 178 119 59 223 182 60 90 195 205 71 49 124 34 140 92 130 182 186 281 260 173 166 27 89 246 251 222 134 95 91 194 58 159 127 119 234 89 285 74 201 131 71 129 261 89 173 202 58 167 153 70 106 159 208 239 45 92 190 155 190 170 266 282 235 157 215 236 217 130 70 258 82 210 215 143 155 125 101 147 152 104 118 125 176 158 127 144 128 80 235 146 130 105 25 274 109
 300 50 181 161 210 172 252 110 183 286 223 225 285 211 221 86 96 306 60 253 263 297 193 163 214 238 101 91 183 101 176 339 130 305 118 122 269 144 252 277 279 245 317 80 89 153 1 60 53 220 316 229 215 62 130 373 223 57 123 304 207 211 221 154 235 217 125 141 56 134 79 142 102 108 173 47 143 88 234 270 76 311 365 301 135 45 148 116 240 156 114 116 124 228 322 190 26 247 36 87 165 367 87 164 64 223 176 328 171 313 88 207 313 49 218 238 130 320 118 129 155 225 37 235 287 216 194 166 45 164 250 294 152 136 332 232 82 87 195 303 115 54 291 176 181 266 161 315 39 167 78 96 74 194 297 57 68 140 353 47
 257 34 186 156 172 119 248 133 217 250 164 231 231 207 180 142 122 247 47 243 205 243 240 106 166 183 42 109 164 128 178 326 176 250 175 169 210 198 212 237 247 187 297 23 31 99 60 1 79 163 285 196 189 70 113 352 207 114 96 279 154 251 177 181 220 185 88 143 85 76 56 129 116 77 115 28 97 64 186 224 116 272 344 295 112 89 90 94 250 167 132 117 104 169 282 131 75 189 37 146 109 347 51 181 43 169 126 313 140 267 134 150 264 57 161 179 139 286 145 71 100 218 57 225 251 242 234 162 60 187 252 274 142 104 314 180 113 119 179 253 75 10 243 133 154 208 147 256 61 119 61 62 22 215 244 37 58 83 333 35
 335 48 129 212 248 160 304 59 231 326 226 277 306 262 257 118 46 313 42 304 272 319 231 161 244 259 113 38 230 52 124 389 172 324 143 162 271 176 289 314 321 255 365 100 105 176 53 79 1 212 359 270 260 113 88 420 272 91 166 350 230 255 255 204 284 259 163 89 7 140 121 97 50 148 183 53 175 61 264 302 125 349 413 353 96 95 163 161 292 104 62 167 170 236 359 199 76 246 78 108 160 415 124 216 50 245 158 377 213 345 132 223 341 24 233 243 182 361 70 141 149 276 23 285 326 267 238 115 20 215 302 342 201 177 380 257 35 41 243 330 95 79 320 151 225 278 210 319 20 150 50 76 99 245 320 48 114 157 401 88
 243 174 236 268 203 54 342 237 367 263 46 347 161 310 198 304 235 117 172 327 94 174 400 59 161 133 125 219 247 242 224 391 336 166 336 330 72 360 222 240 275 82 347 149 138 122 220 163 212 1 307 232 250 222 160 393 284 275 197 319 127 405 189 328 297 231 177 209 218 91 191 170 215 184 74 175 155 154 174 204 276 270 385 378 149 251 101 205 368 239 229 248 213 67 273 70 237 42 198 306 55 390 174 317 165 130 64 373 209 236 295 99 216 192 96 58 274 299 252 104 66 311 201 310 264 383 389 206 197 329 358 328 251 190 367 145 237 241 264 199 120 171 205 87 224 107 247 118 203 71 164 138 158 352 176 170 203 110 380 193
 78 317 466 177 117 316 141 415 290 45 263 188 174 154 115 345 404 262 330 117 238 169 357 283 148 178 268 392 138 410 457 112 322 190 372 325 273 364 86 69 38 237 62 267 268 210 316 285 359 307 1 90 103 258 386 89 110 336 194 36 181 327 122 261 107 101 197 425 364 269 239 402 399 211 245 311 193 341 134 109 293 49 83 133 380 300 235 201 200 451 415 214 193 244 58 241 307 286 283 366 293 88 236 228 326 178 335 92 146 102 309 209 129 340 212 258 219 17 427 254 299 136 336 121 44 265 321 440 341 247 170 61 176 183 79 164 392 398 132 142 332 282 121 359 135 224 162 278 339 333 342 331 264 241 166 321 249 234 82 272
 84 228 377 111 31 233 129 326 239 58 193 158 137 116 37 268 315 217 241 108 182 139 301 200 74 117 179 303 66 321 368 160 255 160 298 256 214 296 36 55 53 175 116 178 179 124 229 196 270 232 90 1 35 174 297 166 70 255 107 91 108 279 47 203 79 15 108 335 276 182 152 313 310 123 164 222 104 252 71 75 216 84 159 153 292 218 150 115 177 361 326 138 109 176 97 164 222 220 195 287 210 162 147 173 236 111 252 141 59 106 234 136 122 251 142 192 150 92 339 166 214 105 248 97 58 226 270 351 252 192 154 97 103 95 136 101 304 310 71 123 244 193 101 274 52 170 89 233 251 249 253 242 175 197 137 232 163 147 151 184
 115 221 374 81 53 244 99 318 206 83 214 125 169 82 65 245 305 246 235 80 209 173 269 212 99 145 180 295 37 311 365 145 227 193 273 229 240 268 70 86 68 201 109 174 177 134 215 189 260 250 103 35 1 157 296 164 38 234 95 91 131 247 75 171 50 25 103 331 265 190 140 313 303 114 179 214 107 249 101 109 192 110 156 129 292 198 159 100 144 356 319 114 92 199 124 181 205 242 183 265 222 159 139 141 231 137 262 129 51 139 209 158 155 242 166 216 122 109 329 173 224 73 238 66 83 192 237 349 243 160 122 87 76 87 127 129 293 299 38 157 246 185 135 283 36 198 62 262 241 259 249 242 170 163 171 226 149 155 146 173
 250 88 238 100 159 184 192 170 149 232 213 168 250 151 172 102 157 288 103 193 243 261 180 164 172 205 99 150 124 162 232 278 117 273 135 112 257 147 200 225 222 227 256 76 87 125 62 70 113 222 258 174 157 1 176 312 163 83 70 245 175 185 173 112 174 161 79 196 116 132 36 190 160 61 160 82 104 127 191 224 58 257 305 241 177 46 130 60 185 215 174 56 67 212 269 175 49 241 40 117 170 307 53 113 103 190 194 267 116 266 78 182 270 101 193 225 73 264 179 120 163 164 93 174 232 173 168 219 100 118 191 234 91 85 271 196 143 148 135 262 144 61 247 202 124 242 101 299 95 186 121 129 67 146 261 95 21 121 292 36
 345 89 85 268 270 109 360 83 312 347 189 342 292 319 274 205 86 274 74 355 241 306 318 128 250 249 118 71 274 91 74 436 257 305 229 248 229 263 306 330 349 225 404 123 120 180 130 113 88 160 386 297 296 176 1 459 317 177 206 384 226 339 269 281 330 288 194 50 90 124 167 17 62 186 163 95 194 50 269 307 205 365 451 407 13 174 157 205 359 80 73 228 216 205 373 176 155 201 137 195 121 454 161 288 74 238 98 422 246 349 216 209 338 82 215 206 248 385 97 136 110 329 94 336 348 344 322 56 86 290 363 382 254 211 422 253 95 96 289 324 56 120 320 79 261 251 259 277 93 91 56 56 129 320 308 82 168 156 441 142
 165 383 536 217 196 398 144 478 303 133 350 193 262 176 197 385 465 350 397 129 326 256 370 365 233 266 342 456 191 471 528 60 350 277 407 355 362 391 172 157 119 325 57 337 340 289 373 352 420 393 89 166 164 312 459 1 150 382 257 76 267 333 206 283 139 173 266 494 425 348 301 475 465 276 328 376 267 412 221 197 334 135 9 107 455 348 315 261 197 518 480 261 251 332 140 326 359 374 343 408 375 7 302 251 393 265 417 54 213 186 347 295 214 404 299 346 257 101 489 331 380 158 398 144 132 267 332 512 404 267 166 79 223 249 44 251 453 458 179 228 407 347 208 440 199 312 212 366 401 415 411 404 333 252 253 388 308 312 22 333
 143 237 391 70 90 274 62 330 183 105 249 91 206 50 102 240 317 283 251 44 246 208 249 242 136 182 204 308 44 322 383 120 213 229 265 217 277 255 103 115 83 237 95 195 199 165 223 207 272 284 110 70 38 163 317 150 1 234 112 87 167 222 112 152 15 62 125 348 276 218 154 333 317 132 211 230 135 269 138 143 188 132 143 96 314 200 190 114 109 371 332 112 104 235 146 215 210 278 194 262 252 145 157 120 248 174 291 107 77 168 203 194 188 256 202 251 112 121 340 201 253 37 250 29 104 163 214 368 256 138 85 73 74 108 110 166 304 309 29 191 269 201 168 311 62 235 63 299 253 287 266 263 189 136 206 242 159 184 131 185
 332 106 211 166 241 228 249 133 146 312 277 212 329 210 254 30 119 358 113 256 314 341 142 218 254 283 155 121 199 121 209 340 83 351 62 73 322 89 282 307 301 297 327 132 142 200 57 114 91 275 336 255 234 83 177 382 234 1 152 319 252 166 255 126 243 241 160 175 90 189 114 187 134 142 226 103 183 140 273 306 50 338 374 298 183 38 198 142 224 183 141 123 148 280 350 242 41 302 82 35 221 376 128 147 118 268 232 333 198 348 47 256 352 98 267 291 126 342 135 182 211 227 86 239 312 185 149 202 93 140 240 305 162 167 339 276 102 107 207 344 170 107 329 231 204 315 175 368 86 223 130 151 125 170 341 111 99 190 361 91
 181 127 280 73 90 174 158 223 180 164 175 153 188 120 103 169 211 237 141 151 193 197 228 145 107 145 95 201 69 217 272 232 171 211 202 169 214 208 132 156 157 179 202 83 89 79 123 96 166 197 194 107 95 70 206 257 112 152 1 185 116 221 105 140 126 95 21 238 171 116 46 222 209 20 125 120 48 157 124 155 120 189 249 203 203 115 97 13 173 262 224 57 17 168 201 136 117 205 90 185 154 252 46 123 138 130 189 218 49 197 140 131 202 148 142 183 81 198 235 99 152 127 144 132 165 189 207 257 149 137 168 179 56 17 219 134 199 205 85 196 159 91 179 205 60 189 56 251 147 184 156 152 78 157 197 132 57 88 239 79
 107 311 463 156 121 323 109 408 262 67 278 157 199 126 123 326 395 286 325 85 258 195 329 290 159 195 267 385 122 401 454 82 298 217 351 302 293 340 100 90 46 255 31 263 265 214 304 279 350 319 36 91 91 245 384 76 87 319 185 1 193 298 132 235 80 98 192 421 355 273 230 401 393 204 254 304 192 338 149 131 274 81 68 99 380 284 240 190 168 445 409 197 181 260 91 252 293 303 273 347 300 72 229 202 321 193 342 61 140 132 289 222 159 332 226 275 198 52 419 256 305 107 328 92 66 234 293 438 333 220 137 27 158 176 51 180 383 389 113 170 332 275 148 365 126 244 146 302 331 340 338 330 260 212 193 315 238 237 62 263
 123 183 310 172 80 139 228 278 294 137 86 244 78 202 72 275 270 125 192 209 82 90 343 107 35 31 119 255 138 277 299 267 285 100 309 282 111 320 96 115 149 72 221 132 126 56 207 154 230 127 181 108 131 175 226 267 167 252 116 193 1 335 63 253 179 109 99 272 236 103 140 241 258 116 68 179 72 191 49 84 230 148 259 258 218 218 71 128 264 301 274 172 130 70 153 61 213 113 174 287 117 263 125 233 185 17 158 248 101 124 251 30 114 208 36 86 194 175 292 93 125 199 210 195 138 296 321 281 211 249 248 203 156 102 241 28 264 269 153 101 171 156 95 183 113 75 147 139 213 158 196 177 135 264 91 184 156 75 254 163
 361 258 375 171 283 368 193 297 42 325 391 143 400 174 299 143 283 457 269 214 413 407 46 348 319 362 283 287 216 284 374 277 84 424 136 94 433 99 314 332 304 398 289 260 270 297 211 251 255 405 327 279 247 185 339 333 222 166 221 298 335 1 306 82 222 266 240 341 255 315 215 350 300 227 339 253 267 297 331 351 137 352 328 229 344 168 309 210 137 347 306 165 206 387 366 352 186 420 215 162 354 327 232 108 273 348 376 280 242 384 124 351 399 258 362 401 142 340 297 302 347 192 246 207 324 67 18 367 254 89 168 274 183 234 292 349 267 270 210 398 322 242 377 382 237 409 196 471 247 368 288 304 250 87 406 265 203 300 313 217
 81 210 352 136 25 195 173 309 265 80 148 197 98 154 11 273 298 172 221 152 136 103 322 162 28 72 153 285 94 305 342 205 270 121 305 269 168 309 38 62 88 129 159 157 155 90 221 177 255 189 122 47 75 173 269 206 112 255 105 132 63 306 1 226 123 52 97 311 261 149 144 285 290 115 124 204 81 228 28 51 223 97 198 199 262 219 115 116 216 338 307 151 113 131 106 121 219 174 186 289 172 203 135 200 215 65 214 186 66 94 243 91 99 234 97 146 168 118 322 135 177 146 233 140 81 258 294 324 236 218 196 141 124 89 180 55 289 295 105 94 214 177 76 238 71 125 111 188 236 212 230 216 157 227 102 212 158 115 193 175
 285 195 331 93 204 294 141 255 42 252 311 95 319 110 220 116 241 376 208 156 332 327 99 272 238 280 208 240 138 244 328 233 68 343 129 75 352 109 237 257 233 317 233 186 197 217 154 181 204 328 261 203 171 112 281 283 152 126 140 235 253 82 226 1 156 189 159 292 206 240 139 295 252 147 260 189 186 235 251 273 81 280 277 187 285 111 230 129 102 304 262 84 125 306 294 272 129 341 148 140 278 277 155 34 210 267 304 231 161 308 81 270 321 201 281 321 60 272 260 225 273 129 190 144 252 64 70 318 198 18 124 215 103 153 240 268 225 229 135 319 255 172 299 313 157 327 116 390 192 297 227 239 177 45 326 202 128 221 263 147
