NAME : domp240p60v4
COMMENT : (Deleplanque et al.) 
TYPE : DOMP
DIMENSION : 240
DISPLAY_DATA_TYPE: NO_DISPLAY
OPEN_FACILITIES : 60
COST_SECTION
 1 233 138 268 68 145 365 212 160 241 279 161 221 255 251 277 88 156 103 278 112 125 195 187 250 17 58 229 198 257 316 242 179 201 350 177 183 241 80 121 282 191 129 158 266 294 207 292 77 284 166 111 144 300 139 260 185 143 140 109 167 121 180 116 90 100 36 50 180 236 251 185 100 67 89 226 97 89 182 338 388 159 161 69 105 379 245 45 126 114 262 123 244 59 202 81 189 373 353 368 210 169 87 103 91 162 318 281 220 161 221 150 229 274 147 174 121 226 118 291 302 198 163 218 141 248 237 170 274 94 117 78 65 81 344 230 114 286 31 261 275 217 214 192 155 143 37 235 260 46 243 259 220 242 98 246 159 184 200 237 339 197 267 97 194 145 267 115 124 135 142 289 386 284 178 99 302 407 246 332 125 255 202 210 227 33 177 171 156 169 110 110 329 135 134 158 246 85 35 258 303 54 217 131 198 250 277 278 102 267 256 193 60 142 163 109 245 93 160 140 72 251 85 156 270 203 230 219 212 259 226 310 296 145 264 368 46 287 200 186
 233 1 267 252 225 97 145 303 236 118 236 127 27 290 46 63 187 212 204 201 145 178 40 222 19 239 179 245 255 223 97 203 222 292 128 203 72 46 277 278 180 52 271 129 199 79 174 193 252 191 122 133 157 97 301 165 194 193 149 165 71 353 57 348 283 333 207 214 293 185 222 208 292 282 152 150 216 321 259 108 168 225 86 276 291 158 128 253 197 210 257 287 50 215 71 276 124 145 121 152 169 226 278 197 320 170 96 186 45 74 125 261 274 160 147 209 181 9 340 59 70 199 135 77 216 297 245 80 219 205 200 310 235 172 112 191 120 54 212 72 275 43 235 101 155 217 258 130 80 229 121 108 28 141 214 15 87 186 78 84 109 206 316 325 130 252 126 195 159 179 159 272 165 190 128 324 70 181 127 122 128 293 69 84 238 241 64 87 161 95 125 246 97 105 130 251 157 269 247 78 77 242 242 214 137 18 199 47 180 160 116 211 230 136 72 212 74 280 91 251 284 166 309 254 249 263 225 206 208 74 107 90 88 257 66 142 268 55 238 218
 138 267 1 391 203 216 411 349 293 327 183 258 244 387 260 327 211 68 68 201 212 244 240 87 285 153 132 356 330 375 362 356 79 337 394 300 197 250 212 29 218 216 14 142 375 343 318 393 214 387 151 200 254 293 274 359 305 79 247 105 226 173 213 168 222 167 162 97 317 347 157 309 70 193 138 327 229 156 316 370 434 289 183 199 237 424 333 99 252 58 387 259 299 88 272 214 284 409 378 418 147 299 221 229 142 276 322 213 233 214 185 286 362 368 253 299 241 263 132 320 324 115 139 212 271 382 363 240 387 70 68 159 74 193 370 152 170 312 159 257 402 273 340 179 264 56 169 196 325 182 330 336 243 336 230 276 229 111 199 310 371 319 401 194 291 23 350 240 109 90 253 414 431 214 152 204 328 445 334 387 217 387 270 286 353 170 205 181 114 249 182 246 350 209 229 35 190 220 171 250 342 191 106 261 158 281 384 302 221 212 226 101 80 132 203 239 239 227 234 276 97 190 194 291 392 336 131 338 122 253 310 313 350 281 321 407 114 313 89 89
 268 252 391 1 204 204 275 121 116 140 458 150 268 61 297 231 183 374 331 433 184 149 232 401 252 258 260 44 86 31 250 50 395 120 271 92 279 295 233 382 418 264 386 314 63 234 84 94 211 89 314 200 141 345 198 98 87 353 149 306 215 355 251 353 230 334 236 296 144 68 435 84 367 256 262 103 174 330 108 291 286 113 269 245 223 286 131 312 143 344 13 199 210 305 184 231 135 302 314 268 379 102 226 166 341 118 334 423 285 225 351 144 68 114 144 95 151 246 375 277 293 392 323 311 129 78 35 194 46 326 339 314 322 199 305 404 240 278 240 322 25 210 58 315 132 369 257 362 191 226 138 161 269 116 172 261 198 376 300 173 292 73 86 302 127 390 147 154 313 338 141 24 288 427 328 292 287 317 133 239 185 65 186 169 43 245 260 284 339 176 223 174 308 204 172 397 388 219 247 327 260 226 430 139 348 260 72 281 171 398 359 397 315 307 245 161 321 222 191 147 339 396 283 132 6 87 426 56 406 324 147 332 225 146 210 291 311 281 417 397
 68 225 203 204 1 129 340 147 94 200 325 122 220 188 253 256 41 210 157 317 82 70 186 241 239 56 90 164 131 196 294 182 233 135 326 115 193 245 53 188 315 194 195 188 209 271 152 238 29 230 194 93 95 307 88 209 125 193 96 150 155 160 180 157 60 138 45 108 116 180 297 122 166 66 113 177 31 132 115 322 361 93 172 56 68 355 202 112 65 170 197 72 221 118 176 52 147 354 340 341 250 104 54 44 140 107 318 316 225 154 248 84 162 225 102 110 67 217 173 280 293 246 195 232 76 181 171 149 214 150 170 116 130 54 330 273 120 276 46 269 210 197 148 214 106 199 55 263 231 23 202 222 220 195 33 238 140 230 214 205 323 135 200 114 150 208 226 55 164 182 93 224 360 319 208 109 292 384 204 305 99 188 176 179 162 42 181 186 197 141 106 45 319 121 101 219 279 45 44 269 286 25 271 66 230 241 221 270 53 298 277 244 124 174 163 44 256 56 138 74 136 285 95 89 206 136 279 158 260 268 188 310 271 79 239 347 109 278 255 239
 145 97 216 204 129 1 222 222 152 112 256 55 94 225 128 134 92 181 149 233 49 89 58 203 111 148 98 182 179 179 173 159 199 210 206 129 82 121 181 217 221 73 215 112 169 150 121 182 157 176 111 38 74 183 207 148 125 159 65 114 27 265 59 260 188 244 114 138 206 145 233 136 220 188 79 117 122 233 178 197 244 142 68 181 195 236 119 173 108 160 204 193 100 142 61 180 75 231 214 225 176 146 182 103 234 94 190 225 103 28 152 172 204 154 66 133 90 89 258 153 165 191 121 119 129 228 186 27 185 147 152 220 164 76 204 202 46 148 120 148 222 73 169 115 78 179 164 165 118 134 115 123 94 123 119 110 16 175 104 98 198 140 248 232 83 207 135 103 118 143 76 226 242 228 125 230 164 263 120 189 34 227 60 72 177 148 64 83 139 35 38 152 192 10 40 211 188 173 153 149 161 147 230 125 146 113 176 142 86 201 169 198 157 106 46 119 138 184 19 161 205 196 215 167 202 187 225 149 204 147 95 183 153 167 120 225 184 150 220 199
 365 145 411 275 340 222 1 369 316 153 355 221 168 331 161 89 300 355 348 315 261 278 177 362 127 368 316 291 319 247 51 235 363 362 19 274 215 170 392 421 288 197 415 272 213 73 229 185 366 188 264 256 252 164 399 180 261 337 248 309 200 485 200 481 397 464 334 354 373 220 348 275 434 404 291 193 323 454 332 53 24 305 230 395 401 15 158 392 293 354 285 389 123 355 166 391 200 32 67 13 302 301 391 303 455 252 131 296 182 208 254 348 325 162 242 282 281 149 478 96 100 336 277 210 304 344 287 197 230 349 344 441 377 292 65 320 258 104 340 177 299 150 289 240 244 361 383 253 111 351 153 128 169 172 320 136 207 325 217 137 53 266 358 451 201 396 135 296 303 323 254 287 22 299 268 447 93 46 156 39 245 334 166 163 284 366 208 231 303 201 257 348 85 231 240 394 278 382 371 186 70 362 378 307 273 131 204 115 290 272 228 350 371 280 213 314 192 392 208 342 423 286 433 338 270 326 357 253 343 181 160 136 71 346 103 21 404 105 376 358
 212 303 349 121 147 222 369 1 71 218 461 177 310 68 343 304 152 353 302 446 180 135 270 384 309 198 231 85 51 136 334 139 376 13 360 101 301 338 149 332 438 293 340 317 168 314 142 204 138 197 319 198 149 397 95 193 112 335 158 289 243 266 279 264 142 247 190 254 37 152 434 98 306 174 247 178 125 247 45 372 384 81 285 164 131 382 212 255 117 315 109 103 275 264 234 148 182 392 394 365 382 78 141 132 261 134 396 441 322 249 369 64 53 213 158 94 135 295 295 344 360 385 325 340 94 52 91 226 159 294 314 232 276 175 384 407 239 343 192 366 108 262 82 332 149 344 187 382 267 167 217 243 310 198 125 315 224 368 324 242 373 104 63 210 178 354 235 126 301 322 147 129 386 444 335 198 356 413 214 331 190 65 236 226 90 182 284 301 333 209 221 104 381 217 182 365 404 137 181 368 337 160 414 101 357 315 181 342 147 419 389 385 269 304 266 117 358 135 218 75 274 411 194 61 125 44 419 118 399 366 216 391 308 69 284 382 247 345 398 381
 160 236 293 116 94 152 316 71 1 164 393 110 241 96 275 244 86 289 240 377 110 65 202 319 244 149 168 73 39 115 277 107 312 60 306 44 232 269 118 280 369 224 285 248 137 255 92 172 97 164 250 128 80 329 92 152 57 270 89 223 174 241 209 238 116 219 132 196 59 113 367 46 259 141 180 127 65 216 28 312 333 12 215 130 110 329 160 205 48 253 107 88 212 206 169 117 120 336 334 313 314 17 112 66 227 68 330 372 253 179 299 35 70 170 90 36 65 228 261 281 296 318 256 270 25 90 82 158 137 233 251 200 220 109 324 338 170 279 135 297 118 197 59 262 82 281 144 313 209 116 164 189 241 148 64 248 155 301 254 183 313 58 110 187 117 295 185 58 234 256 78 134 334 375 266 178 293 361 162 278 121 96 171 163 73 134 215 231 265 142 152 60 319 147 113 305 334 104 135 299 276 114 349 34 288 249 151 277 80 349 319 319 214 236 196 54 289 108 149 33 229 342 168 23 119 45 353 81 332 297 158 325 251 35 224 327 201 281 334 316
 241 118 327 140 200 112 153 218 164 1 344 81 138 188 162 92 162 289 260 313 130 133 109 308 114 239 204 144 167 111 117 93 305 210 144 122 163 163 250 328 294 144 326 212 83 98 77 79 223 75 209 134 106 208 249 48 109 267 106 225 107 356 135 352 253 334 206 246 220 75 326 122 328 265 190 42 178 325 180 156 171 153 162 255 254 167 11 277 145 271 147 240 72 251 61 248 54 175 179 151 269 149 247 159 330 102 195 300 157 119 232 196 177 46 99 130 136 113 358 137 154 292 221 187 153 198 142 89 103 258 263 311 272 161 169 294 157 139 213 189 164 78 139 200 96 289 250 241 53 215 4 26 139 25 175 125 99 276 180 35 157 115 215 314 52 318 27 150 227 251 109 158 171 303 220 309 148 198 10 115 118 191 63 44 137 233 145 174 243 79 147 200 170 119 108 321 268 238 238 195 123 224 334 157 237 123 82 142 149 274 231 301 266 211 136 168 190 247 94 190 308 277 295 186 136 175 323 104 304 191 18 192 91 195 71 165 285 141 325 304
 279 236 183 458 325 256 355 461 393 344 1 310 211 477 201 294 310 128 179 43 285 330 236 99 249 294 237 436 426 433 317 412 108 449 339 381 183 195 357 211 72 201 196 147 418 307 375 422 347 417 146 267 325 196 411 389 379 138 315 176 246 352 211 347 367 343 283 231 436 396 30 389 250 345 216 365 339 330 419 304 376 385 190 347 381 364 354 259 346 169 459 395 285 222 285 358 326 339 300 366 81 392 364 330 318 347 231 64 192 235 113 401 454 389 319 383 329 238 314 263 256 82 138 160 369 478 440 266 436 187 164 330 226 287 296 56 225 255 284 180 477 268 422 146 331 143 316 107 315 312 347 340 210 363 339 236 261 97 165 314 304 394 498 362 334 163 358 337 163 146 326 480 371 61 131 369 264 374 353 347 279 478 283 302 430 308 202 175 130 284 243 367 274 256 290 149 80 359 312 171 292 325 79 361 111 241 422 244 315 85 129 89 228 158 215 345 168 369 268 390 271 72 357 401 456 434 54 404 69 176 329 223 319 396 301 343 278 254 95 99
 161 127 258 150 122 55 221 177 110 81 310 1 134 173 167 140 82 230 193 286 51 58 94 254 135 159 129 129 131 126 176 106 250 167 208 80 133 162 173 255 273 121 255 166 119 154 67 137 146 130 165 59 33 221 182 103 73 209 28 162 70 276 107 272 177 254 126 170 168 92 287 86 251 186 122 70 103 245 134 208 241 99 121 177 181 235 84 199 75 205 150 171 107 176 61 172 29 237 229 221 230 101 171 83 250 45 221 278 147 78 205 137 153 115 23 85 61 119 279 173 188 244 174 169 91 177 132 51 134 189 199 231 197 81 218 256 94 171 132 190 168 88 117 168 29 227 170 217 111 136 83 101 134 82 100 139 51 228 155 85 209 87 197 235 35 252 107 77 168 193 35 172 241 281 179 230 185 265 86 184 42 175 63 60 123 153 114 137 192 33 78 129 211 56 30 258 241 162 158 193 172 145 283 91 200 140 127 168 70 253 218 250 190 159 98 94 183 172 44 128 230 250 216 129 148 139 278 95 258 190 67 215 152 134 121 229 205 173 271 251
 221 27 244 268 220 94 168 310 241 138 211 134 1 302 35 89 184 188 182 177 142 181 40 197 44 228 165 258 263 240 121 220 197 299 151 212 48 29 271 256 157 32 249 105 218 105 188 215 248 212 97 129 162 90 300 185 204 169 153 144 69 339 42 334 278 319 197 197 297 202 196 217 273 274 136 167 215 307 266 127 192 230 65 269 287 181 148 237 200 188 272 285 75 197 85 270 137 166 138 176 143 233 272 196 305 177 99 163 20 68 99 264 284 182 152 217 182 28 323 77 84 173 110 52 220 308 259 84 237 184 178 297 217 167 129 165 108 70 203 57 290 61 247 75 161 193 248 105 105 222 141 131 2 160 212 33 87 161 52 106 128 217 328 315 144 229 149 196 137 156 164 289 188 167 102 315 86 202 148 148 127 305 83 100 251 232 46 64 136 102 116 245 111 101 131 226 133 264 237 61 99 235 216 217 111 38 219 60 179 137 94 186 212 113 59 212 54 275 93 254 267 142 300 258 265 272 199 219 182 58 125 92 114 260 92 164 253 71 212 193
 255 290 387 61 188 225 331 68 96 188 477 173 302 1 334 279 179 381 333 457 194 151 264 409 293 242 260 46 58 85 302 97 403 72 325 97 305 331 204 374 445 292 380 331 120 284 117 153 187 147 332 211 153 385 157 152 101 361 163 313 242 325 279 323 199 305 227 291 99 114 452 90 353 228 269 147 160 303 75 342 343 99 291 218 189 343 180 299 138 346 49 162 254 300 220 202 167 357 365 325 397 90 196 159 316 132 378 449 317 250 376 111 27 170 160 95 152 283 350 322 339 406 340 341 117 18 47 222 106 326 343 288 315 200 356 422 253 323 230 358 43 248 57 339 148 373 236 388 239 210 186 211 303 165 159 301 223 389 327 218 343 87 28 269 161 389 199 149 323 346 152 64 345 452 347 259 334 373 182 294 199 4 223 208 53 227 286 307 352 204 235 149 356 223 188 398 412 191 228 362 310 206 439 127 369 300 131 324 170 425 390 408 308 321 269 149 354 191 216 119 322 420 252 102 67 53 440 86 420 359 191 375 277 116 258 346 295 326 425 406
 251 46 260 297 253 128 161 343 275 162 201 167 35 334 1 95 218 199 202 163 176 215 74 203 52 259 194 289 296 268 118 248 205 332 143 245 70 12 303 275 139 61 266 119 244 108 218 237 281 235 111 162 195 56 334 210 237 183 187 166 103 367 74 362 311 348 228 223 331 230 190 250 295 306 164 195 248 336 299 114 183 264 91 301 320 172 172 264 234 206 302 319 93 222 115 303 168 152 118 170 142 266 305 230 333 210 69 146 32 101 94 298 316 204 186 250 216 52 348 66 65 176 123 51 254 340 289 118 264 205 196 326 241 200 111 161 139 58 234 27 319 88 278 83 195 207 279 95 122 254 165 151 35 186 246 40 121 166 62 129 114 249 359 346 174 243 169 230 156 171 197 317 179 150 111 346 70 189 172 147 161 336 112 128 282 263 75 85 148 135 148 279 91 135 165 239 122 297 269 34 94 268 218 251 114 43 244 46 213 120 75 190 237 131 91 246 34 308 127 288 292 130 331 292 294 305 197 250 183 29 152 60 119 294 105 152 280 57 217 199
 277 63 327 231 256 134 89 304 244 92 294 140 89 279 95 1 216 274 262 257 175 197 89 284 47 281 227 235 254 201 40 184 284 296 73 205 133 101 308 335 233 113 329 191 171 18 165 155 282 155 183 169 172 126 321 135 193 254 167 223 112 398 114 393 314 377 247 266 302 166 282 207 346 318 203 132 241 366 264 69 112 233 145 310 319 103 100 303 215 269 238 310 36 268 82 307 125 99 91 93 230 231 308 221 367 177 107 241 106 120 185 274 267 123 162 212 200 65 390 48 65 261 197 138 229 289 233 110 190 262 259 353 289 206 81 252 169 52 253 119 255 62 228 163 166 278 297 188 40 265 94 71 90 116 238 60 120 249 140 63 70 202 305 364 128 313 87 216 219 240 174 248 110 244 190 362 58 131 99 61 159 281 81 82 228 280 123 149 223 116 169 268 79 143 156 312 215 299 285 127 33 276 304 230 199 55 167 58 206 215 169 274 283 196 126 234 128 309 121 266 335 224 347 265 226 262 287 194 270 122 90 106 26 271 22 92 316 54 300 280
 88 187 211 183 41 92 300 152 86 162 310 82 184 179 218 216 1 204 155 297 44 37 149 234 201 82 83 147 123 170 254 154 227 140 286 92 162 210 93 200 292 160 204 167 178 231 120 205 67 197 171 57 58 273 117 174 98 185 57 138 118 196 146 192 98 174 54 115 128 149 283 100 186 105 96 141 33 166 112 283 321 81 142 96 105 315 164 131 42 168 179 102 182 123 136 92 108 314 301 301 232 90 93 21 173 74 281 294 191 118 223 92 154 189 64 90 34 179 203 242 255 234 175 202 63 175 153 110 186 148 166 151 140 24 291 256 92 238 59 236 193 158 131 187 70 196 90 238 191 55 164 182 184 158 31 201 102 217 184 165 284 111 195 153 112 211 187 31 150 171 57 205 320 297 186 149 253 344 165 265 60 180 136 139 144 73 148 158 182 101 76 64 281 84 62 220 257 84 78 236 246 63 264 54 209 203 190 233 15 274 249 234 133 154 130 36 224 94 99 81 160 263 135 92 184 130 268 132 248 235 149 274 231 87 199 307 133 239 249 231
 156 212 68 374 210 181 355 353 289 289 128 230 188 381 199 274 204 1 54 138 192 231 191 33 230 171 123 345 326 354 307 334 25 341 337 288 141 189 234 92 152 162 78 84 348 290 296 361 228 355 92 176 235 227 292 327 289 23 226 70 184 226 163 221 245 216 166 107 325 322 100 296 127 221 113 296 229 203 315 311 378 283 132 223 259 367 297 132 244 43 373 276 250 98 230 235 254 349 316 362 80 292 242 224 192 258 258 148 174 171 118 291 356 333 231 288 230 209 191 261 263 50 79 150 266 378 350 201 363 63 41 203 99 182 309 88 138 254 166 193 389 225 329 117 243 16 192 129 279 193 292 294 187 302 229 220 192 44 139 267 311 304 398 235 262 48 310 233 64 39 235 397 374 149 89 242 268 386 297 334 192 382 228 246 340 186 153 126 53 214 154 253 289 176 204 41 123 239 190 185 286 205 63 257 92 225 355 243 212 145 159 40 101 80 156 238 175 248 198 280 144 123 230 293 374 333 76 319 61 189 272 248 299 285 271 349 150 253 46 31
 103 204 68 331 157 149 348 302 240 260 179 193 182 333 202 262 155 54 1 182 149 185 174 86 222 118 74 299 277 313 298 294 78 290 330 242 135 192 181 75 191 152 69 86 311 279 256 328 175 321 95 136 192 241 239 294 245 42 184 39 159 184 149 179 192 171 113 54 273 283 150 251 96 168 73 262 178 158 265 309 371 235 119 170 206 361 267 83 196 14 329 222 234 45 205 182 219 347 318 354 117 244 188 175 149 215 267 189 173 148 141 239 308 302 190 242 183 199 155 259 264 98 85 157 217 329 305 173 324 10 15 155 50 135 310 132 104 251 113 203 344 207 283 125 202 43 139 154 259 140 263 270 182 270 179 214 163 85 142 243 309 260 349 186 226 60 283 185 47 40 192 354 368 190 101 192 267 383 268 322 152 334 204 219 295 133 141 120 67 183 116 201 291 143 165 67 157 185 137 197 279 152 116 208 114 218 319 241 164 179 181 92 51 72 137 187 185 194 167 228 102 160 179 242 332 284 128 277 111 200 243 258 285 234 255 345 102 252 99 84
 278 201 201 433 317 233 315 446 377 313 43 286 177 457 163 257 297 138 182 1 268 312 206 115 213 292 230 414 408 407 278 386 123 434 298 361 155 158 353 227 30 172 213 131 390 270 350 391 340 387 127 250 305 154 404 359 357 141 295 171 220 363 183 358 363 351 276 231 424 370 51 368 264 344 205 337 328 338 403 263 335 368 166 345 377 323 323 264 330 175 435 387 251 224 256 354 300 298 258 325 69 374 359 316 328 326 189 22 158 210 83 388 435 358 297 364 313 204 328 223 216 88 123 127 353 459 417 240 408 190 168 336 231 274 255 51 208 216 279 141 453 236 401 119 309 153 314 73 281 306 316 307 176 334 327 200 236 98 135 282 263 372 479 367 308 179 325 321 156 145 306 455 330 20 112 372 224 332 323 308 259 458 253 272 408 305 174 150 123 258 226 357 233 234 270 167 47 354 309 132 253 319 104 346 90 204 393 205 300 45 90 101 232 144 190 332 131 364 244 377 280 38 359 387 431 416 75 380 80 137 299 182 281 383 266 302 283 214 116 113
 112 145 212 184 82 49 261 180 110 130 285 51 142 194 176 175 44 192 149 268 1 46 106 219 158 111 81 155 142 165 213 146 213 168 246 98 124 169 135 207 260 120 208 140 165 190 108 186 109 178 141 19 44 231 158 152 99 171 36 123 75 229 105 224 141 207 77 121 161 136 260 106 201 144 79 119 73 197 137 241 282 101 106 136 147 275 134 149 64 162 182 144 141 128 95 134 79 273 259 262 205 108 135 55 201 67 239 262 150 76 190 126 170 164 43 99 46 137 229 199 212 213 148 164 86 194 160 68 177 144 156 183 148 33 249 231 61 195 84 195 199 116 140 153 54 186 124 204 152 91 133 148 142 132 71 158 59 196 147 128 242 114 214 191 85 208 156 57 131 155 44 207 281 266 157 188 211 304 136 226 18 195 96 101 150 107 109 122 160 61 43 104 238 42 23 215 225 126 112 196 204 102 248 80 179 160 174 190 38 240 212 216 141 129 90 71 184 137 56 115 180 232 173 122 184 150 248 129 227 194 115 232 191 121 159 266 156 197 235 215
 125 178 244 149 70 89 278 135 65 133 330 58 181 151 215 197 37 231 185 312 46 1 142 260 189 118 113 115 97 134 234 118 254 124 265 58 168 208 118 235 304 161 238 184 142 211 84 170 92 162 186 64 27 270 125 140 63 211 32 163 113 230 147 226 121 207 90 149 118 113 304 67 222 134 120 108 46 200 92 266 297 56 150 124 124 292 133 167 20 198 145 114 164 157 118 117 80 294 286 277 250 63 116 27 207 38 274 307 191 116 234 84 126 156 36 57 5 170 239 228 243 256 192 207 42 149 121 99 150 179 194 185 175 52 275 275 106 226 95 235 160 143 99 198 37 225 123 248 168 89 134 155 181 126 44 192 94 239 190 141 266 76 170 184 82 243 157 19 173 197 25 171 297 310 202 178 240 322 135 241 57 152 119 117 111 108 151 167 203 86 88 72 267 84 50 251 270 106 111 237 229 95 290 37 224 193 154 222 24 285 255 259 168 173 133 37 226 115 89 74 196 277 164 79 149 105 291 97 270 235 121 267 209 80 179 286 169 228 276 257
 195 40 240 232 186 58 177 270 202 109 236 94 40 264 74 89 149 191 174 206 106 142 1 205 56 200 142 219 224 204 127 184 204 260 160 173 55 69 237 247 189 35 242 109 185 106 151 187 213 182 104 94 123 129 263 155 165 170 114 136 32 315 29 310 244 294 167 178 258 167 218 178 258 243 116 133 178 283 226 145 200 191 59 237 252 190 119 217 161 182 235 249 61 180 51 237 99 181 160 181 161 194 238 159 283 138 134 194 54 35 124 225 245 154 113 178 144 33 303 98 109 186 116 81 181 270 221 45 204 174 173 271 201 133 150 186 83 93 173 97 253 36 208 92 122 193 218 134 89 190 112 108 41 129 176 54 49 172 72 81 145 179 289 286 106 227 125 158 132 155 124 253 197 197 114 285 109 215 119 149 90 266 48 67 213 202 39 68 141 62 86 208 136 66 93 227 160 230 207 100 111 203 229 178 129 57 188 86 142 168 128 196 196 112 38 174 91 241 54 215 248 169 270 219 229 232 216 182 197 97 94 127 112 221 82 176 231 94 222 201
 187 222 87 401 241 203 362 384 319 308 99 254 197 409 203 284 234 33 86 115 219 260 205 1 239 203 154 372 355 379 316 359 10 372 344 315 153 193 266 114 133 174 99 97 371 300 320 382 259 377 103 202 262 223 324 348 316 50 252 97 203 254 177 249 277 245 197 139 356 346 71 324 153 252 141 319 260 232 345 315 384 313 148 255 291 373 316 163 273 75 399 307 264 129 249 267 277 354 318 370 68 321 274 254 220 284 256 128 181 190 114 322 385 353 257 316 259 221 216 267 267 31 90 153 295 407 377 221 387 95 73 232 129 212 312 67 162 259 197 193 416 240 357 123 270 46 223 121 293 225 311 311 196 323 260 228 213 37 146 284 316 331 428 265 284 66 328 263 88 64 262 423 380 128 96 273 272 390 317 343 217 410 246 265 367 218 167 139 66 236 179 284 291 200 230 54 109 270 222 184 293 237 31 286 91 233 378 248 241 130 152 16 133 98 173 268 175 279 219 310 173 107 261 323 400 362 46 346 36 189 291 247 309 316 284 354 181 258 18 5
 250 19 285 252 239 111 127 309 244 114 249 135 44 293 52 47 201 230 222 213 158 189 56 239 1 255 196 248 261 222 78 204 240 300 109 210 90 56 291 296 190 71 289 147 197 62 177 188 266 186 139 148 166 95 313 161 200 211 159 184 86 370 75 365 297 349 222 232 302 185 236 214 310 298 169 150 229 338 267 90 150 233 104 291 304 140 124 271 208 229 258 300 44 233 76 290 129 127 104 134 184 233 292 209 337 177 88 197 60 90 139 271 278 154 156 216 192 25 357 43 55 215 152 92 225 301 248 92 216 223 218 327 253 186 95 206 138 38 228 77 275 48 239 117 163 235 273 143 71 244 117 101 45 138 226 14 100 203 94 81 91 211 320 341 134 270 119 206 178 197 169 271 147 200 145 340 54 163 123 105 141 296 74 86 241 257 83 105 179 105 141 258 82 120 142 269 170 283 262 85 58 257 258 224 153 10 195 34 193 170 125 228 248 154 90 224 83 294 103 261 302 178 325 263 248 269 240 208 224 80 106 83 72 267 54 124 285 40 254 235
 17 239 153 258 56 148 368 198 149 239 294 159 228 242 259 281 82 171 118 292 111 118 200 203 255 1 69 218 186 249 319 234 195 187 353 168 192 249 64 135 295 198 144 171 259 297 201 286 62 278 178 113 139 310 123 255 177 158 136 123 172 119 187 114 74 97 35 65 165 230 266 176 112 53 99 222 85 88 169 343 390 148 170 53 89 382 242 58 117 130 252 107 246 75 203 65 187 377 359 370 225 158 71 94 92 155 326 295 229 166 233 136 217 270 143 164 114 232 122 297 308 214 176 228 131 235 226 172 266 110 132 74 81 79 349 245 121 292 29 270 264 220 203 204 150 159 23 248 261 34 241 258 228 238 87 252 162 199 210 238 344 188 253 88 191 161 265 106 138 150 137 279 388 298 191 89 308 410 244 334 125 242 203 210 217 17 185 181 171 170 115 96 335 139 133 173 260 69 20 268 308 39 233 121 211 256 271 284 96 280 268 209 75 155 170 98 255 78 162 127 81 264 74 143 260 191 245 211 227 268 225 318 299 131 266 372 54 293 215 201
 58 179 132 260 90 98 316 231 168 204 237 129 165 260 194 227 83 123 74 230 81 113 142 154 196 69 1 227 204 243 266 225 147 219 299 170 126 184 125 127 230 134 128 104 245 244 188 265 112 258 111 72 123 243 176 232 174 105 116 61 117 175 124 170 135 156 47 42 203 216 209 179 124 120 31 198 107 144 193 285 338 162 104 118 148 330 210 77 123 87 257 159 195 48 157 126 157 321 299 319 162 171 131 102 142 145 261 231 163 109 166 169 235 242 122 169 111 172 163 237 247 157 110 161 144 257 233 124 256 67 84 133 69 62 290 184 60 231 50 204 272 167 211 136 133 114 90 181 215 77 207 218 164 210 107 192 112 141 142 194 286 188 277 154 164 131 229 112 75 93 122 283 336 233 124 156 248 356 211 285 89 261 156 168 223 78 120 114 109 128 61 132 274 89 100 139 194 125 83 201 251 91 184 135 145 195 254 223 92 214 200 156 62 89 108 115 188 136 115 157 109 200 141 171 261 211 191 207 171 202 188 253 248 163 216 317 90 232 169 151
 229 245 356 44 164 182 291 85 73 144 436 129 258 46 289 235 147 345 299 414 155 115 219 372 248 218 227 1 44 52 260 57 366 82 284 58 261 286 191 346 402 248 350 291 85 241 72 120 169 113 291 172 113 341 155 113 58 324 122 276 198 313 235 310 187 292 198 260 103 72 412 50 328 214 232 103 134 288 65 299 304 72 249 203 180 303 137 273 106 312 35 156 209 269 175 189 122 316 322 286 356 61 183 129 299 90 334 406 273 206 333 101 35 131 118 58 116 238 333 278 295 366 299 297 89 55 10 178 76 293 308 272 286 165 313 382 214 279 202 314 47 203 17 296 106 338 216 345 196 186 143 168 258 122 132 256 180 349 284 173 300 43 72 259 116 356 158 117 285 309 112 62 306 409 306 249 290 334 139 254 158 48 178 163 8 205 243 265 313 159 195 132 313 181 147 365 369 176 206 318 266 185 402 99 327 255 97 279 136 382 346 370 279 282 226 121 309 179 173 104 299 378 240 89 48 46 401 42 380 314 146 330 234 103 214 305 272 281 388 369
 198 255 330 86 131 179 319 51 39 167 426 131 263 58 296 254 123 326 277 408 142 97 224 355 261 186 204 44 1 93 283 92 348 45 310 52 259 292 151 317 398 249 323 280 122 263 91 158 132 151 282 160 105 350 113 145 62 306 115 258 198 273 235 271 147 253 170 234 62 103 400 48 296 175 215 127 103 250 23 321 334 43 244 164 139 332 162 242 83 290 76 114 225 243 185 149 133 342 344 315 346 35 144 103 262 87 347 402 276 205 328 59 32 164 114 47 98 247 296 294 311 352 289 297 61 54 52 180 116 270 287 234 258 144 334 371 202 294 173 319 84 214 35 292 103 318 181 342 217 153 167 192 263 148 102 267 179 335 282 192 322 54 74 219 128 332 185 93 269 292 104 102 335 405 297 209 306 363 164 281 150 58 188 177 47 171 241 260 299 163 184 94 331 175 140 342 364 137 172 322 286 150 385 70 319 267 135 293 115 378 346 354 251 269 223 92 313 139 173 64 266 372 200 48 90 10 387 69 367 320 165 342 257 63 233 332 238 296 370 352
 257 223 375 31 196 179 247 136 115 111 433 126 240 85 268 201 170 354 313 407 165 134 204 379 222 249 243 52 93 1 221 22 374 133 242 82 253 267 231 368 391 236 370 290 36 205 60 70 207 63 289 179 122 316 203 69 73 333 130 285 188 352 225 349 229 330 223 281 154 39 411 75 355 252 243 74 166 325 113 261 259 110 244 241 224 259 102 300 132 326 39 201 181 289 155 229 108 274 285 241 354 99 224 155 335 100 305 396 257 199 325 146 85 86 124 87 137 217 368 247 264 369 299 284 123 100 45 168 24 308 320 309 308 184 275 380 218 249 228 294 55 181 59 289 112 349 250 336 162 217 109 131 240 86 164 232 173 353 273 143 262 62 112 300 100 372 117 143 292 317 122 50 261 400 303 291 257 289 103 211 163 88 158 141 48 236 233 259 316 150 201 171 278 181 151 379 361 216 239 299 231 219 408 132 323 230 47 251 157 371 331 375 301 284 219 153 292 221 166 147 328 370 281 134 27 97 403 39 383 295 118 302 196 148 181 263 301 251 396 375
 316 97 362 250 294 173 51 334 277 117 317 176 121 302 118 40 254 307 298 278 213 234 127 316 78 319 266 260 283 221 1 207 317 326 34 236 167 126 346 372 252 148 366 224 189 24 193 166 320 168 217 208 208 134 357 153 224 289 203 260 151 437 151 432 351 415 286 304 334 189 307 238 384 356 242 158 278 405 295 41 74 266 181 348 356 64 124 342 250 306 259 346 74 306 119 345 158 61 65 56 258 263 345 257 406 211 106 260 136 159 211 308 293 138 198 244 237 100 428 56 66 291 230 166 263 314 257 148 207 299 295 392 327 245 56 278 208 63 292 138 275 101 255 194 201 313 335 212 68 303 118 93 122 139 275 89 159 280 171 95 42 231 329 403 160 348 105 252 255 275 210 265 71 263 221 400 58 92 122 31 197 305 119 118 253 318 159 183 256 154 208 304 65 182 193 346 238 336 324 147 26 315 334 265 228 84 182 74 244 234 190 304 322 231 164 270 150 346 159 300 373 247 385 298 246 291 314 220 299 142 120 108 27 305 56 54 355 65 331 312
 242 203 356 50 182 159 235 139 107 93 412 106 220 97 248 184 154 334 294 386 146 118 184 359 204 234 225 57 92 22 207 1 354 135 229 70 232 247 220 350 371 216 352 270 31 189 40 67 196 59 269 160 103 297 197 57 59 313 111 266 168 340 204 337 219 318 207 263 153 19 390 64 339 241 223 55 153 312 111 246 249 100 223 230 215 247 85 284 118 306 55 194 162 271 135 218 88 261 270 230 333 91 214 140 322 82 287 376 236 178 304 140 91 75 105 76 121 197 354 229 246 349 279 263 111 110 52 147 33 289 301 296 290 167 260 359 198 231 212 274 73 161 58 269 93 330 237 315 145 203 91 115 220 69 150 213 152 332 253 125 247 51 124 289 80 353 103 129 272 297 104 70 251 379 283 281 240 279 87 198 144 100 138 121 51 222 213 238 296 129 181 162 262 161 131 360 341 206 225 279 215 206 387 120 302 211 45 233 141 350 311 355 283 264 198 140 272 212 145 139 313 349 270 128 47 97 383 27 362 275 99 284 181 141 164 250 286 233 376 355
 179 222 79 395 233 199 363 376 312 305 108 250 197 403 205 284 227 25 78 123 213 254 204 10 240 195 147 366 348 374 317 354 1 364 345 309 152 195 258 106 140 173 91 96 367 300 316 379 251 373 102 197 256 227 316 345 311 43 247 91 200 245 176 240 268 236 190 130 348 341 80 318 144 244 135 315 253 223 338 317 386 306 146 247 283 374 314 154 267 66 394 299 263 121 246 259 273 356 321 371 73 315 265 247 211 279 259 136 182 188 118 314 379 350 252 310 252 220 207 268 269 38 89 155 289 401 372 218 382 86 65 223 121 205 314 74 157 260 190 196 411 239 351 124 264 37 215 126 292 217 309 309 196 320 253 228 210 40 147 282 318 325 421 256 281 58 325 256 83 59 256 418 382 136 96 264 274 392 314 344 212 404 244 262 362 210 166 138 64 232 174 277 293 196 225 46 115 262 213 188 294 228 39 280 93 234 374 249 235 136 156 23 124 95 171 261 178 271 216 303 164 114 252 316 395 356 55 340 44 192 289 250 309 309 283 356 172 260 23 10
 201 292 337 120 135 210 362 13 60 210 449 167 299 72 332 296 140 341 290 434 168 124 260 372 300 187 219 82 45 133 326 135 364 1 353 92 290 327 140 321 427 282 329 305 164 306 135 200 127 193 308 186 138 387 87 188 104 323 148 277 232 257 268 256 133 238 178 243 28 147 422 90 295 164 234 171 113 238 34 363 378 70 273 154 122 375 205 243 106 303 109 94 266 252 224 138 173 385 386 358 370 67 131 120 251 124 386 430 311 238 357 52 54 207 148 85 123 285 286 335 351 373 313 329 83 58 89 216 157 282 302 222 264 163 376 395 227 334 180 355 111 253 78 320 139 332 176 371 259 156 210 235 299 192 113 305 213 356 313 234 364 97 71 201 169 342 228 114 289 310 137 131 379 433 323 190 347 406 207 324 179 70 227 217 87 170 273 289 321 199 209 92 372 206 171 353 392 127 170 357 328 149 402 89 345 305 177 333 136 408 378 373 258 293 255 105 347 125 207 63 263 399 185 49 125 39 407 112 387 355 208 381 300 58 275 375 236 336 386 369
 350 128 394 271 326 206 19 360 306 144 339 208 151 325 143 73 286 337 330 298 246 265 160 344 109 353 299 284 310 242 34 229 345 353 1 264 198 152 378 404 271 179 397 254 208 57 220 182 352 185 246 241 239 148 388 174 252 319 235 292 184 470 183 465 383 449 319 337 363 213 331 265 417 389 274 184 309 438 322 39 42 295 212 381 387 32 149 375 281 337 280 377 107 339 152 377 189 33 56 28 284 291 377 289 439 241 116 279 164 192 236 337 318 157 230 272 268 132 461 79 83 318 259 192 293 338 280 182 226 331 327 425 360 278 52 303 241 87 325 160 295 134 281 222 231 343 368 236 99 336 144 119 152 164 307 119 192 308 199 125 39 258 352 436 190 378 127 283 286 305 241 283 39 282 250 433 76 59 147 32 230 328 151 149 277 351 191 213 286 186 241 336 70 215 226 376 261 368 357 169 52 347 360 295 255 114 200 98 276 255 211 332 354 262 196 301 174 378 192 330 406 269 418 327 266 317 340 245 325 164 149 121 57 335 88 23 388 87 359 340
 177 203 300 92 115 129 274 101 44 122 381 80 212 97 245 205 92 288 242 361 98 58 173 315 210 168 170 58 52 82 236 70 309 92 264 1 210 240 151 291 350 199 295 235 99 215 49 132 127 124 236 115 57 298 133 109 15 267 67 219 148 271 185 268 151 249 144 205 100 72 356 10 276 172 175 84 85 244 60 273 291 34 196 161 148 288 118 221 52 255 88 128 175 214 134 150 82 295 295 271 301 28 146 75 254 36 296 353 225 155 280 78 75 128 64 9 60 196 287 244 260 310 244 247 43 99 64 129 101 236 251 228 231 109 285 326 157 243 149 268 103 163 43 243 53 281 169 293 169 136 122 147 212 106 83 215 129 293 232 143 274 21 120 220 78 300 142 63 228 252 56 114 292 357 251 212 256 319 120 236 103 99 136 126 54 156 191 212 257 111 139 93 281 127 92 308 316 137 158 271 237 138 345 51 273 215 112 242 80 330 296 313 224 225 174 72 262 143 122 74 248 324 201 66 94 61 345 44 324 269 117 291 210 77 184 286 221 245 331 312
 183 72 197 279 193 82 215 301 232 163 183 133 48 305 70 133 162 141 135 155 124 168 55 153 90 192 126 261 259 253 167 232 152 290 198 210 1 60 241 209 141 22 201 58 236 150 196 240 220 236 51 107 155 119 278 208 205 122 145 98 65 298 29 292 249 279 163 154 284 216 163 217 227 241 95 183 194 267 258 175 239 222 23 237 259 228 172 194 186 141 281 262 112 152 104 241 145 213 184 222 107 226 244 178 263 174 138 146 40 56 73 249 284 208 147 214 169 69 279 124 130 132 64 40 209 308 264 86 254 138 130 258 172 141 175 132 74 117 168 79 299 90 248 38 158 146 213 85 142 191 166 162 48 182 192 80 83 118 24 135 175 219 328 278 153 181 179 180 90 108 156 301 235 149 60 280 133 249 172 193 112 307 101 120 255 198 20 17 90 104 88 225 157 85 120 180 110 236 204 77 147 205 175 203 75 85 240 107 160 121 89 143 168 65 37 194 65 248 90 238 223 118 265 245 277 268 162 226 143 77 148 129 158 245 132 211 211 117 169 149
 241 46 250 295 245 121 170 338 269 163 195 162 29 331 12 101 210 189 192 158 169 208 69 193 56 249 184 286 292 267 126 247 195 327 152 240 60 1 295 264 135 52 255 109 244 114 216 239 272 236 100 154 190 63 326 210 233 173 181 155 97 357 66 351 302 338 219 213 325 229 183 246 285 297 154 194 241 326 294 123 192 259 81 292 312 181 173 253 227 196 300 312 95 211 113 294 165 162 129 179 133 261 297 223 323 206 79 142 22 94 86 292 313 206 181 246 210 51 338 75 75 167 112 41 248 337 287 113 263 195 185 316 230 192 121 153 129 67 225 29 318 87 275 73 190 197 270 88 125 245 166 153 29 186 239 43 115 157 51 130 124 246 356 336 171 233 171 223 146 160 192 316 188 145 101 337 80 199 172 155 154 333 110 127 279 254 66 74 138 130 140 272 101 128 159 229 115 289 260 33 102 259 209 245 104 47 244 56 206 116 71 181 227 120 82 239 29 300 121 281 282 124 321 286 292 300 189 247 174 30 151 70 125 287 109 162 270 66 207 189
 80 277 212 233 53 181 392 149 118 250 357 173 271 204 303 308 93 234 181 353 135 118 237 266 291 64 125 191 151 231 346 220 258 140 378 151 241 295 1 192 355 243 202 229 249 323 194 281 28 273 235 144 145 357 63 254 163 221 146 184 207 123 230 121 11 102 80 128 114 221 328 158 161 25 153 223 73 100 131 375 413 122 219 15 26 406 250 114 108 193 225 49 274 138 228 3 197 406 393 393 286 133 10 92 113 152 369 355 274 205 290 94 180 271 152 145 115 269 148 332 345 276 234 279 110 193 199 201 251 173 195 84 142 106 382 307 167 328 77 318 234 250 177 258 155 222 45 305 282 51 251 272 270 243 76 290 193 261 261 257 375 171 209 70 199 222 275 101 199 212 142 251 412 358 249 62 344 436 252 356 151 203 229 231 191 50 230 232 232 194 156 60 371 172 154 235 319 15 46 317 338 37 296 102 270 293 262 322 104 339 322 272 137 213 213 85 304 16 190 88 127 324 51 104 236 154 308 194 290 317 238 361 323 90 291 399 103 330 278 264
 121 278 29 382 188 217 421 332 280 328 211 255 256 374 275 335 200 92 75 227 207 235 247 114 296 135 127 346 317 368 372 350 106 321 404 291 209 264 192 1 243 226 16 157 370 352 313 391 196 384 166 197 248 311 254 357 297 98 241 113 230 145 222 140 201 140 149 88 299 342 184 300 42 171 139 324 215 129 302 383 445 277 193 178 216 435 334 79 241 70 378 239 306 80 276 193 283 421 391 427 170 287 200 218 114 269 339 239 247 220 205 270 349 367 248 289 232 273 104 332 337 140 155 228 259 368 353 242 382 74 81 133 61 185 383 178 173 325 146 274 392 279 330 196 259 78 149 217 331 166 331 339 255 335 216 288 231 135 214 314 383 310 387 168 289 49 352 230 120 106 247 404 442 240 169 178 341 457 335 395 214 374 274 289 343 152 214 193 132 250 182 230 364 210 226 63 214 201 153 268 353 173 134 249 178 292 380 315 212 236 246 127 68 145 210 227 256 207 235 260 71 214 170 276 383 323 158 330 148 270 311 329 359 265 328 419 91 325 117 115
 282 180 218 418 315 221 288 438 369 294 72 273 157 445 139 233 292 152 191 30 260 304 189 133 190 295 230 402 398 391 252 371 140 427 271 350 141 135 355 243 1 156 229 128 372 245 336 371 340 368 122 242 294 126 402 341 345 151 284 173 205 374 168 368 364 361 276 237 418 354 77 357 278 348 204 320 323 348 395 236 308 360 155 347 377 296 304 272 322 185 421 386 229 230 238 355 285 270 230 298 75 365 360 310 338 314 161 9 138 196 71 383 424 338 286 353 305 183 341 197 189 104 121 109 345 448 404 226 391 198 177 344 240 269 227 67 201 190 279 116 439 217 389 108 298 166 317 58 259 306 297 286 156 315 322 177 223 110 119 262 236 360 468 373 292 196 305 315 158 152 295 440 303 12 108 378 197 304 303 282 250 447 236 254 396 307 160 139 127 244 219 353 205 224 259 185 37 354 311 107 228 320 128 339 86 181 374 180 293 22 65 118 240 143 177 326 107 365 230 371 291 32 364 380 416 407 99 366 99 112 281 154 257 377 243 274 291 188 137 131
 191 52 216 264 194 73 197 293 224 144 201 121 32 292 61 113 160 162 152 172 120 161 35 174 71 198 134 248 249 236 148 216 173 282 179 199 22 52 243 226 156 1 219 79 219 130 181 221 221 217 72 104 145 114 276 189 193 142 136 114 52 308 15 303 251 289 168 166 278 199 183 205 242 245 105 166 191 277 249 158 220 214 35 240 260 209 153 206 180 159 266 261 91 166 85 243 130 196 169 203 127 217 246 174 274 163 129 161 32 46 90 244 273 189 136 203 162 49 292 108 115 153 85 49 201 297 250 71 237 154 149 267 186 141 160 151 78 101 173 77 284 69 236 58 147 166 218 100 121 194 147 142 31 163 189 62 71 139 38 115 158 207 317 285 138 201 159 175 108 128 147 285 217 164 81 286 117 232 153 173 106 294 82 101 242 203 15 37 111 90 88 222 142 79 112 200 126 238 208 77 128 207 196 197 95 67 222 92 156 135 98 164 181 84 31 190 66 249 77 233 236 135 270 239 261 258 182 212 164 76 129 120 138 239 111 193 222 102 190 170
 129 271 14 386 195 215 415 340 285 326 196 255 249 380 266 329 204 78 69 213 208 238 242 99 289 144 128 350 323 370 366 352 91 329 397 295 201 255 202 16 229 219 1 148 371 346 315 391 204 384 157 197 250 300 264 357 300 87 243 107 226 160 216 155 212 154 154 91 307 343 169 303 57 182 137 324 221 143 308 375 438 282 186 188 227 428 332 89 245 61 382 248 301 82 272 203 282 413 383 421 157 292 210 223 129 271 329 225 238 215 194 278 354 366 249 293 236 266 119 325 329 126 145 218 264 374 357 239 383 69 72 147 66 188 375 164 170 317 151 264 396 274 334 186 260 65 158 205 327 174 329 336 248 334 222 280 229 121 205 310 375 314 393 182 289 35 349 234 112 96 249 408 435 226 159 191 333 450 333 389 214 380 271 286 347 160 208 186 121 248 180 238 355 208 226 48 201 210 161 257 346 181 119 254 166 285 381 307 216 222 234 113 73 137 205 232 245 217 233 267 84 200 182 283 387 329 143 333 134 260 309 319 353 272 323 411 102 317 102 100
