NAME : domp240p120v1
COMMENT : (Deleplanque et al.) 
TYPE : DOMP
DIMENSION : 240
DISPLAY_DATA_TYPE: NO_DISPLAY
OPEN_FACILITIES : 120
COST_SECTION
 1 129 31 188 127 286 239 221 44 243 262 49 82 97 135 175 149 170 160 173 174 91 102 295 174 257 205 84 204 91 116 182 202 219 309 187 85 310 273 66 178 272 128 144 141 48 150 204 178 114 65 296 133 121 199 105 124 196 314 161 284 128 150 187 310 129 91 290 249 180 168 157 278 59 139 340 269 163 213 266 270 138 211 18 130 94 66 122 258 99 182 292 262 294 184 144 98 191 75 95 288 85 155 172 147 67 165 288 273 78 88 164 190 202 232 241 26 175 219 325 111 167 262 252 127 250 169 95 155 87 193 66 50 204 196 205 289 79 122 75 154 169 199 273 285 324 242 153 178 230 197 103 214 277 316 207 85 115 172 242 227 40 138 92 118 234 83 144 114 198 212 96 135 143 198 143 232 66 197 159 106 174 103 126 211 137 293 167 54 60 155 67 169 79 257 220 259 160 131 203 185 59 197 126 325 175 89 163 110 131 139 298 292 207 163 183 298 237 103 168 258 262 110 256 177 243 136 163 107 81 257 163 270 176 283 158 276 72 184 296
 129 1 157 135 223 413 361 346 92 303 389 169 67 49 11 246 171 284 288 300 302 129 53 354 129 367 264 99 235 133 226 307 316 255 437 241 195 438 368 187 110 347 150 82 252 83 253 329 302 195 167 359 192 151 132 25 212 315 437 283 353 173 171 309 437 157 74 361 330 264 268 126 397 187 204 393 396 243 226 388 366 209 212 126 151 38 186 25 335 62 290 419 390 421 256 272 73 203 158 223 407 62 221 201 223 64 267 416 309 191 112 290 248 234 259 368 104 302 341 388 195 91 381 378 253 377 294 55 163 86 150 191 109 266 94 194 389 110 246 202 276 218 321 378 412 452 265 157 246 329 159 120 268 360 443 268 149 50 299 369 329 141 218 191 143 268 64 259 184 273 210 76 262 191 285 129 248 190 175 261 139 220 54 208 111 179 400 84 127 187 248 179 106 126 368 339 320 219 169 328 293 185 281 233 452 281 215 280 146 190 258 420 345 305 238 275 387 269 227 167 360 375 34 369 153 371 258 283 63 70 286 273 380 226 371 254 402 112 235 424
 31 157 1 203 124 257 209 191 74 228 232 23 112 122 164 159 149 141 133 146 146 96 132 278 188 229 210 99 198 95 90 158 186 211 281 176 60 281 248 53 196 252 132 164 128 76 142 174 148 99 49 279 143 141 216 133 106 177 283 131 265 142 151 157 281 130 112 271 228 178 160 170 248 34 147 324 242 164 211 236 245 125 212 34 134 122 37 149 238 129 169 264 234 265 167 116 127 191 66 67 259 115 141 169 131 96 156 259 262 71 99 134 176 195 226 213 56 146 189 307 95 188 233 226 97 220 145 125 159 115 205 45 65 209 219 209 263 104 101 48 133 159 177 246 256 296 236 158 182 205 207 112 200 255 287 192 83 139 143 216 200 37 121 91 139 226 107 129 123 180 214 116 108 137 195 153 229 50 204 134 110 165 133 130 233 152 265 188 59 38 133 63 187 101 228 190 243 149 147 173 172 39 176 100 296 163 59 133 130 142 122 268 277 182 165 160 274 230 73 173 231 233 140 227 186 214 107 133 137 104 249 150 241 186 260 134 246 97 193 268
 188 135 203 1 313 431 356 354 181 219 402 199 181 112 128 187 96 272 322 337 333 113 178 263 16 335 377 106 139 115 220 356 388 158 455 166 202 455 314 252 29 272 92 56 328 152 337 337 311 168 177 269 302 270 21 138 184 379 433 287 272 288 94 311 458 100 102 281 264 363 355 36 383 235 312 292 430 344 116 382 314 163 96 174 91 130 211 114 263 186 369 447 418 440 196 308 196 99 156 261 389 178 166 116 178 158 352 434 204 266 105 307 176 140 154 398 173 331 338 297 171 47 365 419 276 389 344 176 78 203 19 247 140 378 76 73 341 221 302 247 335 146 378 338 426 470 156 73 354 286 28 94 186 292 461 193 135 95 329 409 292 168 179 277 263 166 116 330 288 211 92 97 302 130 383 55 136 251 52 234 105 145 180 307 74 296 362 56 146 240 214 254 31 234 339 329 235 156 286 338 372 241 228 222 461 362 242 276 262 300 323 410 250 264 342 233 325 165 249 70 318 349 162 344 40 390 267 285 191 114 178 350 349 342 308 223 412 219 351 450
 127 223 124 313 1 253 249 218 138 342 239 141 158 210 233 274 271 217 138 140 150 216 175 389 299 297 96 210 320 216 189 123 101 333 272 295 170 274 335 75 300 356 253 265 42 163 32 207 190 218 170 389 63 101 322 202 221 107 305 189 371 81 273 206 269 252 213 376 329 56 45 283 291 104 54 436 215 44 334 270 331 244 335 143 255 200 143 228 342 167 71 244 217 257 280 128 158 313 189 115 303 162 260 291 247 166 45 253 382 54 214 170 294 318 348 199 141 155 233 414 214 287 280 191 147 232 114 171 280 142 319 88 177 94 309 330 341 116 80 105 88 281 122 319 257 284 358 278 68 292 323 229 318 353 278 308 206 231 153 184 283 158 237 37 107 347 201 55 52 291 336 218 118 259 72 269 352 79 323 231 230 286 175 29 325 86 333 285 178 96 238 63 291 100 293 242 355 269 90 204 72 91 281 199 298 60 135 202 97 63 66 300 391 274 49 261 364 351 144 293 310 293 193 288 303 217 173 194 170 201 370 56 306 87 352 237 255 113 91 248
 286 413 257 431 253 1 92 78 326 307 31 247 363 376 419 274 343 165 129 119 114 322 383 327 416 158 326 341 347 319 211 130 179 345 25 306 232 26 220 236 433 280 340 407 212 331 231 95 121 265 260 321 314 346 448 389 251 161 71 144 298 331 345 123 28 333 361 296 257 273 235 396 102 229 306 365 53 281 376 80 215 277 391 289 342 378 231 404 272 378 205 34 40 10 271 144 373 369 278 192 111 366 282 340 266 351 229 5 364 244 334 127 298 344 363 55 311 113 103 331 262 431 110 77 162 44 140 376 361 358 426 227 314 322 467 402 203 337 183 213 166 310 139 180 13 41 373 364 305 201 423 341 310 259 31 295 298 391 116 78 187 279 261 260 349 354 360 199 300 266 395 364 155 311 267 376 380 232 409 208 327 316 383 281 479 337 174 434 299 230 230 253 425 326 151 117 309 295 339 94 206 233 244 211 46 215 201 157 338 314 188 85 340 206 290 225 244 359 189 374 188 140 394 140 400 44 165 147 385 355 371 206 155 334 245 221 27 331 335 34
 239 361 209 356 249 92 1 36 282 216 64 193 320 318 365 187 264 84 112 114 102 253 340 237 341 72 337 276 260 249 140 144 208 257 112 218 168 111 133 207 362 189 264 340 214 279 236 43 64 189 196 231 304 326 375 337 172 187 79 79 208 316 266 53 118 257 299 206 166 285 247 322 43 188 300 276 125 287 290 29 128 196 306 237 266 324 176 347 181 337 225 122 106 101 183 122 334 285 211 153 56 322 198 257 183 303 240 96 273 221 268 82 210 257 274 100 263 97 21 243 186 363 34 135 116 54 146 333 282 321 349 193 255 334 401 319 121 305 170 174 169 226 166 96 83 127 284 286 312 110 345 271 220 170 117 205 228 331 98 130 96 221 180 243 327 264 302 202 287 176 311 301 132 230 286 302 292 201 328 124 255 230 340 274 411 325 98 367 237 192 146 226 354 296 65 28 218 211 324 45 227 197 154 136 108 231 151 83 316 304 187 61 249 115 294 137 159 269 137 294 100 57 347 55 322 71 104 78 344 296 281 218 73 334 158 137 67 298 338 123
 221 346 191 354 218 78 36 1 263 236 49 178 301 306 352 197 266 88 81 81 69 247 321 262 340 104 304 268 270 244 135 109 173 269 102 229 158 102 163 182 358 215 263 333 181 264 204 19 46 189 187 256 275 300 372 323 173 152 94 68 234 288 268 45 106 256 289 233 190 252 214 320 75 167 270 303 98 254 299 53 158 200 314 221 265 310 161 335 206 318 190 101 80 88 195 92 314 291 204 130 88 304 205 263 188 286 207 82 292 194 261 58 222 267 288 69 246 64 32 271 185 357 68 104 95 36 112 314 283 300 349 170 243 301 394 324 154 282 139 152 136 233 131 129 73 117 298 287 279 134 346 266 235 198 108 220 223 320 66 98 120 208 184 215 302 279 290 169 258 191 318 292 103 234 252 300 304 176 331 131 251 239 322 244 406 296 133 360 227 170 152 201 350 272 98 48 240 218 296 19 192 174 170 134 109 197 133 80 290 275 154 84 273 134 261 150 191 284 120 297 130 92 330 88 323 44 91 70 325 285 297 184 107 303 187 144 59 275 307 104
 44 92 74 181 138 326 282 263 1 274 303 92 39 73 101 208 164 213 199 211 213 105 59 327 168 300 198 86 225 107 158 216 226 242 349 215 126 350 313 96 164 308 142 129 162 31 166 247 221 148 103 329 123 97 187 69 161 224 356 204 318 111 165 230 349 145 80 325 286 185 182 154 321 98 132 370 306 165 228 309 311 170 223 51 143 64 109 92 294 56 202 330 301 334 217 183 55 205 106 135 332 41 185 191 180 30 180 328 297 100 95 206 219 223 253 279 24 214 262 358 145 150 306 287 169 291 203 52 166 46 189 101 62 199 172 212 330 48 155 114 185 194 229 315 326 364 262 162 175 271 194 111 242 315 356 238 110 94 212 278 268 75 172 103 92 257 65 168 109 233 223 85 173 167 205 145 250 99 200 200 121 199 60 128 188 120 335 148 77 98 193 88 156 56 300 263 291 189 111 245 204 95 234 167 367 193 132 206 88 121 167 341 322 247 163 221 337 260 146 177 299 305 69 299 178 284 180 206 64 67 279 184 312 164 322 197 317 43 174 335
 243 303 228 219 342 307 216 236 274 1 279 207 304 256 301 70 135 157 258 272 260 178 315 53 210 161 434 207 81 175 155 303 363 65 327 63 174 327 113 269 240 56 154 238 329 251 349 225 210 130 180 57 370 364 238 289 123 345 278 191 54 369 136 198 334 147 231 63 60 395 367 198 222 240 373 98 332 385 109 234 116 106 131 228 154 273 201 280 51 319 362 335 315 317 63 252 323 121 170 233 222 303 90 107 98 275 361 311 58 291 194 221 57 80 76 302 253 255 207 87 134 251 207 335 215 267 297 309 148 319 204 255 215 433 290 153 142 319 282 238 305 86 331 150 298 341 82 155 406 109 196 184 36 80 332 38 166 255 254 326 123 205 108 314 360 62 244 323 350 53 136 228 255 114 407 184 98 264 171 121 166 84 317 354 291 379 172 259 199 247 107 286 235 322 167 191 18 87 373 227 365 252 70 146 319 361 210 172 353 369 309 251 51 103 388 92 114 66 204 152 133 180 310 177 180 279 189 185 326 237 70 346 171 412 99 111 282 313 420 337
 262 389 232 402 239 31 64 49 303 279 1 222 340 350 394 244 314 135 108 102 94 294 360 300 387 133 319 314 317 291 182 119 176 316 54 276 204 54 195 216 405 253 311 380 200 306 220 66 92 236 232 294 300 329 420 365 221 156 68 116 271 315 316 93 58 304 334 269 229 265 227 367 82 206 293 339 65 271 346 58 190 247 361 264 313 353 205 378 245 356 199 58 47 40 241 123 351 339 250 168 93 343 252 311 236 327 220 35 335 225 307 100 268 314 334 51 287 91 73 306 233 403 86 82 137 14 127 354 331 337 397 206 287 315 440 372 180 317 166 190 153 281 134 156 25 70 344 335 296 173 394 313 280 233 60 265 270 365 94 80 159 253 231 243 332 324 334 187 284 236 365 337 134 281 262 348 351 211 379 178 299 286 361 267 452 322 152 406 272 207 200 233 397 306 126 88 281 266 324 65 200 211 214 182 65 208 175 128 321 300 174 73 312 177 279 195 220 329 163 344 162 116 371 115 371 24 137 118 363 329 341 197 131 323 220 192 16 311 325 60
 49 169 23 199 141 247 193 178 92 207 222 1 130 129 174 138 136 122 127 141 140 89 149 257 184 209 229 98 181 87 69 158 193 193 271 156 38 272 227 67 195 230 121 165 140 87 155 161 134 79 31 258 164 163 214 146 85 182 269 115 243 164 138 141 273 118 115 249 206 195 174 165 232 41 167 303 237 182 196 221 224 105 199 44 123 133 18 158 216 147 179 257 228 256 146 111 146 177 52 63 242 132 121 153 110 111 169 250 243 87 95 122 156 178 208 207 71 139 174 285 75 189 216 223 86 209 146 142 148 135 200 56 68 228 223 198 242 125 106 49 137 141 180 225 245 287 219 148 201 183 201 107 180 233 278 171 71 145 136 213 179 33 100 110 161 208 114 139 144 158 201 119 104 120 210 147 213 63 195 112 100 147 149 149 236 174 245 191 56 48 111 81 186 123 209 173 222 130 169 160 182 51 154 78 285 175 48 115 151 163 129 253 256 160 184 138 252 211 60 162 210 214 155 208 178 205 91 116 155 109 231 161 222 206 238 112 235 118 214 261
 82 67 112 181 158 363 320 301 39 304 340 130 1 70 76 239 184 251 235 246 250 128 21 356 171 338 202 103 248 131 195 249 253 266 386 243 163 387 349 130 160 340 161 126 188 54 188 285 259 181 139 359 128 90 184 48 195 253 394 242 349 111 185 268 385 166 88 357 319 198 202 160 360 136 139 399 341 177 247 347 347 201 238 88 163 53 147 75 327 18 226 366 336 370 249 219 20 223 139 173 370 5 215 213 212 30 202 365 322 129 115 244 248 246 275 315 60 251 301 388 178 143 344 321 207 329 236 15 183 23 192 137 90 203 156 224 367 45 188 151 216 221 260 352 363 400 283 178 182 307 199 129 270 349 392 267 139 87 248 312 305 110 205 126 83 281 71 196 119 265 238 92 209 193 219 155 269 133 210 236 143 225 22 142 173 118 373 139 107 134 228 118 153 61 337 301 320 217 108 283 228 131 268 204 404 216 170 244 84 126 197 380 350 283 173 257 372 283 184 191 336 343 36 337 187 321 218 244 26 76 302 209 350 165 357 233 354 47 174 370
 97 49 122 112 210 376 318 306 73 256 350 129 70 1 50 198 126 239 253 267 266 81 70 308 102 320 267 51 191 85 181 277 296 210 400 194 151 400 320 161 93 299 104 58 232 50 237 288 261 148 123 312 192 158 117 35 165 291 395 241 305 177 126 267 401 111 26 314 282 257 254 92 353 153 202 347 363 237 185 346 318 161 173 89 105 20 146 31 287 77 273 384 355 384 208 237 86 161 111 187 362 67 173 156 175 47 252 378 265 169 64 250 201 190 216 334 74 266 298 342 148 78 336 347 214 337 264 67 121 92 124 161 64 268 101 158 342 110 218 168 249 171 294 331 374 415 223 115 245 281 130 73 221 312 406 221 101 21 263 337 282 98 170 175 151 224 17 237 179 225 172 29 228 144 277 90 207 162 142 214 91 174 72 200 117 185 353 75 82 155 200 157 86 123 322 295 273 172 175 288 275 154 233 187 413 264 176 237 151 190 234 377 300 257 234 227 339 225 188 127 313 329 59 323 119 333 217 241 83 23 243 254 334 231 323 207 363 109 240 389
 135 11 164 128 233 419 365 352 101 301 394 174 76 50 1 246 169 288 295 307 308 129 63 352 122 370 274 100 232 133 229 314 325 252 443 240 199 444 369 195 102 346 148 76 260 89 262 334 307 197 171 357 202 161 124 33 214 323 442 288 352 183 168 313 444 156 74 360 330 274 277 120 401 193 214 390 403 252 221 393 367 209 207 132 148 43 192 22 334 72 300 426 397 427 256 278 83 199 160 229 410 72 221 198 224 72 276 422 306 199 112 295 247 231 255 375 111 309 345 387 197 83 385 386 259 382 302 65 160 96 143 199 112 276 84 188 391 120 254 209 284 217 329 380 418 458 261 153 256 331 152 119 266 360 450 267 150 47 306 376 332 145 219 200 153 264 66 267 194 273 205 75 269 190 295 125 244 197 169 263 138 219 64 217 101 189 403 76 130 194 250 187 98 136 371 343 318 218 179 334 302 192 282 236 458 290 220 285 156 200 266 425 343 307 248 277 388 265 233 163 362 378 44 372 147 377 263 288 73 72 283 282 383 236 372 256 408 122 245 431
 175 246 159 187 274 274 187 197 208 70 244 138 239 198 246 1 92 111 202 217 207 118 253 121 175 152 366 148 74 114 91 246 302 74 296 33 106 295 129 201 202 103 104 192 264 186 283 183 163 62 112 122 301 296 207 229 55 286 259 140 111 300 94 155 301 96 173 119 85 328 301 159 205 172 304 166 289 317 104 210 129 40 121 161 105 213 132 225 90 255 298 297 274 283 11 194 258 101 103 168 209 239 26 75 30 212 296 277 111 222 135 169 26 71 92 258 186 202 172 151 66 209 188 287 155 231 238 246 110 253 175 187 150 365 249 136 155 251 218 171 244 43 274 152 266 311 103 116 338 100 170 128 46 115 301 35 102 201 201 278 108 137 39 246 292 85 185 259 281 28 126 172 194 60 341 141 108 196 149 68 109 46 254 285 255 310 176 216 133 180 48 217 195 254 156 159 85 32 304 184 301 184 42 84 294 297 145 122 284 300 245 234 119 80 320 52 144 90 140 119 132 167 250 163 149 239 132 135 263 178 106 281 164 343 128 55 251 245 351 300
 149 171 149 96 271 343 264 266 164 135 314 136 184 126 169 92 1 181 246 261 254 60 192 185 84 240 352 82 66 59 134 284 327 85 366 76 124 367 220 200 111 184 24 104 275 135 289 249 224 79 107 190 280 260 116 160 93 315 340 200 187 272 3 221 370 21 102 196 173 325 308 67 289 176 286 223 348 310 66 289 220 69 64 132 23 145 142 148 173 197 315 362 335 352 101 232 203 43 86 191 294 183 71 31 83 155 304 346 140 219 70 223 84 65 92 316 146 252 247 220 83 119 271 340 196 301 273 187 19 203 87 191 104 352 159 64 246 211 239 183 270 53 309 242 337 382 100 25 326 191 83 56 100 202 372 104 67 123 249 330 197 114 85 237 255 98 117 274 261 117 66 99 229 35 342 51 87 197 67 141 45 53 193 274 163 281 266 126 96 182 120 210 104 218 244 237 152 61 273 250 318 185 133 133 370 310 169 187 250 278 264 317 175 169 310 138 233 100 172 32 223 254 183 249 60 304 183 197 204 111 119 296 253 322 217 128 323 206 331 365
 170 284 141 272 217 165 84 88 213 157 135 122 251 239 288 111 181 1 105 117 105 171 269 193 258 89 311 195 183 167 59 149 212 184 188 143 90 188 120 156 279 150 181 257 192 205 214 73 54 106 118 189 262 274 291 262 89 193 162 35 168 269 183 45 192 173 219 170 123 264 230 239 116 130 261 238 180 259 212 111 115 114 227 164 182 247 105 269 138 268 217 188 164 175 109 102 266 205 130 104 124 252 118 176 102 230 223 169 211 175 186 66 135 180 202 148 192 100 67 210 103 280 99 179 71 123 145 262 199 255 265 141 176 309 319 238 127 243 142 120 158 146 177 107 158 204 212 203 283 77 262 188 151 141 194 136 146 251 98 170 67 145 97 200 273 194 223 183 243 108 231 220 108 148 271 219 218 150 246 44 172 152 270 237 329 278 125 284 158 137 66 176 271 238 88 58 165 131 276 74 220 142 88 54 190 220 90 17 263 262 167 141 200 63 264 66 148 199 77 212 95 93 274 87 239 129 45 30 276 217 213 204 101 299 138 57 144 236 305 191
 160 288 133 322 138 129 112 81 199 258 108 127 235 253 295 202 246 105 1 16 15 211 256 296 307 168 226 224 269 208 116 46 109 274 151 232 123 153 217 109 321 254 237 291 103 207 125 70 60 169 146 293 196 223 338 264 160 90 170 70 272 210 248 76 151 231 241 274 227 174 137 288 154 102 190 341 111 175 293 133 212 189 303 165 239 253 113 280 242 251 118 133 103 136 204 17 245 280 168 67 166 238 200 252 183 225 130 130 310 118 220 41 227 266 292 82 185 18 98 313 165 315 144 97 50 99 41 249 261 231 321 100 194 223 349 309 216 210 60 87 59 228 74 192 130 166 303 263 200 178 320 230 247 243 158 232 189 270 16 87 166 160 175 137 225 286 238 91 179 207 306 245 27 219 177 269 304 104 310 138 219 234 256 164 362 217 202 317 181 103 156 126 312 199 163 109 267 213 218 68 120 106 190 121 171 122 82 89 214 196 76 163 303 166 182 167 246 291 75 275 187 161 267 156 297 87 71 76 257 234 308 108 175 224 238 150 123 204 227 137
 173 300 146 337 140 119 114 81 211 272 102 141 246 267 307 217 261 117 16 1 14 226 267 308 322 175 225 239 284 223 131 34 99 289 141 247 138 143 226 118 335 265 252 305 102 220 124 74 69 185 161 305 200 229 353 276 175 79 166 83 283 215 263 85 140 247 255 285 239 172 134 303 155 115 193 353 97 175 309 133 221 204 318 179 254 266 128 293 254 261 112 120 91 126 218 31 256 295 183 80 168 249 215 267 198 238 127 121 324 125 235 52 242 281 307 70 198 20 102 324 180 329 147 82 66 93 33 260 277 241 336 111 208 221 363 324 223 219 65 99 56 243 61 199 122 156 318 278 200 188 336 244 261 254 148 247 204 284 20 73 175 174 190 143 232 301 252 90 184 221 322 259 39 234 173 284 319 114 326 152 234 249 267 167 377 222 207 331 196 114 170 134 326 207 169 115 280 228 223 71 114 117 203 136 163 118 97 101 220 200 75 162 316 178 182 180 255 306 90 291 195 166 279 161 312 79 85 88 268 248 322 104 180 225 247 164 117 213 228 125
 174 302 146 333 150 114 102 69 213 260 94 140 250 266 308 207 254 105 15 14 1 222 270 296 318 161 237 236 275 219 123 47 113 279 137 237 133 138 212 123 332 253 246 303 114 220 136 60 55 178 158 292 209 237 349 278 167 92 157 71 271 223 257 71 137 241 254 272 226 184 146 298 142 116 203 341 98 187 300 121 207 196 311 179 248 267 125 294 241 265 125 119 89 121 208 31 260 288 179 80 155 253 206 260 189 239 140 116 313 132 232 40 232 272 297 68 199 7 89 312 173 327 134 87 59 85 46 263 271 245 331 114 206 233 362 317 210 224 73 100 68 234 74 186 115 152 308 273 212 175 330 241 250 241 144 236 199 283 7 77 162 172 181 151 239 291 251 101 193 210 314 257 42 227 186 279 310 119 320 141 230 240 270 177 375 231 194 329 193 117 160 140 323 213 156 102 268 219 232 58 127 120 191 127 157 131 94 90 228 209 87 151 304 166 194 169 241 296 85 285 181 152 281 148 307 73 76 76 272 247 312 117 167 236 234 153 109 218 239 123
 91 129 96 113 216 322 253 247 105 178 294 89 128 81 129 118 60 171 211 226 222 1 139 230 97 246 294 31 122 5 114 245 280 139 346 117 91 347 241 147 112 220 39 88 223 77 236 230 203 70 65 234 220 201 129 112 88 270 331 180 226 212 61 205 349 41 56 235 202 269 254 78 285 126 227 272 319 252 125 281 240 81 122 74 41 96 100 108 207 142 264 336 308 331 128 196 147 103 45 149 292 127 93 87 95 99 251 325 195 164 18 197 123 120 149 287 87 220 234 264 71 111 268 307 164 281 233 133 66 146 112 140 45 294 149 116 263 152 193 137 225 94 267 254 318 362 158 64 268 204 113 20 144 232 352 142 26 86 218 297 206 60 91 181 196 154 68 224 203 145 123 56 190 66 287 60 146 145 109 139 17 98 140 216 159 222 277 115 39 132 123 154 104 159 248 228 195 92 214 230 267 134 154 118 355 258 130 172 191 219 216 311 224 180 252 149 259 156 138 79 236 257 133 251 91 281 158 178 150 61 176 245 259 263 243 130 305 147 272 340
 102 53 132 178 175 383 340 321 59 315 360 149 21 70 63 253 192 269 256 267 270 139 1 368 169 356 212 111 257 142 213 269 271 275 406 254 181 407 365 150 155 354 169 123 207 68 205 304 279 195 156 371 140 99 179 41 210 272 414 262 362 121 192 288 406 175 92 370 334 213 219 161 379 156 152 409 361 192 253 367 363 214 242 106 170 51 166 67 341 10 244 386 356 390 262 240 21 229 154 193 389 18 228 222 226 42 219 385 331 149 124 264 260 255 283 335 79 271 320 401 194 137 363 341 227 349 256 8 189 35 191 157 104 214 145 227 384 60 208 171 236 232 280 370 383 421 290 183 194 324 198 137 282 364 412 279 152 85 268 332 322 127 219 145 91 289 76 215 133 279 242 96 229 204 234 159 275 153 211 253 152 235 2 158 162 127 391 132 122 154 244 137 149 76 356 320 332 229 117 303 246 151 283 222 424 234 190 263 94 138 216 399 361 300 187 273 388 291 204 196 353 362 20 355 188 341 237 263 14 82 310 227 368 174 372 249 374 63 183 390
 295 354 278 263 389 327 237 262 327 53 300 257 356 308 352 121 185 193 296 308 296 230 368 1 255 172 483 259 125 227 201 341 403 106 345 115 223 344 113 318 285 49 205 287 374 303 395 253 243 182 232 10 420 415 282 340 173 384 288 227 31 420 186 230 352 198 282 36 73 442 412 245 234 288 423 48 359 432 148 250 117 158 170 280 205 324 249 331 57 371 405 358 341 336 113 292 375 164 222 278 230 355 142 156 149 328 406 331 68 339 246 257 109 125 111 330 305 291 232 36 185 298 221 364 256 290 336 361 196 371 246 303 267 481 335 193 139 371 326 285 347 137 369 155 317 358 112 203 454 129 238 235 87 72 349 90 218 306 290 356 143 256 159 363 412 98 296 367 400 100 174 280 296 165 453 233 132 312 213 163 218 135 369 403 336 430 172 306 251 296 153 335 281 373 179 215 37 140 424 256 408 301 110 192 332 405 256 208 404 419 352 261 19 132 436 132 100 100 249 198 142 191 363 190 225 304 230 221 379 289 92 389 179 462 91 155 301 365 469 359
 174 129 188 16 299 416 341 340 168 210 387 184 171 102 122 175 84 258 307 322 318 97 169 255 1 322 365 91 132 100 206 341 373 150 440 155 187 440 302 237 31 263 78 48 313 139 323 322 296 153 162 262 290 259 34 130 170 364 419 272 263 276 82 296 443 86 89 272 254 350 341 21 369 220 299 287 415 331 111 368 302 150 92 160 77 120 196 107 253 177 354 431 403 425 184 292 186 92 141 245 375 167 153 105 165 146 338 419 199 251 90 292 165 132 148 383 160 316 323 290 156 46 351 403 260 374 329 166 66 193 23 232 125 366 81 71 329 209 287 232 320 135 363 325 411 455 151 60 342 273 31 79 176 282 446 183 120 86 314 394 279 153 165 263 252 160 104 316 275 200 89 84 286 117 369 40 132 236 50 220 90 134 170 294 82 284 349 55 131 225 200 240 28 222 326 315 226 144 275 323 357 226 216 207 446 348 226 262 251 288 309 396 243 251 329 220 314 159 234 60 306 336 154 331 32 375 252 270 182 101 174 335 336 330 298 209 398 207 339 435
 257 367 229 335 297 158 72 104 300 161 133 209 338 320 370 152 240 89 168 175 161 246 356 172 322 1 390 273 219 242 144 206 272 212 174 180 176 173 63 242 347 124 247 331 267 290 290 104 110 177 202 165 347 361 355 345 159 252 118 109 142 355 242 93 182 238 298 139 105 340 303 304 63 218 344 208 195 338 251 79 58 174 270 251 248 330 193 350 119 355 285 190 177 167 145 172 354 251 210 188 62 339 170 226 159 316 296 162 217 260 262 130 170 217 228 171 278 155 75 174 176 351 50 206 152 125 206 349 258 343 325 227 260 387 391 287 51 331 219 206 226 193 232 26 147 187 237 264 363 55 320 262 174 102 178 160 222 330 156 200 45 230 160 284 361 216 305 256 328 133 275 299 181 206 344 285 249 236 300 108 243 197 357 319 399 364 37 357 241 224 124 262 340 326 8 60 159 181 362 106 287 229 112 136 161 289 177 99 350 346 241 91 186 73 344 103 88 221 164 269 31 20 360 19 298 142 129 105 363 298 229 275 14 382 88 117 132 324 387 191
 205 264 210 377 96 326 337 304 198 434 319 229 202 267 274 366 352 311 226 225 237 294 212 483 365 390 1 281 406 294 283 200 151 420 342 384 261 344 430 166 359 450 332 324 124 228 102 295 282 308 258 482 76 114 383 249 312 167 386 282 465 92 353 298 337 332 277 470 424 54 93 351 378 195 67 529 281 53 416 356 425 334 414 222 333 252 234 276 436 203 122 310 288 329 372 219 192 395 274 209 391 206 350 375 338 221 99 326 471 145 288 262 385 404 434 273 210 242 323 508 303 343 369 255 241 313 194 211 358 180 386 181 251 5 356 407 435 158 172 199 170 368 188 412 333 352 444 355 29 387 392 304 409 447 347 399 288 286 240 251 377 241 328 121 122 435 262 136 92 384 415 282 210 345 63 341 436 171 396 325 309 374 211 81 373 86 425 339 257 188 331 149 352 145 386 333 448 358 96 293 121 183 375 293 371 112 229 296 119 78 152 384 483 368 48 355 458 438 239 370 404 385 231 380 375 296 267 287 202 265 458 123 398 40 447 330 333 159 31 315
 84 99 99 106 210 341 276 268 86 207 314 98 103 51 100 148 82 195 224 239 236 31 111 259 91 273 281 1 147 35 137 254 283 165 365 146 111 365 270 147 98 249 60 68 223 56 233 250 223 99 82 263 206 182 118 83 116 275 354 201 256 196 83 226 367 65 26 264 232 262 251 74 310 131 215 300 334 243 145 304 269 111 138 69 61 67 113 79 237 116 264 353 324 349 158 209 122 122 66 160 318 101 123 112 125 74 248 344 221 161 14 215 152 145 173 303 72 235 257 293 99 92 293 320 180 301 242 105 82 122 110 143 35 282 128 128 293 132 199 144 231 123 275 283 338 381 181 78 256 233 114 27 173 262 371 172 52 57 232 310 234 66 120 174 176 179 38 225 190 175 138 27 201 95 280 61 167 146 116 166 42 126 112 206 140 205 306 94 44 136 152 150 89 141 275 252 224 122 196 250 267 136 183 143 375 257 144 195 172 205 219 335 252 209 242 178 289 181 153 92 264 283 104 278 95 299 178 200 123 31 200 245 287 248 273 159 326 128 257 357
 204 235 198 139 320 347 260 270 225 81 317 181 248 191 232 74 66 183 269 284 275 122 257 125 132 219 406 147 1 119 154 312 363 20 369 42 157 369 184 247 161 135 88 164 317 198 335 255 234 106 151 131 336 321 159 225 111 348 331 211 133 330 66 227 374 83 166 143 131 375 353 121 276 219 341 159 361 361 33 282 186 82 53 187 87 209 181 212 127 261 355 370 346 356 78 259 267 41 133 226 278 247 70 36 87 219 348 350 75 267 134 239 51 4 29 329 206 271 246 160 111 174 259 358 220 304 302 251 74 266 124 235 164 406 211 73 213 272 276 223 304 43 339 215 339 384 39 81 379 166 116 121 50 157 374 62 120 187 269 348 176 166 95 288 316 34 182 314 317 88 58 163 258 63 390 110 36 243 91 141 107 37 258 326 212 340 239 182 153 227 119 260 157 278 224 232 96 57 332 257 358 231 109 149 367 352 202 194 310 334 302 305 113 150 362 124 190 35 201 74 196 237 248 232 101 312 200 207 269 176 55 337 232 379 175 127 324 267 387 373
 91 133 95 115 216 319 249 244 107 175 291 87 131 85 133 114 59 167 208 223 219 5 142 227 100 242 294 35 119 1 111 242 279 137 343 113 88 343 237 147 116 216 38 92 222 80 235 226 200 66 63 230 222 203 131 116 84 268 328 177 223 214 60 201 345 39 60 231 198 269 254 80 281 125 228 269 316 253 124 277 235 77 121 74 40 100 97 113 203 146 263 333 305 328 124 194 150 101 42 147 288 130 89 85 91 103 250 322 192 164 22 194 119 117 147 285 88 217 231 260 67 114 264 304 162 278 231 136 66 148 114 139 46 294 153 116 259 154 192 135 223 91 265 250 315 359 156 64 268 200 115 23 141 228 349 139 22 90 215 295 202 59 87 181 198 151 72 223 204 141 122 60 188 63 287 62 144 144 110 135 16 94 143 216 163 223 273 118 39 131 119 154 107 161 244 224 192 89 215 226 266 133 150 114 351 258 128 168 192 220 214 307 220 176 253 145 255 154 135 79 232 253 137 247 93 277 155 175 153 65 173 244 255 264 239 126 302 149 273 337
 116 226 90 220 189 211 140 135 158 155 182 69 195 181 229 91 134 59 116 131 123 114 213 201 206 144 283 137 154 111 1 159 212 160 235 119 33 235 159 119 225 169 130 201 175 148 195 118 92 56 60 200 225 229 238 204 45 196 218 68 183 228 137 92 238 123 161 188 143 241 213 186 174 90 226 248 215 232 178 168 156 74 189 108 132 189 55 210 155 212 208 229 201 220 95 105 212 166 72 79 182 197 85 138 69 173 207 215 201 140 129 90 115 151 178 183 136 120 121 226 52 224 157 208 67 169 149 206 151 202 215 104 118 281 262 196 174 193 128 85 153 113 185 158 206 251 189 154 255 116 214 133 137 168 241 124 89 193 117 198 111 88 60 165 227 173 165 169 205 103 192 163 105 105 253 166 189 113 200 45 117 119 214 204 273 238 179 228 100 97 50 138 216 190 144 116 168 98 233 118 211 103 93 11 242 207 56 58 218 224 155 198 204 93 236 74 185 178 50 165 142 150 217 144 190 171 49 66 220 159 196 192 156 265 171 49 193 186 272 232
 182 307 158 356 123 130 144 109 216 303 119 158 249 277 314 246 284 149 46 34 47 245 269 341 341 206 200 254 312 242 159 1 67 318 150 276 161 151 259 121 351 298 273 320 83 229 102 104 102 210 181 337 185 219 370 283 202 46 186 115 316 202 286 118 147 269 269 318 271 147 109 321 182 125 177 386 95 153 335 159 254 231 344 190 275 274 146 302 286 263 83 123 95 135 248 54 256 320 203 96 195 252 243 293 226 244 102 131 354 122 252 85 271 309 335 76 205 53 133 357 205 344 176 74 93 114 14 263 299 240 356 117 221 197 376 348 256 217 62 111 37 270 29 231 135 162 346 300 177 221 356 263 291 287 156 277 224 295 53 65 208 189 218 134 223 330 263 70 171 252 347 272 56 259 145 303 347 118 348 183 255 276 269 151 390 208 238 345 212 122 200 133 342 203 201 147 312 256 211 102 85 124 234 164 176 90 117 134 212 185 59 186 348 211 161 212 287 335 113 313 227 197 282 193 333 96 115 121 268 260 352 79 212 205 280 195 134 211 207 127
 202 316 186 388 101 179 208 173 226 363 176 193 253 296 325 302 327 212 109 99 113 280 271 403 373 272 151 283 363 279 212 67 1 371 193 329 207 195 324 137 379 362 313 345 66 246 71 170 167 258 221 400 158 201 400 294 254 22 243 178 379 179 329 183 188 310 293 381 334 99 65 355 245 155 147 449 132 112 383 222 319 282 389 215 315 289 186 317 349 264 33 161 140 181 305 112 255 366 243 138 258 257 295 340 279 256 61 178 412 128 284 149 326 360 388 127 223 118 199 421 253 369 241 106 149 173 69 267 340 239 390 141 249 146 396 390 321 214 89 145 60 321 43 297 187 202 399 340 133 286 392 297 347 351 198 334 263 315 119 102 273 221 270 128 207 384 283 60 151 311 392 297 109 306 90 338 397 138 387 243 292 327 271 126 411 182 304 368 244 149 257 140 370 198 267 213 373 307 188 167 32 148 295 220 223 44 162 197 196 159 65 246 409 274 121 272 353 389 163 354 293 262 288 258 370 154 175 184 268 282 406 46 277 165 346 253 189 210 165 165
 219 255 211 158 333 345 257 269 242 65 316 193 266 210 252 74 85 184 274 289 279 139 275 106 150 212 420 165 20 137 160 318 371 1 367 43 167 366 172 259 180 120 107 183 328 215 346 255 236 116 163 113 351 337 177 244 118 355 325 213 116 346 85 227 372 101 185 126 119 387 364 140 270 231 356 140 362 374 46 278 174 91 67 203 106 228 192 231 113 280 364 370 346 355 76 265 285 59 147 234 272 265 77 55 93 237 359 349 57 280 152 242 49 21 19 331 223 275 244 141 121 193 254 360 226 303 309 269 93 284 142 247 181 420 230 89 201 289 285 234 312 53 345 206 337 382 30 100 393 158 133 139 39 143 372 53 135 206 273 351 169 181 102 301 332 16 201 324 332 82 72 182 264 77 402 129 38 255 108 142 124 47 276 340 231 356 229 201 169 238 121 273 176 294 217 230 79 65 348 257 368 243 104 154 363 362 210 196 326 349 311 299 94 144 376 121 176 19 209 93 187 230 267 226 119 312 204 208 287 194 39 347 223 394 161 128 321 284 402 373
 309 437 281 455 272 25 112 102 349 327 54 271 386 400 443 296 366 188 151 141 137 346 406 345 440 174 342 365 369 343 235 150 193 367 1 328 256 3 236 259 458 297 364 431 231 355 249 119 144 289 284 338 334 367 472 413 274 176 73 168 315 351 369 146 10 357 385 312 275 289 252 420 115 252 325 381 63 299 399 96 231 300 414 313 365 402 255 428 290 401 221 35 56 17 293 167 396 392 302 215 123 389 305 363 289 375 246 22 384 266 359 151 319 366 385 75 334 136 124 347 285 455 125 88 186 67 160 400 384 381 449 250 338 338 491 425 217 360 204 236 186 333 155 195 31 17 395 388 322 220 447 365 331 275 7 316 322 415 139 92 206 303 284 281 371 375 384 218 320 287 418 388 178 334 282 400 402 255 432 230 351 338 406 300 503 357 186 458 323 253 252 275 449 348 167 138 328 318 360 118 222 256 265 234 33 231 225 180 359 334 208 93 358 226 307 246 259 380 213 397 204 156 417 156 423 68 189 171 408 379 391 224 169 352 260 244 46 353 353 32
 187 241 176 166 295 306 218 229 215 63 276 156 243 194 240 33 76 143 232 247 237 117 254 115 155 180 384 146 42 113 119 276 329 43 328 1 128 327 149 222 184 110 93 179 288 191 306 215 194 78 127 118 317 307 186 227 77 314 290 171 113 314 77 187 333 85 169 122 99 349 325 141 235 193 321 157 321 337 73 241 150 52 91 172 93 211 153 219 99 258 324 329 305 315 37 223 262 73 114 194 238 242 36 51 51 215 319 309 88 242 132 200 11 39 61 289 194 233 204 148 83 193 218 319 184 263 267 248 91 259 153 208 155 384 233 109 177 261 244 194 271 24 303 177 298 343 72 98 357 127 146 122 28 128 333 29 106 194 231 309 136 148 61 265 303 56 183 284 298 48 96 167 223 52 363 125 76 217 123 100 104 23 256 304 236 324 201 201 140 200 79 236 178 265 185 191 80 28 317 216 327 205 69 112 325 322 170 154 296 316 271 264 108 109 339 83 160 60 167 97 158 196 249 192 127 271 162 167 265 176 78 306 192 360 143 87 283 255 368 332
 85 195 60 202 170 232 168 158 126 174 204 38 163 151 199 106 124 90 123 138 133 91 181 223 187 176 261 111 157 88 33 161 207 167 256 128 1 256 190 97 203 194 115 176 161 116 180 140 113 53 30 223 199 200 219 173 52 193 245 91 207 200 126 117 258 109 133 213 169 223 198 167 203 67 201 269 229 212 177 195 187 77 184 76 116 158 28 181 180 180 198 246 217 241 112 109 180 161 48 70 212 165 92 134 78 141 193 235 213 118 104 106 126 155 183 197 104 131 148 250 48 200 187 219 75 191 150 174 139 170 199 82 88 260 237 187 206 162 119 68 149 116 186 190 228 272 195 141 233 147 198 110 150 196 262 139 68 164 128 209 143 56 68 142 198 181 135 158 179 124 187 135 106 100 237 148 191 91 188 76 98 122 182 181 249 210 211 203 71 75 74 114 194 160 176 145 188 103 205 140 202 80 118 42 266 196 46 86 188 198 146 227 223 124 215 101 215 185 50 153 174 182 185 176 175 190 68 91 188 130 204 181 188 240 201 75 216 155 248 250
 310 438 281 455 274 26 111 102 350 327 54 272 387 400 444 295 367 188 153 143 138 347 407 344 440 173 344 365 369 343 235 151 195 366 3 327 256 1 235 260 458 296 364 432 233 356 251 119 145 289 284 337 335 368 473 414 274 178 71 169 314 352 369 146 12 357 386 311 274 291 254 420 114 253 327 380 65 301 398 95 230 300 413 313 366 403 256 429 289 402 223 37 58 18 292 169 397 392 303 216 121 390 305 363 289 376 248 23 383 267 359 152 319 366 384 76 335 137 124 346 286 455 124 90 187 67 162 401 384 382 450 251 338 340 492 425 216 361 206 237 187 333 157 194 31 17 394 388 324 219 447 365 331 274 7 315 322 416 140 94 205 304 284 283 372 374 385 220 322 286 418 389 179 334 284 401 402 256 432 230 351 338 408 302 504 359 184 458 323 254 252 276 449 349 166 138 327 318 361 118 224 257 264 235 31 233 225 181 361 336 209 92 357 226 309 246 257 379 214 397 203 154 418 155 424 68 190 171 409 380 391 225 168 354 259 244 46 355 355 34
 273 368 248 314 335 220 133 163 313 113 195 227 349 320 369 129 220 120 217 226 212 241 365 113 302 63 430 270 184 237 159 259 324 172 236 149 190 235 1 272 330 66 232 319 310 298 333 159 158 173 211 105 379 387 334 349 157 304 176 150 83 384 221 142 244 223 296 78 55 382 348 286 123 245 378 146 257 378 215 141 6 161 236 263 232 333 213 348 65 366 333 252 238 229 119 218 367 221 213 222 119 350 153 199 147 324 341 224 165 292 258 176 139 182 186 231 291 207 133 112 174 337 112 266 190 186 256 358 237 358 301 257 264 427 377 256 30 350 261 236 273 168 285 43 209 248 193 243 402 45 294 253 135 41 240 124 220 326 207 260 53 240 151 317 385 173 305 301 359 103 241 295 225 188 389 269 208 266 272 115 234 170 366 355 382 394 61 343 245 252 122 292 323 348 70 116 106 160 390 162 336 257 89 149 221 336 206 134 376 378 285 149 128 67 383 94 30 177 194 245 34 82 366 81 275 203 164 145 374 298 181 321 68 417 26 117 194 344 423 253
 66 187 53 252 75 236 207 182 96 269 216 67 130 161 195 201 200 156 109 118 123 147 150 318 237 242 166 147 247 147 119 121 137 259 259 222 97 260 272 1 243 287 183 209 77 111 90 167 144 145 97 317 108 121 264 164 147 131 275 135 301 114 202 157 258 182 156 306 261 129 109 220 248 31 108 364 212 117 262 232 268 170 264 79 185 156 70 184 273 144 118 237 208 243 208 93 138 242 117 55 260 133 186 219 174 124 105 238 308 22 149 126 221 244 274 187 88 125 188 344 140 233 235 193 93 205 108 144 211 123 255 17 113 164 261 261 282 102 60 37 90 207 135 262 237 273 285 210 138 228 258 163 245 286 265 235 134 180 123 184 221 89 164 47 122 274 148 79 88 219 266 161 83 186 144 204 279 7 256 162 161 213 150 86 276 124 279 232 110 23 167 21 234 92 240 193 283 196 121 165 121 18 211 129 279 112 68 144 111 107 74 264 319 208 119 192 300 278 80 224 250 242 163 236 237 195 114 138 150 146 297 99 253 147 287 167 230 96 154 242
 178 110 196 29 300 433 362 358 164 240 405 195 160 93 102 202 111 279 321 335 332 112 155 285 31 347 359 98 161 116 225 351 379 180 458 184 203 458 330 243 1 292 101 36 317 137 325 341 314 175 176 292 284 249 25 115 192 372 440 291 292 269 109 315 460 110 88 302 282 348 343 44 392 228 294 317 429 328 141 389 330 174 122 165 100 108 209 90 282 163 358 448 419 442 211 305 174 122 156 257 398 156 179 134 189 139 340 437 229 254 101 308 193 162 178 398 160 331 344 320 177 20 374 417 275 392 339 154 94 182 46 240 132 360 51 99 356 202 296 241 328 163 372 351 429 473 181 88 337 299 56 94 206 311 464 212 137 74 328 407 305 163 189 264 242 190 100 321 271 227 118 83 298 143 368 63 162 242 78 243 108 162 156 291 54 276 375 28 141 232 224 243 10 215 350 337 256 171 266 341 361 233 243 227 465 351 240 282 242 282 315 419 273 277 326 246 343 189 249 89 332 360 138 355 62 392 269 289 168 99 203 340 361 323 326 232 417 200 332 451
 272 347 252 272 356 280 189 215 308 56 253 230 340 299 346 103 184 150 254 265 253 220 354 49 263 124 450 249 135 216 169 298 362 120 297 110 194 296 66 287 292 1 201 287 337 287 359 207 199 161 208 42 392 391 292 331 149 342 240 185 19 393 186 185 304 193 274 21 28 407 375 249 186 257 393 90 311 399 164 202 70 141 186 259 201 315 220 325 15 356 365 310 293 288 93 251 359 175 203 243 183 340 127 158 129 313 369 284 102 308 236 214 101 134 131 283 285 247 185 60 164 302 173 318 217 243 294 347 199 353 257 271 252 448 341 207 94 350 288 252 307 132 326 108 269 310 135 206 422 82 250 228 87 27 301 82 203 301 247 310 96 235 137 332 389 117 286 329 372 76 191 273 256 158 416 234 153 281 226 126 209 132 355 372 344 403 126 309 234 265 121 305 286 350 131 168 44 129 398 210 368 270 77 158 284 367 222 166 380 391 314 213 63 88 403 96 60 120 213 204 94 143 351 142 233 257 190 179 364 279 121 351 132 432 46 121 253 343 439 311
 128 150 132 92 253 340 264 263 142 154 311 121 161 104 148 104 24 181 237 252 246 39 169 205 78 247 332 60 88 38 130 273 313 107 364 93 115 364 232 183 101 201 1 88 258 113 272 246 221 76 94 210 258 238 111 138 93 302 342 197 205 250 24 219 367 10 79 214 187 307 291 59 292 160 265 244 342 290 88 291 232 74 84 111 3 122 129 127 190 174 299 357 329 349 114 223 180 65 71 179 298 160 80 53 89 133 287 343 162 201 48 217 101 87 114 310 124 244 246 239 80 106 275 332 188 298 262 164 28 180 87 175 82 332 147 79 257 188 225 169 257 70 297 251 335 380 123 28 306 200 85 33 119 217 370 121 51 102 242 322 204 96 88 218 232 121 95 258 241 131 85 77 218 45 324 40 109 180 76 144 23 71 171 254 153 259 275 113 76 166 124 191 94 196 250 238 171 74 251 247 302 169 144 131 369 294 158 185 228 257 249 319 196 177 290 146 247 123 163 42 232 260 161 254 62 300 177 194 181 88 142 280 260 301 231 132 321 184 310 361
