NAME : domp300p75v10
COMMENT : (Deleplanque et al.) 
TYPE : DOMP
DIMENSION : 300
DISPLAY_DATA_TYPE: NO_DISPLAY
OPEN_FACILITIES : 75
COST_SECTION
 1 19 142 133 152 117 167 175 119 224 95 55 165 138 102 25 81 215 66 279 234 131 243 192 89 119 97 76 60 82 79 112 199 220 263 87 194 33 116 108 116 166 236 80 157 157 198 96 226 267 158 203 43 260 264 301 192 259 271 50 158 151 173 321 140 76 76 173 84 157 67 239 34 179 253 232 99 140 105 209 110 94 229 157 231 214 189 61 293 293 322 189 136 263 260 204 132 44 183 108 165 100 48 123 208 62 182 249 79 73 97 126 165 171 216 119 240 180 148 63 108 238 237 78 120 253 180 218 305 77 152 152 218 83 28 60 92 224 192 147 237 116 90 138 238 246 176 127 305 111 237 55 205 81 170 131 146 176 114 324 200 145 147 75 135 113 142 152 129 149 122 236 222 232 124 74 135 192 113 56 133 112 133 265 266 108 65 166 142 280 83 100 149 147 80 123 146 178 100 195 51 247 41 154 145 77 179 234 132 193 252 256 84 128 106 176 107 181 214 276 99 185 180 24 157 241 257 109 196 50 239 149 254 255 143 146 54 140 189 87 172 311 176 212 147 259 236 116 224 142 162 76 139 254 184 264 146 181 125 307 75 190 186 233 72 187 105 311 257 230 60 170 153 149 164 148 217 126 168 253 82 87 186 158 74 242 115 72 33 231 273 219 133 184 197 211 99 210 61 103
 19 1 140 126 166 131 170 165 101 213 112 46 167 152 106 8 99 201 82 263 221 131 229 191 101 131 90 58 42 68 91 108 183 203 254 101 177 48 97 126 114 171 222 74 147 171 181 114 208 258 141 187 46 268 254 288 192 267 258 41 151 166 186 307 156 77 93 179 95 152 75 249 48 167 248 231 98 149 106 210 94 113 211 167 225 196 175 68 282 299 306 202 121 248 263 201 116 29 165 90 177 116 54 105 204 80 196 237 94 65 85 140 164 153 225 104 248 164 156 66 126 220 226 63 133 255 163 200 291 95 165 170 213 81 39 77 103 218 176 141 223 105 108 121 241 231 164 129 293 97 235 54 187 93 152 123 129 176 102 310 185 163 129 72 147 118 124 170 112 159 127 218 208 220 132 87 144 191 107 68 115 131 129 250 262 120 47 163 137 269 66 92 167 137 63 139 140 166 107 179 69 247 59 172 127 94 174 216 121 175 250 255 102 117 116 185 108 191 195 280 82 168 196 40 172 234 239 127 189 33 222 165 239 242 161 159 72 138 182 71 154 298 160 197 137 242 219 112 206 143 175 61 136 248 171 259 163 180 143 292 61 174 171 216 55 178 87 297 262 214 69 168 148 167 146 165 205 121 175 235 68 87 177 167 56 240 125 90 50 236 259 223 149 166 206 194 114 195 49 118
 142 140 1 34 146 135 56 289 148 120 204 98 47 266 243 144 174 302 138 219 148 269 326 54 101 254 57 139 150 193 215 245 164 191 140 217 165 128 170 192 252 68 330 210 71 283 264 180 268 139 153 267 101 160 146 209 54 166 180 102 48 158 148 240 260 68 197 83 100 23 207 167 125 285 114 95 237 99 41 78 121 179 283 113 97 236 283 202 178 184 244 162 117 185 132 64 211 121 232 162 131 150 189 145 67 183 168 154 121 80 80 253 26 192 140 109 151 255 80 83 180 240 126 183 252 122 250 206 216 180 282 226 83 220 121 177 101 89 265 276 330 231 192 147 113 329 96 267 201 213 96 193 239 218 212 253 215 45 224 230 285 228 149 69 116 254 160 254 138 105 59 269 311 142 75 112 273 54 243 193 202 201 16 186 125 242 134 25 17 162 129 226 233 264 133 244 24 94 241 155 162 112 164 227 192 144 42 267 73 197 112 117 189 242 87 110 41 123 226 151 129 154 296 136 171 108 237 214 66 153 295 171 183 162 203 278 153 276 59 185 188 209 255 297 62 233 216 249 263 33 292 108 5 117 287 124 183 42 213 230 105 268 133 200 167 73 161 229 141 190 200 30 20 206 181 256 118 257 90 243 193 57 69 94 131 101 253 164 135 117 360 105 162 222 127 265 134 149 180 227
 133 126 34 1 169 153 89 265 117 103 208 81 80 265 231 129 179 273 144 191 125 254 296 80 114 250 37 114 128 172 209 227 132 160 133 214 132 126 141 200 235 100 302 192 42 283 233 188 235 136 120 236 95 193 137 189 81 199 160 87 28 180 175 218 262 67 197 115 112 31 198 199 123 259 123 120 222 124 51 108 90 187 251 140 100 203 256 192 167 216 221 190 84 161 161 80 183 103 200 133 158 162 178 113 82 182 194 134 131 62 53 252 55 159 172 77 184 225 109 81 191 208 112 161 249 151 220 173 196 183 281 238 87 204 116 177 115 93 235 255 301 209 196 115 144 299 68 254 186 189 116 179 207 212 180 232 186 77 201 212 256 239 116 61 140 243 128 261 106 132 82 236 282 120 99 121 266 81 224 186 172 209 20 162 139 238 111 48 19 153 102 206 244 241 106 245 18 67 231 124 163 138 162 239 161 152 51 234 39 164 132 140 193 219 105 141 54 153 193 180 100 122 299 132 192 109 205 218 64 133 263 191 157 142 217 276 155 260 57 161 155 193 225 267 31 202 184 231 230 64 290 83 31 123 260 135 201 68 222 207 81 239 102 168 144 58 133 207 173 159 191 58 27 221 148 261 98 238 121 210 172 57 56 123 106 120 246 169 133 149 330 138 180 190 159 233 148 120 161 227
 152 166 146 169 1 36 113 324 243 265 131 159 121 195 226 173 104 365 90 360 292 261 393 160 70 202 158 209 203 232 176 253 294 321 279 166 293 119 252 98 254 99 386 227 211 206 344 95 365 276 268 348 129 144 288 354 159 137 325 158 192 17 26 385 178 122 141 90 75 168 185 104 119 329 236 180 234 49 121 152 221 96 372 43 232 343 339 187 320 179 388 39 234 329 180 187 279 172 322 243 32 62 182 244 193 135 31 299 73 158 182 185 149 297 90 219 118 327 73 119 83 359 271 228 192 181 326 329 361 116 212 107 217 224 128 130 67 223 339 290 387 266 118 254 160 396 237 251 345 261 201 198 340 181 306 279 290 138 264 375 350 117 260 137 31 230 263 152 243 47 89 371 372 287 72 80 226 158 258 165 276 107 152 330 235 190 199 159 160 304 208 248 121 296 209 168 168 235 213 287 122 186 135 107 281 82 181 369 200 312 210 203 121 278 67 65 117 58 338 188 219 282 201 129 29 243 365 130 208 196 383 34 325 307 80 214 110 273 201 236 295 354 324 362 199 364 343 258 361 116 219 188 147 245 334 242 52 157 112 374 186 338 268 332 219 218 241 374 160 324 179 152 165 81 287 162 263 269 77 367 232 125 214 65 203 207 209 102 120 140 423 132 38 319 75 353 55 288 212 164
 117 131 135 153 36 1 115 289 213 253 102 128 121 168 192 138 72 331 55 340 276 226 359 160 42 172 135 177 170 197 143 218 271 297 273 134 269 84 220 73 219 104 351 192 193 181 310 66 333 271 241 315 97 170 280 340 160 164 311 127 177 36 60 370 153 97 109 100 46 157 150 135 85 294 236 187 199 53 103 159 193 67 339 59 227 313 304 152 312 205 372 75 209 312 196 185 245 140 290 211 58 30 147 214 191 102 66 286 39 130 156 157 143 268 117 193 145 294 76 90 58 331 260 193 163 194 293 303 347 84 186 96 213 188 94 96 40 219 305 255 352 231 88 226 174 361 219 217 335 227 205 162 309 148 275 244 257 138 229 362 315 101 232 111 34 196 234 133 215 57 78 340 338 272 64 47 195 159 222 130 243 82 138 313 239 159 166 152 147 296 178 213 106 260 177 141 154 218 179 264 87 196 100 96 250 47 174 338 179 284 216 212 90 243 49 84 100 82 309 207 190 258 181 94 45 239 340 104 199 162 350 41 307 293 70 186 75 238 193 201 266 343 290 327 181 340 318 223 330 109 193 158 135 244 299 244 50 155 91 358 156 304 246 308 185 206 209 359 180 301 145 148 154 73 258 141 249 234 88 341 197 102 202 75 172 211 177 69 85 158 388 148 29 288 100 321 19 268 177 134
 167 170 56 89 113 115 1 330 199 164 205 135 11 271 266 176 173 350 140 269 195 296 375 48 96 266 104 184 190 232 229 277 219 246 169 227 220 143 219 184 282 16 377 243 125 286 315 174 321 165 208 318 125 107 179 251 48 112 225 138 100 128 106 285 260 94 204 30 98 71 226 112 141 328 124 74 265 66 68 47 172 174 335 72 121 290 329 224 211 134 289 118 171 233 94 76 258 158 284 210 89 138 213 197 82 191 128 199 117 121 130 259 43 246 86 163 96 304 41 105 170 295 166 223 261 88 300 261 260 182 288 210 107 249 141 185 94 113 314 310 377 270 192 201 73 378 149 291 239 255 91 220 293 233 265 290 264 27 264 271 333 215 203 104 87 275 213 246 191 67 48 323 358 189 55 112 287 46 276 209 250 193 70 233 125 253 177 55 72 195 176 261 220 303 179 246 78 146 260 210 171 85 177 210 243 141 76 321 127 252 102 99 191 282 75 61 65 74 281 111 179 209 292 153 140 132 292 211 102 190 347 144 232 207 184 286 159 305 97 227 242 248 303 345 116 288 270 281 316 30 297 153 59 133 331 131 159 47 204 276 150 317 187 254 208 119 210 274 94 244 220 45 71 186 235 252 164 290 41 297 232 86 114 50 176 97 267 165 149 68 408 55 139 275 74 317 122 202 216 233
 175 165 289 265 324 289 330 1 162 314 224 195 325 211 123 158 233 73 235 306 305 96 97 342 263 179 233 152 141 99 170 79 235 237 366 188 227 207 134 256 84 332 74 98 264 223 103 249 150 374 194 109 209 431 360 359 342 431 334 192 281 321 346 361 231 237 204 342 258 294 151 413 208 22 381 383 103 313 263 365 184 247 133 331 353 173 48 145 379 461 357 362 207 314 419 343 93 173 128 139 339 267 145 168 345 200 353 324 253 211 213 206 314 165 389 200 412 86 319 228 263 209 330 108 192 410 94 218 357 223 210 292 345 105 201 203 266 349 90 49 77 61 230 179 399 98 267 112 375 77 380 128 154 166 137 46 101 331 66 378 71 280 186 227 309 130 169 265 180 323 289 168 73 307 295 248 168 342 70 169 107 255 276 317 400 181 156 310 281 371 164 77 282 29 159 220 281 270 142 238 207 400 193 294 133 245 314 166 239 190 395 404 224 49 279 349 266 355 186 437 169 226 260 196 325 360 246 237 319 141 135 316 301 325 295 200 217 85 314 105 172 377 79 74 260 254 236 74 154 301 216 183 286 377 29 394 308 329 262 346 186 80 247 249 123 299 138 355 422 255 154 318 291 301 170 252 305 64 338 233 99 244 301 330 160 383 166 230 205 396 114 384 300 144 370 126 270 265 117 204
 119 101 148 117 243 213 199 162 1 154 212 85 192 246 177 97 197 158 174 171 148 185 180 197 174 219 97 44 65 90 183 152 90 105 205 197 83 141 28 224 162 207 188 122 105 264 117 212 125 213 44 120 117 306 200 209 197 310 181 87 126 248 257 220 253 123 192 221 169 146 163 303 138 151 224 236 158 211 137 224 29 210 137 229 195 102 143 154 221 331 219 274 46 166 278 192 71 78 86 25 244 206 141 8 192 179 272 167 177 87 71 235 172 56 276 42 293 109 205 125 222 122 170 80 225 267 104 101 209 194 256 268 187 141 127 177 176 191 119 168 186 116 207 24 260 183 107 192 221 91 228 128 98 183 67 140 71 192 106 231 140 262 33 109 217 191 24 269 20 220 173 130 167 150 186 167 227 197 143 163 59 230 133 168 244 212 54 164 136 211 37 125 266 143 39 236 133 110 186 89 169 254 158 270 45 186 162 128 84 76 243 254 202 123 179 239 141 249 98 297 24 77 293 136 257 200 140 226 162 76 149 251 154 170 257 248 169 185 158 72 55 225 110 152 104 142 120 153 121 171 266 56 145 218 151 236 253 184 242 205 58 123 91 120 66 140 27 212 288 119 159 175 143 262 47 264 145 156 222 136 90 124 143 219 46 231 210 188 145 264 214 252 236 79 259 119 199 112 94 215
 224 213 120 103 265 253 164 314 154 1 307 170 154 360 313 214 280 299 245 112 35 330 315 126 216 342 132 178 199 237 302 299 98 119 54 309 104 224 181 302 308 179 330 265 68 379 250 289 232 63 125 250 192 247 47 89 127 257 61 175 76 278 266 121 359 168 294 194 213 99 287 270 221 302 96 146 300 218 151 153 136 288 254 231 68 192 290 279 71 258 126 280 109 71 191 101 223 185 212 177 249 264 265 147 96 279 287 35 232 152 128 348 122 164 246 120 248 250 198 181 292 178 17 226 343 178 243 142 97 283 375 340 73 281 212 274 216 71 257 319 328 268 296 137 184 318 51 333 84 243 123 260 204 304 193 292 218 140 258 111 283 340 130 159 236 327 147 361 135 223 178 225 308 28 195 222 356 128 292 278 209 310 116 71 119 331 181 110 107 59 164 273 345 296 169 343 100 48 318 91 261 160 258 341 186 254 89 224 93 151 134 150 292 275 205 224 154 237 177 209 152 99 398 228 290 66 157 318 64 207 265 290 74 43 318 369 254 333 69 221 157 92 254 293 79 150 141 301 226 151 385 156 120 85 301 107 301 121 323 112 154 264 72 119 209 48 179 111 216 106 281 120 101 323 154 361 10 305 204 169 237 158 53 210 172 122 336 269 231 200 349 193 280 196 237 241 249 65 233 323
 95 112 204 208 131 102 205 224 212 307 1 143 208 67 108 117 33 282 68 371 322 143 310 245 111 73 176 169 151 155 56 147 293 314 340 40 288 84 206 37 144 197 295 134 240 82 277 38 312 341 252 283 116 271 343 389 245 265 359 139 235 121 156 412 56 142 23 197 109 224 74 234 87 235 316 278 124 151 165 251 204 36 310 160 301 304 253 82 374 306 413 167 229 353 293 265 213 138 269 200 158 74 86 217 270 34 154 336 89 157 185 56 222 263 218 212 246 257 171 127 50 331 318 157 62 290 259 312 394 26 85 69 286 121 97 36 112 293 268 182 297 176 15 232 272 313 263 129 390 183 291 105 294 61 259 180 229 224 179 412 270 58 241 149 135 107 236 58 223 157 160 323 287 319 152 96 96 243 155 59 218 32 201 355 324 61 159 227 210 359 177 153 60 198 174 42 216 263 91 288 48 290 55 71 235 65 245 321 218 286 304 303 16 186 131 185 164 183 305 306 193 278 93 82 118 311 351 15 267 139 319 108 345 342 74 85 54 156 260 168 265 397 251 280 229 353 330 151 310 190 93 168 203 321 243 326 94 236 39 398 168 264 277 327 158 265 196 402 280 324 73 227 220 80 257 55 301 162 187 347 155 152 263 174 168 297 80 42 77 257 335 246 96 273 201 293 88 301 136 33
 55 46 98 81 159 128 135 195 85 170 143 1 131 192 151 49 121 219 93 230 181 174 245 150 90 173 45 53 56 98 133 149 153 176 210 141 149 62 95 147 156 139 244 114 103 211 189 134 207 214 117 194 33 238 210 248 150 240 218 6 106 163 175 270 193 44 128 150 84 108 119 227 59 193 203 191 142 130 68 171 67 133 215 149 180 186 196 113 239 268 270 191 88 211 225 158 127 24 165 86 162 123 99 87 160 113 189 196 93 20 43 180 122 140 201 71 222 175 130 41 143 204 183 89 174 217 173 178 252 121 207 190 168 124 49 109 92 173 187 179 244 137 135 100 204 248 122 173 251 121 192 98 182 135 148 158 136 137 130 271 202 187 106 33 134 163 107 200 89 140 98 213 227 179 108 83 188 150 146 110 122 154 86 213 218 162 44 121 93 226 51 129 191 169 51 176 96 124 152 147 97 207 91 192 124 104 130 211 78 157 208 214 130 148 97 162 71 171 182 243 62 138 232 62 172 189 217 156 144 57 227 167 202 201 176 200 93 181 137 92 139 257 173 214 93 217 195 152 204 107 217 31 94 203 197 215 170 138 167 256 29 188 135 189 74 133 84 259 228 184 113 127 104 181 131 198 162 160 148 216 98 50 133 143 47 197 169 111 68 202 278 190 152 161 183 197 115 159 84 156
 165 167 47 80 121 121 11 325 192 154 208 131 1 273 265 173 176 344 142 259 185 295 369 41 99 267 97 178 186 228 230 274 209 237 160 229 210 143 212 188 280 26 371 240 115 289 308 178 313 157 199 311 123 115 170 241 40 120 215 134 90 135 116 275 263 91 206 40 101 61 226 122 141 323 117 71 263 73 64 45 165 178 328 81 112 282 324 223 202 140 279 128 163 223 96 68 252 154 276 204 98 143 211 189 73 193 137 189 120 116 123 261 33 238 96 155 105 297 49 103 175 286 157 219 263 89 293 251 250 185 291 216 98 247 140 187 97 104 308 307 371 266 195 193 75 372 139 291 229 251 85 219 285 234 257 287 258 19 260 261 327 221 194 99 94 275 205 251 183 75 50 315 352 179 59 114 288 39 273 209 244 198 61 223 119 255 172 45 63 186 170 258 226 299 173 249 68 137 260 200 172 84 178 216 236 145 66 313 119 243 97 96 193 278 79 71 61 84 272 113 172 200 296 153 148 123 282 215 92 186 340 151 222 197 190 288 161 303 87 222 233 238 297 339 107 278 261 278 308 25 300 147 50 125 326 124 166 38 208 266 144 311 178 244 204 109 203 264 99 234 219 35 61 192 227 256 154 287 51 288 228 82 104 59 170 91 268 168 149 73 402 61 146 267 84 310 126 192 212 236
 138 152 266 265 195 168 271 211 246 360 67 192 273 1 91 154 99 278 132 413 372 117 305 309 176 34 231 204 182 170 64 136 333 350 397 52 327 140 233 97 129 263 285 140 294 19 285 102 326 399 289 292 171 336 400 439 309 330 408 187 292 183 219 458 24 200 70 263 174 284 85 298 143 227 378 343 114 217 226 316 244 101 319 226 361 327 249 94 429 371 458 228 272 400 359 327 228 180 286 229 223 139 106 252 332 84 214 387 154 209 234 14 285 291 283 255 311 264 237 185 112 358 373 176 23 356 268 344 442 90 19 107 347 121 150 90 178 353 274 164 287 177 81 268 338 307 314 101 442 193 355 121 313 64 280 172 244 288 184 461 269 93 277 205 200 82 268 63 260 223 225 340 281 370 217 160 48 307 148 85 236 89 260 402 387 36 195 289 270 415 215 153 92 189 211 28 275 315 73 329 104 355 104 109 259 131 306 338 269 317 369 368 81 185 196 251 226 248 331 372 231 318 51 134 178 371 383 65 326 171 327 168 390 392 126 21 115 130 319 187 294 448 258 278 283 387 364 140 326 254 27 212 264 382 235 388 152 300 86 444 212 268 322 364 183 321 225 448 346 363 88 290 280 130 287 48 354 149 253 376 170 212 320 240 205 361 47 107 133 323 324 312 158 294 266 305 154 346 157 39
 102 106 243 231 226 192 266 123 177 313 108 151 265 91 1 103 125 188 140 346 317 36 215 293 179 58 195 139 117 90 53 46 266 279 358 69 259 124 158 142 39 263 196 57 249 105 196 138 239 362 220 203 144 353 357 382 294 350 353 145 255 219 250 396 109 177 90 269 175 257 43 325 127 137 352 333 24 229 206 309 183 136 231 244 330 244 159 43 383 387 394 264 212 340 360 305 144 131 201 156 248 165 55 183 308 92 252 334 162 170 188 85 266 214 304 197 331 176 243 164 152 277 328 99 71 353 180 269 383 113 93 174 317 37 126 97 182 323 185 77 198 88 116 199 338 217 264 27 390 107 338 54 229 48 198 82 160 277 96 404 179 161 209 175 219 15 197 143 194 238 220 254 191 317 219 162 55 293 57 62 154 139 233 342 366 60 134 267 242 371 153 65 162 99 148 99 245 266 20 264 106 348 94 176 179 146 279 252 223 240 353 357 112 95 199 266 208 268 250 375 167 252 141 114 220 339 306 118 293 108 237 210 328 339 181 84 118 49 287 108 218 395 168 187 241 311 289 50 240 242 102 159 240 353 145 364 198 282 145 381 160 178 262 293 111 282 152 387 354 294 49 271 253 187 212 131 305 59 262 297 90 188 281 251 144 343 45 125 119 329 235 316 195 211 286 217 174 286 84 83
 25 8 144 129 173 138 176 158 97 214 117 49 173 154 103 1 104 194 89 261 221 126 222 196 108 131 93 53 36 61 92 102 180 200 256 103 175 55 92 132 109 177 215 68 148 172 174 120 202 261 138 180 53 274 256 287 197 274 257 44 153 173 193 305 158 83 97 185 102 156 75 256 55 160 251 237 94 157 111 215 92 118 205 174 228 190 168 67 283 306 305 209 119 247 268 205 109 29 159 85 184 123 52 102 208 84 203 237 101 68 86 142 169 148 232 102 255 157 162 72 132 216 227 56 134 261 157 196 290 100 166 175 216 76 46 82 111 221 169 135 216 98 112 117 247 224 165 125 293 90 239 50 181 93 146 116 122 182 94 310 178 168 126 77 155 115 120 173 109 166 133 212 201 220 138 94 143 196 101 70 109 136 133 250 266 121 44 168 141 271 63 86 172 130 59 142 144 166 105 177 75 253 63 177 122 100 178 210 122 171 255 260 107 110 123 192 113 198 190 285 79 166 198 47 179 237 235 131 192 26 215 172 237 242 167 159 78 133 185 64 149 298 153 190 139 238 215 106 200 149 176 60 141 251 164 263 169 184 148 291 61 167 170 213 48 180 81 296 268 211 69 173 152 173 142 168 206 115 182 231 61 92 180 173 53 244 124 96 57 242 252 230 156 160 213 187 121 194 42 120
 81 99 174 179 104 72 173 233 197 280 33 121 176 99 125 104 1 285 37 350 297 160 313 213 78 101 150 155 140 153 74 158 273 295 310 63 269 60 195 28 157 165 301 138 214 114 274 17 305 311 234 280 91 241 315 364 213 236 333 117 206 96 129 388 88 113 38 165 77 194 86 206 63 242 285 246 136 119 135 219 185 15 306 129 270 293 257 90 346 276 389 141 209 329 261 233 209 120 262 188 129 44 89 201 238 34 129 309 57 133 161 88 190 251 188 191 216 255 139 99 31 318 290 152 92 258 256 296 369 13 117 72 256 129 74 31 80 262 267 194 303 180 20 216 239 316 237 149 363 182 259 108 285 79 250 188 223 192 181 386 271 67 224 122 104 128 221 82 206 126 128 315 291 293 119 64 124 211 164 66 211 34 171 331 292 88 144 196 180 331 161 158 71 205 159 74 187 238 110 268 31 257 45 74 225 33 215 313 193 272 272 271 19 191 99 154 134 153 293 274 176 259 123 62 96 281 335 41 237 129 316 86 321 316 65 116 29 173 230 163 251 370 250 282 203 336 314 163 303 158 125 149 172 290 248 294 76 205 47 375 148 263 255 309 150 236 185 377 249 304 81 195 190 71 243 84 274 174 155 332 153 123 234 142 153 265 106 12 55 225 340 214 71 264 171 289 57 278 133 63
 215 201 302 273 365 331 350 73 158 299 282 219 344 278 188 194 285 1 279 266 282 166 29 352 300 245 248 167 166 135 230 143 208 201 352 249 200 247 133 310 150 355 33 149 261 291 52 301 92 361 175 54 241 455 343 327 353 457 306 217 283 365 386 322 296 262 260 367 294 302 209 445 247 54 378 392 166 346 284 379 185 299 69 365 349 125 30 201 357 483 317 402 200 283 433 348 93 199 90 141 376 313 198 163 348 254 396 301 293 230 223 272 326 137 419 199 439 50 347 257 315 160 315 139 258 423 57 178 322 276 279 350 343 163 238 256 302 346 43 120 30 107 285 167 414 32 257 182 347 105 384 179 107 227 107 107 88 346 105 343 18 339 171 249 346 198 155 328 173 356 316 109 10 286 325 286 237 353 132 224 102 310 287 286 400 246 175 320 291 351 175 130 341 90 172 284 289 261 207 213 256 410 242 352 116 290 319 108 240 155 400 410 279 97 312 380 287 387 141 452 174 202 328 238 371 353 198 295 318 170 68 362 269 300 349 269 264 155 314 131 144 347 49 7 260 208 193 139 97 321 286 198 299 372 45 391 357 340 320 308 200 36 228 211 149 295 142 317 441 220 210 330 299 355 145 316 290 131 366 183 135 267 298 360 175 387 232 280 247 416 60 404 346 106 401 70 313 241 155 266
 66 82 138 144 90 55 140 235 174 245 68 93 142 132 140 89 37 279 1 319 263 174 308 178 45 128 116 134 122 146 94 164 244 268 275 89 240 35 176 58 166 133 299 138 180 148 262 45 289 275 208 268 61 216 279 330 178 212 300 90 171 87 114 355 123 78 65 135 42 158 98 186 37 241 249 212 146 92 99 185 159 44 292 105 234 273 252 99 310 250 357 128 179 296 230 198 197 97 246 168 109 35 93 177 203 54 119 275 24 102 130 120 155 229 166 162 192 245 109 65 51 294 255 142 122 226 244 270 335 44 150 99 220 135 48 48 47 226 256 201 300 178 55 190 208 310 204 165 328 175 224 109 266 99 231 190 210 157 177 352 265 97 198 88 81 146 197 118 180 100 93 297 286 260 87 29 150 176 169 78 196 66 135 298 257 115 123 160 145 295 138 159 102 207 136 108 151 204 129 238 35 224 46 101 206 13 179 295 160 248 237 237 53 190 66 128 98 130 271 244 152 230 159 43 92 245 309 77 202 114 303 84 289 282 84 148 23 185 194 152 228 336 240 276 168 309 287 169 286 123 159 122 136 254 246 259 82 169 79 342 121 254 224 280 136 201 165 345 220 275 92 160 154 90 220 120 239 180 126 307 146 88 198 114 130 230 131 27 33 195 336 184 68 245 147 274 36 247 125 95
 279 263 219 191 360 340 269 306 171 112 371 230 259 413 346 261 350 266 319 1 77 352 273 235 300 388 207 211 233 258 351 318 82 70 144 363 88 291 190 375 329 283 296 291 150 431 215 362 179 156 127 212 260 357 130 70 236 367 66 234 172 370 365 58 418 246 354 298 297 199 331 378 288 288 202 256 327 315 240 263 170 361 204 330 177 141 268 322 122 368 53 380 143 43 301 211 219 236 180 192 348 345 309 164 207 340 384 83 313 218 190 401 227 142 353 161 357 224 298 256 369 110 118 249 393 289 216 89 62 350 425 417 184 310 277 336 301 181 226 327 293 277 364 148 294 275 124 360 96 251 233 298 160 351 169 299 207 247 266 81 253 415 139 233 330 360 151 428 154 322 273 166 274 85 290 302 396 237 308 329 205 382 209 45 225 379 219 215 203 127 199 291 419 297 203 401 196 126 356 85 325 271 318 419 177 330 196 165 162 116 243 259 359 280 295 327 243 340 126 319 184 96 458 291 382 172 74 385 173 244 212 380 38 76 400 417 322 350 177 240 136 93 231 260 161 64 73 318 173 251 435 204 217 189 284 211 388 228 395 43 205 236 96 57 236 152 195 53 326 53 326 226 201 405 140 425 109 319 307 90 258 240 157 311 209 232 379 339 297 310 302 303 368 164 342 197 333 74 263 380
 234 221 148 125 292 276 195 305 148 35 322 181 185 372 317 221 297 282 263 77 1 330 296 159 238 350 148 179 201 236 311 298 75 91 78 320 83 239 174 320 308 210 313 266 85 390 232 307 209 89 112 231 207 281 66 68 160 291 38 186 102 304 295 94 373 187 307 225 235 127 294 303 236 291 129 180 302 245 175 187 135 306 232 260 102 168 277 286 76 292 97 309 107 38 226 135 213 193 193 172 277 285 272 141 130 292 315 20 253 166 139 359 153 146 278 121 281 234 227 199 312 150 45 225 353 213 227 115 73 299 385 360 108 283 227 288 239 105 240 315 311 263 312 128 218 299 61 335 74 238 158 265 183 313 177 287 206 172 253 91 266 359 120 176 262 331 137 378 129 251 204 200 291 9 221 243 363 161 290 288 199 328 141 39 152 340 184 141 133 71 165 272 364 289 170 356 126 60 323 70 275 195 271 361 173 273 121 199 105 129 168 184 308 270 229 254 178 268 152 243 152 81 412 241 316 99 126 334 97 211 243 315 40 23 340 379 270 332 101 219 139 79 239 276 97 117 111 300 202 180 395 162 147 117 289 139 325 153 341 83 161 248 59 88 209 78 174 83 250 76 289 152 129 345 138 377 33 303 234 138 236 178 82 240 175 157 344 286 246 234 329 227 304 177 268 220 271 42 235 336
 131 131 269 254 261 226 296 96 185 330 143 174 295 117 36 126 160 166 174 352 330 1 191 321 212 85 218 153 132 96 88 35 273 283 376 104 265 156 163 177 24 294 169 65 268 128 183 174 228 382 227 189 173 386 374 393 321 384 364 169 277 254 285 404 138 205 125 300 207 281 77 359 158 113 376 361 33 263 234 338 196 171 216 278 352 239 138 76 399 420 401 299 224 349 390 330 139 152 194 162 282 200 85 192 333 127 288 348 196 193 207 114 293 214 338 211 364 162 275 192 188 273 345 106 99 383 168 270 393 149 115 208 340 51 156 132 215 345 170 48 172 79 151 207 368 193 280 17 403 103 364 78 222 83 194 64 154 305 89 414 160 194 216 201 253 38 202 174 203 272 251 244 167 331 251 195 73 320 46 97 151 174 258 352 391 90 150 293 266 388 167 61 195 78 162 130 269 282 53 273 141 376 128 210 178 180 303 242 241 241 380 385 147 81 232 300 236 302 247 406 180 260 165 145 255 360 305 152 316 124 221 245 337 352 216 105 153 14 309 114 219 407 154 166 260 311 290 35 229 271 121 177 266 376 122 388 234 309 179 388 179 162 273 297 122 302 159 395 386 299 83 298 277 221 214 161 321 39 294 295 96 216 302 283 159 369 73 160 151 360 208 348 230 206 320 204 208 296 97 116
 243 229 326 296 393 359 375 97 180 315 310 245 369 305 215 222 313 29 308 273 296 191 1 376 327 272 273 193 193 163 258 170 222 212 368 276 214 276 157 338 177 381 31 178 282 318 67 330 95 378 193 66 268 481 359 337 376 483 318 244 305 393 413 329 323 289 289 393 321 325 237 471 275 79 398 415 193 373 310 403 208 327 70 392 368 133 58 229 371 508 323 430 220 294 457 370 119 226 105 166 403 341 226 185 370 283 424 315 321 256 247 299 350 153 445 221 466 73 374 284 343 164 331 167 285 446 78 188 331 305 305 378 363 191 266 284 330 366 63 144 27 135 313 187 439 4 276 207 358 134 406 207 116 255 124 134 112 370 133 352 45 367 191 276 374 224 175 356 194 383 342 110 25 301 352 314 263 376 159 252 126 339 312 297 420 273 202 343 314 366 200 159 369 117 198 312 312 280 234 228 285 433 270 380 137 319 341 110 263 168 421 433 308 125 339 406 313 414 149 476 198 217 354 266 399 372 203 323 338 198 64 391 280 314 378 295 293 180 335 159 159 358 73 33 282 213 201 166 101 346 311 223 323 391 71 411 386 363 348 315 226 59 245 221 176 315 166 325 466 230 239 354 322 384 162 344 307 157 393 187 163 293 318 387 201 409 259 308 276 441 35 429 375 121 428 78 341 256 184 294
 192 191 54 80 160 160 48 342 197 126 245 150 41 309 293 196 213 352 178 235 159 321 376 1 136 301 109 192 203 246 262 298 196 222 124 262 198 175 220 227 304 63 381 263 103 325 312 216 312 119 195 315 150 124 135 209 2 133 185 155 77 175 153 244 300 117 240 75 137 52 256 145 171 337 77 42 289 113 88 31 169 216 328 120 75 277 335 252 166 142 249 164 160 196 82 30 262 174 278 212 136 182 239 192 35 227 174 159 157 133 131 297 29 236 122 156 123 304 89 131 213 277 125 236 297 71 299 240 219 221 326 255 61 271 169 221 135 67 314 328 380 284 232 193 66 378 122 318 195 266 47 244 283 266 258 306 265 23 277 228 335 260 192 121 134 304 205 289 184 114 87 311 361 152 98 150 320 3 295 240 252 236 67 196 80 288 187 33 63 150 180 279 265 317 184 285 64 119 290 187 206 59 210 255 240 182 42 309 116 236 61 65 230 295 117 106 87 119 266 101 180 188 334 183 188 86 267 252 63 205 341 191 198 167 230 323 195 328 60 237 230 204 305 347 99 262 247 301 306 56 335 160 57 86 339 84 206 14 247 237 157 318 163 228 220 85 212 234 98 217 249 24 54 232 224 294 127 309 87 275 246 106 80 97 183 53 300 204 181 78 410 69 186 267 115 311 165 173 233 271
 89 101 101 114 70 42 96 263 174 216 111 90 99 176 179 108 78 300 45 300 238 212 327 136 1 172 95 140 136 168 137 198 230 256 240 133 228 58 183 92 201 89 322 169 154 192 276 81 296 239 201 280 61 175 246 303 135 173 273 89 140 75 87 331 166 56 109 91 7 123 138 151 57 266 209 168 182 52 65 142 153 81 303 68 197 275 274 138 278 209 333 104 168 273 186 158 211 104 253 174 77 50 129 175 163 97 100 248 23 90 116 164 114 229 128 152 153 260 65 50 80 291 224 162 166 182 258 263 309 87 194 126 182 169 63 91 4 188 272 234 323 204 97 186 164 330 179 205 299 196 182 141 271 142 237 220 222 115 201 325 284 128 192 70 48 187 195 155 175 61 50 302 307 233 43 19 194 134 201 119 208 102 102 274 215 159 130 121 111 262 140 189 133 235 140 151 118 179 170 223 78 180 86 127 212 47 141 300 139 244 195 194 96 216 22 89 63 93 270 200 151 217 199 69 85 208 300 117 166 130 314 81 268 255 104 192 65 223 159 170 227 306 257 295 142 299 278 203 292 81 202 119 100 215 271 218 88 128 113 319 117 271 206 268 152 169 172 320 177 261 131 119 119 108 219 159 211 213 84 300 168 62 166 72 135 188 174 70 62 152 358 140 68 250 109 285 35 227 148 139
 119 131 254 250 202 172 266 179 219 342 73 173 267 34 58 131 101 245 128 388 350 85 272 301 172 1 214 178 156 140 41 103 307 324 381 40 301 127 205 108 96 260 252 109 275 49 253 109 294 384 262 259 156 340 383 417 301 335 387 168 276 192 228 434 53 188 65 262 169 272 58 305 131 194 367 337 81 218 215 311 220 107 287 229 348 296 216 67 411 375 434 239 248 377 357 317 197 158 255 201 229 143 80 225 321 76 225 366 152 191 214 29 275 262 288 232 316 232 236 173 121 328 355 146 15 353 236 316 420 90 39 129 334 89 135 82 174 340 242 131 255 145 85 242 335 274 294 70 422 161 347 92 282 39 250 139 213 281 152 439 236 115 251 190 204 49 241 91 234 225 219 308 248 349 214 155 24 299 115 65 205 102 248 379 378 14 170 278 257 398 190 121 115 156 186 47 262 295 40 304 96 350 91 131 229 130 294 306 250 288 361 362 83 152 193 253 216 253 301 371 205 293 84 120 190 358 354 77 312 145 294 180 366 372 142 30 108 99 305 157 265 428 225 245 265 358 336 107 294 246 48 190 252 370 202 378 165 291 103 420 190 235 299 338 155 305 197 425 347 337 63 280 267 147 259 77 334 116 253 347 140 199 304 241 180 352 14 106 121 323 291 311 167 263 271 272 156 323 128 40
 97 90 57 37 158 135 104 233 97 132 176 45 97 231 195 93 150 248 116 207 148 218 273 109 95 214 1 83 95 138 174 192 137 164 168 180 135 94 116 173 199 111 275 157 65 249 212 160 221 171 113 215 61 210 170 215 110 214 185 50 63 167 169 240 229 40 164 124 91 64 162 207 90 229 159 150 186 119 42 133 71 159 233 137 136 193 228 156 200 236 242 185 77 182 188 114 156 67 182 108 153 139 142 95 117 149 186 161 107 26 28 218 82 147 180 64 197 201 110 52 165 204 143 128 214 178 197 172 220 152 246 213 124 168 82 144 96 129 212 221 275 176 166 102 168 275 89 218 215 158 149 142 193 177 163 198 162 100 168 238 231 212 106 29 130 207 113 231 91 128 79 224 256 145 93 96 231 109 189 151 147 181 43 183 174 203 78 78 50 185 74 171 217 208 77 212 52 89 195 130 130 168 128 214 141 126 86 222 46 157 165 172 162 187 92 144 46 155 185 206 76 124 267 98 178 146 208 188 100 98 245 175 175 167 194 241 123 224 93 129 144 222 201 242 54 207 186 195 216 75 256 52 53 159 231 171 182 97 194 228 49 215 112 175 111 91 107 230 195 167 155 86 61 199 136 230 126 203 127 210 138 34 90 125 75 154 211 139 100 169 306 157 162 174 164 215 127 134 126 193
 76 58 139 114 209 177 184 152 44 178 169 53 178 204 139 53 155 167 134 211 179 153 193 192 140 178 83 1 23 61 141 122 130 148 226 154 124 100 44 182 131 189 194 89 118 222 137 170 157 232 86 141 81 289 223 244 192 291 214 53 132 212 226 258 210 96 149 201 135 144 121 280 98 146 233 232 124 183 118 216 45 168 164 201 206 140 146 112 247 317 257 243 73 202 270 193 75 38 114 35 214 167 99 50 194 136 239 197 140 64 63 192 164 97 253 59 273 123 182 94 181 164 193 50 183 261 120 144 245 151 215 226 196 105 87 134 143 200 134 145 194 96 164 66 251 196 128 157 252 76 229 88 133 141 99 120 84 182 88 266 150 220 75 83 186 153 68 226 58 193 150 165 176 179 160 131 187 192 116 120 70 187 125 204 251 170 12 160 130 236 15 97 224 128 10 193 131 131 147 128 126 250 115 228 74 146 164 163 92 119 245 253 158 106 149 215 121 223 139 289 29 116 250 95 220 213 183 183 170 34 175 214 191 201 216 207 127 156 165 48 97 257 121 162 112 186 163 124 154 155 225 33 136 230 149 245 214 179 199 244 35 136 124 162 33 153 33 249 276 161 116 168 140 222 90 220 169 129 200 179 61 101 154 195 9 233 170 146 103 251 226 238 198 112 236 145 162 147 57 172
 60 42 150 128 203 170 190 141 65 199 151 56 186 182 117 36 140 166 122 233 201 132 193 203 136 156 95 23 1 44 120 102 152 169 245 133 146 88 57 167 111 194 190 68 137 200 142 155 167 251 107 147 76 293 243 266 203 295 236 53 148 205 222 281 189 99 130 204 130 157 99 280 87 138 249 244 102 181 124 226 67 153 171 200 223 155 142 90 268 323 280 238 96 224 280 207 77 34 124 50 211 157 77 71 209 118 234 218 132 72 78 171 175 114 255 81 276 125 183 93 167 181 213 34 162 271 124 164 267 135 193 210 213 84 77 116 138 217 137 128 190 82 147 87 259 196 149 136 274 66 243 66 146 120 111 105 89 192 75 288 149 203 96 88 182 131 88 207 79 191 152 177 173 201 160 124 165 203 97 100 75 171 137 226 266 148 19 172 143 257 37 79 207 115 32 173 144 151 125 150 110 261 98 212 86 134 178 175 111 137 258 266 141 93 147 215 127 223 156 298 51 138 229 81 212 231 203 165 187 13 182 205 213 222 202 185 113 136 181 37 115 279 122 161 130 206 183 105 165 162 203 47 147 247 142 261 203 190 183 266 49 137 146 183 19 171 47 271 283 182 95 179 154 208 108 201 190 111 203 198 44 105 172 196 28 247 148 131 91 257 224 245 189 125 236 153 153 170 36 151
 82 68 193 172 232 197 232 99 90 237 155 98 228 170 90 61 153 135 146 258 236 96 163 246 168 140 138 61 44 1 111 63 179 190 285 128 171 114 69 179 73 234 155 34 178 187 123 169 159 292 132 129 112 333 282 298 246 333 270 95 191 231 253 309 182 139 133 244 162 201 88 316 114 99 292 287 70 217 165 268 102 167 156 235 265 158 108 79 306 364 307 269 130 255 322 250 60 75 118 68 244 179 70 97 252 124 262 254 160 115 121 161 218 125 292 118 314 103 222 130 183 189 252 12 149 314 105 180 298 145 177 221 255 54 106 125 171 260 115 85 156 39 155 113 302 166 187 103 309 31 286 52 144 109 111 61 76 234 34 319 120 211 122 129 215 104 108 207 108 227 192 172 141 236 198 154 143 246 56 97 67 181 180 257 309 135 62 215 187 295 75 37 214 72 70 167 188 190 103 178 123 304 109 223 90 156 221 170 152 151 302 309 149 51 183 252 168 258 163 340 86 165 220 104 237 273 217 169 230 43 165 229 243 257 217 168 131 97 224 19 128 313 98 132 172 222 200 65 158 204 187 90 190 290 104 304 224 234 191 294 92 111 179 205 29 213 64 301 324 206 87 223 197 223 123 198 228 69 241 209 1 147 214 233 68 290 129 147 114 299 192 286 212 125 273 140 180 201 22 147
 79 91 215 209 176 143 229 170 183 302 56 133 230 64 53 92 74 230 94 351 311 88 258 262 137 41 174 141 120 111 1 92 270 288 341 19 264 88 171 90 89 224 242 84 235 82 230 87 269 344 226 237 116 309 342 378 262 305 348 128 236 169 201 396 73 148 38 228 133 232 24 277 92 182 327 299 69 185 176 274 182 84 264 198 308 266 201 33 371 344 396 214 210 338 322 278 170 119 228 166 200 116 44 189 281 43 202 327 118 151 174 52 236 230 258 193 285 210 201 133 101 296 315 115 43 317 213 282 381 62 76 123 294 68 96 48 139 300 221 127 244 125 64 205 300 261 254 76 382 136 308 60 254 6 220 126 186 243 130 400 219 111 214 150 173 55 206 99 198 193 182 282 235 309 179 120 59 261 101 24 177 87 208 340 339 30 133 239 217 357 152 101 112 144 148 58 221 255 37 267 60 313 53 125 198 98 254 280 210 255 322 324 60 135 158 222 177 222 270 336 168 256 111 80 168 318 321 67 272 108 272 158 328 332 129 69 73 101 265 127 232 388 203 229 225 324 301 97 268 208 86 150 212 330 190 338 147 252 94 382 151 215 260 302 121 264 163 386 313 300 26 241 228 135 225 89 294 107 219 314 111 159 263 207 143 313 39 76 82 288 281 276 144 234 240 248 126 284 96 37
 112 108 245 227 253 218 277 79 152 299 147 149 274 136 46 102 158 143 164 318 298 35 170 298 198 103 192 122 102 63 92 1 240 250 346 110 232 141 129 179 12 276 151 36 238 150 153 173 197 352 193 160 152 371 344 360 298 370 332 144 249 249 277 370 154 184 126 284 193 255 74 348 143 92 349 338 25 249 212 317 164 170 187 265 324 206 114 68 368 404 368 292 192 316 369 305 106 126 162 129 272 194 72 159 308 124 282 316 185 167 179 130 270 181 325 180 350 132 259 172 187 241 314 74 116 362 137 237 360 147 138 214 313 31 139 128 201 318 141 38 154 46 153 174 348 172 249 45 371 70 340 58 190 88 161 37 121 283 56 381 134 202 183 178 242 57 169 187 171 259 232 213 146 299 235 182 97 297 13 93 118 177 233 319 365 104 121 268 241 357 136 28 203 54 131 143 243 252 65 239 133 354 120 216 145 173 277 211 212 208 355 361 147 51 217 286 215 290 214 386 148 227 186 130 251 332 272 159 288 96 193 242 304 319 218 128 145 35 282 81 185 375 125 142 231 278 256 6 198 250 145 148 242 348 100 361 233 286 184 355 150 134 241 263 90 273 126 362 368 266 78 274 252 224 180 175 290 17 278 262 63 193 273 269 128 344 90 155 138 342 191 329 226 173 307 174 200 263 68 126
 199 183 164 132 294 271 219 235 90 98 293 153 209 333 266 180 273 208 244 82 75 273 222 196 230 307 137 130 152 179 270 240 1 28 149 283 9 214 111 299 250 231 239 211 95 351 157 286 135 160 47 157 184 318 139 125 197 326 100 157 121 303 303 132 338 176 275 246 226 150 251 330 211 220 190 227 247 253 175 226 90 285 158 270 160 95 204 241 150 336 130 319 65 80 273 178 145 156 119 112 287 272 228 83 176 261 321 94 240 144 116 321 179 73 303 83 313 161 240 184 294 84 113 169 312 260 153 47 123 272 344 342 160 230 200 257 232 160 166 251 237 200 286 67 260 224 74 280 141 174 209 217 108 271 103 223 136 201 189 145 193 338 58 161 266 280 72 350 74 261 211 128 217 80 227 230 316 197 230 249 131 306 151 83 213 299 139 168 148 146 119 213 343 223 123 321 142 78 275 10 247 244 239 343 103 255 155 127 96 55 223 237 280 205 228 272 179 284 80 292 103 15 378 213 314 161 74 306 140 164 169 311 67 94 326 336 245 272 140 160 66 143 166 202 103 71 53 240 129 195 354 126 161 180 218 202 317 186 319 117 126 174 34 38 156 114 115 124 292 32 246 180 149 331 66 346 90 242 252 80 179 171 119 254 129 210 299 263 219 272 254 262 297 103 290 146 261 35 183 300
 220 203 191 160 321 297 246 237 105 119 314 176 237 350 279 200 295 201 268 70 91 283 212 222 256 324 164 148 169 190 288 250 28 1 167 301 29 237 122 322 260 259 232 224 122 368 150 309 121 178 63 148 208 345 156 127 223 353 107 179 149 329 330 126 357 201 295 273 252 177 267 357 234 220 213 253 260 280 202 252 111 308 145 297 183 80 201 258 162 362 122 346 90 83 299 204 149 177 113 125 314 297 245 100 201 281 348 107 265 169 141 339 207 73 330 106 340 157 267 209 318 61 132 182 330 286 149 26 122 294 361 365 184 243 223 278 258 184 160 257 229 208 307 83 287 214 101 292 147 182 234 233 97 288 101 230 138 228 197 144 187 361 74 187 292 293 84 371 92 288 238 111 210 97 254 254 331 224 239 267 136 328 179 86 236 316 157 195 175 160 138 223 365 227 141 340 169 104 290 37 268 269 260 367 107 279 182 110 123 48 247 262 302 211 255 299 206 312 64 317 122 40 397 235 340 183 47 327 165 181 155 337 69 105 350 353 267 281 166 172 67 147 163 195 131 44 26 250 114 222 371 148 189 202 216 224 342 213 341 110 149 170 60 15 170 140 128 119 319 20 263 207 177 356 70 366 111 250 280 54 190 197 145 281 147 235 315 285 242 299 243 289 323 96 317 135 286 55 198 319
