NAME : domp240p120v8
COMMENT : (Deleplanque et al.) 
TYPE : DOMP
DIMENSION : 240
DISPLAY_DATA_TYPE: NO_DISPLAY
OPEN_FACILITIES : 120
COST_SECTION
 1 314 163 89 33 420 162 372 141 163 294 156 307 177 212 244 151 261 342 261 64 166 296 394 218 210 177 119 136 226 353 161 406 330 144 228 153 265 145 313 272 225 228 288 265 377 360 237 99 213 202 348 8 253 382 410 166 151 35 246 328 400 78 177 325 306 249 311 408 216 190 182 37 210 136 223 95 242 372 224 225 256 306 165 152 113 226 240 196 193 282 152 107 102 264 141 309 367 389 452 221 454 118 136 56 109 198 226 152 201 249 49 170 431 396 189 358 382 273 332 322 182 227 413 183 329 394 344 344 216 191 266 230 47 255 191 210 259 322 238 292 263 380 356 50 154 92 203 150 41 90 44 142 156 437 141 22 69 120 237 187 236 214 291 301 89 351 284 283 159 185 35 187 228 399 268 163 212 145 265 389 174 268 38 200 295 5 21 299 326 45 243 251 248 116 255 398 102 229 316 216 243 338 336 330 68 382 52 222 73 357 32 196 233 252 314 372 198 252 189 257 78 155 397 331 241 168 133 202 303 98 129 299 351 245 245 313 85 290 302
 314 1 242 366 326 155 158 263 287 253 259 404 12 370 348 136 204 138 306 54 365 188 97 435 335 139 140 223 269 208 371 399 169 192 249 89 170 162 369 207 321 169 361 99 351 103 265 382 325 119 186 294 321 156 155 211 161 356 345 313 247 197 307 171 158 300 73 247 202 103 252 189 315 135 406 369 353 164 175 335 185 75 359 183 223 204 345 95 197 307 261 340 372 403 351 218 92 329 239 190 94 199 307 184 340 305 319 241 250 228 187 327 249 170 209 282 128 218 371 114 318 335 114 138 288 173 235 334 162 302 232 363 104 270 350 249 164 365 350 167 119 80 301 210 280 182 227 289 172 274 321 271 229 269 216 339 294 353 374 373 164 206 110 36 138 235 342 54 105 245 227 283 161 89 280 298 399 135 171 269 376 244 346 301 116 181 316 310 192 193 275 185 92 303 300 121 210 374 183 62 335 114 254 226 267 266 379 341 173 298 363 287 276 125 106 325 342 149 317 383 140 245 171 163 322 367 240 211 320 221 290 222 90 238 79 90 326 234 398 376
 163 242 1 157 150 294 109 212 49 12 132 172 240 129 112 119 48 268 182 200 175 207 179 258 103 104 159 61 36 69 205 164 271 179 20 181 98 123 135 157 127 254 127 171 137 263 199 147 104 125 62 187 165 115 247 262 97 119 176 104 168 254 102 75 183 149 207 150 263 148 31 226 137 108 183 132 137 103 229 106 78 168 167 201 26 107 114 148 52 71 121 102 154 204 137 41 193 208 233 321 166 320 78 98 147 81 83 64 13 41 287 138 12 302 247 49 230 229 153 207 166 94 129 293 51 183 239 189 202 78 29 144 210 150 131 31 83 143 175 98 166 166 218 202 114 185 103 61 162 142 106 140 29 29 292 103 145 155 149 140 210 79 189 209 165 159 196 240 164 5 26 135 83 184 239 114 164 215 116 105 236 13 135 128 158 145 167 145 146 174 123 93 153 101 72 135 249 159 82 213 103 133 177 178 168 97 231 152 82 99 207 134 49 232 240 161 215 210 110 142 127 102 91 262 175 136 6 58 86 144 76 50 185 192 206 153 160 104 179 172
 89 366 157 1 58 446 209 361 114 152 276 69 361 105 154 267 172 337 314 315 37 246 326 337 166 240 240 145 122 225 307 75 426 335 140 285 197 278 68 312 231 305 168 317 213 410 347 170 54 252 214 325 84 268 401 419 207 82 65 205 317 411 61 205 338 276 310 298 419 264 175 263 61 243 49 158 23 256 385 173 233 298 257 243 161 167 171 280 205 152 263 92 20 48 212 158 340 336 387 475 275 475 82 183 35 78 152 213 145 195 332 46 159 455 403 159 382 385 215 358 287 127 263 443 151 339 393 308 358 178 184 210 297 127 201 177 230 202 277 251 316 302 359 357 92 230 144 170 220 116 52 118 151 137 448 81 96 21 36 174 263 235 278 338 319 168 313 346 311 153 182 101 216 286 387 234 78 285 198 242 348 165 218 74 256 301 92 76 302 330 102 249 288 212 87 282 405 14 238 354 164 274 325 331 312 102 339 38 235 69 314 95 169 306 323 276 338 272 210 114 278 126 196 417 297 180 162 159 156 297 84 150 330 344 306 285 275 137 227 247
 33 326 150 58 1 422 170 361 120 148 279 125 320 146 185 243 148 284 325 274 40 191 299 368 192 212 193 116 119 216 330 129 406 323 131 242 160 261 114 304 251 250 201 290 240 381 348 209 71 219 196 332 29 250 381 406 171 121 27 224 316 396 54 177 322 288 265 298 405 225 175 208 14 213 106 195 63 238 369 199 219 263 282 189 144 124 200 246 189 170 267 124 75 79 239 136 312 349 381 453 233 454 93 144 25 85 174 212 138 189 276 18 156 432 391 169 359 376 246 334 302 155 232 417 162 325 386 324 341 194 178 240 248 71 229 176 208 233 299 234 293 269 365 348 48 177 100 182 170 61 63 63 134 139 433 112 40 38 88 209 210 226 231 301 299 113 330 300 285 146 174 48 188 243 387 248 132 234 156 248 368 161 244 27 213 289 36 20 291 319 52 236 257 227 93 256 393 71 223 322 191 246 326 326 315 65 361 22 217 52 335 42 177 255 273 293 353 220 230 159 256 83 161 397 312 213 155 131 178 293 78 125 302 341 261 252 293 93 263 277
 420 155 294 446 422 1 261 185 342 302 233 464 166 414 373 181 277 292 256 192 457 329 125 389 355 211 269 307 329 232 329 455 39 141 309 223 268 173 426 169 313 321 380 133 351 53 196 401 396 209 234 238 426 180 54 91 255 409 446 318 197 83 387 246 118 270 219 210 80 214 288 335 409 211 476 392 428 192 85 353 217 172 339 324 287 309 363 183 244 338 242 391 446 490 351 290 112 270 145 37 219 45 371 286 428 373 348 258 306 262 341 417 296 16 101 315 65 124 370 89 283 372 194 21 324 125 135 289 102 322 271 364 251 382 355 284 217 370 321 197 131 162 227 137 376 318 329 315 302 383 396 379 296 319 77 395 398 439 442 389 309 224 250 152 130 357 294 208 138 298 270 386 235 224 189 290 455 282 281 261 316 289 343 396 241 162 422 409 167 145 376 204 171 306 365 167 101 450 213 113 357 178 199 170 219 358 323 432 213 381 317 389 306 276 259 295 283 295 319 424 170 343 265 43 281 381 289 293 347 190 364 299 122 172 225 179 296 336 394 361
 162 158 109 209 170 261 1 255 143 120 200 251 153 226 219 96 62 160 256 107 209 110 138 357 211 59 51 69 125 122 298 247 252 195 108 79 14 128 219 188 226 148 235 130 243 216 248 255 170 53 86 254 169 114 228 265 15 208 191 207 217 253 151 46 179 231 105 205 261 56 133 127 159 57 250 239 196 108 224 214 106 94 267 103 84 50 222 79 90 179 194 194 215 246 243 72 150 284 258 295 67 298 156 28 183 153 191 145 112 119 181 170 120 273 253 157 202 246 260 176 251 198 69 253 159 188 260 273 197 185 116 251 102 122 238 131 77 250 270 106 139 102 277 222 124 89 72 169 64 124 166 120 86 132 287 191 141 196 219 247 106 128 82 131 152 100 281 141 126 111 108 129 48 81 281 208 248 107 22 188 321 117 240 145 52 162 164 155 170 192 120 121 91 202 149 102 255 217 108 155 211 86 227 213 228 109 319 185 95 142 296 133 156 124 132 251 293 104 213 240 111 88 19 242 258 245 110 60 194 187 136 71 140 230 103 84 251 79 286 276
 372 263 212 361 361 185 255 1 248 214 87 352 270 292 238 166 227 372 78 263 384 360 168 206 220 199 293 258 244 148 149 341 147 73 230 273 253 130 317 68 158 382 238 169 196 197 17 256 308 218 178 59 376 143 137 101 242 297 386 175 45 105 311 215 106 105 287 64 110 243 188 375 347 203 374 252 339 148 104 215 154 219 170 354 221 288 223 211 180 217 100 280 353 408 197 234 171 86 45 190 259 181 280 267 356 285 222 150 223 172 412 349 206 182 87 203 150 62 213 152 110 250 204 199 212 91 55 110 104 193 183 208 312 352 204 186 180 217 148 150 149 205 43 55 323 341 297 195 317 347 312 343 231 226 131 288 353 362 343 244 349 139 299 235 128 346 113 300 166 215 188 342 209 276 28 141 339 335 275 123 131 201 188 338 272 96 376 355 87 73 330 137 201 164 276 169 88 359 151 202 222 187 37 43 53 305 139 361 163 310 136 342 193 342 335 125 99 341 173 297 151 303 247 144 105 235 206 246 219 71 285 246 175 27 291 211 126 301 231 194
 141 287 49 114 120 342 143 248 1 41 164 123 284 85 85 167 85 299 206 242 138 226 227 257 84 149 189 78 19 114 213 116 319 223 38 220 130 170 86 199 133 278 102 219 129 311 234 118 61 169 111 215 141 163 294 307 133 71 145 106 204 300 67 117 230 169 246 185 308 189 62 245 108 154 136 103 93 151 275 89 126 213 167 221 65 124 94 193 100 55 151 55 108 161 128 72 241 230 274 369 205 367 33 125 111 39 63 99 39 84 310 105 48 349 291 50 278 272 140 255 183 58 174 342 43 229 280 205 249 76 73 132 244 142 119 64 130 127 182 146 214 213 248 245 97 204 111 63 184 132 65 130 59 24 338 55 127 115 102 114 233 123 223 254 213 164 212 280 213 45 73 121 127 222 274 129 116 244 144 131 249 54 130 104 194 190 145 121 190 218 110 140 199 109 29 184 294 114 130 261 83 181 212 218 200 85 243 117 131 69 218 117 58 263 273 175 234 236 113 99 175 101 125 310 193 114 54 84 66 184 43 73 233 231 244 199 174 109 162 166
 163 253 12 152 148 302 120 214 41 1 132 163 251 119 101 129 59 279 180 211 172 216 189 251 92 115 169 68 31 75 200 155 279 184 21 192 108 131 126 162 120 264 116 181 128 272 201 136 98 136 72 186 165 123 254 268 108 109 174 96 170 261 98 86 190 146 218 151 269 159 28 235 135 119 175 122 131 111 236 96 86 179 159 210 36 115 103 159 61 61 121 92 147 198 128 50 202 206 237 329 177 327 71 108 143 75 73 65 13 45 296 136 9 310 253 39 238 234 144 216 162 83 140 302 41 189 243 185 209 70 34 135 220 153 121 29 93 133 169 106 175 177 218 207 115 194 109 53 171 145 101 143 37 18 298 94 146 150 142 129 219 84 200 220 174 165 192 251 174 10 33 137 94 195 241 109 154 225 126 103 231 15 127 127 169 151 167 144 151 179 125 100 163 95 66 145 255 152 90 223 92 144 179 181 168 99 226 149 91 97 202 135 41 243 251 156 212 220 103 132 136 106 102 270 171 126 15 66 75 148 73 58 194 195 217 164 156 110 169 164
 294 259 132 276 279 233 200 87 164 132 1 266 263 206 154 132 158 341 57 241 300 309 165 177 136 153 246 185 161 80 113 255 199 94 150 241 194 99 231 65 81 342 156 161 120 225 73 175 223 177 116 57 296 107 180 168 186 211 305 92 46 166 228 156 121 42 260 27 173 206 106 326 266 159 288 170 254 104 150 131 96 196 108 302 147 223 140 181 113 131 14 194 267 322 120 162 174 85 121 249 224 243 195 205 273 201 136 69 143 95 373 266 125 235 151 117 179 127 139 168 60 164 168 242 126 110 130 78 133 107 105 133 278 279 126 104 126 140 94 104 143 185 87 103 245 288 227 109 263 272 228 269 155 142 200 202 276 278 257 164 303 73 261 226 126 280 86 283 155 135 111 266 154 244 112 60 253 296 217 37 124 120 112 259 230 82 298 276 73 89 254 85 176 80 192 142 153 274 95 205 138 156 52 69 37 228 125 278 109 228 106 265 108 307 306 68 95 298 91 212 122 230 187 192 65 155 127 176 134 45 203 173 172 76 263 184 69 230 162 129
 156 404 172 69 125 464 251 352 123 163 266 1 400 63 121 289 202 392 294 356 103 305 349 291 137 269 289 183 138 234 272 13 439 339 159 329 238 292 38 314 205 363 129 341 178 433 337 123 82 286 233 308 151 285 415 423 245 57 133 182 310 417 105 235 350 256 355 290 426 303 178 323 125 273 33 116 64 273 394 143 248 332 222 302 184 216 138 312 222 136 253 75 50 90 177 187 363 312 384 490 316 487 98 227 101 100 131 212 161 203 392 110 169 471 407 154 400 386 174 377 263 103 294 464 145 347 392 281 368 160 194 171 346 190 166 181 252 162 245 268 336 333 342 359 148 287 194 159 274 178 88 179 177 145 454 70 160 89 38 130 320 242 326 373 335 229 285 390 335 167 194 163 246 331 376 215 16 339 245 230 315 175 185 135 301 308 159 141 307 334 161 260 319 191 105 306 409 56 252 382 135 302 317 328 300 153 305 105 253 115 281 157 164 359 374 250 311 327 186 65 297 178 235 430 273 138 176 194 134 296 115 183 355 339 352 318 249 188 179 207
 307 12 240 361 320 166 153 270 284 251 263 400 1 368 348 137 201 127 311 47 359 178 103 439 334 138 132 219 266 210 375 395 180 198 247 81 165 165 366 213 323 158 360 104 353 114 271 382 320 117 186 299 314 159 165 221 156 353 339 314 252 207 302 168 165 303 63 252 212 98 252 179 309 133 402 369 348 166 184 335 187 74 361 174 220 197 345 94 197 306 264 338 367 397 353 214 99 335 248 201 88 210 303 179 334 301 318 242 248 228 176 321 248 181 218 281 137 227 372 122 322 333 113 149 287 180 244 339 170 303 232 364 94 263 351 249 164 366 354 169 124 81 307 217 274 173 221 288 164 267 317 264 226 267 227 336 287 348 369 373 154 208 100 38 144 227 346 43 109 243 226 276 158 81 288 300 396 124 165 271 381 243 347 295 109 187 309 303 197 199 269 187 93 305 296 123 220 369 184 70 335 115 260 233 272 261 384 336 174 293 368 280 276 114 95 329 348 139 319 381 143 238 167 173 326 367 238 207 320 226 286 218 97 245 69 89 329 228 399 378
 177 370 129 105 146 414 226 292 85 119 206 63 368 1 58 246 169 379 232 326 141 300 305 234 75 232 271 159 103 183 211 52 387 284 122 303 213 243 38 257 143 356 67 298 116 387 276 67 80 252 189 246 174 238 363 367 217 26 164 120 250 362 105 201 298 194 329 231 370 273 128 319 141 236 91 56 87 226 340 81 200 296 160 296 148 202 76 276 178 78 193 33 87 142 115 156 319 249 325 438 289 434 75 206 126 82 71 158 121 154 386 129 124 419 351 100 351 329 114 330 201 44 257 416 91 294 333 219 316 100 146 110 326 198 104 131 211 101 183 221 290 295 280 302 151 280 184 102 262 186 89 186 143 102 399 40 173 120 72 71 311 191 306 337 286 230 223 364 291 126 148 171 210 305 315 153 49 324 225 170 253 129 123 145 277 255 180 158 252 279 165 211 281 130 81 263 353 95 204 341 73 262 257 270 240 147 243 131 208 114 220 166 109 344 356 188 249 316 124 16 251 170 209 378 210 78 132 167 73 239 100 156 311 281 328 281 187 180 123 147
 212 348 112 154 185 373 219 238 85 101 154 121 348 58 1 217 158 378 175 310 188 309 273 185 19 211 268 160 101 147 155 109 343 238 113 292 207 206 92 210 86 360 18 266 60 352 223 36 115 234 163 190 211 204 321 319 208 74 207 64 198 315 135 185 256 138 318 180 323 259 97 329 176 216 148 22 134 193 295 25 167 274 104 304 136 207 18 254 152 42 141 64 139 196 59 148 286 192 274 394 276 390 96 205 168 105 30 117 108 122 392 168 102 377 302 67 312 279 62 293 144 31 235 377 62 250 282 161 273 52 117 57 320 223 48 100 185 49 126 188 255 270 224 253 176 288 194 62 267 212 124 211 135 88 351 76 203 166 125 30 315 153 300 314 248 247 165 350 259 110 122 199 193 294 261 98 106 324 224 119 196 106 66 177 269 212 216 192 208 233 190 174 257 75 99 233 304 147 171 311 17 236 204 220 186 167 187 174 178 142 163 195 73 342 350 131 191 318 67 60 219 185 201 335 153 30 113 163 29 191 120 153 280 229 317 259 129 192 80 94
 244 136 119 267 243 181 96 166 167 129 132 289 137 246 217 1 97 212 185 111 277 195 61 306 202 37 128 128 152 74 243 282 164 101 132 111 98 38 253 99 187 217 228 53 217 145 162 250 217 53 58 177 249 26 139 171 85 237 267 179 134 160 207 68 85 171 130 128 168 78 122 209 230 40 299 238 249 30 131 202 51 66 225 189 108 139 212 51 69 177 131 220 267 311 217 111 75 211 164 211 96 212 194 115 249 195 188 106 130 96 248 238 124 190 159 152 117 151 236 92 190 207 39 177 159 93 166 209 103 169 102 228 150 210 216 119 38 231 219 32 51 57 195 128 198 177 155 156 154 209 217 205 117 146 195 221 222 260 265 240 184 72 135 101 59 194 217 153 46 123 99 210 57 114 191 164 282 171 117 136 254 118 211 217 106 72 246 231 81 99 199 51 47 169 187 17 161 271 48 96 203 25 144 124 150 180 256 252 40 201 237 212 145 179 176 195 223 176 183 258 17 167 93 155 195 234 115 114 189 104 185 120 66 140 133 53 196 161 263 241
 151 204 48 172 148 277 62 227 85 59 158 202 201 169 158 97 1 221 212 158 181 162 155 301 150 70 112 33 67 81 246 196 259 180 48 136 50 115 167 165 170 207 174 147 184 239 217 194 124 86 52 214 156 103 234 260 50 154 173 149 185 250 111 35 175 183 162 170 259 105 74 181 134 73 207 179 155 92 223 153 76 131 210 156 23 67 161 112 48 118 149 138 174 215 183 15 169 240 240 307 121 308 104 53 152 103 130 94 51 66 240 141 59 286 246 96 213 232 200 188 201 138 94 273 99 179 245 224 194 125 60 191 163 126 178 72 61 190 216 88 147 133 242 206 103 140 71 108 116 121 123 118 27 72 287 137 131 164 173 187 163 90 142 172 152 123 232 196 141 50 52 119 46 138 254 154 196 167 70 138 272 57 181 122 111 145 155 137 149 176 107 93 119 145 97 111 248 177 79 184 150 104 195 189 191 85 269 156 71 105 245 120 96 185 193 199 248 163 155 183 109 77 44 250 210 184 49 20 133 157 91 24 159 204 161 117 199 75 226 218
 261 138 268 337 284 292 160 372 299 279 341 392 127 379 378 212 221 1 396 112 322 97 209 510 370 190 111 221 281 270 449 392 304 301 266 102 172 249 365 307 382 44 394 206 402 240 370 413 312 165 236 389 268 237 287 341 173 358 295 365 345 327 288 200 272 378 86 339 333 137 291 84 277 184 384 398 331 238 302 373 249 155 423 97 243 179 381 164 243 338 338 347 349 361 401 231 211 422 359 327 118 336 306 175 304 300 350 298 271 275 51 292 279 307 336 316 258 340 419 239 398 355 175 275 319 286 357 418 283 344 274 410 64 215 397 289 219 409 422 239 226 169 405 325 247 108 199 328 120 224 306 222 244 291 350 342 246 319 357 406 76 273 82 148 246 173 426 85 208 270 266 238 197 99 394 362 393 56 156 338 464 277 398 264 115 279 261 265 289 301 236 258 172 359 299 206 338 348 249 189 370 189 354 331 361 241 465 304 235 278 445 244 315 37 38 401 434 66 371 394 225 216 178 297 404 404 269 216 353 315 282 227 205 346 82 162 401 205 445 434
 342 306 182 314 325 256 256 78 206 180 57 294 311 232 175 185 212 396 1 293 342 365 210 136 158 209 302 238 207 135 74 282 219 123 200 295 250 150 262 101 91 397 172 208 126 258 64 187 263 232 171 20 344 160 205 177 242 242 350 113 63 179 272 212 156 39 314 60 185 260 153 382 312 214 319 186 292 158 172 152 152 248 94 358 199 278 159 234 169 164 64 227 303 360 126 215 217 29 121 265 279 256 236 260 316 243 166 120 191 148 429 310 173 254 162 157 211 136 140 206 35 193 222 268 165 143 131 34 163 138 157 137 333 331 135 152 182 146 71 158 188 236 51 120 294 344 280 146 319 323 269 321 207 187 208 236 325 319 292 176 359 129 316 274 169 335 39 334 202 185 164 316 210 298 93 81 280 351 273 78 71 170 117 306 286 125 346 323 115 120 304 140 228 104 234 194 163 310 151 249 160 209 59 88 41 278 74 322 164 273 63 315 149 362 360 50 39 354 109 234 174 282 243 214 29 167 177 230 162 86 248 226 217 85 316 237 51 283 156 118
 261 54 200 315 274 192 107 263 242 211 241 356 47 326 310 111 158 112 293 1 313 139 98 415 298 101 87 174 224 179 352 352 198 191 205 36 120 144 323 200 294 132 324 95 320 141 261 345 276 77 150 284 268 135 179 231 112 311 293 282 238 217 257 127 161 280 28 234 223 54 215 144 263 96 357 331 303 139 191 299 156 46 333 135 179 151 309 61 161 269 240 296 322 351 320 172 100 319 248 228 42 235 260 133 288 257 281 210 207 193 157 275 209 207 225 244 150 228 339 129 300 293 78 178 249 175 245 318 171 267 195 331 60 217 318 212 129 332 329 141 115 59 297 214 228 131 175 252 120 221 272 218 184 227 243 294 241 302 325 336 117 179 60 42 136 182 326 43 98 203 189 230 119 36 284 272 352 91 119 244 363 205 315 249 63 172 263 257 182 191 223 160 66 273 253 100 227 323 154 82 299 86 247 222 256 215 365 289 143 248 346 234 239 88 75 305 331 104 287 340 120 192 122 190 305 331 199 163 282 210 242 174 93 237 34 58 305 182 366 348
 64 365 175 37 40 457 209 384 138 172 300 103 359 141 188 277 181 322 342 313 1 228 334 371 199 247 233 151 142 243 339 110 439 352 157 281 198 292 104 331 262 287 202 326 246 417 371 206 80 256 227 351 57 281 414 435 209 117 33 235 340 427 75 212 353 305 304 321 435 264 197 245 51 249 78 194 55 270 400 206 249 301 290 227 174 162 205 283 219 181 288 125 56 40 245 168 348 365 407 487 272 488 107 182 30 100 183 235 163 215 312 41 179 466 420 186 393 404 249 368 317 160 268 452 178 355 413 338 372 207 204 244 288 108 235 199 241 236 309 265 327 306 385 376 86 215 139 197 209 99 74 102 164 159 464 114 78 24 72 209 248 253 270 339 332 151 344 340 320 171 200 87 223 282 411 263 113 272 195 268 379 185 251 65 252 318 66 59 320 348 92 265 293 241 110 291 423 49 253 359 197 281 349 352 337 101 371 26 248 78 346 81 195 294 312 307 367 259 241 150 289 121 198 430 327 214 181 165 187 318 100 158 338 366 300 289 306 132 262 281
 166 188 207 246 191 329 110 360 226 216 309 305 178 300 309 195 162 97 365 139 228 1 219 462 304 162 69 150 209 231 405 305 331 295 199 107 116 231 281 293 330 60 326 213 343 278 354 343 227 144 194 362 173 218 309 355 124 277 200 309 324 342 202 154 274 339 116 313 349 124 234 21 185 158 293 327 242 214 314 309 214 162 371 7 182 103 315 159 198 273 302 268 259 267 342 167 227 392 358 365 114 371 226 110 212 219 283 252 205 225 88 200 218 343 346 254 280 343 358 256 359 283 160 316 254 285 359 381 289 284 220 349 85 121 336 233 185 347 376 212 228 175 385 322 158 23 117 267 47 131 220 129 179 223 372 261 152 227 268 338 26 237 81 179 246 79 389 142 212 207 213 145 156 106 385 314 307 57 94 296 429 217 341 173 94 266 166 172 274 293 145 228 171 305 220 197 348 257 216 217 304 178 334 318 336 155 427 211 203 192 404 151 255 75 96 358 402 41 316 315 211 131 124 322 367 337 209 150 287 294 201 159 218 334 110 161 358 121 383 378
 296 97 179 326 299 125 138 168 227 189 165 349 103 305 273 61 155 209 210 98 334 219 1 340 257 88 154 184 212 127 276 342 115 97 192 117 145 71 313 111 233 226 283 9 266 85 169 305 277 86 118 198 302 71 92 137 132 296 322 229 150 124 266 123 65 206 124 151 131 97 180 229 286 87 359 294 308 82 97 257 107 59 268 213 167 186 267 63 129 234 168 279 327 369 266 169 15 233 151 158 107 161 254 162 306 255 245 159 190 153 253 294 183 136 130 209 65 132 286 39 224 266 71 119 217 79 149 239 75 224 161 278 153 259 267 176 98 282 258 86 23 45 205 118 253 205 206 212 185 259 276 256 177 206 154 281 275 318 325 295 202 122 145 68 42 236 246 133 16 183 158 263 112 119 188 209 342 181 159 179 279 177 260 273 127 86 299 286 96 97 252 100 50 218 247 45 132 330 103 42 259 54 158 130 171 235 283 309 99 259 268 265 202 182 172 232 246 191 232 317 55 220 142 106 227 288 175 170 245 125 244 177 8 143 129 60 232 212 313 287
 394 435 258 337 368 389 357 206 257 251 177 291 439 234 185 306 301 510 136 415 371 462 340 1 177 321 406 318 267 241 65 279 352 258 270 411 348 275 271 234 133 504 170 337 129 393 194 169 298 347 275 152 393 282 339 306 343 256 390 155 197 310 317 313 290 137 433 191 315 375 229 481 359 327 322 180 317 277 306 171 263 371 92 456 282 364 169 355 268 203 176 248 320 376 130 298 349 121 249 395 394 385 277 353 352 286 197 213 262 239 536 351 247 386 292 214 346 267 123 340 118 214 340 402 217 277 259 104 297 184 242 129 447 398 140 230 292 137 88 276 318 360 166 254 353 440 359 200 416 388 307 386 286 248 335 259 383 349 305 164 461 239 428 402 301 414 97 458 331 258 250 376 315 414 210 150 276 460 369 173 78 246 128 358 396 256 398 373 246 255 366 256 351 158 278 318 293 328 263 380 179 330 193 223 175 341 68 358 276 322 74 373 211 474 476 111 108 459 149 228 298 354 341 347 115 158 255 314 192 217 298 307 348 219 434 358 111 359 113 92
 218 335 103 166 192 355 211 220 84 92 136 137 334 75 19 202 150 370 158 298 199 304 257 177 1 198 260 155 97 131 142 125 325 220 107 282 199 189 106 192 69 354 27 251 49 335 204 49 123 222 150 172 217 188 303 301 199 87 215 46 180 297 141 174 238 121 307 161 305 247 84 324 183 204 164 38 145 177 277 8 152 261 92 299 128 203 12 241 139 33 123 75 152 209 48 141 270 176 255 376 266 372 101 198 177 110 22 100 101 108 387 175 92 359 284 55 294 261 57 276 127 40 223 360 52 232 264 146 255 35 104 50 311 224 38 87 172 44 112 173 239 256 206 235 178 283 192 47 261 214 131 212 127 82 333 86 207 176 139 39 309 137 291 300 231 246 150 339 244 101 110 202 181 284 242 80 123 316 217 101 183 96 53 182 259 195 222 197 190 215 192 158 243 57 103 218 286 160 156 296 3 222 186 202 168 168 174 183 163 146 149 198 60 334 341 115 176 311 50 78 203 184 193 317 137 35 103 156 19 172 122 147 264 211 307 246 113 191 80 86
 210 139 104 240 212 211 59 199 149 115 153 269 138 232 211 37 70 190 209 101 247 162 88 321 198 1 96 97 133 81 260 263 198 137 112 91 61 71 234 132 196 190 224 80 221 171 193 245 193 27 50 204 215 57 173 207 49 219 235 182 164 196 180 37 122 189 114 154 204 55 115 177 199 7 276 232 224 53 167 199 60 65 236 156 86 103 209 45 60 169 150 203 242 282 220 84 101 236 200 243 74 245 172 78 219 172 182 111 112 92 221 208 111 222 196 145 149 187 239 124 209 196 26 206 150 130 202 230 140 167 95 231 127 175 218 112 30 232 234 52 84 64 224 164 166 143 120 152 119 174 192 171 94 131 231 203 188 231 242 236 153 84 109 106 95 157 237 143 74 107 89 176 25 94 225 174 263 144 80 149 276 106 216 186 78 105 213 199 114 134 166 70 51 174 166 47 198 246 60 115 199 35 174 157 177 148 276 223 46 173 256 179 140 155 156 212 247 146 187 245 53 133 57 189 215 231 101 83 183 133 160 91 92 173 115 50 212 127 266 249
 177 140 159 240 193 269 51 293 189 169 246 289 132 271 268 128 112 111 302 87 233 69 154 406 260 96 1 112 171 169 347 287 267 228 156 53 62 164 259 226 276 99 284 147 294 219 287 303 208 77 133 298 184 151 244 288 65 251 210 258 258 276 186 94 206 279 73 248 283 57 183 83 184 91 285 288 231 148 247 264 151 98 317 63 134 74 272 92 139 229 240 239 249 272 293 121 163 329 290 304 52 309 198 66 210 194 240 194 161 169 131 197 170 282 279 207 216 275 310 191 299 245 92 257 209 217 291 320 222 235 166 302 58 132 288 181 120 300 319 146 161 110 319 254 150 52 98 219 34 137 202 134 135 181 307 234 158 225 255 296 58 174 39 123 178 96 328 108 145 160 159 147 94 53 318 258 288 57 47 236 368 168 291 170 29 198 179 175 207 226 142 163 104 252 192 129 281 250 152 157 260 111 268 251 271 140 367 211 138 176 345 153 206 75 86 299 339 54 264 285 143 115 69 258 306 294 160 107 243 228 176 117 153 267 69 95 299 104 336 327
 119 223 61 145 116 307 69 258 78 68 185 183 219 159 160 128 33 221 238 174 151 150 184 318 155 97 112 1 61 111 265 179 291 212 50 148 56 147 150 196 187 201 177 176 195 268 247 195 102 108 84 241 124 135 266 292 64 140 141 163 215 282 85 62 207 207 173 199 291 122 91 170 103 99 184 179 130 124 255 160 108 154 226 145 40 49 166 135 79 123 176 127 149 186 194 25 198 265 272 338 135 339 88 48 123 84 134 119 57 91 233 111 72 317 278 106 244 265 209 219 224 135 119 302 105 211 277 247 227 136 83 201 168 95 187 90 93 198 235 120 177 157 271 238 71 129 43 119 108 90 99 86 33 74 319 123 98 135 151 189 156 120 148 194 184 99 255 209 170 60 76 87 73 149 285 174 180 167 67 162 295 73 194 91 120 177 122 105 181 208 75 125 144 161 81 141 281 152 111 210 155 131 225 220 219 53 291 126 104 77 266 88 108 186 197 220 273 159 170 174 141 46 53 281 233 188 65 15 137 188 68 13 188 235 171 141 220 46 233 231
 136 269 36 122 119 329 125 244 19 31 161 138 266 103 101 152 67 281 207 224 142 209 212 267 97 133 171 61 1 104 220 132 307 214 22 201 112 158 102 191 140 261 117 204 140 296 230 135 69 151 96 214 138 150 282 298 115 88 145 114 199 290 68 99 218 171 227 181 298 171 57 229 107 137 148 119 102 137 265 102 113 196 176 204 48 108 108 176 86 66 149 72 118 169 139 54 226 232 267 357 187 355 43 107 114 46 76 94 24 75 293 106 39 337 282 55 265 264 153 242 186 75 157 328 51 218 273 209 237 84 63 144 226 132 131 58 115 140 189 133 200 196 247 237 90 188 96 69 167 123 71 121 41 21 327 71 121 120 114 129 216 114 205 237 200 150 216 262 197 32 61 113 110 204 270 133 132 226 126 130 254 44 141 100 176 180 140 117 181 209 102 128 182 115 37 168 284 123 118 245 97 164 208 211 197 76 249 119 117 68 223 110 61 245 255 179 237 219 120 117 161 88 107 297 196 129 41 66 79 178 43 55 217 225 226 181 178 95 176 177
 226 208 69 225 216 232 122 148 114 75 80 234 210 183 147 74 81 270 135 179 243 231 127 241 131 81 169 111 104 1 180 225 206 110 87 171 116 61 196 89 116 266 157 121 144 207 137 179 172 107 37 135 229 58 182 194 108 178 242 106 105 187 170 78 117 111 194 89 195 135 57 248 203 87 249 167 205 47 162 130 24 137 156 225 75 145 141 119 35 109 73 161 221 272 144 87 140 163 165 257 155 255 145 127 215 149 119 33 81 31 299 206 68 238 179 85 169 161 164 148 130 142 102 234 93 116 171 152 136 97 42 155 207 205 143 54 52 158 153 43 109 130 162 134 177 209 151 86 185 200 174 197 84 91 224 165 207 223 215 169 226 11 189 174 104 203 160 221 114 73 44 195 77 174 175 94 224 222 139 69 200 61 139 193 157 77 230 209 78 106 183 29 118 96 140 89 181 226 26 166 132 96 115 111 111 159 198 220 37 167 177 196 76 235 236 132 172 222 110 194 73 156 109 197 138 162 64 100 119 78 144 99 134 126 195 123 132 155 191 170
 353 371 205 307 330 329 298 149 213 200 113 272 375 211 155 243 246 449 74 352 339 405 276 65 142 260 347 265 220 180 1 260 292 195 220 349 290 211 245 171 82 445 144 273 96 330 136 152 262 285 215 92 353 219 278 249 284 228 354 108 135 252 277 254 227 73 370 127 257 313 175 424 319 265 301 157 286 214 245 135 201 308 51 399 228 310 137 292 209 161 113 216 292 350 97 244 285 66 192 337 333 328 238 297 317 246 158 155 211 181 477 314 195 327 234 166 283 209 100 276 54 181 277 341 171 214 202 41 235 138 187 102 386 351 108 176 231 111 32 213 254 297 113 193 309 384 307 152 359 342 270 340 233 200 279 227 339 316 279 143 403 177 368 338 237 363 36 394 267 207 194 332 255 352 158 93 257 401 312 112 44 193 90 316 336 192 357 333 182 192 321 193 288 107 238 254 235 300 201 316 144 267 131 161 112 295 34 323 214 281 15 329 161 414 414 49 56 400 102 208 234 305 283 287 51 135 202 260 154 153 255 254 283 158 372 295 49 308 105 68
 161 399 164 75 129 455 247 341 116 155 255 13 395 52 109 282 196 392 282 352 110 305 342 279 125 263 287 179 132 225 260 1 430 330 153 326 234 283 31 304 194 363 116 334 166 426 326 111 80 281 226 296 156 277 406 413 241 48 140 170 299 408 105 230 341 245 351 280 416 299 169 324 128 267 44 104 67 265 385 132 240 326 209 302 178 214 126 307 215 126 242 65 56 101 165 182 356 300 373 481 313 478 93 224 106 96 120 203 154 195 392 114 161 462 397 144 392 376 162 370 251 92 288 456 135 338 381 269 359 149 185 159 344 192 154 172 245 149 233 260 329 327 330 349 149 287 193 149 273 181 87 181 171 137 445 62 163 95 42 118 320 233 324 367 327 230 273 387 328 160 186 166 240 327 365 204 4 337 242 219 302 167 172 137 298 299 164 145 297 325 162 252 313 180 100 299 399 63 244 376 123 295 306 318 289 152 293 110 245 115 269 160 154 358 372 238 299 327 174 52 290 177 231 421 261 126 168 189 123 286 112 179 348 329 349 312 237 188 167 195
 406 169 271 426 406 39 252 147 319 279 199 439 180 387 343 164 259 304 219 198 439 331 115 352 325 198 267 291 307 206 292 430 1 107 287 225 257 150 402 136 279 329 349 123 318 70 158 370 374 200 213 201 412 159 26 54 244 383 430 286 162 45 367 231 90 234 225 175 43 211 262 339 393 198 453 362 407 171 50 322 194 170 304 325 267 299 332 177 222 310 209 366 424 471 318 272 105 232 107 52 218 50 348 275 410 351 319 230 283 237 352 400 272 37 63 288 52 86 337 77 246 344 184 56 297 94 97 252 72 292 247 331 257 372 323 259 199 337 285 176 115 157 189 100 361 318 317 286 299 371 375 368 277 295 48 370 385 421 420 358 312 198 253 158 108 350 257 220 126 276 247 373 220 227 151 257 429 287 273 229 278 266 310 380 239 133 409 394 136 112 362 180 165 274 343 152 63 429 190 117 327 167 162 135 183 343 286 414 192 362 280 375 279 284 269 259 245 299 287 396 151 330 254 10 245 350 266 277 318 156 343 282 115 135 231 174 261 323 360 326
 330 192 179 335 323 141 195 73 223 184 94 339 198 284 238 101 180 301 123 191 352 295 97 258 220 137 228 212 214 110 195 330 107 1 196 204 195 68 302 29 173 313 243 98 212 136 74 264 281 152 129 108 334 82 87 85 183 283 349 180 62 79 279 160 35 131 216 71 87 175 163 309 310 140 356 256 314 90 59 217 106 148 200 289 180 234 226 141 135 207 103 266 330 381 212 190 100 143 64 158 190 153 254 211 323 258 215 128 191 140 342 314 177 142 70 187 89 53 231 84 145 241 137 149 196 21 66 155 41 187 151 224 242 303 216 160 124 231 183 94 77 133 110 28 282 277 247 183 254 300 284 296 191 199 116 271 310 332 323 252 283 101 230 163 56 291 162 228 94 183 153 298 152 206 94 151 328 267 216 123 190 170 204 299 204 36 333 315 34 6 286 89 131 168 249 100 72 335 102 131 222 119 67 37 84 263 196 328 110 275 185 299 177 272 264 157 156 273 181 292 86 256 190 100 145 244 173 199 214 50 253 202 103 48 220 141 158 252 255 222
 144 249 20 140 131 309 108 230 38 21 150 159 247 122 113 132 48 266 200 205 157 199 192 270 107 112 156 50 22 87 220 153 287 196 1 183 95 139 123 175 140 248 129 184 146 276 218 148 88 131 76 205 147 130 263 280 97 108 157 115 186 272 83 80 199 165 209 168 280 152 47 218 118 116 168 133 121 118 246 111 94 176 179 193 27 97 118 156 66 75 139 92 138 186 145 36 206 226 251 337 168 336 63 93 128 65 86 82 9 59 281 120 27 317 265 57 245 248 160 221 182 91 137 308 56 200 257 205 219 88 48 152 209 133 138 48 95 149 188 113 180 175 237 220 96 177 90 71 155 125 89 123 23 26 309 92 127 137 134 142 204 97 189 217 181 146 212 243 177 16 44 117 89 185 257 129 152 211 111 122 251 31 145 109 158 162 148 126 164 192 106 110 162 114 57 148 267 142 99 224 107 144 196 196 186 79 246 133 97 81 222 116 60 230 239 176 231 205 122 136 141 86 90 278 191 140 25 51 89 163 58 41 197 211 208 161 176 90 185 182
 228 89 181 285 242 223 79 273 220 192 241 329 81 303 292 111 136 102 295 36 281 107 117 411 282 91 53 148 201 171 349 326 225 204 183 1 92 148 297 208 285 111 307 112 308 172 270 327 248 65 139 288 235 136 204 253 87 286 259 271 244 240 228 108 177 278 27 238 246 37 200 114 231 85 328 313 274 138 212 284 149 59 326 102 158 119 293 64 148 251 238 272 293 319 308 148 123 322 263 259 18 265 234 103 257 231 263 201 186 180 139 244 191 237 246 227 175 246 327 152 298 273 74 210 231 190 263 318 190 253 181 318 40 183 305 197 120 318 324 138 130 73 304 228 197 98 143 237 85 188 243 184 162 207 268 269 208 271 296 319 87 173 29 73 150 147 326 62 113 184 174 197 102 4 296 264 326 65 88 239 364 187 304 217 30 179 229 224 189 202 190 157 73 263 227 106 248 294 149 111 282 88 254 232 260 184 364 258 136 219 345 201 224 69 66 301 333 75 276 318 124 161 96 217 304 315 180 138 265 214 215 149 114 247 26 63 301 150 353 338
 153 170 98 197 160 268 14 253 130 108 194 238 165 213 207 98 50 172 250 120 198 116 145 348 199 61 62 56 112 116 290 234 257 195 95 92 1 128 206 187 217 158 223 136 233 224 245 242 157 61 80 249 160 114 233 268 14 195 181 197 214 256 138 40 182 224 118 201 265 68 122 134 148 60 238 227 184 107 228 202 102 104 258 110 73 43 210 88 83 167 187 181 203 235 232 60 157 278 258 301 80 304 143 18 171 140 179 137 100 110 191 159 109 280 256 146 208 247 249 182 243 185 75 261 148 190 261 266 200 174 106 240 115 116 227 120 74 239 261 104 143 111 274 222 113 95 63 157 70 116 153 112 74 120 291 178 132 185 206 235 115 123 94 142 155 97 274 154 132 99 99 120 45 94 280 199 235 118 24 180 314 106 230 134 65 162 156 145 169 192 111 117 99 192 136 106 258 205 104 164 199 92 224 212 224 98 312 174 91 130 289 123 145 136 145 243 287 114 203 227 113 78 8 248 251 233 98 47 182 184 124 58 147 228 116 93 243 70 275 266
 265 162 123 278 261 173 128 130 170 131 99 292 165 243 206 38 115 249 150 144 292 231 71 275 189 71 164 147 158 61 211 283 150 68 139 148 128 1 255 62 163 255 215 66 196 147 125 237 226 89 66 141 270 15 125 146 116 237 286 159 97 136 219 93 62 139 165 92 145 115 116 246 248 75 305 226 258 24 109 188 46 99 199 225 119 167 198 86 74 168 100 219 275 323 196 126 83 176 131 200 133 198 200 144 263 203 179 90 135 90 285 253 124 180 132 144 109 120 216 89 158 201 76 174 153 65 134 176 81 155 99 208 187 236 197 113 57 212 190 28 51 87 158 95 217 212 180 146 189 233 227 230 129 148 173 223 244 273 271 226 221 54 172 128 44 224 183 186 59 127 99 233 84 151 155 139 283 208 149 109 220 118 189 236 143 35 268 251 44 65 221 33 80 148 194 45 134 280 41 112 191 61 107 88 114 199 222 268 45 215 204 234 136 216 212 165 188 213 162 253 25 190 122 140 162 219 118 134 178 67 195 137 78 104 168 88 165 186 242 217
 145 369 135 68 114 426 219 317 86 126 231 38 366 38 92 253 167 365 262 323 104 281 313 271 106 234 259 150 102 196 245 31 402 302 123 297 206 255 1 277 174 338 103 305 151 396 302 103 55 251 196 274 142 248 378 386 212 21 129 149 274 380 80 200 312 224 323 255 389 269 141 300 110 238 59 92 53 236 357 113 210 297 195 277 149 187 109 277 185 101 218 38 50 106 150 153 327 281 348 452 284 450 64 196 92 67 97 176 124 166 368 97 132 433 370 117 363 349 150 340 232 69 258 427 108 310 356 251 331 126 156 146 316 172 139 144 216 137 217 231 299 297 309 322 126 262 167 123 247 160 63 160 141 108 418 33 144 84 35 108 294 205 296 338 298 207 255 358 298 131 157 145 210 299 341 182 31 311 214 195 287 138 157 117 269 271 149 127 270 297 140 223 283 158 71 269 372 58 215 346 104 266 281 292 266 127 278 97 216 91 254 139 127 331 345 220 281 301 154 47 260 151 202 393 242 114 139 160 100 260 84 149 318 304 320 282 218 162 160 183
 313 207 157 312 304 169 188 68 199 162 65 314 213 257 210 99 165 307 101 200 331 293 111 234 192 132 226 196 191 89 171 304 136 29 175 208 187 62 277 1 145 315 215 110 183 162 64 235 259 151 114 88 317 76 116 111 175 258 330 152 40 106 258 149 58 104 223 45 114 176 139 307 291 136 332 228 291 81 87 189 90 155 172 286 162 223 198 145 118 180 74 240 306 359 184 173 117 123 77 186 193 181 231 201 303 235 188 102 169 118 345 294 154 171 94 161 115 74 203 107 120 215 137 177 170 46 83 132 68 160 129 196 246 289 188 136 113 202 157 83 89 141 98 47 264 273 234 156 250 285 262 281 172 176 142 246 293 311 299 224 282 79 232 176 70 281 138 239 105 161 132 282 142 210 94 122 302 269 208 94 170 148 175 281 205 29 317 297 19 25 270 73 137 140 226 103 96 312 87 149 194 120 48 26 61 246 174 308 97 255 161 282 151 276 271 130 136 274 152 265 85 241 180 128 121 215 152 184 186 22 232 185 118 43 227 146 131 238 226 194
 272 321 127 231 251 313 226 158 133 120 81 205 323 143 86 187 170 382 91 294 262 330 233 133 69 196 276 187 140 116 82 194 279 173 140 285 217 163 174 145 1 373 82 228 40 302 142 99 184 221 147 106 273 166 260 247 212 155 275 28 123 246 197 183 199 55 308 106 253 249 97 349 239 201 232 96 210 159 231 63 139 252 42 325 150 232 69 234 139 82 72 141 218 276 40 166 244 108 197 329 269 323 158 221 238 167 81 85 132 108 406 235 116 315 231 86 257 206 59 243 59 107 217 320 91 189 207 78 212 58 111 52 320 270 47 98 167 60 50 156 212 243 140 183 228 309 228 72 285 261 191 259 155 120 280 152 259 239 206 87 331 116 300 287 199 284 83 336 221 128 119 251 186 288 178 25 191 331 238 55 118 115 31 236 268 156 277 252 149 169 240 137 232 27 158 201 233 226 141 274 72 210 126 148 106 214 111 244 152 201 86 249 81 346 349 46 108 329 22 145 183 225 210 272 68 78 124 183 77 124 175 175 240 154 309 238 45 229 83 55
 225 169 254 305 250 321 148 382 278 264 342 363 158 356 360 217 207 44 397 132 287 60 226 504 354 190 99 201 261 266 445 363 329 313 248 111 158 255 338 315 373 1 377 221 390 269 378 395 285 167 230 392 232 242 310 361 162 333 258 354 351 348 260 192 287 376 105 342 354 141 279 44 244 184 352 379 301 241 321 358 247 168 415 63 229 156 365 173 236 322 337 324 318 326 389 214 231 425 373 357 124 365 282 157 271 275 334 292 254 266 34 259 265 336 355 302 281 356 406 259 396 336 179 305 303 300 372 417 299 331 263 397 74 180 384 278 216 395 417 240 240 183 411 338 216 77 173 314 95 190 277 188 228 274 374 317 211 286 327 389 46 271 84 172 259 138 425 117 222 255 256 204 191 108 406 355 365 48 139 334 464 263 387 232 113 287 224 231 297 312 204 258 183 349 275 214 357 316 248 213 354 196 360 340 365 213 464 270 234 250 442 210 302 46 64 397 435 46 361 370 232 188 165 321 403 387 255 199 337 320 257 209 223 356 99 173 397 178 431 423
 228 361 127 168 201 380 235 238 102 116 156 129 360 67 18 228 174 394 172 324 202 326 283 170 27 224 284 177 117 157 144 116 349 243 129 307 223 215 103 215 82 377 1 277 50 360 222 23 130 248 176 187 227 214 327 322 223 87 222 65 200 319 151 199 263 136 332 182 327 273 110 345 192 229 158 15 148 203 301 28 178 287 94 321 151 224 18 267 165 57 144 79 151 208 49 164 296 187 275 400 291 395 113 221 183 122 45 126 124 134 409 184 117 383 306 81 319 282 48 302 139 48 248 384 77 256 284 155 279 61 130 44 336 239 39 113 197 35 117 199 265 282 221 257 193 304 211 73 283 229 139 227 150 104 355 90 220 180 137 14 332 162 315 326 256 264 158 364 269 125 135 215 207 309 259 98 114 340 240 122 187 121 57 193 284 219 232 208 214 238 206 184 269 77 116 244 308 160 181 322 26 248 205 223 186 184 177 189 189 158 154 211 85 358 366 125 185 334 66 66 229 202 217 341 148 14 127 179 42 195 136 169 290 231 332 272 124 209 63 81
