NAME : domp280p70v6
COMMENT : (Deleplanque et al.) 
TYPE : DOMP
DIMENSION : 280
DISPLAY_DATA_TYPE: NO_DISPLAY
OPEN_FACILITIES : 70
COST_SECTION
 1 318 187 214 379 478 287 349 201 333 80 296 268 325 335 365 413 370 344 337 173 285 337 348 195 321 334 282 234 410 325 156 238 370 230 294 379 291 169 400 78 299 365 365 382 440 197 257 401 106 144 177 324 301 362 220 395 408 158 388 240 122 167 342 172 350 369 211 271 252 242 300 202 414 290 124 301 156 100 275 357 302 19 215 294 114 333 125 408 295 363 315 408 319 359 311 288 68 165 146 342 218 302 382 161 8 297 129 335 279 170 57 154 373 240 194 346 123 318 334 405 293 276 381 391 261 206 332 271 265 364 308 127 35 317 473 104 374 146 332 71 340 94 145 324 387 169 351 313 24 393 275 290 335 353 453 224 146 137 128 31 319 384 310 468 277 359 163 399 280 113 129 154 415 426 278 41 427 149 386 288 350 358 352 78 186 423 336 190 371 306 26 73 74 434 122 398 248 258 364 142 389 79 396 256 342 350 224 300 174 293 247 429 217 361 338 181 357 237 136 326 20 273 237 338 398 331 298 61 46 76 205 106 198 356 369 22 102 127 192 347 318 154 155 330 411 377 400 246 143 170 330 204 243 146 316 334 336 187 433 125 318 308 286 265 392 177 131 135 363 305 345 385 35 287 273 368 416 418 219
 318 1 133 128 214 186 43 130 156 96 296 232 321 8 35 368 245 134 84 51 180 133 165 90 286 95 250 102 160 100 312 170 280 366 185 178 382 32 233 89 289 45 50 49 385 148 271 283 92 214 177 298 186 310 150 160 79 244 326 240 93 199 272 312 324 34 227 326 267 136 136 23 326 222 333 252 20 201 242 327 292 139 301 152 281 205 104 196 150 127 247 114 151 260 43 143 69 267 155 179 155 124 233 175 174 321 91 221 82 171 254 282 330 59 140 140 209 197 224 162 128 119 346 228 75 324 328 265 281 100 116 212 194 346 310 180 245 62 225 142 310 162 229 189 264 247 171 244 16 311 149 256 291 41 52 195 203 178 181 194 347 91 94 64 196 95 299 306 274 347 234 200 180 189 179 177 280 193 206 85 67 334 92 94 243 160 149 70 260 229 62 293 259 295 215 284 114 96 94 355 184 80 346 101 176 235 56 261 69 263 173 274 214 292 152 209 318 189 153 195 145 307 89 166 42 85 361 71 271 280 243 233 212 139 251 81 338 218 212 216 136 62 178 197 111 122 175 173 306 298 184 114 317 76 206 319 257 136 327 185 194 240 328 181 70 89 202 274 184 261 30 294 131 335 178 347 52 230 211 204
 187 133 1 78 262 307 101 200 65 173 179 223 271 140 149 347 298 216 177 161 69 153 209 183 211 163 257 132 130 229 291 41 227 348 117 187 362 105 152 219 171 123 181 181 365 268 200 238 221 87 45 214 185 278 219 88 211 295 231 281 77 76 187 300 234 166 263 250 234 99 117 115 246 287 290 148 116 84 126 278 294 145 171 105 255 74 177 64 249 134 272 167 249 254 175 179 122 136 23 48 183 51 227 244 75 191 121 116 155 144 172 150 232 187 119 65 239 65 231 181 238 128 292 271 205 270 250 265 243 92 205 218 62 217 286 301 116 188 130 194 191 209 97 83 259 284 53 262 127 180 238 228 260 157 174 297 158 63 51 72 217 142 210 128 306 102 300 215 306 295 106 69 55 271 273 147 151 280 109 208 105 318 191 188 111 54 258 166 187 265 136 162 127 176 296 180 227 70 102 338 72 208 226 221 159 252 164 205 133 182 184 227 292 226 219 234 232 235 126 66 167 178 116 137 153 216 326 117 139 149 114 171 83 41 269 195 207 86 84 149 201 134 51 78 158 239 241 254 250 201 72 158 241 62 85 292 261 171 242 281 63 241 294 184 94 214 97 174 53 279 125 290 226 207 154 292 184 292 284 155
 214 128 78 1 189 265 120 138 141 120 175 147 208 134 157 275 225 158 132 130 145 81 137 135 162 108 179 69 53 204 218 110 164 275 193 110 290 114 106 195 169 94 167 170 293 227 148 172 196 111 103 172 249 208 154 163 197 221 199 206 36 94 145 225 197 156 187 202 164 165 40 121 201 217 224 126 118 157 123 215 218 203 196 31 183 116 121 114 195 190 195 104 195 178 163 108 78 183 83 112 236 120 150 177 55 216 165 98 186 212 128 195 202 186 42 22 163 112 153 237 193 183 232 196 199 209 203 188 175 145 151 140 112 237 214 260 175 189 98 126 191 138 144 71 183 209 129 185 131 215 181 156 190 130 148 241 89 70 95 89 241 181 173 158 256 151 224 179 230 234 167 131 126 207 216 216 174 218 80 178 140 244 146 140 150 131 210 125 136 189 96 191 174 175 230 158 186 123 45 265 73 184 226 186 82 175 178 143 88 137 107 162 225 171 154 158 192 162 49 131 221 199 61 61 164 195 258 152 183 187 142 112 116 117 192 159 235 128 148 92 137 162 122 151 201 200 173 192 190 171 148 203 193 65 156 221 184 221 201 223 107 164 225 107 60 184 174 147 102 202 105 214 172 223 222 232 172 221 216 87
 379 214 262 189 1 182 244 86 320 120 316 101 206 214 245 197 37 91 135 168 330 110 55 129 227 121 81 134 149 197 154 297 190 191 368 86 206 230 217 198 312 177 208 215 208 166 215 177 194 289 290 251 396 170 67 337 220 34 289 28 188 273 238 142 278 214 24 252 151 328 150 229 258 39 204 261 223 344 280 208 108 347 362 172 145 300 112 300 109 334 52 106 108 104 211 85 159 364 270 300 368 292 97 50 230 379 300 251 295 372 225 374 295 241 150 207 36 298 75 374 138 326 228 16 237 215 258 98 163 296 109 79 298 393 158 182 362 247 235 75 332 56 327 242 103 36 314 59 229 386 92 139 159 178 180 121 158 251 282 269 401 304 156 276 147 296 116 267 64 227 354 318 313 70 99 377 341 83 232 175 272 163 133 128 330 314 133 147 213 25 157 361 356 318 72 279 146 281 163 181 250 193 360 165 124 59 264 186 152 227 88 177 65 216 65 45 266 28 148 318 357 361 152 145 252 205 209 280 363 363 317 186 296 296 63 156 399 311 336 191 79 275 309 338 324 157 46 72 207 274 333 327 248 218 343 169 88 349 270 101 292 87 186 94 181 179 358 266 289 67 189 119 108 376 380 231 215 39 53 163
 478 186 307 265 182 1 228 142 340 147 435 269 378 180 194 378 186 120 135 147 363 206 177 131 379 159 259 199 260 92 334 346 352 372 369 225 386 216 346 102 430 185 142 147 389 40 364 344 98 373 349 400 351 347 140 345 125 189 436 204 240 357 379 323 428 159 205 412 320 319 244 208 416 156 380 382 205 383 386 381 290 311 460 270 320 372 148 366 82 301 233 170 83 281 150 187 191 439 325 354 311 308 266 139 319 480 267 359 239 349 362 452 441 162 246 285 208 366 245 322 73 294 402 196 144 386 417 277 333 284 119 242 363 501 337 7 422 166 352 166 451 172 399 335 282 213 352 239 199 477 102 307 333 152 137 67 293 333 349 351 505 258 98 238 41 277 297 413 236 402 411 375 359 114 84 355 438 101 339 102 249 344 121 126 409 343 60 144 358 206 174 454 430 436 123 409 81 281 221 362 336 109 485 87 253 237 200 341 179 368 222 341 128 374 142 214 418 178 254 372 307 463 206 261 198 110 389 249 441 447 404 327 376 322 244 113 499 385 389 321 148 232 356 378 271 68 144 113 374 413 366 275 406 245 387 349 267 294 425 83 361 262 364 233 216 98 386 397 353 249 183 300 99 487 353 405 145 164 137 297
 287 43 101 120 244 228 1 162 115 128 275 245 324 49 49 381 276 170 120 90 140 150 191 127 280 124 269 118 163 141 324 135 282 380 143 195 396 15 224 130 267 68 90 87 398 190 267 287 133 187 145 290 153 319 183 118 116 275 314 268 87 173 263 327 314 73 253 321 275 95 140 21 319 256 339 235 25 161 220 331 310 104 271 148 291 175 135 163 190 91 271 139 191 275 82 166 87 233 124 144 128 83 247 209 156 291 57 203 67 132 245 248 317 88 144 126 233 166 242 133 169 84 349 256 107 326 322 282 287 59 152 230 162 318 321 222 208 89 210 170 288 189 196 169 280 274 133 266 31 279 187 265 300 81 94 236 204 155 151 169 317 66 136 40 238 56 317 295 301 350 197 165 143 226 218 138 252 231 190 127 29 348 130 131 211 120 190 106 255 255 88 262 225 272 252 268 156 54 99 369 162 121 323 143 184 256 65 261 93 255 190 277 250 290 184 232 309 217 156 160 115 278 101 170 52 125 370 38 237 248 214 230 183 100 273 122 307 186 175 211 167 43 141 157 87 164 208 209 307 285 144 89 312 57 167 330 276 110 319 225 163 257 337 196 73 131 161 259 153 283 57 311 169 307 140 349 90 264 247 204
 349 130 200 138 86 142 162 1 251 36 299 136 244 129 159 263 116 23 50 83 266 67 45 44 239 40 139 71 121 121 212 239 214 259 294 87 275 148 207 120 294 96 124 131 278 111 224 208 116 248 236 259 313 218 22 265 139 115 295 113 124 232 239 206 287 128 102 273 185 251 109 146 276 95 249 245 140 283 253 248 178 265 331 136 190 253 28 250 62 252 126 36 62 156 126 47 83 320 214 244 284 221 135 48 190 350 217 224 210 293 222 332 301 157 111 159 90 249 118 290 74 244 269 101 155 251 277 157 199 218 29 111 247 369 213 138 310 163 215 27 315 41 281 205 158 121 251 126 145 351 45 172 202 93 95 105 152 208 231 226 375 220 78 193 122 216 186 273 148 269 301 264 254 72 78 298 309 81 205 96 190 228 50 43 288 248 83 62 218 104 76 327 311 300 97 270 76 204 100 248 209 112 348 90 112 120 178 201 73 228 83 203 93 235 23 92 278 63 117 263 273 333 85 122 167 125 266 197 320 324 279 187 253 228 133 74 370 265 281 181 10 191 250 277 239 90 47 55 237 273 269 243 266 146 284 223 147 265 284 85 243 135 237 95 109 101 293 258 237 141 106 184 43 354 300 271 131 103 87 156
 201 156 65 141 320 340 115 251 1 221 216 287 332 162 158 410 356 265 220 197 31 212 266 227 269 213 320 188 193 255 355 55 288 411 53 249 426 125 210 244 208 163 203 200 429 301 259 301 247 124 73 269 133 341 271 26 229 353 280 341 133 120 243 364 285 186 323 306 298 52 179 134 301 342 352 198 137 51 170 340 358 103 187 169 319 101 226 87 293 96 333 220 294 318 196 237 170 136 72 64 143 33 291 297 135 206 102 168 142 88 229 151 280 198 182 130 300 91 294 137 277 94 353 330 219 331 305 329 307 70 251 281 86 234 350 334 105 198 185 249 225 266 109 138 323 345 34 325 144 187 286 292 324 190 205 341 222 117 88 118 230 123 245 122 346 82 364 268 368 355 93 74 49 321 320 90 173 329 166 239 101 381 233 231 126 18 298 207 246 325 180 177 130 212 347 228 264 62 158 402 125 234 257 254 223 314 166 266 180 240 245 289 344 286 272 295 286 293 190 67 127 197 170 201 159 238 389 108 142 156 139 233 114 26 332 231 218 107 75 211 254 130 51 49 132 274 295 304 311 251 34 131 297 106 60 355 325 136 295 327 93 304 357 247 143 243 47 224 84 342 160 354 270 228 98 352 203 348 337 219
 333 96 173 120 120 147 128 36 221 1 290 155 258 95 126 287 150 45 21 51 237 66 73 20 242 13 164 53 116 104 233 213 223 284 262 101 300 113 203 100 284 62 95 101 302 111 227 220 97 229 212 261 279 237 56 233 114 149 295 146 99 213 238 230 289 97 133 279 200 217 98 111 281 129 266 236 106 255 240 263 205 231 315 124 208 231 9 227 78 218 156 30 78 179 96 59 53 298 188 218 249 190 154 82 174 335 183 213 176 259 221 311 300 127 101 140 118 226 140 256 75 210 283 134 128 263 283 181 214 184 33 131 224 355 233 143 286 132 207 50 305 69 259 189 181 153 223 154 110 333 67 187 220 60 65 125 154 189 209 207 360 186 63 158 137 182 212 273 181 283 276 239 227 102 101 264 293 109 193 76 156 252 31 23 268 218 91 29 219 136 42 310 290 290 128 264 70 171 77 273 192 90 340 76 116 147 145 208 42 227 97 214 125 242 58 119 280 95 110 237 239 318 61 119 133 104 286 162 300 305 260 188 233 198 162 53 354 244 255 179 42 156 223 249 205 85 82 85 248 271 241 209 272 116 257 244 172 230 288 109 221 158 256 107 80 82 264 252 214 170 72 209 54 341 266 285 102 137 120 157
 80 296 179 175 316 435 275 299 216 290 1 226 189 303 320 286 348 321 304 305 194 233 280 307 117 277 263 238 179 378 248 163 161 292 258 233 301 274 100 370 9 268 340 341 303 399 120 180 370 95 146 98 348 223 309 240 369 343 83 321 208 104 90 266 95 327 303 133 196 266 193 283 124 352 211 56 282 184 55 196 282 316 70 166 218 116 288 131 360 307 294 267 360 246 334 257 252 117 158 154 356 223 231 326 124 76 299 78 333 303 96 114 79 354 190 159 281 126 249 351 363 303 197 316 370 182 128 259 195 268 318 241 131 80 239 431 146 357 85 279 17 283 116 109 250 319 183 282 295 98 343 201 213 304 322 402 159 121 133 108 92 320 346 305 421 279 284 85 328 201 151 146 169 359 375 303 62 373 97 352 283 272 317 311 100 200 378 298 114 304 270 77 116 7 377 44 358 248 219 285 113 358 52 359 196 273 338 148 262 98 233 171 371 139 308 273 103 296 184 153 340 61 234 180 325 369 252 294 110 98 81 134 103 205 285 332 94 112 154 126 295 311 167 181 335 372 321 347 167 64 193 335 126 222 175 238 262 346 110 381 125 247 229 224 233 358 209 54 135 292 277 270 339 64 312 195 344 354 359 154
 296 232 223 147 101 269 245 136 287 155 226 1 111 235 265 138 127 154 175 200 288 99 94 172 128 147 39 131 94 255 81 249 89 136 339 55 152 234 128 252 224 188 246 252 154 244 116 78 249 220 237 152 390 83 130 309 268 122 190 99 165 208 142 82 178 245 83 152 53 309 111 237 158 140 114 174 232 296 199 114 73 342 281 119 54 237 147 242 188 328 69 127 187 32 246 96 164 294 223 249 372 266 6 132 167 295 299 172 308 356 132 302 196 277 108 159 67 238 27 375 208 321 135 96 280 118 157 43 66 285 165 27 240 305 80 267 300 282 152 111 241 99 262 175 37 95 271 57 242 307 168 40 67 207 218 214 76 190 225 204 315 311 212 283 239 289 78 168 103 135 295 262 265 163 189 361 261 178 156 228 271 103 181 173 261 276 212 181 117 84 172 281 287 229 171 186 211 265 147 125 186 244 267 225 66 49 287 87 164 132 60 77 165 115 129 59 166 93 99 265 357 277 145 87 273 257 133 282 291 289 244 93 230 262 60 206 315 247 280 106 128 285 261 290 331 225 127 158 108 178 290 334 148 201 293 90 41 354 170 193 233 22 102 51 173 234 316 174 232 68 202 68 176 288 366 137 253 138 152 81
 268 321 271 208 206 378 324 244 332 258 189 111 1 325 354 98 224 263 278 299 323 195 204 277 75 249 128 222 163 361 71 283 45 104 384 159 113 316 125 356 191 278 345 350 115 353 78 39 354 230 267 92 453 45 240 357 369 219 120 196 238 224 105 91 105 340 185 65 60 367 187 321 75 243 24 156 317 325 191 9 121 409 257 178 62 253 251 263 298 396 162 229 297 104 343 201 254 291 261 278 443 320 114 242 198 264 372 175 390 413 110 294 127 373 183 210 174 259 135 444 317 389 26 198 379 11 72 113 46 351 272 137 262 264 63 376 309 377 153 218 200 209 271 197 106 189 307 151 329 285 278 73 49 305 317 323 121 218 252 223 277 388 318 363 349 358 119 107 184 27 308 285 297 272 298 417 243 286 170 333 346 90 286 278 263 317 322 282 90 185 266 262 286 194 277 147 319 329 229 99 210 347 212 331 147 149 376 67 257 102 163 48 270 53 238 167 93 203 170 289 428 249 233 156 361 360 64 358 286 278 241 100 242 310 150 310 281 258 300 123 236 366 293 319 408 333 237 268 24 126 324 410 68 272 318 56 122 428 91 302 254 120 43 152 254 339 348 140 258 151 293 106 285 248 423 28 351 240 258 122
 325 8 140 134 214 180 49 129 162 95 303 235 325 1 32 371 244 132 82 49 187 136 165 89 291 96 252 106 165 94 315 177 285 368 191 181 385 38 239 83 296 49 43 42 387 142 277 288 86 221 184 304 188 313 150 166 71 243 332 240 99 206 278 314 330 27 227 331 271 141 141 30 331 221 338 258 27 208 249 331 294 142 308 157 285 213 104 203 147 130 249 115 148 263 36 145 73 274 162 186 156 130 235 174 181 328 94 228 82 175 260 289 336 52 145 147 210 204 226 164 123 122 351 228 68 329 334 268 285 105 114 215 201 353 313 174 252 56 231 143 317 162 237 196 266 247 178 245 20 319 146 260 295 39 47 191 208 185 189 201 355 93 89 67 191 100 301 312 275 352 241 207 187 187 175 181 287 190 212 79 71 336 89 92 250 167 144 69 266 229 64 300 266 302 213 291 109 102 99 358 191 73 353 95 180 237 53 266 72 269 176 279 212 297 151 210 324 189 158 203 146 314 94 171 40 78 364 74 278 288 250 238 220 146 253 77 345 225 219 222 136 63 185 203 112 116 175 171 311 304 190 115 323 83 213 323 260 137 333 182 201 243 332 184 76 83 208 280 192 262 34 296 128 342 181 352 44 229 209 209
 335 35 149 157 245 194 49 159 158 126 320 265 354 32 1 402 274 161 111 78 186 167 196 118 317 127 283 136 192 104 345 183 313 399 179 212 415 47 263 93 313 79 53 48 418 158 302 316 97 234 192 328 163 343 179 157 73 273 355 271 123 220 302 345 353 38 258 357 301 128 169 38 356 250 367 278 40 207 266 360 325 119 319 183 315 222 134 211 172 108 280 146 173 293 46 176 103 281 171 192 128 128 266 203 199 339 74 247 53 156 284 295 358 41 173 167 241 213 257 137 145 102 379 259 61 357 359 299 314 94 142 246 209 365 344 188 255 41 252 174 334 193 244 214 297 278 179 276 27 327 173 290 325 68 71 213 235 201 199 215 365 67 111 45 210 85 332 335 305 380 244 212 190 214 200 162 299 216 232 97 59 367 117 120 259 166 166 98 291 260 95 310 273 318 240 311 131 97 127 388 208 86 369 114 209 268 23 293 103 293 207 307 239 324 181 241 348 220 185 207 120 325 123 199 9 86 394 56 285 296 262 265 231 146 284 101 355 234 222 247 166 39 189 203 84 135 204 198 339 326 189 88 348 99 213 353 291 110 358 206 211 274 362 215 102 99 204 301 201 293 64 327 154 355 161 380 50 258 237 236
 365 368 347 275 197 378 381 263 410 287 286 138 98 371 402 1 199 277 307 335 406 236 219 304 171 281 125 267 224 384 58 366 132 10 463 191 17 370 214 382 288 324 381 387 19 361 172 115 379 320 351 189 522 71 252 434 400 195 216 176 299 312 200 59 201 380 174 160 114 439 244 374 170 226 76 251 369 410 284 91 90 475 353 245 93 342 280 350 303 462 146 261 302 110 381 230 301 385 342 363 507 394 137 243 280 361 434 265 445 486 203 389 222 412 241 283 177 346 148 509 329 455 96 183 414 106 166 108 106 418 291 158 349 361 62 378 401 417 243 240 297 224 362 281 107 167 389 142 379 382 285 120 88 343 352 315 190 301 336 310 374 446 341 420 342 423 82 204 148 92 399 372 381 266 295 490 339 278 256 358 406 36 312 304 355 397 328 315 182 173 308 358 380 291 261 244 336 397 283 17 295 374 309 352 199 146 424 151 300 196 196 127 255 149 250 172 189 206 229 376 492 346 282 216 410 388 39 418 380 373 334 182 332 387 136 336 379 348 388 204 255 421 377 405 467 348 239 267 120 223 407 469 164 334 405 56 117 489 186 296 340 131 59 188 309 363 432 236 343 131 339 81 298 345 496 99 388 219 244 193
 413 245 298 225 37 186 276 116 356 150 348 127 224 244 274 199 1 115 163 197 366 146 90 157 254 153 98 170 184 216 165 333 213 191 403 121 205 262 249 218 345 209 234 241 207 177 242 199 214 324 326 278 428 184 95 373 242 6 316 29 224 309 267 149 304 241 46 275 174 362 186 260 282 31 218 294 255 380 314 224 113 379 396 208 163 335 142 336 123 366 63 139 121 121 237 120 193 399 306 336 399 328 122 72 265 412 332 285 325 405 255 409 322 267 186 243 68 334 101 405 154 359 244 33 261 234 281 112 184 330 134 108 334 425 170 186 397 272 268 109 364 91 363 277 120 36 350 75 259 420 110 162 176 207 207 120 190 287 318 304 434 335 178 307 147 330 119 294 52 243 390 354 349 76 105 411 375 86 266 197 304 168 159 155 366 350 145 177 242 45 189 395 391 351 65 309 165 315 199 183 286 215 391 185 158 80 292 213 185 256 123 201 59 240 94 76 292 64 184 354 388 395 187 180 281 226 217 312 398 398 352 216 332 331 75 181 433 347 372 223 110 306 345 374 354 173 71 85 228 303 369 358 272 253 379 181 103 380 295 104 328 109 198 128 216 200 394 297 324 75 221 127 128 409 413 247 241 23 50 196
 370 134 216 158 91 120 170 23 265 45 321 154 263 132 161 277 115 1 51 84 281 89 61 44 260 54 153 90 143 108 227 256 234 272 306 107 288 155 228 109 315 105 120 127 290 91 245 227 104 268 254 280 319 235 26 277 130 115 317 118 141 251 260 220 309 127 109 293 204 261 130 152 297 90 267 266 147 299 274 266 190 271 352 157 207 272 41 268 40 259 136 56 40 172 123 68 97 339 231 261 287 234 152 44 210 371 223 246 212 301 244 351 322 153 132 179 102 267 134 295 55 251 288 106 148 270 298 171 218 227 20 128 266 390 229 117 328 158 237 47 337 56 300 225 173 126 267 137 149 371 24 191 220 94 93 84 174 227 250 246 396 224 67 197 101 224 198 294 153 287 319 281 270 58 59 307 330 65 226 85 197 242 45 41 307 262 62 65 239 111 86 348 330 322 84 292 60 215 118 262 229 103 370 76 133 132 178 222 86 249 104 223 82 255 29 106 299 73 138 280 277 354 102 143 168 115 282 203 340 344 299 208 272 242 144 67 391 284 298 203 29 194 267 293 243 73 46 41 257 295 285 246 287 160 300 240 161 268 306 66 262 151 254 115 124 89 308 279 256 151 113 198 23 375 308 290 126 99 78 178
 344 84 177 132 135 135 120 50 220 21 304 175 278 82 111 307 163 51 1 35 239 85 91 8 261 31 184 68 134 84 253 217 243 303 259 121 319 106 220 79 298 58 76 82 322 97 246 241 77 239 218 279 269 257 69 230 94 163 313 162 106 223 256 249 307 80 150 298 220 212 114 102 301 140 286 252 97 257 253 283 224 221 326 140 228 239 29 234 74 208 174 50 75 199 78 80 58 306 194 223 237 188 174 93 186 346 173 227 162 251 238 320 318 108 118 151 137 233 160 244 63 201 303 150 108 284 302 201 234 177 33 151 231 368 254 130 292 114 222 69 320 87 267 201 201 169 226 173 99 343 68 207 240 44 47 122 173 199 216 217 372 174 44 147 130 174 232 291 197 304 282 245 231 107 101 257 304 112 208 56 147 272 15 12 276 219 82 15 238 152 42 321 298 304 134 281 55 167 87 293 203 70 354 58 135 166 130 228 46 245 117 234 132 261 71 138 298 112 127 242 227 329 72 137 119 83 306 153 308 314 271 207 242 199 180 33 365 252 260 197 58 144 227 252 193 69 94 91 268 288 242 196 291 117 260 264 192 218 306 108 229 178 276 127 84 62 264 269 221 189 64 229 51 354 258 305 83 148 129 176
 337 51 161 130 168 147 90 83 197 51 305 200 299 49 78 335 197 84 35 1 218 105 122 41 275 55 213 79 145 75 280 201 261 332 232 146 348 76 228 66 298 40 47 53 350 108 259 261 66 232 204 290 236 281 103 205 72 197 322 195 99 216 266 277 318 47 183 313 242 183 123 71 314 173 309 255 66 238 252 304 254 189 320 145 252 229 59 221 101 177 206 75 102 226 47 106 54 294 181 208 204 164 200 127 183 340 141 227 129 221 248 308 326 78 127 147 168 222 188 211 81 169 324 183 82 304 316 229 256 148 66 178 219 363 280 141 276 83 226 100 320 119 255 199 229 202 206 203 66 334 99 230 264 11 20 147 187 193 205 211 366 141 50 114 150 144 261 301 230 325 266 230 213 139 129 226 298 143 209 49 116 300 42 44 266 198 102 22 250 185 37 313 286 304 165 286 69 140 87 321 198 55 355 61 153 196 96 244 46 256 141 253 164 277 105 169 310 145 138 226 194 324 75 150 85 67 332 121 297 304 263 220 233 177 211 35 358 241 244 207 90 111 210 233 159 79 127 123 287 296 222 163 305 100 241 289 221 185 319 136 217 205 300 151 74 55 242 274 209 220 38 258 81 350 227 326 54 182 162 189
 173 180 69 145 330 363 140 266 31 237 194 288 323 187 186 406 366 281 239 218 1 221 277 245 257 228 323 199 195 279 352 41 280 408 66 255 422 150 199 268 186 182 228 226 424 324 248 294 271 104 58 254 156 336 285 49 255 363 262 349 144 103 229 362 268 212 331 292 293 80 184 158 287 354 344 181 161 22 151 331 359 131 160 170 315 80 242 66 312 124 339 233 312 319 221 247 186 107 66 46 170 58 292 311 127 178 131 153 172 110 217 122 262 225 186 130 307 71 297 163 297 123 342 339 246 321 291 330 301 100 268 284 66 206 346 357 75 225 173 261 201 277 83 128 324 352 18 329 170 158 303 289 319 212 228 359 219 107 73 103 202 153 267 151 366 111 365 251 374 345 64 49 28 337 337 111 147 345 155 262 130 378 252 250 100 21 318 226 235 333 198 149 101 189 362 210 286 89 169 398 114 259 232 277 225 319 194 259 197 227 251 282 358 275 286 302 270 303 193 42 155 170 183 203 186 264 382 137 114 128 115 226 93 42 336 252 189 83 46 203 268 158 31 20 161 296 308 320 301 233 5 160 283 123 30 351 327 164 279 344 74 307 351 251 158 267 29 207 68 346 181 354 289 201 119 342 229 360 351 215
 285 133 153 81 110 206 150 67 212 66 233 99 195 136 167 236 146 89 85 105 221 1 58 85 178 55 120 33 55 168 179 188 159 233 261 46 250 137 141 163 228 89 151 156 252 173 163 158 161 187 182 196 299 179 78 230 175 143 232 130 80 171 175 180 225 148 112 214 139 224 45 140 217 137 205 178 135 235 188 201 162 250 268 71 150 195 61 194 128 237 125 38 128 128 150 28 66 261 162 191 277 186 100 99 128 286 205 159 211 270 158 272 237 180 46 100 89 192 93 281 135 229 221 119 185 200 218 134 152 196 89 81 191 304 178 202 255 185 149 48 249 59 223 142 132 134 205 118 144 289 111 127 161 111 123 170 89 147 175 165 310 215 128 187 188 198 169 209 158 221 247 210 204 131 143 275 246 143 139 140 177 201 96 88 228 205 148 87 155 114 74 264 252 234 152 204 133 178 57 223 148 153 282 141 51 108 189 144 65 164 41 150 147 177 77 86 216 83 51 210 264 268 50 56 175 166 229 187 260 263 217 124 193 187 126 117 306 207 228 116 63 188 200 229 235 148 95 116 184 209 224 238 207 113 235 188 127 259 223 150 186 109 198 49 79 146 249 192 181 135 104 162 108 289 279 222 157 142 137 93
 337 165 209 137 55 177 191 45 266 73 280 94 204 165 196 219 90 61 91 122 277 58 1 87 206 71 95 80 104 166 168 245 176 215 313 51 231 177 183 164 275 125 166 172 233 150 192 168 160 242 239 228 343 175 37 283 183 88 265 78 134 226 211 161 256 168 63 237 145 274 100 177 242 80 207 224 172 291 238 207 134 294 320 125 147 251 64 250 95 281 85 53 95 112 167 31 106 316 218 248 317 238 92 47 182 338 248 209 245 318 195 327 271 198 101 157 47 248 74 322 115 273 228 67 198 211 242 113 158 243 73 68 248 354 169 174 312 204 196 24 296 6 279 196 114 84 261 83 178 342 76 131 160 131 137 128 124 203 231 221 361 253 122 225 150 243 142 243 111 228 304 267 261 81 101 323 298 95 190 140 219 184 94 86 283 260 120 101 187 65 105 317 308 282 98 246 119 227 110 204 203 156 327 134 85 76 217 167 99 199 50 165 93 199 36 48 245 28 102 267 305 320 98 102 204 170 222 228 316 318 271 157 249 242 90 118 358 263 284 157 37 224 257 285 273 132 42 70 198 246 280 276 232 164 291 180 103 298 251 106 242 91 194 60 127 145 305 234 238 99 138 140 83 338 326 230 173 85 82 129
 348 90 183 135 129 131 127 44 227 20 307 172 277 89 118 304 157 44 8 41 245 85 87 1 261 32 180 70 135 85 250 223 242 300 265 119 316 113 222 81 301 65 81 88 318 93 246 239 78 244 223 280 276 255 63 237 97 157 314 156 111 228 257 246 308 86 145 298 218 219 116 109 301 133 284 254 104 264 257 281 220 228 331 142 226 244 26 239 67 215 169 49 68 195 83 77 63 311 200 229 244 195 172 86 189 350 180 230 169 258 239 325 319 114 120 155 132 239 157 251 58 208 302 144 112 282 302 197 232 184 26 148 237 372 251 126 297 119 225 65 323 82 272 205 198 164 232 168 106 348 61 205 238 51 52 115 173 203 221 222 376 181 44 154 124 181 227 292 191 302 287 250 237 100 94 264 309 105 211 57 154 268 12 5 281 226 76 22 238 147 48 325 303 307 127 283 52 174 92 289 207 72 357 57 135 161 136 227 51 246 115 233 125 261 65 134 299 107 129 248 234 333 76 138 125 86 303 160 313 319 275 208 247 205 175 34 369 257 266 198 52 151 233 258 199 66 87 84 267 290 249 203 291 124 266 261 188 225 307 101 234 174 273 126 90 63 271 271 226 184 71 225 45 357 265 304 88 141 122 176
 195 286 211 162 227 379 280 239 269 242 117 128 75 291 317 171 254 260 261 275 257 178 206 261 1 231 160 197 130 344 132 218 46 176 320 156 186 274 61 337 118 246 318 322 188 348 16 65 336 159 200 25 396 107 241 294 345 249 63 225 196 155 31 151 52 310 210 41 86 309 153 281 41 265 97 83 278 256 118 83 171 354 183 135 105 183 238 195 298 342 194 214 297 139 315 193 224 218 199 212 391 262 133 250 137 192 323 105 346 354 41 220 70 342 149 157 192 190 154 390 311 336 88 223 352 69 43 152 81 298 264 149 194 194 124 376 237 346 85 214 129 210 199 132 143 221 242 182 291 212 279 94 99 278 294 332 89 153 185 155 207 340 304 318 355 306 171 42 225 92 237 216 230 284 306 356 169 298 104 316 299 156 272 264 190 254 320 261 27 210 239 188 213 122 295 74 310 276 193 169 145 327 147 318 128 175 338 42 230 31 158 58 289 23 239 183 40 214 137 221 375 176 202 126 324 340 138 311 212 204 168 55 171 249 183 293 210 187 230 71 232 322 227 251 359 324 245 275 52 57 258 361 32 225 249 122 157 377 47 311 185 146 114 147 217 322 280 66 191 188 260 158 281 178 364 87 324 264 276 87
 321 95 163 108 121 159 124 40 213 13 277 147 249 96 127 281 153 54 31 55 228 55 71 32 231 1 159 41 104 114 226 202 213 278 255 93 294 110 191 109 271 57 100 107 297 123 216 211 107 218 201 249 276 229 61 226 122 152 283 146 88 201 226 224 277 101 132 268 191 212 86 109 270 134 257 224 103 245 228 253 200 228 303 112 200 220 15 216 89 214 154 22 89 172 101 52 44 287 178 208 248 182 147 87 162 323 180 201 176 254 209 300 288 132 89 128 116 215 134 254 87 207 274 134 134 254 272 176 205 179 44 124 213 343 226 155 275 137 194 48 293 67 248 177 175 153 214 151 109 321 76 178 212 63 72 136 143 177 197 196 348 184 74 156 149 178 208 261 180 274 266 229 217 110 111 260 281 118 181 86 152 246 42 35 256 210 103 35 208 135 37 298 279 278 135 252 82 165 66 267 180 99 327 88 105 143 147 198 34 216 88 204 132 231 62 116 269 95 98 227 237 306 50 107 135 113 279 160 288 293 249 177 222 190 158 63 342 233 245 167 44 155 214 240 204 97 86 93 238 259 232 207 261 108 247 236 167 229 276 119 210 152 248 99 71 92 255 240 203 167 69 204 66 329 262 276 108 141 126 146
 334 250 257 179 81 259 269 139 320 164 263 39 128 252 283 125 98 153 184 213 323 120 95 180 160 159 1 152 128 259 76 285 118 121 371 75 137 256 166 258 261 207 258 264 139 239 150 102 254 258 274 184 417 90 128 341 276 93 222 70 194 245 178 67 209 259 58 179 77 339 142 258 186 117 124 212 253 332 237 129 43 369 319 153 67 275 156 279 181 355 36 139 180 25 259 108 184 332 258 285 396 297 34 122 204 333 324 210 329 386 168 340 229 290 139 193 53 276 28 400 206 348 149 71 291 137 185 19 87 313 167 41 277 342 79 258 338 295 191 116 278 100 300 212 24 63 306 24 262 345 163 67 80 221 229 200 114 227 262 241 353 334 216 306 226 316 50 201 66 148 332 299 301 149 177 390 299 162 194 234 296 90 187 180 299 310 206 192 152 58 189 320 325 267 151 222 212 294 173 110 224 250 302 228 98 23 304 120 182 167 80 105 144 145 126 48 197 83 131 301 383 315 168 121 291 264 131 306 330 327 282 131 268 295 24 212 353 284 317 144 131 306 297 326 354 224 117 147 132 212 325 357 176 228 329 90 9 378 200 179 270 18 106 75 198 239 351 210 269 30 221 46 174 326 395 152 265 113 132 119
 282 102 132 69 134 199 118 71 188 53 238 131 222 106 136 267 170 90 68 79 199 33 80 70 197 41 152 1 68 149 210 170 184 265 234 78 281 106 153 142 232 58 124 129 284 163 182 184 141 179 166 213 268 209 88 204 150 167 246 157 56 163 190 211 241 119 140 235 167 195 47 108 237 156 233 185 103 215 188 228 193 219 264 73 180 183 53 180 127 206 155 36 127 160 122 51 34 250 144 174 245 159 132 113 122 283 174 161 179 240 172 263 251 151 51 90 118 179 125 250 127 198 248 145 158 227 238 166 181 166 83 113 178 304 209 195 240 156 155 63 253 80 211 138 163 161 184 149 113 283 113 156 190 84 98 173 109 139 161 157 309 183 111 155 188 167 200 224 186 249 232 194 185 141 147 245 242 151 141 121 145 233 81 74 218 182 142 66 173 142 45 259 242 238 165 213 121 148 31 254 141 131 288 125 76 139 158 166 36 179 73 176 161 199 88 116 233 107 61 193 232 266 19 72 144 144 259 155 251 255 210 143 184 163 157 99 303 196 211 131 71 156 181 209 203 136 110 125 209 221 203 206 227 84 216 218 159 227 241 155 173 140 227 80 49 127 227 202 167 166 73 194 104 289 249 249 130 162 153 111
 234 160 130 53 149 260 163 121 193 116 179 94 163 165 192 224 184 143 134 145 195 55 104 135 130 104 128 68 1 215 167 158 122 223 245 65 239 154 88 209 174 118 189 193 242 226 115 126 208 141 148 147 300 158 130 215 216 180 180 162 77 126 123 173 174 182 143 169 114 217 25 159 170 182 177 124 155 205 136 170 166 253 217 26 132 153 113 155 182 239 146 91 182 126 186 79 95 216 131 158 285 173 98 149 82 235 213 106 228 264 105 226 185 214 21 66 119 152 103 287 188 232 188 154 223 166 172 136 126 195 142 90 153 251 163 256 216 218 95 101 195 107 180 94 131 163 178 136 167 239 165 105 140 149 164 224 44 105 137 121 258 227 177 201 243 201 171 158 182 189 209 174 174 182 197 268 195 195 87 187 186 192 146 138 183 183 202 132 106 145 110 214 208 181 201 150 185 174 67 213 103 198 228 191 31 126 214 102 101 113 62 116 196 134 130 112 166 125 8 176 270 217 73 9 200 210 209 197 215 216 169 76 149 169 143 165 255 164 192 64 117 204 170 199 247 200 144 169 147 156 198 249 161 112 203 170 133 268 175 203 146 112 176 59 92 194 223 138 144 152 132 162 162 236 274 189 195 185 185 45
 410 100 229 204 197 92 141 121 255 104 378 255 361 94 104 384 216 108 84 75 279 168 166 85 344 114 259 149 215 1 332 268 326 379 281 203 395 131 300 12 372 113 53 57 397 59 329 323 10 305 273 361 261 338 134 257 35 217 394 223 173 289 337 326 389 70 217 381 302 230 194 122 383 187 368 328 119 300 326 365 297 220 392 218 309 300 110 291 95 210 243 133 96 277 61 161 127 364 250 276 221 223 254 148 257 413 177 301 148 258 319 378 398 72 198 221 209 292 238 232 63 204 386 212 55 366 385 277 316 195 93 230 289 436 333 86 343 76 299 146 394 161 325 272 279 232 270 245 112 406 107 289 321 76 58 124 255 266 275 283 439 167 44 147 113 187 305 372 259 386 332 297 279 143 120 264 371 139 283 29 160 348 75 83 337 259 78 84 320 218 110 385 355 378 165 359 52 194 161 368 271 22 429 33 218 239 109 311 118 327 199 317 167 344 136 212 381 180 209 293 217 397 147 219 107 19 386 159 367 375 335 290 305 238 252 52 431 312 310 278 130 141 276 296 180 45 152 132 351 368 283 184 374 169 305 343 268 204 389 124 288 256 356 210 147 23 301 347 279 259 106 304 90 424 262 388 54 196 170 258
 325 312 291 218 154 334 324 212 355 233 248 81 71 315 345 58 165 227 253 280 352 179 168 250 132 226 76 210 167 332 1 312 88 58 407 135 73 313 165 330 248 268 326 332 76 314 129 69 326 270 298 154 465 27 202 378 346 160 187 138 241 260 159 21 172 325 131 134 60 383 187 316 143 188 58 206 312 357 238 68 54 418 312 188 37 291 226 298 256 405 104 206 255 56 326 175 244 338 287 309 449 337 81 197 226 322 377 216 388 430 157 343 194 357 183 227 128 294 95 452 280 398 85 143 360 81 141 58 55 361 240 103 297 326 10 333 351 362 194 187 261 172 312 229 54 130 335 97 322 340 238 64 36 287 297 274 134 248 284 258 338 389 289 362 301 366 50 171 119 82 348 320 327 223 251 434 296 237 205 306 349 28 259 251 307 342 281 260 137 131 252 315 332 252 223 205 285 340 226 48 242 321 277 300 141 98 367 104 244 152 140 79 217 111 200 123 160 158 172 323 435 306 225 159 353 335 56 360 334 328 287 131 281 331 93 283 341 298 337 152 203 364 323 351 410 298 192 222 86 188 353 412 135 277 352 18 68 432 159 254 288 77 35 131 252 311 378 195 290 91 282 39 248 309 439 88 333 183 205 138
 156 170 41 110 297 346 135 239 55 213 163 249 283 177 183 366 333 256 217 201 41 188 245 223 218 202 285 170 158 268 312 1 240 368 103 219 381 141 159 257 155 163 219 218 384 307 208 254 259 70 19 216 187 296 257 80 248 330 226 315 116 65 190 322 231 203 296 254 253 104 149 150 248 324 303 144 152 49 115 291 321 154 141 133 276 48 216 34 289 145 303 205 289 280 212 215 161 99 28 11 194 64 254 281 87 161 142 115 180 142 178 114 226 222 150 93 272 38 260 189 278 142 302 305 241 281 252 291 261 110 244 247 33 188 306 341 77 223 133 231 172 245 63 87 285 318 25 293 163 146 278 249 279 196 213 336 179 66 34 64 186 164 250 155 346 122 326 214 338 305 66 31 17 310 313 144 124 319 115 247 132 339 231 227 79 39 298 206 196 298 176 131 91 159 334 174 267 93 140 358 74 247 205 260 188 282 196 218 173 188 216 242 330 235 257 267 232 270 156 27 178 150 155 165 185 253 342 143 103 115 88 186 61 44 299 235 175 56 44 163 240 163 13 42 177 279 279 293 261 197 43 177 244 102 47 311 289 185 242 320 39 269 311 215 134 253 68 170 30 309 164 315 265 180 152 302 221 329 321 175
 238 280 227 164 190 352 282 214 288 223 161 89 45 285 313 132 213 234 243 261 280 159 176 242 46 213 118 184 122 326 88 240 1 136 340 128 147 273 84 321 161 238 307 311 150 323 42 20 319 189 224 70 409 64 212 313 332 208 106 185 195 182 72 106 93 301 170 63 42 323 145 279 70 228 64 120 276 283 153 53 126 365 225 135 60 212 217 222 270 352 152 194 270 96 305 169 214 254 218 236 400 276 94 218 155 235 329 134 348 369 72 258 113 333 141 166 155 217 116 400 287 345 68 184 341 46 69 108 36 307 241 114 220 239 80 349 270 338 112 188 174 181 231 154 99 180 264 140 288 253 251 52 54 266 280 301 79 175 209 181 251 344 285 320 325 314 126 87 181 70 268 243 254 251 275 373 209 265 127 298 303 113 252 244 224 274 294 245 51 171 228 229 249 165 259 118 287 285 187 128 167 311 192 298 109 135 335 23 219 65 131 14 253 28 211 147 80 180 128 247 384 219 193 115 320 324 104 315 250 243 203 56 201 266 141 275 254 218 259 79 206 323 250 277 364 302 213 244 27 102 281 366 60 228 276 80 114 384 83 279 212 105 74 120 213 304 305 108 215 145 252 113 256 222 379 69 313 226 240 79
 370 366 348 275 191 372 380 259 411 284 292 136 104 368 399 10 191 272 303 332 408 233 215 300 176 278 121 265 223 379 58 368 136 1 464 188 17 368 217 378 293 322 377 383 20 355 176 118 374 323 353 195 522 73 247 435 396 187 222 169 298 314 205 55 207 377 168 166 115 439 244 372 176 219 82 255 367 412 288 97 84 475 358 245 94 345 276 353 298 461 140 257 296 107 378 227 298 389 343 365 505 394 134 238 282 367 433 268 443 486 207 393 229 409 240 283 171 348 145 508 324 454 104 177 410 112 173 103 108 418 287 155 351 367 63 371 404 414 246 236 303 219 365 284 104 160 391 136 377 387 280 121 90 339 348 308 191 303 339 312 380 445 336 418 335 422 76 210 141 100 402 374 383 259 288 490 343 272 259 354 405 33 307 300 359 399 322 311 186 167 306 363 384 297 254 249 331 397 282 12 297 370 315 347 198 141 421 155 297 200 193 130 248 154 245 168 196 201 229 378 491 351 280 216 407 383 47 416 384 377 338 185 335 388 130 332 384 351 391 206 250 419 379 407 465 343 233 261 125 229 409 468 170 333 407 58 113 488 193 290 343 127 63 186 307 359 434 241 345 124 337 76 293 351 496 107 384 212 237 194
 230 185 117 193 368 369 143 294 53 262 258 339 384 191 179 463 403 306 259 232 66 261 313 265 320 255 371 234 245 281 407 103 340 464 1 300 478 157 261 269 250 202 229 225 481 332 310 353 273 169 121 318 96 394 315 31 251 400 327 389 181 167 293 416 333 212 372 356 350 52 230 163 351 387 404 246 168 76 216 392 410 85 219 221 371 145 268 131 331 85 383 265 332 370 221 284 213 162 123 110 120 76 342 341 187 236 109 217 147 52 280 175 326 216 233 182 349 136 345 110 311 88 404 378 237 382 355 380 359 87 290 332 131 264 402 363 127 215 236 295 264 313 145 189 375 393 80 375 172 212 325 344 376 223 236 377 274 168 137 167 257 126 278 136 380 95 416 316 417 407 117 113 93 363 358 50 208 369 217 269 122 434 270 270 162 67 332 245 297 374 221 208 158 254 389 274 298 92 205 454 176 261 294 285 274 365 180 318 222 290 295 341 386 337 316 345 334 340 241 107 107 230 216 253 177 263 441 124 169 185 178 285 158 78 382 265 244 148 107 263 298 143 96 78 126 306 339 346 362 298 66 124 347 151 86 408 376 120 344 365 139 356 409 297 188 272 54 271 132 392 196 406 309 260 59 403 227 394 381 271
 294 178 187 110 86 225 195 87 249 101 233 55 159 181 212 191 121 107 121 146 255 46 51 119 156 93 75 78 65 203 135 219 128 188 300 1 205 183 134 199 229 135 192 198 207 197 142 122 197 204 210 178 343 137 86 269 214 117 215 99 120 189 161 134 206 191 80 188 100 266 71 185 192 121 166 177 180 266 195 163 117 294 277 89 108 217 94 218 144 281 85 73 143 83 192 43 111 280 192 220 322 225 56 97 146 294 250 166 256 312 145 289 221 223 70 127 55 216 48 326 160 273 184 90 226 165 193 89 114 239 114 36 216 309 135 222 279 228 150 61 249 56 244 157 86 100 238 76 190 301 125 87 120 153 164 178 75 168 200 185 317 260 160 232 200 242 123 192 120 184 272 237 235 130 151 317 256 144 147 176 222 156 129 121 246 240 167 127 137 81 118 275 272 235 145 198 161 220 99 178 166 190 279 173 39 66 233 117 110 149 6 117 139 150 85 49 195 65 65 238 308 276 94 60 220 204 187 232 278 278 232 107 212 224 84 153 314 228 255 108 79 233 231 260 280 176 91 121 151 196 257 283 182 155 265 144 82 304 201 156 210 63 156 10 123 181 283 185 207 93 149 117 129 292 321 186 199 123 128 80
 379 382 362 290 206 386 396 275 426 300 301 152 113 385 415 17 205 288 319 348 422 250 231 316 186 294 137 281 239 395 73 381 147 17 478 205 1 384 230 394 303 338 393 400 4 371 187 131 390 335 367 204 537 86 263 449 412 201 229 184 314 327 216 71 214 393 183 173 129 455 259 388 183 233 90 266 383 426 299 105 99 490 368 260 108 357 292 366 313 477 155 274 312 123 394 243 314 400 357 378 521 409 150 253 295 376 449 281 459 501 218 404 235 425 256 298 187 362 161 524 340 470 109 192 426 120 179 120 121 433 303 171 365 375 77 386 416 430 258 252 312 235 377 297 120 174 405 152 393 397 295 135 103 356 364 323 205 317 352 325 388 461 352 434 350 438 91 218 154 105 414 387 396 274 303 505 354 286 272 370 421 49 323 316 371 413 338 327 197 182 322 373 395 306 268 258 346 412 297 28 310 386 322 363 213 157 437 167 314 211 210 142 262 164 260 184 203 217 244 391 507 361 296 231 423 399 51 432 396 388 350 198 347 402 145 348 393 363 404 220 266 435 392 420 481 358 248 276 135 238 423 484 178 349 420 72 129 504 199 304 356 143 74 202 323 374 448 251 359 139 353 92 308 359 511 112 400 226 251 208
