NAME : domp280p70v9
COMMENT : (Deleplanque et al.) 
TYPE : DOMP
DIMENSION : 280
DISPLAY_DATA_TYPE: NO_DISPLAY
OPEN_FACILITIES : 70
COST_SECTION
 1 122 122 156 123 207 144 269 370 205 332 265 193 335 284 292 215 103 205 373 171 239 341 217 171 373 332 84 152 313 104 331 293 295 261 425 114 346 75 29 217 383 291 204 380 340 211 276 296 148 43 201 67 246 400 134 346 101 351 192 366 67 116 316 197 174 289 314 186 98 167 282 201 356 352 152 322 241 129 391 190 414 204 418 164 266 196 111 265 34 174 204 274 143 139 166 347 352 172 194 166 121 248 261 134 309 375 383 125 139 285 229 20 159 246 267 128 252 146 46 178 228 113 262 404 170 371 226 235 137 288 81 322 243 58 348 284 177 302 261 418 188 157 351 330 398 418 157 334 150 223 406 201 166 65 388 323 400 166 302 111 191 396 168 348 354 268 231 118 107 182 174 146 318 115 249 216 221 126 270 169 208 128 380 131 322 191 401 295 280 264 240 166 263 409 141 230 188 201 141 255 366 178 380 337 92 222 209 364 167 145 208 147 368 151 273 181 395 171 148 162 306 133 326 204 128 116 351 168 232 148 227 224 275 233 136 122 366 89 115 217 257 319 287 188 289 250 152 416 119 330 262 110 131 110 124 71 336 82 110 388 150 202 345 320 49 330 343 153 239 369 253 198 119 344 220 270 225 257 249
 122 1 14 107 184 151 34 212 322 166 212 231 113 216 171 226 188 77 114 305 97 187 231 196 128 253 242 70 218 280 19 213 178 175 198 305 124 229 48 125 142 262 268 199 260 222 167 155 187 33 81 85 57 129 326 118 295 64 287 189 254 76 169 276 130 61 173 257 88 38 48 165 131 236 240 219 208 243 47 293 83 293 179 298 73 208 94 202 256 91 66 85 265 148 31 198 233 247 246 93 104 167 132 141 131 244 262 291 14 129 219 169 137 72 219 204 220 196 73 122 259 123 36 179 283 141 328 237 188 75 265 166 246 127 158 228 165 236 252 178 298 173 236 280 210 285 301 244 246 203 134 351 82 145 153 267 206 347 221 256 188 134 282 234 243 234 239 152 82 68 143 190 26 236 100 137 211 132 182 158 49 232 122 274 109 201 91 326 263 164 144 127 143 147 289 37 197 186 84 78 135 326 176 260 230 32 155 164 248 251 63 216 157 315 62 251 68 341 219 115 46 189 118 286 173 221 7 272 195 141 109 164 151 245 200 213 160 250 162 81 97 234 227 167 68 195 133 37 295 83 233 150 35 13 145 200 114 302 40 150 268 95 157 251 200 102 256 222 88 145 290 139 78 165 247 177 247 127 141 136
 122 14 1 94 176 139 45 200 310 179 214 218 102 214 166 214 200 88 104 294 85 175 226 183 116 252 233 78 209 268 20 211 184 175 186 304 114 226 51 122 154 262 255 187 259 219 155 156 181 28 83 82 59 126 315 130 283 54 276 177 249 70 160 264 143 55 179 245 79 31 53 162 143 235 235 211 204 231 60 285 75 294 167 298 85 196 86 196 244 90 76 90 253 137 43 187 229 240 238 84 116 157 128 140 119 232 257 282 4 117 207 157 136 84 207 192 214 184 86 118 251 132 25 169 285 129 316 225 175 87 252 160 235 133 154 229 163 226 240 167 297 161 228 269 213 281 298 237 237 194 145 340 88 157 147 268 203 336 211 244 181 146 278 225 236 233 226 164 93 79 156 178 26 226 89 132 198 122 174 165 54 220 111 268 120 201 101 316 250 169 147 134 155 143 288 27 184 174 81 66 136 313 164 259 224 37 143 151 245 243 51 204 146 304 74 238 62 330 209 127 53 194 129 273 161 214 15 262 184 131 122 152 140 233 187 206 151 247 156 69 96 221 218 171 69 186 130 47 295 71 225 157 24 12 135 192 107 290 41 141 268 82 144 242 199 97 245 223 100 135 280 146 77 156 239 165 235 137 138 131
 156 107 94 1 133 52 136 116 223 272 252 126 49 224 163 137 293 174 69 219 32 88 209 90 22 268 181 159 159 176 104 215 245 203 106 313 64 230 119 138 246 285 162 98 277 226 63 196 165 92 137 110 124 141 245 219 197 62 197 89 235 92 116 174 236 90 238 162 68 84 129 173 236 249 220 162 200 140 153 243 84 316 73 313 176 113 78 171 151 127 162 156 160 66 135 118 222 210 189 75 210 109 139 169 52 155 244 231 94 44 131 74 160 176 113 113 186 99 179 123 205 211 75 109 311 37 227 139 86 180 159 144 167 199 154 261 183 167 153 109 310 70 185 196 256 268 299 199 181 139 233 256 156 248 140 297 210 251 152 155 150 240 267 172 208 247 133 254 183 167 249 101 103 163 45 131 108 77 127 233 130 140 48 239 210 229 188 246 158 229 196 205 247 155 298 77 91 87 113 30 176 224 79 271 199 118 67 60 240 202 48 118 74 219 167 145 92 246 146 219 137 250 218 184 67 187 107 196 112 88 214 72 70 140 94 167 100 244 131 43 131 128 169 220 126 142 146 134 315 38 183 227 77 100 90 156 96 198 109 97 290 14 53 195 217 110 175 249 194 98 214 213 122 108 197 73 141 221 146 132
 123 184 176 133 1 163 217 209 289 318 376 185 180 356 295 237 332 209 201 311 163 181 340 137 132 398 300 188 35 225 169 347 357 330 209 445 72 362 156 95 316 415 197 111 408 357 155 319 297 192 144 232 153 269 342 249 269 124 286 103 366 112 18 233 299 205 351 246 195 147 227 303 302 379 351 36 331 137 217 364 209 446 131 444 251 209 207 48 165 122 249 263 172 74 213 55 354 338 63 204 268 25 268 295 82 252 375 349 178 91 233 181 109 248 164 214 57 195 241 81 77 306 153 232 440 117 286 116 173 235 195 47 274 307 73 388 312 57 230 231 441 112 55 294 379 399 431 68 298 28 314 327 261 282 60 425 341 321 45 226 26 297 398 51 337 378 183 328 224 209 294 73 198 276 98 262 122 208 8 339 228 93 86 366 244 356 273 343 208 342 314 309 281 285 430 178 156 99 234 142 298 279 93 402 328 170 185 154 372 71 160 104 69 291 238 181 210 317 49 259 228 366 248 242 137 58 180 303 60 219 258 183 192 189 159 35 34 376 35 117 252 169 290 339 236 268 274 221 445 118 308 332 153 187 45 25 74 247 155 38 420 138 150 316 347 94 279 377 252 229 318 320 238 26 321 159 179 309 276 263
 207 151 139 52 163 1 176 65 173 315 253 83 49 212 150 86 337 223 66 168 55 38 183 65 37 256 138 208 183 132 151 201 260 202 55 296 104 215 169 187 283 277 123 88 266 212 23 203 144 128 189 126 174 142 194 266 147 113 146 84 209 143 149 126 275 116 253 111 83 133 162 166 274 237 194 186 182 121 197 202 100 306 53 299 215 61 88 207 122 178 197 181 130 91 175 132 201 177 212 86 252 140 138 173 86 104 218 188 137 78 80 23 209 216 77 61 219 48 222 171 228 239 122 69 303 47 178 129 38 224 120 185 118 219 199 258 181 185 103 69 295 64 211 146 260 242 278 227 137 161 266 205 182 294 183 290 197 201 170 106 184 281 241 193 176 236 93 289 230 215 293 109 140 117 93 126 92 61 157 253 162 139 87 204 257 226 222 195 115 244 208 229 293 152 282 117 54 85 130 76 185 176 82 257 169 166 23 20 219 228 88 111 96 168 207 108 115 195 162 265 172 262 265 136 43 220 152 147 125 67 259 22 32 99 56 197 131 223 171 94 145 92 128 230 152 107 147 172 303 90 146 248 125 142 127 188 144 153 159 133 280 62 18 154 210 159 125 244 237 78 165 234 143 140 158 31 104 252 143 127
 144 34 45 136 217 176 1 234 344 141 191 258 134 206 168 245 164 73 129 321 121 212 229 225 157 239 252 75 250 306 49 205 150 160 219 292 157 220 71 152 111 245 295 231 244 212 194 137 188 49 102 85 79 124 340 105 317 97 306 220 250 107 202 301 101 70 146 278 104 71 31 158 101 223 238 252 203 274 30 298 93 275 209 283 41 230 106 232 286 116 33 63 295 181 6 231 227 249 278 106 78 200 129 129 163 263 257 299 44 161 238 193 161 42 247 225 251 219 49 152 291 91 69 194 264 171 351 269 213 55 293 196 261 100 187 209 154 269 275 193 283 204 268 296 188 279 290 275 257 236 101 372 59 126 182 248 197 368 254 280 220 106 276 267 244 221 266 120 71 62 120 222 37 250 133 137 242 147 215 128 32 264 155 275 95 185 58 341 289 137 122 98 124 141 275 60 224 218 82 108 118 349 208 247 231 54 177 190 241 283 90 248 190 336 33 279 75 362 252 97 21 163 104 310 202 251 38 286 228 155 90 187 172 273 227 245 193 243 194 113 90 262 237 144 57 204 127 11 279 116 239 120 68 37 178 232 146 327 67 183 251 123 183 259 188 132 272 205 63 156 303 111 71 198 253 204 275 94 138 136
 269 212 200 116 209 65 234 1 111 374 275 51 101 221 164 30 397 285 110 107 116 31 175 77 98 262 104 272 222 82 213 207 296 225 18 293 161 218 233 247 337 286 87 108 273 218 59 233 148 186 252 171 238 173 135 328 84 176 83 111 198 206 197 71 332 169 289 47 134 197 216 185 331 244 185 224 185 120 257 166 149 311 79 300 272 6 135 255 105 241 251 229 110 140 234 166 199 158 246 134 311 188 167 203 141 44 207 146 198 134 28 44 269 274 63 16 265 18 282 231 263 288 185 64 312 101 118 137 37 285 85 238 68 262 255 276 203 216 42 65 295 98 249 87 284 228 271 267 99 200 318 142 231 355 239 302 205 137 204 48 232 339 228 227 159 243 62 342 292 277 352 142 198 75 155 152 104 95 202 293 217 157 144 181 319 244 275 136 70 281 244 273 354 176 281 176 56 114 175 140 219 117 117 260 157 229 58 61 215 265 150 127 142 105 266 79 166 131 195 326 227 295 328 79 73 266 213 95 158 94 320 48 64 65 54 239 179 220 223 158 187 72 100 263 201 96 176 229 306 153 123 290 188 202 179 233 203 99 222 184 288 125 67 122 225 221 71 259 296 100 111 276 190 187 131 52 77 302 168 154
 370 322 310 223 289 173 344 111 1 485 358 107 211 294 249 103 507 395 218 68 226 137 235 156 204 328 149 381 291 66 323 280 392 312 126 345 258 286 341 346 446 354 96 178 339 288 162 326 227 296 359 277 346 270 91 438 28 284 57 187 250 311 280 57 441 278 385 67 243 306 325 273 440 313 242 292 257 161 367 184 257 374 168 357 382 116 243 335 132 345 360 335 129 231 344 237 262 207 308 242 421 272 264 298 238 88 258 157 309 232 110 154 368 384 127 121 340 127 392 328 323 393 295 160 379 201 16 184 139 395 98 326 107 363 348 354 292 276 71 161 351 185 316 81 370 271 319 334 139 271 425 40 337 466 331 372 281 33 269 69 313 449 273 290 210 313 107 450 402 387 463 216 309 124 258 248 168 202 282 393 325 210 243 217 429 326 384 93 82 377 341 376 464 269 337 287 142 192 281 249 316 24 200 323 215 339 169 165 273 329 260 188 230 17 376 109 274 30 259 436 337 387 438 48 167 341 324 105 230 197 430 159 174 101 138 312 265 278 311 264 290 121 157 356 309 174 273 338 366 259 176 391 298 312 270 310 301 49 331 273 355 234 172 162 304 322 97 337 406 201 104 377 296 272 175 152 111 408 263 250
 205 166 179 272 318 315 141 374 485 1 258 396 274 303 287 385 26 110 269 460 261 352 345 360 293 322 385 131 350 446 170 308 192 253 360 372 276 319 167 228 63 317 433 361 323 311 332 225 311 189 175 217 168 245 477 71 458 221 445 350 361 212 306 441 52 209 193 419 244 194 163 270 56 313 351 351 314 404 120 423 231 342 344 357 105 370 245 314 420 197 130 167 429 305 141 348 335 371 373 245 65 308 251 234 288 403 365 428 180 288 378 333 223 102 384 365 332 360 94 238 381 128 199 333 327 305 491 396 353 93 430 282 399 167 261 278 257 373 415 332 361 336 359 435 248 384 380 360 391 342 91 512 163 41 266 312 300 508 360 420 311 39 380 367 366 311 404 73 96 112 25 345 177 387 257 264 373 287 319 167 163 386 280 394 75 269 112 477 428 190 204 154 41 258 357 200 362 347 213 244 216 490 336 333 353 160 317 329 345 370 228 375 313 477 110 416 213 502 362 60 150 209 72 450 338 332 166 423 347 293 62 327 312 411 365 337 304 345 287 241 212 399 370 213 184 338 246 147 349 244 369 160 197 175 289 324 248 467 173 292 323 260 322 389 282 225 410 284 80 293 439 165 199 306 381 342 412 110 258 262
 332 212 214 252 376 253 191 275 358 258 1 321 211 71 112 264 281 257 190 304 221 272 134 317 263 68 213 264 407 354 229 84 69 52 258 115 306 85 258 335 196 60 360 338 67 79 274 59 132 191 291 146 267 113 306 270 335 257 303 332 134 282 359 340 210 172 67 300 185 242 166 90 205 65 132 408 104 373 214 215 169 87 304 100 188 270 175 405 370 302 167 130 377 316 196 368 110 166 437 177 219 354 116 83 300 274 133 234 211 294 259 253 348 195 323 259 422 269 213 330 452 133 231 211 75 282 371 380 279 224 358 370 252 99 367 21 74 417 308 210 103 312 430 282 15 143 126 442 223 387 168 367 133 272 359 58 80 367 402 317 387 225 139 421 161 63 332 189 248 246 251 350 189 235 279 128 344 193 372 93 164 387 295 176 262 33 163 305 344 69 70 109 270 102 101 203 303 332 144 236 80 374 326 79 151 241 237 272 110 446 218 361 325 344 197 349 167 361 397 253 172 54 270 346 294 423 218 260 362 189 246 247 226 336 304 409 345 107 363 260 125 337 203 50 146 186 108 182 93 260 187 99 232 204 332 397 315 367 251 339 66 243 269 206 55 310 262 31 218 179 270 96 140 352 193 281 347 150 111 127
 265 231 218 126 185 83 258 51 107 396 321 1 130 269 211 75 418 299 145 131 137 51 225 50 105 311 152 283 191 51 229 256 337 270 65 343 152 267 243 241 365 334 41 75 322 267 65 276 197 210 257 206 246 215 162 344 85 184 105 82 247 209 175 52 357 198 330 66 164 209 244 231 357 293 235 193 234 74 277 212 181 360 62 349 297 55 169 232 56 242 279 263 60 125 257 135 249 207 212 167 333 167 210 246 133 81 257 189 218 127 75 72 262 298 22 65 238 53 303 223 228 321 200 112 361 98 107 94 47 304 39 221 111 299 242 323 248 180 48 113 344 79 218 119 329 277 320 236 145 170 349 145 264 373 225 350 254 138 171 43 209 363 277 193 208 292 12 372 308 292 373 113 222 121 155 195 67 133 178 332 245 117 138 229 335 291 304 163 33 321 285 309 372 221 331 198 37 87 210 154 260 102 94 309 207 243 90 68 264 232 169 89 124 108 289 30 197 134 161 344 254 337 343 62 63 239 231 134 128 135 339 79 100 17 34 211 160 269 205 164 224 24 149 305 233 146 219 254 355 159 172 328 202 223 164 207 196 74 233 167 337 138 75 170 272 217 111 307 318 143 146 314 224 167 180 55 28 334 212 197
 193 113 102 49 180 49 134 101 211 274 211 130 1 178 116 114 297 189 23 193 23 81 161 110 54 222 140 177 206 176 117 169 213 161 87 266 112 183 141 179 238 240 170 129 232 179 70 158 117 86 167 78 148 99 216 230 184 93 175 122 187 127 164 169 231 69 207 146 35 105 116 128 230 203 172 208 152 166 157 200 53 271 96 266 172 97 41 219 169 162 151 134 177 111 134 161 175 164 236 39 210 157 96 129 99 132 197 191 100 91 107 61 199 174 124 92 234 87 181 166 252 192 91 71 267 73 218 171 84 185 167 191 136 172 199 218 140 213 142 70 263 102 232 169 217 221 252 247 142 185 220 240 135 256 185 253 163 236 197 147 198 239 219 218 161 201 140 243 194 179 252 141 98 128 91 86 136 30 175 205 117 177 96 192 221 186 176 216 160 197 162 181 254 111 251 77 102 122 82 53 139 217 116 225 152 134 44 67 193 249 54 152 119 204 165 155 68 230 191 226 127 216 230 178 87 234 115 164 155 42 220 55 39 146 104 215 147 196 179 81 98 140 127 185 104 98 104 128 269 77 139 201 94 102 138 204 140 197 130 145 245 47 62 153 172 150 145 205 196 51 181 187 95 155 153 79 152 205 102 87
 335 216 214 224 356 212 206 221 294 303 71 269 178 1 63 206 327 277 157 237 194 224 64 274 231 45 147 279 383 297 233 15 129 51 205 92 285 18 263 332 243 66 307 299 55 10 232 79 74 188 296 135 272 91 237 300 272 246 238 295 65 276 339 282 253 163 124 239 162 239 176 55 248 25 62 385 38 329 233 146 151 94 264 89 216 216 150 390 322 302 191 148 328 288 210 338 40 97 413 153 253 332 90 78 275 213 66 164 211 268 202 208 348 222 275 205 406 218 240 323 429 176 225 158 93 250 307 339 232 250 305 358 188 137 360 62 53 390 250 158 87 275 408 216 85 82 85 422 157 362 215 300 152 309 349 82 17 301 375 259 370 267 78 395 91 24 281 238 272 266 292 318 191 171 260 94 303 154 350 146 175 351 271 107 291 42 196 236 289 122 100 151 307 74 76 196 257 296 135 216 91 311 292 48 83 247 193 231 44 425 202 322 296 279 221 298 156 295 368 285 186 117 300 287 254 407 222 194 331 146 278 201 182 284 258 390 323 43 348 244 120 288 138 96 151 127 86 196 92 242 120 150 227 206 312 378 304 308 254 319 69 219 229 138 23 304 197 45 248 136 202 142 139 331 124 237 296 195 81 94
 284 171 166 163 295 150 168 164 249 287 112 211 116 63 1 153 311 240 95 200 133 164 62 212 168 107 111 238 321 243 185 53 146 64 148 151 225 68 216 278 232 128 250 237 117 64 170 81 26 139 248 86 224 45 208 270 225 190 196 233 84 222 278 229 236 112 139 189 103 187 138 25 233 88 71 323 40 268 196 137 96 157 202 151 189 159 92 331 262 251 162 121 269 227 172 276 64 85 351 95 229 271 40 57 214 164 92 146 163 206 148 147 295 194 215 149 346 159 210 268 367 167 172 101 154 187 261 277 172 218 248 300 144 130 304 113 44 328 197 100 148 212 347 177 122 116 139 361 120 300 205 262 125 285 292 142 48 261 313 206 310 249 113 333 80 87 222 231 237 229 271 255 145 127 201 36 241 91 289 152 137 288 210 109 260 81 175 207 233 133 99 144 283 30 136 144 197 233 88 157 77 264 229 109 67 201 131 169 81 364 145 260 234 236 190 240 105 255 306 258 150 140 269 235 192 347 176 157 269 84 251 140 120 226 197 329 262 84 289 186 79 229 99 110 112 76 43 158 154 183 88 153 175 159 252 318 246 256 206 259 131 158 167 109 62 249 154 97 221 73 170 140 98 270 99 175 238 186 31 36
 292 226 214 137 237 86 245 30 103 385 264 75 114 206 153 1 408 301 117 83 131 57 155 106 122 245 78 289 250 92 229 192 292 216 32 273 187 201 251 272 344 270 105 136 256 202 85 227 134 198 273 175 257 169 110 343 77 197 63 140 176 228 224 77 340 177 285 38 142 214 224 176 339 228 165 253 169 146 270 139 156 294 108 281 281 29 142 283 129 263 259 233 133 167 246 195 180 135 275 141 321 215 163 198 167 19 186 117 212 159 8 64 293 284 90 26 293 43 293 255 292 291 202 58 296 127 113 164 65 297 104 265 39 262 282 263 194 244 45 59 275 127 278 61 275 205 249 296 72 228 323 128 235 368 265 287 191 124 233 55 260 349 205 256 137 227 85 348 306 292 364 171 210 48 178 147 132 100 230 292 225 185 170 156 333 233 282 110 86 277 240 274 367 170 262 190 85 143 179 158 215 114 146 242 136 246 73 87 195 294 165 156 170 93 276 101 173 118 223 339 236 289 342 83 101 294 228 67 187 95 333 66 75 86 83 268 207 200 250 179 188 97 77 257 207 80 172 239 288 174 99 290 205 215 206 261 228 104 240 211 272 145 92 96 212 244 43 246 307 99 82 275 194 215 106 79 100 306 163 149
 215 188 200 293 332 337 164 397 507 26 281 418 297 327 311 408 1 126 292 484 283 374 370 381 314 346 409 146 363 467 191 332 214 277 382 395 294 344 185 240 86 340 454 380 346 335 354 249 335 212 189 241 185 269 501 84 480 240 469 369 385 229 321 463 76 232 215 442 267 213 186 294 80 336 376 364 339 423 142 447 255 364 364 380 129 393 269 325 440 211 154 192 449 323 164 364 359 395 385 269 88 323 275 259 306 426 390 453 201 307 401 355 233 126 405 388 342 382 117 252 392 152 220 357 349 325 514 414 374 114 451 294 423 191 272 301 282 387 438 355 383 356 371 458 270 408 403 371 416 357 114 535 188 51 278 334 325 531 375 442 323 64 404 380 390 334 425 94 113 130 46 363 200 411 276 288 392 310 333 190 187 403 298 418 90 292 137 501 450 213 228 178 51 282 380 222 383 366 237 265 241 512 355 356 377 179 340 350 369 381 250 394 331 500 133 437 237 525 377 77 174 231 85 472 359 342 187 447 363 317 81 350 335 432 386 349 320 369 300 260 237 419 395 236 208 363 270 171 371 264 393 183 217 197 305 337 263 489 192 308 346 281 343 414 306 240 434 307 102 317 464 188 223 321 406 364 433 134 282 286
 103 77 88 174 209 223 73 285 395 110 257 299 189 277 240 301 126 1 190 381 171 259 301 259 195 309 318 22 242 349 73 277 206 230 272 361 169 291 60 122 115 313 333 257 313 283 237 205 259 109 67 156 60 196 402 46 368 117 362 245 322 104 198 347 96 136 203 331 165 92 103 230 99 294 310 243 275 299 45 367 158 342 243 351 71 281 170 210 317 89 90 131 326 198 69 239 299 320 266 169 64 199 201 200 182 319 329 367 90 183 294 242 122 65 285 278 228 269 48 131 275 136 101 255 330 204 400 289 258 37 331 176 322 160 158 275 225 265 325 254 352 233 253 356 251 351 361 256 323 234 124 426 127 77 160 314 269 422 252 328 204 90 348 259 315 292 306 129 17 12 86 238 99 313 152 208 269 209 210 180 104 278 174 346 38 254 99 403 331 196 189 153 76 213 345 113 264 242 153 147 188 397 231 317 302 58 229 233 313 265 137 269 206 389 61 316 142 416 253 51 92 221 45 357 239 228 74 349 239 218 49 238 226 313 267 230 196 315 179 138 162 299 303 208 129 271 199 83 346 142 308 172 99 89 180 217 139 372 68 184 319 163 226 326 258 116 332 274 52 221 366 167 143 197 321 246 312 128 209 207
 205 114 104 69 201 66 129 110 218 269 190 145 23 157 95 117 292 190 1 193 40 94 142 130 75 200 131 181 227 189 121 147 195 139 94 245 131 162 148 194 229 219 185 150 210 158 88 138 98 83 176 62 155 78 213 230 191 106 177 144 168 140 184 180 224 61 188 152 27 113 108 106 223 181 154 229 132 186 155 187 40 249 116 245 165 105 26 238 187 173 143 120 195 133 131 183 155 148 257 25 205 177 75 109 120 135 178 181 101 112 110 74 213 168 141 99 253 98 178 181 273 179 98 67 245 95 226 191 99 182 182 209 134 155 216 197 119 234 151 65 242 123 253 168 196 202 231 267 135 206 209 244 122 254 202 231 142 240 219 157 217 232 200 239 145 180 155 233 194 180 248 163 95 124 109 65 156 19 195 188 108 199 116 177 220 164 167 214 174 179 143 166 252 90 230 78 119 143 67 67 120 226 138 203 135 139 56 85 172 270 62 172 141 209 160 171 57 234 212 224 120 197 229 188 106 254 117 160 176 29 218 67 47 161 121 235 168 176 197 97 81 156 117 165 92 85 83 123 247 93 126 184 101 102 158 224 157 208 137 165 223 65 81 142 151 164 144 184 192 35 177 170 81 176 140 96 168 193 81 66
 373 305 294 219 311 168 321 107 68 460 304 131 193 237 200 83 484 381 193 1 212 136 176 175 203 268 92 369 320 112 310 223 345 262 114 281 266 228 332 353 415 294 140 204 279 231 164 280 176 275 355 245 338 229 32 422 60 278 26 210 188 310 300 95 413 253 339 66 219 296 298 224 411 255 182 322 201 200 347 117 230 312 182 294 356 108 216 358 174 345 332 301 174 245 323 264 203 145 342 217 397 291 223 254 247 65 195 90 292 239 89 146 375 359 151 107 366 123 370 336 358 357 283 128 318 207 83 221 142 375 141 343 62 324 361 298 243 310 84 130 287 201 347 26 317 207 254 365 82 299 392 64 303 446 344 313 225 65 300 90 335 423 208 323 150 255 136 417 385 371 440 241 287 76 260 207 196 175 304 350 298 246 250 152 412 273 353 34 120 332 297 337 444 224 274 269 156 214 249 240 273 90 219 262 156 326 155 167 212 362 246 219 246 52 352 146 248 59 291 416 311 339 421 92 177 367 307 45 257 168 410 148 156 133 153 339 283 217 328 261 254 151 103 309 278 129 231 314 304 256 119 350 286 294 284 334 308 106 321 289 295 227 173 101 250 326 51 281 383 168 38 336 264 291 115 157 147 373 219 209
 171 97 85 32 163 55 121 116 226 261 221 137 23 194 133 131 283 171 40 212 1 92 181 110 45 237 162 158 190 186 99 185 217 172 102 283 93 200 121 157 229 255 176 124 247 196 74 166 137 74 146 81 128 110 236 214 199 71 193 116 207 105 146 180 221 64 210 161 37 85 109 142 220 218 192 192 170 164 143 222 55 285 94 282 161 112 48 199 171 140 143 131 179 96 121 148 194 185 220 45 198 139 108 139 82 150 217 213 84 75 124 73 177 162 128 108 215 100 168 144 236 188 72 92 280 64 232 165 93 170 173 170 156 172 178 230 152 198 156 91 280 96 215 188 226 241 270 229 164 169 213 256 132 241 164 266 179 252 183 160 179 227 239 203 183 217 146 236 177 162 239 130 86 149 70 101 132 52 157 206 109 169 78 214 204 198 169 236 169 201 167 180 239 124 268 62 105 115 84 31 146 230 107 241 173 116 59 71 211 232 35 145 105 219 153 160 65 246 177 211 118 221 213 190 86 215 99 184 142 63 206 68 57 153 108 197 130 215 159 59 102 144 149 191 101 120 115 117 284 55 161 201 75 88 119 185 119 207 110 126 259 27 64 175 186 128 165 218 182 72 202 187 95 138 175 84 157 200 115 101
 239 187 175 88 181 38 212 31 137 352 272 51 81 224 164 57 374 259 94 136 92 1 185 56 69 266 124 245 196 96 188 211 287 222 29 302 131 224 206 218 318 289 92 85 277 222 29 226 152 164 224 156 210 165 165 303 111 148 113 86 209 177 168 90 311 150 280 76 115 170 196 183 310 248 196 198 190 107 233 188 132 316 53 307 251 29 119 227 99 212 231 213 106 111 212 141 207 173 222 117 288 159 160 196 112 73 219 170 174 104 53 22 240 252 52 34 237 15 259 201 239 272 159 68 316 72 142 120 10 261 89 209 94 249 226 275 200 192 67 68 302 72 224 116 280 241 282 241 120 174 300 170 214 331 210 304 208 165 180 70 204 317 241 202 173 247 62 323 267 251 329 117 176 97 125 146 84 83 174 281 197 137 115 198 294 243 256 166 80 271 234 259 329 171 289 153 36 89 160 113 210 139 91 266 169 203 40 32 224 240 125 107 114 132 243 79 148 159 170 301 207 287 302 99 46 238 189 122 133 85 296 28 49 67 36 212 151 228 194 129 174 66 117 255 184 105 169 207 312 125 139 278 162 178 150 205 173 117 195 155 292 98 38 142 225 191 99 260 273 94 139 263 174 159 149 23 76 285 163 148
 341 231 226 209 340 183 229 175 235 345 134 225 161 64 62 155 370 301 142 176 181 185 1 239 209 94 87 299 363 245 245 51 187 102 162 119 272 53 275 333 289 120 259 267 105 57 200 127 47 199 307 147 284 106 174 331 215 245 179 265 27 278 323 229 294 172 181 185 157 245 200 77 291 80 12 366 34 291 258 84 153 141 232 127 249 171 147 379 279 309 223 181 284 268 233 314 28 34 392 149 289 316 101 112 258 159 37 101 223 250 152 172 351 254 234 160 394 176 271 322 409 222 230 118 145 226 249 304 194 280 258 350 131 183 357 125 90 366 198 118 121 246 390 156 147 61 98 406 97 341 261 239 185 345 344 138 55 240 352 208 358 308 59 374 28 80 236 286 299 290 331 291 206 115 250 95 268 132 334 200 199 319 256 50 321 103 234 173 240 177 148 198 343 90 108 203 220 266 149 208 131 254 264 90 21 261 162 199 41 407 199 290 275 220 251 253 165 234 344 319 211 177 331 233 222 394 236 133 306 122 312 167 152 238 220 374 306 46 339 238 141 245 81 152 174 81 104 220 134 235 60 202 233 219 298 363 298 254 265 305 121 207 199 76 81 304 139 108 281 112 140 191 159 315 62 202 251 241 93 96
 217 196 183 90 137 65 225 77 156 360 317 50 110 274 212 106 381 259 130 175 110 56 239 1 69 317 178 242 146 97 191 262 323 266 83 355 104 275 201 192 335 339 76 31 328 273 43 266 203 180 212 187 204 206 206 304 134 143 150 35 263 164 127 101 324 173 316 110 143 169 216 229 325 298 250 149 241 58 242 241 161 367 18 359 265 78 150 184 62 196 250 240 71 76 224 90 260 227 170 148 298 118 202 237 85 118 273 222 183 81 103 68 214 265 30 87 191 67 268 175 187 297 162 121 366 56 155 67 46 268 73 172 144 280 193 322 244 140 94 121 354 31 174 160 324 295 335 192 174 125 321 194 241 334 176 353 258 187 128 91 161 329 295 151 227 297 52 342 269 253 337 67 191 150 110 189 30 124 130 314 217 83 91 252 295 289 276 207 79 307 271 289 333 215 341 166 22 39 191 119 248 150 45 317 223 203 82 45 277 189 136 53 75 157 256 58 174 183 119 305 225 325 303 110 25 192 195 171 83 130 301 74 93 58 24 165 111 281 156 122 207 41 172 294 210 159 211 223 363 118 193 309 164 189 115 160 148 120 192 118 342 103 49 196 273 170 147 307 282 140 186 295 203 118 203 38 55 308 206 191
 171 128 116 22 132 37 157 98 204 293 263 105 54 231 168 122 314 195 75 203 45 69 209 69 1 274 172 179 155 155 125 221 261 213 91 318 69 235 139 151 266 293 141 80 284 231 43 209 167 112 156 124 143 151 230 239 178 81 181 72 235 109 116 153 256 107 254 144 81 104 148 180 256 255 220 158 203 121 174 236 98 323 53 319 197 96 90 174 130 144 182 174 139 60 156 109 225 207 185 87 231 108 149 181 52 139 245 222 115 43 116 59 173 197 92 97 187 82 201 135 201 230 96 102 319 21 207 122 66 201 138 150 154 215 163 271 193 160 134 101 315 52 182 181 268 269 302 198 172 134 253 238 174 269 148 305 215 233 145 136 152 261 267 167 205 254 112 274 204 188 270 89 123 152 58 139 89 79 126 250 149 126 52 235 231 238 208 231 137 244 211 223 268 164 303 98 70 71 128 51 189 204 64 277 197 139 56 40 243 199 68 102 68 200 188 124 108 227 139 240 157 265 239 163 46 188 128 183 102 88 235 58 62 119 73 166 99 247 136 61 146 107 161 234 144 137 156 154 321 56 178 244 98 121 93 156 107 178 129 99 297 35 33 188 225 124 161 258 215 99 201 230 139 107 191 53 120 240 155 140
 373 253 252 268 398 256 239 262 328 322 68 311 222 45 107 245 346 309 200 268 237 266 94 317 274 1 180 313 426 336 270 56 136 80 246 54 328 44 301 371 261 27 347 342 12 45 276 104 115 226 333 174 309 132 264 327 308 287 272 339 83 316 382 320 273 203 133 277 204 278 210 97 268 20 87 428 78 372 264 165 193 51 307 47 244 257 193 432 364 341 220 179 370 332 244 382 67 124 456 196 278 375 132 113 319 251 78 187 249 311 241 251 387 250 317 246 449 260 269 364 472 196 265 200 52 293 342 382 275 279 346 400 224 158 401 49 91 433 289 200 46 318 451 249 81 81 59 465 190 405 232 331 182 333 390 46 60 332 418 298 413 288 77 439 119 22 322 254 302 298 313 361 228 207 303 137 346 197 393 158 209 394 314 124 319 56 221 263 329 134 123 170 331 115 38 236 300 339 174 258 122 346 335 12 114 284 236 274 57 468 243 366 340 313 251 340 196 326 412 312 219 120 328 325 297 449 259 225 375 190 305 244 226 325 301 432 366 53 391 286 158 330 174 111 187 167 127 229 48 284 153 164 267 243 355 421 345 346 292 362 28 262 272 168 54 344 232 40 275 179 232 159 176 374 154 280 338 213 124 137
 332 242 233 181 300 138 252 104 149 385 213 152 140 147 111 78 409 318 131 92 162 124 87 178 172 180 1 310 318 164 251 133 256 172 96 200 240 138 278 317 335 206 181 208 191 141 147 191 86 210 305 169 285 145 98 355 129 232 93 210 104 266 286 146 336 184 249 102 155 243 225 135 333 165 95 320 110 223 280 65 161 226 176 211 282 102 149 344 206 301 256 221 210 228 254 264 114 60 344 150 323 277 138 166 223 77 112 52 230 214 78 120 338 286 166 93 356 112 299 303 361 273 228 72 231 185 163 240 133 306 180 321 47 238 334 208 153 315 117 73 205 194 346 71 226 129 175 363 11 296 310 155 224 376 318 224 134 155 302 127 321 347 130 325 63 165 162 336 320 308 366 240 220 32 225 124 206 114 294 262 225 259 223 78 346 182 275 97 161 243 209 252 374 137 191 207 157 212 173 192 186 168 213 175 67 268 118 148 126 362 191 230 233 134 280 179 178 149 294 347 238 249 355 149 168 357 246 48 256 103 341 118 112 163 156 333 268 131 307 219 174 174 16 219 202 48 145 243 219 215 28 262 231 230 264 325 276 169 267 270 207 184 151 19 159 288 54 190 312 98 60 249 187 276 30 145 177 291 133 126
 84 70 78 159 188 208 75 272 381 131 264 283 177 279 238 289 146 22 181 369 158 245 299 242 179 313 310 1 221 333 61 278 217 234 259 366 149 293 42 102 135 319 316 238 318 285 221 211 256 102 46 153 40 195 392 65 354 100 350 227 321 84 177 331 115 130 214 318 156 76 104 230 119 297 308 222 275 280 52 362 152 349 226 356 84 268 163 189 299 68 98 136 308 179 70 219 299 316 245 162 84 178 199 202 163 307 328 360 81 165 282 229 103 78 268 266 207 255 63 110 254 149 88 246 338 187 385 270 243 54 314 155 312 169 137 282 227 244 311 244 357 215 232 345 260 351 364 235 314 213 141 413 132 97 139 321 270 408 231 313 183 111 348 238 311 295 289 148 37 24 107 218 94 303 134 205 250 199 189 193 105 258 155 343 58 259 111 392 315 206 195 164 96 213 349 104 247 223 151 133 192 382 212 321 299 44 216 218 314 244 125 250 186 376 72 299 137 402 232 72 95 231 64 341 222 207 66 339 218 209 70 225 215 296 251 209 175 315 158 121 162 282 296 216 129 264 199 85 352 125 302 184 85 82 159 196 118 356 51 163 325 148 211 320 261 95 321 279 70 213 357 178 143 176 316 231 295 143 208 204
 152 218 209 159 35 183 250 222 291 350 407 191 206 383 321 250 363 242 227 320 190 196 363 146 155 426 318 221 1 226 203 374 389 359 224 471 102 389 190 125 350 443 196 117 436 384 171 349 321 224 176 262 186 298 351 281 273 157 294 112 389 146 50 236 333 236 383 255 224 180 260 331 335 407 375 3 357 132 251 382 238 474 144 471 285 222 235 55 161 154 282 295 167 96 246 57 379 360 31 232 301 54 297 325 109 263 399 365 211 116 247 199 137 282 170 229 52 209 274 113 47 339 186 252 469 138 286 110 187 269 194 73 288 339 98 417 341 27 238 251 468 125 29 305 409 423 457 46 315 23 348 330 294 314 88 454 368 323 23 233 43 330 422 18 358 406 187 362 257 242 327 81 231 292 128 290 125 233 36 372 261 84 113 387 276 386 307 352 210 374 346 342 313 313 456 210 167 109 264 172 328 278 106 430 351 203 205 171 397 45 190 104 89 295 272 182 241 319 33 292 262 398 280 244 151 53 214 316 65 243 290 202 214 192 169 25 62 401 65 148 283 172 309 370 268 289 303 254 473 148 328 365 186 220 76 31 107 246 188 69 448 166 169 335 375 127 292 406 286 253 331 353 270 56 340 174 180 343 304 290
 313 280 268 176 225 132 306 82 66 446 354 51 176 297 243 92 467 349 189 112 186 96 245 97 155 336 164 333 226 1 279 283 377 305 99 362 200 293 293 288 413 361 31 116 347 293 114 314 225 259 307 250 297 254 142 394 54 234 89 125 265 258 218 19 406 245 370 62 210 259 292 265 405 319 255 228 260 96 327 215 227 385 111 371 346 87 213 271 68 291 327 308 65 172 306 173 271 223 243 212 382 209 248 284 181 88 274 189 267 176 97 117 310 347 68 96 276 92 352 270 258 366 250 144 387 148 61 119 94 354 33 264 118 342 287 354 283 211 48 145 365 127 251 110 364 292 338 269 155 207 395 105 309 423 270 378 282 98 204 39 250 412 293 225 225 319 46 419 358 342 423 153 271 133 204 233 105 175 218 374 292 145 187 240 385 323 352 144 20 361 325 353 422 257 352 247 87 130 254 204 300 55 139 333 226 293 134 118 285 264 218 123 170 73 338 45 243 95 194 393 302 375 393 22 113 276 281 132 166 175 388 123 142 40 84 248 203 291 249 214 267 58 165 343 279 171 257 302 379 210 188 371 252 272 210 246 244 24 283 212 363 188 125 180 303 266 113 337 367 181 139 356 269 210 192 104 47 380 249 235
 104 19 20 104 169 151 49 213 323 170 229 229 117 233 185 229 191 73 121 310 99 188 245 191 125 270 251 61 203 279 1 229 195 192 201 322 112 245 32 107 153 279 264 192 276 238 166 172 200 47 65 100 41 144 332 116 297 53 291 181 268 59 154 276 139 74 190 259 97 25 65 181 140 253 254 204 223 235 53 304 94 310 174 315 84 209 104 185 251 73 81 103 259 138 45 186 248 259 231 103 110 153 147 158 121 248 276 301 23 120 222 171 119 82 216 207 203 197 80 105 243 138 30 186 301 136 328 229 187 78 261 149 252 144 141 245 181 222 253 184 315 167 220 285 228 299 317 228 255 189 147 354 100 145 136 284 221 350 207 256 172 140 297 219 255 251 236 163 80 65 147 179 43 243 90 151 204 139 168 175 67 221 112 287 107 218 105 332 261 182 161 144 144 162 306 45 194 178 99 76 152 326 168 277 243 18 157 162 263 235 65 207 147 317 72 247 81 344 206 116 63 207 116 285 169 204 13 279 184 149 111 166 155 243 197 198 147 266 146 72 114 230 237 185 85 204 148 54 312 75 243 167 28 28 131 184 98 301 23 136 285 92 155 261 217 85 261 239 94 154 297 157 95 151 257 176 243 141 156 150
 331 213 211 215 347 201 205 207 280 308 84 256 169 15 53 192 332 277 147 223 185 211 51 262 221 56 133 278 374 283 229 1 139 57 192 99 277 17 260 326 249 79 293 288 67 12 221 84 60 184 293 130 269 86 223 302 258 240 224 284 56 271 330 268 257 158 134 226 154 234 175 49 253 37 51 376 24 317 232 134 145 106 252 99 218 203 143 382 309 298 192 149 315 279 209 328 30 84 403 146 256 323 84 78 266 199 59 151 208 258 188 196 343 224 262 192 398 205 241 317 420 182 220 146 106 239 293 327 220 251 292 351 174 142 354 76 53 380 236 145 96 264 399 202 97 77 89 414 143 352 220 287 153 312 342 96 9 287 365 246 362 271 74 386 78 37 268 245 272 266 295 307 188 157 252 86 291 143 342 154 174 339 262 96 292 53 199 223 275 131 106 156 310 68 84 191 245 285 131 208 93 297 281 57 69 245 181 219 38 416 195 311 287 265 222 285 151 281 358 288 185 128 301 273 242 399 219 180 321 135 281 189 171 271 246 381 314 39 341 237 117 275 124 105 149 113 82 195 103 235 106 157 222 202 304 370 297 294 251 311 82 210 218 124 31 298 183 58 250 124 189 148 137 322 110 225 283 200 75 86
 293 178 184 245 357 260 150 296 392 192 69 337 213 129 146 292 214 206 195 345 217 287 187 323 261 136 256 217 389 377 195 139 1 86 279 182 290 146 221 301 130 127 377 340 135 138 282 66 171 166 251 137 228 124 352 211 366 234 340 332 194 253 340 365 146 157 8 329 181 214 132 122 140 131 188 391 155 379 167 271 164 151 308 167 136 291 174 379 381 265 121 95 389 306 155 359 168 219 419 176 159 337 130 95 289 305 195 285 181 283 286 266 310 142 335 282 397 287 160 299 433 73 205 235 136 280 403 381 292 171 375 343 288 52 335 89 104 404 334 234 171 312 410 321 58 208 194 419 265 372 103 407 97 209 330 121 133 406 388 342 364 161 204 405 213 129 348 121 194 197 187 344 160 271 263 146 347 204 354 27 131 384 282 234 205 89 108 352 364 17 53 54 207 124 169 181 313 331 134 223 78 405 323 147 202 203 248 279 172 426 203 361 315 379 146 364 154 399 385 193 134 18 212 372 299 397 183 302 354 204 187 259 238 353 315 388 329 170 338 243 117 350 243 37 122 219 121 143 158 243 232 36 206 173 314 375 289 393 216 321 133 234 274 252 109 279 299 98 161 197 315 41 124 335 240 290 361 86 130 144
 295 175 175 203 330 202 160 225 312 253 52 270 161 51 64 216 277 230 139 262 172 222 102 266 213 80 172 234 359 305 192 57 86 1 208 132 259 67 222 295 193 89 310 288 86 59 224 29 87 150 255 100 231 63 267 251 288 213 259 282 112 241 313 292 202 128 80 252 136 202 132 41 198 65 105 361 70 322 186 186 122 120 254 124 167 220 126 360 320 264 143 100 327 267 165 319 85 133 389 128 204 307 65 36 252 227 115 200 172 245 211 203 310 173 272 210 377 219 191 289 405 126 189 162 112 233 325 329 229 202 308 327 207 87 326 59 23 369 260 161 124 261 383 239 60 132 132 396 181 339 165 325 104 259 316 96 50 324 354 268 342 217 128 373 128 63 282 189 224 219 241 301 150 190 233 78 293 142 325 99 130 337 247 150 242 28 146 267 294 76 50 101 257 52 116 160 252 282 99 189 43 327 276 88 116 206 186 221 93 400 172 311 276 299 173 299 122 318 348 236 140 78 251 298 244 378 181 219 313 138 229 196 175 286 254 363 298 93 319 215 81 287 160 51 108 139 58 150 122 213 147 102 191 165 286 351 272 319 214 293 94 195 218 167 30 268 217 49 199 129 230 92 99 305 155 230 296 145 60 76
 261 198 186 106 209 55 219 18 126 360 258 65 87 205 148 32 382 272 94 114 102 29 162 83 91 246 96 259 224 99 201 192 279 208 1 279 156 203 221 241 321 270 103 113 257 202 55 216 133 172 242 154 227 156 140 315 99 166 92 115 185 197 196 88 316 153 272 60 118 185 200 168 315 228 172 226 170 131 243 160 133 296 82 286 257 13 119 255 119 232 235 212 124 138 220 169 185 147 250 118 296 187 150 186 137 50 195 142 185 129 26 33 263 259 74 7 265 17 267 224 267 271 173 48 297 97 134 146 38 270 101 235 67 245 251 259 186 220 58 49 281 100 252 92 267 216 258 269 92 202 302 155 214 341 235 286 190 150 208 65 231 324 216 231 147 228 77 326 279 264 338 145 184 69 147 135 111 78 202 276 201 164 139 171 305 228 259 141 87 263 226 256 340 159 267 162 62 117 158 128 202 133 119 245 144 217 44 57 201 268 137 134 141 118 251 94 150 144 199 312 212 277 314 96 74 266 200 95 161 77 306 36 49 80 61 240 178 206 221 148 170 85 90 245 185 82 159 213 291 144 112 273 176 188 176 233 197 116 210 182 273 115 62 114 208 213 72 243 281 83 112 259 173 186 122 51 92 285 151 137
 425 305 304 313 445 296 292 293 345 372 115 343 266 92 151 273 395 361 245 281 283 302 119 355 318 54 200 366 471 362 322 99 182 132 279 1 375 84 353 422 310 57 377 382 50 89 315 157 153 278 385 225 361 182 271 380 328 336 290 379 98 367 428 345 323 253 180 301 252 329 263 145 318 70 109 474 116 408 317 168 242 44 347 21 296 289 241 480 397 392 273 231 402 377 296 425 96 141 501 243 330 421 181 165 364 275 89 194 301 356 270 288 438 302 352 278 496 294 321 414 517 246 316 235 59 336 360 420 311 332 376 449 246 209 451 95 142 477 315 235 14 359 497 266 126 76 29 512 210 450 282 342 235 384 440 68 105 345 462 325 460 338 74 483 138 72 354 302 354 351 364 403 280 230 350 184 384 240 440 206 262 434 360 130 371 109 273 270 357 183 175 221 382 164 17 286 337 380 225 306 174 365 377 46 138 336 275 313 79 514 292 405 384 330 303 371 247 339 455 363 272 166 380 349 336 497 311 241 418 231 357 282 265 356 337 479 412 75 439 335 209 363 198 161 239 198 177 282 34 332 175 213 318 295 402 468 394 369 344 409 51 309 313 186 106 394 253 90 327 220 244 209 228 420 172 318 370 263 172 184
 114 124 114 64 72 104 157 161 258 276 306 152 112 285 225 187 294 169 131 266 93 131 272 104 69 328 240 149 102 200 112 277 290 259 156 375 1 292 110 90 264 344 178 92 337 287 103 249 228 125 113 161 110 198 295 213 234 61 243 81 298 66 55 203 249 136 284 204 125 88 162 232 251 309 283 104 262 133 164 303 138 375 91 373 195 159 136 108 155 94 188 196 163 32 154 75 285 273 132 133 220 49 198 224 21 203 307 290 115 28 181 125 111 193 133 162 123 145 190 72 147 244 90 170 369 60 258 122 125 187 175 82 221 240 96 317 241 115 191 169 371 75 125 246 309 331 362 138 240 83 257 294 195 245 80 354 271 288 100 190 87 250 330 116 271 307 155 274 182 165 252 70 133 220 28 192 105 141 67 274 163 111 18 301 205 286 214 296 182 274 245 244 244 214 359 110 117 77 164 71 228 253 66 332 262 118 124 101 303 142 90 102 38 257 183 160 140 283 97 218 166 298 212 213 92 124 121 250 72 151 215 125 130 162 121 106 40 306 69 48 182 144 229 270 169 204 203 159 374 48 245 267 90 123 28 94 45 223 104 35 349 67 95 255 276 67 227 307 203 161 267 254 169 47 258 110 157 249 205 192
