NAME : domp220p73v5
COMMENT : (Deleplanque et al.) 
TYPE : DOMP
DIMENSION : 220
DISPLAY_DATA_TYPE: NO_DISPLAY
OPEN_FACILITIES : 73
COST_SECTION
 1 102 178 116 222 109 80 67 100 339 138 229 341 64 139 201 69 301 150 337 273 180 355 158 121 55 332 272 185 401 355 105 178 411 231 244 264 139 183 191 272 257 358 182 30 350 261 65 164 228 48 226 237 78 66 236 339 145 340 160 280 255 253 393 128 205 124 89 243 135 157 154 353 188 181 260 229 330 255 395 168 137 359 37 319 125 12 344 357 330 73 99 39 184 329 103 35 122 108 236 435 158 355 166 212 88 113 14 163 233 32 331 220 166 213 226 136 324 124 141 393 242 98 178 136 359 12 281 332 185 166 57 262 120 285 357 194 253 224 173 158 75 91 134 115 343 237 358 142 240 144 142 185 257 138 187 236 344 360 117 25 146 36 60 175 358 207 186 175 210 115 251 72 64 224 181 258 212 146 313 159 248 63 266 78 320 178 354 359 113 353 226 318 149 331 249 192 70 90 345 263 197 222 69 345 320 280 217 332 118 271 162 217 250 291 227 18 87 275 226
 102 1 148 201 227 171 159 166 39 348 121 267 313 50 119 166 165 364 239 328 249 216 326 255 26 100 369 237 283 460 396 205 151 479 332 344 350 238 239 220 332 351 397 169 89 390 361 38 257 212 149 308 308 167 68 336 389 210 417 113 346 269 216 463 59 270 188 37 216 183 242 207 366 134 282 339 327 350 348 447 250 232 427 138 360 202 100 407 342 332 33 199 111 123 363 184 86 204 43 268 500 97 354 149 176 177 214 89 135 277 106 411 236 130 283 226 228 308 167 172 461 310 16 265 218 334 111 343 391 189 217 46 350 73 364 422 238 299 315 129 256 165 132 56 82 416 336 423 243 241 245 232 285 218 239 178 247 413 334 75 111 78 85 73 154 418 288 171 274 198 127 235 49 154 197 255 316 313 247 307 259 334 159 365 118 391 279 372 364 141 392 318 364 198 412 282 286 104 164 391 329 265 322 164 335 360 363 240 350 117 333 156 167 323 376 268 85 50 297 254
 178 148 1 193 93 141 163 235 185 206 41 162 168 177 40 24 198 278 228 181 102 123 182 262 132 127 249 96 292 360 279 243 7 392 350 385 312 295 166 116 245 334 278 33 190 272 368 148 249 66 208 264 242 184 197 375 284 163 350 40 267 137 76 380 92 203 152 118 70 126 221 143 226 43 317 286 326 217 325 339 220 238 344 199 245 180 168 317 195 188 161 252 212 56 240 175 144 190 190 155 407 62 209 23 34 189 254 169 17 177 205 351 111 20 221 88 226 161 114 97 375 242 134 244 199 189 178 258 298 66 147 149 317 76 307 334 149 197 294 26 267 183 110 100 72 340 339 336 279 101 281 225 301 80 283 44 116 334 189 75 201 79 192 197 18 324 245 31 293 56 74 88 182 178 50 207 230 349 280 162 311 298 235 364 114 317 307 236 220 92 273 298 255 134 353 168 277 114 157 279 253 205 343 194 188 244 315 123 215 65 249 40 48 261 331 167 166 109 168 140
 116 201 193 1 183 53 43 106 211 277 159 148 319 176 162 213 56 191 40 295 255 116 332 70 211 103 242 267 100 292 258 73 189 297 158 196 151 127 91 132 165 154 264 176 145 255 177 166 60 212 90 111 125 39 181 186 236 53 224 199 169 198 254 278 197 99 47 173 235 76 43 77 285 224 130 145 137 256 149 290 53 46 245 93 226 20 110 233 318 276 179 94 144 228 241 20 116 9 219 162 322 210 302 172 221 30 81 124 182 145 140 216 169 192 102 191 34 290 82 103 280 130 191 66 21 332 106 172 223 159 85 158 151 177 170 244 114 161 116 202 76 43 89 208 165 229 149 245 97 201 99 35 109 260 105 174 185 230 334 172 130 207 151 175 180 248 92 182 102 194 123 229 185 53 221 70 153 160 95 270 136 135 117 176 94 205 118 280 299 102 259 119 220 79 216 171 90 105 41 245 153 88 151 53 304 228 165 157 261 136 163 158 240 136 177 143 127 162 207 158
 222 227 93 183 1 137 172 261 261 122 107 83 138 243 109 92 212 200 207 118 79 71 151 245 216 168 157 101 272 272 188 250 88 309 330 375 260 306 115 55 169 294 186 62 243 181 339 215 225 48 235 214 180 192 261 365 196 135 279 131 193 45 97 299 178 146 137 192 73 108 194 109 140 133 311 228 296 126 281 249 187 225 264 229 154 164 211 234 139 110 231 266 260 147 148 171 192 177 267 71 321 153 135 81 90 192 260 217 100 100 252 283 25 110 165 11 211 109 109 86 293 177 212 212 179 151 218 182 215 39 106 214 268 156 243 253 89 116 254 118 253 194 133 188 146 264 310 254 279 20 280 207 284 103 286 52 24 256 152 154 245 168 246 259 79 239 198 63 280 42 110 53 250 194 72 164 155 339 277 93 317 249 266 331 145 243 298 147 140 110 181 259 166 105 286 82 248 154 161 190 182 154 324 208 126 153 257 42 125 114 175 72 120 199 273 91 216 180 76 57
 109 171 141 53 137 1 38 129 189 243 108 122 271 158 112 161 77 197 89 253 206 78 285 122 175 72 225 217 152 296 246 114 137 311 210 247 187 170 75 92 167 199 250 124 137 242 228 140 109 162 105 141 138 57 169 238 231 41 247 149 178 160 203 294 155 101 18 138 185 31 84 46 253 173 180 171 186 227 192 288 86 98 258 102 211 41 100 240 275 238 155 130 145 179 222 37 94 50 197 132 333 162 263 120 169 56 124 111 130 125 139 242 127 141 113 144 86 245 31 53 293 141 159 108 60 286 101 176 227 109 58 134 189 133 195 254 87 145 159 152 128 59 43 166 120 246 199 256 145 156 147 85 161 208 151 123 144 244 287 128 130 162 142 163 128 253 121 130 154 143 72 180 166 61 170 86 152 211 144 227 182 171 136 225 54 222 169 251 264 51 245 163 210 42 243 144 138 68 26 237 161 95 203 73 261 212 196 119 231 86 166 106 188 154 210 120 112 126 174 124
 80 159 163 43 172 38 1 92 170 279 125 158 304 136 129 184 41 222 82 288 238 115 318 106 168 61 259 246 136 323 279 82 160 332 192 223 193 137 107 129 194 196 283 152 108 275 215 124 101 193 68 151 159 22 144 213 261 68 263 163 202 196 230 315 156 127 48 130 214 68 85 81 290 190 155 184 176 264 191 317 93 81 280 66 245 47 72 265 310 274 137 96 113 192 257 26 75 47 178 168 357 171 300 144 193 27 93 85 150 159 108 256 163 159 135 178 73 279 64 87 315 163 149 108 61 320 70 202 253 141 92 117 193 137 209 278 122 178 158 169 110 23 54 167 126 266 187 279 118 191 119 76 142 235 121 152 180 266 321 132 97 167 114 137 152 279 132 158 134 174 90 212 145 24 198 103 180 187 118 263 151 177 100 215 55 242 146 288 300 73 279 161 242 78 256 180 131 64 13 268 185 118 184 37 297 246 206 155 267 101 192 132 209 172 219 154 87 120 211 161
 67 166 235 106 261 129 92 1 156 370 194 247 389 122 196 257 54 294 125 378 322 206 403 116 186 108 346 325 137 395 363 54 233 395 174 179 233 73 193 220 270 214 368 232 80 359 207 130 132 277 28 204 228 75 115 172 341 153 317 222 272 287 307 376 193 204 137 156 295 159 137 171 381 250 120 238 181 354 217 395 152 103 344 36 330 123 73 336 399 365 135 38 63 248 344 104 98 114 163 259 422 222 391 219 267 80 58 80 220 247 65 306 254 225 206 267 109 367 154 175 378 233 164 152 124 406 61 276 327 228 181 123 228 184 263 346 212 264 188 233 113 72 132 200 177 326 186 346 84 280 86 117 133 312 77 235 270 329 407 180 57 211 85 107 228 351 189 237 122 258 165 297 128 69 277 174 258 150 90 353 94 218 14 215 123 303 121 378 391 155 364 189 325 169 304 270 154 122 104 350 256 193 164 58 386 332 252 246 358 171 267 212 276 236 261 243 84 152 302 251
 100 39 185 211 261 189 170 156 1 382 156 295 350 37 154 204 168 385 247 364 286 243 364 257 61 118 398 275 284 483 424 202 188 499 328 334 361 227 261 249 354 356 425 204 78 418 359 51 263 248 145 321 326 175 45 327 415 229 433 150 366 302 254 482 97 290 206 70 253 206 253 229 399 172 276 354 328 382 354 473 262 237 446 135 388 216 103 428 379 367 35 192 96 160 392 196 97 216 9 297 521 135 390 185 214 185 210 90 171 303 93 425 268 167 301 260 234 345 191 199 481 329 52 275 230 372 111 364 414 223 240 56 360 110 379 443 263 325 323 167 257 172 154 94 117 433 336 444 238 275 240 240 284 256 232 213 280 432 372 111 101 116 72 51 190 441 301 207 273 234 156 271 30 160 234 271 339 306 243 343 248 345 147 365 140 409 275 405 399 167 421 325 390 221 425 311 291 126 178 417 349 283 319 168 371 388 375 271 383 149 354 190 205 340 388 295 86 81 328 284
 339 348 206 277 122 243 279 370 382 1 228 132 122 365 229 196 318 197 289 61 127 165 126 328 335 287 100 156 349 222 127 349 202 274 401 454 298 404 190 151 180 344 119 180 362 120 400 336 303 143 346 263 218 297 383 444 158 225 278 246 204 85 169 272 296 203 236 313 152 213 274 203 23 239 396 260 359 42 329 190 261 313 244 342 113 258 328 211 79 26 352 369 377 255 90 271 311 270 388 117 274 267 35 200 189 295 358 336 217 141 370 290 120 225 217 123 298 83 219 200 262 212 333 284 267 115 334 190 192 161 194 335 309 276 265 228 165 137 311 230 336 300 249 305 267 255 374 230 371 108 372 292 362 173 380 170 105 243 117 274 363 284 366 380 196 207 255 179 361 152 231 124 371 302 166 233 175 420 367 57 411 293 377 387 263 242 382 41 23 228 116 316 134 203 294 110 318 273 268 141 203 215 398 314 65 110 285 125 34 235 188 192 216 232 300 140 335 302 72 121
 138 121 41 159 107 108 125 194 156 228 1 158 205 142 5 64 159 269 196 211 138 111 220 227 110 87 255 135 257 357 284 204 41 385 315 347 288 256 148 109 235 305 283 50 152 277 335 113 216 96 168 240 225 145 162 338 283 136 335 43 255 150 116 371 73 184 121 87 107 100 191 120 246 66 280 266 293 231 297 340 191 203 334 159 248 148 128 309 227 212 128 213 173 72 247 140 104 157 162 155 402 61 235 31 75 151 215 129 26 171 165 334 118 35 202 106 192 193 85 74 367 225 106 214 167 225 138 248 292 70 127 114 292 51 288 326 137 193 265 45 232 145 73 84 41 328 306 328 241 121 243 192 265 120 244 59 128 323 226 48 161 69 154 161 38 318 221 53 258 80 37 119 148 139 88 183 220 311 242 189 272 273 195 332 74 304 271 252 244 58 278 269 255 111 335 170 246 73 121 281 239 185 307 155 218 247 294 125 231 25 238 36 85 243 309 162 127 76 179 141
 229 267 162 148 83 122 158 247 295 132 158 1 203 269 162 168 195 119 158 162 156 52 214 197 263 183 105 181 218 200 130 220 156 231 272 324 184 274 59 50 87 223 132 130 255 124 275 245 172 130 225 141 102 173 283 314 126 97 197 194 111 66 179 220 229 75 112 231 155 95 143 78 138 204 265 149 232 108 209 183 131 182 184 223 94 129 219 156 186 135 261 241 266 217 101 145 207 141 302 18 246 215 160 143 168 169 228 229 163 18 259 201 59 175 92 93 168 165 107 96 215 98 253 154 137 210 221 100 137 97 67 241 193 205 162 174 37 36 186 185 205 176 143 241 193 182 247 175 240 93 241 161 232 185 250 120 67 175 212 201 250 226 260 279 146 163 129 133 230 121 141 133 277 181 153 103 73 289 236 138 280 175 256 264 159 161 251 132 154 128 127 191 98 82 204 24 189 172 146 125 100 87 268 190 170 94 178 43 113 152 92 127 198 120 194 10 229 218 61 27
 341 313 168 319 138 271 304 389 350 122 205 203 1 344 205 148 344 302 343 62 69 207 15 382 293 287 217 77 408 342 246 384 167 391 466 512 385 440 248 190 277 424 239 160 356 239 473 315 361 114 363 342 303 325 365 502 273 271 384 201 303 138 98 387 255 275 273 285 100 244 330 246 142 182 447 350 430 160 410 310 322 362 356 355 226 301 330 324 52 98 328 399 376 196 206 306 307 313 355 186 394 218 96 176 137 326 394 333 184 218 369 393 155 185 293 129 348 42 242 219 378 299 299 347 316 23 339 289 304 164 242 317 395 243 360 342 221 225 386 184 389 326 258 260 239 364 445 344 415 119 416 343 420 97 421 156 141 353 23 242 364 237 358 365 168 322 329 155 416 133 227 93 349 325 119 298 268 476 413 73 452 376 393 463 268 348 435 162 117 236 235 391 245 241 397 188 383 272 294 258 296 285 461 339 60 223 378 171 152 224 285 179 150 320 393 212 330 277 155 179
 64 50 177 176 243 158 136 122 37 365 142 269 344 1 142 198 132 354 212 352 278 218 358 221 74 88 373 270 248 453 398 167 179 467 292 300 326 193 231 225 324 320 400 191 43 392 323 30 227 237 109 286 293 139 22 293 386 197 399 147 334 282 250 449 99 258 175 62 246 178 218 200 381 172 241 319 292 362 319 444 228 201 414 99 362 182 67 397 369 352 19 157 64 163 368 161 65 181 44 273 490 136 375 173 208 150 174 54 162 276 60 391 248 161 268 244 199 335 163 174 449 297 55 240 196 365 75 333 384 205 211 30 324 104 345 411 236 298 287 163 221 136 127 100 106 401 300 412 203 259 205 204 248 252 197 199 261 400 365 103 66 119 38 24 179 410 267 195 237 221 135 260 9 125 226 238 309 271 207 330 214 309 113 329 111 376 239 385 382 143 395 289 363 193 391 287 255 98 145 390 317 251 283 132 360 362 341 249 363 130 323 175 204 307 353 269 51 69 307 261
 139 119 40 162 109 112 129 196 154 229 5 162 205 142 1 63 162 273 200 212 138 115 219 231 108 89 258 134 261 361 287 207 40 388 319 350 292 258 152 113 239 309 287 51 152 280 339 112 220 96 170 244 229 149 162 341 286 141 339 39 259 152 114 375 70 189 125 85 106 104 195 124 248 63 283 270 297 234 301 343 195 206 338 161 251 152 129 313 228 214 127 215 174 68 250 144 105 161 160 159 406 57 237 32 73 155 218 130 24 175 166 338 121 31 206 108 196 194 89 78 371 229 104 218 171 225 140 252 296 73 131 113 296 48 292 330 141 197 269 41 236 148 76 81 39 332 310 332 244 123 246 196 269 118 247 60 131 327 226 45 162 65 154 161 38 322 225 54 261 81 41 119 147 142 87 187 224 315 245 190 275 277 197 336 77 308 274 255 246 62 282 273 258 115 339 173 249 75 124 285 243 189 311 158 219 251 298 128 233 28 242 39 82 247 313 165 128 75 181 144
 201 166 24 213 92 161 184 257 204 196 64 168 148 198 63 1 220 285 247 166 84 133 162 281 148 150 247 74 311 362 278 265 25 398 370 406 326 318 179 124 253 351 276 42 213 271 386 168 267 54 231 278 254 205 218 396 286 180 360 55 276 134 53 387 109 215 170 138 51 144 239 158 217 44 338 299 344 210 341 340 237 258 350 222 245 199 191 322 178 176 181 275 235 60 238 196 167 210 208 158 411 75 195 42 12 210 276 192 39 184 227 362 113 38 234 85 246 144 133 114 381 253 153 262 218 169 201 266 303 73 161 171 332 96 318 340 159 203 310 38 287 205 132 116 93 348 357 342 301 96 303 244 321 57 304 50 115 341 169 96 224 93 214 219 34 328 260 37 314 51 96 74 202 200 33 222 238 370 301 148 333 313 258 382 136 326 328 228 208 113 271 315 257 150 364 171 295 136 178 280 262 219 363 216 172 243 328 127 208 87 257 56 32 273 344 174 189 130 166 144
 69 165 198 56 212 77 41 54 168 318 159 195 344 132 162 220 1 245 83 329 277 154 358 91 180 80 293 284 119 346 311 47 196 350 169 192 197 99 140 169 220 189 316 190 95 307 197 128 97 232 35 162 179 22 133 183 289 100 276 193 224 236 268 332 176 153 84 144 252 107 93 118 329 221 125 196 162 301 188 344 105 69 299 39 278 71 67 288 350 314 139 56 91 221 291 51 82 63 176 206 376 198 340 180 230 28 58 80 184 194 88 266 203 192 157 219 69 320 104 127 333 185 159 111 75 360 58 226 278 181 128 120 194 161 221 299 159 212 156 201 92 20 89 185 152 282 171 300 85 231 87 75 121 273 86 191 220 284 361 157 77 191 102 126 189 303 144 195 111 213 125 252 140 21 236 124 207 157 88 303 114 181 64 200 86 259 119 325 340 111 311 158 272 117 265 217 124 90 52 299 207 142 160 5 337 279 214 195 305 135 217 170 243 190 225 190 83 137 249 199
 301 364 278 191 200 197 222 294 385 197 269 119 302 354 273 285 245 1 173 249 268 159 310 199 364 268 105 295 206 102 98 250 272 117 242 301 116 291 126 164 34 168 108 247 329 100 229 335 174 247 279 103 68 228 364 292 61 158 84 308 23 172 295 103 336 97 180 329 271 181 159 158 189 320 260 81 196 157 152 104 144 199 67 282 88 178 293 44 271 213 351 274 333 332 113 199 290 184 393 131 137 328 231 258 286 219 254 306 277 103 328 93 176 290 90 210 189 261 198 198 100 62 351 151 171 303 291 22 34 214 148 330 128 312 74 59 133 85 148 300 207 231 233 348 298 65 208 61 252 207 252 180 220 301 264 237 181 57 305 307 318 336 335 358 262 58 111 250 224 239 244 247 362 240 271 122 50 273 246 230 289 118 306 212 247 47 245 172 216 226 106 152 68 167 98 121 171 261 212 79 39 105 242 243 256 92 97 160 166 257 32 242 316 64 109 112 307 316 149 144
 150 239 228 40 207 89 82 125 247 289 196 158 343 212 200 247 83 173 1 314 282 138 356 40 250 142 240 297 67 273 252 77 224 272 125 170 115 122 101 154 153 114 259 209 177 250 141 203 21 241 115 81 107 73 215 160 225 73 195 237 151 215 285 252 236 94 78 212 265 106 17 98 294 261 108 115 99 263 110 276 32 27 221 121 223 49 145 214 337 291 216 101 173 266 241 59 154 40 255 174 298 248 316 207 254 63 82 159 218 151 170 184 190 229 89 216 17 311 115 135 255 113 230 29 30 355 139 157 206 188 103 196 113 216 140 223 128 162 77 239 48 77 127 247 204 202 112 223 85 225 86 9 78 291 96 206 205 205 357 211 159 246 183 208 214 229 65 215 75 223 160 256 220 88 253 60 144 134 80 289 125 99 137 137 133 180 94 286 311 138 255 80 213 104 183 180 51 144 80 237 136 80 119 82 322 226 132 176 269 173 149 192 275 113 143 151 162 201 218 173
 337 328 181 295 118 253 288 378 364 61 211 162 62 352 212 166 329 249 314 1 85 180 66 353 312 283 158 110 377 281 186 365 178 332 432 482 341 420 215 164 227 383 179 162 357 179 436 323 330 117 352 301 259 308 372 473 215 244 331 219 252 99 127 329 273 236 251 296 117 223 300 220 81 207 420 304 393 100 369 249 289 335 300 346 169 276 326 267 25 38 338 382 375 222 147 285 306 288 370 145 334 239 37 181 157 308 374 332 195 175 368 341 127 200 252 113 321 27 225 203 320 253 314 314 289 56 334 238 248 153 213 324 351 256 311 285 187 178 347 202 361 310 249 280 249 309 408 287 391 99 392 315 390 129 399 155 111 297 58 254 361 258 360 370 175 264 290 159 387 132 224 94 358 311 134 263 219 447 389 27 430 333 383 425 261 295 407 101 57 227 175 352 189 217 345 144 349 269 277 199 248 247 428 324 10 165 331 139 92 225 235 179 179 274 346 171 330 286 106 143
 273 249 102 255 79 206 238 322 286 127 138 156 69 278 138 84 277 268 282 85 1 148 83 320 231 219 202 31 348 326 233 318 100 370 406 450 337 374 193 132 239 371 228 92 288 226 417 249 301 46 295 291 256 259 298 440 252 210 349 138 265 97 44 362 192 224 209 219 34 180 271 185 149 123 384 304 373 153 359 298 264 299 329 288 206 238 262 297 95 104 262 332 309 139 191 241 239 250 291 141 378 157 118 108 74 261 329 265 117 173 301 355 101 120 243 69 285 61 176 154 355 253 235 290 254 88 271 252 277 98 183 250 345 177 318 316 166 185 332 121 328 260 191 199 173 332 388 318 350 65 352 282 360 47 356 88 90 322 89 177 296 176 290 298 100 299 276 87 355 65 159 28 283 258 53 242 227 414 349 72 387 326 325 408 200 313 372 165 134 168 224 337 222 180 359 148 325 204 229 241 255 232 401 273 90 203 333 118 147 156 246 111 95 275 349 165 263 210 124 131
 180 216 123 116 71 78 115 206 243 165 111 52 207 218 115 133 154 159 138 180 148 1 220 176 212 132 156 166 203 248 182 187 117 275 260 306 196 242 48 17 126 226 183 93 206 176 270 193 155 110 182 148 122 133 232 297 175 66 229 150 146 83 158 261 180 83 73 179 136 48 125 41 176 164 243 167 226 151 214 233 117 157 225 179 146 98 170 200 203 162 210 205 218 175 151 108 157 110 250 57 292 170 187 102 137 131 196 179 120 63 211 230 54 133 102 80 143 175 58 45 257 120 201 143 111 219 173 138 182 62 36 190 203 156 186 216 28 85 186 143 184 135 93 192 143 219 241 218 213 88 214 138 215 164 221 85 70 214 220 152 203 178 211 228 106 209 132 97 211 95 90 121 226 138 128 96 110 270 210 154 252 183 213 262 108 196 230 175 187 77 179 191 149 39 232 71 179 121 103 176 131 88 255 150 188 146 196 42 154 102 129 84 165 141 212 54 179 167 97 47
 355 326 182 332 151 285 318 403 364 126 220 214 15 358 219 162 358 310 356 66 83 220 1 395 307 301 223 90 421 347 251 398 181 397 478 525 396 454 261 204 287 436 244 174 370 244 485 329 374 128 377 354 314 339 379 515 280 285 393 215 313 149 111 394 268 287 286 299 114 258 343 259 145 195 461 360 442 165 422 314 335 375 364 370 233 314 344 331 50 103 342 413 391 209 212 320 321 326 368 197 399 231 98 190 151 340 408 347 198 229 383 402 168 199 305 143 361 51 256 233 384 309 313 360 329 14 353 299 312 178 255 331 406 256 370 349 233 235 398 198 403 340 273 274 253 372 457 351 428 133 430 357 434 110 435 170 153 361 13 256 378 251 372 379 182 329 341 169 430 147 241 107 363 339 133 310 278 489 427 81 466 388 407 476 282 357 448 165 118 250 240 403 253 255 406 199 396 286 308 264 306 297 473 354 62 230 388 183 157 238 294 194 163 331 404 223 345 291 164 191
 158 255 262 70 245 122 106 116 257 328 227 197 382 221 231 281 91 199 40 353 320 176 395 1 268 163 275 334 32 296 284 63 258 288 89 131 119 93 140 193 184 100 292 244 183 282 110 218 27 279 116 99 135 90 221 121 254 111 206 266 177 254 322 268 260 129 114 231 302 142 55 137 332 292 69 131 73 300 101 302 68 25 239 124 257 84 156 237 377 330 228 85 173 296 277 88 170 73 265 212 316 276 355 241 289 81 62 169 250 188 172 193 229 260 121 254 37 350 150 171 272 142 247 50 67 394 147 185 232 225 142 210 113 242 154 243 167 198 73 271 10 92 156 270 230 218 83 244 53 263 53 39 40 327 66 242 244 224 396 237 162 272 189 213 249 253 90 250 36 260 191 294 229 103 289 96 176 95 47 328 91 104 129 111 159 198 55 323 350 171 288 74 246 142 191 219 39 168 108 268 164 116 82 91 361 260 140 215 307 204 178 226 309 137 147 189 173 222 257 212
 121 26 132 211 216 175 168 186 61 335 110 263 293 74 108 148 180 364 250 312 231 212 307 268 1 109 362 218 297 458 391 222 136 480 348 363 359 258 239 214 332 363 391 156 111 384 376 57 268 196 167 315 311 180 93 355 386 214 421 94 348 259 196 465 40 272 193 39 198 184 251 208 354 113 300 345 340 340 358 444 258 245 429 156 354 210 117 407 325 318 56 218 134 101 356 193 99 213 64 262 501 76 340 136 158 189 231 107 120 274 129 417 227 113 286 214 240 291 168 169 463 313 23 275 227 315 129 343 391 179 218 65 360 61 370 423 236 296 326 111 270 177 135 34 71 418 350 424 261 228 263 243 300 198 258 166 237 416 315 64 132 57 108 97 140 418 294 157 290 184 123 219 73 167 180 260 316 332 264 292 279 343 180 379 123 394 296 361 350 140 386 329 360 199 417 277 298 109 172 387 331 268 339 179 318 354 370 233 340 111 333 146 146 328 384 265 103 51 288 248
 55 100 127 103 168 72 61 108 118 287 87 183 287 88 89 150 80 268 142 283 219 132 301 163 109 1 287 220 193 367 311 126 127 382 247 271 251 173 144 141 237 255 314 128 76 306 272 68 161 174 83 208 209 74 101 262 299 112 318 116 249 203 201 365 98 173 89 71 190 91 144 113 301 144 204 240 234 280 251 357 150 139 330 73 275 103 44 312 303 277 84 130 93 143 282 85 26 105 126 188 404 119 302 114 160 83 136 50 112 189 85 312 168 118 185 172 132 270 77 90 364 213 90 167 119 306 53 247 297 131 124 63 252 82 265 326 150 211 218 125 166 72 41 108 73 317 245 327 165 186 166 136 198 205 165 133 183 316 306 78 79 112 80 97 122 324 188 133 188 156 61 197 96 63 171 156 222 236 167 259 191 235 109 273 26 293 198 303 306 60 309 221 276 106 312 202 191 16 65 303 232 167 238 77 291 276 264 166 282 65 237 109 169 225 277 182 49 61 225 177
 332 369 249 242 157 225 259 346 398 100 255 105 217 373 258 247 293 105 240 158 202 156 223 275 362 287 1 232 289 126 33 312 243 175 334 391 217 362 154 150 99 267 30 217 359 25 326 348 248 198 325 191 146 272 387 382 58 194 182 285 118 115 239 172 327 148 212 332 217 199 224 180 88 289 341 179 289 59 251 97 209 266 144 324 19 224 322 112 178 121 365 334 369 303 12 243 311 234 405 102 178 307 133 234 244 266 318 333 254 101 363 195 139 265 155 163 253 176 211 200 163 139 354 226 226 213 324 104 94 187 168 345 229 304 177 129 139 82 240 273 283 275 247 338 292 157 303 131 324 154 325 246 304 244 336 206 134 145 215 300 353 320 364 383 234 107 190 218 305 197 243 188 381 281 223 181 101 360 319 146 364 215 355 311 263 147 326 69 116 231 25 244 38 185 200 87 255 276 247 42 122 161 333 289 164 16 200 131 68 253 106 221 274 154 212 107 333 320 83 116
 272 237 96 267 101 217 246 325 275 156 135 181 77 270 134 74 284 295 297 110 31 166 90 334 218 220 232 1 363 356 264 327 95 399 422 463 359 381 213 152 266 391 259 95 285 256 434 241 317 57 299 313 280 267 291 453 281 226 376 126 291 125 22 391 179 245 222 210 33 193 287 201 178 106 396 327 391 183 379 328 281 312 357 290 235 251 261 326 115 133 254 339 306 120 222 252 238 263 279 167 407 142 145 107 63 270 338 263 111 198 299 381 124 111 265 90 299 84 187 165 384 277 224 307 269 99 271 279 306 110 200 244 367 168 342 344 188 212 351 109 341 268 196 184 165 360 405 346 361 90 362 296 374 21 366 95 116 350 99 168 295 161 286 291 99 328 297 90 368 75 161 50 275 264 49 261 253 426 360 101 396 348 327 427 203 340 385 195 162 174 254 356 252 195 385 175 342 205 238 271 281 253 415 280 113 233 356 141 178 156 272 115 74 299 372 190 260 203 154 155
 185 283 292 100 272 152 136 137 284 349 257 218 408 248 261 311 119 206 67 377 348 203 421 32 297 193 289 363 1 297 296 84 288 283 60 107 110 97 163 219 194 80 303 274 208 294 80 246 48 307 140 103 145 120 246 97 263 139 200 297 184 278 351 263 290 147 143 260 331 171 79 164 351 323 55 130 46 319 85 307 89 56 238 150 271 113 184 239 401 352 256 102 196 326 292 118 199 103 291 235 312 306 377 271 319 111 79 196 281 208 196 185 254 291 136 281 67 376 180 200 268 153 276 66 96 420 174 194 237 254 168 238 102 272 151 244 191 216 64 301 28 122 187 300 261 215 54 244 59 290 58 68 16 357 71 271 270 222 421 267 187 302 214 238 279 256 100 280 21 289 221 321 255 132 318 116 189 73 52 352 88 98 149 83 190 197 40 341 370 201 300 63 258 170 182 240 35 199 138 278 173 134 53 120 386 274 133 240 326 234 188 256 339 143 137 210 200 252 278 235
 401 460 360 292 272 296 323 395 483 222 357 200 342 453 361 362 346 102 273 281 326 248 347 296 458 367 126 356 297 1 96 349 354 57 324 383 194 388 223 249 131 244 104 327 430 104 303 433 271 317 380 198 168 329 464 375 77 258 114 393 124 234 361 65 427 197 280 424 338 278 259 255 205 401 351 168 278 183 229 36 244 298 65 383 121 279 393 60 300 245 449 373 434 415 137 300 389 285 491 206 53 414 253 342 361 320 353 406 362 187 429 133 251 374 191 280 288 301 294 290 53 163 446 249 272 336 392 122 71 295 244 428 206 403 149 55 224 165 235 383 303 332 330 439 390 89 289 55 348 273 348 280 311 366 360 317 250 79 338 399 418 425 436 458 344 45 209 330 317 313 337 310 461 341 342 223 145 359 341 271 383 202 407 285 345 102 336 184 233 320 107 238 107 263 138 193 264 359 312 86 140 206 326 344 286 124 170 238 190 349 132 326 391 161 174 196 407 411 203 221
 355 396 279 258 188 246 279 363 424 127 284 130 246 398 287 278 311 98 252 186 233 182 251 284 391 311 33 264 296 96 1 326 274 148 337 395 214 374 173 177 102 265 11 247 382 9 326 374 258 230 344 195 151 291 411 386 41 213 166 316 116 146 271 147 356 161 233 360 248 222 236 201 111 320 349 177 291 87 249 66 221 278 124 344 37 241 345 93 205 149 391 349 390 334 43 261 335 250 431 130 149 338 159 264 276 284 332 356 284 123 384 181 169 295 165 195 266 206 236 226 137 144 382 235 241 241 346 104 78 217 190 370 226 332 171 107 163 102 242 304 293 294 272 367 320 140 304 109 335 185 336 258 310 276 347 237 165 127 243 329 375 350 387 407 264 84 197 249 313 228 270 220 406 301 255 194 109 365 330 176 375 214 373 309 287 135 334 90 140 257 12 246 40 207 186 115 261 301 268 21 124 174 337 307 191 37 194 160 95 281 109 250 306 156 205 130 356 347 114 144
 105 205 243 73 250 114 82 54 202 349 204 220 384 167 207 265 47 250 77 365 318 187 398 63 222 126 312 327 84 349 326 1 241 346 127 146 180 57 163 202 229 161 332 233 126 323 158 168 81 274 58 155 183 61 163 137 300 125 266 239 228 269 311 326 221 166 115 187 295 143 92 148 357 267 80 188 129 328 163 352 107 53 296 69 295 92 106 290 387 347 176 25 113 267 312 80 125 81 209 234 373 244 373 225 274 59 12 117 230 217 113 254 238 238 164 257 62 358 143 166 329 190 200 102 86 399 95 233 283 222 156 160 175 207 213 298 186 231 135 247 60 61 134 230 198 276 135 299 40 269 42 70 83 317 40 234 255 280 400 202 104 236 132 156 233 306 141 239 72 255 170 293 174 66 279 133 219 112 43 339 70 165 67 164 131 255 75 351 371 154 328 136 287 149 252 243 101 136 91 312 212 153 118 51 373 297 201 228 333 180 225 214 288 189 209 214 121 181 278 229
 178 151 7 189 88 137 160 233 188 202 41 156 167 179 40 25 196 272 224 178 100 117 181 258 136 127 243 95 288 354 274 241 1 387 346 382 307 293 161 110 240 330 272 28 191 266 364 149 245 62 207 259 237 181 199 372 278 159 345 45 261 131 76 375 96 197 148 120 68 122 217 138 221 49 314 281 321 211 320 333 215 234 338 198 239 177 168 311 192 184 163 250 213 62 234 172 144 186 193 149 401 67 205 18 35 186 252 169 18 171 205 346 105 24 216 83 222 158 110 93 370 236 137 240 195 187 178 253 292 60 142 151 312 79 301 328 143 192 289 31 264 181 108 105 74 334 335 330 277 96 278 221 297 80 280 38 111 328 188 78 201 83 193 199 12 318 240 26 290 51 72 84 184 176 49 202 224 346 277 158 309 293 235 360 112 312 304 231 216 89 267 293 249 129 348 162 273 113 154 274 247 200 339 192 184 238 310 117 210 63 244 35 52 256 326 162 166 111 163 134
 411 479 392 297 309 311 332 395 499 274 385 231 391 467 388 398 350 117 272 332 370 275 397 288 480 382 175 399 283 57 148 346 387 1 300 357 175 378 242 278 150 219 157 360 439 155 275 449 266 356 384 192 175 335 475 351 120 271 85 423 134 275 402 21 452 210 294 444 378 297 259 274 258 434 335 158 257 233 206 92 246 294 53 389 167 287 404 77 352 295 465 369 440 447 186 308 403 290 507 240 31 443 306 373 398 326 347 417 392 216 436 102 286 405 199 318 287 350 314 314 19 171 466 245 277 387 401 138 96 328 264 444 185 428 135 59 249 196 220 415 294 339 348 464 415 70 265 58 338 313 338 279 296 408 351 350 288 68 389 423 425 452 446 469 376 72 207 363 303 349 360 351 475 349 380 230 166 338 331 319 370 186 407 256 362 93 321 237 286 342 159 222 149 283 106 229 252 376 323 134 151 217 304 348 337 170 151 272 241 374 148 357 428 162 150 226 419 432 246 255
 231 332 350 158 330 210 192 174 328 401 315 272 466 292 319 370 169 242 125 432 406 260 478 89 348 247 334 422 60 324 337 127 346 300 1 60 131 113 219 276 237 82 345 332 251 337 37 294 106 365 184 144 189 174 287 52 301 197 216 354 222 334 409 280 344 199 201 312 389 230 136 222 402 380 57 162 47 369 96 339 145 113 261 195 316 172 232 269 456 406 303 137 236 383 338 176 250 161 335 289 330 362 430 329 377 167 119 244 338 261 237 199 311 349 185 339 125 432 238 259 287 196 326 120 154 477 222 234 271 312 225 286 119 327 177 270 247 266 96 359 84 176 244 353 316 237 36 270 91 347 89 127 51 415 98 330 327 246 478 322 228 357 257 280 337 286 147 338 60 347 279 380 299 185 377 171 235 41 86 408 95 125 185 52 246 223 54 391 423 259 343 91 301 228 195 293 84 254 195 318 214 187 10 171 441 319 154 297 376 291 230 315 397 182 152 264 248 305 332 291
 244 344 385 196 375 247 223 179 334 454 347 324 512 300 350 406 192 301 170 482 450 306 525 131 363 271 391 463 107 383 395 146 382 357 60 1 190 108 269 323 295 140 403 371 258 395 85 308 154 407 197 202 246 203 291 11 360 242 274 383 281 384 449 337 366 253 242 330 430 271 184 267 457 411 69 221 106 424 155 398 195 152 320 208 373 213 248 328 506 458 313 146 239 412 395 212 269 201 340 340 387 389 483 365 414 197 135 257 372 314 242 256 359 381 241 384 166 480 277 299 345 254 341 171 197 524 236 292 330 354 272 300 178 352 235 329 296 321 154 390 123 203 276 374 342 295 95 329 107 394 106 169 93 454 107 369 374 305 526 347 235 381 263 284 373 345 203 377 96 389 312 423 306 210 416 222 291 37 106 457 87 184 188 103 275 282 79 446 476 294 401 150 358 272 252 345 138 280 229 377 272 240 60 195 491 376 213 345 431 323 288 352 431 240 210 316 261 325 384 341
 264 350 312 151 260 187 193 233 361 298 288 184 385 326 292 326 197 116 115 341 337 196 396 119 359 251 217 359 110 194 214 180 307 175 131 190 1 205 149 209 121 53 223 285 291 215 114 315 102 304 228 49 83 187 329 182 176 153 91 330 100 248 353 155 341 115 171 321 330 189 109 170 295 351 161 39 85 261 37 209 102 131 132 235 199 150 259 140 365 309 329 202 286 359 223 168 266 147 369 201 204 346 331 290 331 177 180 273 305 168 283 76 237 318 96 270 129 347 204 216 160 88 340 87 133 392 253 113 143 257 166 308 13 318 47 140 173 164 47 329 124 190 228 352 305 108 96 140 166 273 166 123 122 359 179 279 248 117 393 313 273 347 297 322 296 157 68 291 130 290 255 312 334 202 322 106 124 166 159 318 197 17 245 97 238 93 147 280 319 232 221 48 181 179 74 199 81 251 188 194 97 109 133 196 349 202 25 220 269 269 113 273 357 68 29 175 276 310 236 208
 139 238 295 127 306 170 137 73 227 404 256 274 440 193 258 318 99 291 122 420 374 242 454 93 258 173 362 381 97 388 374 57 293 378 113 108 205 1 216 258 274 173 380 287 152 371 149 202 118 329 94 191 226 116 184 101 345 179 295 288 269 324 365 357 264 215 171 227 350 198 139 203 411 316 57 222 135 381 180 394 154 97 331 105 345 147 144 329 443 402 207 44 132 315 362 136 167 135 233 288 406 290 428 278 327 114 47 152 281 269 135 280 294 288 210 313 110 413 199 222 362 233 236 141 138 455 132 276 324 277 211 195 197 252 244 335 240 282 159 297 86 115 187 271 244 309 135 336 41 325 41 117 87 370 28 288 310 315 456 248 129 280 156 177 286 345 182 293 77 310 223 348 199 119 333 181 265 82 48 395 22 192 81 161 183 289 65 405 425 208 377 158 335 204 278 297 126 185 146 358 255 202 104 103 429 347 228 283 386 232 269 268 340 229 233 268 156 223 333 284
 183 239 166 91 115 75 107 193 261 190 148 59 248 231 152 179 140 126 101 215 193 48 261 140 239 144 154 213 163 223 173 163 161 242 219 269 149 216 1 62 94 180 177 138 211 169 226 211 116 157 172 102 78 119 243 259 157 41 188 190 109 116 205 227 212 38 61 203 182 56 86 33 196 207 208 121 182 166 167 214 75 124 190 172 139 72 174 169 239 191 227 184 218 216 152 90 167 83 269 74 263 208 216 145 183 114 171 186 162 55 213 187 94 174 56 125 110 214 73 75 224 78 225 100 79 259 174 105 154 109 23 206 156 188 142 185 29 73 140 185 148 123 108 224 175 181 197 186 182 131 183 103 176 211 192 131 109 178 260 183 203 213 217 238 150 181 85 143 174 142 120 167 240 129 174 50 79 233 179 190 222 137 203 217 122 158 194 190 212 101 173 145 136 41 189 82 136 136 95 163 93 41 215 136 223 140 150 79 171 134 95 127 210 96 166 53 187 191 119 73
 191 220 116 132 55 92 129 220 249 151 109 50 190 225 113 124 169 164 154 164 132 17 204 193 214 141 150 152 219 249 177 202 110 278 276 323 209 258 62 1 131 240 178 84 216 171 285 200 171 97 195 162 132 148 241 313 174 82 237 146 153 68 145 266 181 95 88 183 122 62 141 57 163 158 259 178 242 140 228 232 133 173 229 192 141 114 180 203 187 146 216 221 229 170 144 123 166 126 256 49 294 167 172 96 127 146 212 190 115 63 222 239 37 128 114 65 159 159 69 52 261 130 205 159 127 203 185 144 185 52 52 197 216 157 196 220 37 85 201 138 200 150 102 192 144 226 256 222 229 72 230 154 231 151 237 76 54 219 204 153 214 177 220 237 99 211 146 88 227 82 94 106 233 152 115 111 115 287 226 138 268 197 227 277 117 203 246 163 172 84 173 206 147 55 241 64 194 129 117 173 139 102 271 164 172 141 208 27 142 104 135 79 155 151 224 54 189 171 85 36
 272 332 245 165 169 167 194 270 354 180 235 87 277 324 239 253 220 34 153 227 239 126 287 184 332 237 99 266 194 131 102 229 240 150 237 295 121 274 94 131 1 169 110 214 301 101 229 304 157 216 254 94 50 201 334 286 72 128 111 275 27 144 265 137 303 68 150 297 241 149 138 126 175 287 248 82 192 142 153 126 123 179 100 256 80 151 264 76 251 193 320 252 305 299 104 172 259 158 362 100 170 295 213 225 254 193 234 276 244 70 300 117 145 257 66 179 168 237 166 165 133 43 319 134 147 280 263 14 61 181 116 299 132 279 86 92 100 55 142 267 192 205 201 315 266 96 205 94 235 177 235 160 209 271 247 205 151 89 282 274 290 303 307 329 229 88 95 218 212 207 211 217 332 213 239 98 17 264 229 207 274 118 281 214 216 75 232 160 200 193 107 147 65 135 121 92 160 230 183 85 25 79 236 217 235 84 106 129 150 224 9 209 284 56 121 80 278 284 124 113
 257 351 334 154 294 199 196 214 356 344 305 223 424 320 309 351 189 168 114 383 371 226 436 100 363 255 267 391 80 244 265 161 330 219 82 140 53 173 180 240 169 1 274 311 282 266 62 314 96 335 215 83 127 185 320 133 227 172 135 347 150 288 383 199 350 150 185 325 361 209 116 194 342 370 122 89 40 309 17 261 116 120 181 224 248 159 254 191 407 353 326 180 272 376 272 173 266 153 363 240 249 360 376 312 357 174 157 267 326 209 272 118 272 337 132 304 124 387 222 238 206 133 342 92 140 432 246 164 195 285 193 307 41 329 98 190 206 209 42 348 102 187 239 360 317 156 47 190 138 309 136 120 87 389 149 306 285 166 434 324 261 359 288 313 319 207 96 316 97 319 270 345 328 198 351 131 171 120 130 360 161 53 227 45 246 144 110 328 365 248 272 37 231 202 114 241 66 258 194 246 146 141 86 189 391 252 75 255 316 284 162 296 381 115 71 214 271 315 279 246
 358 397 278 264 186 250 283 368 425 119 283 132 239 400 287 276 316 108 259 179 228 183 244 292 391 314 30 259 303 104 11 332 272 157 345 403 223 380 177 178 110 274 1 246 385 10 335 376 265 226 348 203 159 295 414 394 51 217 176 314 125 143 266 157 356 167 237 361 245 225 243 205 102 318 357 186 299 80 258 72 228 285 133 348 40 246 348 103 197 142 392 355 394 332 39 266 338 256 433 130 156 336 150 263 273 289 338 359 283 126 388 191 168 294 171 192 272 199 238 227 146 152 382 243 247 233 350 113 88 216 193 372 235 332 180 117 165 106 251 302 300 299 274 367 321 150 313 119 342 182 342 264 318 271 354 235 162 137 235 329 378 349 390 410 263 94 204 247 321 226 271 216 408 305 252 200 116 373 337 169 382 223 378 318 290 145 341 82 131 259 6 255 47 210 196 116 269 303 272 31 133 180 345 312 183 39 204 159 88 281 117 250 303 164 215 133 359 348 111 144
 182 169 33 176 62 124 152 232 204 180 50 130 160 191 51 42 190 247 209 162 92 93 174 244 156 128 217 95 274 327 247 233 28 360 332 371 285 287 138 84 214 311 246 1 198 240 348 162 229 48 205 238 213 173 211 361 251 140 320 70 236 106 79 348 117 174 132 136 64 104 200 118 199 75 304 258 305 187 300 307 197 221 312 197 212 162 171 285 179 164 177 245 218 89 208 160 148 172 210 122 375 92 186 21 47 177 244 174 39 145 210 321 79 49 193 59 209 145 95 75 343 212 154 222 180 179 180 227 266 34 120 163 291 97 278 302 119 165 270 58 251 174 102 127 89 309 319 304 267 73 269 207 284 85 272 12 85 302 179 95 205 107 201 210 18 291 219 7 277 31 68 71 197 170 47 182 199 334 267 140 302 272 234 343 109 286 293 207 196 80 241 275 222 110 324 136 256 113 144 247 222 178 326 186 169 211 287 91 186 65 218 21 73 232 303 135 172 125 137 108
 30 89 190 145 243 137 108 80 78 362 152 255 356 43 152 213 95 329 177 357 288 206 370 183 111 76 359 285 208 430 382 126 191 439 251 258 291 152 211 216 301 282 385 198 1 377 283 56 191 245 69 254 266 106 39 251 366 174 368 167 309 278 265 421 126 234 152 87 257 161 185 181 376 194 199 288 253 354 281 424 196 163 387 59 346 154 38 373 375 352 57 116 25 188 355 132 52 150 85 262 464 161 376 181 223 116 133 27 175 260 19 359 243 176 242 246 163 342 149 165 422 270 89 205 164 375 40 309 360 205 193 50 289 124 314 385 221 281 250 181 182 103 115 131 122 372 260 386 161 260 163 169 207 268 156 204 258 372 376 122 24 146 7 32 189 386 236 202 196 227 134 268 49 92 238 210 286 229 166 333 172 275 72 289 100 348 198 378 381 135 380 252 345 176 359 275 218 90 118 372 292 225 242 96 365 347 308 241 357 134 299 180 225 279 319 253 28 88 300 251
 350 390 272 255 181 242 275 359 418 120 277 124 239 392 280 271 307 100 250 179 226 176 244 282 384 306 25 256 294 104 9 323 266 155 337 395 215 371 169 171 101 266 10 240 377 1 326 368 256 222 340 194 150 287 406 386 44 209 170 309 116 139 263 154 349 158 228 353 241 216 234 196 105 312 348 178 291 80 250 73 219 276 129 340 31 238 340 98 198 142 385 346 386 327 36 257 330 247 425 123 156 331 152 257 268 280 329 351 277 118 380 185 162 288 162 187 263 198 230 220 143 143 375 233 238 234 341 104 82 210 185 365 227 326 172 113 157 97 242 297 291 290 267 360 314 144 304 114 333 178 333 255 309 268 345 229 157 131 236 322 370 343 382 402 257 90 195 242 312 221 264 212 400 297 247 191 107 364 328 168 373 215 369 310 282 138 332 84 133 251 7 246 38 202 190 109 260 295 263 24 124 171 336 303 184 31 196 153 88 274 108 243 298 155 207 125 351 341 107 137
