NAME : domp200p50v9
COMMENT : (Deleplanque et al.) 
TYPE : DOMP
DIMENSION : 200
DISPLAY_DATA_TYPE: NO_DISPLAY
OPEN_FACILITIES : 50
COST_SECTION
 1 444 291 233 50 220 306 261 86 24 169 332 263 307 236 257 275 127 56 286 55 309 200 131 311 162 239 169 311 123 250 52 151 96 117 204 135 201 241 431 320 215 284 319 282 80 76 107 195 274 377 307 252 83 149 137 395 112 265 449 311 391 425 332 143 314 60 115 103 179 216 246 293 146 126 393 223 118 240 31 279 337 344 100 296 353 172 401 132 286 263 336 290 390 78 245 294 98 236 201 122 314 373 28 211 373 47 243 312 325 295 179 144 302 185 73 306 332 343 436 172 224 226 183 179 159 120 343 282 286 107 282 343 199 321 147 134 212 148 143 318 382 201 193 92 344 237 280 322 216 289 142 61 205 242 398 226 254 35 321 263 149 301 157 256 263 273 338 221 414 269 246 104 135 287 339 284 257 230 79 263 410 319 339 59 270 267 208 308 65 66 304 348 127 194 335 141 227 221 181
 444 1 154 212 410 286 280 269 359 467 298 152 196 217 209 195 174 320 498 219 497 352 310 370 239 341 238 300 353 432 196 464 408 386 336 242 323 245 365 20 204 380 175 137 186 522 417 399 256 232 118 266 294 366 307 425 116 449 207 17 209 82 72 246 303 320 392 445 428 266 229 314 197 404 319 61 313 399 217 440 286 359 249 345 253 96 317 52 344 159 189 233 305 56 443 343 353 430 260 345 374 188 77 463 326 121 488 258 156 343 176 416 382 255 317 377 346 143 103 14 307 242 226 269 420 287 363 122 240 171 416 228 168 382 347 308 386 366 315 302 131 99 385 252 353 117 310 334 353 337 325 303 488 253 342 50 230 191 477 179 289 387 231 288 296 205 281 223 260 31 366 213 346 430 219 106 205 351 220 391 182 35 279 322 494 281 180 379 149 401 457 141 97 319 325 172 349 219 285 263
 291 154 1 60 257 167 189 154 207 315 158 84 75 146 60 61 27 167 346 114 345 255 186 231 153 197 104 152 258 292 51 314 274 235 183 94 177 92 258 142 126 264 47 46 83 370 265 257 111 137 123 194 193 213 156 288 141 307 96 160 140 108 150 173 152 230 241 304 285 114 78 195 111 260 167 109 199 251 72 287 181 290 201 192 175 72 183 111 201 21 44 182 222 99 292 223 267 287 130 212 233 104 84 312 208 122 336 132 60 254 84 288 237 163 187 226 249 91 56 145 170 100 77 117 292 137 220 69 152 44 268 121 112 261 273 156 240 236 165 150 47 116 264 99 201 65 202 228 279 208 223 152 335 113 236 111 93 38 324 100 193 252 156 136 181 90 190 157 123 124 269 71 196 293 133 50 113 251 70 243 30 120 213 260 341 171 29 248 42 249 305 14 60 166 200 125 210 66 166 111
 233 212 60 1 198 140 179 133 148 256 113 116 73 154 24 54 45 109 288 111 286 235 152 182 152 148 76 100 238 242 35 258 228 178 125 45 124 34 230 201 136 230 63 91 93 312 208 205 64 133 168 192 174 155 99 240 186 255 92 218 151 162 204 176 95 216 184 253 233 57 26 166 120 208 108 166 171 196 41 228 163 281 210 134 173 127 141 169 152 58 40 193 211 158 235 191 251 234 101 170 183 118 142 254 177 165 278 106 91 239 101 246 186 157 149 169 229 126 113 204 128 62 33 61 250 81 169 116 149 63 212 114 139 224 263 99 187 196 110 93 94 165 228 41 143 115 178 205 268 170 203 94 276 75 211 169 64 22 266 119 178 207 159 77 156 87 178 166 87 183 247 47 140 244 135 108 117 228 24 187 32 178 212 256 283 152 36 206 81 190 247 72 118 108 164 150 162 7 139 54
 50 410 257 198 1 213 257 213 61 67 157 289 239 293 205 229 238 91 98 240 94 260 198 141 263 113 195 123 263 153 220 99 173 48 75 176 122 166 252 398 274 230 244 281 260 124 35 127 171 260 353 301 250 45 106 165 371 148 244 415 296 352 397 284 117 265 63 150 133 147 185 197 274 102 97 362 224 73 199 32 230 345 336 72 288 322 168 364 131 254 225 326 291 355 53 196 303 129 189 152 133 270 337 77 214 349 93 196 271 277 271 202 97 254 183 68 257 307 310 401 164 181 187 144 204 133 125 304 271 246 66 235 299 214 328 105 87 165 103 115 288 355 217 160 69 305 238 232 330 167 240 114 79 184 250 366 203 219 74 277 260 166 290 124 207 242 269 291 176 380 281 205 90 164 272 305 266 266 191 91 229 375 316 342 86 221 231 161 269 16 55 269 315 92 195 315 144 192 214 150
 220 286 167 140 213 1 314 265 154 241 59 247 96 93 120 108 172 150 266 249 269 362 27 100 291 235 209 192 364 156 121 214 126 224 172 100 92 134 92 268 275 98 197 212 101 284 241 132 83 63 186 89 42 178 171 145 200 176 81 284 99 269 242 314 113 347 161 171 159 117 117 287 93 278 131 226 33 254 178 233 295 151 125 149 77 192 48 260 89 149 176 118 84 242 264 307 116 163 229 273 108 256 238 227 42 181 252 236 221 369 111 131 259 294 38 149 356 146 192 283 50 191 165 159 135 104 104 235 66 196 262 252 273 98 132 168 255 299 186 119 161 197 100 126 146 231 40 329 137 279 330 119 278 67 72 237 78 146 252 255 50 107 85 129 282 84 58 305 212 260 108 185 124 151 77 196 84 89 159 143 147 259 104 136 277 283 164 305 206 215 266 177 200 147 40 131 83 138 2 119
 306 280 189 179 257 314 1 53 246 323 273 132 248 327 202 228 166 207 351 76 346 73 321 325 42 146 106 149 75 374 209 351 374 212 201 215 266 181 401 280 77 395 143 163 264 377 241 336 232 310 306 370 351 231 175 378 321 379 268 293 323 199 314 41 227 43 286 379 358 202 199 65 292 187 224 269 344 202 140 284 28 459 384 235 350 245 303 230 296 206 153 366 389 236 258 83 428 357 88 114 323 96 212 333 347 305 349 80 140 67 268 398 174 27 315 276 67 278 226 267 289 124 150 163 402 225 307 165 326 146 220 69 112 386 441 178 183 119 168 221 233 294 389 191 247 172 353 59 446 99 48 222 318 248 384 261 242 182 327 105 355 355 335 202 52 263 356 62 106 257 420 134 261 381 311 215 292 402 157 305 188 251 390 435 330 38 170 132 156 243 278 190 224 209 331 313 311 179 314 200
 261 269 154 133 213 265 53 1 197 279 222 118 204 285 156 185 129 157 309 51 304 104 271 274 53 104 58 98 107 323 165 304 322 170 152 166 214 131 350 265 75 343 109 138 222 334 200 285 182 265 275 325 302 183 124 326 292 329 224 281 281 190 292 72 176 84 236 329 307 151 151 46 250 156 172 247 294 165 94 241 31 411 342 184 305 218 251 218 244 168 113 324 341 220 221 75 379 307 37 85 271 83 195 287 296 274 305 29 117 107 228 347 139 42 264 226 98 243 198 256 238 75 102 111 350 173 256 148 281 113 184 42 110 334 393 128 147 101 118 170 199 266 338 140 196 154 303 75 398 73 71 170 278 199 334 242 194 139 285 93 307 303 291 151 29 219 309 81 55 243 370 90 210 329 267 188 249 352 111 254 147 237 344 388 290 20 131 114 129 198 240 158 198 158 280 275 259 132 264 149
 86 359 207 148 61 154 246 197 1 109 97 251 180 233 152 173 191 45 140 213 140 266 141 97 243 115 164 99 269 131 165 114 139 75 46 120 63 116 203 346 247 184 201 236 201 164 87 95 112 200 295 242 193 27 74 137 313 134 185 364 236 308 341 266 59 264 41 134 113 94 131 194 214 135 41 309 168 107 158 86 220 292 276 16 228 269 111 316 77 201 180 266 234 305 111 202 251 112 166 159 90 238 289 106 160 291 131 174 230 280 213 167 121 237 126 31 262 250 258 351 105 146 144 103 170 75 78 260 211 203 111 209 265 170 274 71 114 179 80 58 234 298 173 108 9 260 181 234 277 171 240 57 135 125 197 314 145 169 119 243 202 125 229 72 199 183 211 268 149 329 230 166 32 139 212 254 206 215 146 60 178 325 257 286 139 209 183 180 225 62 115 220 263 45 140 256 93 142 155 97
 24 467 315 256 67 241 323 279 109 1 192 353 286 329 260 280 298 149 33 306 31 321 220 149 330 178 260 189 323 133 274 52 164 112 138 228 158 224 257 454 341 230 306 342 306 58 86 123 218 296 400 327 273 105 170 148 418 119 288 472 333 414 448 350 166 329 82 123 114 202 239 262 315 155 149 417 243 129 262 40 296 354 365 123 317 377 193 424 153 309 286 357 309 413 81 258 311 109 255 215 141 335 397 23 231 397 27 263 334 339 318 191 157 320 205 96 319 355 366 459 194 245 249 206 191 183 140 366 304 308 115 301 364 214 338 168 146 224 169 167 342 405 216 216 116 366 257 294 339 230 303 165 45 228 260 422 250 277 12 342 283 165 323 180 272 287 293 357 242 437 285 269 127 146 310 362 307 274 252 99 286 433 339 358 39 287 290 219 330 82 65 328 372 150 214 358 161 250 242 205
 169 298 158 113 157 59 273 222 97 192 1 228 104 139 101 105 154 92 219 215 221 314 53 73 255 180 170 140 317 135 109 173 117 166 114 69 36 96 130 283 245 123 175 200 120 240 183 102 50 106 214 146 100 120 117 130 231 151 100 300 143 266 266 279 57 302 110 148 130 72 88 239 126 220 73 241 80 196 145 179 251 206 180 90 132 203 31 264 47 145 152 170 142 248 207 256 167 133 186 220 77 229 239 180 77 210 206 194 203 323 132 134 202 256 43 97 309 170 198 293 17 151 131 112 138 51 66 224 115 175 203 216 251 115 187 113 197 245 131 63 168 222 118 85 89 222 92 281 191 227 283 63 226 47 116 250 70 127 203 231 108 96 134 76 236 100 116 273 168 270 153 153 68 135 119 198 117 135 127 99 132 268 162 194 227 239 145 250 191 158 211 171 205 90 60 168 53 109 60 74
 332 152 84 116 289 247 132 118 251 353 228 1 157 227 130 141 76 207 385 68 382 203 263 297 91 201 98 169 205 356 127 364 343 256 216 160 238 141 338 150 56 341 54 41 165 410 288 319 179 220 181 276 275 249 184 355 195 368 178 165 221 74 184 104 206 173 290 366 346 168 141 163 192 262 214 139 279 262 94 320 135 373 281 236 257 119 255 101 266 103 77 262 305 106 313 192 350 347 114 197 298 37 81 355 286 181 378 111 26 197 165 361 241 106 262 276 197 162 100 140 242 110 109 150 365 194 283 35 235 54 281 77 30 337 356 186 247 216 188 202 116 167 340 152 247 42 283 184 362 188 175 203 364 187 317 131 170 103 361 28 275 322 238 183 145 173 273 83 120 127 351 87 250 359 215 89 195 332 108 298 101 122 295 342 374 129 85 229 43 278 329 78 97 208 276 200 277 120 246 165
 263 196 75 73 239 96 248 204 180 286 104 157 1 82 51 20 87 152 316 175 316 307 118 175 217 213 147 164 310 236 40 275 213 230 173 65 133 91 185 180 194 193 113 120 23 338 256 205 69 65 115 124 119 196 156 229 133 253 22 197 79 174 164 239 123 286 206 250 233 96 65 238 48 270 142 139 127 254 111 266 234 218 139 168 104 101 121 166 150 56 96 121 149 149 283 263 194 236 173 240 179 173 143 278 137 112 304 177 133 310 34 223 248 224 122 191 301 70 98 192 112 134 105 124 227 107 169 142 81 111 267 180 185 192 201 154 248 267 169 125 67 120 195 90 173 137 128 277 206 241 274 126 315 60 163 148 37 67 297 171 119 192 89 119 227 17 116 225 159 169 195 115 160 235 64 101 45 177 96 200 62 167 144 190 318 223 81 276 116 235 292 84 106 150 132 82 154 76 95 95
 307 217 146 154 293 93 327 285 233 329 139 227 82 1 131 101 164 215 356 254 358 387 118 192 295 288 228 240 390 247 121 306 215 294 238 135 174 168 152 198 270 171 189 187 65 374 316 225 130 34 104 53 83 253 227 236 115 267 62 211 9 223 161 316 181 366 248 263 251 165 142 318 36 341 201 157 109 321 192 316 314 151 58 224 37 134 139 205 178 126 175 40 90 184 342 343 138 255 253 318 200 248 189 316 123 99 342 258 204 390 63 215 320 303 131 235 381 78 142 217 137 215 185 200 219 166 194 204 29 186 332 259 256 177 136 224 318 345 241 184 115 120 179 164 225 197 101 357 142 320 355 185 364 113 129 171 102 147 340 244 76 198 15 185 308 68 67 301 239 196 150 196 206 241 22 150 37 137 176 233 141 196 70 117 364 303 159 353 186 292 347 150 150 213 130 46 174 156 92 165
 236 209 60 24 205 120 202 156 152 260 101 130 51 131 1 32 55 116 291 132 290 258 135 172 174 166 99 117 261 234 16 257 217 190 135 35 118 45 211 195 156 213 78 100 71 314 218 198 52 110 152 170 153 162 112 230 171 248 69 213 128 167 193 197 95 239 184 245 226 59 22 188 97 225 111 158 152 211 63 235 186 259 188 138 150 118 127 169 143 51 57 170 189 156 245 214 230 228 124 191 175 137 142 255 158 149 281 129 104 262 80 233 202 179 134 169 252 109 107 202 114 85 56 77 237 79 161 124 126 77 226 136 155 208 241 111 203 217 125 94 84 152 212 48 145 122 158 228 246 192 226 96 283 58 191 163 43 28 270 136 156 195 136 82 179 64 156 186 110 180 226 69 139 235 112 105 95 208 47 184 32 176 189 234 289 175 46 227 91 199 256 73 113 114 148 130 152 27 119 57
 257 195 61 54 229 108 228 185 173 280 105 141 20 101 32 1 69 141 310 156 310 287 127 177 198 197 128 148 290 239 21 272 218 218 161 54 130 75 198 179 176 204 95 106 40 333 245 206 63 84 125 143 134 186 141 233 143 255 41 197 98 164 170 220 115 266 201 252 235 84 50 219 67 255 133 139 140 240 92 257 215 236 158 160 123 100 126 160 150 43 77 140 166 144 272 245 210 237 154 223 181 155 136 273 148 121 299 158 117 290 49 231 233 205 129 186 281 80 94 189 115 115 86 108 235 98 169 129 99 93 254 161 169 202 218 140 233 249 154 116 65 127 205 76 166 124 142 257 224 223 255 117 306 59 177 147 36 48 290 153 136 197 108 107 208 36 134 207 140 166 210 96 155 239 84 94 65 192 77 197 43 163 163 209 311 203 62 258 100 224 281 71 101 139 141 98 156 58 107 82
 275 174 27 45 238 172 166 129 191 298 154 76 87 164 55 69 1 150 329 91 328 231 188 225 132 173 78 128 233 285 53 301 270 213 164 87 168 76 264 164 108 267 27 47 100 354 244 249 105 151 149 210 202 195 135 282 167 299 108 181 159 118 175 154 139 206 227 296 277 101 68 169 128 235 151 133 205 227 47 268 157 304 220 176 190 97 181 128 195 41 18 202 234 119 271 197 278 278 104 186 227 87 100 296 212 148 320 106 50 231 103 287 213 141 188 213 224 115 80 164 168 75 54 96 291 125 213 72 166 25 245 98 102 262 286 135 216 210 143 137 72 142 266 85 186 71 209 203 292 182 198 138 316 112 243 133 95 28 307 85 204 249 173 120 155 103 202 139 97 144 277 45 184 287 149 72 129 259 48 231 27 139 229 276 323 146 10 222 37 229 284 36 83 149 202 148 205 51 172 98
 127 320 167 109 91 150 207 157 45 149 92 207 152 215 116 141 150 1 181 169 179 235 143 122 201 90 120 60 237 168 130 158 169 80 24 88 68 76 216 308 203 202 158 194 174 206 105 130 87 184 264 233 191 47 34 171 283 174 160 326 216 266 307 224 37 229 85 173 152 58 95 160 191 130 21 272 171 107 115 121 182 297 264 31 217 232 116 276 95 164 138 251 233 265 132 173 258 152 124 133 118 194 248 149 166 261 172 132 187 247 185 195 110 196 131 72 230 220 220 311 106 102 101 59 198 50 103 218 197 160 118 166 221 190 278 30 107 156 44 32 198 266 193 70 42 218 183 202 282 142 206 32 169 103 205 276 118 130 159 199 199 152 214 35 162 157 205 225 107 290 241 122 55 174 194 216 184 224 104 99 139 286 251 285 175 171 142 160 182 85 142 180 225 3 147 231 111 102 150 60
 56 498 346 288 98 266 351 309 140 33 219 385 316 356 291 310 329 181 1 337 9 346 245 171 360 207 291 220 348 144 304 60 178 140 170 259 186 255 274 485 371 246 338 374 335 27 112 142 249 323 430 351 296 137 202 160 448 127 317 503 360 446 479 380 197 356 111 132 127 233 270 289 344 178 181 447 266 154 293 68 324 371 389 155 342 408 219 456 179 340 318 383 331 444 101 284 329 122 286 242 163 366 428 41 253 426 16 293 366 364 347 203 182 350 230 126 344 385 397 490 220 277 280 237 202 213 164 397 330 340 138 332 395 230 356 200 172 249 200 198 373 435 232 248 147 398 279 320 357 257 329 196 48 258 280 453 280 309 25 373 306 182 349 212 301 316 317 387 273 469 302 300 157 157 337 394 335 292 284 124 317 465 362 378 34 316 322 243 362 111 82 359 403 181 237 386 185 281 268 236
 286 219 114 111 240 249 76 51 213 306 215 68 175 254 132 156 91 169 337 1 334 144 260 277 43 141 50 119 147 331 137 324 325 202 172 151 216 121 339 216 35 336 68 90 190 363 234 293 170 239 232 298 284 205 140 332 248 340 196 231 249 141 244 67 179 117 253 339 318 146 133 96 218 199 181 199 281 203 73 270 71 390 311 199 278 172 245 168 246 131 80 292 319 170 257 125 361 318 54 132 276 35 145 312 285 231 332 48 68 142 194 347 180 51 255 241 138 203 153 206 231 69 86 114 350 171 260 98 254 71 222 10 63 329 372 143 187 150 139 173 158 221 332 132 210 105 287 120 377 122 113 174 312 183 320 193 174 109 313 44 287 305 262 153 79 191 287 59 66 193 356 65 219 336 238 142 218 337 91 266 114 187 318 363 322 64 96 163 83 227 275 116 151 170 271 238 259 112 249 144
 55 497 345 286 94 269 346 304 140 31 221 382 316 358 290 310 328 179 9 334 1 340 248 175 356 202 288 217 342 150 304 66 184 135 167 258 187 254 279 485 368 251 336 372 336 31 107 147 249 325 431 354 299 134 199 166 448 133 318 502 362 444 479 375 197 350 112 138 133 232 270 284 345 171 180 447 269 148 291 64 319 376 392 154 345 407 221 454 181 340 316 386 334 443 95 278 334 128 282 236 166 363 427 44 256 427 22 289 363 358 348 209 176 345 233 126 338 385 396 489 222 274 278 235 208 213 167 395 332 338 132 328 392 235 361 197 166 243 196 197 372 435 237 246 146 396 283 314 362 251 324 196 40 259 284 452 280 307 22 370 310 187 352 210 296 317 320 383 269 468 307 298 157 163 339 393 337 297 282 127 316 464 366 382 26 311 320 236 360 107 75 358 402 180 240 387 188 280 270 235
 309 352 255 235 260 362 73 104 266 321 314 203 307 387 258 287 231 235 346 144 340 1 365 355 114 153 160 177 4 396 268 358 402 214 222 265 300 229 443 352 149 433 209 233 325 370 236 360 280 367 375 426 401 246 203 402 391 397 327 365 384 271 386 108 262 33 302 398 378 246 251 76 353 170 253 340 390 193 197 282 75 510 444 257 407 315 342 302 328 270 216 427 441 308 247 66 476 376 136 110 351 168 283 335 390 374 347 131 210 21 331 429 166 98 356 295 7 345 296 339 330 175 204 204 432 264 336 237 383 213 209 136 184 422 492 207 176 98 191 256 300 364 426 237 269 244 400 34 497 97 34 256 306 297 429 333 295 242 324 176 406 385 394 239 81 321 409 131 152 329 465 193 287 404 369 285 351 447 213 325 250 323 446 489 320 86 233 105 226 245 267 258 294 236 373 377 344 233 362 244
 200 310 186 152 198 27 321 271 141 220 53 263 118 118 135 127 188 143 245 260 248 365 1 76 301 232 217 192 368 130 138 191 101 213 165 109 80 142 80 293 287 79 212 230 125 261 227 108 91 88 211 108 54 166 169 120 226 150 104 309 124 290 267 325 108 352 143 146 134 121 128 290 119 270 124 250 28 244 188 215 301 154 146 137 99 216 30 283 69 169 190 140 94 265 249 308 115 138 235 272 84 269 260 205 26 207 230 243 238 373 135 107 252 303 16 132 360 171 215 307 39 198 175 162 111 103 82 254 90 211 250 262 288 76 136 165 247 297 183 114 184 223 79 132 133 250 42 332 140 279 334 115 259 78 65 261 94 162 232 270 64 81 109 128 286 107 74 317 217 284 101 196 110 125 103 218 110 83 169 122 163 282 121 146 258 288 180 302 223 201 250 197 223 141 16 157 60 150 28 123
 131 370 231 182 141 100 325 274 97 149 73 297 175 192 172 177 225 122 171 277 175 355 76 1 314 208 229 180 358 63 181 116 49 169 136 139 62 159 113 354 308 90 244 271 188 187 174 33 121 161 280 182 126 123 154 59 296 80 168 371 198 338 334 338 100 349 80 76 60 132 158 281 188 230 103 312 95 201 209 151 301 207 220 101 174 275 56 337 32 217 221 215 161 321 192 293 165 64 240 251 10 294 311 132 82 276 157 248 273 367 200 74 216 311 63 75 351 238 270 365 64 209 194 165 77 106 20 296 165 244 202 276 318 75 191 150 209 273 165 106 240 290 78 148 92 293 109 323 193 262 327 105 191 119 112 321 142 198 161 297 136 31 184 125 282 169 147 335 221 342 141 217 70 63 176 271 179 128 192 54 203 340 192 209 187 289 216 275 261 149 189 243 277 120 67 229 22 178 102 135
 311 239 153 152 263 291 42 53 243 330 255 91 217 295 174 198 132 201 360 43 356 114 301 314 1 156 86 146 116 366 179 353 362 221 200 192 253 161 380 239 36 376 107 123 231 385 252 328 211 281 267 340 326 232 170 368 282 374 238 252 290 158 273 25 215 84 283 373 352 185 175 89 260 207 215 228 322 217 114 292 52 432 352 230 320 206 285 189 283 171 121 333 361 196 273 114 403 352 78 135 312 56 171 337 326 267 356 70 101 108 234 385 191 18 295 272 108 242 186 226 271 106 127 149 388 209 297 124 296 111 236 40 72 369 414 173 199 146 166 209 195 254 372 171 242 132 329 97 419 121 87 210 330 225 361 220 215 151 336 64 329 342 304 189 71 232 329 29 95 216 398 107 253 372 280 175 260 379 133 299 156 210 360 405 342 53 138 159 118 249 291 153 184 202 312 277 297 153 290 183
 162 341 197 148 113 235 146 104 115 178 180 201 213 288 166 197 173 90 207 141 202 153 232 208 156 1 105 50 155 244 180 209 253 68 73 154 158 123 305 333 173 291 167 205 235 232 97 210 161 260 314 314 277 94 65 252 333 246 228 350 288 271 346 175 124 154 150 246 226 124 149 85 259 64 110 305 259 63 127 140 118 384 342 108 297 268 205 292 183 203 156 326 319 287 118 88 346 224 89 45 202 174 265 189 255 312 205 94 189 168 245 280 42 145 220 144 149 273 251 330 194 100 122 90 283 132 189 223 274 171 82 134 203 278 366 68 47 67 50 118 239 311 282 125 118 227 271 122 370 57 129 118 175 179 294 304 187 166 183 182 284 238 290 108 95 224 289 184 83 312 330 130 139 253 267 244 254 313 130 174 176 307 333 370 187 110 169 71 193 98 137 208 254 93 237 294 199 143 236 125
 239 238 104 76 195 209 106 58 164 260 170 98 147 228 99 128 78 120 291 50 288 160 217 229 86 105 1 73 163 283 108 276 277 159 124 110 168 77 297 231 84 292 66 102 166 317 191 244 128 208 226 268 246 157 92 284 244 291 167 248 225 167 250 110 130 141 204 290 269 100 94 93 194 167 132 207 240 165 38 225 88 355 285 150 248 173 200 188 198 116 61 267 285 185 216 121 323 269 27 110 227 76 162 264 242 225 285 31 85 164 172 300 146 86 211 192 154 191 154 227 186 21 46 65 303 124 212 119 224 69 184 48 105 284 336 94 151 134 93 125 149 219 287 87 162 123 248 130 341 105 128 126 268 143 279 204 137 84 268 83 251 257 235 105 81 162 252 107 23 210 316 35 170 287 210 145 192 297 54 217 92 204 287 331 278 77 78 146 90 182 233 111 156 121 228 220 212 75 209 98
 169 300 152 100 123 192 149 98 99 189 140 169 164 240 117 148 128 60 220 119 217 177 192 180 146 50 73 1 180 226 131 208 228 89 55 105 124 74 268 291 153 257 128 165 186 245 121 189 114 212 266 268 233 88 28 231 285 232 179 308 239 235 301 168 86 170 139 231 210 78 100 102 210 110 78 260 218 100 84 154 123 342 294 87 250 223 167 252 152 156 113 278 275 245 146 118 305 209 69 82 177 148 225 194 216 264 214 77 152 188 196 254 87 139 181 129 172 224 207 290 155 60 76 41 257 90 162 186 227 131 118 114 177 246 323 31 89 108 22 80 192 263 250 77 99 189 229 144 328 88 148 80 197 133 255 261 139 118 196 155 240 210 242 65 103 175 244 171 54 271 292 89 114 233 219 200 205 274 83 157 129 266 287 325 206 112 124 116 153 111 162 163 210 62 198 245 168 94 192 77
 311 353 258 238 263 364 75 107 269 323 317 205 310 390 261 290 233 237 348 147 342 4 368 358 116 155 163 180 1 398 270 360 405 216 225 268 302 232 446 354 151 436 212 235 328 372 238 363 283 370 377 429 404 248 206 405 393 400 329 367 387 272 388 110 265 35 304 401 380 249 254 79 356 172 256 343 393 196 200 285 78 513 447 260 410 317 345 304 331 273 218 429 444 310 249 68 479 379 139 112 354 170 286 338 393 376 349 133 213 20 333 431 168 100 359 298 10 347 298 340 333 178 207 207 434 267 339 239 385 216 211 138 186 425 495 209 178 100 194 259 302 366 428 240 271 246 403 37 499 99 37 259 308 300 431 335 298 245 326 178 409 388 397 242 84 324 412 133 155 331 468 196 290 407 372 287 354 450 215 328 252 325 449 492 322 88 236 107 228 248 269 261 296 239 376 380 347 236 365 247
 123 432 292 242 153 156 374 323 131 133 135 356 236 247 234 239 285 168 144 331 150 396 130 63 366 244 283 226 398 1 243 85 37 193 176 200 119 217 134 415 364 105 303 332 249 152 187 39 182 217 339 228 173 152 200 17 355 22 228 432 253 399 394 390 154 393 97 17 22 190 218 324 247 253 152 374 142 223 266 151 348 230 267 141 224 336 116 399 92 279 280 265 199 382 197 332 190 26 290 288 60 351 373 111 127 335 129 298 332 410 260 60 243 362 120 102 392 298 332 427 126 263 251 218 59 164 74 357 219 304 218 330 376 90 217 197 235 307 208 159 302 350 91 206 129 354 154 364 217 301 370 158 177 181 144 383 204 259 142 355 183 51 237 179 328 229 194 389 272 404 161 274 114 14 232 332 238 154 250 72 264 401 235 242 169 337 276 306 322 165 188 305 339 166 118 286 84 237 157 193
 250 196 51 35 220 121 209 165 165 274 109 127 40 121 16 21 53 130 304 137 304 268 138 181 179 180 108 131 270 243 1 269 224 205 149 47 129 60 212 182 158 216 78 94 59 328 233 208 62 103 137 162 150 176 127 238 156 258 61 200 118 158 178 202 108 247 197 255 236 74 36 199 86 239 125 144 153 225 72 249 195 254 178 152 142 104 133 158 152 38 59 160 184 144 260 225 227 238 134 204 184 138 132 268 160 134 294 138 102 271 67 239 217 186 138 182 262 94 94 189 121 96 66 92 243 92 171 118 118 76 240 142 153 212 236 126 218 230 139 108 69 137 215 62 159 115 157 238 242 204 235 109 298 64 191 150 44 29 284 137 152 203 128 97 188 55 151 189 121 167 226 76 151 243 103 93 85 207 57 196 27 164 182 227 303 184 45 240 87 214 271 63 101 129 151 116 160 39 120 71
 52 464 314 258 99 214 351 304 114 52 173 364 275 306 257 272 301 158 60 324 66 358 191 116 353 209 276 208 360 85 269 1 119 145 154 223 143 227 215 450 359 187 313 347 292 72 127 85 210 274 387 297 241 122 185 101 404 69 273 467 311 418 438 375 163 362 75 73 68 202 237 293 297 197 151 410 210 169 271 82 324 312 335 128 289 371 168 425 129 306 292 330 274 411 129 294 271 63 276 249 108 350 397 30 197 382 45 284 342 374 304 144 195 345 177 90 355 342 362 457 171 259 257 216 143 179 112 372 279 315 158 321 378 171 298 183 185 262 188 166 335 394 173 218 118 371 224 329 298 264 337 164 95 216 222 417 239 278 60 356 252 124 298 183 301 272 262 378 260 435 243 278 119 98 288 360 288 234 258 76 286 431 307 320 86 314 293 259 336 114 114 327 369 158 182 339 133 252 216 205
 151 408 274 228 173 126 374 322 139 164 117 343 213 215 217 218 270 169 178 325 184 402 101 49 362 253 277 228 405 37 224 119 1 208 181 184 110 207 98 391 356 69 290 316 223 188 207 47 166 187 311 193 138 163 201 22 325 58 202 407 222 381 367 386 148 396 113 53 52 180 203 328 218 269 151 349 109 239 257 176 349 195 232 146 190 313 93 377 80 259 267 231 163 360 221 339 153 57 288 296 52 342 353 143 94 306 163 296 319 414 234 30 257 360 92 113 397 271 310 404 104 257 242 213 32 154 67 340 187 290 237 324 365 54 181 198 249 317 212 154 279 322 55 196 135 337 119 370 181 308 374 153 208 161 108 359 183 243 174 344 148 22 205 173 330 204 160 383 270 381 125 265 115 28 202 311 209 118 239 85 247 379 199 205 201 337 261 318 307 184 214 286 317 167 87 256 67 224 127 183
 96 386 235 178 48 224 212 170 75 112 166 256 230 294 190 218 213 80 140 202 135 214 213 169 221 68 159 89 216 193 205 145 208 1 58 166 135 147 277 376 235 258 215 252 252 165 33 162 166 263 341 310 264 49 80 203 360 190 240 393 296 323 381 241 115 219 98 192 173 135 170 151 271 62 95 343 240 33 171 73 185 366 342 77 295 304 184 339 152 235 198 330 306 331 58 150 325 170 150 106 162 233 311 123 233 338 138 156 240 230 263 237 52 211 199 97 211 297 289 376 177 148 160 119 239 129 151 274 275 218 39 196 263 243 348 81 43 119 71 111 271 341 247 144 82 276 254 185 351 120 193 110 111 182 271 345 197 199 116 241 273 197 293 112 162 236 281 249 139 356 305 176 106 203 273 283 264 289 167 125 209 351 327 358 121 177 207 116 240 32 74 247 293 82 214 310 167 172 225 137
 117 336 183 125 75 172 201 152 46 138 114 216 173 238 135 161 164 24 170 172 167 222 165 136 200 73 124 55 225 176 149 154 181 58 1 110 88 93 235 324 206 220 169 206 195 195 85 139 109 207 285 256 213 35 33 181 304 179 183 342 239 278 326 222 60 219 85 179 158 78 114 149 214 107 42 290 192 84 125 106 175 318 287 36 240 250 137 290 111 182 150 274 255 281 111 159 278 157 123 116 131 199 263 141 187 282 163 131 197 235 207 209 88 193 152 76 218 240 237 327 127 108 112 69 212 73 117 229 220 172 95 168 227 207 300 31 84 138 35 55 217 286 210 88 48 230 205 190 303 127 195 55 153 126 226 293 141 146 147 205 221 166 237 56 154 180 228 225 107 306 261 131 67 184 217 232 207 244 117 105 156 301 274 307 160 164 157 141 194 66 123 196 242 26 168 253 128 119 173 80
 204 242 94 45 176 100 215 166 120 228 69 160 65 135 35 54 87 88 259 151 258 265 109 139 192 154 110 105 268 200 47 223 184 166 110 1 84 37 188 228 179 186 107 133 87 282 193 164 20 108 177 165 137 133 93 197 196 214 76 246 135 201 222 217 63 249 150 211 192 32 20 191 107 208 81 190 131 190 80 205 196 247 190 107 146 150 97 203 109 84 84 174 177 190 219 214 214 194 131 185 141 162 177 222 134 174 248 138 135 271 98 202 186 195 106 136 259 132 140 235 83 92 67 67 206 46 127 158 123 107 203 154 183 180 228 91 185 211 107 63 115 180 184 30 113 156 138 233 233 188 233 64 253 34 170 196 35 60 238 163 143 163 138 55 185 72 145 208 114 213 207 87 105 201 115 139 101 188 61 150 66 210 184 226 258 184 78 220 123 172 229 107 147 87 121 145 119 42 100 31
 135 323 177 124 122 92 266 214 63 158 36 238 133 174 118 130 168 68 186 216 187 300 80 62 253 158 168 124 302 119 129 143 110 135 88 84 1 99 149 308 248 135 185 215 150 207 150 82 68 141 245 180 131 88 98 118 263 132 132 326 177 284 296 277 40 291 76 129 110 72 101 225 159 192 48 268 107 165 149 144 242 233 215 59 167 229 51 286 31 166 162 205 172 271 173 239 192 111 180 200 61 234 259 147 101 241 174 188 214 311 163 133 174 251 66 62 295 201 222 317 43 148 134 105 137 46 46 240 150 186 172 215 258 123 215 94 169 223 111 46 194 252 127 88 55 238 120 267 218 209 270 45 191 74 139 276 96 142 169 237 140 90 169 65 224 131 148 274 161 294 175 157 33 122 154 221 150 158 132 68 149 291 195 224 192 230 159 227 204 124 176 190 228 66 82 201 46 119 93 75
 201 245 92 34 166 134 181 131 116 224 96 141 91 168 45 75 76 76 255 121 254 229 142 159 161 123 77 74 232 217 60 227 207 147 93 37 99 1 221 233 151 217 89 121 113 280 176 179 52 142 196 200 173 122 68 216 215 228 107 251 167 193 235 185 66 213 153 227 206 28 27 156 137 181 77 198 164 167 51 196 161 282 223 102 181 159 125 201 128 90 66 207 213 191 203 179 249 207 96 152 159 136 174 222 167 193 246 103 118 236 123 227 159 162 136 138 223 153 145 236 111 58 36 34 231 54 144 146 158 90 182 122 160 209 264 67 159 178 81 62 125 195 213 12 111 146 173 197 268 154 197 64 244 69 204 201 69 55 233 139 178 186 171 45 149 102 181 179 79 215 240 59 110 220 148 141 132 222 34 158 64 211 220 261 250 149 68 187 110 158 215 105 150 75 152 172 141 27 134 25
 241 365 258 230 252 92 401 350 203 257 130 338 185 152 211 198 264 216 274 339 279 443 80 113 380 305 297 268 446 134 212 215 98 277 235 188 149 221 1 347 365 30 288 303 186 285 285 135 170 134 255 113 72 230 244 119 266 155 167 361 160 357 312 404 183 431 191 150 148 200 206 368 170 337 196 305 60 309 267 263 380 98 149 204 119 275 102 345 127 240 267 154 75 326 304 385 56 153 315 347 121 347 325 237 55 251 259 322 313 452 193 81 321 382 88 186 438 223 278 364 114 278 254 241 84 181 129 326 127 287 312 341 364 46 84 241 315 371 258 190 247 270 44 211 197 321 58 410 84 355 412 190 300 156 24 318 170 238 268 347 77 93 139 205 365 171 87 395 297 342 29 274 173 123 147 283 162 22 248 165 238 341 113 109 295 368 255 375 297 260 300 268 286 214 71 197 111 228 93 202
 431 20 142 201 398 268 280 265 346 454 283 150 180 198 195 179 164 308 485 216 485 352 293 354 239 333 231 291 354 415 182 450 391 376 324 228 308 233 347 1 204 362 167 131 169 509 406 383 241 214 99 247 276 354 297 408 97 433 190 19 190 85 55 248 290 321 378 429 412 253 216 311 179 396 306 43 295 390 208 428 284 340 230 332 234 80 300 51 328 146 179 214 286 47 433 340 334 415 254 340 358 187 72 450 308 102 475 253 151 344 158 398 374 255 300 363 346 124 89 25 291 234 217 258 403 274 347 118 221 164 407 225 169 364 328 297 378 361 306 289 116 80 367 240 340 112 291 333 334 332 324 290 476 237 323 34 214 179 464 177 271 370 212 276 293 188 262 225 254 24 347 204 332 413 201 94 187 333 210 376 170 30 260 303 482 278 169 374 142 390 446 130 84 307 307 153 333 207 267 251
 320 204 126 136 274 275 77 75 247 341 245 56 194 270 156 176 108 203 371 35 368 149 287 308 36 173 84 153 151 364 158 359 356 235 206 179 248 151 365 204 1 364 82 91 206 397 267 326 198 258 235 317 307 239 174 365 249 373 215 217 265 123 239 50 211 118 287 372 351 177 160 117 234 229 214 194 307 235 101 304 84 411 326 233 297 173 274 154 277 145 100 307 341 161 289 145 384 351 87 159 308 23 136 346 312 234 366 80 69 142 208 377 211 52 284 274 143 212 154 191 261 102 116 147 381 203 292 90 273 85 254 40 38 358 393 177 218 174 173 206 165 221 361 162 244 97 312 131 399 147 122 207 345 210 346 186 198 130 347 30 310 336 279 186 99 210 308 32 100 181 381 93 252 368 256 143 236 362 120 300 133 175 336 383 356 81 115 187 87 261 307 124 151 204 299 248 291 138 274 175
 215 380 264 230 230 98 395 343 184 230 123 341 193 171 213 204 267 202 246 336 251 433 79 90 376 291 292 257 436 105 216 187 69 258 220 186 135 217 30 362 364 1 290 308 197 256 263 108 167 149 273 138 90 210 232 89 285 126 177 377 179 366 330 401 172 423 168 120 120 193 205 358 184 318 182 319 68 290 265 238 372 126 175 186 140 288 93 357 109 246 268 178 102 338 280 373 85 125 308 334 98 347 335 210 57 269 231 315 316 443 206 52 303 377 82 164 428 238 289 378 107 273 251 233 55 171 108 332 144 289 291 337 366 17 113 228 297 357 245 178 258 287 15 206 178 327 72 400 113 343 403 178 273 156 46 332 172 240 240 348 97 67 159 195 356 181 108 393 290 355 57 272 155 94 163 293 176 51 246 141 241 354 139 139 268 360 258 360 301 238 276 274 297 200 66 216 93 227 99 196
 284 175 47 63 244 197 143 109 201 306 175 54 113 189 78 95 27 158 338 68 336 209 212 244 107 167 66 128 212 303 78 313 290 215 169 107 185 89 288 167 82 290 1 39 125 363 246 266 126 177 167 235 227 202 139 301 184 316 134 184 184 109 186 128 153 184 239 314 293 115 88 152 154 230 163 142 229 225 46 274 135 330 245 187 216 110 203 126 213 65 24 226 260 121 272 181 304 295 90 175 245 61 99 306 236 166 330 90 30 208 128 308 208 117 210 225 203 137 91 164 189 69 58 101 312 141 230 61 192 5 244 75 77 285 312 140 212 198 145 150 91 158 288 99 197 63 234 183 318 169 178 151 321 135 268 140 120 51 315 60 229 269 198 132 137 129 228 113 87 146 302 40 198 306 175 81 155 284 56 246 52 141 255 301 329 126 34 210 27 233 287 50 92 158 225 171 224 67 196 112
 319 137 46 91 281 212 163 138 236 342 200 41 120 187 100 106 47 194 374 90 372 233 230 271 123 205 102 165 235 332 94 347 316 252 206 133 215 121 303 131 91 308 39 1 127 398 284 295 151 182 145 237 238 238 176 328 160 345 141 147 181 73 155 140 185 204 273 343 323 147 115 183 153 267 197 110 244 263 83 311 161 334 241 221 218 84 225 88 241 66 57 222 267 84 310 212 312 325 124 210 273 69 61 341 253 145 365 123 24 229 126 331 246 137 231 259 227 123 64 126 213 107 95 138 335 172 259 26 196 36 281 99 70 305 318 177 250 232 182 183 77 132 308 131 231 25 247 210 323 203 203 184 358 156 281 105 137 74 351 62 238 294 199 165 166 135 235 120 124 109 314 78 230 333 176 53 156 296 91 278 69 104 256 303 366 153 56 244 13 271 325 39 62 193 244 161 251 97 211 144
 282 186 83 93 260 101 264 222 201 306 120 165 23 65 71 40 100 174 335 190 336 325 125 188 231 235 166 186 328 249 59 292 223 252 195 87 150 113 186 169 206 197 125 127 1 356 278 219 90 57 96 112 117 217 178 241 114 267 22 185 61 173 148 253 144 303 225 263 247 118 87 257 29 292 163 126 130 276 129 286 252 209 122 189 93 92 134 161 165 63 112 103 141 142 304 283 188 250 192 262 194 185 140 297 142 92 323 196 142 327 13 231 270 240 132 210 319 51 93 183 125 154 125 146 235 127 184 146 70 123 289 196 194 198 192 176 270 288 191 146 62 103 201 112 193 140 129 295 198 262 292 147 335 78 163 137 57 84 316 181 115 203 74 141 246 21 110 238 179 160 193 133 179 246 51 98 31 176 115 217 77 158 131 178 338 241 95 297 124 256 313 89 101 172 140 60 168 97 100 117
 80 522 370 312 124 284 377 334 164 58 240 410 338 374 314 333 354 206 27 363 31 370 261 187 385 232 317 245 372 152 328 72 188 165 195 282 207 280 285 509 397 256 363 398 356 1 137 156 271 342 451 367 312 162 227 168 469 133 338 527 379 470 501 405 220 380 133 138 137 257 294 314 364 201 205 471 281 178 318 94 350 381 406 179 359 431 237 480 197 364 342 400 344 468 124 308 340 132 311 266 178 392 452 61 267 447 35 319 391 388 369 210 206 375 247 148 368 406 421 514 239 302 305 262 209 236 181 422 348 365 162 358 421 240 367 225 197 273 225 221 396 457 242 272 170 423 294 344 368 282 354 220 67 279 292 476 302 333 51 399 322 194 367 236 326 337 333 413 298 493 312 325 179 164 356 418 355 304 309 143 341 489 377 390 52 341 346 266 387 137 104 383 426 206 252 406 202 306 285 260
 76 417 265 208 35 241 241 200 87 86 183 288 256 316 218 245 244 105 112 234 107 236 227 174 252 97 191 121 238 187 233 127 207 33 85 193 150 176 285 406 267 263 246 284 278 137 1 161 190 284 368 328 279 64 111 199 387 181 264 424 318 355 410 271 137 244 97 183 166 162 198 178 295 71 117 373 254 44 202 48 214 377 362 94 314 334 198 370 162 265 230 351 320 362 28 173 335 163 181 130 166 265 342 102 245 365 112 188 272 253 289 237 71 241 212 101 233 324 319 407 192 180 192 149 238 152 157 306 295 249 33 228 294 248 359 111 61 139 103 134 300 369 251 172 95 308 267 209 362 145 218 133 79 205 281 375 222 229 89 273 289 199 314 139 190 261 297 280 170 387 313 208 118 198 295 314 287 298 197 124 239 382 344 372 91 206 238 134 272 27 42 277 324 107 226 335 176 201 242 164
 107 399 257 205 127 132 336 285 95 123 102 319 205 225 198 206 249 130 142 293 147 360 108 33 328 210 244 189 363 39 208 85 47 162 139 164 82 179 135 383 326 108 266 295 219 156 161 1 147 193 312 213 157 119 163 43 328 51 199 401 230 364 366 352 116 357 66 49 30 152 181 288 220 223 114 342 126 193 229 131 311 231 251 104 206 304 88 364 56 245 243 247 190 349 175 297 189 32 252 253 26 313 338 104 112 307 127 260 295 374 231 77 212 325 95 68 356 269 298 394 95 225 214 180 78 126 38 320 197 267 191 292 339 92 216 159 204 273 171 121 269 321 95 169 93 318 139 328 217 265 334 120 166 148 138 351 171 223 134 317 167 43 216 141 291 199 178 351 234 371 163 237 77 45 208 298 211 152 213 38 229 368 222 236 161 300 240 273 285 137 169 269 306 129 98 261 53 200 134 155
 195 256 111 64 171 83 232 182 112 218 50 179 69 130 52 63 105 87 249 170 249 280 91 121 211 161 128 114 283 182 62 210 166 166 109 20 68 52 170 241 198 167 126 151 90 271 190 147 1 100 183 155 122 128 98 178 202 197 75 259 131 218 231 235 55 265 139 194 175 38 39 205 106 212 75 201 113 192 98 198 213 232 182 100 137 162 78 219 92 99 103 167 163 204 216 227 198 177 147 196 123 181 193 211 116 180 237 154 154 287 102 183 191 213 86 124 274 138 154 250 64 109 85 78 187 39 110 176 114 126 204 172 202 161 213 96 189 222 113 57 127 188 164 43 105 173 122 247 218 200 248 59 247 19 152 208 33 79 229 182 128 145 131 56 200 72 132 227 130 227 189 106 93 183 109 153 99 170 80 136 83 224 173 213 250 200 96 229 142 168 224 123 161 85 102 146 101 61 83 38
 274 232 137 133 260 63 310 265 200 296 106 220 65 34 110 84 151 184 323 239 325 367 88 161 281 260 208 212 370 217 103 274 187 263 207 108 141 142 134 214 258 149 177 182 57 342 284 193 100 1 126 61 63 221 198 207 139 237 44 229 38 227 183 303 149 348 215 233 220 137 118 296 36 311 169 172 83 290 172 284 295 154 82 191 41 142 107 213 146 118 160 68 86 193 309 320 132 224 232 292 168 237 194 284 97 121 310 238 196 371 61 189 290 287 99 202 361 90 147 231 104 193 164 174 193 135 162 202 17 175 301 244 248 153 137 195 288 319 212 153 116 139 155 137 192 195 79 336 143 295 334 154 331 83 111 184 75 130 307 235 60 168 31 155 287 49 55 289 217 209 138 177 173 212 16 153 29 122 156 200 126 208 80 126 332 284 145 327 179 260 315 144 155 182 101 70 142 135 61 136
 377 118 123 168 353 186 306 275 295 400 214 181 115 104 152 125 149 264 430 232 431 375 211 280 267 314 226 266 377 339 137 387 311 341 285 177 245 196 255 99 235 273 167 145 96 451 368 312 183 126 1 151 185 309 263 330 20 358 115 110 96 147 58 283 237 348 320 354 340 208 172 317 93 375 256 63 208 362 193 380 301 243 133 282 139 63 225 119 259 113 166 116 191 99 395 346 238 343 253 333 286 213 115 392 222 5 418 254 167 372 84 314 352 280 221 305 368 46 82 120 218 221 195 228 318 221 277 150 130 163 377 240 209 278 231 262 354 358 276 238 78 20 280 198 287 142 202 349 237 330 343 240 429 173 232 78 152 150 411 206 179 291 118 231 303 115 169 263 245 103 253 193 274 335 111 93 103 239 186 312 140 105 163 205 432 292 150 369 151 348 405 118 86 263 225 59 260 173 184 206
