NAME : domp280p70v3
COMMENT : (Deleplanque et al.) 
TYPE : DOMP
DIMENSION : 280
DISPLAY_DATA_TYPE: NO_DISPLAY
OPEN_FACILITIES : 70
COST_SECTION
 1 249 195 57 263 154 166 237 216 153 295 102 248 210 255 83 255 341 144 105 193 255 61 91 63 312 152 177 66 98 299 261 84 124 133 119 328 162 149 168 155 64 158 187 94 103 185 122 257 46 223 171 97 129 224 180 100 126 74 192 138 143 174 96 236 222 164 191 164 285 272 163 243 204 62 319 299 274 102 164 162 189 160 248 197 90 221 205 121 355 319 286 249 252 121 196 212 51 156 258 116 179 84 186 285 307 165 165 71 176 208 109 244 156 181 170 101 287 205 238 277 295 49 220 162 52 123 129 200 268 195 108 31 74 84 229 246 149 191 25 251 25 218 214 168 99 167 73 203 288 64 154 137 211 160 277 144 287 257 95 83 228 238 211 120 177 48 138 109 25 278 72 180 221 304 170 157 249 153 35 233 294 190 236 157 15 148 112 267 231 223 129 100 109 222 131 148 254 62 170 130 243 155 269 197 53 113 101 201 119 118 219 133 128 75 206 145 184 156 81 297 127 128 49 228 271 83 298 97 136 159 195 234 158 60 56 180 145 172 167 116 304 99 133 244 130 190 101 224 84 313 259 187 81 232 165 83 286 279 218 302 145 272 188 212 108 245 109 138 101 118 80 177 210 225 75 123 135 318 47
 249 1 133 195 333 253 91 307 430 264 198 333 172 39 262 310 324 318 260 338 417 163 265 210 306 285 139 115 229 323 315 14 310 282 314 340 339 301 265 297 100 223 209 395 342 166 375 305 29 228 279 107 334 163 35 279 345 298 178 150 175 233 366 326 81 109 104 157 257 45 92 107 452 391 196 287 58 32 213 375 252 377 307 360 423 318 307 196 196 333 331 251 194 247 157 420 215 208 226 284 311 402 219 410 344 305 118 400 239 248 298 267 12 386 155 367 168 52 431 65 181 185 290 437 201 255 313 330 357 43 419 227 278 212 280 63 354 266 249 272 7 231 439 130 117 339 211 314 310 83 253 255 324 330 334 181 329 44 329 276 242 131 243 284 290 139 278 295 356 256 50 233 330 32 304 294 140 281 120 227 205 60 401 420 203 255 104 360 304 271 123 272 172 197 375 243 117 100 283 99 226 231 246 266 310 298 307 251 140 255 262 414 342 217 323 418 170 280 277 171 336 366 353 294 447 157 195 51 341 309 321 100 158 274 192 299 318 105 79 384 331 326 344 377 38 269 417 312 256 302 330 18 356 329 426 117 321 60 44 444 211 195 311 195 65 308 185 189 126 331 300 328 79 372 168 305 276 158 75 218
 195 133 1 159 383 278 75 355 407 285 304 295 265 115 333 274 374 406 141 252 386 261 238 210 233 372 44 31 145 233 388 145 224 283 205 245 416 314 144 315 129 141 84 376 275 93 367 199 160 200 330 162 252 68 137 309 271 294 150 219 206 113 356 240 65 203 150 224 286 176 215 154 434 385 171 376 151 137 113 353 127 370 317 392 390 231 347 262 215 422 407 338 282 321 75 389 280 145 101 349 208 372 213 379 400 384 169 359 224 286 335 265 139 349 25 354 170 184 398 78 284 295 242 412 243 227 207 313 366 174 388 121 224 128 186 74 388 285 294 213 131 189 411 215 171 292 253 239 340 213 231 280 314 357 333 284 219 174 378 264 147 224 312 327 182 199 201 181 284 213 182 145 341 130 382 170 39 343 54 162 282 141 380 417 79 194 121 292 367 328 215 279 96 97 388 260 65 213 250 55 246 305 122 342 337 245 205 250 215 262 152 404 320 103 260 397 207 312 296 145 400 320 320 242 421 264 115 176 289 198 204 35 248 151 141 249 195 109 95 358 305 397 291 325 102 154 384 288 314 212 403 150 359 264 417 42 242 192 133 411 316 76 373 252 157 289 273 93 69 243 291 261 130 380 251 222 278 187 169 150
 57 195 159 1 250 137 116 221 251 141 248 144 202 156 224 122 241 309 154 157 233 207 81 64 118 278 116 136 76 147 274 207 133 128 167 167 304 162 160 165 99 70 146 219 149 69 209 155 202 42 202 116 150 99 169 168 156 137 18 144 95 142 198 147 190 169 108 144 147 230 217 108 277 227 18 285 246 221 97 197 166 213 164 246 238 139 209 166 86 324 294 249 206 219 87 236 176 41 151 232 154 218 63 226 270 278 111 210 67 154 196 110 190 198 151 197 51 232 246 190 230 247 97 257 126 69 159 155 211 213 235 110 84 70 118 181 243 139 167 80 198 38 257 163 114 146 134 127 196 232 73 139 157 209 176 230 180 232 244 106 98 177 205 194 148 127 96 163 165 63 222 84 187 166 276 187 122 224 110 49 193 242 224 259 143 66 93 167 245 206 171 126 70 95 233 115 102 200 95 124 107 207 157 237 192 104 150 96 151 111 134 246 163 123 130 241 101 171 148 25 277 174 167 100 266 221 66 243 148 167 188 151 186 170 24 106 203 91 119 203 149 281 151 184 193 146 231 131 196 129 289 205 202 137 259 123 136 230 227 259 257 130 251 149 157 132 200 91 94 152 133 136 122 224 179 125 124 86 265 49
 263 333 383 250 1 113 313 30 224 112 191 231 178 308 83 222 10 122 400 346 239 192 207 187 304 117 347 353 319 348 67 337 336 145 395 368 86 110 406 101 260 314 394 200 299 312 166 383 316 222 55 234 334 340 300 84 318 151 248 184 178 391 167 341 382 228 242 176 104 337 274 238 226 165 233 124 387 363 346 200 414 162 115 56 247 339 43 138 171 128 79 124 156 100 326 238 119 287 399 60 377 230 189 235 24 88 224 257 194 99 56 156 322 239 384 174 217 330 251 373 191 205 249 236 142 213 383 179 116 315 240 358 260 317 346 364 50 116 90 272 338 245 242 206 223 251 131 312 65 298 201 112 161 68 141 191 404 343 7 175 341 209 96 58 382 197 307 400 316 241 319 327 110 305 86 430 353 57 330 286 136 391 208 170 390 277 266 306 41 63 215 137 314 344 112 136 319 252 218 332 144 112 405 90 71 258 374 163 194 145 377 184 192 372 284 215 178 80 109 250 43 256 221 256 243 210 315 357 264 399 421 360 185 416 273 253 442 276 299 211 202 63 269 274 358 390 244 197 78 341 71 329 132 292 189 342 323 319 375 257 185 376 37 140 269 183 163 338 316 347 163 296 270 123 171 327 144 197 399 292
 154 253 278 137 113 1 213 86 198 13 183 149 146 221 108 132 105 192 288 246 197 159 103 75 202 167 239 249 207 245 147 260 232 55 287 266 176 51 294 46 164 202 282 164 206 201 135 275 244 111 70 147 235 230 219 32 224 71 136 115 80 279 129 239 286 164 151 108 11 269 220 148 214 148 121 175 310 284 233 151 301 136 60 115 205 236 73 90 64 205 167 148 135 111 216 198 82 175 287 106 269 184 77 191 134 156 136 199 84 27 60 55 243 180 277 133 109 266 212 280 173 191 148 208 56 106 276 111 107 247 199 245 156 205 237 271 111 18 42 166 258 134 212 145 136 166 49 211 63 244 94 4 95 81 94 173 297 274 107 78 229 154 96 58 272 118 200 289 225 134 254 215 80 222 154 319 245 97 225 175 111 311 172 172 279 168 167 218 114 79 155 41 203 232 123 24 214 197 119 229 33 107 293 123 61 159 266 55 128 38 265 171 126 260 189 187 84 36 27 139 144 182 151 156 218 179 203 288 178 289 312 259 141 304 160 155 331 176 202 163 127 152 183 199 270 278 200 113 75 235 160 254 109 197 183 237 222 257 294 222 186 265 119 76 191 100 135 226 210 245 81 200 179 122 126 223 50 99 325 180
 166 91 75 116 313 213 1 285 364 222 231 259 192 57 259 237 304 332 175 250 347 188 194 152 219 298 57 45 140 234 314 104 222 227 225 251 342 254 180 253 55 134 129 331 258 76 316 216 109 155 259 88 246 76 78 243 259 240 102 144 137 149 306 238 77 131 76 150 220 133 152 80 389 334 123 302 134 111 124 309 170 319 258 327 353 229 279 189 150 348 333 264 208 247 68 350 206 122 145 276 222 333 158 340 329 310 95 326 173 217 268 210 90 313 86 306 108 138 361 75 212 223 211 371 172 183 223 266 309 122 349 139 196 122 190 66 322 222 224 189 91 153 371 141 97 261 183 228 275 156 184 215 264 293 279 212 240 133 308 213 153 151 238 258 201 125 190 207 271 178 132 144 282 71 308 210 60 270 35 141 208 129 336 365 123 171 48 275 294 256 142 220 83 108 329 197 28 146 210 21 182 231 163 268 273 217 218 194 141 202 174 355 276 131 239 353 136 246 234 95 328 289 282 213 380 193 106 140 262 220 233 48 174 190 108 219 233 38 22 316 262 324 264 298 79 181 346 244 242 213 330 105 304 245 368 38 234 142 114 374 243 113 301 179 88 243 199 100 37 242 240 243 56 323 177 217 222 117 154 130
 237 307 355 221 30 86 285 1 217 85 177 211 158 282 70 200 21 130 372 323 229 173 181 159 280 117 318 325 292 324 76 312 311 121 369 344 100 89 379 79 232 287 365 190 277 283 156 357 292 195 29 207 311 312 274 58 296 130 219 158 149 363 156 317 354 204 215 151 76 313 252 211 223 158 205 124 362 338 318 187 386 153 96 63 237 315 21 113 143 139 92 115 138 85 298 228 95 259 371 50 351 219 161 224 50 93 196 244 167 70 31 131 296 225 356 163 188 307 242 346 175 190 225 229 114 187 358 161 108 291 231 330 235 290 320 337 56 89 62 247 313 218 235 182 196 231 103 288 46 277 175 85 143 57 126 175 379 319 24 151 313 186 77 29 356 170 281 373 295 216 296 300 96 279 90 403 324 43 302 259 116 366 198 169 362 251 238 286 41 41 191 112 286 315 110 108 291 230 194 303 116 94 377 80 53 234 349 137 169 119 350 180 175 344 262 208 150 54 84 221 62 239 204 232 238 192 287 333 244 372 395 332 163 388 244 230 415 248 271 199 184 76 249 257 331 362 233 176 55 316 85 304 122 270 187 313 299 297 350 249 173 348 42 114 243 162 143 310 288 323 142 274 243 118 148 302 120 169 375 264
 216 430 407 251 224 198 364 217 1 186 376 116 342 393 281 134 222 344 344 226 33 356 172 220 204 333 364 386 278 239 289 439 235 152 301 250 308 150 348 158 331 278 371 36 169 315 65 293 427 211 230 327 215 343 398 189 188 135 264 309 261 351 69 228 440 357 327 303 200 455 414 324 29 60 243 341 486 459 315 56 366 66 141 171 37 233 199 286 238 351 302 327 329 291 333 29 276 265 366 265 281 41 212 37 242 308 317 72 193 218 195 165 422 68 395 66 263 453 36 438 368 386 170 13 251 183 288 101 110 433 33 318 189 288 268 429 176 181 229 203 434 219 20 339 318 126 246 206 176 437 181 195 108 161 105 368 302 459 219 155 290 350 279 212 302 307 230 320 177 195 442 282 127 398 306 359 370 257 360 250 305 484 29 64 370 221 329 163 257 247 350 164 313 324 113 196 353 391 158 374 212 294 360 294 170 170 281 180 322 180 316 42 90 340 171 12 268 191 172 271 265 104 89 172 22 376 298 472 135 309 329 402 338 354 267 165 358 332 362 50 104 286 137 113 437 326 39 122 252 247 294 435 97 173 44 373 212 446 468 36 377 359 256 273 375 123 330 323 345 232 131 179 352 101 323 229 158 275 503 262
 153 264 285 141 112 13 222 85 186 1 195 141 158 232 115 125 103 198 290 242 186 171 99 79 198 174 246 257 209 242 151 271 229 46 285 262 179 39 296 34 174 204 286 152 200 206 123 274 255 112 73 158 230 236 230 28 218 61 141 127 90 282 117 236 296 177 162 120 17 281 233 158 202 135 125 182 321 295 236 139 304 123 47 108 193 233 70 101 73 210 170 157 146 120 222 187 93 177 291 111 268 172 79 180 133 161 147 188 83 36 57 50 254 169 283 121 116 277 201 290 184 203 144 196 68 104 274 100 95 259 188 248 153 208 236 281 104 7 50 164 269 135 200 157 147 159 61 207 56 256 92 10 84 72 81 184 295 286 105 71 230 167 105 59 272 129 198 289 219 132 266 217 68 233 159 320 252 101 232 176 122 322 160 160 283 167 177 211 117 85 167 33 208 235 112 27 222 209 114 238 41 117 296 130 53 154 265 53 140 35 266 159 115 263 183 175 95 32 15 145 145 173 141 151 206 191 206 300 170 289 311 267 154 306 164 150 332 185 212 151 117 154 176 191 280 279 188 104 82 233 163 265 97 191 170 245 218 269 305 211 197 269 121 88 203 91 146 230 217 241 71 195 190 110 138 220 42 109 336 182
 295 198 304 248 191 183 231 177 376 195 1 327 48 194 109 307 185 127 386 399 379 45 266 208 355 98 285 275 320 392 144 196 377 237 413 412 159 228 392 219 184 312 353 344 373 276 313 402 172 251 154 150 389 294 175 188 386 254 234 105 158 365 309 389 272 102 162 105 179 181 112 160 389 321 236 97 239 222 327 333 389 312 237 239 387 383 189 97 177 141 153 71 50 93 281 380 102 285 366 132 401 366 217 373 190 126 148 381 238 160 188 232 188 362 317 313 198 172 394 258 21 17 311 388 141 264 406 293 273 164 381 342 311 308 365 253 232 200 149 315 204 271 392 93 145 342 141 365 207 132 254 186 278 226 273 21 427 187 190 253 340 82 102 169 392 124 340 406 391 285 164 327 251 183 126 422 289 136 262 297 73 247 352 339 348 308 195 388 151 138 91 223 282 316 281 194 252 99 287 251 183 85 381 102 211 322 398 224 100 213 374 345 308 345 353 366 151 186 206 231 173 361 333 318 397 42 296 200 351 413 432 271 64 403 264 320 442 207 211 345 308 155 357 378 233 385 382 292 128 375 155 187 281 361 354 269 375 159 235 403 14 335 157 114 149 281 52 308 256 395 263 363 176 286 71 368 231 163 245 294
 102 333 295 144 231 149 259 211 116 141 327 1 285 295 255 24 225 335 230 127 92 296 71 132 95 314 252 275 162 136 285 345 128 96 195 151 311 124 235 133 234 163 255 90 72 203 99 185 336 106 210 239 115 229 304 160 93 83 159 238 182 237 89 126 332 281 236 234 157 365 336 234 144 116 139 322 387 361 200 68 252 104 117 196 96 128 192 231 159 346 302 296 278 259 221 96 229 151 251 248 174 78 122 86 253 298 230 68 99 175 182 96 327 55 281 83 168 364 104 333 314 333 54 119 187 80 182 54 133 345 94 203 74 174 156 324 197 135 190 88 337 108 118 266 233 21 187 99 168 356 84 148 72 166 94 314 199 368 225 75 175 279 244 192 192 230 116 210 88 83 354 167 125 303 296 249 257 239 251 136 256 384 92 147 255 106 230 77 250 223 277 109 200 209 152 134 244 315 51 266 145 255 246 270 161 55 174 104 250 115 202 126 47 225 64 107 190 164 134 166 271 36 28 57 128 315 184 380 34 202 223 293 276 242 156 50 251 231 260 69 31 286 39 52 335 213 90 37 222 138 295 341 116 69 138 263 107 360 368 118 331 244 252 214 286 51 276 209 235 130 72 75 257 138 262 120 100 191 406 148
 248 172 265 202 178 146 192 158 342 158 48 285 1 161 98 264 171 147 341 352 342 16 222 163 309 113 243 236 273 345 146 173 331 198 367 366 168 194 347 186 142 266 310 309 328 231 279 355 150 205 132 107 343 251 145 157 341 215 188 59 112 321 274 343 240 66 119 59 143 166 98 116 357 290 190 116 221 200 281 296 345 279 203 219 350 337 166 58 132 163 161 79 24 81 237 343 69 238 322 121 355 329 172 336 183 134 104 341 194 126 162 191 162 323 276 278 151 158 357 227 30 49 266 353 99 219 359 254 243 145 344 297 265 262 319 221 213 163 117 269 178 224 357 51 101 299 100 319 180 123 209 149 240 200 238 30 380 172 176 211 294 44 83 144 346 78 294 359 346 239 148 280 219 152 133 376 248 122 221 250 44 227 317 310 304 261 152 343 142 118 53 184 237 271 254 154 210 78 243 212 141 67 336 98 183 277 351 182 55 172 328 313 269 300 308 331 104 156 171 184 171 320 292 273 363 35 250 186 308 366 386 234 19 357 218 275 396 164 172 308 268 158 313 336 205 339 345 251 105 329 161 164 250 316 323 228 329 146 213 368 57 292 149 72 115 240 16 263 213 349 223 318 137 257 24 322 192 116 230 248
 210 39 115 156 308 221 57 282 393 232 194 295 161 1 243 272 300 307 230 301 380 154 227 174 268 273 110 90 193 286 298 52 273 247 280 304 323 268 235 265 63 186 183 359 303 130 340 271 53 190 254 76 296 131 23 249 307 263 139 127 143 204 331 289 80 96 71 134 226 79 101 74 416 356 158 276 94 67 180 338 225 342 274 331 386 280 280 174 162 323 315 238 181 229 124 382 193 171 198 263 276 365 182 373 321 290 87 362 202 219 270 231 36 348 133 331 131 83 394 68 175 184 252 401 171 217 278 293 324 67 382 194 239 176 244 61 326 234 222 234 43 193 402 113 87 300 182 276 280 101 215 224 288 300 300 175 295 79 304 239 207 118 223 257 256 112 240 263 318 218 77 198 297 16 289 265 113 259 89 190 187 92 365 385 176 217 66 321 283 247 109 238 137 164 343 210 84 100 245 70 193 213 218 249 280 259 272 215 119 220 229 379 305 187 284 382 139 251 245 132 316 328 315 255 410 154 159 89 303 276 289 81 145 245 154 261 289 67 41 347 294 308 306 338 50 237 379 275 233 265 313 51 322 291 391 89 283 86 76 407 207 167 290 170 47 271 172 156 92 294 264 289 43 339 152 268 241 124 112 180
 255 262 333 224 83 108 259 70 281 115 109 255 98 243 1 239 77 87 376 352 288 112 209 166 307 60 302 302 299 349 56 265 336 160 386 370 84 138 383 128 205 293 359 251 313 275 218 374 243 209 52 174 340 301 231 98 331 174 217 118 135 362 216 344 320 154 184 111 100 261 195 180 289 223 208 68 314 292 318 244 386 215 147 131 296 340 85 72 140 101 75 47 75 18 287 289 54 264 368 25 370 277 172 283 86 55 165 298 186 82 87 163 251 279 338 221 180 254 303 310 109 123 255 292 100 211 376 211 173 240 290 332 261 293 335 302 125 121 67 270 268 232 298 134 163 273 91 317 106 219 199 109 193 123 182 109 397 267 82 185 321 134 22 69 369 136 302 385 332 237 243 307 155 237 53 410 307 28 282 269 59 319 259 236 354 269 213 325 46 35 141 147 280 312 177 128 271 174 226 279 126 33 377 16 111 265 367 161 125 145 357 245 226 342 296 271 132 94 122 217 75 286 253 262 301 128 286 281 284 387 409 305 107 393 246 262 426 225 242 256 230 66 290 304 291 370 292 218 34 338 72 256 184 304 253 292 327 242 304 311 104 340 52 83 200 205 83 305 270 350 185 307 209 185 95 326 156 151 325 271
 83 310 274 122 222 132 237 200 134 125 307 24 264 272 239 1 216 321 218 127 113 275 48 109 89 298 232 254 146 133 272 321 123 81 189 151 299 113 223 123 211 146 239 105 78 182 106 178 313 83 196 216 115 209 281 147 97 72 136 216 160 222 96 124 310 258 213 212 140 341 313 211 161 125 116 306 364 338 183 82 239 112 108 192 117 124 181 211 137 333 291 279 258 242 201 116 210 132 236 235 169 98 99 106 245 285 207 91 76 158 170 78 304 77 262 91 145 341 126 310 293 312 39 138 167 56 176 54 132 321 115 188 58 156 146 301 192 119 174 73 314 87 138 244 209 36 167 96 158 333 61 131 68 159 92 293 194 344 216 56 160 257 228 180 183 207 105 202 96 62 331 151 120 280 282 239 237 225 229 117 237 361 108 157 238 89 207 87 238 208 254 93 180 191 153 115 222 292 28 244 125 238 232 254 152 43 167 84 228 97 190 139 53 209 64 124 168 151 120 143 261 59 47 44 147 294 165 356 46 195 217 271 254 231 135 38 243 208 238 86 35 274 52 73 312 202 111 28 206 132 283 318 117 71 151 241 105 337 345 139 312 227 240 194 263 41 256 190 214 129 60 76 233 140 241 115 84 168 383 129
 255 324 374 241 10 105 304 21 222 103 185 225 171 300 77 216 1 123 391 339 236 185 199 178 297 115 338 344 311 341 68 328 329 137 387 361 89 103 398 94 251 306 385 197 292 303 163 375 308 214 46 225 327 331 291 76 312 145 239 175 169 382 164 334 373 220 234 168 95 329 266 230 226 163 224 123 379 355 337 196 405 159 109 58 244 332 36 129 162 130 82 120 149 94 317 235 110 278 391 54 369 227 180 232 31 87 215 254 186 90 48 149 313 235 375 171 208 323 249 364 185 199 241 234 133 205 376 174 114 307 238 349 252 309 338 355 52 108 81 265 330 237 240 198 214 245 122 305 59 291 193 104 155 64 137 185 396 335 6 168 332 201 89 49 374 188 299 392 310 234 312 319 105 296 86 422 344 51 321 278 129 383 205 170 381 269 257 301 38 55 207 129 306 335 111 128 310 244 211 323 135 105 397 85 65 251 366 155 185 137 369 183 187 363 278 214 169 72 101 241 48 251 216 249 242 203 306 349 258 391 413 351 177 408 264 247 434 267 290 208 197 65 263 269 349 381 241 190 69 334 74 320 129 285 189 333 316 312 367 255 180 367 36 131 261 177 155 329 307 340 157 290 261 122 163 320 137 188 391 284
 341 318 406 309 122 192 332 130 344 198 127 335 147 307 87 321 123 1 461 437 357 156 294 252 392 35 379 376 384 435 56 317 421 241 472 456 46 214 467 204 279 378 440 319 397 357 284 460 294 295 127 245 426 381 291 176 415 253 301 189 218 445 285 430 385 212 257 184 183 306 236 253 348 285 294 32 363 344 402 315 469 281 222 177 365 426 149 149 225 17 47 70 127 92 367 357 135 349 450 88 456 347 258 353 108 38 238 372 272 167 157 246 307 353 415 291 264 297 370 373 140 142 340 356 184 296 462 288 235 287 359 416 346 377 421 366 172 204 152 356 324 318 362 195 236 354 176 402 174 257 284 193 269 185 254 140 483 312 126 268 406 190 105 144 454 209 388 471 416 323 288 392 224 298 41 495 384 98 358 355 126 371 326 291 435 355 288 408 89 114 198 229 362 395 233 213 347 220 310 352 212 105 461 73 181 350 453 246 192 229 442 305 302 425 380 335 214 172 203 300 83 365 330 347 364 164 370 325 366 473 495 377 163 477 330 347 511 300 313 327 309 61 372 383 351 455 362 299 119 424 54 308 250 388 310 367 413 284 357 377 115 421 89 164 261 285 136 388 348 436 265 392 279 244 157 412 238 232 370 357
 144 260 141 154 400 288 175 372 344 290 386 230 341 230 376 218 391 461 1 137 316 342 204 215 141 429 122 148 82 118 427 273 116 266 70 122 456 303 7 308 206 86 58 319 182 111 323 68 282 179 354 238 143 100 252 317 169 269 161 284 244 29 313 128 204 292 226 286 298 304 324 228 372 342 170 435 289 272 61 297 25 329 303 389 317 120 358 314 238 476 447 398 350 370 110 320 326 115 42 385 80 304 212 310 421 430 239 280 208 306 345 250 262 278 117 308 198 311 324 215 366 382 180 345 278 194 77 269 342 296 317 46 161 85 77 210 387 286 319 146 260 157 342 294 242 219 286 142 342 329 205 289 279 353 302 366 82 303 394 237 61 307 357 345 51 264 115 44 182 168 305 74 323 245 428 37 121 376 142 115 340 280 321 374 64 133 195 194 397 359 299 269 105 71 364 265 148 314 203 162 259 357 23 389 337 177 78 240 287 257 29 355 270 45 175 336 249 321 295 162 429 243 258 176 352 352 92 308 210 61 64 166 323 18 132 182 60 184 193 298 252 434 209 240 236 21 312 241 349 102 441 276 329 174 367 144 139 315 270 337 396 67 403 298 259 249 342 80 140 128 260 169 221 352 320 119 264 231 308 109
 105 338 252 157 346 246 250 323 226 242 399 127 352 301 352 127 339 437 137 1 195 360 144 193 46 410 216 245 112 20 391 351 29 203 79 26 419 238 140 246 252 117 184 209 58 175 224 74 351 149 314 272 13 188 317 267 38 196 174 297 242 156 214 13 307 325 264 295 255 378 373 264 253 241 166 418 382 359 140 189 162 229 233 318 194 22 305 308 224 450 411 386 353 351 188 199 313 132 172 351 61 186 184 190 369 401 268 156 167 271 293 193 336 159 231 208 205 381 200 313 382 400 99 223 263 142 67 178 257 363 195 133 92 130 68 306 318 236 286 85 340 129 219 318 271 109 268 36 282 387 154 245 194 285 218 382 78 379 340 173 106 332 337 299 88 281 63 103 50 117 373 110 246 313 399 142 219 342 226 114 336 375 208 269 186 93 243 64 357 324 326 212 169 156 277 225 225 356 129 247 228 343 158 366 276 90 62 192 305 209 112 247 172 155 65 220 249 271 240 180 384 123 150 92 229 375 146 388 96 88 106 264 338 142 151 94 136 238 261 186 156 395 92 114 326 118 189 154 319 40 404 351 241 59 257 235 25 381 362 211 406 181 361 290 311 167 348 161 215 10 185 53 273 263 329 34 204 239 401 122
 193 417 386 233 239 197 347 229 33 186 379 92 342 380 288 113 236 357 316 195 1 355 155 209 176 343 343 366 253 209 303 427 205 147 271 219 323 153 320 162 317 253 345 40 139 294 74 263 417 193 238 317 184 320 386 194 157 129 247 305 253 325 74 198 422 351 316 299 201 445 408 313 60 78 226 351 472 446 290 47 339 78 144 189 9 203 209 286 229 365 317 334 330 298 312 5 278 243 340 275 251 16 199 8 259 320 307 40 179 220 204 157 410 39 373 68 250 443 16 421 369 387 146 30 248 165 258 91 124 424 3 292 164 264 240 412 193 180 232 178 421 198 27 334 309 99 244 177 185 430 166 195 103 173 108 369 271 448 234 143 263 346 284 220 273 301 203 291 146 174 432 257 135 386 318 330 348 266 341 227 307 470 32 92 345 196 315 132 269 254 345 160 291 299 132 191 334 386 139 356 207 299 333 302 179 144 251 171 317 174 288 68 77 314 142 31 261 196 173 254 281 74 67 147 37 375 275 461 107 279 299 383 336 326 247 140 328 317 347 36 87 300 108 82 422 297 7 106 258 218 309 423 108 144 73 353 182 438 454 28 380 335 269 271 365 111 331 300 325 201 123 149 339 118 322 200 153 266 490 239
 255 163 261 207 192 159 188 173 356 171 45 296 16 154 112 275 185 156 342 360 355 1 232 171 316 123 241 232 277 352 159 162 337 210 371 372 180 208 348 200 140 270 309 322 337 232 293 360 139 213 147 107 351 250 136 171 349 228 192 64 120 321 288 350 233 60 119 66 157 153 85 116 371 304 196 125 209 189 283 309 345 293 217 234 363 343 181 71 141 172 173 90 38 95 237 357 84 243 322 136 359 342 181 349 197 146 104 354 203 140 177 203 152 335 273 291 157 145 370 219 25 41 275 367 110 228 364 267 258 133 357 299 273 265 324 213 228 176 131 277 169 231 371 49 101 310 113 327 194 109 219 162 253 215 252 25 385 159 190 222 298 38 98 159 350 82 300 363 355 247 135 284 234 144 145 378 246 136 219 255 58 216 330 324 304 268 151 352 157 133 48 196 238 272 269 166 208 66 253 208 152 81 337 111 197 286 356 193 57 184 330 327 282 301 317 345 112 170 184 189 184 331 304 282 376 21 253 173 318 370 389 229 22 359 222 284 398 163 168 320 280 171 323 347 196 341 357 263 120 335 173 153 264 325 338 225 337 133 202 381 56 291 163 85 108 252 31 264 212 355 236 327 133 272 35 329 204 122 218 252
 61 265 238 81 207 103 194 181 172 99 266 71 222 227 209 48 199 294 204 144 155 232 1 63 100 268 195 216 125 144 248 276 131 65 190 164 277 102 210 109 165 122 214 139 108 147 130 178 267 40 171 169 133 176 235 125 124 66 93 172 115 202 119 138 269 212 166 168 112 295 267 164 197 149 72 275 319 293 159 117 222 134 100 188 160 135 164 171 92 307 268 245 218 209 165 158 173 101 214 208 171 140 53 148 229 258 161 137 30 127 152 51 258 122 228 117 98 295 169 268 251 270 48 178 126 13 178 75 140 275 157 167 55 130 142 259 186 94 143 67 268 52 178 199 163 80 129 109 144 287 14 102 79 152 101 251 199 298 200 34 144 212 194 157 179 162 102 197 127 37 284 132 120 234 256 230 201 198 190 92 198 316 144 181 212 74 162 122 215 181 209 71 146 163 162 82 182 246 22 203 87 202 214 223 139 58 169 49 183 65 178 167 83 186 89 161 123 129 99 100 242 105 90 55 187 250 135 310 87 194 217 231 211 219 99 55 239 164 193 123 69 252 92 119 268 190 154 51 176 136 261 272 128 97 180 203 120 290 300 181 272 200 218 154 216 52 215 161 174 144 58 100 187 151 199 122 64 122 337 102
 91 210 210 64 187 75 152 159 220 79 208 132 163 174 166 109 178 252 215 193 209 171 63 1 149 222 169 183 136 188 214 220 174 77 221 209 243 105 222 106 112 130 208 186 166 128 167 209 209 46 140 109 183 158 179 105 180 90 63 110 53 205 158 184 228 150 108 107 84 237 205 106 243 185 47 229 267 240 160 166 228 170 109 186 215 179 146 116 32 266 234 196 161 163 144 211 122 102 214 171 205 194 11 202 207 219 100 196 34 92 134 59 203 180 206 158 45 236 223 224 192 210 105 228 72 58 211 121 159 216 211 172 104 132 171 214 182 77 105 109 215 68 230 137 102 143 77 159 134 225 50 76 115 149 128 192 232 241 181 67 158 150 148 131 204 99 138 220 185 78 225 144 133 179 217 247 175 163 158 104 144 265 192 215 205 105 111 182 183 145 147 70 130 158 179 53 147 184 85 165 44 153 220 180 131 115 202 43 121 53 194 206 133 186 147 209 61 109 88 67 215 167 147 111 238 189 129 253 150 222 244 195 150 232 87 114 262 116 146 175 124 220 154 181 219 207 209 105 136 174 228 216 153 155 219 170 169 231 249 236 214 191 189 98 157 99 157 153 142 190 91 157 133 173 139 165 71 60 284 108
 63 306 233 118 304 202 219 280 204 198 355 95 309 268 307 89 297 392 141 46 176 316 100 149 1 366 194 221 89 46 347 318 35 160 101 65 376 196 145 204 215 93 176 182 44 148 192 92 316 105 270 232 35 167 282 223 41 155 135 254 198 153 181 39 283 284 225 252 211 344 334 225 233 210 124 373 353 329 124 161 164 197 192 279 177 37 262 264 179 406 367 341 309 307 163 180 268 99 168 307 81 165 140 170 326 357 227 140 122 226 250 150 302 138 215 176 163 346 184 287 338 356 56 205 219 97 88 142 221 327 177 122 47 106 65 279 278 193 242 41 308 86 202 276 230 80 223 11 240 349 109 201 156 245 180 338 106 346 297 130 93 290 292 256 99 238 33 117 53 72 337 90 207 279 355 156 198 297 200 79 291 347 183 240 177 52 207 60 314 280 285 169 143 138 241 180 197 316 87 220 183 298 159 322 234 48 80 147 262 165 113 219 139 145 34 197 206 228 197 141 341 102 121 49 212 333 121 355 70 108 130 240 295 151 115 53 157 203 228 160 121 351 69 100 297 123 171 115 275 45 360 317 205 35 231 210 22 345 332 196 362 169 317 246 273 127 304 141 187 44 144 30 237 228 286 27 161 196 372 90
 312 285 372 278 117 167 298 117 333 174 98 314 113 273 60 298 115 35 429 410 343 123 268 222 366 1 345 342 353 408 55 285 394 219 442 428 63 195 435 185 245 347 407 305 372 324 271 430 261 267 107 211 399 348 257 155 390 232 269 155 186 413 270 403 351 178 223 150 159 274 205 219 339 274 263 9 331 311 370 300 437 268 204 172 351 398 135 116 195 51 58 35 93 61 334 343 104 318 417 69 426 332 229 338 108 34 204 355 245 142 140 222 274 336 381 276 232 266 357 339 109 113 314 345 153 269 432 269 224 255 345 384 319 345 392 332 166 180 126 328 291 289 350 161 202 332 146 375 159 227 257 169 251 173 238 109 454 280 119 244 375 156 75 125 424 175 359 440 391 295 256 361 209 264 34 463 350 78 324 324 92 338 313 284 402 326 254 384 78 92 165 206 329 362 225 187 313 188 285 318 184 73 428 45 165 324 423 220 158 204 411 295 283 392 355 323 181 152 181 268 86 344 311 321 353 132 338 294 343 443 464 343 129 446 299 321 480 266 279 312 289 65 349 363 317 423 347 277 93 395 62 275 237 363 302 333 386 253 325 364 87 388 81 131 227 264 102 355 314 408 243 366 245 234 123 384 215 200 339 326
 152 139 44 116 347 239 57 318 364 246 285 252 243 110 302 232 338 379 122 216 343 241 195 169 194 345 1 30 106 199 356 152 188 242 179 213 385 273 127 274 103 102 73 333 235 50 324 171 161 157 295 137 215 29 132 270 233 252 108 192 171 95 313 205 92 185 125 196 248 183 208 128 391 343 129 350 171 152 79 310 115 328 276 353 347 195 310 232 177 395 376 312 257 291 32 347 249 102 89 316 179 329 172 336 365 354 142 316 182 249 297 223 141 306 38 311 132 190 356 99 265 278 200 369 208 184 179 270 325 175 345 91 182 89 152 92 349 245 258 171 139 146 368 193 145 250 219 200 301 211 188 241 272 317 290 265 194 182 341 221 112 204 281 290 155 171 162 158 245 170 185 108 300 126 353 156 7 309 24 120 254 163 337 375 67 152 93 253 333 294 195 238 54 63 346 220 34 202 207 42 207 276 108 312 298 203 175 208 190 221 126 361 277 79 219 354 172 274 256 104 367 278 277 200 378 247 74 187 247 173 183 49 225 136 98 207 180 80 77 315 262 365 249 283 117 131 341 245 281 177 372 155 317 224 374 23 204 195 152 369 296 58 339 220 144 247 249 57 32 208 248 221 110 338 226 185 237 153 190 108
 177 115 31 136 353 249 45 325 386 257 275 275 236 90 302 254 344 376 148 245 366 232 216 183 221 342 30 1 135 227 357 127 217 257 207 241 385 287 152 287 99 130 96 353 262 75 343 199 139 177 300 132 243 57 113 280 260 269 125 188 177 120 332 233 63 174 120 194 257 159 190 124 412 361 146 346 143 125 108 331 139 346 290 364 370 224 318 232 186 392 376 308 252 290 59 369 249 128 112 318 207 352 187 359 370 354 139 341 199 256 306 239 118 330 44 331 142 166 379 71 255 266 224 391 213 204 207 290 340 153 368 120 207 117 180 64 359 257 264 197 113 169 391 186 141 274 224 228 312 190 207 252 290 328 307 255 222 157 348 239 141 195 281 297 183 169 190 186 273 193 162 136 314 105 352 181 28 312 27 146 252 135 358 393 89 178 90 280 336 297 185 252 80 92 361 232 37 187 229 25 218 275 133 311 309 228 203 223 185 235 154 381 298 106 246 375 177 283 268 119 370 303 300 225 400 236 101 161 273 201 210 21 218 161 120 231 205 79 65 337 283 367 275 309 89 158 364 265 284 206 373 131 333 251 394 14 232 172 124 392 287 82 343 221 130 266 243 85 43 236 266 248 100 354 221 213 252 157 162 134
 66 229 145 76 319 207 140 292 278 209 320 162 273 193 299 146 311 384 82 112 253 277 125 136 89 353 106 135 1 95 348 242 83 186 95 112 378 223 88 228 151 8 94 250 132 65 249 84 245 99 275 178 110 79 211 236 128 190 87 215 169 78 238 100 197 233 167 216 217 271 274 168 305 269 92 360 271 249 38 227 98 254 223 309 255 91 278 240 160 399 368 324 279 294 77 256 251 36 91 306 86 239 132 246 341 353 176 221 128 226 265 170 228 214 126 235 124 275 263 203 301 317 109 280 201 115 90 194 264 257 254 43 90 19 52 195 307 206 240 76 230 77 278 231 179 155 209 95 262 285 125 208 202 272 225 301 109 271 313 158 23 245 280 264 74 196 58 88 141 90 267 9 244 207 350 113 110 297 116 35 267 264 253 301 94 58 141 149 318 280 237 188 59 50 286 184 115 260 127 136 179 282 90 312 257 109 82 159 221 176 59 283 197 64 118 269 175 240 214 90 349 182 189 107 289 290 35 279 150 94 114 154 257 98 57 114 128 133 153 230 180 355 151 184 215 72 249 166 271 74 363 243 252 121 296 124 99 276 251 276 329 83 323 224 209 173 273 53 105 104 182 117 171 275 251 80 184 159 291 29
 98 323 233 147 348 245 234 324 239 242 392 136 345 286 349 133 341 435 118 20 209 352 144 188 46 408 199 227 95 1 391 336 16 205 63 22 420 241 121 249 239 101 164 221 71 159 233 56 337 143 314 261 26 171 303 268 54 200 163 289 235 137 223 12 289 315 252 288 255 364 361 253 267 251 157 415 366 343 122 201 143 239 237 323 209 10 307 303 218 449 411 382 347 348 171 213 308 118 153 350 43 199 180 204 371 400 257 171 164 269 294 194 321 172 212 218 196 367 215 296 374 392 101 238 259 140 50 185 264 349 210 114 90 113 49 289 323 237 285 81 324 122 234 309 260 119 264 39 285 374 152 245 200 289 224 374 64 365 342 174 88 323 334 300 69 272 52 85 67 113 359 93 252 299 398 124 201 341 210 101 330 358 220 280 167 85 230 80 358 323 317 213 153 138 285 223 209 345 131 231 225 339 139 364 279 93 44 191 296 208 93 259 181 136 73 233 242 272 241 169 385 136 160 94 244 367 130 373 107 71 91 247 331 124 138 97 120 224 246 198 164 395 104 129 310 99 204 160 318 23 404 336 248 69 269 218 29 368 345 227 399 162 362 285 298 172 342 143 199 11 189 63 260 271 322 24 205 231 385 108
 299 315 388 274 67 147 314 76 289 151 144 285 146 298 56 272 68 56 427 391 303 159 248 214 347 55 356 357 348 391 1 317 378 192 432 412 30 162 433 152 260 342 412 264 348 328 230 420 295 255 78 229 380 355 285 127 367 203 268 173 188 414 230 385 375 207 240 166 137 311 243 236 293 230 258 61 366 344 369 261 438 226 170 122 310 382 96 127 190 64 21 74 124 70 341 302 109 314 420 43 415 293 218 298 55 22 220 318 229 124 104 199 304 300 393 237 233 303 316 364 150 159 293 301 152 252 421 236 181 290 304 383 302 343 382 357 117 156 109 312 321 278 307 187 219 304 142 357 121 267 240 147 217 130 201 150 442 317 71 220 370 186 77 94 416 191 346 433 367 280 293 356 170 291 21 460 362 52 337 317 112 372 272 236 408 314 268 358 36 70 193 181 333 364 178 169 326 224 263 334 171 86 429 50 127 303 412 201 180 184 407 250 249 394 332 280 185 122 153 269 32 313 278 301 309 173 338 331 316 434 456 361 159 444 296 300 474 280 297 273 257 13 322 331 345 419 307 249 79 381 17 308 196 340 256 347 367 291 357 322 136 394 35 137 254 235 132 358 325 391 214 344 265 189 148 369 190 205 375 320
 261 14 145 207 337 260 104 312 439 271 196 345 173 52 265 321 328 317 273 351 427 162 276 220 318 285 152 127 242 336 317 1 323 292 327 353 340 309 278 305 111 236 222 405 354 179 384 318 25 240 284 115 347 176 43 286 358 307 190 155 183 246 375 339 90 111 113 162 264 33 87 116 461 400 208 286 51 28 226 385 265 386 315 366 434 330 313 200 205 333 332 251 195 249 170 430 219 221 238 287 324 413 229 420 347 306 126 411 250 254 304 276 19 396 166 377 179 41 442 74 179 182 302 447 207 266 326 340 365 35 430 240 290 225 293 73 360 274 255 285 15 243 449 133 125 350 217 327 316 75 263 263 333 336 343 179 342 31 333 286 255 133 246 289 303 145 290 308 369 268 41 246 338 42 305 306 153 284 133 240 207 56 411 428 215 268 116 372 308 275 125 281 185 210 382 252 130 98 294 112 235 233 259 268 316 310 320 261 144 264 275 423 352 230 335 428 178 287 285 183 339 377 364 306 457 156 208 38 353 322 334 112 159 287 204 311 331 117 92 394 342 328 356 388 46 282 427 323 260 315 332 10 364 341 435 130 334 50 41 454 208 208 315 200 70 318 186 202 139 344 310 340 89 380 171 318 285 166 66 231
 84 310 224 133 336 232 222 311 235 229 377 128 331 273 336 123 329 421 116 29 205 337 131 174 35 394 188 217 83 16 378 323 1 193 68 36 406 229 119 237 225 89 158 215 68 147 225 59 324 129 301 247 29 160 290 255 54 189 149 274 220 132 215 18 279 300 238 273 241 351 347 238 263 243 142 401 354 331 112 194 140 231 225 312 206 8 294 288 204 435 397 368 332 334 160 209 294 104 148 337 48 195 166 200 359 386 243 168 150 256 282 181 308 168 204 210 181 354 212 285 359 377 89 234 244 127 55 176 255 336 206 106 77 101 42 277 312 224 271 67 312 108 231 295 246 112 249 30 273 360 139 231 190 278 214 359 72 352 330 162 79 309 320 287 69 257 38 86 68 99 346 82 241 286 384 126 191 327 198 87 316 347 215 273 160 70 216 80 344 310 302 200 141 128 275 210 197 331 119 219 211 325 136 350 267 82 47 178 282 195 89 252 172 128 66 228 227 259 229 154 372 132 153 83 241 352 118 360 101 75 97 236 316 123 124 86 125 210 233 192 155 382 99 127 298 96 201 149 304 14 391 323 239 63 263 207 25 354 333 224 385 154 348 270 284 161 327 133 187 21 178 57 247 262 307 10 193 216 373 95
 124 282 283 128 145 55 227 121 152 46 237 96 198 247 160 81 137 241 266 203 147 210 65 77 160 219 242 257 186 205 192 292 193 1 253 224 219 39 272 45 186 182 271 117 158 197 94 242 278 90 115 178 191 227 250 66 177 18 134 159 111 262 85 198 303 207 179 154 62 305 264 176 172 110 114 227 339 313 218 101 283 96 38 124 154 196 103 142 88 253 210 201 188 164 214 148 136 158 273 154 234 133 71 140 167 204 167 145 62 80 91 19 274 127 277 87 120 303 162 299 225 244 105 161 102 73 241 58 84 283 149 227 117 188 205 290 123 40 95 130 287 111 164 189 169 114 99 169 81 286 62 53 45 88 53 225 262 309 138 32 206 200 150 99 242 157 165 260 176 101 292 193 60 251 202 293 247 144 232 153 165 339 124 139 269 137 186 168 157 128 200 15 197 220 106 46 222 241 75 241 62 161 275 174 75 114 232 35 172 29 241 132 73 245 142 140 118 70 39 139 182 128 97 112 171 230 191 323 126 257 280 270 191 281 150 110 303 192 221 112 73 194 132 146 294 253 148 60 127 198 203 286 77 150 145 244 179 296 322 173 240 255 160 126 225 47 187 216 216 203 27 154 205 98 177 184 7 126 356 161
 133 314 205 167 395 287 225 369 301 285 413 195 367 280 386 189 387 472 70 79 271 371 190 221 101 442 179 207 95 63 432 327 68 253 1 58 461 290 70 298 244 103 125 282 133 152 292 13 332 178 356 272 88 152 300 312 115 251 180 309 261 95 282 74 267 327 261 310 296 357 367 263 329 310 181 449 349 330 102 261 92 298 288 375 271 69 353 331 248 486 452 414 372 382 158 275 340 129 110 390 21 261 215 266 417 438 270 233 204 309 340 240 314 234 182 277 217 362 277 276 395 411 153 300 290 183 14 242 320 346 272 88 138 110 51 270 374 281 323 124 314 154 296 325 273 179 297 97 333 376 195 287 255 340 279 395 16 357 389 222 76 339 368 343 25 290 89 28 128 155 356 89 305 295 436 64 180 381 195 119 359 340 282 340 130 119 234 142 400 363 331 259 145 118 341 264 198 354 182 216 262 371 92 400 327 147 23 234 315 251 54 319 239 103 133 295 267 316 287 184 429 198 220 147 306 384 124 363 168 10 30 226 351 69 150 152 58 225 241 259 221 437 166 191 294 52 266 215 355 58 445 329 304 130 330 200 90 365 329 289 422 130 404 314 301 226 366 126 189 71 241 124 263 328 345 75 253 252 368 120
 119 340 245 167 368 266 251 344 250 262 412 151 366 304 370 151 361 456 122 26 219 372 164 209 65 428 213 241 112 22 412 353 36 224 58 1 440 260 123 268 258 118 172 234 83 176 249 55 355 164 334 281 38 185 321 288 63 219 183 309 256 143 239 28 303 335 272 308 275 381 381 272 278 266 178 436 381 359 134 214 146 254 256 342 218 31 326 324 239 469 431 403 368 369 186 223 329 137 159 371 42 211 201 215 391 421 277 180 185 290 314 214 338 184 223 233 217 385 224 311 395 413 121 248 280 161 47 202 282 367 220 125 111 129 62 303 341 257 305 101 341 143 243 330 280 133 285 57 305 393 173 265 218 308 242 395 54 382 362 194 101 344 354 320 71 293 73 83 74 134 377 108 270 317 418 121 215 361 225 121 351 374 233 294 176 106 249 88 378 344 337 233 169 151 302 244 225 365 151 246 246 360 143 385 298 112 45 211 317 229 99 272 197 145 89 245 263 292 261 189 405 148 175 113 253 387 146 390 121 67 83 261 351 124 157 116 113 242 263 211 180 415 117 139 325 102 214 177 338 40 424 354 265 83 282 232 47 386 361 235 420 172 382 306 317 190 363 157 215 22 208 77 279 288 343 45 225 251 400 127
