NAME : domp20p6v8
COMMENT : (Deleplanque et al.) 
TYPE : DOMP
DIMENSION : 20
DISPLAY_DATA_TYPE: NO_DISPLAY
OPEN_FACILITIES : 6
COST_SECTION
 1 322 226 162 182 279 150 75 205 126 283 210 60 181 160 163 248 274 201 349
 322 1 104 289 186 116 242 265 224 284 57 174 264 214 338 440 247 111 184 28
 226 104 1 233 137 136 141 164 133 216 92 82 171 167 276 337 168 128 90 132
 162 289 233 1 105 195 254 189 296 38 235 272 135 77 51 322 345 194 269 311
 182 186 137 105 1 103 203 165 229 102 132 193 127 32 153 337 276 100 194 208
 279 116 136 195 103 1 258 246 264 202 63 216 221 122 246 425 303 9 222 129
 150 242 141 254 203 258 1 79 56 222 228 79 128 223 278 206 100 250 67 269
 75 265 164 189 165 246 79 1 132 153 235 137 55 176 205 182 177 239 128 293
 205 224 133 296 229 264 56 132 1 266 223 52 177 254 324 249 50 256 44 248
 126 284 216 38 102 202 222 153 266 1 232 246 99 82 62 286 315 199 242 307
 283 57 92 235 132 63 228 235 223 232 1 172 224 159 284 415 256 58 180 77
 210 174 82 272 193 216 79 137 52 246 172 1 170 221 306 284 88 208 13 198
 60 264 171 135 127 221 128 55 177 99 224 170 1 132 152 211 225 215 162 291
 181 214 167 77 32 122 223 176 254 82 159 221 132 1 127 341 302 120 220 235
 160 338 276 51 153 246 278 205 324 62 284 306 152 127 1 311 373 245 302 360
 163 440 337 322 337 425 206 182 249 286 415 284 211 341 311 1 269 419 273 468
 248 247 168 345 276 303 100 177 50 315 256 88 225 302 373 269 1 295 85 269
 274 111 128 194 100 9 250 239 256 199 58 208 215 120 245 419 295 1 214 126
 201 184 90 269 194 222 67 128 44 242 180 13 162 220 302 273 85 214 1 209
 349 28 132 311 208 129 269 293 248 307 77 198 291 235 360 468 269 126 209 1
LAMBDA_SECTION
1  11
2  18
3  14
4  10
5  6
6  12
7  9
8  13
9  18
10  16
11  10
12  9
13  9
14  15
15  19
16  8
17  16
18  5
19  10
20  16
