NAME : domp200p100v3
COMMENT : (Deleplanque et al.) 
TYPE : DOMP
DIMENSION : 200
DISPLAY_DATA_TYPE: NO_DISPLAY
OPEN_FACILITIES : 100
COST_SECTION
 1 259 234 293 306 383 222 221 312 212 186 257 153 200 342 295 192 205 243 131 138 360 150 85 356 312 271 262 113 82 57 138 96 279 284 276 80 272 339 148 367 199 31 358 229 388 310 329 222 23 84 115 331 183 265 80 331 292 81 307 260 210 163 182 361 135 173 341 219 211 397 210 347 206 316 300 130 282 112 125 209 150 202 37 267 326 333 311 336 439 289 126 207 436 239 225 281 276 42 71 225 73 230 282 24 334 79 244 374 312 135 242 151 261 358 235 295 306 281 330 284 278 236 172 334 294 286 91 349 328 68 73 303 165 455 285 119 108 194 258 150 429 350 261 278 326 87 398 266 197 337 329 132 224 73 83 55 131 292 9 293 226 252 250 293 299 333 340 349 323 312 239 265 91 257 305 276 121 392 401 205 202 338 336 138 102 435 221 116 248 322 26 82 359 310 369 309 234 260 278
 259 1 317 54 147 130 289 182 115 143 294 151 156 186 93 360 308 176 26 130 161 107 110 176 186 177 143 90 149 186 271 209 246 280 140 259 183 228 134 202 202 112 235 101 52 144 52 160 81 282 273 169 135 163 126 193 160 326 297 128 148 54 214 204 113 202 261 225 173 116 219 55 114 166 104 48 284 43 153 137 297 149 133 243 285 224 162 189 153 221 228 142 78 224 53 193 282 329 251 189 220 188 320 281 261 76 194 318 214 54 127 186 187 28 198 78 154 163 343 153 266 33 204 139 76 36 61 235 199 188 229 263 199 281 237 41 273 273 111 25 274 201 108 309 182 88 226 190 300 142 79 220 223 125 187 178 261 219 55 267 221 318 285 58 41 172 128 160 91 125 82 151 170 235 41 127 218 249 171 153 163 61 79 210 266 231 221 219 247 243 109 237 186 159 264 136 63 261 269 67
 234 317 1 370 242 387 29 142 421 372 49 193 324 384 350 62 46 383 319 254 174 415 256 224 272 222 415 379 256 204 180 342 320 90 226 107 250 133 296 127 272 206 248 381 326 373 360 459 341 236 153 184 285 155 222 195 262 69 313 261 198 298 110 379 361 336 69 216 393 354 302 269 330 379 415 363 107 358 215 232 27 316 357 262 71 198 462 210 458 373 150 213 322 364 337 134 91 47 193 239 106 223 10 92 211 376 196 13 271 348 263 149 140 337 496 350 437 228 49 455 109 311 128 332 377 345 373 311 492 232 174 304 193 70 385 356 116 127 207 298 85 378 422 41 182 326 304 333 56 358 376 204 121 198 231 224 180 341 308 238 161 12 55 349 355 213 439 464 374 433 397 398 426 149 343 426 146 116 345 388 156 267 373 222 97 320 364 105 121 96 421 219 204 470 142 344 326 67 80 373
 293 54 370 1 192 128 342 235 66 134 346 203 167 179 103 414 359 168 55 165 210 70 147 213 224 224 112 63 181 226 312 219 263 333 188 311 214 281 168 253 240 165 266 92 66 151 39 114 81 316 317 215 171 216 176 234 200 380 320 171 200 86 265 202 120 213 313 270 161 111 252 104 135 159 52 20 332 13 194 176 349 162 130 271 338 272 114 237 104 238 280 186 90 245 56 246 335 383 291 223 273 224 373 334 298 59 235 371 253 59 159 239 238 36 150 71 116 209 396 104 319 73 257 147 58 40 16 254 153 232 272 285 248 332 253 14 320 319 164 76 324 215 59 362 233 111 246 214 354 139 64 268 272 178 222 215 302 230 90 300 272 370 338 49 23 220 76 111 85 75 29 133 143 281 38 82 270 297 191 155 217 108 67 256 315 247 241 273 295 296 56 273 226 107 315 154 86 314 323 30
 306 147 242 192 1 152 216 109 257 278 243 56 269 315 124 265 255 307 167 208 169 206 190 230 52 34 288 236 226 226 289 317 335 173 23 150 252 117 55 179 65 109 293 158 190 133 163 304 219 324 277 192 44 130 42 227 27 223 370 24 52 174 177 327 128 309 214 80 308 251 93 140 94 299 243 176 263 185 201 197 232 260 266 306 186 83 305 48 295 142 106 186 208 136 195 114 174 235 279 251 139 240 249 173 296 166 228 238 76 143 211 95 167 174 341 220 300 20 250 295 154 120 116 260 168 154 203 323 343 42 249 341 64 239 156 180 257 263 115 124 240 140 225 218 62 99 313 99 205 272 164 78 204 82 244 232 280 324 103 314 96 248 194 203 170 35 265 301 153 266 217 292 314 239 187 271 103 233 105 148 111 146 160 65 239 324 135 141 234 148 246 280 226 295 137 104 113 176 171 212
 383 130 387 128 152 1 359 246 179 260 378 195 283 305 42 415 391 294 153 257 267 87 236 299 154 182 237 189 276 305 387 337 375 324 164 300 310 267 101 297 167 202 361 37 177 32 91 222 202 405 383 281 111 248 166 311 143 374 426 130 190 183 302 326 27 330 346 219 287 235 163 175 59 284 160 110 384 131 273 259 373 277 253 370 336 228 220 197 207 121 257 260 204 131 172 254 325 385 370 315 282 311 393 324 382 70 312 384 178 78 255 239 282 142 251 194 236 170 399 210 305 106 260 266 71 101 142 364 259 181 344 392 214 370 134 125 375 377 205 126 367 95 116 367 213 64 356 113 354 262 65 222 321 195 311 301 377 347 94 391 247 391 342 170 111 186 174 213 44 181 136 259 269 344 154 198 254 350 85 30 237 182 61 204 362 360 127 283 349 296 160 360 305 194 288 55 76 322 320 157
 222 289 29 342 216 359 1 115 395 348 46 165 302 362 323 81 51 361 292 231 149 388 231 204 247 197 390 352 234 184 171 323 305 75 199 87 231 109 269 103 248 178 233 353 299 346 332 432 315 227 145 162 258 128 194 176 236 71 302 234 170 272 85 358 333 316 50 194 370 330 279 242 303 357 388 335 102 330 193 208 22 294 333 248 57 176 436 186 431 349 128 189 297 340 310 106 77 56 181 220 79 204 34 77 200 348 177 31 249 320 239 122 115 310 470 324 411 202 65 428 91 283 101 309 350 318 345 295 466 208 159 290 168 61 361 329 108 119 180 271 75 353 395 40 156 298 287 308 48 334 348 182 101 170 212 204 169 322 280 227 138 33 39 322 328 188 412 437 346 406 369 374 402 134 316 400 122 102 319 361 128 240 346 199 85 303 340 77 107 72 394 205 184 443 125 317 298 42 61 346
 221 182 142 235 109 246 115 1 293 269 135 54 237 295 209 180 148 290 189 164 91 276 155 162 151 101 301 256 176 150 192 274 275 101 89 82 189 60 160 78 157 76 217 240 202 234 222 335 224 236 176 115 149 43 81 147 133 145 296 123 59 177 71 298 220 266 106 121 296 246 189 142 191 284 284 226 156 224 138 144 128 228 255 232 104 106 337 95 331 249 73 126 207 242 212 12 103 149 187 183 39 168 148 103 206 235 148 141 162 208 171 22 71 205 373 231 319 100 162 329 91 172 25 237 237 207 241 263 371 115 157 272 84 131 263 222 152 158 80 161 133 248 285 129 61 184 254 206 119 258 235 109 102 59 175 163 185 277 167 229 74 146 104 224 219 88 308 337 232 304 263 291 318 141 214 301 59 128 213 249 25 142 233 118 132 268 241 39 130 63 289 197 150 340 102 206 185 81 89 244
 312 115 421 66 257 179 395 293 1 115 393 265 166 155 163 469 406 144 105 191 254 98 179 240 289 289 67 50 203 256 341 210 262 392 253 372 233 342 232 299 305 220 282 143 98 206 101 48 92 333 350 253 237 268 240 266 265 437 322 236 262 125 314 181 178 206 361 336 132 104 316 154 197 136 20 84 372 74 228 208 399 166 118 284 396 336 49 302 39 296 342 222 109 304 86 304 394 439 318 244 330 250 424 394 321 112 267 424 318 122 184 299 285 89 85 79 60 275 452 39 379 138 316 145 111 105 56 254 88 297 304 288 312 377 310 78 359 356 217 138 367 271 70 418 296 175 249 276 410 126 118 332 316 237 245 242 331 222 156 317 335 421 394 74 89 285 23 46 139 13 45 100 98 317 80 21 332 338 251 207 273 156 122 321 358 246 300 329 335 355 21 295 256 51 378 214 151 370 381 51
 212 143 372 134 278 260 348 269 115 1 334 262 61 46 230 428 346 35 119 119 200 198 118 158 323 304 60 76 120 178 252 97 149 367 265 350 141 327 275 246 339 197 182 225 92 280 169 119 63 233 268 189 275 233 246 188 296 404 210 263 262 105 264 69 249 93 305 350 31 28 359 140 255 25 127 151 299 129 158 141 347 64 16 180 366 344 124 313 129 362 334 160 71 366 92 279 369 399 228 154 300 164 372 369 226 192 188 377 351 185 110 283 235 122 147 68 84 291 410 123 359 175 293 43 191 162 121 143 137 317 222 177 318 315 378 136 286 280 192 162 302 341 175 379 295 229 139 331 376 17 197 343 254 225 158 159 243 108 197 217 330 369 359 91 150 296 136 132 217 124 137 29 57 242 108 102 321 269 312 286 246 136 200 337 291 134 363 298 265 328 132 201 178 155 368 277 203 334 352 106
 186 294 49 346 243 378 46 135 393 334 1 189 283 343 339 110 15 343 293 217 141 397 221 182 279 228 381 348 216 162 132 298 274 119 223 129 207 146 294 95 282 185 201 368 296 368 341 428 308 188 105 147 283 134 215 152 265 113 265 258 194 269 81 336 352 292 34 232 354 319 314 243 324 340 388 341 59 334 177 195 26 276 320 215 102 213 431 218 428 380 166 177 290 372 308 129 121 94 145 195 106 180 45 122 163 359 152 60 284 331 225 148 109 312 464 319 403 231 97 425 134 293 129 294 360 325 347 265 459 241 128 257 202 22 393 333 68 79 185 278 37 382 401 82 186 315 258 338 93 320 359 219 81 184 188 182 132 296 293 190 175 41 84 320 334 217 412 434 360 405 372 361 389 103 316 396 158 70 346 383 142 240 358 235 49 274 372 103 75 109 394 172 162 443 168 340 312 80 104 346
 257 151 193 203 56 195 165 54 265 262 189 1 241 294 160 223 201 288 164 174 120 233 159 186 102 56 284 234 190 179 236 286 296 134 36 112 211 80 106 124 111 71 247 193 183 182 182 310 209 274 222 144 96 77 31 178 81 184 326 70 6 161 122 302 169 277 159 93 291 237 143 124 139 280 253 191 208 193 158 158 180 232 248 261 144 84 311 57 303 197 78 144 194 191 191 61 136 192 227 208 88 195 199 135 245 193 180 190 118 166 178 44 113 177 348 213 299 51 206 303 118 133 66 237 195 170 211 284 348 72 197 299 57 185 211 190 202 208 77 128 185 195 246 173 34 135 274 154 161 254 192 83 150 40 200 188 227 291 124 265 72 197 148 201 184 44 277 310 186 275 230 281 305 185 188 276 68 178 159 197 57 128 189 84 184 287 190 89 179 103 258 232 179 309 114 153 140 128 128 216
 153 156 324 167 269 283 302 237 166 61 283 241 1 61 247 382 295 61 132 75 157 235 84 103 318 290 119 120 69 123 193 55 98 329 252 316 83 296 277 200 332 172 122 251 107 299 195 178 86 173 210 141 275 197 232 133 289 362 157 258 242 105 219 62 267 48 256 333 73 64 356 131 266 58 175 180 244 158 110 97 298 10 51 121 326 324 182 296 186 372 306 116 80 374 113 246 332 355 169 96 263 108 324 332 166 220 133 331 343 206 67 253 191 143 206 98 143 278 365 180 325 185 260 22 220 184 156 90 197 304 166 123 297 263 388 163 231 224 166 168 250 354 217 336 273 241 84 337 334 45 225 324 205 202 100 104 185 65 205 157 304 320 317 119 176 280 188 190 242 177 178 88 115 187 133 157 293 216 322 307 213 124 226 322 238 82 371 260 212 291 180 142 123 211 338 289 217 293 313 143
 200 186 384 179 315 305 362 295 155 46 343 294 61 1 274 442 354 12 161 134 217 242 141 162 362 339 93 120 129 183 246 67 121 389 301 374 140 354 316 260 377 226 170 270 134 325 214 150 106 218 265 201 315 255 281 192 334 423 182 302 294 143 279 27 293 67 317 384 26 71 399 176 298 22 169 196 302 174 171 156 359 69 53 165 386 377 155 347 163 405 363 176 110 409 135 304 392 416 223 152 322 166 384 391 217 237 192 391 389 229 127 310 251 166 170 112 113 327 426 156 383 218 318 59 236 206 165 118 158 353 223 151 350 323 421 180 289 282 221 203 309 385 218 396 327 272 117 374 394 45 242 376 265 256 158 163 239 78 239 203 360 380 377 136 194 330 175 164 262 163 181 57 73 245 153 140 349 276 355 331 271 170 245 372 298 107 406 320 271 350 174 194 183 190 395 320 247 353 373 151
 342 93 350 103 124 42 323 209 163 230 339 160 247 274 1 382 353 263 117 217 225 87 196 258 138 156 214 164 237 264 345 301 337 292 132 268 270 235 79 256 153 162 320 35 143 52 65 209 169 364 342 240 88 208 130 269 120 342 387 100 156 145 262 294 21 294 307 197 258 204 157 134 37 254 145 84 343 103 232 218 335 241 222 330 302 204 209 171 196 136 227 219 169 143 140 218 293 351 328 274 246 270 356 292 340 53 271 348 165 46 215 203 241 109 242 163 217 143 365 199 274 66 225 231 55 69 118 326 248 158 303 353 187 331 151 97 334 336 164 86 327 113 111 332 181 26 317 114 320 230 49 198 280 156 271 260 335 311 52 350 218 354 307 140 83 157 163 202 31 168 119 232 245 303 122 181 222 309 89 61 199 142 44 182 322 322 139 247 308 262 146 319 264 189 260 52 35 287 287 132
 295 360 62 414 265 415 81 180 469 428 110 223 382 442 382 1 105 441 366 311 229 454 311 284 285 240 468 429 314 264 241 402 382 94 252 117 310 149 319 183 281 251 309 415 375 398 400 509 393 297 214 242 308 203 253 255 281 45 374 286 228 348 165 438 390 396 129 221 450 409 309 316 358 437 461 405 167 402 273 288 88 374 413 323 81 204 512 225 506 384 162 269 374 373 386 170 93 32 254 299 142 283 66 94 272 413 256 53 278 386 319 180 194 383 547 401 489 248 19 504 114 350 160 389 415 386 418 372 544 246 236 365 207 131 394 400 177 188 253 340 146 393 464 52 204 357 365 347 63 414 413 211 180 238 292 284 241 401 344 299 173 70 77 398 398 233 485 513 408 481 441 453 481 210 390 476 164 178 363 413 198 315 410 230 158 381 374 142 183 121 467 280 264 517 141 368 361 101 96 420
 192 308 46 359 255 391 51 148 406 346 15 201 295 354 353 105 1 354 306 229 154 411 234 193 291 240 394 361 228 172 137 308 282 125 236 137 217 156 307 108 293 198 208 382 310 381 355 440 321 193 110 159 296 148 228 163 277 113 270 270 206 282 95 346 365 302 47 242 365 331 325 256 337 351 402 355 63 347 189 207 30 288 332 222 107 223 444 229 441 392 175 189 303 383 321 142 127 92 152 205 117 190 40 128 169 372 163 58 294 345 237 161 123 325 477 332 416 243 94 438 141 307 141 305 374 339 361 273 472 252 137 263 213 32 405 346 74 85 198 292 46 394 414 84 198 329 266 350 96 331 373 229 93 198 198 193 138 305 307 196 185 36 89 334 347 229 425 447 373 418 386 373 401 112 330 409 168 80 359 396 155 253 371 245 58 282 383 115 85 119 408 179 172 456 175 353 325 89 111 359
 205 176 383 168 307 294 361 290 144 35 343 288 61 12 263 441 354 1 151 132 214 230 136 163 354 332 82 108 128 183 250 75 129 385 293 370 141 349 307 259 369 221 175 259 124 314 203 140 96 223 268 200 306 251 274 193 326 420 190 294 288 135 277 38 282 74 316 377 16 61 390 168 288 10 158 185 304 163 169 154 358 68 44 170 383 371 145 340 152 395 357 174 101 399 125 300 388 414 226 154 318 167 383 388 221 226 193 390 381 219 124 305 249 155 161 101 103 319 424 146 379 208 314 54 225 195 154 126 150 345 225 159 344 323 411 169 290 283 215 194 310 374 207 394 321 262 124 364 391 36 231 369 264 250 159 163 242 86 229 208 354 379 374 125 183 323 164 154 251 152 170 46 64 246 142 129 344 276 345 320 266 163 234 365 298 115 396 316 272 346 162 197 183 180 390 310 236 350 369 140
 243 26 319 55 167 153 292 189 105 119 293 164 132 161 117 366 306 151 1 114 156 119 95 161 208 196 123 72 131 173 259 186 224 288 157 268 165 239 158 200 224 116 217 121 28 168 68 147 57 265 263 160 158 165 141 181 181 333 277 149 162 34 213 179 136 178 260 243 149 91 242 51 138 142 97 58 278 43 141 123 298 125 109 224 292 241 149 207 143 245 241 132 53 249 30 200 291 335 238 173 226 173 322 290 246 93 182 321 236 76 109 196 185 20 186 55 136 182 348 141 276 58 212 115 93 54 55 213 185 207 218 242 215 278 261 44 266 265 113 45 270 226 113 314 196 112 205 214 307 117 97 238 219 134 171 163 249 195 79 250 235 319 290 38 51 189 121 149 112 116 80 128 148 227 26 113 230 243 195 176 169 54 98 229 262 209 246 225 241 251 103 222 173 153 276 161 87 266 277 55
 131 130 254 165 208 257 231 164 191 119 217 174 75 134 217 311 229 132 114 1 84 231 22 50 259 225 167 142 21 66 151 113 129 256 189 242 54 223 227 129 273 104 106 230 101 265 180 218 101 153 160 71 222 123 169 76 231 290 172 202 175 80 147 135 236 105 188 265 141 104 299 85 226 127 193 170 185 153 41 23 229 66 104 114 252 256 222 229 221 327 234 43 83 327 112 173 258 283 128 60 189 61 255 258 134 205 76 260 282 183 9 181 118 132 253 113 190 215 294 217 251 152 187 80 205 165 159 117 246 240 113 140 229 198 343 156 172 168 98 132 186 313 222 263 204 204 107 288 261 104 208 256 137 134 59 52 141 118 168 138 233 251 244 123 164 214 213 226 220 203 185 145 174 128 128 189 220 153 278 277 141 77 209 256 175 117 324 187 150 217 199 110 66 241 265 250 184 220 239 152
 138 161 174 210 169 267 149 91 254 200 141 120 157 217 225 229 154 214 156 84 1 267 83 72 220 175 243 208 91 61 124 187 185 174 147 163 100 149 206 48 230 67 129 249 157 265 211 288 169 156 118 25 198 49 130 59 195 207 208 173 123 130 65 216 242 179 109 207 223 182 261 108 221 210 250 208 124 198 50 61 150 148 185 143 170 193 292 175 288 306 163 42 150 302 169 98 177 201 111 93 109 78 175 177 127 232 61 179 237 206 92 111 36 176 325 179 264 169 212 285 172 168 111 162 233 195 210 173 320 191 82 183 169 124 321 198 113 113 63 150 115 298 267 181 143 205 164 263 178 186 234 195 63 88 85 73 114 189 175 146 164 171 161 181 201 163 273 294 239 266 236 225 254 78 179 256 148 88 261 279 71 103 233 200 106 178 300 106 87 137 256 113 61 304 190 242 194 137 158 207
 360 107 415 70 206 87 388 276 98 198 397 233 235 242 87 454 411 230 119 231 267 1 213 279 224 239 162 123 248 291 376 286 332 367 210 344 282 312 166 307 239 213 334 57 134 118 57 138 149 383 379 275 174 264 204 298 206 416 388 183 229 152 317 266 95 280 364 282 221 177 242 161 124 221 80 62 390 80 258 241 397 231 195 340 375 288 136 254 122 207 306 248 159 217 125 285 369 422 356 290 314 291 420 368 364 42 299 415 251 69 226 275 291 101 165 138 157 225 437 126 350 106 295 215 40 73 80 322 173 243 335 354 268 385 220 77 379 379 214 120 379 181 31 403 259 109 315 196 392 204 43 282 328 218 289 281 366 297 111 367 297 418 378 117 69 239 90 127 57 98 62 190 194 342 106 118 299 355 168 115 260 167 47 267 371 316 213 314 353 334 78 340 291 108 340 133 95 355 360 93
 150 110 256 147 190 236 231 155 179 118 221 159 84 141 196 311 234 136 95 22 83 213 1 67 241 209 161 131 42 80 166 128 148 250 172 235 74 214 208 130 255 89 126 210 85 245 161 209 90 172 173 76 203 116 152 89 213 287 193 183 160 62 147 145 215 120 191 251 143 99 281 64 206 130 178 151 195 135 50 31 232 75 104 134 248 242 212 214 211 307 223 46 71 307 97 164 253 282 145 80 183 79 257 252 152 185 90 261 265 163 22 171 118 113 245 101 183 198 293 207 244 131 179 84 185 145 143 137 239 224 127 160 215 203 323 137 182 179 83 111 192 292 205 262 190 183 127 268 258 106 188 241 142 120 78 70 156 134 147 157 221 253 241 108 145 198 199 216 200 191 169 143 171 139 111 179 210 161 257 256 131 56 189 240 182 136 304 181 158 211 184 128 80 229 256 229 163 216 235 136
 85 176 224 213 230 299 204 162 240 158 182 186 103 162 258 284 193 163 161 50 72 279 67 1 281 241 211 191 39 22 102 121 114 242 209 232 29 219 258 105 293 122 65 274 150 305 227 264 149 107 112 49 251 120 189 31 255 268 141 228 188 128 124 155 277 114 157 276 174 148 322 126 263 160 242 218 143 201 30 41 198 96 144 78 235 263 269 242 269 359 234 45 132 357 161 169 245 259 79 23 178 13 223 244 86 251 31 232 302 228 57 182 100 180 298 162 234 233 268 264 241 194 182 116 251 211 208 102 290 257 66 114 238 162 375 204 130 124 116 174 148 347 271 240 212 242 93 318 240 142 254 265 105 150 15 3 92 121 208 93 235 219 224 173 211 229 261 274 265 252 234 185 213 85 177 237 220 114 311 317 141 118 254 268 136 107 355 175 110 205 248 62 22 289 261 286 225 201 224 201
 356 186 272 224 52 154 247 151 289 323 279 102 318 362 138 285 291 354 208 259 220 224 241 281 1 52 328 275 277 276 337 367 386 192 73 170 303 140 60 225 17 161 344 170 233 127 191 337 263 374 323 242 54 178 93 277 29 241 421 61 98 220 221 375 134 359 253 69 354 296 42 188 102 345 273 206 306 219 252 248 266 309 311 357 208 83 337 63 326 103 124 237 253 94 237 154 193 256 328 302 174 291 279 192 345 188 279 266 29 170 262 133 215 212 373 262 337 53 271 327 171 156 152 308 190 186 237 374 376 40 298 393 80 279 115 213 301 308 167 164 282 110 247 242 94 118 364 63 227 318 184 76 250 133 295 283 329 374 135 364 113 279 219 243 202 64 294 332 168 297 247 335 355 287 226 305 127 278 82 141 158 195 180 56 282 375 94 177 279 177 276 331 276 322 147 99 140 206 195 247
 312 177 222 224 34 182 197 101 289 304 228 56 290 339 156 240 240 332 196 225 175 239 209 241 52 1 318 266 242 234 289 336 350 147 40 124 265 92 82 176 58 123 303 190 219 161 196 335 247 329 274 199 72 131 59 234 42 197 381 57 53 200 171 350 158 328 202 48 334 277 90 165 125 324 275 208 256 216 213 211 215 281 291 316 161 50 336 16 327 153 78 198 234 144 224 103 148 210 282 262 124 250 230 147 300 199 235 217 63 176 229 82 167 205 373 248 330 15 225 327 127 152 101 283 201 187 234 338 375 17 251 354 34 228 166 211 251 258 129 154 231 157 257 195 43 132 328 112 180 297 197 45 201 93 255 243 281 342 135 320 67 229 171 233 202 14 298 333 185 298 249 320 342 239 217 302 78 228 125 175 110 170 193 34 231 340 144 126 230 127 278 287 234 328 107 131 146 157 147 243
 271 143 415 112 288 237 390 301 67 60 381 284 119 93 214 468 394 82 123 167 243 162 161 211 328 318 1 54 173 230 308 154 207 400 279 382 197 355 274 290 344 226 241 201 102 262 150 60 78 291 322 236 276 268 263 240 301 441 268 270 282 125 306 119 231 151 351 365 68 64 359 162 246 75 84 131 351 113 206 188 391 122 70 240 401 362 65 328 71 349 359 205 95 356 94 311 403 439 285 210 334 219 417 402 284 168 240 420 356 170 159 311 277 116 89 72 25 304 451 65 390 173 325 100 167 148 98 202 81 329 276 236 336 363 364 119 338 333 222 166 351 326 135 418 316 220 198 325 413 75 174 359 301 250 213 212 299 165 194 276 354 413 396 86 133 311 85 73 195 73 103 37 33 294 102 50 347 319 302 265 278 160 177 351 341 192 352 333 316 361 87 259 230 99 394 265 195 371 387 84
 262 90 379 63 236 189 352 256 50 76 348 234 120 120 164 429 361 108 72 142 208 123 131 191 275 266 54 1 154 208 291 167 216 356 228 336 184 308 221 255 291 181 233 154 55 213 100 81 43 284 301 206 223 227 212 217 249 399 276 217 232 82 270 144 181 162 316 313 100 58 306 115 193 99 56 81 324 61 179 160 356 118 74 235 358 311 84 277 81 298 311 175 61 304 45 267 358 398 268 195 291 200 381 357 271 121 218 382 303 119 135 265 241 63 119 31 66 252 411 78 344 120 280 98 119 96 48 208 116 276 255 241 286 331 314 67 312 308 178 113 321 275 101 378 267 168 202 272 371 83 126 308 270 203 196 192 282 178 141 268 305 378 355 35 82 260 72 87 147 62 62 71 83 269 50 49 300 291 250 217 234 115 129 299 311 200 301 290 288 317 62 246 208 100 346 213 142 330 343 34
 113 149 256 181 226 276 234 176 203 120 216 190 69 129 237 314 228 128 131 21 91 248 42 39 277 242 173 154 1 58 139 99 110 264 207 252 35 235 247 133 291 121 87 249 117 285 198 226 112 136 150 73 242 134 187 68 250 296 152 221 191 98 151 126 256 91 189 281 139 110 318 104 246 125 206 188 180 170 43 33 231 61 107 94 260 271 231 246 231 347 247 51 96 346 127 184 267 288 116 43 198 48 256 267 119 223 69 263 300 202 23 194 124 149 260 125 196 232 298 226 261 172 198 79 223 184 174 98 252 258 104 120 244 196 363 173 167 161 114 152 183 333 238 268 219 223 88 308 267 105 227 271 137 151 43 40 129 103 188 120 247 252 250 138 181 231 225 236 239 215 200 148 176 123 144 199 233 150 297 296 153 97 227 272 172 99 344 196 146 226 212 94 58 252 277 270 203 226 247 166
 82 186 204 226 226 305 184 150 256 178 162 179 123 183 264 264 172 183 173 66 61 291 80 22 276 234 230 208 58 1 87 140 128 224 204 216 47 206 257 87 288 118 70 282 164 309 237 283 166 103 95 36 250 108 185 11 251 250 148 226 182 141 106 176 282 133 137 266 195 167 318 133 266 181 257 229 123 214 34 51 178 117 164 84 217 253 287 234 286 358 221 46 148 355 176 155 227 239 67 37 162 21 203 227 77 260 11 212 295 237 74 170 84 192 317 178 253 227 248 282 225 201 168 136 261 221 222 117 310 250 48 124 228 141 374 216 109 104 113 181 128 348 284 221 203 247 108 317 222 162 263 255 85 144 29 21 77 139 213 90 223 199 205 188 223 222 277 291 273 268 248 205 233 65 191 254 207 94 311 321 130 127 263 260 116 123 354 159 89 189 263 57 1 306 247 289 231 183 207 216
 57 271 180 312 289 387 171 192 341 252 132 236 193 246 345 241 137 250 259 151 124 376 166 102 337 289 308 291 139 87 1 188 152 233 267 234 112 235 329 115 346 190 81 366 250 387 322 363 250 57 28 106 320 160 250 79 314 241 134 294 240 227 125 232 363 184 124 312 263 246 377 218 344 249 342 315 75 300 119 137 156 189 240 91 220 296 368 285 369 427 254 130 233 423 261 193 236 224 25 100 187 92 175 237 35 345 78 191 351 321 158 213 124 278 396 262 332 285 228 364 242 284 203 210 346 306 308 145 387 305 44 130 275 112 443 302 65 54 186 265 97 421 370 210 251 326 140 385 217 236 348 299 93 209 97 100 11 183 294 60 260 171 204 273 308 277 362 373 356 352 334 280 307 52 276 337 242 73 383 401 180 211 347 309 87 156 422 184 69 207 348 53 87 390 271 365 312 189 215 301
 138 209 342 219 317 337 323 274 210 97 298 286 55 67 301 402 308 75 186 113 187 286 128 121 367 336 154 167 99 140 188 1 55 360 299 349 93 333 329 225 382 216 109 304 161 353 249 213 138 154 210 167 326 232 279 148 339 388 116 308 287 158 244 46 321 9 275 377 90 111 407 182 320 80 221 232 251 211 139 131 316 62 94 102 354 368 218 341 224 425 345 149 134 427 166 282 363 378 166 104 295 120 341 363 157 273 148 350 392 260 108 292 219 196 235 149 176 325 387 218 358 239 296 73 273 237 207 52 224 351 172 85 341 277 441 216 238 230 209 221 262 408 267 359 316 294 52 389 360 85 278 368 223 246 112 120 182 12 259 140 345 336 343 171 229 326 232 226 295 220 227 118 139 197 186 198 331 229 375 361 251 175 280 367 250 41 424 292 224 323 226 136 140 251 375 343 270 320 343 194
 96 246 320 263 335 375 305 275 262 149 274 296 98 121 337 382 282 129 224 129 185 332 148 114 386 350 207 216 110 128 152 55 1 351 315 343 87 332 355 214 400 228 74 344 201 387 289 266 183 108 177 162 350 233 295 134 359 373 62 330 298 193 232 98 357 57 255 387 145 160 427 209 351 134 271 275 221 254 140 140 294 102 144 61 343 375 271 353 277 454 347 153 175 454 209 282 354 360 132 93 290 108 317 354 118 314 133 330 409 298 127 295 211 237 290 195 230 341 367 271 352 273 295 119 314 277 252 13 278 366 147 32 350 252 470 259 209 199 222 253 237 439 314 343 324 327 23 416 345 136 319 376 207 258 101 113 148 45 291 96 348 313 330 216 270 338 283 280 335 271 275 172 193 172 228 250 332 205 404 397 254 202 320 379 225 17 451 287 200 316 276 103 128 303 373 374 305 309 333 240
 279 280 90 333 173 324 75 101 392 367 119 134 329 389 292 94 125 385 288 256 174 367 250 242 192 147 400 356 264 224 233 360 351 1 161 24 270 57 227 138 190 175 284 325 302 305 315 434 323 287 209 194 215 135 164 218 188 51 358 194 139 276 120 389 299 353 112 131 392 344 219 241 266 379 382 322 170 322 223 234 96 321 352 299 19 113 437 133 430 293 70 214 306 282 312 90 4 65 239 261 68 245 98 4 258 326 219 80 188 300 263 94 142 304 473 330 418 156 79 428 22 266 77 332 328 302 339 340 471 154 212 342 114 131 303 319 174 184 179 258 142 301 379 53 112 267 331 255 37 354 325 120 148 156 253 242 230 361 257 285 81 99 36 323 315 140 406 436 318 403 360 390 417 189 313 401 71 161 270 320 123 242 322 139 150 347 283 70 166 40 387 258 224 438 54 276 273 46 19 342
 284 140 226 188 23 164 199 89 253 265 223 36 252 301 132 252 236 293 157 189 147 210 172 209 73 40 279 228 207 204 267 299 315 161 1 138 231 105 72 157 85 88 272 165 180 149 163 299 208 302 255 170 61 108 21 205 49 211 349 36 31 161 156 311 139 291 194 87 295 238 115 126 107 285 239 174 242 180 180 177 214 243 252 285 172 85 300 50 291 163 97 165 195 158 186 95 162 221 257 230 121 218 232 162 274 170 206 222 94 145 193 77 145 167 337 210 292 27 236 291 143 116 98 245 172 152 198 303 338 53 227 321 61 219 178 176 236 241 95 116 220 161 226 204 50 107 293 120 191 258 168 81 183 61 223 211 258 306 102 292 88 231 179 194 167 33 263 298 159 262 215 281 304 217 180 266 91 211 125 164 90 131 164 73 218 304 157 123 212 133 243 258 204 293 131 120 116 160 157 206
 276 259 107 311 150 300 87 82 372 350 129 112 316 374 268 117 137 370 268 242 163 344 235 232 170 124 382 336 252 216 234 349 343 24 138 1 260 34 203 131 168 157 278 302 283 282 293 414 305 286 211 184 192 120 141 211 165 75 354 171 116 258 114 376 275 341 116 111 377 328 198 222 243 364 361 300 175 301 211 221 108 307 336 293 39 93 417 110 410 271 47 202 288 261 292 72 26 88 237 252 55 236 115 25 257 303 212 99 167 277 249 73 133 283 453 312 400 132 102 408 10 244 58 318 305 280 318 332 452 131 209 336 92 138 282 298 177 187 161 236 147 279 357 73 89 243 323 232 58 339 302 99 145 135 244 233 229 351 234 282 58 115 52 303 293 117 385 416 295 382 339 373 399 187 293 381 48 162 247 297 106 223 299 118 154 338 261 58 166 28 366 254 216 417 40 252 250 50 28 322
 80 183 250 214 252 310 231 189 233 141 207 211 83 140 270 310 217 141 165 54 100 282 74 29 303 265 197 184 35 47 112 93 87 270 231 260 1 247 276 133 316 144 53 283 150 318 232 253 143 102 128 77 270 147 211 56 276 296 121 248 213 132 152 130 289 87 183 301 154 135 344 137 278 140 237 221 164 203 54 56 224 78 129 61 263 289 258 267 259 376 261 68 128 375 160 196 273 286 88 14 206 28 249 272 88 257 56 258 325 236 57 209 128 182 285 156 221 256 294 254 269 205 210 99 257 217 207 75 276 281 84 91 263 186 393 206 150 143 138 185 172 364 271 267 238 256 66 337 268 125 260 290 131 173 20 28 103 93 220 87 262 245 251 170 215 253 255 264 273 245 233 169 196 107 178 228 247 138 328 329 168 129 261 293 160 79 373 203 133 233 243 63 47 282 289 301 236 229 252 198
 272 228 133 281 117 267 109 60 342 327 146 80 296 354 235 149 156 349 239 223 149 312 214 219 140 92 355 308 235 206 235 333 332 57 105 34 247 1 171 125 140 131 271 269 255 249 261 385 279 285 215 172 159 102 109 201 133 108 349 138 83 231 112 357 242 325 126 87 355 303 171 195 210 342 331 269 185 271 196 203 129 287 313 286 70 69 388 79 380 242 21 185 263 232 264 52 59 119 235 240 49 225 140 58 255 271 203 126 140 245 230 45 123 254 424 285 372 100 134 379 40 212 38 296 273 249 288 321 423 101 206 328 61 151 254 267 184 193 136 206 158 248 325 103 56 210 311 202 89 316 270 74 144 107 232 221 229 336 202 279 30 140 80 275 262 85 355 387 262 353 308 348 374 186 264 352 15 165 216 264 84 196 266 91 162 325 233 53 169 38 336 249 206 387 43 220 217 68 56 293
 339 134 296 168 55 101 269 160 232 275 294 106 277 316 79 319 307 307 158 227 206 166 208 258 60 82 274 221 247 257 329 329 355 227 72 203 276 171 1 224 75 141 322 113 184 80 133 279 214 359 319 226 12 174 82 260 43 277 396 37 101 175 225 332 78 321 264 120 305 248 86 148 45 298 216 149 310 163 229 221 285 269 264 334 240 129 280 98 268 102 159 214 207 100 186 166 227 289 316 277 192 269 303 226 331 129 262 292 87 112 229 148 211 159 315 211 282 72 303 270 207 102 169 265 131 129 181 343 319 82 287 365 115 290 118 158 303 308 146 115 289 93 188 272 116 60 334 62 258 272 125 122 250 121 272 260 319 337 81 346 148 301 248 191 145 87 236 275 110 239 189 285 303 281 173 249 157 278 56 95 158 156 121 105 287 342 98 194 279 202 218 313 257 264 188 50 82 230 225 192
 148 202 127 253 179 297 103 78 299 246 95 124 200 260 256 183 108 259 200 129 48 307 130 105 225 176 290 255 133 87 115 225 214 138 157 131 133 125 224 1 233 96 148 282 203 291 250 334 216 161 99 60 214 51 143 81 204 164 225 188 129 176 20 257 271 218 63 198 268 228 265 150 246 254 295 249 89 241 91 106 103 192 231 163 131 182 338 172 334 319 143 87 197 314 214 80 141 156 111 124 79 108 128 141 131 270 82 133 238 243 137 99 16 219 372 226 311 174 166 331 140 204 90 207 271 235 254 203 367 191 81 206 161 80 334 240 81 85 95 188 73 316 309 137 137 234 194 277 136 232 271 185 27 105 116 106 108 225 207 155 147 125 119 227 242 164 318 340 274 311 279 272 300 64 223 303 129 55 279 305 69 146 269 195 67 210 313 75 56 104 301 125 87 349 164 265 226 97 120 252
 367 202 272 240 65 167 248 157 305 339 282 111 332 377 153 281 293 369 224 273 230 239 255 293 17 58 344 291 291 288 346 382 400 190 85 168 316 140 75 233 1 173 356 185 249 139 207 353 279 385 331 253 70 187 105 288 44 237 433 77 108 236 227 390 148 373 257 62 369 312 33 203 117 360 289 222 312 235 264 261 267 324 327 369 206 78 353 65 342 104 123 250 269 93 253 159 190 254 338 314 178 303 280 189 355 203 289 265 13 185 276 138 223 229 388 278 353 62 268 343 169 172 155 323 205 202 253 387 392 43 307 405 81 283 114 230 308 314 179 180 287 115 262 241 99 134 378 68 225 334 199 71 257 144 307 295 337 388 152 375 112 279 219 259 218 70 310 348 183 313 263 351 371 295 242 321 127 284 91 152 166 210 195 52 288 388 94 181 286 177 292 341 288 338 142 112 156 207 194 264
 199 112 206 165 109 202 178 76 220 197 185 71 172 226 162 251 198 221 116 104 67 213 89 122 161 123 226 181 121 118 190 216 228 175 88 157 144 131 141 96 173 1 185 187 127 199 157 260 149 219 183 87 133 52 69 121 134 219 262 109 72 102 105 233 177 208 152 163 225 173 202 67 155 214 212 158 183 153 93 90 186 163 183 198 178 153 263 127 257 241 138 78 133 238 137 86 178 220 176 142 111 132 209 177 192 175 122 207 182 148 109 87 81 133 299 156 244 113 233 255 165 109 100 169 177 142 169 216 297 138 148 233 127 173 257 152 174 176 7 95 168 232 218 199 102 140 206 199 192 187 176 153 120 32 136 124 180 221 112 207 135 207 176 149 151 111 236 263 178 231 192 218 244 144 140 227 125 148 195 213 54 67 174 153 162 218 236 111 148 137 217 174 118 267 172 176 131 151 163 170
 31 235 248 266 293 361 233 217 282 182 201 247 122 170 320 309 208 175 217 106 129 334 126 65 344 303 241 233 87 70 81 109 74 284 272 278 53 271 322 148 356 185 1 334 202 368 284 298 193 52 104 105 316 176 253 71 318 302 80 292 250 184 165 154 339 106 184 335 189 181 386 188 327 176 287 273 148 255 94 104 222 120 172 16 274 321 303 303 306 423 287 109 179 421 212 222 287 288 59 47 226 55 245 287 49 309 70 257 364 288 109 238 149 235 328 206 265 295 295 300 287 256 234 142 309 270 259 66 318 318 75 59 297 180 439 258 136 126 179 236 164 411 323 272 271 306 61 382 275 167 313 323 137 212 52 63 75 104 270 36 290 240 260 222 267 290 304 310 325 293 284 209 235 100 229 275 273 133 375 380 198 180 313 328 152 77 419 222 127 251 293 30 70 329 311 350 287 240 266 249
 358 101 381 92 158 37 353 240 143 225 368 193 251 270 35 415 382 259 121 230 249 57 210 274 170 190 201 154 249 282 366 304 344 325 165 302 283 269 113 282 185 187 334 1 144 64 57 188 168 380 364 261 121 236 163 288 154 375 397 134 188 153 290 291 39 297 336 231 252 200 186 150 69 249 125 75 369 96 250 234 365 245 219 342 335 238 186 205 173 154 261 237 171 163 139 249 326 383 347 289 277 286 387 325 358 34 290 380 197 48 227 236 267 109 218 159 201 177 398 176 307 82 257 232 35 68 107 334 225 192 323 363 221 358 168 90 359 360 189 102 354 129 84 365 215 60 325 140 353 228 29 232 306 185 286 276 356 314 76 365 251 385 340 136 77 191 140 179 10 147 100 224 233 326 120 163 256 334 113 65 228 157 26 216 348 329 159 278 333 294 125 335 282 162 294 78 57 318 320 121
 229 52 326 66 190 177 299 202 98 92 296 183 107 134 143 375 310 124 28 101 157 134 85 150 233 219 102 55 117 164 250 161 201 302 180 283 150 255 184 203 249 127 202 144 1 194 89 135 30 251 257 157 184 174 163 173 206 345 256 174 181 28 218 152 162 154 264 265 122 65 268 62 165 115 95 75 276 55 134 115 303 102 82 207 304 262 138 229 133 272 259 127 28 276 13 213 304 345 228 159 237 161 328 304 234 114 174 329 261 100 95 211 188 37 173 31 118 205 357 130 291 85 226 90 114 77 59 191 170 230 211 222 236 280 288 59 264 261 124 71 271 252 122 324 216 139 184 241 318 90 119 259 219 150 158 152 240 171 106 235 253 325 301 25 70 211 117 139 136 110 85 103 125 222 29 102 247 242 222 202 180 61 120 252 261 186 273 236 239 264 101 209 164 148 294 188 114 276 289 52
 388 144 373 151 133 32 346 234 206 280 368 182 299 325 52 398 381 314 168 265 265 118 245 305 127 161 262 213 285 309 387 353 387 305 149 282 318 249 80 291 139 199 368 64 194 1 114 251 221 410 382 282 91 241 154 313 120 356 436 113 177 196 295 345 33 345 337 194 309 255 133 182 46 305 188 132 379 153 277 265 361 292 273 378 318 205 249 176 236 91 238 264 220 101 191 242 306 367 372 322 268 316 379 305 385 95 315 370 149 96 264 225 277 160 281 214 263 151 382 240 286 116 246 282 97 120 166 376 288 158 345 403 194 362 105 147 370 373 203 135 360 65 146 350 195 63 367 82 337 282 90 198 316 188 318 307 378 362 99 396 227 378 326 190 133 166 203 242 68 210 163 282 294 342 173 225 235 345 54 16 228 190 86 180 356 373 96 270 345 280 188 364 309 225 266 31 84 307 303 180
 310 52 360 39 163 91 332 222 101 169 341 182 195 214 65 400 355 203 68 180 211 57 161 227 191 196 150 100 198 237 322 249 289 315 163 293 232 261 133 250 207 157 284 57 89 114 1 148 112 332 324 220 138 208 154 244 168 364 344 141 179 101 261 236 82 242 308 242 197 145 216 106 98 194 84 20 334 41 204 188 342 190 163 291 323 245 148 210 136 200 258 193 116 207 83 232 317 369 303 239 260 238 365 316 311 26 245 361 219 22 176 222 235 53 183 103 154 182 383 138 300 51 242 177 26 17 54 279 187 202 280 309 223 329 215 35 323 323 157 64 322 177 65 349 210 75 271 177 339 172 30 240 272 164 237 229 312 259 62 317 249 362 324 80 21 193 105 143 49 108 57 170 181 286 64 118 249 299 153 118 205 112 32 227 315 274 203 260 297 281 86 288 237 133 292 116 52 301 307 68
 329 160 459 114 304 222 432 335 48 119 428 310 178 150 209 509 440 140 147 218 288 138 209 264 337 335 60 81 226 283 363 213 266 434 299 414 253 385 279 334 353 260 298 188 135 251 148 1 120 349 376 284 284 307 285 292 313 478 327 283 307 162 350 176 223 210 396 382 125 119 363 194 244 134 65 131 402 120 256 237 436 179 127 298 438 383 6 348 18 341 387 253 139 349 124 345 437 478 340 265 371 273 461 436 340 158 293 462 365 169 210 342 321 134 40 110 38 321 491 13 422 185 358 158 156 152 102 261 41 344 329 295 358 410 354 125 389 385 257 184 400 315 108 458 341 222 257 323 451 134 163 379 349 280 268 266 354 224 203 333 380 458 435 112 136 331 49 16 184 42 92 95 80 345 123 35 376 369 297 250 313 195 167 368 390 251 345 370 366 396 64 315 283 45 422 260 198 410 422 95
 222 81 341 81 219 202 315 224 92 63 308 209 86 106 169 393 321 96 57 101 169 149 90 149 263 247 78 43 112 166 250 138 183 323 208 305 143 279 214 216 279 149 193 168 30 221 112 120 1 244 259 165 214 192 190 175 235 365 241 203 207 49 232 125 189 132 277 293 93 36 298 86 194 86 95 95 283 73 138 119 317 83 53 196 325 289 124 256 122 301 283 134 20 305 31 234 326 363 227 154 258 159 342 325 230 136 176 345 290 126 93 234 202 61 157 14 97 233 375 118 313 114 248 66 136 102 70 174 152 259 213 206 263 291 316 79 270 267 145 100 280 280 133 342 242 168 167 270 337 62 141 287 230 174 155 151 240 149 135 228 279 339 320 34 92 239 113 128 160 104 93 74 98 227 49 90 271 250 251 228 201 83 143 280 270 167 301 256 247 284 101 205 166 142 318 216 142 295 310 59
 23 282 236 316 324 405 227 236 333 233 188 274 173 218 364 297 193 223 265 153 156 383 172 107 374 329 291 284 136 103 57 154 108 287 302 286 102 285 359 161 385 219 52 380 251 410 332 349 244 1 84 134 351 199 284 99 350 297 79 326 278 232 174 199 383 152 179 356 238 233 415 232 368 225 338 322 130 304 133 147 212 171 223 54 275 341 354 327 357 459 302 147 229 456 262 239 290 280 51 94 237 95 231 290 31 356 98 247 391 334 158 257 166 283 378 257 315 324 284 352 294 300 250 193 357 317 309 105 369 345 80 81 319 168 475 307 121 110 214 280 153 449 372 266 294 348 103 417 273 217 360 344 142 243 96 105 59 146 313 17 307 227 259 272 316 317 355 361 371 345 334 259 284 100 279 327 289 127 413 422 221 224 360 352 142 116 454 233 123 259 344 47 103 381 322 390 331 243 269 300
 84 273 153 317 277 383 145 176 350 268 105 222 210 265 342 214 110 268 263 160 118 379 173 112 323 274 322 301 150 95 28 210 177 209 255 211 128 215 319 99 331 183 104 364 257 382 324 376 259 84 1 105 310 147 239 85 302 215 161 284 227 233 106 253 359 206 99 294 281 259 363 219 338 267 350 318 48 305 124 143 129 205 255 116 195 277 380 269 380 417 234 133 242 411 269 176 212 197 46 115 167 104 148 212 61 346 85 164 336 321 167 196 110 282 409 272 346 272 201 375 218 283 184 225 347 308 314 170 402 289 47 156 258 85 432 306 38 27 180 265 71 411 375 184 235 322 164 374 191 252 348 281 75 199 111 111 30 206 291 87 240 144 179 281 311 262 371 385 355 362 340 295 323 40 282 348 222 51 374 396 167 213 348 292 61 180 410 163 47 185 356 76 95 400 248 358 310 165 191 308
