NAME : domp180p60v7
COMMENT : (Deleplanque et al.) 
TYPE : DOMP
DIMENSION : 180
DISPLAY_DATA_TYPE: NO_DISPLAY
OPEN_FACILITIES : 60
COST_SECTION
 1 126 203 166 22 116 109 146 191 150 147 195 95 122 154 219 94 144 117 118 259 206 160 126 227 187 250 93 192 242 234 141 192 43 74 144 191 111 220 115 24 189 143 36 276 170 231 109 144 120 193 143 122 144 164 177 116 105 110 249 78 95 264 134 148 151 140 163 239 122 113 140 193 66 65 225 205 200 110 125 166 224 136 165 185 94 208 264 72 96 237 236 302 190 52 139 108 250 171 119 216 97 82 91 122 150 113 108 132 108 109 105 214 226 148 100 252 164 102 145 171 264 230 185 101 107 161 148 94 209 254 199 105 250 197 222 216 141 186 122 256 208 260 149 53 271 178 269 252 102 123 130 196 96 161 204 50 157 162 115 224 118 91 70 152 172 264 235 125 239 133 185 302 294 110 101 80 238 134 196
 126 1 120 151 131 236 179 210 297 118 82 284 186 45 97 212 127 206 208 242 154 90 252 221 185 65 181 159 233 228 121 20 269 125 53 269 221 93 132 61 135 77 237 160 210 248 333 217 35 39 94 77 182 78 47 105 56 183 122 124 97 217 145 158 94 273 66 183 228 247 215 191 302 130 172 132 243 78 233 240 153 125 109 255 275 141 172 184 115 210 250 310 248 237 157 164 80 162 230 237 102 129 207 195 38 259 135 209 252 233 234 224 150 234 69 203 173 250 214 146 107 160 154 254 58 224 38 273 208 272 143 236 223 125 100 104 313 156 132 78 157 151 166 252 176 157 57 360 159 215 136 255 79 220 280 147 174 109 283 186 116 210 59 61 247 289 235 118 152 114 115 243 226 190 134 217 205 166 21 301
 203 120 1 95 196 285 188 201 392 236 57 282 287 164 52 331 139 197 310 316 68 68 259 239 297 136 283 175 350 345 68 103 378 223 148 335 339 211 228 180 198 61 250 236 310 357 432 251 145 93 189 61 181 61 82 28 175 289 239 134 132 272 101 275 59 320 183 144 346 306 312 305 395 235 216 223 361 142 288 327 98 34 82 259 276 153 288 278 148 298 368 421 352 353 249 281 98 48 343 279 174 243 273 290 157 286 130 237 333 295 305 307 40 353 184 299 269 252 252 264 220 71 35 366 105 309 97 338 296 385 208 354 307 136 195 166 414 274 245 83 238 261 250 271 240 91 136 465 50 304 121 314 156 293 362 45 251 57 362 192 50 311 115 164 348 374 349 179 138 130 234 357 319 96 131 260 269 267 136 397
 166 151 95 1 151 214 107 111 351 259 75 190 260 190 63 350 76 107 283 260 160 151 171 156 332 197 331 101 347 369 160 145 357 200 145 273 341 223 281 200 152 136 165 191 360 335 393 175 185 112 242 78 97 77 139 75 196 268 243 219 92 207 194 277 62 247 214 51 368 241 277 296 351 220 152 279 359 208 221 283 4 128 44 170 186 83 318 333 96 256 380 401 398 348 218 283 78 125 332 206 239 240 215 256 184 204 58 159 283 232 249 259 73 366 218 265 322 163 179 275 256 162 98 349 101 264 151 275 254 372 278 353 261 221 247 235 379 280 280 74 301 300 311 187 185 185 193 433 134 263 47 248 217 238 310 62 205 49 307 110 142 283 107 162 317 324 381 249 56 212 250 346 375 181 61 189 210 316 171 357
 22 131 196 151 1 106 88 126 203 169 140 176 113 134 145 239 76 123 135 121 255 206 141 107 246 194 267 73 212 263 232 144 210 64 80 143 211 128 235 129 5 188 125 42 294 188 244 93 153 119 205 136 101 137 165 169 129 124 130 253 66 87 263 155 139 143 154 143 260 118 128 160 203 87 47 239 226 207 103 135 150 219 124 146 166 75 227 280 56 107 258 254 321 210 70 160 99 242 191 108 226 118 80 106 133 135 96 90 139 105 111 113 203 246 162 116 268 145 87 165 187 260 221 204 97 116 164 147 105 228 265 220 114 254 210 231 229 162 203 114 269 226 274 132 47 268 185 283 245 113 106 126 205 98 167 193 57 147 167 94 221 135 88 81 167 180 284 244 107 243 152 204 318 288 93 88 77 255 142 208
 116 236 285 214 106 1 109 127 174 258 232 120 147 237 233 308 147 128 157 71 349 306 91 73 331 300 360 115 256 333 331 249 221 143 185 66 263 221 334 229 102 288 80 89 385 205 213 43 258 221 308 229 123 230 268 257 231 166 212 358 157 24 363 224 227 38 255 182 329 34 136 210 168 162 70 340 269 313 17 113 212 312 204 98 109 135 310 376 139 105 313 258 405 250 122 227 192 328 226 14 331 195 47 126 237 52 160 59 98 35 61 91 281 306 263 132 364 103 37 243 284 353 303 225 197 101 268 66 105 250 369 265 97 359 312 336 209 233 295 206 370 317 374 66 65 366 291 262 333 109 171 39 310 61 118 270 84 230 109 109 317 154 189 185 167 131 359 349 159 348 240 235 412 379 158 26 46 349 247 179
 109 179 188 107 88 109 1 39 264 249 142 106 194 199 139 325 56 37 213 164 255 225 76 52 327 241 342 21 298 348 244 184 288 151 140 171 298 208 303 200 86 207 64 115 370 267 305 69 209 149 268 142 17 141 194 162 199 208 215 286 82 106 278 241 134 141 222 74 346 139 201 246 261 174 59 304 311 254 119 195 105 219 107 78 98 40 309 352 65 173 344 330 401 295 153 247 109 227 275 100 280 204 120 182 196 99 59 53 190 132 153 171 177 333 230 191 340 73 73 250 261 258 201 285 125 178 200 172 172 310 320 306 174 288 273 281 296 248 280 121 333 303 340 84 97 275 234 350 234 180 68 145 257 144 215 166 125 132 210 8 228 212 121 150 240 229 368 295 53 277 234 288 392 281 58 85 116 328 196 269
 146 210 201 111 126 127 39 1 292 286 163 82 230 234 157 363 84 5 248 190 268 246 62 56 365 271 378 57 335 386 262 213 322 189 176 192 335 246 337 236 123 229 58 151 406 302 333 86 242 178 301 163 29 163 220 177 235 244 253 311 115 130 297 279 152 152 258 65 384 159 234 283 288 212 93 338 349 284 140 225 108 233 125 60 76 71 346 387 99 205 382 364 438 332 189 285 136 235 311 116 311 242 148 216 230 100 80 69 217 156 179 200 183 371 265 225 375 52 93 288 298 270 208 320 154 208 228 192 204 345 351 343 205 312 307 310 326 286 317 145 366 339 373 81 130 291 264 380 244 212 85 165 288 172 241 172 159 147 234 33 245 247 153 187 272 254 406 325 66 302 271 324 428 291 80 106 144 364 228 298
 191 297 392 351 203 174 264 292 1 242 336 291 112 270 344 232 276 292 92 104 444 385 264 242 283 344 328 259 152 254 415 315 83 173 250 116 170 226 330 254 201 370 252 162 343 84 43 211 298 304 323 332 280 333 341 367 258 120 197 413 267 164 440 179 338 171 273 335 248 142 83 140 13 168 206 340 160 354 158 70 351 410 325 271 281 271 264 352 257 97 211 100 345 142 144 177 298 439 121 187 357 181 145 104 274 222 295 225 77 140 115 95 403 213 280 95 342 276 202 206 278 450 420 100 288 88 334 120 99 116 384 161 91 413 325 368 37 189 275 312 369 289 366 238 170 452 335 89 440 90 306 140 344 121 60 394 147 347 72 267 407 90 278 238 55 48 285 376 302 403 225 120 374 480 292 189 150 324 295 6
 150 118 236 259 169 258 249 286 242 1 197 344 140 73 211 96 211 283 153 230 260 193 309 275 79 126 103 230 131 112 222 134 187 116 117 262 114 42 89 60 172 186 292 170 127 170 269 258 93 152 87 192 258 193 157 222 64 126 50 192 180 235 236 65 207 289 55 279 112 253 171 106 250 99 214 99 138 132 248 207 260 236 216 314 333 220 62 121 190 184 134 221 154 138 140 69 182 276 140 264 124 69 215 160 80 298 226 257 227 239 227 204 267 119 57 163 109 312 251 40 38 266 270 168 159 198 143 268 183 178 145 131 200 191 87 136 245 57 38 187 128 60 127 299 196 255 119 282 272 186 231 260 117 216 249 263 176 222 257 256 224 156 153 102 188 253 124 141 243 183 20 151 154 295 224 248 215 93 101 245
 147 82 57 75 140 232 142 163 336 197 1 243 233 125 15 291 89 158 256 260 118 85 216 192 266 123 260 126 302 308 103 72 325 168 96 280 292 167 209 138 143 68 205 180 289 303 376 201 115 46 169 6 139 5 65 32 134 235 192 150 77 218 137 228 14 268 147 117 308 252 256 254 338 182 163 206 313 134 234 271 78 82 39 217 236 104 253 261 94 242 326 369 329 304 194 234 42 104 292 227 165 193 217 234 118 238 85 187 277 240 249 250 74 311 151 243 250 211 200 220 188 122 86 314 50 253 77 283 240 334 204 306 251 152 175 161 359 228 213 27 228 232 238 225 184 136 120 410 106 248 79 260 143 237 306 68 195 28 306 147 88 257 60 113 293 318 316 176 98 142 192 306 302 150 86 208 213 245 102 341
 195 284 282 190 176 120 106 82 291 344 243 1 258 302 237 410 160 86 272 190 348 326 37 71 422 346 441 126 368 435 343 289 340 235 243 178 373 304 405 300 173 309 53 185 469 322 329 94 314 254 372 243 105 243 299 258 300 276 304 390 187 136 377 325 233 124 324 142 431 150 253 319 284 257 132 408 382 359 136 232 187 314 205 31 12 145 402 453 170 221 422 377 496 363 225 329 213 314 340 107 385 290 160 240 299 70 159 89 216 154 180 210 262 413 332 247 441 35 103 339 361 350 287 342 230 219 305 175 221 368 425 377 215 391 377 386 327 333 378 223 436 401 443 55 159 371 339 378 323 227 165 152 362 179 233 250 188 228 223 99 326 270 226 251 286 246 457 400 146 381 327 350 492 370 159 112 157 428 300 296
 95 186 287 260 113 147 194 230 112 140 233 258 1 160 242 165 188 228 24 97 336 275 224 193 199 233 237 182 111 190 305 205 98 66 142 129 117 117 228 144 113 260 209 80 257 76 148 166 188 197 216 228 209 229 231 263 148 20 92 302 171 126 330 87 236 169 164 255 185 130 32 64 118 57 138 237 124 244 132 68 260 303 228 231 247 187 178 258 166 49 167 142 270 106 44 88 197 334 83 157 249 74 101 23 163 196 207 174 89 118 98 69 303 160 172 23 247 233 157 111 175 341 317 92 184 61 223 135 48 117 278 120 64 302 218 259 128 97 177 210 267 195 266 205 103 342 224 179 334 49 217 134 234 90 109 295 73 247 118 199 299 25 174 128 63 114 218 268 219 292 122 95 287 372 204 148 104 230 184 116
 122 45 164 190 134 237 199 234 270 73 125 302 160 1 139 168 153 231 179 229 193 127 268 235 143 75 146 179 192 184 157 62 233 107 60 259 179 52 104 19 138 117 252 153 175 213 304 226 29 81 72 120 206 121 87 149 14 153 83 144 122 216 176 117 136 273 25 217 184 242 190 153 277 104 179 107 201 86 231 220 192 167 147 272 292 165 129 154 136 192 205 273 210 197 138 123 115 205 192 240 96 94 201 172 8 267 165 220 235 227 223 208 195 190 31 179 142 268 220 102 67 199 198 217 91 206 75 264 189 233 133 194 206 144 77 103 282 114 90 117 137 111 142 264 174 192 65 327 202 196 168 249 78 210 261 191 164 151 267 206 156 182 88 54 218 269 192 115 183 133 72 205 194 229 164 221 200 132 31 274
 154 97 52 63 145 233 139 157 344 211 15 237 242 139 1 305 88 152 265 265 117 92 212 190 280 136 275 124 314 322 107 86 336 178 108 284 305 180 223 152 148 76 202 186 303 314 384 200 129 60 183 20 134 19 78 25 148 246 205 159 81 221 141 241 7 269 162 107 322 255 265 266 346 193 165 220 326 147 236 278 65 81 33 213 231 102 268 275 96 249 339 379 343 316 202 247 48 98 304 228 178 206 221 243 133 236 81 186 283 243 254 257 62 325 165 252 264 206 201 234 203 121 77 325 61 260 91 287 247 346 217 319 258 161 189 173 368 241 227 34 241 246 251 223 189 137 133 420 102 256 73 263 157 242 312 55 201 15 312 144 90 266 70 125 303 324 331 188 92 152 205 318 316 147 82 209 218 259 116 349
 219 212 331 350 239 308 325 363 232 96 291 410 165 168 305 1 295 361 165 261 351 285 375 341 64 214 113 308 83 26 313 228 155 177 206 292 64 128 144 154 242 279 359 227 119 149 245 319 187 246 164 286 337 287 251 316 158 146 112 273 266 286 323 87 301 332 149 366 22 294 187 104 243 154 280 156 80 217 294 225 351 330 308 381 399 302 55 139 273 213 46 174 114 93 188 82 273 370 112 317 199 123 262 187 175 355 312 322 248 281 262 232 362 32 149 185 133 381 311 77 117 357 365 136 251 224 237 298 212 132 205 76 227 272 161 213 221 79 95 279 174 92 166 360 253 344 208 242 365 212 319 298 200 254 260 358 227 316 272 332 316 168 244 189 184 260 55 213 328 265 101 115 149 386 310 304 264 117 196 233
 94 127 139 76 76 147 56 84 276 211 89 160 188 153 88 295 1 80 210 186 205 171 131 104 289 188 298 38 281 317 191 131 285 131 96 201 277 171 255 157 77 153 118 116 326 263 318 113 159 95 218 88 57 88 140 112 155 197 185 232 32 136 225 216 83 182 177 72 315 170 203 229 276 153 80 256 294 201 152 208 75 168 58 132 152 16 272 306 24 181 320 328 360 280 145 222 55 182 263 141 228 178 141 181 148 149 21 99 208 161 175 184 136 307 184 191 294 127 114 219 218 208 157 278 71 189 146 204 179 302 268 288 186 233 224 228 304 220 239 66 283 261 291 137 110 224 181 358 187 187 31 178 205 164 236 125 130 84 234 62 176 210 69 110 242 249 333 242 34 223 198 276 346 234 17 122 137 284 145 281
 144 206 197 107 123 128 37 5 292 283 158 86 228 231 152 361 80 1 247 191 264 242 65 58 362 267 375 54 333 384 258 210 321 186 172 193 334 243 333 232 121 225 61 149 403 301 333 87 238 174 298 159 26 159 216 173 231 243 250 307 111 131 292 277 148 154 254 62 381 160 234 281 289 210 92 335 347 280 141 225 104 229 121 64 80 67 343 384 96 205 380 363 435 331 188 282 132 232 310 117 307 239 148 215 227 103 75 70 217 156 179 200 179 369 261 224 372 56 94 286 294 266 204 319 150 208 224 193 204 344 347 341 204 308 303 306 326 283 314 140 362 336 370 84 129 287 260 380 240 211 81 166 284 172 241 168 158 143 234 31 241 246 149 184 272 255 403 321 62 298 269 322 424 287 76 107 144 361 224 298
 117 208 310 283 135 157 213 248 92 153 256 272 24 179 265 165 210 247 1 99 358 297 239 209 205 253 246 203 101 189 327 227 76 89 164 129 111 134 242 163 135 283 223 99 265 55 126 180 208 220 232 251 228 252 253 286 167 29 107 322 193 137 351 94 259 174 182 277 184 135 24 62 99 79 156 251 114 263 141 61 283 326 251 245 261 209 185 268 188 53 160 120 274 94 66 94 220 357 70 168 266 90 112 33 184 207 229 189 84 125 102 70 326 155 189 26 258 247 171 121 189 364 340 73 207 61 245 135 53 99 294 110 65 322 234 277 106 104 188 233 281 205 279 218 119 364 244 156 357 50 239 139 253 97 99 318 90 270 110 218 321 4 197 150 40 102 219 285 240 312 136 80 295 394 226 161 115 240 205 96
 118 242 316 260 121 71 164 190 104 230 260 190 97 229 265 261 186 191 99 1 375 323 161 139 294 300 330 163 198 285 351 258 154 124 189 33 208 199 314 217 118 306 149 83 352 140 144 108 254 237 295 256 180 257 281 289 220 116 181 365 185 61 381 182 258 78 241 237 280 42 76 158 99 134 109 322 210 312 55 45 259 339 240 168 179 178 273 350 171 49 258 189 366 190 93 184 219 361 166 84 324 162 46 75 231 121 203 122 28 37 13 30 320 253 249 77 338 172 99 206 261 380 339 161 216 38 277 39 50 185 358 207 35 365 299 332 139 192 267 234 353 287 354 136 78 387 291 192 365 50 215 43 306 24 52 309 69 265 48 166 340 96 207 183 100 66 314 343 208 354 211 173 381 408 201 86 51 321 247 110
 259 154 68 160 255 349 255 268 444 260 118 348 336 193 117 351 205 264 358 375 1 67 326 306 307 139 283 241 384 361 39 135 421 272 195 397 370 244 228 210 258 78 317 293 307 400 483 317 168 141 194 121 249 121 108 94 205 335 274 103 194 335 50 309 123 385 205 210 363 369 363 343 448 281 280 219 393 140 351 382 163 38 149 326 343 219 302 272 211 353 393 463 351 388 301 315 159 46 382 344 167 282 333 341 187 352 197 303 391 357 365 363 93 377 204 350 265 319 317 293 235 7 70 407 160 365 119 400 350 424 191 386 364 105 198 155 463 306 259 144 227 271 240 338 300 29 144 512 35 359 188 377 156 352 419 103 308 124 421 259 39 360 170 209 397 430 360 164 205 104 262 396 309 37 198 325 330 268 163 449
 206 90 68 151 206 306 225 246 385 193 85 326 275 127 92 285 171 242 297 323 67 1 299 274 244 76 223 208 318 296 31 71 357 213 137 348 304 178 168 145 209 19 288 241 249 337 422 279 102 87 131 85 222 85 45 78 140 272 209 69 151 290 59 243 95 343 139 198 298 322 303 279 390 219 238 161 327 79 306 326 154 49 123 301 319 186 237 216 170 296 327 399 293 323 244 249 118 90 317 304 110 218 285 283 121 318 168 267 337 309 314 309 108 311 138 291 207 294 278 227 170 73 97 342 111 309 54 352 294 359 142 320 308 71 136 100 402 240 194 105 174 207 186 307 252 68 79 450 83 302 163 330 95 301 365 111 255 104 367 230 32 299 119 149 336 375 296 113 181 63 196 331 255 103 169 284 281 208 97 390
 160 252 259 171 141 91 76 62 264 309 216 37 224 268 212 375 131 65 239 161 326 299 1 35 386 315 406 95 334 399 318 258 308 199 209 153 338 268 371 266 138 282 17 150 433 290 303 60 281 224 338 216 79 216 269 234 266 241 269 361 156 105 352 289 207 104 290 126 396 123 221 284 258 222 96 374 347 328 107 202 168 291 180 8 26 115 367 418 138 189 387 347 461 329 190 294 184 295 306 78 353 254 128 206 265 48 132 54 188 125 151 179 243 378 297 214 406 14 69 303 326 329 268 310 199 188 275 152 189 335 393 343 184 363 343 354 299 297 343 195 403 365 409 28 124 348 307 352 303 195 140 127 330 149 207 232 153 204 198 70 301 237 195 216 255 221 422 369 122 352 292 317 457 351 132 79 125 394 268 269
 126 221 239 156 107 73 52 56 242 275 192 71 193 235 190 341 104 58 209 139 306 274 35 1 352 284 373 67 302 365 294 228 280 166 177 137 306 234 338 232 104 256 19 117 400 261 282 33 249 195 306 191 61 191 241 212 232 210 235 333 127 80 328 256 184 96 256 117 362 105 192 252 237 188 62 341 316 298 86 177 154 269 158 40 60 89 333 385 108 161 354 320 427 298 157 260 157 278 276 61 321 221 101 177 232 49 110 21 166 103 128 153 227 345 264 185 373 40 41 269 293 308 251 281 170 162 245 137 161 306 361 311 158 335 311 323 277 264 309 169 370 331 376 34 92 326 277 330 285 167 119 110 299 123 188 216 122 183 180 48 278 207 165 183 228 202 388 338 103 324 258 287 424 332 109 54 97 360 236 248
 227 185 297 332 246 331 327 365 283 79 266 422 199 143 280 64 289 362 205 294 307 244 386 352 1 169 50 308 141 61 269 197 212 190 194 326 121 120 86 134 250 241 370 244 61 202 301 334 154 222 115 261 337 262 216 287 137 181 120 221 258 308 274 113 277 360 120 356 65 322 226 146 294 170 291 98 140 169 319 264 334 291 289 391 411 298 22 76 268 246 108 235 76 151 210 112 256 332 165 338 146 137 286 220 149 373 303 334 286 309 293 266 332 95 116 221 70 390 327 90 79 313 331 192 232 259 201 332 245 191 145 136 261 219 111 160 276 103 54 259 112 38 103 375 271 296 165 302 326 247 307 328 152 283 303 330 248 292 314 334 275 208 228 180 231 305 53 157 320 214 95 171 92 341 301 322 287 54 165 285
 187 65 136 197 194 300 241 271 344 126 123 346 233 75 136 214 188 267 253 300 139 76 315 284 169 1 149 222 255 223 101 58 304 179 115 328 239 122 94 91 198 76 301 220 175 285 377 281 47 94 56 120 244 121 60 134 86 226 153 70 160 280 111 184 136 336 75 237 225 308 264 222 350 177 236 88 263 14 295 292 200 124 159 318 338 203 164 143 178 264 256 342 218 261 211 188 137 165 260 300 43 166 268 245 71 323 194 273 307 294 293 280 174 241 71 252 134 313 278 163 98 146 168 287 118 278 47 333 262 300 82 256 278 70 61 40 355 178 121 131 106 132 117 316 238 131 10 399 158 269 192 316 22 279 334 175 233 150 339 248 107 255 121 118 292 342 221 55 210 60 133 272 184 174 193 280 266 133 54 348
 250 181 283 331 267 360 342 378 328 103 260 441 237 146 275 113 298 375 246 330 283 223 406 373 50 149 1 322 190 107 245 189 260 217 203 362 170 141 56 143 271 224 390 272 30 249 348 358 147 220 95 256 350 257 203 278 144 220 151 188 267 337 244 153 273 391 122 361 111 355 266 189 338 200 313 64 190 145 349 303 333 271 289 411 431 310 65 27 280 283 157 284 71 199 241 153 258 312 212 365 117 169 317 258 151 398 311 356 325 341 328 303 320 144 116 259 23 409 351 127 82 289 316 239 235 296 188 368 282 240 105 185 298 187 89 129 323 143 66 259 68 44 57 398 297 268 148 351 305 284 313 361 129 317 344 320 278 288 354 349 254 249 233 193 275 347 89 123 328 183 121 219 53 314 309 349 317 17 161 330
 93 159 175 101 73 115 21 57 259 230 126 126 182 179 124 308 38 54 203 163 241 208 95 67 308 222 322 1 284 331 228 165 278 135 121 174 283 189 283 180 71 190 82 105 350 257 301 78 189 130 248 125 30 125 176 148 179 195 197 268 63 108 262 225 119 149 203 77 328 141 192 232 257 158 55 284 297 235 122 190 99 205 93 97 117 23 290 332 45 166 328 321 382 282 140 230 91 216 262 107 260 187 117 172 176 113 47 63 187 133 151 166 167 317 210 181 320 92 80 233 242 244 190 274 105 172 181 175 164 298 300 292 169 269 253 261 290 231 261 103 313 283 320 100 91 260 214 344 222 173 57 149 237 141 214 156 116 119 210 28 213 202 102 131 231 227 349 276 46 259 215 275 372 269 45 90 113 309 176 264
 192 233 350 347 212 256 298 335 152 131 302 368 111 192 314 83 281 333 101 198 384 318 334 302 141 255 190 284 1 103 348 252 73 151 207 227 21 141 208 175 214 308 318 187 200 70 163 275 218 259 216 297 312 298 278 331 180 93 112 322 257 235 364 76 309 274 182 352 97 235 123 53 164 129 245 219 15 262 240 157 348 357 309 340 357 284 126 216 258 153 63 95 196 11 147 70 274 394 34 266 253 110 210 130 198 306 300 282 180 225 202 170 375 62 185 125 208 342 266 93 165 390 383 54 255 160 265 232 152 52 268 11 164 321 215 266 139 79 151 284 243 158 237 315 211 382 248 162 391 150 309 238 247 197 187 369 182 323 200 304 347 103 246 190 108 184 135 270 314 313 123 33 231 420 297 257 213 190 222 152
 242 228 345 369 263 333 348 386 254 112 308 435 190 184 322 26 317 384 189 285 361 296 399 365 61 223 107 331 103 1 323 243 175 201 226 316 85 147 146 171 265 291 383 251 106 171 265 343 201 263 171 303 360 304 265 332 175 171 134 279 287 310 330 111 318 357 164 387 7 318 212 128 265 178 304 157 97 225 319 249 370 342 327 405 423 324 60 132 295 237 53 189 94 113 213 107 292 382 134 342 204 146 287 212 191 379 333 346 272 306 287 257 377 44 162 210 128 404 335 99 127 368 379 156 269 248 250 322 237 149 205 95 251 277 167 218 240 103 103 298 171 95 162 384 278 352 218 258 377 236 339 323 208 279 284 374 251 333 296 355 328 192 263 210 207 283 33 216 350 272 120 135 135 396 331 329 288 113 211 254
 234 121 68 160 232 331 244 262 415 222 103 343 305 157 107 313 191 258 327 351 39 31 318 294 269 101 245 228 348 323 1 102 388 243 166 375 334 209 190 175 236 46 307 269 270 367 452 302 131 115 156 104 240 104 75 87 170 303 239 72 175 315 35 274 111 368 168 209 325 348 333 309 419 250 262 182 357 102 332 355 163 38 139 318 337 206 264 235 193 325 355 429 314 353 273 279 140 73 348 327 130 248 311 312 151 339 186 289 365 336 342 337 104 339 166 321 228 312 301 257 197 45 87 373 137 338 85 378 323 389 156 350 337 74 160 118 432 270 221 127 191 232 204 327 278 38 106 480 63 331 179 356 118 328 393 111 283 117 396 249 19 329 146 178 367 404 321 129 198 70 226 361 273 74 187 308 308 230 128 419
 141 20 103 145 144 249 184 213 315 134 72 289 205 62 86 228 131 210 227 258 135 71 258 228 197 58 189 165 252 243 102 1 288 143 69 284 239 111 138 78 148 58 244 176 218 267 352 228 44 37 98 68 186 69 28 91 74 202 141 110 103 230 126 177 85 286 80 181 243 261 233 210 320 149 183 135 261 71 247 257 147 106 104 261 281 145 186 190 122 228 266 329 258 256 175 182 80 144 249 248 99 148 222 213 55 269 136 218 269 247 249 241 136 251 82 221 179 256 224 163 119 141 138 273 61 241 21 288 226 291 139 255 240 111 104 98 332 175 144 75 159 162 168 260 190 138 52 379 141 233 135 269 76 236 297 134 190 100 300 191 97 229 65 79 266 307 248 113 153 100 133 262 231 171 136 228 219 174 33 320
 192 269 378 357 210 221 288 322 83 187 325 340 98 233 336 155 285 321 76 154 421 357 308 280 212 304 260 278 73 175 388 288 1 159 231 178 93 183 271 216 210 345 294 174 271 23 91 250 261 286 272 320 303 321 315 355 221 91 152 373 267 204 409 123 330 231 229 352 169 195 89 83 95 144 230 282 80 312 205 110 357 391 323 315 329 284 195 285 263 120 130 45 268 63 141 119 291 424 49 234 309 141 181 107 239 272 304 261 131 187 162 131 397 133 235 98 276 318 241 148 223 427 410 21 276 121 304 183 121 34 329 81 125 372 272 321 66 130 214 303 308 225 303 285 193 424 295 97 424 114 314 196 299 161 129 389 164 342 142 293 384 77 267 215 55 123 207 327 315 363 174 42 302 458 301 230 185 258 262 82
 43 125 223 200 64 143 151 189 173 116 168 235 66 107 178 177 131 186 89 124 272 213 199 166 190 179 217 135 151 201 243 143 159 1 78 154 149 79 194 94 66 197 183 55 242 137 211 145 133 133 173 163 164 164 169 199 97 70 71 246 110 120 269 92 172 175 118 202 198 141 92 99 178 24 104 201 164 191 134 116 201 239 165 205 224 134 170 234 108 87 195 203 265 150 33 97 133 269 133 149 201 56 101 71 109 184 151 147 130 126 118 102 239 183 126 79 222 204 137 105 142 278 253 150 119 100 162 160 85 173 235 158 100 246 176 209 193 99 153 145 232 175 234 186 82 279 169 244 270 91 160 148 183 106 156 231 62 184 161 157 235 90 109 65 127 165 224 220 164 235 98 147 269 308 148 133 101 207 127 178
 74 53 148 145 80 185 140 176 250 117 96 243 142 60 108 206 96 172 164 189 195 137 209 177 194 115 203 121 207 226 166 69 231 78 1 216 199 79 163 61 84 121 194 108 232 210 288 169 74 56 130 91 148 92 94 126 60 142 99 177 65 165 194 135 103 222 83 164 224 194 168 159 254 88 123 166 219 129 181 190 146 162 104 213 233 107 177 212 78 160 236 274 265 209 108 141 69 194 197 186 148 99 155 147 57 211 111 163 201 180 181 173 169 222 90 156 200 209 165 131 123 201 180 219 48 173 89 221 158 239 187 213 172 178 135 152 269 136 144 77 195 166 201 206 124 203 107 319 194 166 115 202 126 168 229 162 122 116 232 148 158 166 40 18 203 239 239 165 128 167 106 211 253 231 108 167 152 189 63 255
 144 269 335 273 143 66 171 192 116 262 280 178 129 259 284 292 201 193 129 33 397 348 153 137 326 328 362 174 227 316 375 284 178 154 216 1 238 231 346 247 140 330 144 109 384 166 152 107 283 261 326 277 186 277 306 308 250 148 213 392 204 67 405 214 278 57 272 245 312 34 106 189 108 166 122 353 239 341 54 71 271 360 258 160 168 191 306 382 189 81 287 209 398 219 125 216 239 380 194 78 354 195 64 107 260 109 217 124 48 42 37 61 336 283 280 108 370 166 101 238 293 401 357 187 239 70 304 7 82 210 389 236 67 393 330 361 152 225 299 254 384 319 386 127 97 411 319 202 385 81 228 28 335 50 57 325 96 283 46 172 363 126 230 211 125 70 345 373 219 382 243 201 413 429 214 88 68 354 275 121
 191 221 339 341 211 263 298 335 170 114 292 373 117 179 305 64 277 334 111 208 370 304 338 306 121 239 170 283 21 85 334 239 93 149 199 238 1 129 188 162 213 294 322 189 180 87 183 280 203 248 198 287 311 288 265 321 166 98 101 305 252 242 349 66 300 283 167 349 79 244 133 55 181 126 247 200 24 245 248 169 342 344 301 344 361 282 106 195 254 162 51 115 177 31 150 59 267 382 50 273 235 102 217 138 185 312 296 286 192 233 211 180 365 46 170 134 188 345 271 78 148 376 373 73 246 171 252 244 161 72 249 18 174 304 197 248 158 66 132 276 223 138 217 320 215 367 232 182 379 159 304 248 230 205 202 359 186 314 214 304 333 113 238 182 124 200 116 251 311 296 109 52 210 406 293 263 219 170 209 171
 111 93 211 223 128 221 208 246 226 42 167 304 117 52 180 128 171 243 134 199 244 178 268 234 120 122 141 189 141 147 209 111 183 79 79 231 129 1 117 35 132 168 252 133 167 164 257 219 79 122 100 162 218 163 138 194 40 107 32 191 141 198 227 66 176 254 49 241 146 219 148 102 233 66 174 124 151 131 212 181 225 217 181 273 293 180 102 156 150 156 160 222 194 146 107 72 146 254 140 226 133 45 179 133 58 259 188 217 200 204 195 174 239 145 56 138 144 271 212 55 64 250 245 167 124 170 126 236 154 182 163 144 171 191 102 143 235 64 76 153 155 98 156 259 158 244 113 278 251 159 193 226 120 183 224 234 141 190 231 215 207 137 117 63 172 230 162 152 204 181 28 153 192 280 185 209 179 129 82 229
 220 132 228 281 235 334 303 337 330 89 209 405 228 104 223 144 255 333 242 314 228 168 371 338 86 94 56 283 208 146 190 138 271 194 163 346 188 117 1 107 239 169 355 247 83 256 356 327 98 170 41 205 309 206 150 224 106 214 137 136 224 312 191 152 221 368 82 314 149 334 259 193 339 182 280 13 211 90 326 294 284 216 240 375 395 268 89 53 239 270 189 302 125 216 222 155 211 257 223 338 63 155 294 246 108 368 266 322 314 319 310 289 266 174 74 250 42 372 321 125 54 234 261 251 188 284 135 351 268 258 62 205 286 135 35 76 331 143 58 210 40 53 41 366 271 215 94 366 250 273 267 341 74 298 336 266 255 236 345 310 199 245 187 156 276 341 136 72 283 130 107 233 95 260 264 320 294 41 113 333
 115 61 180 200 129 229 200 236 254 60 138 300 144 19 152 154 157 232 163 217 210 145 266 232 134 91 143 180 175 171 175 78 216 94 61 247 162 35 107 1 133 134 250 143 171 196 287 221 47 93 80 133 208 134 104 164 6 136 65 160 125 207 194 100 148 264 26 223 171 231 175 135 261 89 174 112 184 101 222 205 201 183 157 270 290 168 119 154 138 178 190 256 205 179 125 105 123 221 174 233 108 76 191 157 25 262 171 217 222 217 211 195 209 175 35 163 142 267 215 86 63 217 214 200 100 192 92 253 176 215 143 177 192 160 84 117 265 97 83 127 142 105 146 260 166 210 82 310 218 182 174 239 92 198 247 205 153 163 253 207 173 165 95 51 202 254 182 128 188 150 56 187 193 247 168 214 190 130 48 258
 24 135 198 152 5 102 86 123 201 172 143 173 113 138 148 242 77 121 135 118 258 209 138 104 250 198 271 71 214 265 236 148 210 66 84 140 213 132 239 133 1 192 121 40 297 188 242 89 157 123 209 139 99 140 169 172 133 125 133 257 68 83 267 157 142 139 158 143 263 114 127 162 202 90 43 243 227 211 99 133 151 222 126 143 162 75 230 284 57 105 260 253 324 212 70 163 102 244 192 103 230 120 77 105 137 131 96 86 136 101 108 111 205 249 166 115 272 141 83 168 191 263 223 205 100 115 168 144 103 229 269 222 112 258 214 235 228 164 207 117 273 229 278 129 44 272 189 282 248 112 107 122 209 95 165 195 55 149 165 92 224 134 91 85 166 177 287 248 107 247 155 205 322 291 93 84 73 258 146 206
 189 77 61 136 188 288 207 229 370 186 68 309 260 117 76 279 153 225 283 306 78 19 282 256 241 76 224 190 308 291 46 58 345 197 121 330 294 168 169 134 192 1 270 224 251 324 407 261 93 70 130 67 205 67 31 65 129 258 198 84 133 272 76 233 79 325 131 182 293 304 288 267 374 205 220 163 317 82 288 310 139 52 106 283 302 168 233 218 152 280 319 386 293 312 228 238 100 92 305 286 114 205 267 267 110 300 151 249 320 292 297 292 100 304 131 275 209 277 260 218 165 84 93 330 93 293 44 334 278 347 149 310 292 86 136 106 387 230 190 88 178 204 190 289 234 83 77 436 87 286 146 313 96 284 348 102 238 89 350 213 40 284 101 133 322 359 293 120 165 77 187 319 259 114 151 266 264 208 87 374
 143 237 250 165 125 80 64 58 252 292 205 53 209 252 202 359 118 61 223 149 317 288 17 19 370 301 390 82 318 383 307 244 294 183 194 144 322 252 355 250 121 270 1 134 417 275 292 45 266 211 323 205 70 205 256 224 250 226 252 349 142 91 341 273 197 98 274 122 379 112 206 268 247 205 80 358 332 314 95 189 162 281 170 23 42 103 350 403 124 175 371 333 445 314 174 277 172 288 291 67 338 238 114 191 250 44 122 37 176 113 138 165 236 362 282 199 390 25 54 287 310 320 261 295 185 174 261 143 174 320 378 327 170 350 328 340 287 281 327 183 388 349 394 24 108 338 293 340 295 180 130 116 315 135 197 225 137 195 188 59 291 222 181 200 241 210 405 354 113 339 276 302 441 343 121 65 110 378 253 257
 36 160 236 191 42 89 115 151 162 170 180 185 80 153 186 227 116 149 99 83 293 241 150 117 244 220 272 105 187 251 269 176 174 55 108 109 189 133 247 143 40 224 134 1 297 154 203 93 176 155 222 176 130 176 199 209 145 95 125 284 107 66 298 141 180 122 168 179 247 90 89 136 162 75 59 253 200 233 80 94 190 258 165 156 174 112 224 288 96 66 238 217 319 183 41 145 140 282 162 95 248 109 49 68 153 130 135 98 99 75 74 72 244 229 177 78 276 157 85 157 196 298 261 171 134 75 196 114 64 196 284 196 73 284 226 254 189 150 207 154 284 229 287 134 28 305 211 243 285 73 146 97 228 61 127 234 16 188 128 120 258 99 125 103 128 139 275 267 144 273 152 174 324 327 132 80 48 261 167 167
 276 210 310 360 294 385 370 406 343 127 289 469 257 175 303 119 326 403 265 352 307 249 433 400 61 175 30 350 200 106 270 218 271 242 232 384 180 167 83 171 297 251 417 297 1 262 361 384 176 248 122 285 378 285 231 305 173 240 174 210 295 362 267 172 301 415 151 390 112 378 286 206 354 224 340 89 197 171 374 323 362 297 318 438 458 338 81 37 308 304 159 292 45 210 265 172 287 338 225 391 141 192 341 279 180 424 339 383 345 364 350 324 348 148 144 280 43 436 377 147 110 313 343 251 264 317 216 390 303 249 123 194 320 208 116 153 336 162 92 287 85 69 72 425 323 291 175 360 331 305 341 384 155 340 363 347 302 316 373 377 280 268 261 221 292 365 82 145 356 206 146 230 32 337 337 374 341 45 190 345
 170 248 357 335 188 205 267 302 84 170 303 322 76 213 314 149 263 301 55 140 400 337 290 261 202 285 249 257 70 171 367 267 23 137 210 166 87 164 256 196 188 324 275 154 262 1 101 232 242 265 255 299 283 299 294 334 201 69 133 354 245 187 389 106 308 217 211 331 165 180 70 65 95 122 210 267 79 294 189 96 335 369 301 297 311 262 184 273 241 102 130 67 262 60 119 103 269 403 39 217 291 121 163 87 219 256 283 242 118 171 146 115 375 131 216 78 264 299 222 132 207 406 388 22 254 105 284 171 102 47 314 79 109 354 256 303 77 114 199 282 294 212 290 268 173 403 276 115 402 97 292 181 281 144 121 367 144 320 134 272 363 56 245 194 42 117 202 310 294 344 156 39 293 437 279 212 166 246 242 85
 231 333 432 393 244 213 305 333 43 269 376 329 148 304 384 245 318 333 126 144 483 422 303 282 301 377 348 301 163 265 452 352 91 211 288 152 183 257 356 287 242 407 292 203 361 101 1 251 333 343 353 372 321 372 378 407 292 152 228 447 308 204 477 205 378 207 305 376 259 181 121 164 46 204 248 367 169 387 198 111 392 449 366 310 319 313 284 373 298 138 218 88 358 153 183 202 338 478 137 226 388 213 186 143 309 260 336 265 117 180 156 136 444 222 312 134 364 315 243 231 306 488 460 111 328 130 370 155 140 118 412 171 133 447 354 399 26 214 299 352 394 312 390 277 211 489 368 51 480 131 347 178 376 162 96 435 189 388 107 308 445 124 318 275 87 83 296 407 344 437 254 132 392 518 333 230 191 346 331 37
 109 217 251 175 93 43 69 86 211 258 201 94 166 226 200 319 113 87 180 108 317 279 60 33 334 281 358 78 275 343 302 228 250 145 169 107 280 219 327 221 89 261 45 93 384 232 251 1 243 196 297 199 82 199 243 224 221 183 215 335 129 48 335 233 195 72 246 141 340 74 162 226 206 167 48 331 289 295 55 146 173 280 170 66 82 99 314 372 110 131 329 289 409 271 133 238 163 293 248 32 316 200 70 148 224 43 124 18 135 72 97 122 244 321 254 155 360 69 10 249 279 320 267 251 171 131 246 107 131 277 355 285 127 336 302 319 245 242 294 176 361 316 366 42 67 335 273 299 299 137 134 80 294 92 157 233 95 196 149 68 287 178 165 173 197 171 367 333 121 326 241 259 410 346 122 22 66 346 231 216
 144 35 145 185 153 258 209 242 298 93 115 314 188 29 129 187 159 238 208 254 168 102 281 249 154 47 147 189 218 201 131 44 261 133 74 283 203 79 98 47 157 93 266 176 176 242 333 243 1 73 60 110 214 111 65 135 42 181 111 116 129 237 149 144 127 294 39 217 201 264 218 181 305 132 196 98 226 59 252 247 187 144 143 284 304 173 143 150 145 218 227 301 215 223 165 149 114 184 219 259 74 122 224 200 25 284 169 236 262 250 248 234 179 211 39 206 139 280 238 127 76 174 180 245 91 232 51 288 216 260 114 220 232 116 66 79 311 140 101 113 125 119 133 279 195 166 38 355 179 223 169 272 53 234 288 177 188 142 293 216 132 210 91 74 247 296 205 92 186 105 96 232 192 204 167 240 222 132 15 302
 120 39 93 112 119 221 149 178 304 152 46 254 197 81 60 246 95 174 220 237 141 87 224 195 222 94 220 130 259 263 115 37 286 133 56 261 248 122 170 93 123 70 211 155 248 265 343 196 73 1 131 41 151 42 48 73 89 197 148 140 69 204 145 184 56 258 103 146 263 236 223 213 308 144 153 169 269 107 220 242 115 107 70 226 246 110 209 222 88 213 281 329 287 261 161 190 44 139 251 219 135 151 198 201 74 237 101 186 252 223 228 224 118 266 107 210 211 221 194 176 145 146 126 274 26 225 52 265 210 293 175 263 224 141 137 134 324 184 169 40 194 189 203 227 165 151 88 374 139 218 99 244 112 215 280 113 170 72 282 156 105 221 33 72 258 291 272 149 117 130 147 265 264 176 100 199 195 204 60 309
 193 94 189 242 205 308 268 301 323 87 169 372 216 72 183 164 218 298 232 295 194 131 338 306 115 56 95 248 216 171 156 98 272 173 130 326 198 100 41 80 209 130 323 222 122 255 353 297 60 131 1 165 273 166 110 184 78 205 127 110 188 286 161 150 182 343 55 276 173 311 247 191 331 164 250 39 221 55 301 280 244 179 200 342 362 232 111 93 204 254 208 307 164 223 203 154 173 220 226 311 38 143 271 232 74 339 228 291 298 296 290 272 227 193 47 237 82 338 292 126 51 200 222 254 150 268 95 331 252 264 64 215 269 109 7 51 329 143 70 170 66 78 73 335 245 183 54 368 213 257 229 318 38 277 322 226 233 196 329 275 162 235 150 125 269 329 167 56 245 102 100 237 134 227 227 292 269 79 75 326
 143 77 61 78 136 229 142 163 332 192 6 243 228 120 20 286 88 159 251 256 121 85 216 191 261 120 256 125 297 303 104 68 320 163 91 277 287 162 205 133 139 67 205 176 285 299 372 199 110 41 165 1 139 2 63 36 129 231 187 149 74 215 138 223 18 266 143 119 303 249 252 249 334 178 160 202 308 131 231 267 81 84 41 217 236 103 249 257 91 238 321 364 324 299 189 229 39 108 287 225 162 188 214 230 113 236 85 186 273 237 246 247 79 306 146 239 246 211 198 215 184 125 90 309 45 249 74 280 236 329 201 301 247 151 171 158 354 223 208 24 224 227 234 224 181 137 116 406 110 244 79 257 140 233 302 73 191 33 303 147 89 252 55 108 289 314 311 173 98 141 187 301 298 153 85 206 210 241 97 337
 122 182 181 97 101 123 17 29 280 258 139 105 209 206 134 337 57 26 228 180 249 222 79 61 337 244 350 30 312 360 240 186 303 164 148 186 311 218 309 208 99 205 70 130 378 283 321 82 214 151 273 139 1 138 194 156 207 222 226 285 86 122 274 254 130 153 230 60 357 153 217 260 277 187 75 310 325 256 133 211 94 213 102 80 98 42 319 359 71 189 357 346 410 310 167 259 109 219 290 114 283 216 136 197 202 108 55 66 205 147 168 186 168 346 236 206 347 73 87 262 269 251 192 300 127 194 201 187 188 325 324 320 190 287 279 283 312 260 289 119 338 311 345 92 113 270 237 366 226 196 62 160 260 160 231 156 140 126 226 15 223 228 125 159 255 245 378 298 44 277 244 302 399 274 54 100 131 336 200 285
 144 78 61 77 137 230 141 163 333 193 5 243 229 121 19 287 88 159 252 257 121 85 216 191 262 121 257 125 298 304 104 69 321 164 92 277 288 163 206 134 140 67 205 176 285 299 372 199 111 42 166 2 138 1 63 35 130 232 188 149 74 216 138 224 17 266 144 118 304 249 252 250 335 178 161 203 309 132 232 268 80 84 40 217 236 103 250 258 92 238 322 365 325 300 190 230 39 107 288 225 163 189 214 230 114 236 85 186 274 237 246 247 78 307 147 240 247 211 198 216 185 125 89 310 46 250 75 281 236 330 202 302 248 151 172 159 355 224 209 24 225 228 235 224 181 137 117 407 110 245 79 257 141 234 303 72 191 32 303 147 89 253 56 109 290 314 312 174 98 141 188 302 299 153 85 206 211 242 98 338
 164 47 82 139 165 268 194 220 341 157 65 299 231 87 78 251 140 216 253 281 108 45 269 241 216 60 203 176 278 265 75 28 315 169 94 306 265 138 150 104 169 31 256 199 231 294 378 243 65 48 110 63 194 63 1 76 99 229 168 93 116 250 101 203 78 305 103 180 266 282 259 237 346 176 200 145 287 70 266 282 142 80 102 271 291 155 207 201 135 253 291 356 273 282 200 209 86 119 275 266 101 175 243 239 81 283 142 232 293 269 272 266 118 275 103 247 191 266 241 189 139 114 116 300 73 266 16 310 251 317 140 281 265 95 116 97 358 201 164 77 165 180 175 274 211 112 57 406 116 258 138 290 80 259 321 117 213 91 324 201 70 255 80 105 293 331 268 111 157 84 158 289 242 144 142 246 240 188 57 346
 177 105 28 75 169 257 162 177 367 222 32 258 263 149 25 316 112 173 286 289 94 78 234 212 287 134 278 148 331 332 87 91 355 199 126 308 321 194 224 164 172 65 224 209 305 334 407 224 135 73 184 36 156 35 76 1 159 266 220 146 105 245 121 256 31 293 170 123 332 279 287 284 369 213 189 220 342 143 261 301 78 58 56 234 252 126 276 275 120 272 353 399 347 333 224 262 71 74 322 252 175 223 245 265 142 259 104 210 307 268 278 280 46 338 172 274 265 227 225 247 210 97 55 344 81 283 90 311 270 364 211 335 281 148 190 168 389 256 235 56 238 252 250 245 212 115 132 441 78 278 95 287 154 266 335 43 224 31 335 166 69 287 90 142 324 347 339 182 113 140 218 336 316 123 105 233 242 262 123 372
 116 56 175 196 129 231 199 235 258 64 134 300 148 14 148 158 155 231 167 220 205 140 266 232 137 86 144 179 180 175 170 74 221 97 60 250 166 40 106 6 133 129 250 145 173 201 292 221 42 89 78 129 207 130 99 159 1 141 70 156 124 209 189 105 144 266 25 221 175 234 179 140 265 92 175 111 189 97 224 209 198 179 154 270 290 166 122 154 137 181 195 261 207 184 128 110 120 217 179 234 105 81 194 161 20 263 168 217 225 220 214 198 205 179 33 167 142 267 216 91 64 212 209 205 97 195 87 255 179 220 140 182 196 156 82 113 270 102 86 124 141 107 145 260 167 205 77 315 214 185 172 241 88 201 250 200 156 159 257 206 168 170 92 50 206 258 185 124 186 146 60 192 194 242 166 215 192 130 43 262
