NAME : domp200p50v5
COMMENT : (Deleplanque et al.) 
TYPE : DOMP
DIMENSION : 200
DISPLAY_DATA_TYPE: NO_DISPLAY
OPEN_FACILITIES : 50
COST_SECTION
 1 215 135 362 205 207 241 145 272 216 143 57 80 228 179 207 257 144 311 158 186 283 294 188 381 106 52 140 116 296 126 210 226 14 226 156 145 319 82 94 383 86 96 108 195 291 307 324 177 318 181 181 207 358 302 385 360 349 222 92 223 122 250 263 73 207 361 290 319 294 334 278 246 90 306 211 382 106 111 153 333 301 230 127 65 262 47 309 212 190 273 298 153 306 183 89 52 200 266 271 219 190 313 147 212 214 14 227 255 261 68 281 101 270 275 363 124 66 300 287 297 86 221 132 218 167 181 209 169 141 64 259 127 90 267 345 237 301 200 55 257 192 239 164 100 329 191 99 117 282 37 266 156 311 366 104 208 235 179 191 103 166 108 208 376 259 242 173 34 313 77 80 379 254 321 240 363 230 252 52 210 338 75 291 132 116 123 316 194 371 135 123 181 289 100 125 91 237 217 352
 215 1 87 148 45 185 164 71 267 109 185 264 138 21 253 79 138 117 192 72 224 70 304 130 192 317 262 177 106 200 131 14 146 212 58 142 190 222 295 307 172 300 306 128 40 182 151 118 70 230 174 138 253 164 203 172 161 150 168 247 258 125 45 111 170 173 167 119 127 154 129 201 54 191 312 46 182 195 107 95 119 138 76 181 155 75 190 199 225 103 219 196 225 164 38 187 207 265 81 100 210 190 120 187 154 124 212 22 106 49 259 111 141 70 193 149 115 231 271 132 135 162 146 190 24 119 259 166 69 127 181 113 108 243 92 151 258 186 225 203 143 153 91 199 126 157 228 256 152 124 235 56 98 98 152 216 93 94 53 171 317 129 183 87 162 131 181 166 182 208 291 150 165 274 110 88 151 150 93 246 121 136 212 201 243 134 184 119 24 157 81 227 102 152 265 239 145 101 7 138
 135 87 1 230 95 140 190 28 225 100 155 187 56 103 182 116 182 97 242 26 161 155 259 138 250 239 179 147 52 239 55 79 171 135 94 81 119 221 216 227 250 218 229 44 61 226 183 203 83 268 166 139 191 226 244 252 227 216 137 186 200 88 117 170 108 131 229 161 187 211 213 187 112 137 269 78 249 147 26 83 203 174 100 145 82 150 105 245 171 119 240 238 152 222 51 103 121 198 134 169 209 136 180 159 122 149 135 95 163 129 174 152 91 151 224 235 35 165 240 162 201 106 167 155 97 116 188 175 75 59 95 169 27 182 162 212 205 233 166 118 145 110 145 176 69 202 165 171 74 187 160 141 88 183 236 165 125 110 72 169 236 123 137 84 247 179 201 110 101 252 209 65 248 223 196 112 230 175 154 161 101 204 151 194 163 93 145 183 70 239 20 147 112 171 179 159 59 113 87 220
 362 148 230 1 169 280 249 218 343 199 314 410 284 137 369 189 206 251 229 210 333 82 379 244 116 463 408 308 252 254 265 153 238 359 151 262 312 249 442 453 38 447 452 268 172 234 156 76 203 278 290 255 357 94 253 32 80 77 253 389 356 266 116 169 314 267 94 133 95 192 78 254 127 332 384 160 86 333 253 231 31 145 159 315 301 131 334 242 322 219 295 247 346 193 180 324 350 374 121 146 312 294 96 315 244 223 359 136 172 103 402 135 284 111 260 32 253 376 332 154 160 305 241 323 150 245 374 269 207 256 323 176 247 385 142 91 350 229 327 346 200 254 173 323 271 134 335 394 285 164 382 104 232 56 20 355 200 170 191 283 464 254 321 187 24 197 268 277 329 251 437 293 19 362 62 159 24 240 161 390 214 69 355 244 372 274 318 85 170 12 227 357 223 180 403 370 286 174 146 13
 205 45 95 169 1 217 121 70 301 148 148 248 134 38 275 35 98 83 155 92 249 89 337 88 231 301 255 142 91 160 147 54 103 200 101 167 211 264 282 293 199 290 290 138 75 143 195 120 34 190 133 96 279 202 163 197 197 186 204 221 286 98 86 78 149 206 205 162 167 120 129 241 98 164 346 86 217 165 107 63 139 181 119 148 142 58 189 161 254 60 176 157 245 131 63 196 207 289 124 75 167 219 160 150 189 80 200 65 71 84 258 155 117 66 150 163 129 209 309 175 107 139 102 156 25 80 280 123 39 148 184 78 120 218 68 189 289 148 252 205 185 184 54 161 108 199 254 262 167 94 219 66 64 114 169 187 50 137 27 129 306 90 153 125 179 92 138 194 175 169 281 153 186 305 119 131 178 107 60 244 158 172 188 242 257 106 151 158 34 180 81 241 61 196 270 252 151 143 51 162
 207 185 140 280 217 1 327 166 86 84 289 261 161 205 97 247 313 236 371 130 58 233 121 277 236 301 225 281 188 374 97 173 308 216 140 63 68 119 274 284 281 265 293 121 146 358 149 289 218 403 304 278 79 225 378 288 235 227 31 290 77 224 181 293 225 14 228 155 196 336 300 76 163 257 131 143 252 271 151 222 264 152 126 275 192 259 161 377 43 256 379 371 86 347 156 121 161 97 161 284 348 22 192 293 37 285 216 176 287 197 198 149 221 251 361 299 113 265 102 138 319 229 305 285 206 255 102 314 210 85 144 294 119 287 276 216 75 364 49 157 89 34 270 311 200 179 59 165 95 307 243 233 227 254 294 284 259 112 203 308 282 262 263 103 302 309 340 37 184 385 256 139 296 90 275 123 268 312 275 196 69 223 260 92 122 228 275 201 185 284 159 114 250 122 174 125 128 107 181 268
 241 164 190 249 121 327 1 163 412 266 111 261 199 152 366 87 45 104 75 198 349 182 447 57 337 307 290 111 152 56 242 174 20 230 221 269 304 384 297 306 285 312 297 223 193 53 313 177 110 82 70 62 378 308 62 279 300 290 318 207 388 126 202 81 169 317 310 280 277 75 179 359 216 160 456 206 317 150 187 109 221 299 238 124 186 122 248 70 359 72 56 58 335 84 178 273 266 383 241 104 68 324 272 109 302 43 230 184 78 195 307 273 143 143 37 229 222 210 423 294 99 156 24 125 142 80 371 37 118 248 251 74 214 204 108 297 394 65 355 266 304 295 81 104 153 314 353 326 257 90 236 159 104 197 240 167 73 256 127 58 324 78 142 243 249 54 20 298 221 73 306 226 260 411 188 251 265 16 90 290 274 275 186 362 337 128 129 266 151 260 171 321 78 315 331 330 230 263 171 246
 145 71 28 218 70 166 163 1 250 116 139 194 68 85 209 88 155 75 214 40 188 140 285 112 250 247 192 130 40 212 82 67 144 142 95 107 146 238 225 237 241 230 236 69 59 199 191 183 56 241 144 114 218 224 217 242 224 212 160 183 227 71 109 144 104 156 227 165 185 184 193 207 108 129 295 77 245 137 39 58 189 180 106 130 85 126 122 218 197 92 214 211 179 195 43 127 140 225 133 143 186 162 179 142 144 122 142 85 136 118 192 156 80 130 198 219 62 165 264 170 175 98 140 140 76 91 215 150 47 86 115 142 54 179 137 211 232 206 193 137 160 134 118 158 61 206 193 194 100 161 166 123 63 167 222 157 98 119 46 145 247 99 126 97 232 152 175 136 112 225 221 85 235 249 178 119 220 148 128 178 120 200 147 213 189 78 131 180 51 227 12 173 86 182 201 184 82 124 73 208
 272 267 225 343 301 86 412 250 1 160 370 321 239 286 109 331 398 320 455 215 87 308 38 361 275 352 277 362 271 458 178 255 393 283 217 146 130 121 326 334 337 313 346 201 229 443 194 364 303 488 388 362 74 272 462 346 285 279 100 360 58 307 256 376 302 97 275 212 252 419 374 93 238 334 46 223 299 349 234 307 332 202 201 356 269 341 228 461 61 341 464 456 123 430 239 184 222 93 229 366 432 92 250 374 114 370 283 255 371 272 245 209 302 330 446 366 196 334 37 191 401 307 389 365 289 339 111 398 295 168 212 378 202 358 358 266 41 448 73 219 145 118 354 392 281 223 83 204 171 390 308 311 312 326 359 359 343 184 288 392 328 347 342 182 366 393 424 117 255 469 305 215 358 34 348 195 328 397 358 248 147 280 334 108 156 310 355 260 269 345 244 157 335 167 212 162 205 178 262 331
 216 109 100 199 148 84 266 116 160 1 253 272 146 128 171 181 245 189 300 78 135 151 197 222 174 319 249 245 150 307 92 97 247 220 58 72 118 124 294 305 204 291 310 109 74 290 93 206 158 337 257 226 160 156 310 210 163 154 61 281 160 185 98 220 205 71 160 83 122 263 217 95 80 235 205 65 183 246 122 171 181 89 43 243 176 182 174 307 126 197 320 303 150 272 88 147 183 176 80 208 299 96 117 256 49 223 220 96 215 114 232 75 190 171 297 216 93 259 163 74 242 204 245 253 132 203 177 260 152 77 158 222 93 278 199 145 157 294 130 179 46 56 199 273 168 118 137 211 107 232 247 152 176 171 212 264 194 31 140 258 309 212 236 24 220 239 281 80 185 316 281 137 216 171 192 41 189 251 201 224 16 148 247 98 180 191 244 124 116 203 115 167 193 74 221 179 125 27 104 187
 143 185 155 314 148 289 111 139 370 253 1 153 132 185 300 126 143 69 185 176 293 235 400 75 376 197 188 9 104 163 193 188 104 131 229 227 246 375 189 197 345 205 187 170 192 163 326 253 117 181 43 64 320 348 169 343 344 332 290 97 333 69 229 165 77 282 350 298 310 180 260 341 235 55 411 210 364 41 139 91 284 315 242 18 106 187 165 179 311 97 132 167 269 190 175 200 181 320 262 183 77 279 304 5 275 103 131 205 158 231 211 289 69 204 140 303 177 101 389 305 195 67 98 15 172 70 304 76 116 205 174 159 172 94 183 335 343 175 303 182 297 261 148 24 90 338 298 239 200 181 131 211 88 259 311 57 117 256 133 55 216 61 37 234 321 148 106 255 134 181 200 159 329 361 258 255 324 105 163 195 255 318 78 349 261 63 21 303 162 325 139 247 92 319 241 254 167 261 190 308
 57 264 187 410 248 261 261 194 321 272 153 1 132 275 221 244 285 177 334 212 235 331 340 214 436 54 53 152 160 314 182 260 250 54 280 211 196 375 37 47 434 54 43 163 247 313 363 367 217 333 195 204 253 412 320 435 414 402 278 68 269 155 302 297 102 261 415 345 373 323 376 333 298 102 352 264 435 113 163 191 381 356 285 138 110 303 102 330 262 222 283 318 200 334 234 142 101 243 320 309 225 243 366 156 267 242 54 277 290 311 88 336 134 313 292 409 180 53 351 342 331 114 244 139 263 196 223 226 210 197 119 293 182 69 306 399 284 324 249 105 313 247 274 168 142 385 239 130 172 315 30 311 192 358 413 100 242 290 223 206 64 193 120 263 424 288 258 227 88 332 50 136 428 300 366 295 413 252 289 78 266 391 76 346 172 148 134 369 242 420 186 167 214 345 127 165 147 292 266 401
 80 138 56 284 134 161 199 68 239 146 132 132 1 152 171 143 203 96 262 80 162 206 269 143 304 184 126 125 50 253 65 132 181 79 149 100 115 260 161 172 305 164 173 41 116 243 234 250 110 279 156 140 190 281 258 306 282 271 167 137 202 76 172 201 65 156 284 214 242 237 260 221 167 97 280 133 304 111 32 94 256 226 154 117 33 191 56 263 180 135 242 253 141 249 105 75 75 191 189 205 200 149 235 136 153 163 79 149 193 182 125 205 66 196 235 286 54 114 261 213 234 69 176 127 143 120 176 175 101 79 54 198 54 134 199 267 212 252 172 73 189 136 175 155 48 255 167 133 69 219 106 190 98 234 288 124 148 161 108 162 181 123 104 134 299 203 206 126 46 268 154 29 301 230 245 165 285 185 187 111 143 259 104 232 139 76 116 238 118 292 58 124 126 219 139 133 36 163 139 274
 228 21 103 137 38 205 152 85 286 128 185 275 152 1 273 69 122 118 175 91 244 57 323 124 194 327 276 177 115 185 150 33 135 224 74 162 210 237 307 318 165 313 317 146 60 166 162 100 69 214 169 133 273 166 187 164 161 149 187 253 278 130 51 94 178 192 168 128 130 136 111 218 65 196 331 64 181 199 122 97 108 148 92 183 166 56 205 183 244 96 207 180 245 146 57 205 223 285 90 81 202 210 124 186 173 113 224 35 89 48 275 122 148 50 179 136 133 239 290 143 115 169 135 192 14 117 279 158 71 147 197 96 126 249 73 153 278 169 245 220 159 172 76 197 135 164 248 274 171 105 246 39 99 85 139 220 83 111 55 165 330 127 186 106 150 115 170 186 196 192 304 167 155 294 95 103 144 139 75 261 140 135 219 217 262 139 186 121 35 148 95 246 97 166 282 258 162 118 25 129
 179 253 182 369 275 97 366 209 109 171 300 221 171 273 1 297 363 265 423 185 40 312 121 311 332 247 174 293 215 418 129 241 348 191 221 113 65 204 222 229 374 207 242 144 215 406 245 367 264 446 326 309 36 320 423 380 329 320 126 269 53 246 261 351 225 108 323 248 289 392 378 163 245 255 132 218 347 271 180 258 349 247 210 284 195 326 140 425 65 298 412 417 32 404 218 100 128 23 249 347 370 78 285 304 129 327 191 250 344 277 139 242 235 322 402 384 148 243 144 233 381 234 343 292 270 288 7 344 255 128 128 350 156 268 340 310 70 414 52 126 184 116 326 322 218 275 40 97 111 367 213 307 263 336 381 276 306 200 254 333 221 292 267 184 390 360 375 92 170 432 199 144 386 82 355 211 359 352 334 145 156 316 248 181 50 247 282 293 245 373 200 57 290 217 104 57 138 197 250 357
 207 79 116 189 35 247 87 88 331 181 126 244 143 69 297 1 68 69 127 118 275 112 367 58 261 295 257 120 95 128 169 88 69 199 135 192 233 298 279 289 222 289 285 156 107 113 229 130 35 158 104 67 305 232 132 219 226 215 235 208 312 89 119 59 142 235 235 196 198 97 137 274 131 151 376 120 245 149 122 54 159 215 153 129 144 63 198 132 282 31 141 126 266 108 94 212 217 312 158 66 134 247 192 127 220 46 199 99 51 115 265 189 110 79 117 178 150 200 340 209 92 131 68 136 58 57 302 90 44 172 196 56 142 204 63 220 316 119 279 215 219 214 33 135 107 232 279 275 188 77 215 88 53 134 186 171 16 170 45 98 304 65 137 158 196 65 104 221 179 139 281 166 204 333 134 165 201 73 47 250 190 200 177 276 275 97 132 188 66 201 98 259 35 230 281 270 167 177 85 184
 257 138 182 206 98 313 45 155 398 245 143 285 203 122 363 68 1 114 61 185 341 143 433 72 299 334 308 140 155 63 236 149 41 248 195 260 300 358 322 331 242 335 324 221 171 46 281 133 100 93 105 82 371 270 66 237 261 251 301 237 379 137 170 38 187 302 272 248 241 39 135 337 186 185 443 182 277 178 186 110 179 267 213 153 197 83 256 65 349 70 91 60 332 50 160 275 276 379 210 61 112 314 236 142 285 44 248 156 37 161 320 242 157 104 59 186 216 236 405 264 56 174 47 156 115 91 368 75 109 239 256 32 208 234 67 259 383 52 346 274 280 280 48 141 162 280 346 335 254 46 258 122 106 156 196 197 58 231 112 94 348 94 168 222 205 10 63 288 233 73 327 229 217 400 145 224 223 41 51 304 255 236 212 338 339 142 157 230 130 217 164 323 79 287 340 333 230 238 144 204
 144 117 97 251 83 236 104 75 320 189 69 177 96 118 265 69 114 1 170 114 250 171 353 49 308 228 195 61 51 158 144 120 87 135 161 175 205 312 213 223 281 224 217 123 125 150 259 197 50 185 70 45 279 280 164 279 277 265 233 141 290 24 161 122 76 227 283 230 243 150 205 281 167 83 363 143 297 83 88 23 221 247 175 66 85 130 145 169 264 47 149 159 233 162 108 170 164 283 194 133 113 230 236 72 217 71 135 137 114 163 207 222 45 145 140 244 125 132 336 238 155 64 82 75 105 25 269 81 48 153 148 117 119 137 131 267 298 160 258 163 233 205 99 86 50 270 255 224 157 140 149 148 20 196 250 105 66 190 65 73 238 29 71 169 260 115 111 204 121 174 216 123 267 315 199 188 260 91 113 191 194 251 109 287 234 30 69 235 94 262 78 218 38 253 229 227 128 196 122 245
 311 192 242 229 155 371 75 214 455 300 185 334 262 175 423 127 61 170 1 244 401 182 491 124 333 381 361 184 213 33 295 204 86 301 248 319 359 409 371 380 266 385 371 280 228 23 328 154 159 50 143 132 431 305 29 258 294 286 358 280 438 193 218 82 240 360 306 294 281 41 152 392 236 234 500 236 308 223 245 168 206 314 266 198 253 126 314 14 408 128 83 25 392 37 217 334 333 438 257 99 131 372 277 183 342 100 301 208 87 207 376 289 212 144 52 203 276 283 462 312 72 227 92 199 169 146 428 110 168 299 315 79 268 278 107 296 442 11 405 332 333 338 103 177 219 323 405 392 313 74 309 164 164 187 215 240 117 284 171 132 397 146 215 278 222 64 82 347 289 23 379 288 236 459 170 277 249 83 100 360 311 272 260 391 398 197 202 269 187 240 224 382 137 337 398 392 289 291 198 230
 158 72 26 210 92 130 198 40 215 78 176 212 80 91 185 118 185 114 244 1 159 139 250 150 225 263 201 168 74 245 60 62 179 159 69 76 121 200 239 251 228 241 253 59 39 230 158 189 89 275 182 152 188 201 249 231 203 192 122 211 195 108 96 169 132 119 205 136 162 211 200 168 89 161 259 54 224 171 51 97 184 149 75 166 107 142 125 249 164 128 251 243 156 222 35 117 140 198 109 164 225 129 156 179 106 157 159 76 162 109 193 127 114 140 232 217 44 190 226 137 197 130 176 176 87 129 190 187 82 58 114 169 37 207 156 188 199 236 162 137 122 97 144 196 92 177 163 186 81 184 185 128 102 165 218 189 130 85 74 184 259 138 160 60 228 181 212 103 125 257 231 84 228 216 181 87 209 184 151 181 81 181 176 174 172 114 167 159 62 218 38 156 122 147 195 168 77 89 71 200
 186 224 161 333 249 58 349 188 87 135 293 235 162 244 40 275 341 250 401 159 1 280 110 295 293 267 191 286 200 399 108 212 330 197 187 84 48 168 241 249 336 229 260 128 185 386 206 335 243 428 315 294 31 281 403 343 291 282 87 275 42 234 228 326 221 69 285 210 251 368 346 126 211 252 122 186 309 268 163 241 314 208 175 278 189 298 142 405 30 279 397 398 38 379 190 99 136 43 213 321 359 40 247 297 91 308 197 218 320 244 160 204 226 292 384 349 128 249 118 194 355 228 326 286 243 272 45 330 234 103 127 326 135 273 313 272 53 393 17 132 146 79 302 315 207 236 6 121 94 342 222 276 246 302 346 277 285 164 231 321 244 278 263 149 354 338 359 59 171 412 220 135 349 70 322 175 322 334 309 162 120 278 250 143 74 236 276 256 219 337 179 72 271 179 130 78 126 160 220 321
 283 70 155 82 89 233 182 140 308 151 235 331 206 57 312 112 143 171 182 139 280 1 345 168 157 383 331 228 172 200 196 78 169 280 94 201 251 237 363 374 111 369 373 196 101 180 150 57 122 228 214 178 307 128 201 109 119 109 211 308 309 185 54 107 234 220 129 117 100 142 68 229 72 251 353 95 137 252 176 150 52 135 109 235 222 61 259 193 275 141 233 195 286 148 106 254 275 321 84 85 241 243 96 236 198 150 280 65 107 37 328 113 203 40 201 81 182 295 305 137 112 225 170 243 69 166 318 197 126 190 249 112 175 305 78 117 307 179 278 272 169 203 102 245 191 142 283 324 218 109 302 25 152 29 83 274 124 125 111 208 385 175 240 132 94 134 201 222 251 202 359 219 99 321 44 115 90 171 93 315 165 94 274 223 307 193 238 89 90 92 150 292 145 163 332 304 213 132 69 74
 294 304 259 379 337 121 447 285 38 197 400 340 269 323 121 367 433 353 491 250 110 345 1 395 307 367 294 393 304 494 210 291 427 306 255 179 156 149 342 349 372 327 362 232 266 479 228 401 338 523 420 396 88 306 498 381 319 314 137 384 72 338 293 413 330 133 309 248 287 456 411 127 275 361 12 260 332 377 266 341 368 237 238 385 298 377 252 497 90 376 498 492 142 466 275 209 244 101 266 403 464 124 285 404 151 405 306 292 407 309 260 245 333 367 481 402 228 358 55 227 437 336 424 394 325 373 121 432 330 201 237 414 235 382 395 300 59 484 99 241 181 154 390 423 312 257 106 217 200 426 330 348 346 363 396 386 379 221 323 424 341 380 371 219 402 429 459 150 280 505 319 243 394 42 385 232 363 432 395 265 184 315 359 141 171 341 384 296 305 380 278 175 369 202 224 177 234 215 299 368
 188 130 138 244 88 277 57 112 361 222 75 214 143 124 311 58 72 49 124 150 295 168 395 1 317 263 238 71 97 111 188 138 40 178 183 217 250 343 250 260 278 264 252 169 151 104 280 180 65 137 47 12 325 288 117 274 282 272 270 167 335 70 173 91 117 267 291 248 254 110 186 315 184 114 405 167 302 107 133 55 215 267 200 83 131 115 192 123 307 29 104 112 280 121 135 217 211 329 211 109 80 273 247 75 255 30 178 151 84 171 253 241 89 134 92 231 169 165 375 260 122 104 34 88 112 25 316 39 70 195 195 85 162 164 109 276 341 114 302 210 263 245 74 80 98 286 300 271 203 107 187 144 50 190 239 127 45 217 84 42 277 23 97 200 249 76 65 246 167 127 257 170 259 359 187 213 257 43 89 237 228 257 141 319 281 74 87 244 112 256 119 266 30 278 276 275 175 223 137 239
 381 192 250 116 231 236 337 250 275 174 376 436 304 194 332 261 299 308 333 225 293 157 307 317 1 486 419 368 289 355 262 189 323 383 157 244 288 161 462 473 87 461 476 276 193 334 88 183 260 381 363 326 311 30 355 98 40 49 206 432 304 315 148 262 353 225 28 93 66 294 188 183 143 378 309 175 34 384 275 286 130 87 152 372 331 217 343 345 273 289 389 348 317 298 208 319 354 331 118 240 394 255 73 378 204 303 383 172 262 148 404 102 328 196 356 147 259 413 254 102 263 348 324 381 207 310 337 350 261 248 328 268 255 428 233 42 294 332 283 350 148 222 257 390 310 58 294 383 279 262 409 179 289 147 135 405 275 149 244 358 479 320 372 175 135 290 356 248 348 355 451 304 121 301 165 142 93 326 249 396 185 63 396 168 350 323 374 74 215 110 256 338 291 115 393 350 293 149 187 110
 106 317 239 463 301 301 307 247 352 319 197 54 184 327 247 295 334 228 381 263 267 383 367 263 486 1 77 197 213 359 229 312 297 106 331 256 234 417 28 19 486 42 12 212 299 359 411 420 269 376 239 253 281 463 365 487 465 454 320 103 298 207 354 348 154 302 466 395 424 371 429 374 350 149 379 316 486 158 215 243 434 405 335 184 163 355 147 375 296 273 324 363 231 383 287 182 141 268 371 360 265 281 418 200 311 291 106 330 340 363 109 386 186 366 336 462 229 99 385 391 381 166 291 183 316 246 248 271 263 244 163 343 232 105 357 450 314 370 282 146 359 291 325 209 194 434 271 151 217 366 83 364 243 411 466 142 293 340 276 251 34 242 167 313 476 337 302 269 139 377 49 184 481 328 419 345 466 299 340 106 312 442 123 389 198 200 179 421 294 473 238 196 265 392 145 192 195 341 319 454
 52 262 179 408 255 225 290 192 277 249 188 53 126 276 174 257 308 195 361 201 191 331 294 238 419 77 1 185 166 344 159 256 276 61 268 183 158 342 50 60 428 43 70 145 239 340 341 373 227 366 228 230 207 398 350 430 401 390 245 116 223 172 295 314 122 227 401 327 360 344 383 299 289 134 305 254 422 148 156 204 380 336 269 172 115 312 77 358 220 241 319 347 155 356 229 107 67 194 307 322 263 205 353 192 236 264 61 273 306 306 36 319 152 319 323 410 162 95 309 322 348 135 270 175 266 217 174 257 219 173 92 310 167 116 318 385 239 351 207 72 287 216 289 207 151 366 195 79 144 332 60 314 206 359 413 141 259 272 229 238 61 216 153 245 423 309 290 193 82 362 33 118 426 254 370 278 408 279 303 30 241 380 113 314 124 167 168 358 242 416 182 121 232 320 75 118 128 272 264 398
 140 177 147 308 142 281 111 130 362 245 9 152 125 177 293 120 140 61 184 168 286 228 393 71 368 197 185 1 96 163 185 180 102 127 221 219 239 367 188 197 339 204 187 162 184 162 318 248 110 183 44 60 313 340 169 337 337 325 282 98 326 61 221 161 71 274 343 290 303 177 254 333 228 52 404 202 357 40 131 83 277 307 234 15 99 182 159 179 304 91 135 167 263 188 167 194 176 313 255 178 81 272 296 13 267 99 127 197 154 223 207 281 61 198 141 297 169 100 382 297 192 61 96 17 164 64 297 75 109 197 167 155 164 95 178 327 336 174 296 176 289 253 143 31 82 330 291 234 193 177 129 205 80 252 305 58 111 248 125 55 215 56 34 226 315 145 107 247 129 181 198 152 323 354 252 247 318 103 158 191 247 311 77 341 255 55 19 295 155 319 131 241 86 311 237 248 160 253 182 302
 116 106 52 252 91 188 152 40 271 150 104 160 50 115 215 95 155 51 213 74 200 172 304 97 289 213 166 96 1 205 95 104 134 111 134 127 155 272 193 204 277 200 202 74 98 195 230 209 63 232 117 95 230 263 210 277 262 251 187 144 241 37 147 153 65 180 266 204 224 188 219 238 147 90 314 116 283 98 39 46 222 219 145 94 52 147 104 214 215 86 198 205 184 200 82 122 123 233 172 158 161 181 217 108 172 115 111 122 145 154 171 195 41 155 188 250 76 127 289 208 186 59 129 104 104 73 220 131 54 104 103 150 70 140 154 250 248 204 208 121 195 159 127 125 22 245 205 181 107 171 131 152 50 199 254 118 100 157 65 122 217 78 87 133 264 154 160 156 86 220 192 76 269 266 207 158 256 138 140 156 152 238 108 246 186 42 94 218 83 261 37 171 78 219 188 180 79 161 109 243
 296 200 239 254 160 374 56 212 458 307 163 314 253 185 418 128 63 158 33 245 399 200 494 111 355 359 344 163 205 1 292 212 73 285 257 318 356 420 350 359 291 366 349 275 233 21 343 179 157 31 121 117 429 326 7 284 316 307 362 257 438 180 231 95 224 363 328 309 300 63 178 400 248 214 503 244 331 202 239 161 230 328 275 177 241 141 303 21 408 122 51 9 387 63 221 326 321 435 271 116 103 373 295 160 347 92 285 218 98 222 362 303 198 161 24 230 273 263 467 326 95 211 78 177 177 134 423 89 166 297 305 91 265 255 124 316 442 27 404 321 342 341 110 152 208 340 404 381 309 93 290 181 157 209 241 218 116 294 172 109 377 132 195 284 249 70 58 347 276 19 360 280 262 460 194 287 273 69 112 345 317 292 239 400 390 183 181 288 192 265 221 375 129 349 386 384 283 301 206 254
 126 131 55 265 147 97 242 82 178 92 193 182 65 150 129 169 236 144 295 60 108 196 210 188 262 229 159 185 95 292 1 121 223 131 116 36 65 198 203 214 278 200 219 25 96 279 184 248 137 321 211 188 138 242 297 282 246 235 103 199 148 129 150 224 129 91 245 170 204 264 259 158 139 161 221 106 267 175 57 134 240 179 114 179 97 200 83 299 121 172 291 291 98 276 94 61 93 144 154 221 255 88 198 197 90 202 131 133 216 165 144 162 125 199 277 274 21 175 198 164 254 133 219 189 145 165 134 224 128 17 67 223 29 196 214 229 155 287 115 89 132 72 198 215 104 208 113 130 22 240 159 186 139 223 273 189 179 114 126 215 218 171 167 88 283 233 252 63 97 306 190 48 282 172 239 121 260 227 207 135 85 227 167 170 113 133 179 204 120 271 73 97 164 164 139 109 36 115 130 253
 210 14 79 153 54 173 174 67 255 97 188 260 132 33 241 88 149 120 204 62 212 78 291 138 189 312 256 180 104 212 121 1 156 208 48 130 179 211 291 302 175 295 302 119 28 194 143 128 75 241 180 145 241 162 214 176 160 149 156 246 245 126 44 124 168 160 165 112 124 166 139 189 48 191 300 34 181 196 101 98 125 130 65 184 151 88 183 211 212 110 229 208 214 176 29 178 199 253 75 113 217 178 117 191 141 133 208 19 118 52 252 104 141 81 203 157 105 229 259 123 147 161 155 193 36 125 247 174 73 116 173 125 98 242 104 149 246 198 212 195 132 140 103 204 124 151 216 247 142 136 232 67 102 105 158 217 103 83 57 178 312 135 184 75 169 143 191 154 177 220 285 142 171 262 120 78 155 160 105 239 109 135 211 190 232 135 186 117 27 162 76 217 109 143 256 229 136 90 10 143
 226 146 171 238 103 308 20 144 393 247 104 250 181 135 348 69 41 87 86 179 330 169 427 40 323 297 276 102 134 73 223 156 1 216 203 250 286 365 286 295 274 300 287 205 174 65 296 168 91 99 64 47 360 294 78 269 286 276 299 199 369 109 185 72 155 298 296 263 262 78 172 341 199 149 437 188 304 140 169 90 210 282 220 115 170 110 231 84 340 53 74 73 317 88 159 255 250 365 224 94 75 305 256 102 283 24 216 167 68 179 292 256 127 130 55 221 203 199 404 277 96 142 7 117 125 63 353 34 99 229 233 65 196 196 98 282 375 76 336 249 286 276 67 100 136 298 335 310 238 84 224 145 86 186 230 159 54 238 108 54 313 62 131 224 240 48 36 279 206 89 294 208 251 392 178 233 254 5 78 275 255 261 176 343 319 113 119 251 133 250 152 303 59 298 315 313 212 245 153 235
 14 212 135 359 200 216 230 142 283 220 131 54 79 224 191 199 248 135 301 159 197 280 306 178 383 106 61 127 111 285 131 208 216 1 227 162 155 327 84 95 382 91 95 111 194 280 310 319 170 307 169 170 219 359 291 383 361 349 230 80 235 113 249 255 62 215 362 292 320 285 328 285 245 77 317 211 382 93 110 146 330 303 232 114 59 256 56 299 223 182 261 287 165 297 182 99 64 213 267 264 207 199 313 135 218 204 1 225 247 259 81 283 92 265 263 359 128 53 310 290 289 75 210 119 214 158 194 198 163 147 73 251 129 78 261 346 249 291 211 67 262 199 231 151 94 332 202 113 124 274 29 262 148 308 363 91 200 238 174 179 107 156 95 211 373 250 230 181 36 302 83 84 377 265 317 242 361 219 245 65 214 338 61 298 145 107 111 316 191 368 133 135 173 293 114 138 96 240 215 350
 226 58 94 151 101 140 221 95 217 58 229 280 149 74 221 135 195 161 248 69 187 94 255 183 157 331 268 221 134 257 116 48 203 227 1 112 162 165 308 319 163 309 321 124 38 239 99 150 120 287 225 190 214 133 260 167 135 123 119 276 216 163 41 167 197 127 136 71 94 209 161 145 25 224 262 19 156 231 119 140 129 87 19 222 174 126 192 256 182 157 275 253 197 218 55 176 205 229 41 153 263 150 87 231 106 180 227 41 162 58 257 62 174 114 250 164 107 257 218 78 187 193 201 232 81 169 227 221 117 106 179 169 102 273 144 120 214 242 185 201 86 110 148 246 155 112 191 245 136 177 253 95 144 116 162 251 149 38 101 223 326 179 220 39 171 188 237 130 193 264 299 151 169 229 136 31 146 207 148 247 72 113 241 144 222 171 224 91 72 157 100 207 154 96 254 220 142 45 52 140
 156 142 81 262 167 63 269 107 146 72 227 211 100 162 113 192 260 175 319 76 84 201 179 217 244 256 183 219 127 318 36 130 250 162 112 1 51 165 230 240 271 225 247 60 103 304 162 255 162 347 243 218 114 227 322 276 233 223 69 233 121 162 151 243 164 57 230 154 191 285 266 124 136 196 189 107 253 210 90 163 240 159 104 214 132 215 111 323 91 199 320 316 86 297 107 78 116 124 145 238 287 56 186 231 57 228 162 138 237 166 162 146 160 210 304 275 52 208 163 144 272 167 247 223 160 195 119 254 153 23 94 243 58 230 230 215 125 311 87 112 105 38 219 249 138 188 88 140 40 259 190 195 168 226 273 223 204 99 148 247 242 202 202 77 282 256 281 30 129 331 215 81 279 143 244 108 255 255 226 156 60 216 202 137 111 166 213 193 136 267 100 97 192 139 150 110 69 98 139 250
 145 190 119 312 211 68 304 146 130 118 246 196 115 210 65 233 300 205 359 121 48 251 156 250 288 234 158 239 155 356 65 179 286 155 162 51 1 186 207 217 320 198 226 82 152 343 203 305 201 384 269 249 76 273 360 326 281 271 92 232 88 188 201 287 175 72 276 200 239 328 316 143 187 206 167 157 300 222 118 197 291 202 154 231 143 262 99 362 69 235 352 355 36 340 154 56 96 80 194 283 313 48 234 250 87 265 155 188 280 217 130 192 180 259 340 325 85 206 157 187 317 182 281 240 207 227 71 285 192 64 83 286 93 229 276 262 99 351 59 92 143 68 262 269 160 232 53 99 49 303 181 244 201 276 323 231 243 147 190 275 215 232 216 126 332 297 314 42 126 369 188 88 329 116 294 157 304 290 270 129 105 265 205 159 63 189 230 241 182 318 137 51 228 178 109 63 80 145 188 300
 319 222 221 249 264 119 384 238 121 124 375 375 260 237 204 298 358 312 409 200 168 237 149 343 161 417 342 367 272 420 198 211 365 327 165 165 186 1 390 400 234 382 408 220 193 402 94 288 279 450 380 348 174 165 423 244 179 176 98 396 163 307 193 329 323 116 167 123 155 370 297 44 175 354 150 179 189 366 241 294 245 106 146 365 292 285 274 418 140 317 438 416 202 378 209 236 277 196 155 312 421 140 155 379 109 342 327 203 325 206 316 125 311 269 413 276 207 371 95 102 345 324 364 375 244 325 208 381 274 183 257 332 209 393 304 162 149 404 154 272 81 128 311 395 289 117 166 283 204 337 354 249 298 247 267 382 312 128 261 380 400 335 357 144 271 351 400 149 293 427 373 245 260 151 270 135 229 370 311 313 121 181 363 29 239 313 365 166 234 247 237 232 314 75 292 242 232 122 215 238
 82 295 216 442 282 274 297 225 326 294 189 37 161 307 222 279 322 213 371 239 241 363 342 250 462 28 50 188 193 350 203 291 286 84 308 230 207 390 1 12 464 22 21 187 276 349 386 401 251 369 231 241 255 439 357 466 441 430 293 100 272 191 332 333 138 276 442 370 400 359 410 347 327 138 353 292 463 149 192 226 413 380 311 174 142 337 121 366 269 258 319 354 204 371 264 155 115 242 347 344 260 254 394 192 284 278 84 308 325 342 83 361 170 347 328 442 204 89 358 366 367 150 280 175 296 232 222 263 244 218 137 329 207 101 341 426 288 361 256 119 333 264 310 204 176 409 244 126 191 351 65 344 227 391 446 135 278 315 257 242 28 229 157 288 456 325 294 242 116 369 25 159 460 302 399 320 444 289 324 80 286 419 112 362 172 184 170 397 274 451 216 170 250 366 120 166 170 316 298 433
 94 307 227 453 293 284 306 237 334 305 197 47 172 318 229 289 331 223 380 251 249 374 349 260 473 19 60 197 204 359 214 302 295 95 319 240 217 400 12 1 476 24 17 198 287 358 397 412 262 377 239 250 263 450 365 477 453 441 303 106 280 201 343 344 148 286 454 381 412 369 421 357 338 147 361 304 474 158 203 236 425 391 322 183 153 348 132 375 278 269 326 363 213 380 276 166 125 250 359 355 268 264 405 200 295 288 95 319 336 353 91 372 180 358 337 453 215 97 367 377 377 160 289 183 307 242 229 271 255 229 148 339 219 108 351 437 296 370 265 130 344 275 320 211 186 420 253 133 201 362 75 355 237 402 457 143 288 326 268 251 22 239 166 299 467 334 303 252 127 377 31 170 471 310 410 332 455 298 335 89 297 430 121 372 180 194 179 409 285 462 227 179 260 377 127 174 181 327 309 444
 383 172 250 38 199 281 285 241 337 204 345 434 305 165 374 222 242 281 266 228 336 111 372 278 87 486 428 339 277 291 278 175 274 382 163 271 320 234 464 476 1 467 476 285 190 271 145 113 232 315 324 288 359 72 290 12 57 60 253 417 356 294 134 205 340 269 70 128 87 229 115 246 141 360 376 175 55 362 273 260 65 136 168 346 325 165 352 279 323 251 331 284 353 230 201 338 367 377 127 182 347 297 91 347 246 258 382 157 208 124 419 133 311 145 297 66 269 402 323 148 197 332 276 354 177 276 379 304 235 268 340 212 263 413 177 74 349 266 329 363 196 259 208 356 297 118 338 407 298 200 405 135 262 89 53 384 233 175 219 317 485 285 350 196 50 233 304 283 350 288 458 311 35 359 98 164 22 276 196 408 219 59 382 233 382 302 348 81 195 27 249 367 255 171 417 380 303 178 169 39
 86 300 218 447 290 265 312 230 313 291 205 54 164 313 207 289 335 224 385 241 229 369 327 264 461 42 43 204 200 366 200 295 300 91 309 225 198 382 22 24 467 1 40 186 278 364 383 409 260 385 247 255 241 439 372 469 442 431 286 119 258 202 335 345 149 268 443 369 401 372 418 339 329 153 338 294 463 165 195 236 418 378 310 190 149 346 119 381 258 270 336 369 192 384 268 149 109 227 348 354 278 245 394 209 278 291 91 312 337 345 70 360 181 355 344 448 203 106 346 364 378 162 294 192 303 245 207 278 253 215 134 340 207 120 351 426 274 375 244 114 329 258 320 221 184 407 232 111 186 363 77 351 237 396 451 153 289 313 264 258 19 242 172 287 461 337 310 234 119 384 11 159 464 288 406 319 448 303 335 70 283 420 128 355 158 195 186 398 279 455 220 158 261 362 104 152 169 314 302 437
 96 306 229 452 290 293 297 236 346 310 187 43 173 317 242 285 324 217 371 253 260 373 362 252 476 12 70 187 202 349 219 302 287 95 321 247 226 408 21 17 476 40 1 202 288 349 402 409 258 366 230 242 275 453 355 477 455 443 311 94 292 196 343 337 143 294 456 385 414 361 418 366 340 139 373 305 476 148 204 232 423 395 325 174 152 344 137 366 289 262 315 353 224 372 276 174 133 262 361 349 256 273 407 190 302 281 95 319 330 353 103 376 175 355 327 451 219 89 378 381 370 155 281 173 305 236 242 262 252 234 154 332 222 96 347 440 308 361 276 137 350 282 315 200 184 424 264 146 208 355 72 353 233 400 455 132 282 330 265 241 37 232 157 303 466 327 293 260 129 367 45 174 470 322 408 335 455 289 329 99 303 432 113 380 192 189 170 410 284 462 227 190 254 382 140 186 186 331 308 443
 108 128 44 268 138 121 223 69 201 109 170 163 41 146 144 156 221 123 280 59 128 196 232 169 276 212 145 162 74 275 25 119 205 111 124 60 82 220 187 198 285 186 202 1 98 264 201 245 122 303 189 168 157 254 280 288 257 246 127 176 168 108 154 212 106 115 257 184 215 251 256 181 146 138 243 111 278 151 37 116 242 194 125 156 73 193 69 283 143 155 271 275 113 263 92 60 83 161 163 211 233 111 209 174 113 184 111 134 204 167 135 175 102 194 259 275 18 152 221 180 243 109 200 165 139 146 149 204 113 39 56 210 23 173 205 241 176 271 136 79 152 96 186 192 81 223 133 129 35 229 139 184 120 223 276 165 164 129 114 194 204 151 144 102 286 219 233 86 76 289 177 29 286 194 238 134 266 209 196 124 105 236 144 192 121 110 155 213 113 276 58 105 147 183 137 116 19 130 128 258
 195 40 61 172 75 146 193 59 229 74 192 247 116 60 215 107 171 125 228 39 185 101 266 151 193 299 239 184 98 233 96 28 174 194 38 103 152 193 276 287 190 278 288 98 1 217 135 154 87 263 190 156 214 167 237 192 168 156 131 240 218 126 58 148 161 134 171 108 128 191 165 168 52 187 274 20 189 194 85 104 146 124 51 185 140 114 164 234 185 125 247 230 187 202 18 154 179 226 76 139 230 151 122 195 116 151 194 38 143 70 231 99 138 108 224 179 82 221 235 114 173 156 172 195 61 135 221 189 82 90 152 150 76 236 131 154 219 221 185 175 113 114 126 210 118 148 189 224 117 162 219 93 109 128 179 214 121 67 68 189 296 144 183 52 189 166 208 127 162 243 269 123 190 235 144 64 170 178 130 220 84 144 205 170 207 134 187 124 42 180 64 192 122 130 233 204 115 73 37 161
 291 182 226 234 143 358 53 199 443 290 163 313 243 166 406 113 46 150 23 230 386 180 479 104 334 359 340 162 195 21 279 194 65 280 239 304 343 402 349 358 271 364 349 264 217 1 323 159 144 49 121 111 416 306 22 264 296 287 346 259 424 173 212 76 219 347 307 289 280 43 159 382 229 212 488 227 310 202 228 150 210 309 257 176 234 122 295 20 394 110 67 15 375 45 205 316 313 423 252 96 110 358 275 161 331 81 280 200 79 202 356 284 192 141 32 210 260 262 451 307 75 206 71 177 160 126 412 89 152 284 296 72 252 256 104 296 428 13 390 312 324 326 92 155 199 320 390 373 297 73 287 161 146 189 222 219 102 276 157 110 376 126 193 267 229 52 61 333 269 27 357 270 243 445 174 268 253 62 93 339 300 272 238 382 380 177 180 268 176 245 208 364 118 330 378 374 272 283 188 234
 307 151 183 156 195 149 313 191 194 93 326 363 234 162 245 229 281 259 328 158 206 150 228 280 88 411 341 318 230 343 184 143 296 310 99 162 203 94 386 397 145 383 402 201 135 323 1 197 217 372 322 287 224 80 344 154 92 86 120 368 218 260 113 249 290 138 83 35 63 288 206 102 98 318 232 117 107 327 207 238 152 15 86 319 263 203 266 338 187 253 367 338 230 295 152 238 275 244 73 230 359 168 63 329 118 273 310 130 246 122 323 41 270 185 339 183 184 347 178 22 260 287 295 329 172 267 250 316 214 169 250 253 182 364 222 73 209 324 196 271 62 136 235 344 249 31 207 300 198 255 338 165 242 156 174 346 243 75 199 320 401 277 316 101 179 274 331 162 276 347 373 228 169 218 179 73 138 299 232 316 102 89 333 89 264 268 321 73 169 156 194 253 251 29 310 265 217 72 145 145
 324 118 203 76 120 289 177 183 364 206 253 367 250 100 367 130 133 197 154 189 335 57 401 180 183 420 373 248 209 179 248 128 168 319 150 255 305 288 401 412 113 409 409 245 154 159 197 1 152 203 224 191 363 157 178 106 144 137 266 336 365 215 109 97 267 276 157 166 140 117 12 282 128 279 408 150 156 278 221 179 54 183 165 257 261 67 304 167 331 158 220 172 340 119 155 304 322 377 137 75 242 298 138 254 254 156 319 118 101 93 374 164 235 55 185 54 232 327 360 187 85 256 171 264 109 185 373 200 158 243 297 104 225 333 72 149 363 154 333 319 223 259 107 259 227 183 338 373 269 89 338 63 179 42 64 299 137 181 146 216 425 193 266 188 73 124 195 277 293 176 400 266 85 377 20 170 96 170 93 360 221 124 304 276 360 223 261 128 134 87 194 344 164 214 381 356 261 187 119 77
 177 70 83 203 34 218 110 56 303 158 117 217 110 69 264 35 100 50 159 89 243 122 338 65 260 269 227 110 63 157 137 75 91 170 120 162 201 279 251 262 232 260 258 122 87 144 217 152 1 187 106 71 273 232 162 230 228 217 209 188 281 65 114 92 116 208 235 186 195 130 160 252 122 130 348 103 248 131 88 29 172 204 136 115 113 87 165 163 252 40 163 156 234 142 71 178 184 280 149 97 144 217 189 119 193 68 170 90 84 115 233 178 85 98 144 196 117 177 314 197 125 106 88 124 56 51 270 103 10 141 162 90 109 184 92 219 286 151 248 182 199 186 66 131 77 225 248 241 155 110 188 100 31 148 202 153 43 153 19 104 276 61 119 136 212 97 124 190 147 170 252 133 219 303 152 149 211 95 78 218 166 202 155 255 241 73 118 187 49 213 65 225 36 214 248 236 133 159 75 195
 318 230 268 278 190 403 82 241 488 337 181 333 279 214 446 158 93 185 50 275 428 228 523 137 381 376 366 183 232 31 321 241 99 307 287 347 384 450 369 377 315 385 366 303 263 49 372 203 187 1 140 141 458 353 28 307 342 334 392 274 467 206 261 124 247 392 354 338 327 88 201 430 277 234 533 274 356 221 267 189 255 357 305 197 266 170 328 37 437 150 54 35 415 85 251 353 346 463 300 144 113 402 323 178 376 120 307 248 127 251 385 332 222 189 46 252 301 281 497 355 120 234 104 195 207 161 451 110 195 326 331 120 293 271 152 343 472 50 433 346 372 370 140 167 234 368 432 406 337 120 310 209 184 235 264 235 145 323 201 129 396 158 215 314 271 100 77 376 301 28 380 306 285 489 219 316 298 95 141 368 346 319 258 430 417 208 200 316 222 289 249 402 157 378 411 411 310 330 236 279
 181 174 166 290 133 304 70 144 388 257 43 195 156 169 326 104 105 70 143 182 315 214 420 47 363 239 228 44 117 121 211 180 64 169 225 243 269 380 231 239 324 247 230 189 190 121 322 224 106 140 1 37 344 334 127 320 328 317 302 139 356 83 217 131 111 296 336 291 299 141 230 349 227 96 430 207 348 83 155 87 260 310 240 58 135 161 197 137 331 75 92 124 296 150 173 228 214 346 254 151 45 297 292 41 286 70 169 195 126 216 249 283 92 180 98 276 193 143 404 302 159 99 59 57 157 56 331 34 109 221 203 125 187 136 153 321 364 133 324 214 301 274 119 37 110 330 320 273 222 146 172 190 83 236 285 99 91 256 124 12 258 47 77 237 295 111 64 272 167 139 241 184 304 382 232 253 303 65 133 232 262 303 120 355 291 81 62 289 154 301 147 277 73 319 277 284 191 262 180 285
