NAME : domp20p5v2
COMMENT : (Deleplanque et al.) 
TYPE : DOMP
DIMENSION : 20
DISPLAY_DATA_TYPE: NO_DISPLAY
OPEN_FACILITIES : 5
COST_SECTION
 1 316 182 132 309 183 287 228 291 255 156 131 266 148 160 151 126 220 292 207
 316 1 401 189 187 158 235 291 26 66 417 221 237 180 180 175 209 112 318 114
 182 401 1 230 298 322 246 152 378 357 55 184 226 285 304 235 201 340 196 318
 132 189 230 1 196 98 194 179 164 133 236 54 178 67 88 22 32 111 236 89
 309 187 298 196 1 253 61 151 179 197 335 178 76 245 259 176 187 225 148 203
 183 158 322 98 253 1 270 273 136 93 319 151 258 39 26 105 129 47 325 54
 287 235 246 194 61 270 1 96 223 232 288 161 23 253 271 176 176 251 88 227
 228 291 152 179 151 273 96 1 273 268 196 129 77 245 265 169 150 270 66 244
 291 26 378 164 179 136 223 273 1 44 393 197 223 156 157 151 184 90 303 90
 255 66 357 133 197 93 232 268 44 1 367 174 228 115 115 124 158 47 306 50
 156 417 55 236 335 319 288 196 393 367 1 197 267 281 298 244 210 344 246 324
 131 221 184 54 178 151 161 129 197 174 197 1 142 120 140 52 23 160 189 136
 266 237 226 178 76 258 23 77 223 228 267 142 1 239 257 161 158 243 82 217
 148 180 285 67 245 39 253 245 156 115 281 120 239 1 21 80 97 74 301 68
 160 180 304 88 259 26 271 265 157 115 298 140 257 21 1 99 118 70 321 71
 151 175 235 22 176 105 176 169 151 124 244 52 161 80 99 1 35 109 223 85
 126 209 201 32 187 129 176 150 184 158 210 23 158 97 118 35 1 141 210 117
 220 112 340 111 225 47 251 270 90 47 344 160 243 74 70 109 141 1 317 27
 292 318 196 236 148 325 88 66 303 306 246 189 82 301 321 223 210 317 1 291
 207 114 318 89 203 54 227 244 90 50 324 136 217 68 71 85 117 27 291 1
LAMBDA_SECTION
1  19
2  16
3  16
4  5
5  19
6  9
7  11
8  15
9  18
10  7
11  15
12  17
13  9
14  12
15  10
16  14
17  19
18  8
19  15
20  9
