NAME : domp180p60v6
COMMENT : (Deleplanque et al.) 
TYPE : DOMP
DIMENSION : 180
DISPLAY_DATA_TYPE: NO_DISPLAY
OPEN_FACILITIES : 60
COST_SECTION
 1 220 92 114 349 301 294 244 287 277 32 194 289 91 263 269 302 343 166 401 169 116 124 320 135 288 23 331 187 381 400 207 108 86 145 142 304 215 349 89 199 271 240 69 211 314 223 87 244 275 303 235 57 422 216 158 327 73 288 121 168 263 99 420 144 246 232 199 277 252 408 137 347 46 217 109 85 145 164 158 203 177 284 115 137 350 373 287 208 207 145 169 62 187 132 58 177 293 310 309 298 364 211 122 216 383 184 244 296 369 259 433 174 367 243 20 285 276 224 20 281 255 163 148 156 116 81 234 168 238 189 23 237 345 343 361 348 333 238 402 389 303 343 113 223 125 166 229 199 370 172 160 280 139 112 307 394 313 247 323 232 386 376 239 318 247 67 251 368 113 215 321 342 246 163 208 183 139 284 242
 220 1 295 152 319 278 295 212 96 94 220 135 223 147 272 334 146 154 78 388 295 112 329 172 122 268 241 155 39 202 202 199 114 211 212 288 180 225 205 248 249 72 155 216 142 336 30 211 152 193 95 17 266 228 83 344 209 152 211 263 99 335 122 249 88 133 36 138 189 69 240 212 199 209 106 219 136 153 178 347 85 92 65 191 302 220 375 271 86 100 342 161 267 152 127 164 118 215 229 92 90 308 193 150 307 355 126 231 229 350 297 240 93 239 296 239 330 59 289 230 70 38 68 322 350 323 157 139 185 333 313 213 39 267 154 156 336 361 140 204 392 99 147 115 263 96 150 258 249 269 226 61 281 307 150 93 191 338 147 357 306 201 265 178 229 135 231 40 203 153 11 119 347 197 142 224 133 208 339 28
 92 295 1 157 339 294 279 254 347 335 78 285 303 181 250 228 348 398 252 379 118 202 35 360 188 283 73 381 268 429 456 218 184 98 146 87 338 215 385 65 183 334 273 85 302 285 292 99 278 298 368 311 36 474 304 70 355 161 307 82 257 219 176 462 229 286 300 290 302 337 448 139 385 87 265 108 164 236 183 68 257 232 357 133 67 380 347 281 262 296 54 196 31 218 183 136 267 312 326 381 364 364 225 213 172 369 226 245 310 352 233 484 229 395 214 81 251 353 192 74 361 332 247 67 65 28 171 325 184 187 132 88 318 355 398 422 330 299 329 456 361 366 400 182 205 202 257 215 184 387 166 236 268 66 203 376 452 284 282 289 194 436 397 262 337 287 69 330 411 157 289 382 318 263 199 207 274 143 245 320
 114 152 157 1 250 201 203 138 191 178 94 202 179 117 172 207 195 242 141 310 146 106 189 209 33 188 127 226 135 275 300 103 66 63 69 137 192 119 238 100 121 179 128 73 218 232 141 62 131 163 214 168 137 318 191 195 214 97 177 112 158 205 67 311 120 135 148 207 164 208 298 66 236 78 110 68 70 174 60 200 101 76 208 41 152 237 286 189 106 193 198 59 135 75 28 69 178 182 199 230 209 259 105 152 167 286 73 143 186 274 181 329 73 255 172 130 213 208 158 112 221 189 128 172 204 185 115 233 66 193 165 95 183 235 242 266 254 255 236 300 303 211 244 51 142 80 189 143 121 258 93 100 188 157 142 222 295 233 134 248 173 281 264 127 206 136 90 190 259 2 144 226 255 137 50 113 192 64 217 179
 349 319 339 250 1 50 61 116 267 255 320 430 99 364 90 142 212 264 361 70 231 345 353 193 251 63 353 238 333 250 299 148 307 266 205 257 164 135 184 280 157 280 165 284 443 80 291 264 169 129 298 329 342 297 396 321 146 345 113 257 383 152 310 246 348 189 289 435 134 386 234 213 191 304 215 245 317 415 191 329 238 242 333 235 284 160 66 63 236 407 343 195 335 187 249 318 407 110 101 335 297 44 148 397 183 38 208 108 94 32 112 300 244 158 133 360 113 349 153 339 371 342 344 298 340 356 364 449 185 186 227 327 356 79 264 306 29 91 451 297 80 290 278 289 134 311 426 125 156 113 179 308 72 287 387 317 308 82 174 98 159 264 131 144 108 186 292 351 221 250 310 286 55 127 211 142 423 211 128 340
 301 278 294 201 50 1 32 70 235 223 272 384 67 316 48 120 185 242 315 113 192 297 311 172 203 14 306 216 289 237 285 99 259 218 158 216 140 87 171 234 112 246 126 236 398 75 251 216 130 95 268 289 296 287 352 283 130 297 82 213 337 128 262 243 301 152 250 389 102 346 230 166 177 256 174 197 269 368 143 291 195 197 298 187 242 150 97 15 194 362 303 146 289 140 201 269 361 82 80 303 266 71 100 349 148 86 162 59 66 75 80 292 198 154 98 313 95 312 116 291 334 303 298 258 301 313 315 405 137 157 191 279 316 80 242 284 58 96 407 283 114 260 255 241 92 264 379 81 111 119 132 263 32 246 339 286 292 77 136 97 126 251 135 101 91 149 245 312 209 201 269 259 72 83 163 94 377 163 110 301
 294 295 279 203 61 32 1 84 259 246 265 393 95 318 33 90 212 270 325 109 171 303 293 200 209 34 297 244 302 267 314 104 264 210 150 197 168 85 202 222 99 268 146 228 408 46 268 208 151 121 292 307 284 317 365 261 160 298 110 198 347 99 266 274 309 173 268 398 127 363 260 158 207 249 191 188 271 373 144 269 211 209 319 182 223 181 85 29 211 374 283 151 277 149 207 268 369 110 110 326 290 95 107 353 124 91 174 66 95 76 53 322 210 185 73 305 64 332 93 283 354 322 309 238 280 296 317 416 137 129 167 273 333 110 270 311 54 70 419 313 103 284 282 246 75 271 386 67 98 149 123 274 16 227 343 310 321 48 157 69 100 281 165 119 122 171 235 330 239 202 285 285 55 101 170 90 385 156 80 319
 244 212 254 138 116 70 84 1 182 168 218 316 51 250 65 142 142 202 246 182 170 229 276 138 136 58 252 177 221 210 252 38 192 166 109 187 107 44 150 190 86 188 65 184 329 127 186 164 70 55 214 224 249 261 284 258 111 232 57 176 269 147 196 229 232 93 185 320 61 280 215 117 153 201 108 149 203 300 81 265 129 128 238 131 213 137 164 60 128 294 273 81 243 71 134 206 292 61 74 247 211 122 34 281 144 153 94 24 57 144 98 268 130 149 107 258 128 250 113 237 271 240 230 231 273 276 250 336 77 163 177 223 250 103 202 241 127 151 338 252 182 206 212 174 79 196 311 68 84 134 90 194 70 218 272 231 256 128 77 148 129 222 145 38 85 91 196 247 185 138 203 210 136 21 96 52 308 113 141 236
 287 96 347 191 267 235 259 182 1 15 278 230 171 231 245 321 61 60 172 335 315 196 379 87 160 228 306 61 132 107 114 185 183 253 229 316 107 211 117 289 247 25 118 263 235 304 74 251 112 141 34 94 324 138 175 382 133 230 156 295 193 324 192 154 177 90 64 232 135 144 145 233 110 264 90 251 207 247 187 387 91 116 71 222 337 137 329 232 86 193 387 169 323 150 165 230 213 158 168 69 32 245 177 241 310 299 130 204 174 298 278 149 119 154 283 306 309 91 284 293 114 94 159 357 392 374 239 228 191 333 329 275 119 200 60 76 288 328 228 116 345 26 57 176 252 170 245 243 246 192 232 138 248 342 239 52 107 306 105 327 301 107 184 145 163 92 279 105 109 192 92 36 306 162 156 214 228 228 321 100
 277 94 335 178 255 223 246 168 15 1 267 229 159 224 231 307 55 68 168 324 301 189 366 82 148 215 295 63 128 112 124 171 174 240 215 302 98 197 113 276 233 28 104 250 235 291 69 238 98 129 47 94 312 146 175 368 125 221 144 281 190 310 182 158 171 76 60 231 123 147 148 219 107 252 76 238 197 242 173 374 78 104 79 208 323 131 317 219 73 193 374 155 311 136 152 220 211 146 157 81 45 235 163 236 295 288 116 191 162 287 264 158 106 149 269 296 295 98 270 282 121 98 155 343 379 362 231 230 177 319 314 264 121 191 68 89 277 315 230 126 333 40 67 165 238 161 242 229 231 185 218 131 235 328 233 64 119 293 92 314 287 114 178 131 153 78 267 109 110 179 89 50 294 148 142 199 226 214 307 102
 32 220 78 94 320 272 265 218 278 267 1 212 265 108 233 238 288 332 175 371 139 125 112 303 121 260 35 318 191 367 390 181 107 56 116 113 285 187 331 59 169 263 220 38 230 283 219 58 224 252 297 235 48 410 227 138 306 86 265 90 181 232 99 405 152 228 227 218 255 260 391 108 330 18 202 78 87 166 139 139 190 165 283 88 110 330 343 259 196 220 129 146 49 166 117 59 193 270 286 307 292 337 186 143 185 354 166 216 272 340 229 421 162 347 213 41 254 277 193 20 284 256 170 124 139 105 98 252 142 207 159 13 241 320 332 353 318 302 255 391 359 296 333 107 193 125 187 199 169 347 143 160 251 113 132 303 384 283 228 293 201 374 354 216 295 229 36 254 353 94 214 313 312 222 143 179 201 110 253 243
 194 135 285 202 430 384 393 316 230 229 212 1 340 106 365 408 279 286 71 496 336 98 317 305 187 372 214 290 105 335 329 290 137 237 270 316 310 312 338 264 322 206 271 231 18 429 162 238 270 312 223 138 250 356 61 349 339 128 330 290 48 406 137 383 85 255 170 6 310 106 374 266 333 212 223 256 140 53 255 350 198 190 180 238 320 352 477 374 202 40 338 244 255 246 190 162 25 335 351 205 219 426 288 73 366 467 223 329 346 459 381 368 188 371 373 208 413 160 359 212 148 145 88 335 348 308 115 42 262 392 356 201 117 390 286 280 441 453 46 332 495 229 277 152 342 125 34 341 322 398 294 123 379 323 83 215 316 430 267 446 374 333 395 288 353 258 241 134 338 203 141 249 447 305 224 309 12 264 418 134
 289 223 303 179 99 67 95 51 171 159 265 340 1 285 92 174 119 176 270 168 218 261 326 106 171 62 299 150 239 174 220 86 226 214 158 236 74 93 110 239 133 183 70 232 352 140 194 212 73 31 203 232 297 225 301 307 69 270 16 226 293 181 231 187 260 92 191 344 37 290 173 166 114 247 120 198 240 331 127 314 144 152 235 178 262 92 159 67 141 314 323 122 292 106 171 247 317 16 24 239 201 88 81 314 187 133 122 65 8 130 130 231 154 101 144 304 154 251 155 284 274 244 253 281 323 326 287 356 124 203 223 269 260 57 176 217 119 162 357 219 176 194 188 209 122 227 340 110 132 84 140 218 88 267 306 221 226 142 77 163 169 188 95 55 36 89 244 253 147 179 214 193 137 44 133 101 333 162 169 243
 91 147 181 117 364 316 318 250 231 224 108 106 285 1 288 318 262 290 80 425 235 36 214 284 116 303 112 285 110 335 344 217 61 137 179 213 278 235 317 160 234 210 223 128 123 348 160 138 224 263 240 160 147 368 127 245 304 25 280 188 78 313 55 378 62 217 170 111 263 166 367 174 314 108 184 157 48 62 176 245 162 142 211 145 216 324 402 303 168 117 234 171 151 181 117 60 87 285 302 238 235 369 218 39 271 401 166 258 292 389 296 380 139 343 285 107 326 199 269 108 199 178 82 230 244 206 12 145 182 296 255 96 156 341 290 300 370 370 149 346 419 242 286 78 257 65 81 259 235 357 206 94 303 219 28 239 335 348 224 362 281 337 359 231 307 219 137 172 328 117 146 261 371 244 155 229 95 173 329 164
 263 272 250 172 90 48 33 65 245 231 233 365 92 288 1 83 203 262 297 140 145 273 265 195 180 40 266 237 276 265 310 77 234 179 119 170 163 54 201 191 68 251 128 197 380 66 247 177 134 112 278 285 253 316 339 236 160 267 106 169 319 90 236 277 281 157 247 370 119 340 264 126 205 218 170 157 241 343 114 244 189 184 301 150 196 183 115 35 188 347 257 123 246 123 177 237 341 107 112 310 275 118 81 323 103 122 149 42 94 107 39 322 185 190 54 273 65 313 70 252 333 301 282 212 254 267 286 390 107 114 144 241 310 123 262 302 86 90 392 309 132 270 273 217 46 242 357 36 67 161 91 247 19 200 313 295 315 67 141 86 81 278 176 101 124 154 204 308 238 171 262 273 84 84 142 60 357 125 79 297
 269 334 228 207 142 120 90 142 321 307 238 408 174 318 83 1 283 343 345 159 111 312 233 277 226 117 266 318 332 347 392 139 273 188 140 142 244 113 283 184 88 325 204 203 424 67 312 186 210 193 353 349 243 398 392 193 242 295 188 154 364 11 273 359 326 232 314 414 200 400 345 145 287 226 240 165 273 378 159 201 254 243 372 173 164 264 125 112 255 397 218 175 235 183 222 261 385 189 193 384 350 181 147 355 58 160 210 119 176 142 46 404 243 271 40 275 30 381 50 254 400 367 331 173 212 238 313 438 152 48 99 249 371 199 343 382 122 74 441 391 137 346 353 257 73 285 394 79 89 237 116 299 90 167 344 369 396 65 217 63 38 360 253 177 205 230 204 372 320 207 325 351 101 162 195 112 399 146 18 360
 302 146 348 195 212 185 212 142 61 55 288 279 119 262 203 283 1 61 215 279 296 229 378 28 169 179 319 37 176 81 114 157 207 252 215 303 49 179 60 286 219 82 86 265 286 257 118 250 79 93 90 147 331 128 227 373 73 256 104 285 238 288 215 119 215 64 110 282 86 201 107 220 55 272 86 245 229 288 172 379 103 127 131 217 327 77 275 184 97 245 382 156 328 134 172 248 260 105 112 127 90 186 148 279 281 242 124 165 121 243 239 138 130 95 247 321 267 151 252 305 174 151 201 347 385 375 268 283 174 302 307 286 175 142 61 100 235 280 283 114 291 81 71 195 219 198 290 208 218 132 211 172 203 332 275 109 116 259 73 280 269 89 124 109 105 64 281 162 67 195 139 76 255 122 150 184 276 215 281 156
 343 154 398 242 264 242 270 202 60 68 332 286 176 290 262 343 61 1 231 329 353 256 428 72 213 237 361 27 190 51 59 215 241 302 271 359 103 238 87 337 278 83 144 314 290 315 133 300 138 152 66 149 377 79 229 427 119 288 161 339 251 348 249 98 236 120 123 288 145 193 92 275 79 317 134 297 264 305 227 433 143 168 114 268 381 111 329 242 137 248 435 210 375 189 217 287 270 161 165 98 69 234 207 301 340 291 174 225 177 294 298 91 171 124 307 362 326 135 312 348 157 145 218 401 439 425 298 281 230 362 365 329 172 189 1 43 289 337 280 60 343 59 16 232 278 228 303 268 277 170 268 197 261 386 298 81 57 317 131 338 328 48 157 169 157 121 330 156 62 242 151 40 310 182 201 243 285 270 340 153
 166 78 252 141 361 315 325 246 172 168 175 71 270 80 297 345 215 231 1 427 282 51 286 241 121 303 187 230 41 278 279 222 78 186 209 267 243 245 274 218 258 149 201 184 84 361 100 186 200 243 172 87 219 305 54 310 271 93 261 240 25 343 82 325 24 186 109 75 240 88 315 206 269 170 154 201 91 76 188 312 129 120 137 179 275 286 408 305 133 53 304 176 222 177 124 118 48 265 281 164 168 357 219 74 307 397 154 261 276 389 315 317 118 305 308 183 347 123 297 181 121 102 18 292 312 278 91 94 196 333 302 165 78 321 231 232 372 386 97 282 426 176 224 91 277 62 76 275 258 329 230 53 310 279 75 169 268 362 198 380 312 278 328 218 283 189 197 95 277 142 81 197 379 235 157 242 65 203 354 89
 401 388 379 310 70 113 109 182 335 324 371 496 168 425 140 159 279 329 427 1 264 408 388 259 314 125 403 303 401 310 360 210 370 317 258 293 231 192 246 325 204 349 234 334 510 95 360 315 238 198 366 398 387 355 464 350 211 406 181 299 450 169 373 300 413 258 358 501 203 455 289 265 253 356 283 294 378 479 251 358 306 309 402 290 318 221 35 124 304 474 374 257 380 252 312 376 473 179 168 403 365 97 211 459 211 39 274 169 163 39 147 356 310 215 166 411 131 418 188 389 440 411 410 329 369 392 424 517 245 205 255 380 425 141 329 370 57 87 519 358 29 358 343 352 180 376 491 173 203 168 230 375 124 321 450 385 370 96 243 98 187 324 184 212 175 255 341 420 282 309 379 353 61 194 275 198 489 264 142 409
 169 295 118 146 231 192 171 170 315 301 139 336 218 235 145 111 296 353 282 264 1 239 125 300 175 182 162 332 281 373 409 142 205 100 87 32 271 127 317 81 86 310 212 109 353 170 281 99 218 222 343 312 135 422 334 92 280 211 226 50 296 103 202 397 260 234 286 341 228 353 383 85 319 131 226 82 196 296 129 100 229 209 347 106 55 306 231 179 233 333 113 147 126 166 170 176 313 230 241 366 339 262 151 272 55 258 186 154 223 240 121 431 208 318 101 171 135 350 79 152 365 332 271 68 110 129 228 371 125 71 21 151 328 263 353 386 218 183 374 409 245 338 360 193 102 221 315 113 87 298 86 246 162 58 261 355 409 169 224 172 78 383 311 192 253 233 104 334 350 145 287 349 204 186 161 120 325 90 128 322
 116 112 202 106 345 297 303 229 196 189 125 98 261 36 273 312 229 256 51 408 239 1 236 252 95 284 138 250 76 300 309 200 41 141 173 221 248 220 285 171 226 175 196 137 115 336 125 142 196 237 204 126 169 333 103 261 275 44 254 195 59 309 40 345 29 187 134 104 236 137 334 169 281 121 154 159 44 71 161 263 131 113 176 141 228 293 387 286 136 97 254 153 172 159 97 69 75 259 276 203 199 347 199 54 269 382 141 240 268 372 286 345 110 313 276 134 317 165 263 131 167 144 49 244 263 228 45 133 168 295 259 116 124 315 256 264 353 359 136 311 404 206 251 58 247 35 84 247 226 330 197 60 288 231 47 204 299 336 196 352 277 302 331 207 280 190 149 139 294 106 111 226 356 222 135 215 88 167 322 130
 124 329 35 189 353 311 293 276 379 366 112 317 326 214 265 233 378 428 286 388 125 236 1 388 220 301 104 411 301 458 486 242 217 128 170 97 365 235 412 92 200 367 300 117 334 294 325 129 305 322 401 345 68 504 338 51 380 195 331 101 290 224 210 490 263 315 333 322 327 371 476 163 412 121 295 134 198 267 210 46 289 264 391 162 71 406 355 297 294 329 26 224 65 246 215 170 300 335 349 414 396 381 249 245 178 382 256 266 332 364 245 514 261 420 224 111 258 387 202 107 394 366 281 62 38 11 204 357 210 189 135 121 352 376 428 454 342 306 361 487 369 399 431 215 221 236 288 231 201 409 187 270 283 68 235 408 483 293 310 295 202 466 420 287 360 315 101 364 439 188 323 414 328 287 229 227 306 168 250 353
 320 172 360 209 193 172 200 138 87 82 303 305 106 284 195 277 28 72 241 259 300 252 388 1 186 168 335 46 202 74 116 158 228 264 222 310 33 178 34 297 219 108 90 278 313 245 144 262 84 85 114 174 344 124 254 380 50 277 92 293 264 282 235 103 239 76 137 309 78 228 90 228 30 286 104 255 249 313 180 386 123 146 157 228 334 51 258 173 118 271 391 165 341 143 189 266 286 91 95 151 114 165 149 303 280 222 137 160 107 224 232 132 149 69 243 338 258 177 250 320 200 178 226 354 394 386 290 309 181 299 309 303 201 120 72 113 218 267 310 115 273 105 85 215 216 220 315 205 218 106 215 196 193 339 298 133 121 247 79 268 265 86 98 109 86 75 294 189 52 210 166 96 239 119 163 183 302 223 273 183
 135 122 188 33 251 203 209 136 160 148 121 187 171 116 180 226 169 213 121 314 175 95 220 186 1 190 151 199 109 248 270 106 57 95 93 168 172 127 216 132 139 148 111 104 202 243 110 94 113 150 182 138 165 290 168 227 196 100 166 143 141 224 61 286 103 112 117 192 150 181 274 92 214 105 83 99 71 166 69 231 71 46 177 71 184 218 293 191 76 172 230 58 164 66 6 82 163 171 188 198 177 255 104 147 191 288 53 146 178 277 195 301 43 236 189 153 228 177 178 137 191 158 106 204 235 215 117 214 76 217 193 119 154 226 213 236 258 267 216 271 310 180 214 39 157 63 178 156 138 245 112 74 194 189 138 191 265 244 115 261 194 254 249 117 194 114 120 160 235 34 113 195 263 130 41 123 178 89 234 148
 288 268 283 188 63 14 34 58 228 215 260 372 62 303 40 117 179 237 303 125 182 284 301 168 190 1 293 211 277 235 281 86 246 206 145 206 135 74 169 223 101 237 115 224 385 79 240 204 120 88 260 279 284 285 340 273 128 284 77 202 325 125 249 243 289 142 239 377 95 335 229 153 174 243 163 185 256 355 130 281 184 185 289 174 232 149 108 6 183 350 293 133 277 127 188 256 348 77 78 295 258 82 87 336 141 99 150 46 62 88 75 290 186 154 92 300 94 303 109 279 324 293 286 249 291 302 302 393 124 152 182 266 305 84 237 278 70 102 395 280 126 252 249 228 82 252 367 71 100 123 120 251 28 237 326 278 288 81 126 102 119 248 138 90 90 140 233 301 207 188 258 252 81 72 150 82 364 151 109 290
 23 241 73 127 353 306 297 252 306 295 35 214 299 112 266 266 319 361 187 403 162 138 104 335 151 293 1 348 209 398 418 215 128 89 149 133 318 221 364 83 200 290 253 71 231 314 243 91 257 286 323 256 38 439 238 141 339 95 299 114 189 259 120 436 166 260 252 219 288 274 423 141 362 52 233 110 105 164 173 140 220 194 305 122 124 363 374 292 225 228 126 180 45 199 148 78 198 304 320 330 318 371 220 142 211 387 199 250 306 372 259 450 191 380 242 10 283 297 222 16 302 276 185 132 137 95 102 255 176 231 180 33 259 354 361 380 350 332 259 420 390 322 361 132 225 145 185 231 201 381 176 181 284 125 132 327 412 313 260 322 229 404 388 250 329 261 64 272 384 127 236 340 344 256 176 213 203 144 281 263
 331 155 381 226 238 216 244 177 61 63 318 290 150 285 237 318 37 27 230 303 332 250 411 46 199 211 348 1 190 51 79 192 232 285 250 339 77 214 64 320 255 85 121 298 295 289 131 283 115 126 78 153 362 94 234 408 94 280 135 320 252 323 240 96 233 99 122 292 119 202 86 255 57 303 118 279 255 305 207 414 130 155 125 251 362 88 303 216 125 253 416 191 360 169 202 276 272 135 139 114 80 209 184 298 317 266 157 200 151 269 273 104 158 102 282 350 300 147 288 335 169 152 217 382 420 408 291 288 210 337 343 316 179 164 27 69 263 311 288 78 317 70 41 222 254 221 304 244 254 146 247 192 236 367 294 96 80 291 108 312 304 56 135 145 131 99 314 164 49 227 151 56 284 157 183 219 288 250 315 160
 187 39 268 135 333 289 302 221 132 128 191 105 239 110 276 332 176 190 41 401 281 76 301 202 109 277 209 190 1 238 240 201 85 190 201 269 206 226 235 225 245 108 170 192 115 341 60 190 168 211 133 51 237 265 64 320 235 118 229 243 63 331 92 284 50 152 69 109 208 74 275 200 230 182 121 201 105 116 173 323 97 94 101 176 281 249 384 280 99 75 317 158 239 155 113 133 85 233 249 128 128 325 197 112 299 369 129 237 245 362 298 277 93 268 293 206 331 90 284 200 94 69 30 300 325 294 120 117 180 325 299 183 52 288 190 194 346 365 119 242 402 137 184 91 261 66 115 258 244 294 219 36 288 286 111 131 229 342 165 360 300 238 291 190 250 155 207 65 237 136 40 157 355 207 138 224 101 196 338 56
 381 202 429 275 250 237 267 210 107 112 367 335 174 335 265 347 81 51 278 310 373 300 458 74 248 235 398 51 238 1 51 231 282 332 294 382 105 251 67 366 293 131 162 346 339 311 180 331 156 157 116 198 411 52 278 452 109 331 161 365 299 353 290 49 282 144 170 337 150 242 43 300 62 352 166 325 305 353 251 458 180 205 163 297 406 91 315 240 175 298 462 236 408 214 252 326 319 159 158 145 119 215 223 347 353 273 204 232 174 279 303 59 208 96 314 400 327 185 323 384 206 194 265 426 465 455 341 330 253 372 382 366 222 172 51 76 277 331 330 48 328 108 62 272 289 271 351 277 291 145 288 242 261 411 344 129 62 313 150 334 338 15 129 182 147 144 361 206 30 275 199 90 300 192 230 257 334 295 342 203
 400 202 456 300 299 285 314 252 114 124 390 329 220 344 310 392 114 59 279 360 409 309 486 116 270 281 418 79 240 51 1 270 296 360 328 416 148 291 116 395 332 134 199 372 331 358 185 358 193 200 108 194 435 28 270 484 156 343 206 397 298 397 305 79 287 176 175 330 193 229 82 332 110 375 192 355 320 354 284 490 200 226 150 326 439 140 365 287 195 290 492 267 433 246 274 343 316 205 206 127 113 264 261 351 394 322 232 275 220 328 347 40 229 146 358 419 373 171 364 405 188 185 269 459 496 483 352 318 287 414 420 387 213 222 59 50 326 379 317 5 377 104 59 289 330 283 349 320 331 194 324 251 307 444 350 115 17 360 186 381 380 37 179 222 195 177 388 196 79 300 201 84 349 233 259 296 329 327 388 196
 207 199 218 103 148 99 104 38 185 171 181 290 86 217 77 139 157 215 222 210 142 200 242 158 106 86 215 192 201 231 270 1 161 129 73 155 130 27 176 154 64 187 72 147 304 141 175 127 79 82 217 212 212 281 264 226 141 198 90 142 244 141 164 256 206 98 176 295 88 266 241 81 178 164 101 112 170 270 45 233 116 109 234 94 181 166 188 87 117 272 240 48 206 48 104 171 266 95 109 246 213 158 10 251 126 184 74 41 93 173 100 289 109 180 101 221 133 243 100 200 262 230 206 200 241 241 217 314 40 149 152 186 236 140 215 252 154 165 316 269 206 210 224 144 68 168 283 61 62 170 58 171 89 186 241 232 271 142 86 161 117 242 179 50 119 97 159 236 208 103 189 217 158 46 67 29 282 77 142 224
 108 114 184 66 307 259 264 192 183 174 107 137 226 61 234 273 207 241 78 370 205 41 217 228 57 246 128 232 85 282 296 161 1 109 134 190 219 181 260 142 187 165 163 109 153 296 116 109 164 203 197 130 154 319 131 237 245 50 220 163 93 270 10 324 56 158 126 142 203 156 313 131 256 98 125 124 25 110 121 239 105 83 178 103 199 265 347 247 111 130 233 114 155 122 58 51 113 225 242 203 192 310 160 91 231 343 106 201 233 333 246 331 80 284 237 127 278 171 224 117 178 150 68 217 241 211 64 168 128 257 224 100 136 281 241 256 314 319 172 298 365 197 239 18 207 20 124 207 186 297 158 54 249 203 82 200 289 297 164 312 238 286 300 171 247 160 123 148 273 67 109 216 317 185 97 176 127 129 283 137
 86 211 98 63 266 218 210 166 253 240 56 237 214 137 179 188 252 302 186 317 100 141 128 264 95 206 89 285 190 332 360 129 109 1 62 82 243 133 290 38 114 242 177 19 254 229 203 3 182 205 276 228 84 377 239 134 261 113 216 55 199 182 105 366 163 190 210 243 208 263 352 54 289 40 169 24 98 198 90 138 163 138 270 38 92 286 288 204 167 236 136 100 79 122 90 78 215 221 237 292 271 284 135 174 137 300 129 163 221 285 175 388 136 302 160 96 202 269 141 74 280 249 176 111 141 124 130 273 92 161 120 64 240 269 302 328 263 249 277 360 305 273 304 100 139 127 217 145 115 297 88 156 197 97 163 285 356 229 186 240 151 340 306 168 246 190 31 249 315 62 204 288 258 172 103 125 227 56 201 237
 145 212 146 69 205 158 150 109 229 215 116 270 158 179 119 140 215 271 209 258 87 173 170 222 93 145 149 250 201 294 328 73 134 62 1 89 197 73 244 82 57 224 133 80 286 172 196 60 139 153 257 228 141 342 259 159 211 157 162 72 226 137 134 323 188 152 201 275 158 273 309 9 245 100 141 41 134 239 44 165 144 124 262 35 113 237 230 144 147 261 170 62 135 83 89 123 246 167 181 280 253 224 80 216 99 240 101 103 165 225 119 351 123 251 106 156 148 266 91 135 281 248 196 133 172 169 175 301 42 125 103 123 246 211 271 302 203 194 304 328 247 253 276 120 81 148 255 85 57 242 29 166 136 118 205 269 326 173 145 185 105 303 252 118 192 152 89 251 273 69 203 264 199 118 75 65 260 7 151 239
 142 288 87 137 257 216 197 187 316 302 113 316 236 213 170 142 303 359 267 293 32 221 97 310 168 206 133 339 269 382 416 155 190 82 89 1 283 144 330 55 106 309 221 86 333 200 276 81 226 236 343 304 104 430 319 72 295 190 242 27 279 134 185 409 244 241 282 322 242 342 395 85 331 107 228 70 178 274 132 79 228 206 343 98 28 320 261 202 232 317 89 150 96 171 163 156 295 246 259 363 338 286 163 250 86 286 188 173 241 268 149 439 204 334 129 142 165 344 107 124 357 325 256 46 88 100 205 353 130 102 49 125 318 283 359 390 246 213 356 416 275 339 364 180 125 207 294 136 107 318 98 234 187 32 239 354 415 199 232 203 108 391 330 203 270 240 78 326 360 136 280 351 233 200 161 136 305 90 159 314
 304 180 338 192 164 140 168 107 107 98 285 310 74 278 163 244 49 103 243 231 271 248 365 33 172 135 318 77 206 105 148 130 219 243 197 283 1 148 48 274 190 125 67 258 319 213 151 241 62 53 137 185 325 155 263 354 30 268 59 268 266 250 226 127 238 62 145 314 46 242 113 203 49 268 95 232 239 312 156 361 118 137 176 206 308 47 228 140 113 278 366 143 321 122 174 254 289 59 64 174 137 139 121 300 249 194 121 128 75 195 200 162 140 66 211 322 226 195 219 303 218 193 227 328 368 363 282 318 157 268 280 286 213 94 103 145 188 235 319 147 243 128 116 205 185 214 317 174 188 90 187 195 160 313 294 156 154 215 59 236 234 117 86 81 57 60 273 203 79 193 173 123 208 88 144 154 306 199 240 195
 215 225 215 119 135 87 85 44 211 197 187 312 93 235 54 113 179 238 245 192 127 220 235 178 127 74 221 214 226 251 291 27 181 133 73 144 148 1 193 152 43 213 96 151 327 117 201 131 102 97 242 238 213 301 288 215 154 215 100 135 266 115 183 272 228 122 203 317 103 291 258 81 195 171 128 113 188 290 60 222 143 134 260 101 171 180 168 73 143 295 231 70 206 73 124 185 288 104 116 272 239 152 35 269 104 170 100 32 98 157 73 309 135 192 74 227 106 269 75 206 289 256 229 189 231 236 233 338 54 124 134 194 262 142 238 275 137 141 340 291 186 236 247 163 42 189 303 35 42 175 50 195 70 175 260 258 293 118 109 136 92 262 187 71 127 121 161 262 226 118 215 242 137 61 90 9 304 78 116 250
 349 205 385 238 184 171 202 150 117 113 331 338 110 317 201 283 60 87 274 246 317 285 412 34 216 169 364 64 235 67 116 176 260 290 244 330 48 193 1 321 235 139 114 305 346 245 177 288 109 97 140 206 371 117 287 401 43 308 97 315 297 290 267 80 273 105 169 342 90 259 66 251 8 314 135 279 281 346 204 408 156 178 185 253 355 26 250 175 150 304 414 190 367 169 218 297 319 95 92 176 141 151 168 336 293 209 166 171 109 214 239 122 181 39 252 367 262 206 262 349 229 209 259 375 415 410 322 341 204 310 325 332 233 107 87 127 211 265 342 114 263 131 101 246 228 253 349 216 233 84 234 229 196 360 331 158 125 247 105 267 276 81 72 128 81 103 320 220 38 238 198 119 234 133 190 199 335 246 277 214
 89 248 65 100 280 234 222 190 289 276 59 264 239 160 191 184 286 337 218 325 81 171 92 297 132 223 83 320 225 366 395 154 142 38 82 55 274 152 321 1 124 279 209 35 281 234 240 39 214 233 313 264 63 413 271 97 290 137 243 32 228 177 137 399 195 224 247 269 237 297 385 74 321 54 204 44 128 221 119 101 199 175 307 70 58 316 295 220 204 267 99 132 56 154 127 104 243 247 262 329 308 303 161 197 129 312 164 183 246 296 180 423 173 331 162 92 202 305 141 72 316 285 209 76 104 90 152 302 120 150 100 71 275 292 337 364 274 251 305 396 310 310 341 136 148 161 241 156 125 323 104 191 209 62 186 322 392 233 219 241 147 374 332 197 272 224 25 285 348 99 240 325 265 199 137 144 253 79 199 274
 199 249 183 121 157 112 99 86 247 233 169 322 133 234 68 88 219 278 258 204 86 226 200 219 139 101 200 255 245 293 332 64 187 114 57 106 190 43 235 124 1 247 135 132 338 116 229 112 141 139 278 264 187 343 305 176 196 212 142 102 277 87 187 314 239 160 232 327 145 314 300 64 237 154 160 91 188 293 72 183 171 158 291 91 133 222 175 98 173 310 194 89 179 101 135 179 298 145 156 305 274 182 73 271 64 189 126 69 138 173 63 351 158 233 52 208 93 298 41 186 316 283 243 150 192 202 231 351 66 87 92 177 285 179 278 314 151 137 354 332 192 272 286 170 25 198 309 33 2 214 30 211 86 137 261 292 334 117 148 129 58 304 226 111 168 159 138 288 268 120 240 279 145 103 108 37 312 63 97 276
 271 72 334 179 280 246 268 188 25 28 263 206 183 210 251 325 82 83 149 349 310 175 367 108 148 237 290 85 108 131 134 187 165 242 224 309 125 213 139 279 247 1 124 251 211 313 52 241 119 153 35 69 310 159 150 373 152 210 169 286 169 327 173 178 154 96 42 208 147 121 170 226 133 250 87 243 188 223 183 377 82 105 53 213 328 158 341 241 78 169 376 164 309 148 153 213 189 171 183 60 31 261 179 219 309 313 125 210 187 312 283 171 107 176 286 290 314 71 285 278 94 71 136 348 382 362 218 204 188 333 325 259 95 218 83 92 301 337 205 136 357 34 77 159 254 151 221 246 246 212 230 117 256 333 217 47 126 314 112 335 302 130 205 151 179 99 267 82 133 180 69 52 317 169 150 215 204 222 326 76
 240 155 273 128 165 126 146 65 118 104 220 271 70 223 128 204 86 144 201 234 212 196 300 90 111 115 253 121 170 162 199 72 163 177 133 221 67 96 114 209 135 124 1 192 283 190 127 175 7 43 150 165 259 211 232 291 87 209 60 204 225 208 169 191 192 29 125 275 41 222 177 139 114 203 51 166 180 264 91 297 74 84 175 140 245 111 222 119 72 244 302 78 255 56 112 192 248 65 82 183 148 157 63 249 197 201 59 87 76 196 161 220 87 128 167 257 192 188 170 238 210 179 185 265 304 298 225 286 92 219 223 222 192 121 144 181 182 214 288 198 239 143 153 147 136 161 272 127 134 136 127 149 133 250 242 167 200 191 14 212 186 172 139 28 85 27 207 187 141 128 146 148 196 46 79 100 265 134 204 177
 69 216 85 73 284 236 228 184 263 250 38 231 232 128 197 203 265 314 184 334 109 137 117 278 104 224 71 298 192 346 372 147 109 19 80 86 258 151 305 35 132 251 192 1 248 246 210 21 197 221 285 232 68 390 237 129 277 104 233 61 194 197 103 380 161 204 218 236 225 264 367 72 304 24 181 41 94 189 107 132 173 148 276 55 92 302 306 222 178 233 128 116 64 137 99 70 210 238 254 299 280 302 152 165 150 318 143 181 239 303 192 400 145 318 176 78 218 273 156 56 283 253 175 109 135 112 120 268 109 174 129 47 242 287 314 338 281 265 272 372 322 283 316 103 156 127 208 162 132 315 106 158 214 96 154 293 367 246 201 256 166 353 323 185 263 204 17 253 329 72 209 298 275 190 117 143 220 74 217 241
 211 142 302 218 443 398 408 329 235 235 230 18 352 123 380 424 286 290 84 510 353 115 334 313 202 385 231 295 115 339 331 304 153 254 286 333 319 327 346 281 338 211 283 248 1 444 170 255 281 324 226 143 267 357 62 367 348 146 342 308 62 422 154 387 100 265 177 13 321 104 379 282 340 229 234 272 157 69 270 367 209 202 181 255 337 361 491 387 213 43 355 258 272 260 205 179 41 346 362 205 222 438 302 90 383 480 236 343 358 472 396 369 201 380 388 224 428 161 375 229 147 147 100 352 365 325 133 27 277 409 373 218 119 401 290 282 455 467 31 333 509 232 280 168 357 140 49 356 337 407 309 136 393 341 100 216 317 444 278 461 390 336 404 301 363 268 259 136 343 219 148 252 461 318 239 324 29 280 434 137
 314 336 285 232 80 75 46 127 304 291 283 429 140 348 66 67 257 315 361 95 170 336 294 245 243 79 314 289 341 311 358 141 296 229 172 200 213 117 245 234 116 313 190 246 444 1 311 227 195 166 337 349 295 360 404 257 203 326 155 206 382 77 298 315 345 217 311 434 173 404 302 179 250 269 234 206 301 405 176 265 253 249 363 206 224 223 63 74 252 412 281 186 287 187 240 294 405 155 154 371 335 122 146 383 117 95 213 106 139 76 55 365 249 225 73 322 38 376 95 300 397 365 346 235 275 298 345 454 169 113 162 292 374 148 315 356 57 26 456 357 78 329 327 279 93 305 419 90 116 186 145 311 57 227 373 355 365 3 201 24 93 324 203 163 165 215 251 372 282 232 327 330 36 145 206 121 420 179 51 361
 223 30 292 141 291 251 268 186 74 69 219 162 194 160 247 312 118 133 100 360 281 125 325 144 110 240 243 131 60 180 185 175 116 203 196 276 151 201 177 240 229 52 127 210 170 311 1 202 123 164 82 40 265 209 112 336 180 160 182 252 122 313 125 226 104 104 11 165 160 96 216 197 172 206 79 208 140 174 159 340 60 73 68 179 293 192 347 244 59 129 337 141 265 130 115 166 143 186 200 90 77 278 168 169 288 326 103 206 200 322 273 221 74 211 273 242 306 71 268 231 89 56 87 313 343 320 168 168 165 314 298 213 66 238 133 141 308 335 169 187 364 83 128 113 240 101 174 235 228 240 207 67 255 298 166 85 176 312 119 332 285 180 236 151 199 106 226 62 178 142 23 103 320 169 123 201 159 193 316 51
 87 211 99 62 264 216 208 164 251 238 58 238 212 138 177 186 250 300 186 315 99 142 129 262 94 204 91 283 190 331 358 127 109 3 60 81 241 131 288 39 112 241 175 21 255 227 202 1 180 203 275 227 86 376 239 134 259 114 214 55 199 181 105 364 164 188 210 243 206 263 350 52 287 42 167 23 99 199 88 138 161 137 269 36 93 284 287 202 166 237 137 99 81 120 89 79 216 219 235 291 270 282 133 175 136 298 128 161 219 283 173 386 134 300 158 98 200 268 139 76 279 248 176 112 142 126 131 273 90 160 119 66 240 267 300 326 261 247 277 359 303 272 303 100 137 127 217 143 113 295 86 155 195 97 164 284 355 227 184 238 149 338 304 166 244 188 33 249 313 61 203 287 256 170 101 123 227 54 200 237
 244 152 278 131 169 130 151 70 112 98 224 270 73 224 134 210 79 138 200 238 218 196 305 84 113 120 257 115 168 156 193 79 164 182 139 226 62 102 109 214 141 119 7 197 281 195 123 180 1 44 145 162 264 205 230 297 84 211 62 210 224 214 170 186 191 24 121 274 41 219 172 145 109 207 48 172 182 264 97 303 73 84 170 145 251 107 226 124 70 242 308 83 260 61 115 194 247 66 82 177 142 158 70 249 204 204 61 93 78 199 167 214 87 125 173 261 198 184 176 242 205 175 183 271 310 303 227 284 98 225 229 225 189 122 138 174 186 219 286 192 243 137 146 148 143 162 271 133 140 135 133 149 139 256 242 162 194 197 8 217 192 166 137 34 85 21 212 183 136 132 142 142 200 51 83 106 264 140 210 173
 275 193 298 163 129 95 121 55 141 129 252 312 31 263 112 193 93 152 243 198 222 237 322 85 150 88 286 126 211 157 200 82 203 205 153 236 53 97 97 233 139 153 43 221 324 166 164 203 44 1 174 202 288 207 272 308 59 249 19 223 266 198 209 176 233 62 161 317 8 260 162 160 99 235 91 191 220 306 116 314 115 126 205 168 262 85 189 93 112 285 322 107 283 88 150 229 290 23 40 209 172 116 74 290 198 163 98 76 36 160 148 214 128 99 159 291 175 221 167 271 243 214 226 281 323 321 265 327 115 216 230 255 230 80 152 192 149 189 328 199 205 165 163 187 133 203 314 122 138 97 140 191 111 267 283 192 204 168 47 189 182 169 103 37 45 59 235 223 131 163 184 165 165 38 114 104 306 156 189 213
 303 95 368 214 298 268 292 214 34 47 297 223 203 240 278 353 90 66 172 366 343 204 401 114 182 260 323 78 133 116 108 217 197 276 257 343 137 242 140 313 278 35 150 285 226 337 82 275 145 174 1 87 344 134 165 407 161 241 188 320 191 356 205 163 181 122 72 225 167 128 157 260 133 284 119 276 220 247 216 411 116 139 49 247 362 162 361 264 112 185 411 197 343 179 187 246 209 190 199 38 6 275 208 245 340 330 158 237 206 330 310 146 141 178 315 322 341 71 315 311 92 80 162 382 416 396 248 216 220 364 357 292 108 230 66 61 321 361 216 110 377 10 55 192 283 182 242 275 276 219 262 147 281 367 244 20 97 339 138 360 332 111 210 177 193 124 301 91 125 214 95 27 338 194 183 245 223 255 353 90
 235 17 311 168 329 289 307 224 94 94 235 138 232 160 285 349 147 149 87 398 312 126 345 174 138 279 256 153 51 198 194 212 130 228 228 304 185 238 206 264 264 69 165 232 143 349 40 227 162 202 87 1 282 220 82 360 214 167 220 279 105 349 138 246 100 141 42 140 198 58 238 228 200 225 117 235 152 161 194 363 97 107 52 208 319 223 386 282 98 101 359 176 283 167 143 179 123 223 237 78 83 316 206 160 323 364 140 244 238 360 311 232 108 242 310 254 344 43 304 246 54 22 79 338 366 339 170 136 200 348 329 228 29 275 149 147 346 374 137 197 403 92 140 131 277 112 156 272 263 274 241 77 293 324 160 82 182 350 157 370 321 196 269 189 236 144 248 25 202 169 26 113 359 208 157 238 137 224 353 13
 57 266 36 137 342 296 284 249 324 312 48 250 297 147 253 243 331 377 219 387 135 169 68 344 165 284 38 362 237 411 435 212 154 84 141 104 325 213 371 63 187 310 259 68 267 295 265 86 264 288 344 282 1 454 271 104 344 127 299 90 223 235 146 446 197 270 274 255 291 305 433 133 371 61 246 101 133 201 173 103 235 210 329 121 91 368 357 282 241 262 89 183 10 204 161 104 233 304 319 354 339 364 218 178 187 374 208 243 304 358 242 465 207 385 224 46 263 324 202 40 330 303 215 97 100 60 136 290 175 205 152 55 288 351 377 399 336 312 294 436 372 342 378 154 210 172 222 218 187 380 165 207 271 92 168 350 430 295 268 302 207 417 389 252 329 270 54 300 395 136 261 359 327 255 183 205 239 137 259 290
 422 228 474 318 297 287 317 261 138 146 410 356 225 368 316 398 128 79 305 355 422 333 504 124 290 285 439 94 265 52 28 281 319 377 342 430 155 301 117 413 343 159 211 390 357 360 209 376 205 207 134 220 454 1 297 500 158 366 211 412 324 404 328 62 312 191 200 357 201 256 69 347 112 394 210 372 342 379 299 506 220 246 177 343 454 139 362 290 215 317 509 283 452 261 294 365 342 210 208 154 138 260 272 376 404 318 249 283 224 325 353 13 249 141 365 440 378 198 373 426 216 212 294 474 512 501 375 345 301 423 432 407 240 219 79 77 325 380 344 25 374 130 83 310 339 307 375 328 341 188 337 275 312 459 374 142 43 363 199 383 389 40 172 232 197 191 406 223 79 319 226 109 349 242 276 307 356 342 393 223
 216 83 304 191 396 352 365 284 175 175 227 61 301 127 339 392 227 229 54 464 334 103 338 254 168 340 238 234 64 278 270 264 131 239 259 319 263 288 287 271 305 150 232 237 62 404 112 239 230 272 165 82 271 297 1 363 291 144 290 293 50 391 135 326 77 212 119 62 269 48 318 256 281 223 183 253 144 99 234 365 159 157 121 230 328 303 447 343 161 22 356 220 274 218 172 171 54 294 309 146 161 387 260 109 357 432 192 301 307 425 360 309 156 321 355 233 393 101 345 232 89 86 65 345 365 330 138 56 242 383 353 217 58 348 229 221 410 428 58 273 465 171 219 142 323 114 87 320 305 351 279 95 351 332 114 156 257 405 226 423 360 275 347 253 309 215 250 75 283 192 91 191 419 270 200 286 63 253 400 76
 158 344 70 195 321 283 261 258 382 368 138 349 307 245 236 193 373 427 310 350 92 261 51 380 227 273 141 408 320 452 484 226 237 134 159 72 354 215 401 97 176 373 291 129 367 257 336 134 297 308 407 360 104 500 363 1 366 223 313 89 318 183 231 480 287 310 343 355 313 392 466 154 402 141 295 132 220 302 202 9 292 269 402 161 47 392 317 270 297 357 28 218 97 240 222 193 330 318 330 424 402 353 234 279 141 347 254 244 312 329 211 509 267 405 190 149 220 401 169 139 411 381 303 27 20 60 235 389 200 147 96 149 371 353 427 456 308 266 393 485 329 404 432 231 193 255 322 204 177 388 169 286 253 42 268 416 482 255 302 255 165 461 400 274 341 310 115 381 431 194 336 417 291 271 227 207 338 158 210 369
 327 209 355 214 146 130 160 111 133 125 306 339 69 304 160 242 73 119 271 211 280 275 380 50 196 128 339 94 235 109 156 141 245 261 211 295 30 154 43 290 196 152 87 277 348 203 180 259 84 59 161 214 344 158 291 366 1 293 56 282 295 248 252 119 266 88 174 342 55 270 105 218 48 289 122 248 264 340 173 373 145 163 203 224 321 27 211 133 141 307 380 162 339 141 198 277 318 54 51 199 161 116 133 327 253 173 144 131 67 176 197 164 166 42 211 343 220 222 221 324 245 220 255 340 381 379 308 347 172 270 287 308 241 71 119 161 172 224 348 155 225 152 133 230 188 241 345 176 195 61 198 222 154 325 321 180 164 206 82 226 236 122 58 94 40 86 291 231 80 214 201 145 194 96 165 162 334 213 236 223
