NAME : domp300p75v5
COMMENT : (Deleplanque et al.) 
TYPE : DOMP
DIMENSION : 300
DISPLAY_DATA_TYPE: NO_DISPLAY
OPEN_FACILITIES : 75
COST_SECTION
 1 207 280 351 239 355 277 362 273 230 273 265 368 371 191 118 204 245 374 362 223 354 21 203 145 210 150 120 157 133 178 29 166 269 112 65 64 323 222 384 386 76 142 91 173 99 250 57 272 436 227 123 319 321 222 360 365 248 148 385 149 74 227 169 244 271 134 371 125 173 210 92 140 218 274 127 153 37 295 263 328 35 392 117 238 358 276 332 253 292 131 256 166 152 309 327 86 176 280 127 221 359 157 144 301 359 277 270 428 365 230 164 165 327 329 348 60 196 151 292 374 129 153 181 62 205 282 171 230 206 81 129 56 243 280 169 364 104 363 215 287 303 367 104 57 227 313 214 174 121 105 256 391 151 215 349 302 177 238 306 368 262 107 163 146 170 189 132 274 113 354 341 288 215 168 380 194 291 153 216 98 331 164 409 72 377 144 317 416 98 142 211 305 182 167 144 381 244 374 135 248 206 392 209 188 400 317 197 220 227 164 271 120 187 228 216 51 364 215 217 50 367 409 20 87 395 147 347 311 322 37 325 401 322 316 44 404 348 144 150 283 139 316 295 65 318 55 31 375 332 103 128 199 347 214 164 233 77 61 192 278 132 251 247 191 172 373 339 148 362 234 252 142 362 192 142 220 382 253 87 316 115 84 277 211 143 209 127 134 320 207 328 387 270 138 278 205 248 357 314
 207 1 229 146 337 157 298 184 90 108 214 70 203 166 130 90 70 283 171 162 306 209 188 177 212 107 200 185 126 225 209 221 237 66 130 227 149 262 22 184 233 132 80 119 208 111 130 151 227 306 219 223 139 188 29 199 190 58 61 250 286 159 148 42 317 72 104 216 151 140 272 117 101 231 201 84 161 191 201 95 195 174 191 237 35 165 186 126 357 98 191 344 142 119 269 262 137 263 91 111 22 153 108 264 107 212 101 235 311 221 45 70 245 171 212 155 166 259 123 87 168 239 128 97 147 9 182 140 179 102 211 80 223 130 92 62 198 215 160 143 84 112 171 196 194 78 121 291 189 248 226 82 264 242 277 175 276 181 84 126 208 82 206 254 118 49 21 199 91 125 275 136 98 58 53 174 14 145 226 316 227 138 107 288 208 171 198 207 309 151 72 77 263 29 260 153 177 73 169 139 92 22 241 13 203 258 198 81 19 331 163 65 90 34 37 260 212 248 331 53 159 190 295 190 127 195 182 210 142 122 213 293 305 123 194 218 293 257 200 282 121 202 257 289 159 113 162 183 297 286 110 219 38 261 156 248 28 174 168 77 72 81 209 97 75 41 241 187 60 189 302 355 237 164 45 67 59 245 295 238 168 154 240 82 77 196 148 112 207 121 189 128 265 148 184 182 295 285 152 292
 280 229 1 308 200 342 101 200 310 125 17 206 179 288 342 236 160 112 339 342 168 143 264 79 149 329 138 348 322 382 112 268 146 268 296 240 267 45 217 360 171 244 264 251 117 224 107 247 10 180 60 375 186 114 209 168 195 280 215 146 222 294 82 238 164 216 175 165 325 117 136 234 287 81 34 247 128 244 58 164 115 267 364 379 251 229 57 280 217 305 153 192 122 314 41 49 280 163 306 288 249 284 306 199 211 146 323 20 162 147 196 178 156 148 94 351 289 136 145 242 311 187 140 141 249 236 67 341 56 324 341 217 329 104 194 183 179 192 269 90 281 320 244 347 226 156 325 157 108 205 366 175 141 168 137 186 51 104 155 183 171 180 184 168 153 252 218 365 185 291 77 299 311 285 195 302 226 129 150 192 208 218 144 151 333 314 143 82 146 306 250 302 35 236 169 138 339 300 282 152 320 208 171 217 98 166 94 150 219 203 117 243 217 251 203 115 321 112 217 179 248 200 144 263 218 370 135 128 166 235 253 65 127 232 97 251 138 78 144 217 153 371 37 73 221 252 278 252 97 60 214 171 262 73 80 160 244 311 292 155 257 248 29 146 294 244 135 146 230 190 151 215 173 348 266 219 287 147 120 229 133 167 234 294 153 143 88 289 158 314 74 318 133 101 359 63 173 112 313 66
 351 146 308 1 462 44 398 148 100 195 292 111 181 49 222 234 182 393 33 39 428 212 332 286 343 188 330 308 238 344 330 366 365 84 261 371 291 324 135 53 216 276 216 262 331 256 204 296 309 298 322 346 131 215 138 186 157 110 206 251 424 296 242 183 436 100 243 204 274 261 392 261 228 341 274 226 289 336 258 146 218 318 57 363 114 107 252 28 482 73 325 464 265 235 343 321 276 392 89 241 132 39 224 400 98 212 108 321 315 220 139 206 375 179 245 63 305 381 253 72 28 376 258 218 291 147 243 243 274 187 344 225 362 209 115 198 177 354 63 243 67 73 99 323 338 169 67 414 310 387 355 139 270 375 396 152 358 301 164 128 191 132 345 386 251 184 165 318 125 257 321 11 84 149 193 45 159 182 356 443 368 99 235 292 343 31 329 248 323 283 212 164 337 171 390 283 34 125 59 273 137 152 225 147 321 248 235 195 136 458 287 85 235 166 136 377 351 268 461 159 303 154 305 335 272 64 311 222 149 75 357 367 330 79 229 362 306 298 331 420 155 318 323 379 304 56 303 328 339 353 254 354 156 305 257 379 119 309 307 196 75 221 298 167 179 180 247 192 204 160 420 480 371 47 165 212 145 245 404 381 188 292 383 84 182 327 252 242 340 47 298 41 275 208 300 247 422 394 7 372
 239 337 200 462 1 486 113 388 426 270 208 352 373 457 398 286 282 90 493 489 35 340 238 179 127 403 138 353 366 371 133 212 102 397 324 175 273 226 337 510 369 261 322 279 132 260 269 249 193 373 152 361 363 307 331 362 386 394 289 345 94 298 228 321 39 363 237 362 347 203 72 264 336 129 225 300 177 212 253 321 311 253 516 354 369 410 244 435 21 433 150 22 199 359 196 232 297 77 427 328 358 449 358 96 373 343 436 181 351 345 326 268 94 337 292 489 286 82 215 391 474 115 210 246 255 341 255 385 200 397 319 277 292 262 352 277 373 145 440 224 415 448 423 341 192 294 456 50 153 119 343 325 338 101 69 374 176 162 300 356 367 332 148 88 221 331 318 367 342 322 261 452 434 379 286 470 327 309 114 25 144 392 232 344 310 477 141 280 331 320 312 388 197 327 82 185 495 405 453 200 419 321 370 330 143 365 290 268 337 14 177 381 270 340 331 91 289 310 33 306 244 390 335 234 242 521 156 326 345 400 203 192 309 397 292 196 328 272 139 92 323 374 219 150 218 410 275 227 271 212 253 128 355 264 210 92 362 308 287 269 394 304 189 299 371 327 334 339 301 381 50 19 109 493 353 288 383 346 84 153 322 190 156 418 281 143 214 329 135 452 169 458 330 276 370 250 43 90 468 176
 355 157 342 44 486 1 429 191 87 225 326 139 223 89 206 240 206 421 29 10 453 253 337 314 364 173 351 298 228 333 355 373 387 92 257 383 294 361 152 30 259 282 216 265 355 264 237 301 343 340 352 335 171 254 157 228 200 109 216 293 441 295 272 189 462 128 259 246 265 285 418 268 224 369 309 229 311 344 295 179 258 321 37 353 123 149 288 66 506 64 345 490 288 226 379 358 275 414 78 237 139 82 216 419 135 254 89 354 357 262 161 223 397 220 285 22 305 406 274 101 63 394 278 241 296 156 279 229 305 173 339 234 359 241 149 215 219 370 105 271 74 55 141 315 349 196 46 438 334 403 346 170 312 395 422 194 392 325 193 167 233 163 361 407 270 187 177 306 158 254 360 48 71 144 208 82 170 219 378 466 383 140 256 334 339 64 350 287 365 279 215 154 373 178 412 304 39 116 100 292 121 168 267 161 346 290 273 219 152 481 310 106 244 170 157 403 349 309 483 182 309 196 347 341 281 40 333 263 188 115 366 403 371 119 268 371 348 337 352 438 191 306 360 412 314 93 305 335 379 390 264 373 157 345 286 400 130 305 306 218 93 225 330 198 172 185 289 233 211 202 447 504 391 8 165 221 139 287 433 394 228 309 396 79 207 348 280 238 360 37 326 30 317 243 288 282 445 423 41 407
 277 298 101 398 113 429 1 299 385 205 114 291 279 383 391 276 231 35 430 430 89 242 267 122 133 386 131 372 364 400 106 256 112 348 328 221 287 117 291 449 269 268 309 281 110 255 195 263 96 263 80 391 282 213 283 268 295 353 265 240 169 315 158 295 75 302 216 264 356 161 74 264 330 70 132 289 151 242 158 253 215 277 454 390 325 327 154 371 126 385 150 99 162 356 86 123 306 112 383 326 319 378 351 153 303 245 397 83 240 245 273 234 116 247 192 436 306 85 185 329 405 155 179 202 267 303 165 384 125 380 351 260 331 190 284 241 279 174 365 160 363 400 342 365 221 235 407 85 120 169 377 261 231 131 71 286 65 124 238 278 271 267 171 123 193 308 282 389 274 325 151 389 389 349 253 398 291 226 124 113 184 314 195 235 343 407 137 181 220 332 297 363 88 296 121 163 431 370 378 180 387 278 268 287 103 260 193 218 292 120 144 326 257 311 280 62 325 204 138 254 261 300 225 264 243 460 141 227 263 328 243 80 197 325 197 238 218 164 136 164 247 395 111 38 232 343 294 255 159 100 246 150 325 156 145 119 318 329 308 222 340 292 102 232 350 301 230 246 280 290 68 124 140 436 326 267 352 242 32 203 233 183 208 372 227 138 152 327 144 398 110 403 222 195 386 161 102 32 404 65
 362 184 200 148 388 191 299 1 210 138 187 115 34 109 308 259 159 305 175 186 355 70 342 215 294 279 279 367 308 406 267 366 306 166 310 356 316 201 163 196 69 294 261 287 270 268 127 309 204 150 237 404 46 88 157 41 10 196 224 105 380 333 166 221 355 116 230 57 333 212 318 278 283 260 169 259 242 334 143 100 88 334 197 417 175 43 147 127 407 190 283 384 219 302 227 196 312 332 200 292 188 112 290 354 81 69 223 217 168 76 143 200 318 53 115 208 336 312 221 119 138 334 222 185 306 190 136 321 190 275 387 241 393 135 93 196 30 322 89 174 166 199 54 376 327 137 199 341 250 349 405 109 124 323 321 16 245 240 125 60 44 106 312 330 224 231 192 382 95 305 187 144 200 227 200 122 193 82 303 375 339 56 203 145 382 139 281 123 177 330 250 248 222 210 334 243 171 220 100 242 240 172 77 175 253 100 109 166 166 388 235 139 248 216 149 299 381 128 397 150 314 7 159 343 277 204 264 83 52 83 353 248 187 80 105 356 161 164 283 375 81 385 202 271 301 107 330 333 202 229 261 312 217 173 185 322 174 350 339 171 147 256 203 116 253 223 103 56 232 13 341 405 324 194 226 232 225 99 315 357 68 265 361 188 152 279 184 293 296 180 223 179 130 115 367 141 354 306 152 257
 273 90 310 100 426 87 385 210 1 186 294 113 238 142 123 159 155 371 111 95 394 257 255 265 300 89 289 212 142 247 298 292 325 47 171 305 210 338 95 116 273 201 132 183 297 185 205 220 308 353 306 250 174 246 103 239 218 33 142 300 370 209 231 111 406 105 190 258 179 229 361 188 138 319 279 148 250 265 273 154 252 238 124 267 61 176 261 98 445 28 279 432 230 140 349 336 190 351 13 152 68 129 129 350 133 259 15 318 364 268 115 159 333 219 275 77 220 347 212 92 128 325 217 185 214 86 255 144 263 89 252 158 273 207 133 150 234 299 147 227 46 33 175 229 272 155 42 380 277 332 260 141 317 330 365 207 359 270 156 164 246 137 291 342 206 106 108 221 139 168 345 94 18 59 140 143 100 204 314 404 310 155 196 340 252 130 286 273 367 193 133 68 343 102 347 241 120 30 150 227 38 108 281 99 292 302 261 167 94 419 252 76 167 91 108 349 263 306 418 133 228 216 350 259 204 126 270 263 185 129 286 374 368 132 257 292 350 325 288 367 176 221 334 374 236 107 220 254 367 364 187 305 76 330 241 336 68 220 221 164 65 143 292 166 86 106 293 235 134 219 391 443 324 94 82 145 54 294 383 319 222 240 320 23 160 284 234 152 294 56 277 64 320 218 203 257 384 373 104 375
 230 108 125 195 270 225 205 138 186 1 109 87 139 188 230 142 42 198 227 226 236 127 211 92 161 212 146 259 216 297 140 231 178 145 201 219 192 155 94 246 158 168 159 167 142 142 26 180 123 217 128 293 100 96 85 131 139 156 111 162 246 214 48 125 242 98 98 143 229 76 199 154 184 147 95 148 107 200 95 52 103 205 251 302 127 146 79 168 290 183 148 271 83 209 164 155 195 205 182 188 126 180 199 221 104 131 200 133 216 138 72 77 188 98 113 232 214 190 84 125 205 199 85 50 179 115 77 234 81 207 267 122 267 24 83 77 136 185 171 48 159 197 159 264 191 32 203 222 120 214 289 57 172 192 203 124 174 111 33 90 139 64 175 201 87 139 100 276 73 197 169 186 188 164 86 201 107 62 172 253 202 125 67 194 261 208 147 105 210 217 146 183 158 120 205 107 228 177 185 105 197 87 164 95 129 175 99 38 96 267 102 122 127 133 80 183 256 150 273 56 184 142 198 211 147 257 129 122 87 131 218 189 203 128 96 220 195 152 149 242 60 280 151 190 167 142 205 200 192 180 134 177 143 156 63 193 121 232 217 45 136 148 108 30 177 130 150 110 124 136 227 288 191 231 148 118 166 158 210 220 87 128 224 170 33 146 58 189 162 194 104 199 170 46 265 76 231 200 202 190
 273 214 17 292 208 326 114 187 294 109 1 190 167 273 328 224 145 121 324 326 176 133 257 71 147 315 135 338 309 372 111 263 147 252 284 236 257 54 202 344 162 234 251 240 115 213 91 238 19 178 62 365 171 102 193 156 183 264 201 140 224 284 67 224 173 200 164 155 313 106 142 224 275 85 19 234 121 237 46 148 104 259 348 370 235 215 42 265 226 290 149 201 112 301 56 56 269 166 290 275 233 268 293 200 195 136 308 32 163 138 180 165 157 135 85 336 279 140 134 226 296 187 129 128 239 221 53 328 45 309 332 205 322 88 179 169 167 189 254 76 265 304 229 337 220 140 309 164 104 204 357 159 137 168 144 173 67 98 140 168 160 165 181 170 142 238 203 355 169 279 82 283 295 270 181 287 211 115 150 199 205 204 132 149 324 298 140 72 148 295 237 288 50 221 171 130 324 285 267 142 304 193 163 202 96 159 83 135 204 210 110 227 205 236 188 121 313 108 223 164 239 187 144 256 208 355 130 118 152 220 248 81 131 217 86 246 138 79 141 219 138 360 48 88 213 237 269 244 104 74 203 170 247 76 67 162 229 301 282 141 241 236 25 131 279 230 128 134 216 178 160 224 173 332 251 206 272 140 130 227 120 159 232 278 138 140 75 276 155 298 69 302 130 85 347 48 179 122 298 82
 265 70 206 111 352 139 291 115 113 87 190 1 136 112 195 153 74 284 142 140 319 148 245 177 235 168 221 255 195 294 221 275 256 67 198 273 212 229 50 160 168 192 149 182 222 167 99 209 206 246 214 292 71 135 46 134 121 89 119 191 318 225 134 109 326 12 142 152 220 152 282 176 170 232 173 150 180 243 163 43 140 234 165 306 64 97 153 84 372 103 218 355 156 188 244 227 204 283 106 180 75 101 176 294 39 151 127 216 254 160 36 106 266 110 163 147 230 272 147 40 124 270 150 110 205 77 146 207 167 163 278 138 288 103 24 99 132 250 100 134 77 116 104 265 241 60 121 304 200 282 295 32 207 267 287 107 256 191 55 58 142 26 240 277 145 118 82 269 27 194 234 101 110 115 98 124 81 93 248 334 265 69 128 230 275 127 221 161 256 219 140 136 238 97 282 176 144 114 112 168 135 62 177 62 211 196 150 87 53 348 178 39 146 103 39 267 277 195 352 53 216 121 240 247 180 171 203 152 77 58 264 268 256 58 145 268 239 213 223 314 64 271 227 274 209 60 225 238 255 257 163 248 103 219 148 270 61 241 233 88 53 147 192 61 140 110 183 126 124 121 311 370 264 146 112 126 114 185 295 280 110 188 283 93 73 219 142 181 233 110 188 114 209 109 254 148 312 285 117 271
 368 203 179 181 373 223 279 34 238 139 167 136 1 142 330 271 167 287 208 219 340 40 348 205 287 302 272 383 327 422 257 369 297 193 325 356 325 174 182 229 37 302 277 298 261 276 123 316 184 118 222 419 66 67 175 12 25 221 236 72 372 345 158 237 338 139 235 24 349 208 304 287 300 245 150 272 238 338 122 112 65 341 230 430 198 76 130 160 391 219 278 367 216 320 202 169 324 321 229 308 209 145 309 347 107 38 252 197 135 44 160 208 308 42 89 241 347 299 222 147 171 327 222 188 314 210 119 341 178 298 399 251 402 130 113 205 5 318 123 168 194 229 87 390 329 145 230 327 241 343 418 124 91 315 306 32 221 232 134 78 11 122 308 321 225 249 208 398 113 320 158 177 230 249 211 155 210 78 295 361 335 87 205 112 394 172 274 99 144 344 265 271 197 227 324 241 204 246 133 242 266 188 45 192 243 68 86 172 185 374 230 165 258 235 167 284 391 96 384 162 321 30 126 349 283 237 258 55 62 114 356 222 154 110 83 357 128 135 276 367 88 401 177 248 305 137 339 338 171 203 269 306 237 144 176 313 196 362 349 177 174 270 186 123 274 240 71 35 246 22 325 389 316 227 246 244 249 66 297 355 56 265 359 216 159 273 177 309 290 211 212 210 98 106 384 124 340 288 185 232
 371 166 288 49 457 89 383 109 142 188 273 112 142 1 261 255 185 382 69 83 423 177 352 279 345 227 330 341 273 379 327 383 363 113 290 384 314 299 151 89 176 297 242 284 328 274 191 315 291 256 311 379 104 186 151 149 118 144 224 213 428 323 231 206 428 104 253 166 306 260 386 281 258 332 255 249 289 352 235 137 188 339 89 395 139 67 232 45 476 115 328 457 265 269 321 295 302 390 130 270 157 15 257 404 84 177 151 303 276 184 146 216 374 149 216 110 330 376 257 80 30 380 261 220 311 169 222 280 262 226 373 243 388 197 107 209 139 361 21 234 101 118 56 355 351 167 113 408 307 392 386 134 232 376 390 116 337 297 159 106 153 127 351 386 256 210 183 352 116 286 291 50 126 183 206 15 179 160 356 440 376 71 238 253 371 31 330 221 286 312 236 200 315 193 390 286 63 163 11 278 178 166 184 164 315 207 207 197 152 454 286 102 252 192 146 369 376 234 459 164 322 114 267 354 288 96 312 189 123 58 373 344 294 60 202 377 269 268 332 424 137 353 299 360 319 55 327 346 307 328 271 358 185 276 248 378 143 337 332 199 98 245 283 159 213 204 211 159 225 122 413 474 374 91 194 231 179 207 393 391 160 299 394 122 182 328 244 271 343 93 289 88 239 190 335 226 418 383 50 351
 191 130 342 222 398 206 391 308 123 230 328 195 330 261 1 116 189 368 232 215 372 338 180 275 275 35 269 97 36 128 288 217 302 151 81 243 134 380 150 234 361 139 82 120 286 140 254 154 338 435 316 132 265 316 158 327 315 119 129 379 323 118 262 106 389 193 176 345 71 233 345 135 63 321 319 103 241 199 324 224 323 161 242 151 134 282 307 216 416 150 253 410 231 41 381 380 108 324 134 71 121 247 41 308 228 341 118 343 440 350 174 165 307 300 340 191 132 331 207 195 249 285 213 202 148 122 305 25 288 36 145 131 173 252 218 160 325 256 263 253 161 154 284 117 214 204 162 359 272 286 146 210 393 298 350 301 385 267 211 252 335 211 251 312 199 92 131 102 218 81 398 215 140 83 148 263 126 274 289 375 261 257 201 416 148 252 265 333 437 95 95 62 376 112 317 229 241 98 268 212 87 148 369 142 289 387 325 196 147 389 247 172 135 99 166 341 164 375 382 179 161 314 423 184 157 242 254 339 270 234 217 404 432 237 321 224 421 381 266 321 250 101 374 391 182 217 138 184 420 401 148 271 94 384 264 308 135 121 132 190 169 99 317 224 57 101 369 316 114 314 375 415 290 212 86 125 85 374 379 262 297 213 261 140 198 263 255 71 266 178 286 185 393 274 84 305 358 370 226 400
 118 90 236 234 286 240 276 259 159 142 224 153 271 255 116 1 105 252 257 246 258 266 99 164 161 118 154 118 89 156 173 135 188 152 61 147 60 277 106 268 295 43 37 30 170 28 167 63 231 358 204 151 214 237 108 264 263 132 36 303 217 75 161 52 275 157 63 279 90 122 230 29 55 207 218 15 126 106 229 160 245 85 275 161 121 248 211 215 304 177 139 297 119 81 274 279 54 210 165 52 103 242 76 200 190 270 166 234 357 278 119 67 193 233 254 234 79 216 95 176 257 176 100 101 58 88 212 109 181 112 129 22 136 162 170 67 267 147 248 150 170 189 255 122 114 127 198 245 157 180 149 150 314 186 236 248 275 153 138 200 273 154 141 199 87 55 73 135 166 57 300 224 173 104 61 264 77 200 175 263 156 221 93 335 125 260 150 245 350 76 29 106 269 64 205 114 264 133 258 97 141 92 302 93 174 315 240 105 104 277 133 154 20 71 115 225 125 291 272 110 71 264 339 102 47 279 139 263 210 208 128 296 340 209 237 134 335 287 151 215 184 140 271 279 78 202 74 96 323 295 34 159 84 289 158 195 116 92 81 99 161 20 210 150 88 56 292 247 31 261 261 303 179 247 78 28 108 299 264 162 225 99 163 161 114 148 150 54 152 204 174 211 312 188 125 210 245 255 240 290
 204 70 160 182 282 206 231 159 155 42 145 74 167 185 189 105 1 219 212 208 249 162 184 111 162 172 148 221 176 260 150 209 184 119 163 204 159 194 61 229 191 136 119 132 151 110 66 150 157 255 152 255 116 134 53 161 163 123 72 200 244 179 79 85 258 84 73 175 190 80 213 121 144 167 133 109 108 177 135 61 141 176 235 265 95 157 119 157 302 156 145 285 84 168 200 194 159 211 153 149 90 175 158 220 105 166 167 165 255 174 46 42 193 129 153 209 180 201 73 112 197 196 77 37 148 77 117 193 110 167 233 86 235 64 82 39 164 177 172 74 135 171 168 227 172 24 178 234 130 208 253 55 211 194 218 147 207 121 35 103 169 62 167 204 72 99 60 237 74 158 209 172 159 126 47 197 67 95 175 262 193 132 54 233 228 200 148 146 251 180 106 144 194 79 209 103 215 142 184 94 161 49 198 59 142 211 139 14 62 277 106 101 92 93 51 199 224 190 280 25 156 164 238 185 118 241 130 159 109 129 197 224 244 128 136 200 235 193 150 240 81 241 189 221 143 133 173 175 232 217 103 175 104 196 87 197 88 196 183 15 114 109 140 46 137 89 188 143 85 160 242 299 191 213 108 80 128 196 231 208 120 116 212 142 10 146 80 150 160 172 124 178 210 86 225 116 241 221 189 223
 245 283 112 393 90 421 35 305 371 198 121 284 287 382 368 252 219 1 424 423 60 253 236 109 102 365 102 344 340 370 80 224 79 336 302 188 258 138 278 443 282 240 287 255 83 230 192 234 105 285 72 361 283 222 271 276 302 339 245 257 135 286 152 275 53 294 194 275 329 144 40 238 306 53 138 266 128 211 167 248 224 247 448 359 312 330 159 365 106 374 121 81 143 332 109 144 279 78 370 301 304 375 328 119 299 256 383 92 263 257 263 216 83 253 204 426 276 51 165 323 401 121 159 187 239 288 171 360 121 359 321 238 299 186 279 224 287 142 364 151 353 388 344 336 189 226 396 53 98 135 346 254 250 98 37 291 90 104 230 278 281 261 139 89 172 288 266 360 269 299 173 383 377 332 235 396 275 228 92 85 151 314 177 256 312 404 108 192 244 304 275 344 109 278 87 140 426 354 377 157 371 264 282 273 81 276 203 206 279 94 123 317 234 293 268 30 294 221 110 242 231 306 247 233 216 454 115 239 265 326 210 108 222 323 206 205 240 183 107 131 246 366 131 66 203 339 265 224 185 126 221 118 307 176 137 85 305 300 279 208 330 269 104 226 330 282 246 254 259 297 41 104 106 428 308 246 335 258 13 169 238 157 174 360 216 110 142 302 114 389 97 394 241 195 358 166 70 4 399 93
 374 171 339 33 493 29 430 175 111 227 324 142 208 69 232 257 212 424 1 20 459 241 355 317 373 198 360 322 252 358 361 391 395 107 279 398 313 355 163 22 243 300 236 284 362 280 236 319 341 323 354 360 161 245 167 214 184 129 231 279 452 316 273 206 467 131 271 231 289 291 423 285 246 372 306 248 319 361 290 178 249 340 25 377 138 133 284 60 512 86 354 495 295 250 375 352 296 422 101 259 155 64 239 429 130 241 115 352 342 248 168 234 405 209 276 50 326 412 283 103 40 405 287 248 314 171 275 254 306 199 361 250 381 241 147 226 204 382 87 274 89 80 123 339 364 200 71 444 341 415 370 171 298 404 427 180 389 331 195 159 218 164 373 416 280 205 191 331 157 275 351 42 94 165 220 59 184 213 386 474 396 129 264 319 361 40 359 279 351 301 234 178 369 194 420 313 10 139 79 302 147 180 251 174 352 274 265 226 163 488 317 114 260 188 165 408 370 298 491 189 327 180 333 358 297 32 341 251 180 106 382 399 359 110 260 388 335 328 361 449 187 331 354 411 329 88 325 352 369 384 280 384 177 336 288 409 144 327 327 226 102 243 330 199 195 203 276 221 228 187 452 510 401 27 185 237 161 273 436 408 219 320 410 100 213 357 283 260 370 57 329 49 304 240 313 278 452 426 27 404
 362 162 342 39 489 10 430 186 95 226 326 140 219 83 215 246 208 423 20 1 456 250 343 316 368 181 354 306 236 341 357 379 390 97 264 388 300 360 155 23 254 288 222 272 358 269 237 308 343 335 353 343 168 252 160 224 195 115 221 289 445 302 273 195 464 129 263 242 273 287 420 274 231 371 309 236 314 350 294 179 256 328 31 361 128 144 287 64 509 71 348 492 291 234 378 357 282 417 85 245 144 76 223 423 134 250 98 354 353 258 164 227 400 217 283 31 312 408 277 102 56 398 282 244 302 161 279 237 306 182 346 240 366 242 149 219 215 375 100 273 79 63 136 323 354 198 54 441 337 408 354 170 308 399 424 190 392 328 194 165 229 164 366 410 274 193 182 315 158 261 358 45 78 151 212 75 175 218 381 469 388 137 259 330 346 56 353 285 361 286 221 162 372 183 415 307 30 123 93 296 129 172 262 165 349 285 271 222 156 484 313 108 249 176 160 405 356 306 486 184 315 191 343 347 287 35 336 260 186 112 372 403 368 116 266 377 344 335 356 442 190 314 359 412 319 91 311 341 376 389 269 377 164 343 287 403 134 313 313 221 96 231 331 199 180 191 285 230 217 198 449 507 395 9 172 226 147 283 435 399 225 313 401 86 209 351 281 246 364 43 327 35 313 242 297 281 448 425 35 407
 223 306 168 428 35 453 89 355 394 236 176 319 340 423 372 258 249 60 459 456 1 307 219 145 98 375 107 333 341 354 99 198 72 365 300 160 250 197 305 477 337 237 294 254 99 233 235 227 161 344 119 344 329 274 298 329 352 362 259 314 89 277 194 291 23 329 207 329 325 170 38 239 310 96 192 273 145 193 221 287 278 233 483 339 337 375 211 402 55 401 121 39 166 334 168 203 274 50 395 303 327 415 332 82 339 311 405 149 323 312 293 237 66 303 260 456 265 48 184 358 440 95 178 214 232 310 222 361 166 369 302 248 277 228 318 245 339 123 406 189 382 415 389 322 172 260 423 16 120 103 327 291 308 76 35 340 149 129 266 321 334 299 125 63 189 302 287 348 308 298 233 418 402 349 255 436 296 275 85 26 126 357 200 315 293 443 111 247 304 298 284 358 168 296 58 154 462 374 419 169 389 289 338 298 109 333 257 235 305 36 145 348 242 310 298 57 273 279 50 273 222 356 306 215 216 488 125 293 311 366 187 166 281 363 259 181 299 242 109 85 289 355 190 124 195 376 254 208 244 185 226 103 325 235 176 65 330 288 267 236 361 277 155 265 342 297 302 306 272 347 22 52 85 460 323 259 353 315 58 139 288 161 143 386 248 113 180 304 108 419 135 425 299 242 350 217 19 62 435 151
 354 209 143 212 340 253 242 70 257 127 133 148 40 177 338 266 162 253 241 250 307 1 335 178 261 313 246 382 331 420 229 353 268 211 323 336 318 135 189 262 33 294 277 292 233 268 106 306 149 99 190 416 86 36 181 30 62 236 233 44 345 339 135 240 304 154 223 23 350 188 272 279 302 214 116 270 216 323 87 115 31 331 263 426 211 110 98 188 357 241 255 333 196 324 164 130 319 292 249 308 219 178 313 320 127 5 271 162 108 13 165 201 280 39 51 269 340 268 205 168 205 302 204 175 305 216 87 347 149 309 393 246 393 113 126 200 42 296 156 146 215 253 123 388 311 141 254 294 215 319 414 128 61 288 274 62 183 206 131 94 31 128 286 293 210 252 211 397 123 318 119 206 251 260 208 190 214 68 268 329 313 114 191 84 387 206 250 62 113 341 265 282 159 230 295 221 237 261 168 224 282 192 38 197 214 51 51 163 192 341 207 182 252 241 173 251 382 59 353 162 310 67 96 336 273 270 234 16 73 140 339 184 119 136 49 340 96 96 252 340 89 401 138 211 291 163 331 325 133 164 260 282 245 105 152 285 207 357 342 169 193 269 153 118 282 243 37 23 245 58 291 355 290 258 253 240 260 38 262 333 43 247 338 236 153 249 154 309 266 237 183 237 65 86 385 93 309 253 216 194
 21 188 264 332 238 337 267 342 255 211 257 245 348 352 180 99 184 236 355 343 219 335 1 187 136 196 139 117 145 136 166 39 159 250 100 67 48 308 202 366 367 57 124 73 162 79 231 37 257 418 214 126 299 302 202 340 345 229 129 367 151 65 209 150 240 251 114 352 116 155 203 72 125 206 258 109 138 27 278 243 309 19 373 123 219 338 259 313 253 274 120 254 148 140 295 312 72 171 262 113 202 339 144 143 281 339 260 255 410 346 210 144 158 307 311 330 51 189 132 272 354 125 135 162 42 186 264 161 214 192 85 109 66 224 260 149 345 98 343 197 268 286 347 104 49 207 295 209 161 120 111 236 373 145 208 329 289 163 218 286 348 242 99 158 127 152 169 130 254 100 338 322 270 198 148 361 174 272 145 214 95 311 145 392 76 358 133 299 399 88 124 195 291 163 162 128 362 227 354 117 232 186 373 189 175 382 299 177 200 226 148 251 100 169 208 208 59 346 216 197 30 347 392 5 67 376 134 328 291 302 39 312 385 302 297 47 387 331 133 151 263 138 301 283 46 298 43 14 360 318 83 121 181 330 197 158 214 72 52 172 259 114 236 227 175 154 354 320 129 342 229 252 136 344 174 122 202 364 246 88 296 99 86 259 191 132 191 113 124 301 192 309 369 251 134 261 202 240 338 302
 203 177 79 286 179 314 122 215 265 92 71 177 205 279 275 164 111 109 317 316 145 178 187 1 84 268 70 273 252 306 53 193 93 229 222 168 190 122 171 336 210 167 195 176 57 149 91 169 71 242 43 298 185 143 163 194 213 233 148 198 168 217 50 176 151 187 102 199 251 43 108 159 217 56 75 176 50 167 100 143 148 190 341 302 205 232 84 259 199 266 81 180 47 244 113 126 204 118 263 216 198 271 237 143 195 182 277 72 230 186 155 115 104 165 139 319 212 99 71 216 296 125 65 81 171 183 93 272 31 261 264 146 252 84 174 122 204 122 262 45 245 281 246 270 150 118 288 131 38 142 289 148 199 111 112 200 112 30 123 178 201 155 113 117 79 189 162 290 164 218 153 276 270 229 133 292 171 134 91 163 139 213 76 214 256 299 74 126 217 230 182 244 108 176 120 61 319 249 275 74 267 158 214 167 39 215 131 99 172 177 40 209 145 192 161 92 243 170 184 135 170 217 211 186 141 347 61 166 169 222 178 133 200 219 131 176 205 148 76 163 145 296 115 117 143 233 201 174 174 135 139 106 205 145 32 109 198 234 215 101 223 178 50 121 232 182 185 171 163 209 135 197 113 321 206 151 232 196 121 160 150 90 165 252 108 73 36 217 90 281 13 287 193 101 284 88 141 111 292 127
 145 212 149 343 127 364 133 294 300 161 147 235 287 345 275 161 162 102 373 368 98 261 136 84 1 278 16 243 245 269 38 127 28 274 205 94 158 191 214 389 293 142 197 158 33 136 168 134 141 323 91 260 260 226 209 276 293 268 162 281 87 186 130 194 115 245 111 282 231 86 72 142 213 76 156 175 56 110 183 211 231 146 396 258 245 306 167 318 147 309 23 137 81 238 171 196 180 52 302 207 233 335 235 62 262 265 310 135 309 270 206 143 34 246 222 365 176 57 92 273 358 42 87 127 139 216 176 265 114 272 220 151 200 160 239 152 285 46 330 121 292 323 319 235 89 178 331 85 47 59 245 212 281 32 77 279 161 56 187 250 283 219 40 43 96 205 193 259 230 202 225 333 309 253 161 357 202 213 15 105 60 284 110 294 211 361 15 209 294 205 186 261 168 200 48 61 377 279 343 74 292 198 297 205 52 299 214 149 214 120 60 261 145 214 209 73 194 252 120 186 131 297 290 133 120 401 33 250 245 288 113 184 275 286 215 109 284 225 13 82 219 266 183 151 102 294 164 123 244 194 128 23 229 221 111 37 238 199 178 149 273 179 123 189 245 200 268 253 175 289 101 145 31 371 227 162 257 279 112 81 232 64 86 293 164 17 111 207 13 329 81 336 274 182 258 171 86 105 350 172
 210 107 329 188 403 173 386 279 89 212 315 168 302 227 35 118 172 365 198 181 375 313 196 268 278 1 270 128 60 161 286 235 304 119 100 256 150 365 126 200 335 149 82 130 284 145 236 167 326 411 309 164 237 294 134 300 287 87 121 355 333 139 249 93 391 164 172 319 98 226 346 142 72 317 304 104 238 213 306 200 301 178 208 183 105 251 290 183 422 116 255 414 225 61 369 365 125 328 100 85 95 214 54 316 199 316 84 332 417 325 150 154 310 275 319 158 152 331 202 164 215 292 208 190 160 100 288 57 276 7 173 128 199 235 190 148 298 264 230 241 128 120 253 147 226 184 128 361 269 295 177 186 370 303 351 273 374 263 190 225 309 186 258 316 194 79 113 135 192 98 380 181 106 54 136 230 106 251 291 380 271 227 193 393 175 218 266 313 416 118 92 33 363 95 322 227 207 65 234 210 53 127 343 120 285 362 304 181 123 394 243 142 134 80 142 339 189 354 389 159 174 286 401 201 163 209 253 315 243 203 232 393 412 206 300 239 399 363 268 331 225 134 360 383 192 185 156 199 403 388 151 277 71 367 252 312 108 145 153 175 137 99 306 203 37 87 346 291 107 286 376 420 296 178 66 120 55 350 377 274 273 215 274 107 181 264 244 85 269 144 279 151 371 254 117 287 362 368 192 390
 150 200 138 330 138 351 131 279 289 146 135 221 272 330 269 154 148 102 360 354 107 246 139 70 16 270 1 243 240 270 29 134 37 261 201 104 157 180 201 376 279 139 189 154 24 130 153 133 129 310 80 261 245 211 196 261 278 257 153 266 102 185 114 184 122 231 101 267 228 71 77 137 207 69 142 168 42 114 169 196 217 147 382 260 233 291 152 304 158 296 20 146 66 232 162 185 177 64 290 201 221 321 229 77 247 250 299 124 296 255 192 131 46 231 208 353 176 63 79 259 344 57 74 113 137 204 162 260 100 264 222 142 204 145 224 140 270 56 315 105 279 311 304 235 94 164 319 93 33 73 248 197 267 47 82 264 153 41 172 235 268 204 48 57 84 196 181 259 215 198 214 319 297 243 149 343 190 197 28 117 72 269 97 281 213 347 7 195 281 203 178 252 159 190 62 49 363 268 328 63 282 185 282 193 41 284 200 135 201 132 45 247 137 204 196 74 197 238 133 172 131 282 278 136 115 387 19 235 230 273 119 176 263 271 200 116 271 213 7 98 204 265 172 146 102 280 164 126 233 185 122 37 219 209 96 50 226 199 178 135 260 172 111 174 236 191 254 238 165 274 108 156 46 358 217 152 246 265 113 93 217 57 98 281 149 8 96 202 22 316 68 323 261 167 257 157 96 105 336 165
 120 185 348 308 353 298 372 367 212 259 338 255 383 341 97 118 221 344 322 306 333 382 117 273 243 128 243 1 71 40 267 148 269 229 59 182 87 391 205 326 409 107 107 98 264 126 283 110 342 475 308 39 322 354 211 377 373 199 150 420 266 59 277 147 353 256 175 393 36 233 314 115 86 306 333 113 227 142 346 272 361 101 334 56 204 349 327 297 369 238 224 369 228 74 385 393 70 284 222 76 187 327 85 258 292 385 210 344 474 393 225 184 270 347 371 285 69 299 205 267 334 239 210 217 106 180 329 74 294 126 51 139 83 279 275 183 379 211 339 266 243 244 354 21 162 241 253 322 256 235 50 260 430 258 319 357 382 255 252 309 386 263 210 271 197 137 176 18 273 64 415 300 229 160 175 346 175 315 255 330 210 322 208 452 57 337 237 362 467 44 118 145 380 159 276 215 331 184 346 200 178 196 417 194 273 431 357 222 203 342 237 243 135 154 219 315 78 408 331 222 113 373 456 121 133 335 232 379 321 304 153 404 457 306 354 161 452 404 238 266 296 24 384 382 142 292 80 127 438 406 136 232 158 405 272 270 202 46 67 215 244 114 321 264 129 146 408 362 138 371 341 367 249 304 148 142 164 416 354 203 340 191 201 225 230 235 264 75 232 266 281 274 428 305 20 327 316 347 312 397
 157 126 322 238 366 228 364 308 142 216 309 195 327 273 36 89 176 340 252 236 341 331 145 252 245 60 240 71 1 107 260 183 272 161 46 208 99 362 146 256 357 106 60 88 257 111 241 120 317 428 292 109 264 307 153 323 315 130 109 372 289 84 244 93 359 194 151 340 39 210 316 104 36 295 301 77 214 164 309 218 314 126 264 126 139 287 291 229 384 168 223 379 207 9 361 363 74 292 152 39 123 259 19 275 230 335 140 321 430 343 169 146 276 295 328 215 97 301 183 202 265 253 188 183 114 119 291 21 267 57 114 107 140 238 217 142 323 223 273 234 174 174 290 89 180 193 183 328 245 253 119 205 384 267 321 300 362 241 202 251 332 207 219 280 174 80 122 81 216 47 382 230 159 92 132 277 118 266 258 343 228 260 179 407 116 268 235 321 426 61 73 75 355 102 286 202 261 115 279 185 108 141 365 136 262 381 314 180 144 356 221 178 108 93 162 312 131 365 349 170 127 315 413 149 126 265 226 331 266 240 182 383 418 242 310 190 410 367 236 288 244 81 355 367 149 226 103 150 405 381 119 240 93 369 243 277 138 87 97 174 177 75 296 215 61 90 361 310 94 314 345 382 259 234 84 104 95 367 351 228 290 184 227 156 185 233 235 39 235 197 262 204 384 261 63 289 326 343 243 378
 133 225 382 344 371 333 400 406 247 297 372 294 422 379 128 156 260 370 358 341 354 420 136 306 269 161 270 40 107 1 296 161 293 267 98 197 117 425 245 360 448 139 146 134 292 161 321 139 376 513 339 11 361 392 250 417 412 236 188 458 281 89 313 186 375 295 210 432 75 267 338 150 125 335 368 152 259 162 382 311 399 124 368 28 243 388 363 335 385 273 250 388 261 111 417 427 105 306 258 115 226 365 123 276 331 424 244 377 511 432 264 222 293 386 409 318 96 323 239 306 371 260 244 254 136 219 366 105 328 160 53 176 84 317 315 222 418 233 378 301 280 279 393 36 183 280 288 344 286 253 32 299 468 280 342 397 414 286 291 348 425 302 233 292 231 177 215 27 312 103 451 337 264 197 214 383 215 354 279 348 229 361 244 490 62 374 264 399 504 81 158 181 413 198 297 247 366 220 384 232 212 236 456 233 303 470 395 260 242 359 268 282 172 193 258 341 84 445 347 261 140 412 493 140 166 369 261 417 361 343 169 436 493 345 392 176 489 440 264 282 336 28 418 412 169 331 107 148 473 439 170 255 197 440 307 292 241 73 93 253 282 153 354 303 167 185 447 401 177 410 364 384 271 338 187 181 201 454 379 219 379 221 216 262 269 262 299 114 257 302 313 310 466 343 45 363 337 373 349 428
 178 209 112 330 133 355 106 267 298 140 111 221 257 327 288 173 150 80 361 357 99 229 166 53 38 286 29 267 260 296 1 162 41 267 223 131 182 154 207 379 261 163 207 176 6 151 143 158 103 287 53 287 236 194 200 246 266 265 167 246 117 210 102 198 110 231 115 251 251 71 64 159 227 41 120 187 50 142 148 191 199 174 384 287 240 283 133 304 152 303 48 136 68 252 135 158 201 66 298 222 230 318 248 92 243 233 309 98 272 237 195 141 52 218 188 358 201 52 88 260 343 77 82 115 162 213 143 280 81 280 249 159 231 135 221 149 256 82 311 95 284 318 296 261 122 162 325 84 22 94 274 194 245 60 69 252 125 31 169 228 253 201 75 65 94 210 191 284 211 220 188 320 305 255 159 340 200 185 41 114 97 263 103 258 240 346 35 175 257 227 196 266 132 202 68 61 364 279 324 77 294 192 264 200 16 264 181 137 207 129 47 250 155 216 199 54 224 216 134 174 157 269 254 163 138 390 36 217 220 269 147 148 238 267 182 144 247 188 35 112 196 290 146 118 127 279 190 153 207 157 142 61 231 184 83 57 233 225 204 138 263 190 87 169 252 204 234 223 181 261 94 150 63 362 230 168 258 245 92 119 203 78 124 288 150 36 85 223 48 321 47 327 238 154 281 138 92 83 337 137
 29 221 268 366 212 373 256 366 292 231 263 275 369 383 217 135 209 224 391 379 198 353 39 193 127 235 134 148 183 161 162 1 145 285 138 39 86 312 234 402 385 93 162 110 157 112 249 73 260 431 213 150 324 319 234 361 369 266 161 382 121 101 222 185 219 282 137 371 152 168 188 107 164 202 266 145 144 33 289 269 326 58 409 143 254 365 270 346 226 310 116 230 160 178 295 315 111 152 298 151 237 371 182 118 310 357 297 256 421 364 240 171 143 328 324 367 87 174 149 304 388 105 150 183 79 221 277 198 222 230 108 142 80 242 288 177 366 83 374 210 303 322 375 133 44 232 332 189 161 96 132 263 386 128 192 353 286 165 243 312 369 269 88 139 145 188 202 160 281 138 344 356 307 235 178 393 208 292 133 190 74 339 165 403 100 391 128 312 408 125 160 233 292 197 143 137 397 265 385 130 270 218 391 222 174 398 314 201 233 200 155 284 133 205 239 196 78 358 187 225 65 371 402 35 96 413 134 345 315 332 16 309 392 332 312 19 396 339 128 122 287 167 304 277 67 330 80 40 364 318 114 108 218 337 208 141 248 105 88 197 292 150 240 251 213 189 369 339 164 365 210 225 119 380 211 155 240 379 232 60 316 108 57 295 216 128 204 151 116 337 195 345 381 269 166 273 180 227 372 298
 166 237 146 365 102 387 112 306 325 178 147 256 297 363 302 188 184 79 395 390 72 268 159 93 28 304 37 269 272 293 41 145 1 297 231 110 184 185 237 412 300 169 224 185 37 163 182 160 137 323 86 284 275 234 232 286 305 293 188 284 78 211 141 220 88 266 137 290 257 105 46 169 240 66 158 202 77 133 186 228 238 170 418 281 269 322 172 339 121 333 50 110 101 264 162 190 206 28 326 233 258 354 262 54 280 272 335 129 307 276 228 168 12 257 226 389 201 31 115 294 378 46 110 148 165 240 182 292 120 299 243 177 221 174 258 176 295 63 348 134 315 347 335 260 111 198 355 58 58 62 269 230 282 23 51 292 149 68 205 266 292 238 61 25 120 231 218 284 248 229 220 355 334 279 186 376 226 225 15 80 73 301 133 294 234 381 40 213 290 231 213 288 160 226 28 85 398 304 361 99 318 221 303 229 55 303 220 170 237 95 79 283 171 240 232 51 216 253 97 207 156 309 289 155 147 423 56 256 259 306 132 171 271 304 221 127 282 223 38 73 234 291 177 135 128 314 190 146 237 184 155 39 255 218 123 17 262 224 203 170 295 206 123 206 271 227 272 263 201 301 75 119 30 394 253 188 282 284 88 93 242 91 98 318 184 42 124 234 38 352 86 359 275 193 284 177 60 83 371 158
 269 66 268 84 397 92 348 166 47 145 252 67 193 113 151 152 119 336 107 97 365 211 250 229 274 119 261 229 161 267 267 285 297 1 179 292 209 294 61 119 227 194 133 179 267 174 162 214 267 307 269 267 128 200 67 193 174 33 126 254 350 214 192 101 375 59 168 212 194 197 330 179 147 284 237 143 221 255 229 109 206 235 126 283 32 135 217 69 417 39 254 402 199 157 307 292 193 324 40 159 50 99 145 328 87 213 61 277 318 222 75 132 306 173 229 92 223 317 183 48 108 303 188 152 209 66 211 168 224 116 263 145 279 165 87 124 188 279 113 189 19 53 135 243 259 114 60 350 246 312 274 96 271 305 334 162 318 238 114 118 200 92 270 316 179 101 86 240 93 175 300 74 44 71 116 118 79 159 287 377 292 111 166 294 261 111 260 227 321 201 129 90 301 89 321 214 113 56 119 201 75 77 236 70 259 257 216 132 61 392 221 30 154 84 69 317 268 260 393 95 222 172 304 253 192 130 243 216 139 87 277 332 321 89 211 282 304 279 262 346 130 241 291 334 224 68 221 246 321 321 174 282 74 285 203 310 39 227 225 130 20 139 252 123 101 98 246 189 122 175 359 415 300 99 83 131 68 248 348 303 175 218 305 27 122 258 196 161 269 56 241 63 273 174 223 213 356 339 89 333
