NAME : domp220p110v5
COMMENT : (Deleplanque et al.) 
TYPE : DOMP
DIMENSION : 220
DISPLAY_DATA_TYPE: NO_DISPLAY
OPEN_FACILITIES : 110
COST_SECTION
 1 30 328 379 187 65 157 337 61 155 243 319 229 224 215 222 36 150 315 347 326 343 161 304 188 356 184 131 192 227 212 289 274 343 37 313 159 179 172 94 171 285 288 363 323 222 305 143 317 173 158 189 328 226 82 196 245 195 42 149 228 203 149 250 371 241 135 269 125 95 37 93 251 152 157 293 232 301 90 269 209 310 210 57 351 157 107 197 202 231 219 187 333 282 293 195 218 296 270 199 101 186 71 217 330 307 175 55 348 265 159 109 214 212 303 345 284 246 185 355 274 139 199 70 200 156 171 109 81 340 300 167 58 232 44 142 258 72 39 241 285 335 147 191 18 240 143 222 18 75 330 171 202 152 312 125 148 183 163 237 93 263 22 133 235 124 96 111 144 235 322 300 126 112 140 187 122 233 273 214 214 263 232 327 289 133 182 340 257 305 77 114 87 42 341 116 190 237 252 92 79 22 223 280 381 259 228 291 130 282 239 234 122 238 173 219 239 298 162 145
 30 1 305 381 160 38 139 327 89 126 241 305 237 228 230 206 28 122 313 342 319 338 152 281 172 354 184 104 220 252 210 264 252 343 36 289 185 155 158 117 183 295 264 365 303 248 289 116 299 195 186 208 333 199 108 174 235 213 62 171 250 210 174 227 369 263 123 254 96 116 66 93 230 174 128 281 214 295 75 252 180 314 197 67 352 158 87 194 177 204 235 180 339 276 271 174 213 291 263 217 78 159 89 239 307 282 189 72 351 237 136 139 220 185 296 320 280 239 155 360 265 125 227 50 175 127 197 111 55 315 303 137 51 248 52 170 231 101 36 253 264 310 118 201 35 232 114 241 48 48 327 200 184 127 293 102 127 180 136 252 72 274 30 108 242 141 94 141 119 237 322 304 133 141 112 185 101 252 261 208 214 236 255 307 278 116 166 341 271 279 57 137 61 69 343 89 181 248 227 115 106 47 205 292 381 258 233 264 101 257 241 238 145 265 143 232 232 282 166 152
 328 305 1 311 161 269 174 163 384 233 218 119 296 276 349 127 293 270 237 229 199 218 203 31 150 259 241 213 459 451 229 59 54 271 294 31 412 152 172 352 315 341 55 307 24 461 85 282 65 387 437 371 311 135 362 132 161 369 366 367 411 289 391 81 267 428 372 104 235 343 362 383 77 369 201 126 111 205 337 87 191 292 147 302 297 250 327 216 135 119 367 199 326 186 36 135 199 208 183 368 228 163 322 412 30 64 328 316 307 118 171 415 284 142 178 62 211 188 209 325 168 200 454 318 136 216 417 264 252 39 287 215 277 369 355 418 105 393 336 344 44 49 230 304 339 171 242 383 341 295 230 443 134 307 48 205 180 223 178 367 236 338 334 306 296 329 260 414 304 257 263 293 283 404 274 225 206 400 136 194 241 126 431 30 149 199 157 275 369 78 252 359 246 368 293 223 186 333 93 351 404 348 119 362 292 234 281 86 230 69 256 273 362 484 237 334 189 89 266 282
 379 381 311 1 359 366 287 152 401 414 147 193 159 159 208 242 354 445 83 84 113 95 240 324 262 53 198 366 365 315 173 341 303 45 348 331 329 320 256 322 225 131 336 19 288 335 228 449 247 285 368 253 61 370 342 302 184 245 416 286 261 183 312 316 49 271 500 222 390 314 391 471 296 285 380 190 252 115 452 242 416 72 232 324 30 224 457 192 336 354 221 212 66 139 299 286 180 114 148 241 338 360 319 273 339 361 229 329 36 385 322 389 170 362 137 372 119 162 414 41 158 277 348 425 334 398 324 272 358 349 82 406 331 210 422 355 366 402 413 178 293 358 405 200 397 179 414 233 380 410 83 361 267 474 264 332 310 204 351 203 332 151 399 461 153 277 288 384 467 145 63 83 256 366 440 199 322 243 188 187 168 392 283 283 169 295 263 44 186 373 338 310 354 400 39 360 218 174 343 323 418 395 254 156 25 126 156 372 389 347 141 148 305 355 432 191 167 225 219 238
 187 160 161 359 1 123 83 247 247 75 219 209 266 248 296 119 156 113 277 291 261 283 140 132 98 314 196 58 355 367 205 110 111 315 161 138 311 40 110 242 249 327 111 347 165 371 179 123 179 302 326 298 331 41 244 59 176 300 220 277 343 246 293 82 328 360 212 156 76 235 223 226 95 280 41 193 114 248 179 143 59 309 128 181 334 187 167 183 30 47 310 159 342 223 131 73 185 247 213 301 90 3 207 338 155 125 261 195 339 79 47 289 249 26 233 163 241 198 60 354 205 108 356 162 30 57 320 169 106 162 300 59 149 318 205 307 73 257 185 305 126 154 71 251 194 180 83 322 203 139 282 336 93 149 166 69 65 179 26 318 102 313 187 147 269 237 155 290 146 241 297 304 198 285 115 184 77 338 182 178 216 79 358 172 204 92 98 315 330 121 117 255 101 228 327 72 149 296 71 240 265 206 109 337 348 241 254 106 71 101 243 252 261 392 84 287 193 174 204 208
 65 38 269 366 123 1 107 300 125 97 222 275 230 219 233 175 39 103 294 321 296 315 130 245 140 334 170 68 246 272 194 227 216 326 47 252 207 119 129 137 185 291 227 351 267 270 256 101 265 210 214 218 321 163 133 139 209 222 98 185 262 204 193 190 350 276 136 222 65 133 101 121 194 188 94 251 181 273 88 219 148 301 167 78 338 147 92 175 140 168 242 158 329 252 236 140 192 270 240 226 43 122 104 253 270 245 193 88 338 201 100 171 213 148 271 283 259 217 124 348 240 98 251 62 138 95 219 103 19 279 291 106 47 253 87 196 195 135 68 253 228 273 88 199 72 207 87 249 81 46 306 226 151 118 259 66 92 163 99 256 40 271 66 101 235 150 84 172 110 224 305 293 130 170 94 168 66 262 233 186 200 200 270 272 251 85 135 324 274 242 29 155 25 105 329 53 157 247 190 135 142 83 173 291 364 241 224 228 69 220 228 228 162 289 117 232 210 250 158 148
 157 139 174 287 83 107 1 198 211 129 142 170 184 167 216 69 122 161 208 228 200 221 58 155 35 247 114 81 293 296 125 146 123 243 122 164 246 46 32 182 170 245 144 274 168 302 151 166 161 230 268 222 253 113 190 48 112 223 197 207 267 165 227 103 261 284 234 117 106 174 190 227 99 209 95 147 76 181 190 114 139 231 64 128 261 106 188 103 74 105 231 79 264 158 140 40 108 179 146 224 66 84 150 263 182 168 182 143 264 146 39 242 167 99 173 203 171 127 131 277 143 30 290 166 72 112 254 98 91 192 222 121 104 237 190 249 131 220 173 224 131 190 120 170 170 112 129 243 169 145 216 275 46 192 156 50 25 98 68 238 68 231 167 182 187 166 89 241 186 161 224 226 123 232 157 103 44 260 130 101 135 149 283 172 150 26 30 243 248 170 83 191 85 197 252 79 70 214 116 181 231 178 67 255 279 164 172 158 104 142 163 171 195 324 147 206 121 144 123 130
 337 327 163 152 247 300 198 1 379 315 117 46 192 176 255 133 304 352 89 69 45 58 178 179 165 100 173 274 401 370 146 201 164 116 301 185 355 214 172 317 241 215 195 150 140 386 83 359 99 318 390 291 164 247 334 191 93 286 379 306 320 199 334 184 106 336 431 92 300 307 362 419 164 307 278 55 135 65 386 108 300 150 135 290 142 197 384 150 220 228 273 153 179 65 156 179 126 71 75 284 262 249 298 327 191 218 251 301 154 252 224 388 189 243 42 224 82 98 306 172 66 204 389 361 219 298 355 237 287 200 149 303 281 269 377 372 233 384 362 237 152 210 308 220 353 99 320 289 344 341 75 389 160 386 117 246 219 164 249 264 261 220 353 377 189 278 245 386 380 152 114 155 238 370 350 162 240 305 69 128 154 260 343 134 50 217 169 120 258 230 273 314 281 370 140 275 148 227 211 317 399 358 141 240 131 118 179 232 297 207 149 167 313 409 329 236 105 82 205 226
 61 89 384 401 247 125 211 379 1 213 276 365 244 243 215 273 93 203 345 379 362 377 204 362 240 384 214 191 147 195 243 347 331 369 91 370 126 237 222 83 179 293 347 384 378 185 355 195 369 154 112 178 346 286 63 253 288 186 44 136 210 220 124 308 399 218 160 318 184 90 25 103 308 138 217 339 284 335 127 321 268 330 259 90 372 187 148 232 261 290 213 227 348 320 349 250 255 330 308 191 160 246 84 196 388 366 179 79 368 325 218 57 231 271 342 404 317 284 243 372 314 190 159 116 259 215 139 143 141 398 320 225 109 227 65 101 318 13 79 244 341 393 206 203 58 281 200 212 45 128 362 128 255 198 366 184 205 218 222 233 150 270 66 179 250 127 136 61 190 260 348 319 148 69 193 221 180 218 318 252 242 323 208 382 332 187 234 365 255 365 134 101 146 22 363 176 233 242 311 82 21 44 275 282 406 288 246 350 189 341 264 255 108 197 229 223 276 348 186 166
 155 126 233 414 75 97 129 315 213 1 270 280 301 286 317 184 135 39 335 354 324 346 179 203 156 374 233 51 342 367 249 178 185 371 143 208 303 103 159 232 268 363 181 401 239 366 251 50 252 304 309 308 379 101 228 126 237 312 177 279 354 278 289 155 388 369 142 226 35 228 190 166 168 282 38 261 182 308 116 214 60 358 187 172 388 216 100 228 103 115 328 205 389 284 204 138 236 306 272 315 90 73 199 345 223 189 278 183 391 133 95 263 283 92 297 226 298 254 33 404 267 142 347 107 103 19 314 183 87 229 348 19 140 338 159 292 135 224 139 333 199 220 11 277 156 239 14 337 172 88 342 322 157 76 240 86 105 219 68 340 102 346 148 75 305 241 165 265 73 284 352 351 213 265 42 225 97 352 249 229 258 128 364 245 270 123 153 371 356 182 109 250 86 192 380 61 198 325 141 231 227 169 176 368 407 291 292 167 32 169 287 292 257 385 22 313 248 246 231 228
 243 241 218 147 219 222 142 117 276 270 1 126 82 63 142 111 215 299 73 105 89 103 95 219 122 114 63 221 285 256 34 228 190 105 209 228 239 179 112 207 125 124 223 133 199 271 142 304 164 202 275 176 113 237 225 165 59 171 283 191 208 84 219 193 129 224 357 115 245 197 262 332 175 191 236 104 126 61 309 133 277 91 95 190 120 90 313 48 199 223 161 67 125 53 194 148 35 56 45 169 193 220 192 213 241 251 136 199 123 259 179 278 75 227 75 273 43 31 272 136 59 132 273 283 198 254 239 136 213 253 82 262 191 159 286 258 240 279 274 130 186 258 260 105 260 49 269 177 247 266 88 274 130 328 174 187 166 62 209 155 187 121 261 315 80 165 149 274 321 41 85 87 129 258 295 57 177 193 86 42 38 265 230 197 83 149 122 104 154 260 194 201 209 270 111 215 73 119 218 207 294 262 124 145 142 23 67 254 243 230 39 57 199 294 288 124 31 135 92 114
 319 305 119 193 209 275 170 46 365 280 126 1 206 188 267 102 284 317 122 111 82 100 162 134 136 141 172 242 403 379 149 156 120 154 282 141 356 179 148 311 245 239 151 190 96 393 38 325 55 322 388 299 198 205 326 155 82 295 360 308 333 208 335 142 149 349 402 56 268 301 346 395 122 309 243 27 99 92 358 67 260 181 110 276 180 192 355 146 181 187 286 142 213 79 111 145 123 96 82 293 235 211 288 337 147 173 257 288 191 208 191 381 200 203 64 180 103 99 268 209 68 181 393 335 180 262 358 225 260 157 178 266 262 284 356 370 190 371 340 254 108 166 273 227 334 91 285 302 327 313 113 390 128 352 72 217 189 159 213 280 236 241 332 345 204 276 230 378 347 165 148 184 232 364 316 158 212 318 49 122 159 216 355 91 44 191 142 158 277 186 250 311 254 354 177 244 134 243 168 310 385 339 107 263 174 135 192 187 264 163 163 181 311 417 292 249 104 38 203 223
 229 237 296 159 266 230 184 192 244 301 82 206 1 21 64 178 210 324 121 159 156 161 127 293 176 152 71 251 218 180 69 298 262 132 202 302 176 228 158 165 67 63 294 141 277 197 222 325 244 134 215 104 102 292 185 220 136 98 263 130 129 27 158 259 166 145 358 193 271 156 237 321 244 130 272 184 194 129 310 210 322 88 159 174 131 86 320 87 253 281 82 110 105 130 268 204 98 123 125 95 214 267 164 136 317 322 72 177 125 320 221 231 19 280 151 347 111 111 311 129 139 162 203 284 251 288 173 128 227 329 78 298 188 79 272 200 302 245 266 49 260 332 291 43 246 126 297 98 227 274 141 210 190 346 253 217 205 88 250 75 204 48 250 330 7 120 147 227 338 42 113 77 105 209 317 83 206 114 166 104 56 325 152 276 163 180 173 128 74 329 204 152 225 245 121 241 124 39 282 166 261 243 190 73 167 75 16 322 271 299 45 26 148 220 321 45 108 215 73 86
 224 228 276 159 248 219 167 176 243 286 63 188 21 1 81 158 201 310 111 148 142 150 110 272 157 145 54 236 229 195 49 278 242 128 194 282 185 210 140 166 72 79 274 141 257 211 203 312 224 145 223 117 106 274 186 201 117 111 259 138 146 27 166 240 160 162 350 173 256 157 234 315 224 138 256 165 174 115 301 190 304 88 139 168 130 74 310 68 234 262 99 91 112 113 248 185 78 108 107 109 200 249 161 152 297 302 80 172 126 301 204 235 15 261 135 327 96 92 295 133 121 146 215 275 232 272 184 119 215 308 78 282 179 97 266 207 283 244 259 69 240 312 276 48 241 106 282 115 223 263 130 220 170 334 234 201 188 70 233 94 191 67 244 318 22 121 137 231 326 25 107 78 99 213 304 65 190 131 147 84 36 306 169 256 145 164 155 124 94 309 192 156 212 243 120 226 104 58 263 167 261 239 170 92 164 60 7 302 257 279 28 12 152 234 306 62 88 196 63 80
 215 230 349 208 296 233 216 255 215 317 142 267 64 81 1 227 205 334 183 220 219 224 161 343 217 211 111 270 159 117 123 345 311 189 196 353 122 261 196 133 50 83 342 190 332 134 280 333 302 78 162 46 148 328 152 258 193 38 242 84 67 62 107 304 223 83 349 249 285 127 213 304 291 82 294 244 243 192 303 264 348 140 207 163 182 111 316 135 288 319 20 154 146 192 320 244 152 186 186 34 228 297 145 73 369 369 42 161 173 359 250 189 69 313 214 397 174 170 333 172 200 190 143 279 286 307 117 135 235 380 132 318 188 23 255 150 343 212 254 32 311 383 307 48 231 183 311 35 208 273 203 154 232 350 310 237 233 130 276 24 216 60 236 333 68 93 154 184 342 104 172 129 105 166 326 127 226 52 225 156 111 363 89 332 224 205 213 184 43 375 212 115 235 221 174 257 168 35 324 134 228 224 238 68 221 138 78 366 286 344 107 89 108 157 338 20 166 273 93 91
 222 206 127 242 119 175 69 133 273 184 111 102 178 158 227 1 187 220 161 173 143 164 78 117 36 196 116 142 334 325 110 121 85 198 186 127 286 83 52 230 190 232 117 232 114 335 84 228 97 261 314 245 220 130 242 62 60 244 263 241 287 167 266 83 210 304 301 49 169 221 252 295 66 243 147 80 18 130 257 50 176 199 21 185 219 124 254 93 95 114 244 74 234 105 95 48 82 129 95 243 134 121 202 287 143 145 202 199 226 149 92 296 164 121 115 172 125 85 177 241 87 84 328 234 94 166 291 141 159 155 191 172 166 247 257 294 130 280 240 225 86 157 177 180 236 66 188 259 233 213 164 318 29 254 96 116 88 98 118 245 136 224 234 246 179 203 141 294 248 143 182 196 157 283 218 101 111 276 65 76 123 155 306 116 87 92 41 199 250 152 150 235 154 260 212 144 60 214 108 229 293 243 14 248 230 132 164 145 166 122 144 158 237 358 199 212 82 77 140 156
 36 28 293 354 156 39 122 304 93 135 215 284 210 201 205 187 1 138 287 317 295 313 128 270 153 327 157 103 209 235 184 255 240 316 10 278 170 145 137 100 158 269 255 338 288 233 270 134 282 175 176 185 306 196 95 162 212 190 77 150 228 184 156 216 343 242 150 234 102 97 70 118 217 153 130 259 196 270 101 234 185 287 176 43 326 131 112 168 169 199 211 155 312 251 258 159 188 266 239 194 68 155 68 218 296 274 164 51 324 234 125 135 193 181 271 312 254 215 161 333 242 104 213 76 167 132 181 84 52 306 276 143 25 224 73 159 226 103 61 227 250 301 126 175 50 208 124 217 49 69 301 188 167 148 277 92 114 154 131 227 58 248 49 130 215 117 67 135 140 211 295 277 106 132 128 159 88 230 239 183 187 234 235 292 256 97 147 314 246 273 42 118 56 76 316 87 158 222 219 98 112 57 187 266 354 232 206 259 106 249 214 211 126 252 154 206 207 263 139 125
 150 122 270 445 113 103 161 352 203 39 299 317 324 310 334 220 138 1 367 387 359 380 207 241 190 406 258 80 341 372 277 216 223 402 147 245 305 139 191 236 285 386 218 431 277 369 289 13 290 312 307 320 407 138 229 163 270 324 164 287 364 299 293 194 421 378 107 263 56 234 182 141 207 290 75 298 219 341 90 252 89 386 222 179 418 238 71 256 141 152 343 234 416 317 242 174 266 339 305 327 111 111 205 354 260 225 293 188 420 167 129 257 306 130 331 261 330 286 65 432 302 169 347 90 141 57 318 200 99 265 376 56 149 354 143 291 171 215 126 352 238 256 45 296 146 272 33 351 167 76 375 320 192 37 278 114 137 246 104 357 121 367 138 40 328 252 182 259 35 311 383 379 230 261 11 251 124 364 284 259 285 162 372 283 305 151 187 402 373 217 123 255 101 182 410 86 228 344 179 234 215 160 212 389 438 321 316 202 57 206 314 317 263 386 38 331 280 284 252 246
 315 313 237 83 277 294 208 89 345 335 73 122 121 111 183 161 287 367 1 38 45 42 165 246 182 42 133 288 338 299 105 262 224 39 282 254 295 239 177 273 182 130 257 74 214 316 153 372 174 254 333 224 77 289 292 220 102 218 355 248 246 137 276 235 57 260 429 142 312 263 332 405 215 248 300 113 171 34 381 162 335 62 151 262 62 160 384 121 254 272 200 137 92 57 221 205 104 33 66 215 263 279 262 255 264 283 190 270 71 304 242 343 125 281 60 297 38 82 334 89 77 201 323 355 253 318 293 208 284 275 63 326 263 194 358 317 285 348 347 160 215 282 326 158 333 98 336 215 318 338 21 329 185 397 190 254 231 134 271 188 258 139 334 385 117 229 221 339 390 90 27 68 198 322 363 130 245 229 107 110 105 311 269 210 90 218 183 40 178 294 265 264 280 341 57 283 140 151 262 273 364 333 173 156 73 58 111 292 311 267 85 100 261 339 352 164 88 149 160 181
 347 342 229 84 291 321 228 69 379 354 105 111 159 148 220 173 317 387 38 1 33 12 192 243 199 31 166 308 375 336 137 262 224 50 312 250 332 254 198 308 219 163 257 83 206 354 146 393 165 291 370 262 102 298 327 234 118 255 387 285 283 174 313 240 40 297 455 145 333 298 365 434 220 285 317 110 180 48 408 164 348 93 167 294 75 193 410 150 266 281 237 164 117 71 218 219 130 52 83 252 287 293 296 292 257 281 227 303 88 309 260 378 162 292 60 290 64 105 349 105 87 225 361 382 265 336 330 239 310 267 96 343 293 230 388 354 290 382 376 196 214 276 345 195 363 117 356 252 350 364 19 367 200 419 182 276 251 164 288 224 283 174 364 408 154 265 252 375 413 126 54 101 232 358 384 161 268 266 112 136 139 317 306 201 91 242 201 55 213 293 292 301 305 374 75 305 165 188 267 308 398 365 184 190 64 93 148 293 331 268 122 137 298 376 370 201 112 144 195 216
 326 319 199 113 261 296 200 45 362 324 89 82 156 142 219 143 295 359 45 33 1 23 168 212 170 61 150 280 370 335 122 231 193 74 290 219 325 224 171 295 211 173 225 109 176 352 116 365 135 286 362 258 121 267 313 203 90 252 367 277 284 167 305 208 71 299 430 113 305 285 347 412 188 277 288 78 149 29 383 132 317 106 138 275 100 176 384 131 235 249 237 141 136 45 187 189 109 35 57 249 261 263 279 291 227 250 220 285 111 277 231 366 156 261 29 260 48 81 319 129 58 200 357 357 234 307 324 221 284 237 106 313 271 232 367 345 258 366 354 199 182 246 316 188 343 90 327 252 331 339 32 360 170 391 152 249 223 145 258 226 258 180 343 381 152 253 232 362 385 119 70 112 217 346 356 142 241 267 81 113 126 285 307 172 60 215 173 78 218 262 268 289 279 356 97 278 140 189 236 295 381 345 153 199 95 84 144 261 303 236 115 132 287 375 340 200 88 113 180 202
 343 338 218 95 283 315 221 58 377 346 103 100 161 150 224 164 313 380 42 12 23 1 187 232 191 42 164 301 377 340 135 251 214 60 308 239 334 246 192 307 220 170 246 93 195 357 136 386 154 294 371 264 111 289 326 225 111 258 383 286 287 175 314 230 50 301 450 135 326 298 363 430 210 287 310 99 171 44 402 154 339 100 160 291 86 191 404 147 257 271 241 159 126 64 208 211 126 48 77 255 281 285 294 296 246 270 229 300 98 299 252 378 164 283 51 279 61 100 341 115 80 220 364 377 256 329 332 237 304 256 103 335 289 235 385 355 280 381 372 201 203 265 338 197 360 110 348 256 347 359 23 368 191 412 171 269 244 161 280 229 278 180 360 402 157 265 249 375 406 127 62 108 231 358 377 158 262 270 103 131 138 307 310 190 82 235 194 65 219 282 287 301 299 372 85 298 159 192 257 308 396 362 175 197 75 93 150 282 324 257 123 139 298 380 362 205 107 133 194 215
 161 152 203 240 140 130 58 178 204 179 95 162 127 110 161 78 128 207 165 192 168 187 1 191 58 206 57 130 257 250 71 188 157 198 124 200 209 103 36 154 118 188 185 226 191 259 156 211 172 186 237 173 201 168 167 98 86 172 202 165 216 108 189 146 221 233 265 118 152 144 186 244 135 167 148 136 93 145 217 125 196 180 60 115 213 52 220 49 129 159 177 29 211 124 170 84 63 141 112 173 99 141 127 214 217 212 131 127 214 199 95 221 110 155 144 243 130 88 186 226 115 39 252 191 127 165 215 65 120 229 170 174 104 183 201 217 182 210 187 167 161 229 170 115 177 81 178 191 168 174 177 241 74 235 173 95 79 41 124 183 94 174 176 222 130 126 69 220 228 106 178 173 80 207 202 47 85 208 115 57 80 203 234 193 130 57 53 197 192 216 101 158 116 194 204 122 31 157 164 153 224 181 86 198 236 115 116 206 152 186 108 115 160 283 199 150 81 148 69 81
 304 281 31 324 132 245 155 179 362 203 219 134 293 272 343 117 270 241 246 243 212 232 191 1 135 272 233 186 445 440 225 29 34 282 272 11 397 127 157 335 306 342 25 318 46 449 98 252 82 375 421 361 318 105 343 110 161 360 342 354 403 283 377 55 281 420 343 107 207 326 339 356 57 356 172 135 101 213 309 87 161 298 137 282 307 239 298 209 108 89 360 190 332 192 26 116 195 216 188 360 204 134 303 403 28 40 318 296 316 88 146 395 280 112 188 56 217 189 179 334 174 182 440 291 109 187 403 248 227 39 292 185 255 363 330 401 75 371 310 340 34 41 201 297 315 171 213 375 318 268 241 427 118 277 64 180 158 214 151 361 213 337 310 277 293 315 242 395 275 255 271 298 269 385 244 217 183 392 141 190 238 97 422 53 157 179 141 285 366 53 229 343 221 345 302 196 176 329 63 334 381 325 107 361 306 237 278 58 202 39 255 271 346 472 207 328 189 100 256 270
 188 172 150 262 98 140 35 165 240 156 122 136 176 157 217 36 153 190 182 199 170 191 58 135 1 220 108 111 311 307 111 131 102 218 153 145 263 59 24 203 175 234 128 250 141 315 118 197 130 242 288 230 234 118 213 45 82 229 229 220 273 160 243 89 234 290 268 83 137 194 219 260 79 222 120 113 45 153 223 82 156 212 33 154 237 108 221 90 79 106 233 67 246 129 116 29 88 152 118 229 99 100 173 271 162 155 188 168 242 145 62 267 160 106 142 187 145 101 153 257 113 52 306 199 77 138 269 115 125 173 203 146 133 238 223 269 128 248 206 220 107 173 148 170 202 85 158 247 199 178 188 294 18 223 127 82 55 90 91 237 101 223 199 214 178 181 111 265 217 147 201 207 135 255 187 94 77 264 97 81 123 150 291 144 117 57 7 219 245 160 116 210 119 227 230 111 54 210 108 202 260 209 36 248 253 144 163 150 134 129 148 159 213 338 172 205 96 111 126 137
 356 354 259 53 314 334 247 100 384 374 114 141 152 145 211 196 327 406 42 31 61 42 206 272 220 1 173 327 368 325 145 291 252 25 322 280 327 277 217 310 216 146 285 53 236 343 176 412 195 285 366 254 79 323 329 257 139 247 395 281 271 171 309 267 16 284 470 172 352 300 372 445 247 281 338 138 205 68 421 192 371 75 189 302 47 200 425 161 290 306 227 177 92 92 247 242 144 69 103 243 303 316 301 281 287 310 223 309 61 336 281 379 159 316 87 320 77 122 371 77 111 241 353 395 289 357 324 248 325 297 81 364 303 218 398 351 317 386 387 184 242 306 365 192 373 136 375 241 358 379 34 361 222 437 212 294 271 174 309 212 298 160 374 425 147 265 262 375 430 126 40 85 237 358 403 170 285 253 138 150 144 344 294 231 118 258 222 31 199 322 306 300 320 381 49 323 181 177 294 310 402 373 208 173 35 97 144 321 350 296 122 134 297 365 391 192 128 173 199 220
 184 184 241 198 196 170 114 173 214 233 63 172 71 54 111 116 157 258 133 166 150 164 57 233 108 173 1 183 232 213 30 235 200 160 151 243 185 158 89 146 77 132 231 182 224 225 177 260 197 152 219 132 152 223 164 151 91 130 223 137 172 53 164 194 188 189 304 143 204 136 200 274 180 138 203 146 133 123 255 156 252 132 96 130 169 28 262 27 184 212 129 44 160 110 210 136 50 117 99 129 148 197 131 173 259 259 89 138 169 252 151 217 54 210 133 287 104 76 242 178 109 93 223 229 181 219 187 76 164 270 121 229 134 132 227 200 235 217 217 113 201 273 223 65 201 82 230 143 186 215 149 219 123 283 203 148 135 20 180 131 139 118 203 268 74 106 91 214 275 55 139 123 68 198 252 17 137 161 125 51 31 257 192 225 131 111 105 158 138 265 143 142 161 209 160 174 58 102 215 146 233 201 127 142 198 77 60 256 204 235 58 60 141 249 253 98 70 170 33 54
 131 104 213 366 58 68 81 274 191 51 221 242 251 236 270 142 103 80 288 308 280 301 130 186 111 327 183 1 308 327 200 166 161 323 109 193 266 66 111 196 221 313 167 353 215 328 216 87 221 263 277 264 330 97 195 90 191 267 163 237 310 228 250 133 342 325 164 187 27 190 168 171 141 240 28 221 143 262 125 179 85 308 143 134 340 167 117 178 79 103 282 156 340 238 181 98 187 259 226 269 44 57 161 302 210 182 231 147 342 135 52 237 234 82 252 220 251 207 65 355 222 92 311 107 78 38 277 136 52 218 298 49 101 291 148 259 130 202 128 284 174 211 41 229 137 192 49 292 148 83 296 288 115 113 211 36 58 170 36 293 57 297 131 104 255 198 119 237 107 235 304 302 166 234 77 175 47 307 206 180 209 133 321 220 227 74 108 323 307 178 68 211 48 172 331 17 149 276 127 194 209 150 136 319 359 242 242 163 24 158 237 242 218 348 71 264 201 211 182 180
 192 220 459 365 355 246 293 401 147 342 285 403 218 229 159 334 209 341 338 375 370 377 257 445 311 368 232 308 1 66 256 438 411 347 201 454 49 332 288 114 161 237 436 348 447 47 407 334 425 85 36 115 306 394 115 340 323 122 190 96 111 204 70 395 381 108 306 371 310 122 163 247 388 95 335 377 350 342 272 381 391 298 316 175 340 214 293 258 360 392 145 267 302 336 426 331 281 336 327 126 267 355 149 96 472 460 150 162 331 431 315 92 215 378 359 495 323 306 369 328 339 265 21 258 358 340 47 198 258 483 290 351 208 157 210 51 420 137 222 188 417 482 333 182 198 313 331 134 175 266 357 21 328 341 429 287 298 247 331 164 255 216 206 322 223 132 205 88 333 252 329 287 178 81 331 246 279 128 356 282 248 432 94 449 362 272 305 342 183 462 241 103 261 166 332 292 279 193 407 116 145 185 342 215 379 287 228 449 314 434 256 239 99 52 361 177 300 399 202 182
 227 252 451 315 367 272 296 370 195 367 256 379 180 195 117 325 235 372 299 336 335 340 250 440 307 325 213 327 66 1 232 437 407 302 227 450 70 339 284 137 137 185 434 298 436 22 389 367 409 67 92 82 256 404 146 343 302 86 235 91 55 173 80 395 336 46 353 355 333 140 206 297 385 89 354 355 341 308 314 368 410 252 305 196 292 202 333 239 367 399 99 253 250 307 419 331 260 302 300 88 284 367 169 45 467 460 125 185 281 440 324 145 182 389 329 492 290 281 390 276 313 267 46 296 365 362 57 200 281 478 245 373 228 107 254 96 426 187 262 141 410 479 357 153 237 292 357 85 213 300 318 76 324 378 415 301 306 230 344 114 271 167 245 359 184 132 213 140 370 219 286 241 174 127 362 228 291 73 335 263 221 442 33 436 337 278 302 297 130 464 260 118 283 211 284 312 266 149 410 139 198 225 334 160 331 253 193 453 337 435 222 204 111 41 387 136 276 381 186 171
 212 210 229 173 205 194 125 146 243 249 34 149 69 49 123 110 184 277 105 137 122 135 71 225 111 145 30 200 256 232 1 230 194 133 178 234 210 166 96 174 97 124 226 158 211 245 159 280 180 174 244 151 131 228 192 155 72 147 251 161 187 62 189 192 160 203 329 127 222 164 229 301 176 162 217 124 126 94 280 143 262 110 91 158 145 57 285 23 189 216 141 47 141 82 201 139 31 88 73 146 168 206 160 190 249 254 109 166 145 254 162 245 56 216 106 279 76 51 255 157 84 109 245 254 187 234 211 104 187 261 100 244 160 142 254 227 236 246 244 116 192 264 240 80 229 61 247 157 215 239 120 244 123 304 188 165 147 32 192 139 161 115 230 290 70 133 118 242 296 37 113 103 96 226 271 27 154 174 104 36 14 259 208 210 107 127 109 131 142 261 166 169 183 238 136 192 58 106 215 174 262 230 122 139 171 49 55 254 221 231 39 49 168 269 269 106 46 152 60 82
 289 264 59 341 110 227 146 201 347 178 228 156 298 278 345 121 255 216 262 262 231 251 188 29 131 291 235 166 438 437 230 1 40 299 258 31 391 111 154 326 305 351 6 335 74 445 119 227 106 372 412 360 331 79 333 98 171 359 325 349 403 286 371 43 301 420 319 121 185 318 324 335 56 352 149 153 105 229 287 101 134 311 140 271 323 238 275 213 88 65 362 192 346 207 46 108 202 231 201 359 188 112 294 401 46 25 318 285 332 60 131 384 284 88 206 58 231 199 153 349 188 174 434 271 90 163 398 241 209 53 305 161 242 366 312 393 47 357 292 345 50 47 177 299 298 180 189 376 303 248 259 420 115 252 88 164 144 216 131 365 198 343 292 253 299 309 234 383 250 263 287 310 265 375 220 220 168 393 156 195 243 69 421 81 174 168 136 302 370 33 214 336 204 330 318 177 178 334 39 325 366 309 109 368 325 247 284 32 180 11 263 277 340 468 181 332 198 120 256 267
 274 252 54 303 111 216 123 164 331 185 190 120 262 242 311 85 240 223 224 224 193 214 157 34 102 252 200 161 411 407 194 40 1 260 242 44 364 99 124 302 273 313 35 296 55 415 84 233 75 342 388 328 292 93 311 79 132 327 313 321 370 251 344 30 263 387 322 82 184 294 309 330 25 323 151 115 69 191 285 62 150 272 105 250 285 206 276 177 84 75 328 158 307 168 21 83 164 192 162 327 175 113 271 370 61 62 285 264 293 89 118 363 248 95 167 88 192 160 164 310 149 149 407 266 85 167 370 215 199 72 266 168 224 331 302 369 71 340 283 309 16 73 181 265 286 142 193 343 288 243 221 394 85 259 59 152 127 182 126 330 183 306 281 257 262 282 210 362 256 225 248 271 236 353 225 185 153 360 117 159 207 97 389 61 135 147 108 263 334 72 199 310 193 315 279 170 144 298 51 301 351 295 74 331 287 209 247 70 179 45 225 240 313 439 192 296 160 83 223 237
 343 343 271 45 315 326 243 116 369 371 105 154 132 128 189 198 316 402 39 50 74 60 198 282 218 25 160 323 347 302 133 299 260 1 310 290 307 276 213 293 198 122 294 37 248 321 188 407 208 264 346 233 55 326 312 258 140 226 381 262 248 153 289 272 35 261 461 179 347 283 357 433 252 261 336 148 209 71 412 199 372 51 188 288 27 187 417 152 292 310 205 170 69 95 257 242 137 70 104 222 296 316 286 259 299 319 204 295 39 342 278 361 141 318 95 332 75 118 371 57 114 235 331 386 290 355 303 235 317 309 58 362 292 196 386 331 322 370 376 162 251 317 362 173 360 135 371 219 344 370 43 341 223 432 224 289 267 164 308 189 291 137 362 419 127 248 250 357 425 110 22 62 222 339 398 159 280 231 144 144 131 349 271 244 126 253 220 7 175 331 297 282 313 366 27 318 175 155 300 293 386 360 210 149 39 86 126 329 346 304 106 116 278 343 389 171 124 184 184 204
 37 36 294 348 161 47 122 301 91 143 209 282 202 194 196 186 10 147 282 312 290 308 124 272 153 322 151 109 201 227 178 258 242 310 1 281 162 148 136 91 149 260 258 332 289 225 269 143 281 166 169 176 299 201 87 164 209 181 79 141 219 176 148 219 337 233 157 233 110 88 68 124 218 144 136 257 196 266 109 234 192 280 174 34 319 125 121 162 173 203 202 151 305 247 260 161 183 261 234 185 72 160 59 209 299 278 155 43 317 239 129 129 186 186 268 315 249 210 169 326 238 103 205 84 171 140 173 77 59 308 269 151 21 215 78 151 231 100 67 219 252 304 134 166 53 204 132 208 48 78 296 181 167 157 278 96 116 149 136 219 62 239 53 139 207 108 61 130 149 204 289 270 98 126 137 153 91 221 237 178 181 239 226 293 253 98 146 308 237 277 46 110 62 75 310 93 154 213 223 89 110 58 187 258 348 226 199 263 114 252 208 204 117 243 162 197 203 262 132 117
 313 289 31 331 138 252 164 185 370 208 228 141 302 282 353 127 278 245 254 250 219 239 200 11 145 280 243 193 454 450 234 31 44 290 281 1 407 135 167 345 316 351 28 326 50 459 105 257 88 385 430 371 326 109 353 119 170 370 350 364 413 293 387 63 289 430 348 116 213 336 348 362 67 366 178 143 111 222 316 96 164 307 147 291 315 249 304 219 115 94 370 200 341 201 35 125 205 224 197 370 212 140 313 413 19 35 328 306 325 89 154 404 290 117 196 46 226 198 183 342 182 191 450 298 116 192 413 258 235 29 301 190 264 373 338 411 77 380 318 350 44 31 206 307 323 180 218 385 327 275 249 437 128 281 70 189 166 224 158 371 221 346 317 282 303 325 252 404 279 265 280 307 279 395 249 227 191 402 150 200 247 97 432 57 165 188 150 293 375 49 237 353 229 354 311 204 186 339 68 344 390 333 117 371 313 246 288 56 208 41 264 280 356 482 211 338 198 107 266 280
 159 185 412 329 311 207 246 355 126 303 239 356 176 185 122 286 170 305 295 332 325 334 209 397 263 327 185 266 49 70 210 391 364 307 162 407 1 287 241 72 115 203 389 311 399 64 359 300 377 45 40 77 270 349 78 294 275 85 166 50 91 160 22 348 341 96 284 323 270 77 137 228 341 49 293 330 302 297 245 333 350 260 268 133 302 166 264 211 315 347 112 219 267 290 378 284 234 291 281 90 224 311 106 75 424 413 106 121 294 386 270 80 171 334 313 447 278 259 328 293 292 218 46 227 312 299 14 150 218 435 251 311 166 125 185 31 374 118 193 153 369 434 294 138 168 266 293 104 144 232 314 36 280 310 381 243 253 199 287 132 211 181 176 290 181 84 159 75 302 208 288 249 130 59 296 199 235 104 309 235 202 388 84 401 315 226 257 302 154 416 199 57 220 142 294 251 231 156 361 74 131 156 294 184 340 243 185 403 274 387 212 196 52 83 323 138 253 351 154 134
 179 155 152 320 40 119 46 214 237 103 179 179 228 210 261 83 145 139 239 254 224 246 103 127 59 277 158 66 332 339 166 111 99 276 148 135 287 1 71 219 215 288 111 308 151 344 151 148 156 273 305 266 291 67 225 25 138 267 216 249 312 209 268 73 290 328 229 124 91 212 214 233 77 251 66 160 80 210 190 114 98 269 89 162 295 151 182 145 29 61 276 121 303 185 118 36 146 209 175 269 78 42 186 307 153 132 227 176 300 102 20 274 211 53 197 169 202 159 96 314 168 74 331 169 27 85 295 140 101 162 261 90 132 283 204 286 88 247 185 269 111 158 96 216 189 142 108 288 193 146 244 314 56 174 146 54 35 141 36 283 87 275 184 168 231 208 128 273 170 202 258 265 167 266 139 146 58 305 147 139 178 104 327 156 169 62 59 277 294 132 103 231 95 220 288 73 110 259 77 218 256 199 74 299 310 202 216 118 88 106 204 213 236 366 117 251 154 146 169 174
 172 158 172 256 110 129 32 172 222 159 112 148 158 140 196 52 137 191 177 198 171 192 36 157 24 217 89 111 288 284 96 154 124 213 136 167 241 71 1 181 153 218 151 243 162 292 134 196 148 219 266 207 223 135 192 63 83 207 213 198 251 141 220 111 231 268 261 98 136 172 202 248 101 200 125 123 64 152 215 100 167 201 40 135 230 86 214 74 96 124 212 50 234 128 139 49 78 149 116 208 91 111 152 249 185 177 166 148 234 165 68 246 142 122 145 209 140 96 161 247 114 34 284 190 93 143 247 93 115 196 192 151 116 217 209 247 148 229 193 200 129 195 150 150 187 82 160 226 182 170 186 272 41 222 146 79 55 71 98 217 90 206 185 211 161 158 90 244 215 132 194 196 113 233 187 76 71 242 105 71 107 169 269 164 123 46 18 213 226 182 103 187 110 209 222 108 40 190 129 180 242 193 56 230 249 134 146 171 135 152 134 143 190 316 177 185 90 127 104 115
 94 117 352 322 242 137 182 317 83 232 207 311 165 166 133 230 100 236 273 308 295 307 154 335 203 310 146 196 114 137 174 326 302 293 91 345 72 219 181 1 99 211 325 305 342 134 308 232 325 80 87 99 266 281 21 229 230 106 112 57 136 141 58 284 324 148 226 271 199 11 82 175 279 60 223 285 244 267 183 278 279 251 213 62 294 121 200 168 247 279 132 170 268 255 318 221 193 261 244 110 154 241 36 124 362 348 97 50 289 318 202 72 153 265 278 384 248 220 258 292 253 155 116 163 245 229 83 90 147 373 241 240 96 146 128 68 307 81 131 162 309 371 223 123 106 222 222 133 82 164 290 95 220 243 326 174 186 155 217 152 141 188 113 224 170 46 94 69 235 185 272 240 80 54 227 156 166 142 263 191 170 319 139 344 273 160 197 289 173 350 129 22 150 90 285 180 180 160 295 3 98 97 236 200 329 216 168 337 203 322 189 177 30 154 252 141 213 300 115 93
 171 183 315 225 249 185 170 241 179 268 125 245 67 72 50 190 158 285 182 219 211 220 118 306 175 216 77 221 161 137 97 305 273 198 149 316 115 215 153 99 1 116 302 208 300 150 253 284 273 78 152 57 168 282 119 214 166 55 202 67 99 46 95 263 231 116 304 218 236 91 174 262 251 67 246 220 206 183 257 231 300 154 170 117 197 68 269 103 243 274 62 117 170 177 284 201 124 177 168 55 179 250 102 98 332 329 14 117 191 315 204 165 58 267 200 359 164 147 285 194 180 143 149 232 241 258 115 86 186 343 144 269 139 71 212 136 299 179 209 71 275 345 258 26 188 156 262 74 166 225 201 150 191 302 278 189 186 94 229 73 167 93 192 285 73 54 104 160 294 94 178 143 56 143 277 92 178 91 199 126 88 318 118 300 203 158 170 194 90 334 163 86 185 182 188 208 131 66 281 100 195 183 199 110 233 128 73 324 237 304 98 83 82 174 289 49 142 245 50 43
 285 295 341 131 327 291 245 215 293 363 124 239 63 79 83 232 269 386 130 163 173 170 188 342 234 146 132 313 237 185 124 351 313 122 260 351 203 288 218 211 116 1 346 114 321 205 262 387 284 159 243 127 72 351 231 278 182 119 317 165 131 88 189 314 155 142 417 238 333 204 288 377 297 164 334 221 247 151 369 257 383 72 214 230 108 148 379 145 312 339 93 169 66 161 317 262 151 145 161 115 276 328 217 143 365 374 114 231 97 377 282 270 81 339 178 396 137 155 373 93 176 224 219 343 310 350 197 189 289 376 68 360 248 81 327 231 359 291 323 52 309 381 353 95 302 172 359 104 281 334 148 234 246 407 296 279 266 148 311 74 266 24 306 391 59 167 208 266 400 89 110 63 163 247 379 143 268 113 207 157 112 383 153 319 198 242 232 116 56 382 265 195 286 297 101 303 181 52 338 212 307 297 244 28 147 108 73 376 333 352 89 76 188 225 383 70 154 256 134 145
 288 264 55 336 111 227 144 195 347 181 223 151 294 274 342 117 255 218 257 257 225 246 185 25 128 285 231 167 436 434 226 6 35 294 258 28 389 111 151 325 302 346 1 330 69 442 114 230 101 369 411 357 327 82 332 97 166 356 325 347 400 283 369 41 296 417 321 116 187 316 324 336 52 349 151 148 101 224 289 96 137 306 137 270 318 235 277 209 89 67 359 188 341 202 41 106 197 226 196 356 188 113 292 398 44 29 315 284 327 65 130 383 280 90 200 60 226 194 156 344 183 172 432 272 90 165 396 239 210 52 300 163 241 362 312 391 51 357 293 341 44 48 179 295 298 176 191 373 303 249 254 418 112 254 83 164 143 213 131 361 197 339 293 255 295 307 232 382 252 258 282 305 262 374 222 216 168 390 151 191 239 73 418 76 169 167 134 297 366 38 214 334 204 330 313 178 175 330 41 324 366 309 105 364 320 243 280 38 181 15 258 273 338 465 184 328 194 114 253 265
 363 365 307 19 347 351 274 150 384 401 133 190 141 141 190 232 338 431 74 83 109 93 226 318 250 53 182 353 348 298 158 335 296 37 332 326 311 308 243 305 208 114 330 1 284 318 224 435 244 268 350 235 43 360 325 291 173 228 400 268 244 165 295 308 53 255 485 215 376 296 374 454 288 268 367 184 243 107 436 235 405 55 221 307 14 208 442 178 325 344 204 198 50 130 293 275 166 105 138 223 324 349 302 256 335 355 212 312 18 377 310 371 153 352 131 368 108 150 402 28 149 263 331 410 324 385 306 256 343 345 65 393 315 193 406 337 357 384 397 161 287 353 392 183 380 168 401 216 363 395 79 344 256 459 260 318 297 189 339 186 317 133 383 446 135 260 272 367 452 129 51 65 239 349 427 184 309 226 180 174 152 384 266 280 162 281 251 34 169 367 322 292 339 383 23 347 205 156 335 306 400 379 244 140 36 111 138 365 375 340 125 131 288 338 419 174 155 220 202 221
 323 303 24 288 165 267 168 140 378 239 199 96 277 257 332 114 288 277 214 206 176 195 191 46 141 236 224 215 447 436 211 74 55 248 289 50 399 151 162 342 300 321 69 284 1 447 62 288 42 373 426 355 289 145 353 129 142 353 363 354 395 271 378 84 244 412 376 85 238 333 356 383 75 356 205 103 99 182 339 70 202 270 133 294 274 236 330 199 138 127 350 184 304 164 35 130 181 186 162 352 225 168 313 396 52 84 312 308 285 133 169 406 266 149 155 85 189 168 217 302 147 191 441 319 139 222 404 253 250 62 266 222 271 352 353 407 118 387 334 325 41 72 235 288 335 152 248 366 336 296 207 431 125 313 26 203 177 207 180 349 232 318 331 312 277 316 251 405 310 237 240 271 270 394 279 209 203 383 115 177 223 141 415 8 127 193 147 252 350 97 248 347 244 363 270 223 171 315 102 341 398 344 107 342 269 214 262 103 233 83 236 253 350 470 245 316 170 67 251 268
 222 248 461 335 371 270 302 386 185 366 271 393 197 211 134 335 233 369 316 354 352 357 259 449 315 343 225 328 47 22 245 445 415 321 225 459 64 344 292 134 150 205 442 318 447 1 401 363 421 75 77 96 276 408 141 349 315 101 226 96 75 188 79 402 355 67 344 366 333 139 198 286 393 94 355 369 351 325 307 378 412 271 315 195 311 212 327 251 372 404 118 264 270 322 428 338 273 318 315 103 285 370 168 63 475 468 138 183 301 444 328 132 198 393 345 501 306 295 391 296 327 273 29 290 370 362 53 205 280 487 264 373 228 126 246 84 431 176 255 160 419 487 357 167 230 305 356 103 207 295 336 61 332 373 426 303 311 241 347 133 273 186 239 354 201 137 217 128 365 235 305 260 181 117 359 240 294 93 348 275 235 446 54 447 351 283 310 316 150 471 261 117 283 202 303 312 277 167 416 136 186 218 343 181 350 270 209 459 336 442 238 220 111 25 386 153 290 394 196 180
 305 289 85 228 179 256 151 83 355 251 142 38 222 203 280 84 270 289 153 146 116 136 156 98 118 176 177 216 407 389 159 119 84 188 269 105 359 151 134 308 253 262 114 224 62 401 1 298 23 328 389 308 228 171 321 127 88 305 346 312 345 220 338 107 185 362 379 38 242 298 335 376 88 313 214 42 76 121 337 39 227 209 98 267 213 193 331 151 150 152 299 141 243 103 74 120 130 124 103 303 215 181 282 348 112 136 265 280 223 172 166 376 213 170 94 145 129 112 236 241 87 167 398 314 150 233 362 220 240 122 205 236 249 299 340 370 154 362 323 271 71 131 245 238 319 99 257 315 315 292 146 392 106 324 37 195 167 161 186 295 218 261 316 319 221 277 222 374 320 182 179 211 231 361 289 162 192 331 57 127 171 180 366 59 66 174 124 191 295 149 233 310 234 343 209 221 130 260 133 307 375 326 85 284 210 155 207 150 238 126 180 198 311 425 262 263 116 9 207 226
