NAME : domp240p80v4
COMMENT : (Deleplanque et al.) 
TYPE : DOMP
DIMENSION : 240
DISPLAY_DATA_TYPE: NO_DISPLAY
OPEN_FACILITIES : 80
COST_SECTION
 1 414 65 94 183 288 372 159 316 436 397 218 341 247 196 331 111 157 268 271 256 79 333 357 200 342 201 345 371 126 451 408 386 123 251 360 516 258 233 329 393 282 191 343 315 476 314 291 275 270 360 315 428 382 301 386 312 252 368 100 260 81 249 438 375 238 389 133 127 205 405 106 272 293 345 214 327 92 482 332 70 148 239 302 291 240 362 262 338 240 343 283 307 293 326 313 289 444 17 348 217 124 415 225 368 415 355 207 470 276 401 359 281 384 256 359 327 185 397 498 242 261 447 237 339 249 425 160 90 346 285 256 282 401 474 101 394 356 437 277 460 491 159 168 298 24 209 287 383 472 78 380 88 371 366 363 190 219 357 229 257 45 230 205 380 416 322 197 296 285 378 137 340 444 115 174 275 307 460 307 122 298 369 224 259 250 213 402 139 232 236 317 210 240 373 302 127 323 409 462 343 338 181 148 353 240 391 180 340 303 314 236 252 47 293 224 308 234 380 384 361 353 420 186 259 510 413 373 449 244 300 414 306 155 46 388 246 207 345 305
 414 1 355 341 236 130 386 355 156 43 155 202 249 185 290 113 306 270 177 149 264 380 111 250 255 213 257 134 89 293 47 57 226 323 237 168 132 172 235 132 56 153 248 72 236 153 121 139 161 332 149 113 59 221 190 41 112 183 174 316 338 371 183 28 244 267 202 284 310 240 177 312 167 169 75 286 180 331 114 210 386 347 177 129 203 237 293 268 291 218 322 141 109 204 91 167 142 35 402 68 201 292 50 190 240 46 336 210 67 235 47 356 148 286 203 236 308 284 238 136 176 290 34 188 309 240 181 262 330 72 164 171 140 205 145 318 118 157 136 186 106 146 257 272 130 413 271 135 256 132 369 303 357 206 261 58 291 231 103 301 233 391 256 346 232 45 94 275 346 130 156 283 131 49 341 304 282 109 64 122 295 121 197 224 168 206 205 154 280 196 180 359 278 223 331 289 297 296 27 56 99 82 252 276 157 325 183 271 86 168 169 350 198 375 148 255 109 195 269 127 191 111 130 273 185 133 218 159 111 333 116 5 196 317 375 33 224 210 270 315
 65 355 1 34 121 232 323 113 252 375 332 156 279 184 136 267 65 93 221 216 230 48 270 295 165 307 168 298 308 63 391 346 352 104 187 296 453 195 169 266 331 231 151 285 284 412 251 228 212 218 296 253 374 348 260 329 257 188 327 51 209 88 185 380 313 212 325 83 63 165 341 44 224 228 285 154 263 28 419 297 46 99 182 250 227 206 303 201 279 176 287 221 248 229 266 269 226 384 59 290 162 67 353 167 337 353 300 147 408 213 346 306 229 324 192 328 270 159 334 434 187 203 388 174 282 186 360 97 57 286 221 193 220 337 410 38 345 312 373 234 397 427 100 133 235 75 182 226 321 408 84 322 84 335 305 306 167 155 293 171 223 38 200 157 317 355 265 170 245 227 334 74 292 387 61 154 216 249 398 245 73 242 305 183 196 208 158 337 92 169 176 267 148 176 317 243 63 265 351 402 291 277 139 105 289 187 327 148 279 239 249 188 187 51 243 193 248 185 319 320 297 290 356 156 212 447 349 309 386 192 240 355 267 97 50 328 181 152 285 249
 94 341 34 1 107 223 290 83 227 357 306 140 248 163 104 247 77 72 220 209 243 41 250 264 175 314 179 296 287 54 374 327 359 126 158 269 432 175 141 243 312 227 158 272 294 387 231 209 191 185 270 235 364 354 264 317 249 167 329 64 177 119 164 366 282 225 296 88 35 172 313 41 222 204 268 121 236 22 397 303 46 68 173 244 199 215 271 169 247 149 254 203 235 201 251 270 207 368 91 277 156 66 335 157 346 335 267 135 391 183 335 273 224 292 166 336 237 175 304 412 180 170 373 156 249 156 333 80 79 271 198 174 203 308 386 34 342 313 348 236 375 403 92 144 217 107 196 209 290 385 115 289 113 340 273 295 184 128 272 139 232 56 212 124 287 336 253 184 212 216 335 62 289 376 29 173 183 237 380 226 81 232 277 189 177 212 153 311 99 149 163 234 117 148 285 211 46 232 339 385 284 261 145 113 263 154 299 160 261 214 223 155 163 83 240 205 233 183 287 296 269 268 331 169 213 426 320 282 363 159 226 340 271 64 82 312 154 145 253 216
 183 236 121 107 1 119 290 143 141 254 223 36 200 68 101 149 86 39 129 106 186 146 152 214 119 232 125 198 189 59 270 226 276 129 107 190 333 78 85 150 210 129 98 166 220 298 132 109 95 190 186 133 259 271 179 212 145 73 238 89 187 160 69 261 228 171 227 67 79 108 236 79 128 119 164 111 160 96 300 222 152 130 70 142 131 148 237 140 217 80 236 101 129 133 146 179 107 264 173 172 59 62 233 54 268 233 252 30 288 132 230 265 124 252 91 259 217 137 245 317 80 154 268 56 227 107 255 28 110 166 108 74 100 238 295 84 241 219 259 149 278 311 30 103 116 186 148 105 239 292 157 256 147 255 227 189 149 64 175 136 163 156 154 159 228 234 147 140 217 110 240 48 191 270 111 148 160 132 278 125 75 127 207 116 77 132 59 228 72 52 57 239 100 83 263 187 62 208 234 281 181 157 88 79 180 164 224 117 158 130 142 181 82 149 143 147 128 94 242 206 197 172 242 125 124 328 253 201 268 172 121 235 188 101 149 208 92 51 213 204
 288 130 232 223 119 1 353 256 129 160 190 90 229 96 200 98 179 156 62 19 158 263 100 238 129 152 133 91 124 172 173 142 188 194 168 174 250 88 155 117 127 39 119 60 157 239 85 77 91 271 160 75 142 182 103 99 27 98 139 189 273 241 95 152 243 154 219 156 196 114 211 190 52 122 76 203 161 210 222 143 268 244 51 32 157 122 276 207 263 139 290 64 33 160 55 89 79 163 275 63 73 167 145 67 188 144 306 90 192 181 114 324 29 280 132 180 272 159 250 243 47 227 163 89 278 171 225 146 202 73 108 82 61 228 233 196 127 117 205 82 204 244 134 143 73 285 151 60 256 225 240 292 227 164 252 76 167 141 119 225 125 269 139 261 236 145 38 152 293 19 134 163 82 157 229 178 227 25 185 74 168 10 203 100 80 90 77 193 152 97 65 311 193 145 310 245 178 261 122 183 64 70 123 147 160 253 206 144 82 130 140 275 122 247 47 137 44 67 265 162 193 122 191 147 67 247 244 176 200 261 38 131 113 215 247 110 150 82 248 269
 372 386 323 290 290 353 1 214 238 369 243 288 138 262 199 282 345 273 399 355 474 294 283 139 409 502 414 441 298 302 385 336 540 400 191 220 385 268 210 260 332 386 387 356 499 309 284 281 264 107 238 296 439 534 449 393 372 259 491 339 115 407 264 410 149 460 196 340 270 396 227 311 392 236 329 184 209 305 354 492 303 226 331 384 198 435 95 153 96 222 66 292 335 195 330 440 278 389 375 361 337 320 345 321 539 348 51 305 391 174 414 31 376 111 224 530 83 425 165 353 345 138 404 274 79 189 237 283 360 336 248 275 294 199 314 308 466 469 286 421 336 334 311 390 288 390 437 296 141 325 402 92 399 517 129 379 437 230 285 159 448 328 442 168 163 350 353 429 79 336 484 296 433 433 263 433 132 346 378 291 342 356 194 401 276 412 340 247 349 268 306 57 194 217 60 110 288 94 404 392 405 326 377 361 230 137 215 405 313 230 224 137 235 372 397 436 323 371 127 264 198 277 279 414 397 376 194 231 320 132 324 383 459 229 371 356 209 333 117 88
 159 355 113 83 143 256 214 1 216 362 284 167 201 172 69 248 153 107 271 246 313 81 251 216 243 373 248 340 286 117 380 329 417 206 131 245 424 184 124 237 316 271 224 294 357 368 236 217 196 113 252 243 389 412 320 340 282 174 380 143 103 200 174 382 236 296 261 158 78 237 285 115 270 195 282 79 213 102 389 362 90 17 211 283 175 280 212 123 188 140 188 217 258 176 268 321 214 377 162 300 201 134 338 195 407 339 198 171 395 149 360 201 266 236 156 398 173 249 260 400 222 114 386 172 186 128 304 119 161 286 195 187 218 273 368 110 382 361 331 291 366 388 145 215 226 177 268 223 241 371 196 229 195 396 222 318 259 125 269 82 297 115 281 47 244 341 278 256 139 244 382 117 333 396 55 250 129 264 383 235 154 264 244 250 190 270 201 289 169 164 192 159 83 136 218 152 102 172 360 390 320 275 211 183 243 85 269 232 270 202 208 78 159 162 285 273 253 235 235 282 238 263 315 241 266 417 281 260 352 87 247 354 329 43 161 324 137 192 200 150
 316 156 252 227 141 129 238 216 1 152 83 111 104 75 148 46 226 160 186 137 278 261 47 111 230 279 235 209 73 194 170 117 312 266 87 52 210 67 93 25 107 166 212 119 284 161 48 54 51 177 46 60 205 307 231 157 142 69 260 229 183 300 74 183 115 270 94 207 193 214 97 213 177 24 93 139 33 225 174 271 269 211 130 157 48 239 152 114 143 80 173 69 103 49 94 217 53 169 308 125 149 201 127 130 315 128 188 131 182 80 179 207 156 153 63 308 157 256 123 187 141 135 181 89 160 90 115 159 250 99 35 74 71 105 159 216 230 238 122 208 152 177 170 228 57 322 257 71 128 159 297 166 287 289 125 142 267 100 57 150 246 282 253 198 108 130 118 254 191 111 251 182 202 203 217 272 127 115 170 57 215 128 77 209 72 209 154 88 209 90 110 205 134 83 188 135 190 145 170 180 171 90 208 214 41 172 86 237 77 15 14 197 65 287 175 248 91 173 137 70 67 50 105 243 188 203 121 61 139 179 94 154 241 184 287 125 80 152 125 161
 436 43 375 357 254 160 369 362 152 1 129 219 233 196 295 115 330 286 212 179 303 395 113 231 288 255 291 176 79 312 19 36 268 352 237 150 93 184 239 128 47 187 279 102 277 113 128 149 169 326 133 124 96 263 230 81 146 193 216 338 333 398 195 52 223 304 178 308 325 273 150 332 202 169 92 288 169 349 72 252 402 355 203 165 198 273 275 264 276 223 306 155 133 199 112 207 152 22 424 99 227 313 26 214 282 25 319 230 35 230 89 339 181 264 207 278 294 317 213 94 204 285 39 203 293 240 150 280 355 92 168 184 155 178 104 337 160 199 101 223 64 104 278 302 141 436 306 150 233 90 396 282 384 248 241 95 325 240 96 301 271 409 292 348 209 23 123 309 337 156 198 301 172 77 354 337 276 137 26 132 319 152 176 258 181 242 232 127 306 209 201 347 282 227 312 279 314 283 69 29 139 99 282 303 142 323 158 303 97 165 163 348 204 398 185 291 130 226 247 106 172 103 99 306 220 92 190 138 72 330 138 40 236 327 398 51 227 235 253 304
 397 155 332 306 223 190 243 284 83 129 1 193 112 157 218 93 308 241 251 203 347 338 91 107 306 331 311 254 76 276 144 100 357 347 155 40 150 149 168 79 101 228 290 156 343 85 109 126 132 218 39 117 213 352 289 175 194 151 303 311 227 382 156 176 96 341 50 289 272 290 24 295 241 106 126 205 73 305 116 324 346 282 206 213 111 309 149 167 154 158 183 141 159 110 140 271 127 150 389 159 227 284 108 208 365 112 194 212 148 137 194 214 219 137 142 359 174 334 85 121 215 184 166 170 171 157 36 240 332 133 117 154 143 51 86 297 259 282 49 271 95 106 253 307 125 404 332 140 106 91 379 155 369 334 116 171 344 179 74 209 314 361 325 257 82 113 166 330 222 175 290 264 247 201 294 351 171 170 135 120 298 186 52 282 153 277 232 6 291 172 189 229 203 159 185 165 271 164 178 151 212 128 287 295 45 224 30 315 114 95 84 248 146 369 233 321 147 245 120 31 52 69 37 321 256 141 65 25 79 229 154 151 298 258 369 131 154 231 130 189
 218 202 156 140 36 90 288 167 111 219 193 1 183 38 113 115 118 70 115 81 188 179 118 197 128 220 133 176 155 94 235 191 262 155 98 162 299 45 78 118 175 109 108 133 213 265 97 75 63 194 156 98 227 256 166 179 116 44 219 123 193 191 39 227 208 176 201 98 110 114 207 114 111 90 130 119 135 131 266 210 185 155 48 117 110 148 225 136 207 67 229 66 96 113 112 162 73 229 208 139 50 97 198 35 257 198 246 21 253 119 198 261 102 237 71 248 210 151 223 283 61 153 234 24 219 100 226 62 143 132 78 40 65 213 262 119 216 199 226 137 244 277 62 120 81 220 157 70 220 258 189 243 178 240 210 157 163 60 141 143 161 191 158 174 206 199 115 151 219 79 219 83 168 237 142 165 157 100 243 90 107 98 182 116 43 125 54 197 99 24 26 240 108 72 255 180 96 200 201 246 154 122 101 103 151 172 196 131 123 103 115 191 60 183 122 152 94 85 225 174 172 139 209 138 112 294 228 171 234 180 87 201 176 125 183 173 80 48 199 201
 341 249 279 248 200 229 138 201 104 233 112 183 1 149 146 147 276 199 282 234 368 270 148 17 310 380 316 312 161 235 250 199 414 326 96 83 260 150 118 125 195 265 290 222 382 189 152 153 141 112 101 164 302 409 329 257 244 144 363 274 123 348 150 273 36 357 71 263 217 296 101 250 274 108 194 129 73 254 227 371 279 203 218 258 75 328 48 81 44 121 74 166 206 72 197 317 151 253 337 227 231 249 209 213 416 212 88 203 257 70 278 108 255 54 113 408 63 333 60 230 231 89 268 164 62 97 116 204 297 201 123 158 169 79 192 251 333 341 159 304 206 213 227 300 159 353 339 170 43 200 345 64 337 391 28 244 344 138 148 120 338 299 339 164 45 214 222 333 112 211 355 225 305 296 227 346 74 217 244 160 268 230 61 296 158 300 235 116 269 161 194 118 132 117 85 58 225 53 267 257 274 192 283 278 93 125 86 312 178 100 92 147 124 324 274 334 194 261 43 128 62 140 148 320 282 251 84 96 190 128 195 246 339 188 323 219 109 230 22 79
 247 185 184 163 68 96 262 172 75 196 157 38 149 1 109 85 152 92 137 94 219 199 88 162 163 241 169 186 126 123 214 165 280 192 74 125 270 14 60 84 151 125 144 123 238 231 70 48 29 176 119 74 219 274 188 169 119 7 233 156 177 226 3 212 172 208 164 133 130 148 170 143 131 53 111 109 97 157 236 231 207 163 71 127 75 179 193 113 176 44 201 46 89 78 97 180 45 209 238 129 83 129 173 64 277 174 218 58 230 90 190 234 116 203 40 269 182 187 186 252 84 132 216 16 190 76 189 88 177 115 41 16 47 175 229 147 220 212 192 160 214 245 97 157 56 251 192 52 185 226 224 211 213 257 175 148 199 49 111 130 190 216 191 169 170 175 109 187 198 80 230 112 178 225 158 202 133 97 219 66 142 101 144 147 19 153 87 161 136 17 46 218 100 49 224 153 121 171 189 224 156 104 138 140 114 158 159 167 101 65 77 181 28 215 137 185 82 113 190 140 135 107 175 175 137 265 191 135 203 166 78 184 198 133 215 154 55 83 166 176
 196 290 136 104 101 200 199 69 148 295 218 113 146 109 1 181 148 76 226 193 285 126 184 162 217 331 222 288 218 105 313 261 373 203 64 180 357 121 57 169 249 221 196 231 320 302 170 152 130 94 185 178 327 368 277 277 225 110 332 142 89 213 111 317 180 269 199 143 76 206 221 115 223 128 217 18 147 113 321 320 135 65 160 229 108 248 168 66 144 73 154 154 197 109 205 274 149 310 194 237 157 122 271 146 367 272 168 124 327 85 298 178 214 189 89 357 136 230 203 333 173 68 320 112 148 62 240 87 165 221 128 124 155 211 302 113 326 312 264 247 298 321 116 195 161 210 244 160 187 304 209 187 204 351 170 256 241 61 202 40 263 155 253 62 186 274 217 235 122 186 331 98 280 332 83 236 81 204 315 170 144 207 181 215 127 231 158 223 152 104 138 144 16 69 184 108 91 130 296 323 263 210 184 165 177 66 205 210 205 134 140 81 93 184 234 246 190 192 184 214 174 195 248 219 222 350 222 194 285 73 186 289 286 44 183 259 69 150 150 117
 331 113 267 247 149 98 282 248 46 115 93 115 147 85 181 1 231 176 159 111 255 283 4 152 216 244 220 170 41 206 133 82 274 264 125 79 186 73 125 24 69 137 201 76 253 153 19 41 57 221 63 25 160 268 199 112 105 81 221 237 226 304 84 140 153 249 123 210 214 199 113 226 149 57 48 175 75 241 152 236 291 241 116 123 91 217 194 156 187 109 217 53 68 93 53 182 43 130 321 81 139 210 91 122 279 92 232 130 148 123 134 252 127 193 93 272 201 244 156 169 124 178 140 94 205 128 128 172 256 55 54 76 54 131 149 230 187 199 116 179 130 164 176 220 36 334 241 51 166 145 301 208 290 251 166 98 254 126 28 189 222 300 233 235 144 94 79 240 236 83 211 195 163 159 241 262 171 79 136 29 220 95 109 191 73 185 144 96 211 99 103 250 168 113 231 180 205 190 125 143 130 46 199 212 65 213 109 226 32 56 59 238 90 297 142 229 56 154 177 67 100 27 99 231 163 181 147 79 121 220 62 111 208 213 297 81 114 144 168 206
 111 306 65 77 86 179 345 153 226 330 308 118 276 152 148 231 1 78 159 162 168 109 234 291 101 244 105 237 271 44 345 304 289 56 180 274 414 162 159 234 289 172 87 235 221 382 214 191 179 239 270 213 319 284 197 277 202 158 264 14 233 76 153 329 307 150 310 23 79 101 320 39 164 203 240 164 244 56 381 233 109 138 130 192 212 142 308 206 286 159 300 181 199 214 219 207 189 337 97 240 107 28 311 118 274 310 315 102 364 207 292 325 171 326 173 264 281 99 325 399 133 213 340 140 292 180 339 73 26 240 192 157 180 321 378 45 285 250 343 171 360 394 57 70 197 107 120 185 317 375 73 327 63 271 303 254 108 140 258 187 160 100 137 188 308 312 214 108 268 177 272 52 231 334 101 98 224 198 355 206 12 188 290 120 160 145 103 312 30 137 131 290 155 161 329 252 59 274 300 356 234 232 75 41 265 210 308 85 236 215 226 217 165 69 184 130 202 124 318 291 280 256 326 94 151 409 336 285 351 216 193 307 203 121 69 282 169 98 286 264
 157 270 93 72 39 156 273 107 160 286 241 70 199 92 76 176 78 1 165 144 213 110 179 215 143 267 148 236 217 37 303 256 311 131 104 205 361 104 83 174 241 167 123 202 252 320 160 138 120 168 204 163 296 306 214 248 182 97 275 76 164 150 94 296 231 196 237 69 41 134 251 55 165 137 197 90 173 66 327 256 117 93 108 180 138 177 231 129 209 86 224 132 165 141 180 216 136 297 149 208 96 51 263 92 302 264 239 68 320 130 267 250 162 249 101 292 205 155 250 343 118 138 302 84 216 104 270 14 99 200 129 103 132 249 318 57 279 256 281 185 305 335 42 120 146 164 170 137 241 316 147 250 139 290 226 225 166 65 202 115 193 125 180 128 233 265 184 160 196 147 277 27 229 306 74 162 148 168 309 155 72 165 217 146 106 165 95 246 78 78 94 219 80 87 253 175 31 197 270 313 219 190 111 90 197 140 237 136 190 147 158 153 96 130 180 173 163 129 241 228 208 198 264 145 159 356 263 218 294 147 156 270 223 65 129 241 94 86 209 189
 268 177 221 220 129 62 399 271 186 212 251 115 282 137 226 159 159 165 1 50 97 259 161 292 81 106 83 79 184 168 222 199 148 157 209 234 304 134 191 177 184 26 80 113 102 299 145 133 142 308 220 135 170 143 52 139 67 142 110 172 307 208 136 193 299 94 278 139 201 69 272 182 11 175 135 233 218 203 278 96 262 258 69 48 208 63 327 248 312 178 338 118 94 211 115 51 134 211 253 114 71 157 201 81 142 199 354 103 242 226 147 371 34 334 176 134 319 109 308 299 56 266 207 126 326 211 286 153 179 131 160 126 116 287 293 189 127 93 266 24 262 302 131 105 131 260 96 116 312 284 208 344 194 127 306 120 115 174 180 257 64 257 81 286 293 199 93 100 332 77 115 162 73 191 233 129 268 84 237 134 149 67 261 50 125 31 72 254 131 132 94 352 222 183 360 290 179 308 161 232 84 130 89 121 220 286 266 99 142 185 196 305 165 223 30 80 105 38 319 223 251 183 251 99 10 302 304 237 259 294 99 178 62 229 223 163 191 80 300 312
 271 149 216 209 106 19 355 246 137 179 203 81 234 94 193 111 162 144 50 1 144 248 113 244 112 148 115 96 139 157 191 160 187 176 167 185 268 88 151 128 144 32 101 78 149 255 96 84 94 268 171 87 158 181 97 116 42 97 141 172 269 223 93 170 250 139 229 139 183 96 223 174 41 127 93 197 169 194 240 139 253 234 37 37 161 107 280 206 266 136 292 70 49 164 72 87 85 181 258 82 56 151 163 53 185 162 309 77 211 181 131 326 23 286 132 177 274 141 259 260 30 225 182 85 281 169 238 133 185 90 112 81 67 238 250 181 137 120 221 72 222 261 118 125 82 267 134 67 263 242 222 297 209 164 258 94 150 136 133 220 112 253 124 254 244 163 56 135 291 29 139 148 88 174 216 160 226 43 204 85 150 29 212 83 80 75 60 206 134 92 56 311 187 142 314 246 164 262 139 202 77 87 104 129 171 249 217 126 98 137 147 270 121 229 44 121 59 49 271 176 202 136 206 129 53 265 255 188 217 257 51 149 107 204 229 128 148 66 253 269
 256 264 230 243 186 158 474 313 278 303 347 188 368 219 285 255 168 213 97 144 1 276 256 380 71 94 66 139 280 198 311 293 134 134 285 327 394 219 264 271 278 121 91 207 62 394 239 226 231 375 314 230 244 131 78 225 161 225 133 182 372 180 219 276 389 20 371 157 237 80 367 204 107 264 230 296 308 223 371 86 276 298 151 141 293 41 411 322 394 254 416 210 190 296 211 101 226 298 240 207 139 181 294 156 114 292 433 170 330 306 227 447 130 421 257 105 397 73 399 392 138 337 292 205 406 286 382 200 176 226 249 211 208 381 388 210 181 131 362 81 356 396 172 100 224 241 49 209 401 379 182 429 170 124 393 209 67 244 276 321 34 262 34 339 384 292 189 62 402 172 149 197 138 268 265 84 343 180 326 228 163 163 353 73 211 71 135 349 146 209 175 423 285 259 442 367 213 387 244 319 166 226 103 132 313 349 360 84 238 275 286 364 245 211 120 41 201 108 407 319 343 279 347 76 92 394 397 331 354 357 194 266 75 275 212 255 267 142 385 387
 79 380 48 41 146 263 294 81 261 395 338 179 270 199 126 283 109 110 259 248 276 1 286 286 209 350 213 335 323 93 412 364 395 151 185 300 467 212 171 278 349 267 194 311 329 420 268 246 227 192 302 272 403 390 302 357 288 203 367 96 183 131 201 405 305 257 323 124 71 208 343 78 261 238 307 142 266 57 432 339 10 71 213 283 228 250 287 190 263 182 266 241 274 230 290 309 244 406 83 317 195 103 372 197 381 372 277 174 428 209 375 281 263 310 199 372 251 205 327 447 220 186 412 193 263 183 362 119 104 309 233 211 241 335 419 71 381 351 381 274 410 437 132 177 254 98 228 247 311 419 126 305 129 377 294 334 214 162 308 154 267 35 245 127 311 374 292 216 218 255 373 101 328 415 45 201 201 277 417 264 115 272 304 225 214 249 193 343 134 187 202 239 140 180 296 227 85 247 379 422 324 300 181 148 294 163 328 193 299 247 256 158 197 90 279 238 272 222 307 329 297 303 364 201 251 461 346 314 398 166 265 379 309 83 88 351 184 185 272 228
 333 111 270 250 152 100 283 251 47 113 91 118 148 88 184 4 234 179 161 113 256 286 1 152 218 245 223 171 39 209 131 79 275 267 127 78 183 76 128 24 67 138 203 76 254 150 22 44 60 222 62 27 159 269 200 111 106 84 221 240 228 306 86 138 153 251 122 213 217 202 112 229 151 59 48 177 76 244 150 237 293 244 119 124 93 219 195 158 188 112 218 56 69 94 53 183 46 128 323 81 141 213 88 124 280 89 233 133 145 124 133 252 129 193 96 273 202 246 155 166 126 179 138 97 205 130 126 174 259 55 56 79 57 130 146 233 187 200 113 181 128 161 179 223 39 337 243 53 166 142 304 208 293 251 166 98 256 128 25 191 224 303 235 237 143 91 80 242 237 85 211 198 164 158 244 264 172 81 134 31 223 97 108 193 76 187 147 94 213 102 106 251 171 116 232 181 208 191 124 141 130 46 202 214 64 215 108 228 32 58 60 240 93 300 144 232 57 156 177 64 99 25 97 234 165 178 146 78 118 222 63 109 210 215 299 80 116 147 169 207
 357 250 295 264 214 238 139 216 111 231 107 197 17 162 162 152 291 215 292 244 380 286 152 1 324 389 329 320 162 251 248 198 422 341 112 83 253 162 133 130 195 274 304 227 392 180 158 162 151 125 101 170 305 417 339 260 252 156 370 290 136 364 162 274 21 369 61 278 233 309 93 266 284 118 199 145 79 270 220 380 295 219 230 267 88 340 45 97 49 135 77 176 213 85 203 326 160 251 353 232 244 264 208 225 425 211 89 217 253 86 281 109 264 43 127 417 70 347 45 222 243 104 267 177 66 112 107 220 313 206 133 169 178 68 184 267 338 348 152 315 200 204 242 314 167 369 352 179 27 193 360 56 353 399 15 249 358 153 150 136 349 315 352 179 32 213 228 347 122 220 361 241 312 297 244 360 89 225 240 168 284 238 56 308 169 312 248 110 284 174 206 125 148 132 82 71 241 62 269 255 281 197 297 292 94 140 79 326 183 109 99 161 137 340 283 346 201 273 29 126 60 142 142 334 293 244 71 94 184 142 204 247 349 204 339 221 124 243 25 89
 200 255 165 175 119 129 409 243 230 288 306 128 310 163 217 216 101 143 81 112 71 209 218 324 1 144 6 154 248 128 299 270 189 81 223 281 378 166 201 228 255 103 22 187 121 365 199 181 180 308 271 192 250 185 102 218 144 169 170 115 304 132 163 272 335 54 323 88 167 17 324 135 89 213 203 228 258 155 350 134 210 228 101 127 237 42 352 258 333 193 354 166 160 240 183 117 180 288 184 189 82 112 274 101 174 272 370 109 319 245 227 383 108 364 198 164 334 31 348 371 93 272 286 148 344 224 341 131 113 201 198 158 164 334 360 142 202 159 329 82 332 371 102 33 182 188 30 167 347 352 132 370 119 173 337 198 39 180 240 254 60 199 38 270 332 273 166 25 335 138 181 127 149 271 195 50 278 153 313 188 95 137 304 32 159 55 77 309 77 151 121 357 218 198 380 304 143 324 240 309 164 197 34 63 268 281 315 21 207 224 236 295 187 154 110 31 168 64 352 281 294 242 313 19 72 376 350 288 327 289 160 256 107 205 155 238 206 82 326 322
 342 213 307 314 232 152 502 373 279 255 331 220 380 241 331 244 244 267 106 148 94 350 245 389 144 1 142 81 257 263 258 256 46 221 313 322 343 235 296 265 244 117 157 177 35 360 233 228 241 413 305 222 177 41 55 175 140 244 47 257 412 269 239 217 393 110 366 227 299 143 353 274 111 272 206 338 312 294 326 12 351 358 174 123 308 103 426 352 413 282 440 214 178 311 193 64 230 245 326 174 175 249 254 186 38 251 456 208 276 329 169 473 127 431 279 30 421 159 399 348 160 371 235 230 428 315 365 254 256 200 258 228 212 374 352 281 106 58 334 84 315 356 229 176 223 329 135 211 406 341 271 442 258 31 403 168 157 279 259 362 86 342 114 390 385 250 166 147 437 170 66 259 86 202 331 174 372 166 276 223 236 152 351 126 227 104 174 333 217 236 199 457 327 288 461 393 276 410 189 265 122 204 170 204 307 391 351 163 219 281 291 410 268 296 107 119 190 140 415 301 342 264 322 157 110 344 390 321 317 399 187 216 45 331 297 215 295 183 399 416
 201 257 168 179 125 133 414 248 235 291 311 133 316 169 222 220 105 148 83 115 66 213 223 329 6 142 1 154 253 132 302 274 187 82 228 286 382 171 207 233 258 106 27 190 117 369 203 186 185 313 276 197 252 182 102 221 147 174 169 118 310 132 168 275 340 49 328 92 171 22 329 139 92 218 207 233 263 158 354 132 213 232 106 129 242 40 357 263 338 198 359 171 164 245 187 117 185 291 186 193 87 116 277 106 171 276 375 114 322 251 229 389 111 369 204 161 339 27 353 375 97 277 289 154 349 229 345 136 116 205 203 164 169 339 364 146 202 159 334 83 336 375 107 36 186 189 24 171 352 357 133 375 120 171 342 201 35 186 245 259 57 202 34 275 337 277 169 20 340 142 180 132 150 273 199 47 284 157 316 193 99 141 310 35 164 56 83 314 81 156 126 362 223 203 385 309 147 330 243 312 166 201 39 67 273 286 320 22 211 230 241 300 193 155 112 27 172 68 357 286 299 246 318 18 74 379 355 292 331 294 164 259 106 209 156 241 211 87 331 328
 345 134 298 296 198 91 441 340 209 176 254 176 312 186 288 170 237 236 79 96 139 335 171 320 154 81 154 1 179 243 180 175 105 233 258 248 265 177 244 192 164 70 156 99 103 280 162 162 179 360 230 150 106 99 62 95 70 188 52 250 362 283 184 141 322 146 291 217 274 144 276 258 75 207 128 291 242 279 246 77 339 327 130 61 244 122 360 296 349 228 377 150 108 247 118 40 164 167 331 95 142 234 173 146 112 170 393 170 199 269 92 411 76 361 222 107 359 179 325 268 120 317 158 178 365 260 287 225 256 122 194 171 148 298 272 265 49 30 254 72 235 276 205 181 155 337 160 146 335 260 284 374 270 82 333 87 182 230 182 314 112 335 140 349 313 170 92 168 382 107 45 236 9 130 307 198 316 96 197 153 227 86 278 124 169 99 144 255 209 186 151 400 281 234 396 333 253 348 111 188 43 128 166 199 233 343 275 173 142 214 222 364 211 300 57 142 120 115 345 223 269 188 243 171 88 266 314 246 237 351 118 137 65 298 301 135 240 152 333 358
 371 89 308 287 189 124 298 286 73 79 76 155 161 126 218 41 271 217 184 139 280 323 39 162 248 257 253 179 1 246 98 45 282 301 159 81 146 114 162 50 36 160 235 82 271 117 58 81 97 248 62 59 144 277 218 101 123 121 228 277 255 342 124 114 158 277 118 250 254 232 99 266 174 92 53 211 93 281 112 251 331 279 151 142 120 245 206 186 204 147 234 91 92 121 70 198 83 97 361 85 175 250 54 159 290 56 248 169 110 152 122 268 151 200 130 284 220 277 154 129 157 207 110 135 221 162 109 212 296 59 92 116 92 123 112 271 185 207 83 202 90 125 216 256 75 374 272 88 170 107 340 216 329 260 174 96 287 165 17 222 247 341 262 270 146 58 94 272 260 112 215 235 173 136 281 296 198 101 98 66 260 118 110 222 113 212 180 77 249 140 142 272 205 151 243 203 246 209 108 107 137 56 235 250 69 245 100 260 43 87 85 270 129 337 163 259 82 186 182 46 104 25 68 265 190 140 139 73 82 251 90 86 227 252 337 60 150 181 182 229
 126 293 63 54 59 172 302 117 194 312 276 94 235 123 105 206 44 37 168 157 198 93 209 251 128 263 132 243 246 1 328 284 308 99 140 240 391 134 119 206 268 174 109 223 244 353 189 167 151 197 238 191 313 303 212 267 197 128 276 40 191 114 124 318 267 180 273 43 40 123 286 21 169 170 222 121 209 39 357 252 97 101 121 191 174 166 266 163 243 122 257 159 186 177 203 217 164 321 116 228 103 19 291 106 296 291 271 85 346 166 285 281 171 284 137 286 238 133 286 374 128 170 326 113 250 139 305 36 63 224 162 131 158 285 350 26 289 260 314 184 335 367 39 100 173 130 152 163 277 348 110 285 103 288 262 244 144 101 232 144 183 99 165 148 269 292 203 141 225 166 282 12 236 326 69 136 181 187 336 183 41 181 253 138 134 160 100 280 53 108 114 247 112 123 286 209 17 231 290 339 232 215 96 68 232 167 273 116 216 182 193 176 130 95 187 158 185 130 277 261 244 229 297 125 160 386 299 252 325 174 178 293 220 81 94 266 130 93 244 221
 451 47 391 374 270 173 385 380 170 19 144 235 250 214 313 133 345 303 222 191 311 412 131 248 299 258 302 180 98 328 1 54 268 366 255 167 86 201 257 147 65 198 291 114 282 119 146 167 187 344 151 141 91 263 236 87 157 210 217 353 351 412 212 46 239 313 193 323 342 284 164 348 212 188 107 306 187 365 72 255 418 373 217 175 217 283 291 283 293 241 323 172 147 217 127 213 169 14 440 111 241 329 44 229 283 43 336 246 21 249 90 355 192 280 225 280 311 329 228 94 217 303 29 219 311 258 163 296 370 106 186 201 172 193 110 353 160 202 113 232 70 106 294 315 158 451 317 166 249 96 410 298 398 249 258 103 336 257 114 319 279 425 302 366 225 41 136 320 354 170 199 318 177 69 371 348 294 150 19 149 334 164 192 269 198 252 246 142 320 226 216 365 300 245 328 296 330 300 70 12 146 114 295 317 159 341 174 315 114 184 181 366 222 413 194 301 145 238 263 123 189 122 113 317 230 87 204 155 81 348 153 45 242 344 413 65 245 249 270 322
 408 57 346 327 226 142 336 329 117 36 100 191 199 165 261 82 304 256 199 160 293 364 79 198 270 256 274 175 45 284 54 1 274 330 203 117 111 153 205 94 17 174 259 87 274 105 97 119 137 291 99 94 115 269 224 84 133 161 220 311 298 374 163 77 191 292 147 283 294 255 122 303 189 135 68 254 135 319 81 251 371 322 179 153 164 260 242 229 242 190 272 126 112 164 89 202 121 55 397 87 203 286 11 189 285 14 286 203 67 195 99 306 166 233 173 281 260 300 183 102 182 250 70 172 260 206 125 250 329 70 135 154 126 150 98 308 169 201 82 213 64 104 251 282 111 409 291 121 202 87 372 251 360 253 209 89 308 207 61 266 260 379 279 313 178 16 107 293 302 135 205 272 171 102 322 319 241 118 55 102 293 134 144 241 151 228 209 98 281 179 174 313 248 194 279 244 284 249 81 64 135 75 261 280 108 288 128 284 69 131 128 313 171 372 174 277 106 208 216 73 139 68 75 288 206 107 163 106 63 295 114 53 231 294 372 41 193 211 220 270
 386 226 352 359 276 188 540 417 312 268 357 262 414 280 373 274 289 311 148 187 134 395 275 422 189 46 187 105 282 308 268 274 1 264 353 352 351 274 337 296 264 156 202 202 73 377 265 263 278 453 334 253 180 7 98 191 171 283 55 302 454 312 278 224 425 151 395 272 344 188 380 319 152 308 232 380 345 339 338 57 396 403 215 157 344 148 462 392 450 322 477 250 210 347 222 101 265 255 370 199 218 294 270 229 25 267 493 251 284 367 180 511 165 464 318 31 459 202 429 360 202 411 242 270 465 355 390 299 301 226 294 267 248 402 369 326 109 76 354 128 330 370 273 221 257 372 178 246 438 356 314 477 301 24 436 188 199 320 285 404 130 387 157 433 417 267 196 190 477 205 70 304 112 205 375 216 412 198 286 256 281 186 382 171 265 148 218 358 262 277 240 497 369 328 497 431 321 447 200 273 146 232 215 249 337 433 379 207 246 316 324 452 307 340 144 163 222 184 448 327 373 292 344 201 153 353 418 350 334 441 220 229 89 375 341 234 334 226 434 455
 123 323 104 126 129 194 400 206 266 352 347 155 326 192 203 264 56 131 157 176 134 151 267 341 81 221 82 233 301 99 366 330 264 1 231 316 440 200 209 271 315 176 79 253 193 416 246 225 217 295 310 243 326 260 182 289 214 198 249 65 289 52 193 344 356 116 354 64 134 90 362 93 164 245 263 218 288 106 410 211 149 191 152 199 259 120 361 259 339 207 354 212 220 261 242 197 224 356 107 256 128 82 335 144 246 334 369 137 385 257 301 379 179 377 219 237 335 63 373 429 150 268 356 178 346 231 380 123 49 262 232 194 211 366 412 98 281 239 378 162 389 426 100 54 229 109 87 215 366 407 52 380 39 250 353 268 68 189 290 242 136 132 108 243 356 335 231 75 323 197 261 106 228 345 153 53 278 216 377 237 60 203 334 110 196 135 123 351 58 177 162 345 210 210 383 305 114 327 312 376 239 257 73 54 305 265 350 61 263 257 269 272 209 78 185 102 225 130 368 327 325 290 361 65 148 437 381 326 382 271 217 324 186 176 79 302 218 121 337 318
 251 237 187 158 107 168 191 131 87 237 155 98 96 74 64 125 180 104 209 167 285 185 127 112 223 313 228 258 159 140 255 203 353 231 1 117 294 81 23 110 192 198 202 186 309 239 117 104 83 104 122 127 280 347 260 230 190 71 306 179 107 253 75 264 128 272 139 168 125 209 159 156 203 69 166 53 84 161 259 303 194 128 141 199 45 245 132 40 111 32 133 111 156 46 158 252 101 254 245 192 147 154 212 131 350 214 149 116 269 27 251 164 189 147 38 341 113 242 148 270 155 60 265 84 122 4 178 109 202 172 74 88 113 151 239 157 289 284 201 232 236 258 133 209 113 261 251 117 138 241 249 150 242 330 123 211 254 44 143 65 258 211 255 111 131 216 176 244 126 152 302 130 250 282 141 254 60 166 256 120 173 173 120 212 90 222 151 160 175 78 116 145 49 27 158 83 130 103 246 265 226 161 193 184 114 90 144 222 152 73 78 115 48 230 209 248 147 181 138 152 113 136 185 230 207 287 163 131 222 98 145 235 270 104 230 205 19 144 107 104
 360 168 296 269 190 174 220 245 52 150 40 162 83 125 180 79 274 205 234 185 327 300 78 83 281 322 286 248 81 240 167 117 352 316 117 1 185 119 130 58 113 212 263 152 330 124 90 103 102 183 20 101 223 346 276 180 183 119 298 277 192 349 124 192 78 320 45 257 235 265 47 259 224 73 122 167 34 269 150 314 308 243 181 200 72 288 127 129 127 121 157 118 145 71 130 260 102 170 353 156 200 249 127 181 357 129 170 181 175 98 201 190 203 120 105 350 145 308 78 158 192 147 185 139 144 119 66 205 299 129 85 125 120 55 124 262 261 276 87 255 128 144 220 279 104 368 308 119 91 128 346 137 336 328 95 171 318 142 70 170 295 324 303 219 67 131 157 305 190 158 287 229 241 215 256 323 135 157 162 101 265 172 31 260 124 258 205 45 260 140 161 199 165 122 164 132 235 134 187 175 207 121 259 264 15 187 35 288 107 61 49 211 111 334 219 299 133 223 103 46 24 63 72 294 237 177 71 16 113 192 138 165 286 220 333 140 117 203 104 157
 516 132 453 432 333 250 385 424 210 93 150 299 260 270 357 186 414 361 304 268 394 467 183 253 378 343 382 265 146 391 86 111 351 440 294 185 1 258 302 191 127 279 368 192 367 78 203 225 242 367 174 202 172 347 321 172 237 266 301 420 376 484 269 128 238 396 192 392 398 363 160 411 294 232 178 346 215 426 36 340 475 419 289 256 251 365 292 313 301 288 328 234 221 251 199 298 228 99 505 191 313 394 106 299 367 107 338 312 68 281 175 357 272 275 271 365 321 408 220 33 292 331 110 279 317 297 149 357 439 179 235 261 235 187 72 415 243 287 102 315 59 53 360 391 219 518 398 230 245 61 482 294 470 333 259 186 416 307 161 353 363 485 384 402 224 106 214 400 371 244 283 380 262 148 425 427 319 227 69 210 402 242 200 349 258 333 318 145 391 285 284 376 342 291 326 314 391 312 155 79 230 184 370 389 184 371 175 393 178 224 217 396 271 480 277 382 216 316 259 144 201 165 114 396 312 10 192 170 73 376 224 130 327 393 480 142 289 321 277 337
 258 172 195 175 78 88 268 184 67 184 149 45 150 14 121 73 162 104 134 88 219 212 76 162 166 235 171 177 114 134 201 153 274 200 81 119 258 1 70 74 138 119 147 111 234 221 57 35 18 184 111 62 207 268 183 157 110 12 226 166 186 235 12 199 171 209 159 142 142 150 163 154 127 48 99 120 93 168 225 226 219 175 69 119 76 179 195 120 180 53 205 34 78 79 85 174 33 196 249 117 84 139 161 65 272 161 222 64 217 94 178 239 110 203 45 264 187 191 183 241 82 140 203 23 194 84 181 99 186 102 34 9 35 170 218 158 210 204 182 156 203 234 106 162 44 262 194 40 183 216 233 212 222 250 175 136 202 61 99 140 189 228 192 180 167 163 98 189 206 71 221 123 169 213 171 206 140 86 207 53 151 92 140 148 9 151 89 153 144 27 46 224 111 59 228 159 133 176 177 212 146 92 142 147 107 168 153 171 89 60 72 191 35 226 130 186 70 112 189 130 130 96 165 178 134 253 186 127 192 176 66 171 193 146 225 142 64 86 168 182
 233 235 169 141 85 155 210 124 93 239 168 78 118 60 57 125 159 83 191 151 264 171 128 133 201 296 207 244 162 119 257 205 337 209 23 130 302 70 1 114 193 182 180 178 290 250 115 98 76 118 133 123 274 331 242 224 178 59 291 158 119 232 62 262 149 251 157 146 107 188 174 135 186 72 162 52 97 142 267 286 179 119 123 185 59 225 154 58 133 18 154 102 147 61 152 236 95 254 227 185 128 132 215 112 333 216 170 95 271 49 245 184 173 169 33 324 134 220 169 279 137 76 264 68 144 24 193 87 181 167 72 75 103 169 250 137 278 270 212 214 244 268 111 187 107 242 230 108 159 251 228 173 220 314 145 204 232 22 146 72 238 195 234 113 151 218 167 223 142 139 288 109 236 278 127 231 79 155 259 115 151 160 137 192 77 203 131 173 152 61 98 162 44 13 180 104 110 124 242 267 215 156 171 162 125 100 159 200 149 79 87 122 38 210 194 227 138 162 160 161 129 140 195 208 189 295 182 144 231 108 135 233 252 92 210 203 14 124 130 124
 329 132 266 243 150 117 260 237 25 128 79 118 125 84 169 24 234 174 177 128 271 278 24 130 228 265 233 192 50 206 147 94 296 271 110 58 191 74 114 1 83 155 212 99 272 149 33 49 56 202 44 44 181 290 219 134 126 78 243 239 208 308 83 159 131 264 103 214 209 212 97 225 167 43 71 161 53 239 156 257 285 231 128 143 72 233 172 138 165 99 195 63 88 73 75 203 49 145 320 104 149 212 103 131 300 105 210 135 160 104 156 229 145 171 82 293 179 256 135 170 137 159 157 96 182 113 113 171 259 78 46 78 65 112 146 229 209 221 110 197 133 162 179 230 48 334 254 63 144 144 305 185 294 273 143 121 266 118 34 173 239 297 248 220 122 107 101 252 215 101 233 194 185 179 235 273 151 100 147 44 224 115 87 205 76 201 154 83 216 99 111 229 156 102 209 159 203 168 146 156 152 68 209 218 44 196 90 237 55 38 38 221 82 298 162 244 76 168 154 57 78 27 93 243 180 184 128 61 121 203 80 130 228 204 298 100 101 153 146 185
 393 56 331 312 210 127 332 316 107 47 101 175 195 151 249 69 289 241 184 144 278 349 67 195 255 244 258 164 36 268 65 17 264 315 192 113 127 138 193 83 1 159 244 73 261 118 82 104 124 283 95 79 113 259 210 76 118 147 210 296 289 358 149 80 189 277 148 267 280 239 124 288 174 124 52 242 127 305 97 239 356 309 163 138 154 246 239 220 238 177 268 111 96 155 74 189 107 63 382 73 188 270 23 173 275 24 282 188 80 186 94 301 151 232 161 270 254 284 184 117 167 241 76 158 255 195 130 235 314 55 122 139 111 151 111 293 162 191 91 199 79 119 235 266 96 394 276 106 201 101 356 249 344 242 207 77 293 193 51 255 246 365 264 302 177 26 92 278 295 119 195 257 159 103 308 303 233 103 69 87 278 119 142 226 136 213 193 101 265 164 159 307 236 181 277 237 269 243 77 75 123 59 245 264 103 278 129 268 53 120 119 303 158 356 159 262 90 192 214 73 136 59 82 272 191 123 165 104 76 285 99 52 218 281 356 32 181 195 215 263
 282 153 231 227 129 39 386 271 166 187 228 109 265 125 221 137 172 167 26 32 121 267 138 274 103 117 106 70 160 174 198 174 156 176 198 212 279 119 182 155 159 1 99 88 119 274 123 114 125 298 198 113 150 150 66 116 43 128 111 184 299 226 123 170 280 119 257 150 205 89 249 190 16 157 110 226 198 211 253 108 270 258 62 24 192 88 311 237 297 167 323 99 70 195 91 56 115 187 267 89 73 166 176 77 154 174 340 101 218 212 126 357 11 316 163 146 305 132 288 274 50 256 184 115 312 200 263 155 193 106 143 112 97 266 268 197 116 91 241 44 237 277 136 124 110 275 120 97 293 259 226 327 212 133 288 96 139 166 156 250 88 268 106 282 273 174 68 124 322 56 112 167 63 169 238 152 257 60 212 112 161 43 240 72 111 55 75 231 144 122 85 341 216 173 345 277 184 294 138 208 64 105 106 135 198 279 244 121 118 167 177 299 152 238 14 104 82 49 301 200 231 160 227 122 34 277 282 214 234 287 76 154 76 229 238 138 179 83 284 300
 191 248 151 158 98 119 387 224 212 279 290 108 290 144 196 201 87 123 80 101 91 194 203 304 22 157 27 156 235 109 291 259 202 79 202 263 368 147 180 212 244 99 1 178 136 351 183 164 162 287 254 178 248 198 111 212 137 150 178 101 283 129 144 267 315 75 305 71 148 15 307 118 86 194 192 207 239 138 339 147 195 209 85 122 217 58 331 237 312 172 333 150 148 220 171 123 164 281 176 181 64 94 263 83 189 262 349 88 311 225 224 362 101 344 178 179 313 45 329 359 79 251 280 129 323 203 324 111 103 190 180 140 148 316 346 125 205 166 315 87 320 358 82 26 166 182 51 151 327 340 129 350 115 185 317 191 56 159 226 233 75 186 58 249 313 263 156 44 314 126 188 108 151 267 177 62 257 143 304 173 79 128 286 34 141 60 59 293 61 131 103 336 197 177 359 283 124 304 235 301 161 186 14 47 251 260 298 26 194 206 218 274 167 146 108 51 155 54 332 266 276 227 299 32 70 365 332 271 315 268 147 249 117 185 146 229 185 62 306 301
