NAME : domp280p93v5
COMMENT : (Deleplanque et al.) 
TYPE : DOMP
DIMENSION : 280
DISPLAY_DATA_TYPE: NO_DISPLAY
OPEN_FACILITIES : 93
COST_SECTION
 1 160 146 229 213 302 258 115 150 54 332 74 80 151 32 307 57 54 286 160 210 197 48 212 137 194 246 246 195 195 277 268 273 188 231 212 67 216 188 128 246 142 162 175 143 174 177 175 339 93 230 203 236 203 301 117 168 225 235 286 130 322 149 188 212 172 214 50 179 71 236 126 323 190 42 156 365 194 328 280 154 65 329 213 314 109 120 42 139 83 37 102 202 271 219 109 347 222 208 306 57 253 175 319 137 159 204 60 171 150 168 256 286 44 87 292 183 71 29 185 148 65 85 170 177 262 81 257 118 181 171 189 201 165 42 157 86 111 333 76 214 169 242 288 68 319 145 152 73 194 55 266 283 105 128 253 130 144 38 167 291 282 329 152 245 123 319 171 275 147 208 165 49 139 70 133 148 182 201 109 173 61 204 302 118 117 143 69 117 141 90 173 225 252 189 116 166 75 73 288 141 234 113 293 296 212 136 241 142 100 336 233 291 146 197 293 40 216 290 80 172 94 76 84 293 98 243 248 231 196 138 234 145 91 245 20 86 267 251 245 48 163 312 180 30 232 223 63 211 220 227 289 334 76 115 20 57 72 192 214 81 305 289 318 50 36 156 234 136 233 58 124 54 147 324 148 280 189 23 75
 160 1 262 73 222 192 171 243 146 212 199 123 112 28 129 197 171 145 133 256 97 268 144 215 71 56 87 177 208 118 119 112 158 254 76 54 104 104 64 183 148 157 44 156 237 250 193 226 233 72 128 275 148 92 159 195 20 81 155 147 269 191 251 310 231 17 208 207 250 207 188 101 238 265 190 233 228 292 222 156 125 206 202 106 177 230 229 141 171 139 196 71 225 120 98 109 205 72 154 147 173 208 153 196 275 211 135 207 256 244 176 100 127 151 235 163 256 160 186 234 205 131 241 69 257 122 239 134 213 253 250 229 180 63 139 67 239 244 228 235 287 186 161 138 178 203 244 223 166 103 108 120 125 222 227 125 234 208 127 241 137 172 218 264 166 146 223 228 140 68 201 251 119 257 225 246 242 79 132 245 157 215 116 168 81 152 173 134 65 200 74 175 88 214 65 119 282 212 90 177 266 167 92 163 180 234 224 83 132 224 244 75 218 120 118 142 121 69 144 82 153 245 234 171 135 107 162 132 73 163 145 107 84 149 87 173 204 153 135 189 172 200 196 221 182 81 65 220 73 103 73 187 224 228 103 171 111 98 127 57 240 151 149 195 201 193 232 164 155 124 191 215 135 62 201 143 219 49 140 231
 146 262 1 316 156 322 271 222 294 124 456 217 221 241 165 328 196 199 394 35 339 325 193 163 204 270 337 246 338 333 361 372 404 84 315 313 203 263 256 270 382 137 282 320 40 67 321 313 349 217 265 330 373 256 420 75 278 296 374 406 46 447 268 49 354 278 359 116 76 76 380 265 316 317 163 64 488 55 340 408 297 181 362 344 436 38 241 187 120 228 138 230 137 343 345 159 466 301 213 397 194 230 319 350 44 298 343 91 55 39 144 338 376 121 180 418 312 214 148 322 287 209 102 298 304 321 140 301 53 75 300 328 346 292 186 222 166 41 343 137 340 134 381 399 89 451 266 71 214 236 186 381 383 43 41 378 252 281 153 68 365 415 346 10 385 133 323 308 326 277 170 290 187 249 100 248 40 240 340 46 317 156 340 425 252 261 121 214 199 280 213 318 290 223 311 154 22 190 182 314 17 375 250 336 324 353 266 328 159 216 333 335 280 173 334 404 171 329 352 191 171 84 145 92 388 239 255 378 333 340 283 359 201 235 331 127 212 398 381 388 104 113 336 320 118 310 325 145 329 347 310 305 348 164 167 127 161 169 331 304 122 378 343 447 102 145 65 240 281 272 89 55 198 218 354 292 262 305 150 153
 229 73 316 1 243 151 148 314 205 281 175 195 183 81 199 153 242 217 92 304 120 332 216 234 113 49 22 166 263 157 49 66 160 292 9 36 175 86 65 250 165 193 98 209 286 292 251 288 189 144 107 340 172 82 132 244 74 37 183 126 330 172 320 363 285 66 258 275 290 270 225 166 207 330 261 277 198 338 178 149 182 278 146 130 153 288 300 212 210 209 265 142 251 51 113 158 172 22 158 82 245 204 206 143 335 274 173 272 300 292 204 29 61 215 306 150 321 232 256 296 271 202 309 116 323 66 309 93 265 293 316 290 228 113 211 96 310 304 185 305 351 216 186 101 238 196 314 266 237 104 179 96 71 279 278 124 304 274 195 284 66 175 171 317 191 189 186 291 86 127 218 319 190 327 292 317 291 86 171 305 211 286 150 149 148 218 211 205 121 266 146 232 50 213 97 164 335 284 158 137 323 199 159 109 135 289 292 12 167 295 207 41 197 152 156 103 191 70 78 150 175 310 304 227 73 176 147 140 41 210 207 113 118 218 16 241 276 157 142 222 235 235 149 282 250 21 38 290 83 120 12 151 178 299 150 239 177 163 169 17 309 80 88 182 267 263 276 156 218 99 254 265 207 100 148 202 204 78 209 302
 213 222 156 243 1 186 137 324 326 230 412 256 253 195 208 191 267 254 333 124 318 406 248 11 153 197 263 108 385 331 276 307 379 81 237 257 230 163 180 329 369 77 261 347 117 93 367 379 204 221 151 413 366 163 370 106 242 210 372 361 197 407 360 184 406 237 397 220 86 178 396 282 166 400 250 93 439 138 198 375 316 274 231 326 390 158 331 239 75 275 231 235 20 248 319 129 413 222 90 314 267 80 345 218 197 362 347 195 107 118 51 254 295 169 288 381 392 275 234 388 352 254 229 284 388 217 259 187 122 88 382 390 375 277 238 158 279 178 198 254 424 46 378 342 152 424 356 87 279 140 214 331 312 151 124 345 341 349 189 90 268 393 205 150 383 96 178 376 214 271 26 376 225 350 217 344 117 158 343 182 346 259 333 384 261 307 71 260 167 345 218 356 199 71 285 117 162 284 190 182 171 381 265 215 193 407 346 251 94 310 183 276 130 104 331 344 208 286 246 194 71 216 260 132 310 265 124 353 275 362 318 328 140 286 253 204 298 374 357 400 171 53 202 381 202 228 267 253 293 324 232 168 206 272 131 202 180 175 336 236 244 277 231 413 201 236 92 108 322 161 175 115 247 161 221 323 111 270 199 265
 302 192 322 151 186 1 52 410 337 344 311 300 290 177 279 7 337 314 226 296 269 455 311 176 168 138 162 79 399 302 151 203 308 263 142 184 274 92 131 369 315 189 233 347 283 271 385 415 41 246 73 463 321 106 270 251 206 119 331 268 353 311 429 360 422 197 399 335 265 309 372 292 62 452 341 263 327 319 30 295 317 363 47 278 290 308 404 304 204 319 335 253 203 117 263 195 300 134 110 180 339 111 344 35 356 399 319 319 283 287 179 139 170 268 388 295 442 334 330 424 393 304 359 256 442 87 376 60 274 268 435 420 370 252 303 150 386 329 37 370 475 190 336 237 274 341 423 254 339 109 268 240 198 299 283 273 411 394 265 265 126 323 28 318 341 200 38 416 69 259 163 434 281 429 343 420 286 126 316 332 348 361 297 291 270 339 203 309 191 387 246 367 108 122 242 191 334 372 238 16 334 347 280 51 18 425 405 151 172 391 58 190 71 162 301 236 273 219 96 235 153 353 373 255 186 292 68 289 190 352 336 263 158 330 150 304 373 305 292 370 283 212 17 411 309 131 188 361 232 269 141 19 34 376 189 302 247 233 313 158 368 128 78 325 320 335 262 83 344 73 297 270 304 161 36 334 89 222 281 374
 258 171 271 148 137 52 1 369 311 298 320 266 257 150 238 58 298 277 235 245 258 423 273 127 130 120 164 30 374 286 164 209 306 212 140 177 238 68 108 338 307 138 214 324 232 220 359 385 83 213 44 431 311 80 278 201 187 112 320 272 302 318 393 309 397 178 377 288 214 260 357 265 70 419 299 212 340 268 73 296 293 322 95 267 298 258 366 265 153 285 290 222 154 131 254 150 313 128 59 199 300 68 322 83 305 369 303 272 232 236 128 146 184 222 345 298 410 297 286 394 361 268 312 238 409 97 330 63 224 217 402 392 349 233 264 116 342 278 77 324 443 139 325 245 226 343 387 203 302 72 230 243 209 249 232 270 374 362 223 214 146 321 77 267 330 151 62 385 86 236 113 400 243 390 296 382 234 95 300 282 325 317 283 296 242 308 152 274 154 355 212 342 99 79 228 145 283 331 199 46 283 334 251 81 57 400 370 152 124 352 80 188 50 115 286 245 233 212 119 198 102 304 328 206 200 261 17 284 188 333 308 257 119 296 153 259 334 302 287 356 236 161 67 383 264 128 183 316 223 260 137 35 80 332 145 257 205 192 296 150 321 153 102 329 273 291 211 32 316 51 249 219 266 127 86 308 58 208 238 329
 115 243 222 314 324 410 369 1 151 101 370 121 133 244 132 415 75 99 347 247 253 109 101 324 243 289 326 359 157 221 359 336 303 286 318 289 142 320 287 96 270 256 226 172 236 270 145 114 448 173 338 112 255 307 349 222 243 319 248 333 186 357 49 251 162 250 183 110 277 156 228 162 436 100 75 255 402 276 437 316 171 51 433 251 357 191 31 107 252 108 94 173 311 362 264 222 391 313 321 382 72 367 173 424 193 106 221 138 264 241 281 342 363 157 43 329 97 84 91 120 97 113 122 221 88 359 84 361 215 278 86 130 187 219 109 261 58 182 443 87 120 281 254 346 173 342 49 254 79 302 144 321 352 192 222 295 39 88 148 265 379 307 437 230 256 236 430 106 374 200 321 74 130 29 123 28 240 286 220 177 169 68 233 342 171 115 255 110 220 93 172 154 322 366 245 230 239 41 173 396 211 239 161 395 402 159 61 325 256 20 447 305 404 259 223 352 138 279 384 177 286 141 78 193 367 142 355 283 303 192 140 280 253 102 329 121 40 297 286 240 154 273 418 125 123 322 297 78 270 262 315 398 442 59 227 123 165 178 212 298 103 393 386 348 128 89 255 346 130 339 153 222 110 250 429 151 394 253 133 70
 150 146 294 205 326 337 311 151 1 188 220 78 77 162 132 341 109 98 209 305 110 129 103 322 188 200 209 313 64 73 241 205 153 325 211 172 99 247 207 59 120 250 108 27 287 314 49 85 377 107 270 137 105 234 203 253 135 224 98 187 277 207 134 337 87 144 72 190 318 220 88 48 380 129 146 296 253 341 366 167 25 144 345 106 209 257 125 109 256 68 168 94 321 255 122 198 242 212 282 254 112 337 26 340 285 73 71 208 314 294 276 231 239 179 169 180 120 89 156 92 72 86 222 91 124 264 198 279 261 320 117 86 53 93 109 198 182 260 373 196 148 282 105 206 211 192 127 289 91 240 117 181 221 253 273 149 124 78 148 306 267 156 362 300 106 231 367 89 283 80 312 123 111 150 211 139 293 218 69 258 24 168 85 194 70 39 259 82 167 70 109 32 232 340 114 210 315 142 137 322 290 92 63 306 324 90 104 212 235 135 387 182 357 229 75 212 128 149 282 133 264 236 190 220 239 62 301 135 180 48 14 137 203 63 216 169 120 147 137 98 193 286 341 78 179 220 176 178 137 119 210 331 369 173 197 169 150 152 62 191 210 280 290 197 197 162 295 299 22 267 206 266 97 188 345 4 354 130 147 183
 54 212 124 281 230 344 298 101 188 1 383 118 127 202 85 350 80 93 338 148 260 202 89 232 184 244 298 282 222 242 329 321 321 187 283 265 118 262 237 152 293 170 214 213 136 171 206 192 379 145 274 207 282 250 353 126 221 275 279 337 94 371 145 159 235 225 245 12 178 57 275 172 360 194 43 156 416 177 369 330 197 58 374 262 365 92 118 86 162 121 21 154 216 322 269 150 398 273 244 358 78 283 213 364 102 178 249 38 164 141 192 308 338 77 61 342 189 101 34 200 167 108 36 220 181 310 33 303 116 179 177 208 237 216 86 205 50 84 373 27 217 190 286 340 80 367 144 155 100 238 107 317 335 93 122 303 129 160 88 166 342 330 371 132 289 152 358 186 322 197 231 167 100 128 26 126 141 229 246 80 211 34 251 352 167 151 165 111 166 160 142 206 274 281 240 154 142 67 125 331 114 276 161 339 339 234 143 293 176 93 373 285 325 184 243 346 93 268 340 132 204 50 32 101 346 144 282 297 283 235 175 285 190 125 297 42 90 315 300 285 64 179 355 200 35 283 275 24 263 270 279 330 375 44 157 44 106 121 237 266 29 356 337 367 30 27 156 271 170 278 56 124 98 195 368 186 312 241 73 36
 332 199 456 175 412 311 320 370 220 383 1 267 257 224 303 312 315 294 86 453 124 332 297 404 267 217 157 340 244 149 161 112 69 452 182 157 266 260 234 278 103 353 175 204 434 448 244 289 343 244 281 338 118 255 44 392 181 211 128 53 456 14 352 504 259 183 223 381 447 394 168 214 371 335 348 430 34 489 334 54 200 353 289 122 23 422 344 298 368 270 363 232 418 195 115 307 29 196 331 136 318 378 202 292 463 284 150 389 453 440 370 175 142 339 381 42 327 296 351 292 287 277 416 164 334 227 402 260 409 451 329 281 201 169 297 257 392 433 341 399 347 381 124 76 369 48 345 421 300 276 280 82 114 415 423 81 343 295 309 439 187 69 325 459 125 343 348 296 243 187 389 337 284 369 401 358 439 256 152 433 207 373 138 32 216 255 370 277 263 287 247 227 224 387 146 316 477 354 276 299 458 143 223 262 294 263 322 169 328 352 368 138 368 314 147 76 295 130 217 267 343 425 395 366 127 241 320 88 139 187 231 100 277 272 168 350 336 74 85 156 359 397 304 278 360 194 146 381 128 114 186 317 332 381 300 349 298 288 159 178 409 190 235 31 380 358 430 330 241 272 377 411 287 256 295 220 377 153 318 389
 74 123 217 195 256 300 266 121 78 118 267 1 13 127 55 306 51 28 232 228 145 159 31 254 136 172 206 261 131 125 239 218 205 249 199 169 29 209 172 75 176 181 107 104 210 237 113 125 340 55 229 167 164 196 240 177 123 202 162 224 203 256 131 261 151 130 147 118 242 144 164 55 335 155 81 219 300 263 329 214 81 90 318 146 251 180 107 34 184 20 98 53 250 242 155 132 284 194 226 262 54 279 102 310 210 108 132 133 237 217 207 222 244 102 119 226 146 38 86 134 99 11 153 107 144 242 136 247 184 244 137 135 130 104 34 152 127 184 335 133 179 212 169 232 133 250 124 213 43 195 43 208 234 176 196 188 113 98 72 230 259 212 327 223 172 161 325 124 258 84 245 135 34 134 140 124 215 176 129 182 102 107 134 237 54 51 187 12 113 92 55 105 205 281 130 143 238 93 71 286 214 161 46 280 291 152 106 205 170 102 344 186 306 167 126 238 52 162 266 70 201 164 128 143 248 27 253 181 184 124 67 171 149 32 209 93 82 198 184 173 115 213 307 126 103 203 177 115 154 155 196 291 333 116 133 93 77 83 120 179 144 273 269 250 122 93 219 248 68 229 129 189 22 140 315 76 300 135 70 123
 80 112 221 183 253 290 257 133 77 127 257 13 1 116 57 296 63 39 220 230 134 167 41 250 128 161 194 253 133 116 227 206 195 249 187 157 24 199 162 82 167 177 95 101 212 238 115 131 330 45 220 175 157 186 229 178 111 190 155 213 209 246 142 266 154 118 147 127 242 149 160 46 326 163 92 220 290 266 319 204 76 101 308 136 240 184 119 42 182 30 108 41 247 231 144 127 274 182 219 250 66 272 99 300 217 114 125 140 238 219 203 210 232 104 130 216 154 50 95 141 106 22 161 96 153 230 146 237 186 245 146 140 128 92 42 142 138 190 325 143 187 208 162 220 136 241 135 213 55 186 41 196 222 179 198 178 124 106 73 231 247 204 317 227 166 158 316 131 247 73 241 145 36 146 148 136 218 166 122 188 99 117 125 227 43 55 185 24 105 100 46 105 194 274 118 138 243 105 65 276 219 155 35 269 280 155 116 193 164 114 335 174 298 161 118 226 53 150 254 63 195 172 139 144 236 19 244 171 172 121 67 160 141 41 197 99 94 189 174 168 119 211 297 131 110 191 165 125 143 144 184 281 323 128 128 99 75 79 113 167 153 261 258 241 129 102 220 240 70 219 134 190 31 131 305 74 293 123 73 134
 151 28 241 81 195 177 150 244 162 202 224 127 116 1 121 182 171 146 154 233 124 279 144 188 45 46 99 154 225 143 128 131 185 229 81 73 103 86 47 194 175 130 69 175 214 225 210 239 217 73 109 287 174 73 184 172 47 77 181 172 251 217 257 289 248 43 228 196 225 191 212 116 219 276 185 208 253 268 206 182 144 203 192 132 202 211 233 138 145 145 187 77 199 122 124 85 229 72 129 160 173 183 173 184 257 223 159 193 232 220 149 106 140 135 231 189 267 163 178 247 217 133 229 93 267 116 231 121 191 228 260 244 201 88 137 41 234 226 213 226 299 159 187 160 159 230 251 199 169 80 103 144 143 203 205 152 239 219 115 217 141 199 203 243 192 121 205 240 132 88 174 260 116 260 212 250 219 56 156 227 176 209 142 194 94 163 147 137 43 211 73 193 79 189 91 94 261 210 79 162 246 193 104 153 166 251 231 92 106 225 226 95 196 93 143 164 114 94 142 72 126 231 226 151 149 116 140 159 93 185 160 134 57 156 96 162 206 180 162 213 156 174 182 235 170 82 84 212 99 130 77 170 210 223 78 160 98 83 150 66 230 155 143 221 187 185 208 141 169 106 175 192 135 35 189 159 196 76 130 225
 32 129 165 199 208 279 238 132 132 85 303 55 57 121 1 284 63 47 255 174 181 200 41 207 112 165 215 228 184 170 246 237 245 195 201 181 39 190 160 122 220 134 131 157 156 184 166 172 317 62 207 207 210 178 271 123 137 196 210 256 156 293 159 210 203 141 201 80 188 94 216 101 305 194 65 165 336 210 306 252 133 86 303 185 285 128 131 32 135 70 67 72 200 242 189 92 317 192 191 275 64 240 156 294 163 155 180 87 183 163 160 226 255 48 112 263 186 68 58 181 145 49 116 140 182 234 111 231 130 190 175 184 184 135 31 132 113 135 311 107 218 163 217 257 80 292 154 159 72 171 24 235 252 123 142 223 140 142 20 176 261 255 306 170 221 114 298 169 248 118 200 171 23 154 100 146 162 157 177 134 155 89 177 272 90 104 138 55 91 138 59 159 197 240 159 101 186 95 44 265 163 211 87 267 272 203 141 210 128 115 316 202 273 129 171 262 9 185 261 50 159 123 106 89 262 75 223 219 200 177 121 205 121 80 214 48 98 239 223 224 63 162 288 175 58 202 192 92 181 191 197 267 311 103 96 46 34 47 167 183 112 275 261 290 78 65 165 216 122 209 78 135 40 121 299 130 264 158 17 104
 307 197 328 153 191 7 58 415 341 350 312 306 296 182 284 1 343 320 227 302 272 460 316 181 174 142 164 85 403 306 152 204 311 268 145 187 279 98 136 375 318 195 237 351 289 277 389 420 37 252 79 468 324 111 271 257 210 122 335 270 359 312 435 366 426 201 403 341 270 315 376 296 62 457 347 269 327 325 26 297 321 369 42 281 291 314 409 309 210 324 340 258 209 118 266 201 300 137 116 180 345 115 348 31 362 404 322 326 289 293 185 141 171 274 394 296 447 340 336 428 398 310 366 260 447 90 382 64 280 274 440 425 374 256 308 156 392 335 33 376 480 196 339 238 280 342 429 260 345 115 273 242 199 305 289 275 416 399 271 271 127 325 23 324 344 206 37 421 71 263 168 440 287 435 349 426 292 131 320 338 352 367 300 292 275 344 209 315 196 392 251 371 112 127 245 197 340 378 244 21 340 351 285 51 20 429 410 153 178 397 57 192 75 168 305 237 278 222 96 240 159 359 379 261 186 297 74 292 193 356 340 265 164 335 152 310 379 308 294 373 289 218 12 416 315 134 190 367 235 272 144 24 29 382 194 308 253 239 317 161 374 128 78 326 326 341 268 89 349 78 303 276 309 167 32 339 93 226 286 380
 57 171 196 242 267 337 298 75 109 80 315 51 63 171 63 343 1 26 282 213 193 141 28 266 170 215 255 290 144 169 288 269 251 244 246 218 68 247 214 75 220 194 157 134 198 230 127 120 376 100 265 148 207 234 289 173 172 246 203 273 172 303 97 235 159 179 166 84 235 122 196 101 366 135 38 212 348 247 365 261 121 40 359 194 299 160 69 34 193 46 62 101 257 289 204 153 333 240 253 312 4 301 134 350 180 104 174 106 226 204 220 270 293 99 68 274 127 22 50 129 93 42 114 157 122 285 90 287 173 237 116 134 157 154 36 188 78 158 371 88 159 222 210 282 124 294 92 208 20 230 70 258 284 158 183 237 78 88 81 223 307 257 364 203 213 174 359 115 301 135 260 110 57 93 105 85 203 213 171 155 132 60 180 285 104 72 196 41 147 86 99 126 249 302 180 163 216 43 100 323 189 199 95 321 329 158 81 253 189 56 377 236 335 191 171 288 67 212 311 104 221 130 82 140 298 76 284 228 234 156 97 220 181 47 257 72 37 244 231 207 104 218 345 125 79 249 227 70 205 203 242 326 370 68 157 73 95 107 162 226 101 321 313 296 95 55 212 277 91 266 111 179 37 177 355 108 326 186 69 76
 54 145 199 217 254 314 277 99 98 93 294 28 39 146 47 320 26 1 258 212 172 154 7 252 148 191 230 269 142 150 263 244 231 238 220 193 43 224 189 78 202 179 133 123 196 225 124 127 353 74 242 162 190 211 267 166 147 221 187 251 181 282 117 241 160 154 161 94 230 124 185 81 345 149 55 207 327 247 342 241 105 63 335 173 278 162 90 15 180 31 73 76 245 264 182 135 311 214 233 287 29 283 123 326 188 110 157 111 223 202 206 245 268 90 93 253 141 23 60 136 99 18 128 134 137 261 109 263 170 232 130 139 149 131 17 165 100 163 348 106 173 209 194 258 119 276 111 202 27 207 48 234 260 158 181 215 98 97 66 218 281 238 341 205 197 159 337 124 276 111 245 126 34 116 115 107 201 190 154 161 121 80 160 264 81 64 183 19 125 92 73 120 224 284 156 145 219 68 78 300 194 185 73 297 306 160 96 227 172 80 355 211 315 172 152 264 48 188 286 80 203 140 102 132 273 54 263 207 209 145 86 198 159 38 231 73 61 225 211 194 100 207 322 130 82 224 202 88 181 181 217 303 347 90 138 73 77 87 145 201 117 295 288 277 100 67 207 256 83 243 111 175 12 154 331 96 307 161 57 96
 286 133 394 92 333 226 235 347 209 338 86 232 220 154 255 227 282 258 1 387 101 336 259 324 195 138 73 255 253 141 76 27 97 379 99 82 222 177 155 265 119 280 127 202 368 377 247 290 259 194 196 343 132 173 45 325 120 127 145 46 401 86 341 442 273 118 239 335 376 339 192 186 286 336 310 361 107 421 250 79 185 320 207 106 65 363 326 258 295 241 320 186 341 110 89 238 81 113 249 59 285 294 200 208 407 281 151 337 384 374 293 90 59 282 350 74 327 266 309 296 281 242 370 127 332 141 362 175 345 380 326 287 211 130 257 182 357 376 257 358 353 305 145 12 310 118 334 351 271 195 232 31 29 355 358 71 327 287 256 369 104 109 241 396 149 273 263 296 158 149 309 332 240 353 353 342 372 176 151 377 205 335 129 67 179 236 297 243 196 278 197 227 140 303 103 246 414 324 220 214 398 163 188 177 209 277 311 85 254 328 283 61 282 240 139 12 247 72 133 212 265 375 356 303 46 207 236 90 63 194 217 76 204 246 84 301 310 97 91 183 303 323 220 281 311 110 71 342 79 93 103 231 248 346 231 300 242 230 154 99 366 109 151 101 330 316 360 246 228 187 322 345 249 183 212 208 291 99 268 352
 160 256 35 304 124 296 245 247 305 148 453 228 230 233 174 302 213 212 387 1 339 347 206 132 193 257 325 219 353 337 348 363 404 50 302 305 210 244 242 286 384 117 281 330 20 33 336 332 321 219 243 353 377 239 415 63 273 281 378 402 80 445 292 65 371 272 372 139 42 94 389 272 287 340 183 34 484 38 313 406 305 204 338 344 432 57 264 199 99 240 159 233 105 327 344 149 461 288 188 384 212 200 329 326 78 316 349 112 21 14 119 324 364 128 206 415 334 229 167 341 305 220 131 298 327 302 168 280 46 40 322 347 357 292 198 209 193 70 315 164 363 108 386 392 95 451 290 44 231 217 192 375 373 57 33 376 275 300 159 35 348 416 319 27 390 117 295 327 306 279 140 313 196 275 126 273 15 224 346 75 328 180 343 422 257 275 99 226 192 298 215 330 273 193 310 142 39 213 183 289 51 382 256 314 300 370 288 315 141 240 303 327 250 156 338 396 178 324 334 191 147 113 172 90 376 247 230 378 325 350 294 357 187 249 319 143 234 398 381 396 114 85 311 338 135 296 316 171 326 347 297 279 321 190 157 142 163 169 337 293 150 361 324 446 122 165 35 214 293 251 103 43 210 206 329 303 232 301 159 179
 210 97 339 120 318 269 258 253 110 260 124 145 134 124 181 272 193 172 101 339 1 236 174 311 166 140 116 269 155 42 144 99 67 344 128 86 144 191 154 166 52 249 60 103 319 337 148 191 308 123 215 243 54 180 97 278 78 151 64 81 335 113 242 386 176 84 145 258 338 273 106 93 322 237 225 319 157 375 297 72 86 232 265 10 107 303 230 175 262 149 240 111 320 166 13 198 141 136 249 149 196 302 100 262 342 181 56 267 341 326 270 140 137 219 260 83 228 175 228 196 181 155 293 42 233 185 279 210 294 341 226 188 115 48 175 163 270 313 304 276 254 280 68 97 250 114 235 310 180 196 158 72 115 296 307 44 230 187 188 329 173 79 290 342 73 236 303 196 205 64 297 232 162 256 279 245 325 172 54 312 105 250 32 94 93 139 264 154 155 179 127 128 163 309 33 209 359 234 157 254 339 80 100 228 254 180 212 124 226 235 325 86 307 215 40 103 174 52 194 149 248 302 272 250 133 118 252 40 84 97 118 28 179 153 126 227 217 61 44 102 239 292 268 182 238 140 84 259 39 11 129 268 298 260 193 226 179 171 56 112 286 184 206 110 258 235 319 257 129 208 256 296 164 158 267 109 310 51 196 267
 197 268 325 332 406 455 423 109 129 202 332 159 167 279 200 460 141 154 336 347 236 1 160 405 294 321 337 419 89 196 370 333 265 382 338 300 187 364 325 87 232 333 235 135 334 367 90 46 495 211 385 9 216 350 323 312 260 348 205 308 292 319 61 357 79 269 112 210 373 254 168 168 492 10 165 350 362 378 484 283 154 145 468 231 325 292 85 168 333 140 190 203 397 382 248 288 358 337 384 382 141 436 137 462 299 58 188 237 362 339 359 358 368 239 150 296 15 132 182 41 63 158 228 220 22 388 191 399 311 375 26 52 132 221 170 308 165 285 490 193 21 361 209 331 263 295 61 347 129 352 199 306 349 291 319 271 74 62 218 361 395 264 481 333 208 312 482 42 407 206 398 36 186 85 226 81 339 331 187 281 132 170 208 310 187 117 336 152 271 69 212 110 354 437 243 298 343 136 228 440 315 190 177 429 444 74 62 340 325 110 501 310 464 324 198 337 201 278 408 228 356 247 184 280 367 164 410 254 308 147 126 261 307 128 343 210 115 261 255 181 243 358 460 56 215 345 304 181 266 244 336 447 488 164 290 211 230 239 183 317 209 408 415 305 226 183 350 406 115 384 247 317 163 297 467 132 458 258 208 176
 48 144 193 216 248 311 273 101 103 89 297 31 41 144 41 316 28 7 259 206 174 160 1 246 144 189 229 265 148 154 262 245 234 232 219 193 42 221 187 83 205 174 134 129 190 219 130 133 350 73 239 167 194 208 269 160 147 219 191 253 175 285 121 235 166 153 167 90 224 119 190 84 341 154 52 201 330 241 339 244 109 63 332 176 280 156 94 10 175 36 69 76 239 262 184 130 314 213 229 287 30 278 128 324 183 116 161 106 217 196 200 244 268 84 92 256 146 28 56 142 105 20 123 136 142 259 106 260 164 226 136 145 154 132 11 162 99 158 344 103 179 203 198 260 113 279 116 196 32 203 44 236 260 152 175 218 102 102 60 212 280 242 338 199 201 154 333 129 274 113 239 131 30 119 111 110 195 187 158 156 126 78 164 267 83 69 178 23 121 98 72 126 222 279 158 140 214 68 74 297 188 189 75 294 302 166 101 227 167 82 351 211 310 167 156 265 43 189 284 77 198 136 99 126 273 57 259 210 209 150 91 200 155 44 231 67 64 228 213 199 94 202 319 136 77 223 202 86 182 184 216 300 344 88 133 67 72 82 149 200 114 294 286 280 95 63 201 252 89 240 105 169 11 151 329 101 302 162 51 94
 212 215 163 234 11 176 127 324 322 232 404 254 250 188 207 181 266 252 324 132 311 405 246 1 146 188 254 98 382 325 267 298 372 90 228 249 227 153 171 327 362 74 254 342 124 101 364 377 194 217 141 412 360 154 362 110 235 201 366 352 203 399 360 193 403 229 393 222 94 181 391 278 157 399 251 100 430 147 188 368 312 275 221 319 382 163 331 238 74 272 233 231 29 238 312 125 404 213 80 304 266 71 340 208 203 360 341 198 115 125 48 244 286 169 290 373 391 274 235 386 350 251 233 277 387 207 262 177 127 97 381 388 370 271 237 150 281 183 189 256 423 45 372 333 154 416 356 93 278 131 212 323 303 156 130 338 341 347 188 98 258 386 196 157 377 94 168 374 204 265 17 375 222 350 221 344 124 149 338 188 342 261 327 375 256 304 71 258 161 343 214 352 189 62 279 113 170 285 186 172 177 375 261 205 183 404 345 242 89 311 174 267 121 98 325 335 206 278 235 190 64 220 263 133 301 262 114 346 266 357 314 321 133 283 244 204 297 367 349 394 172 56 191 378 203 219 259 255 285 317 223 158 196 274 126 202 178 172 330 227 247 267 221 405 203 237 99 98 318 151 177 120 245 154 211 319 102 263 198 267
 137 71 204 113 153 168 130 243 188 184 267 136 128 45 112 174 170 148 195 193 166 294 144 146 1 67 134 127 251 181 159 171 229 186 111 114 108 80 56 209 217 87 109 205 174 183 235 257 207 85 96 302 215 67 227 132 91 96 221 215 219 260 263 251 274 86 258 176 182 162 249 142 199 290 176 166 296 227 196 226 174 197 193 174 245 176 237 137 102 156 172 96 155 144 168 46 272 98 95 194 172 149 203 183 224 241 197 167 190 180 105 135 173 110 222 233 281 168 165 266 233 139 206 133 279 128 215 121 153 185 272 265 232 126 136 22 222 193 201 209 314 116 227 202 128 274 258 157 173 60 101 187 181 168 166 196 245 233 100 174 165 242 195 205 232 78 190 257 139 122 133 270 115 262 189 253 179 46 194 195 205 197 182 237 119 180 103 145 24 227 84 219 92 154 134 52 223 205 71 154 210 231 127 157 161 276 241 124 62 224 209 135 172 50 181 205 106 138 158 68 84 205 211 115 185 133 117 202 134 218 184 178 15 167 128 143 206 223 206 251 129 130 177 256 150 108 125 198 143 172 107 157 201 212 38 141 81 67 187 101 210 178 154 265 164 172 166 113 190 98 147 153 137 14 188 185 167 119 115 211
 194 56 270 49 197 138 120 289 200 244 217 172 161 46 165 142 215 191 138 257 140 321 189 188 67 1 70 131 262 168 93 112 192 244 46 63 148 52 18 236 190 145 97 210 239 244 248 280 178 118 76 329 193 42 175 197 69 32 201 166 285 213 301 316 285 61 262 237 242 227 239 156 186 319 229 229 243 290 167 184 180 248 148 149 195 242 278 183 161 189 230 121 204 79 136 112 217 32 116 128 218 166 207 141 290 265 185 231 252 244 157 69 108 173 275 188 309 208 222 288 259 178 269 120 310 71 274 80 218 245 303 284 233 115 182 49 277 259 174 268 341 168 207 146 194 233 295 218 214 61 148 136 119 234 231 156 284 261 157 235 100 207 163 270 212 141 169 282 87 122 173 303 160 305 252 295 243 39 182 261 211 253 164 189 135 205 163 182 79 254 118 230 35 174 109 117 288 255 122 123 276 216 145 109 125 288 275 60 119 270 190 80 168 104 167 149 157 96 98 116 128 269 269 181 121 159 114 168 79 216 200 141 71 199 63 203 251 187 171 238 193 187 141 275 211 42 72 255 106 143 41 133 170 267 104 201 139 124 178 40 271 114 98 221 227 228 228 119 209 71 211 218 180 54 146 197 172 90 172 268
 246 87 337 22 263 162 164 326 209 298 157 206 194 99 215 164 255 230 73 325 116 337 229 254 134 70 1 184 265 155 34 46 148 314 27 39 189 106 87 257 157 214 105 211 307 313 254 293 198 158 125 345 165 102 114 265 84 56 177 109 349 154 330 384 287 77 258 292 311 289 221 173 220 336 276 298 179 359 188 135 186 291 151 125 135 308 310 226 231 220 282 155 272 51 108 179 152 42 178 62 258 222 208 150 354 280 170 290 321 313 226 25 42 233 320 135 327 243 272 300 277 215 326 119 330 75 325 106 286 315 323 293 228 118 225 117 325 324 195 321 356 237 180 82 257 181 323 288 249 124 194 80 50 299 299 113 314 281 212 305 59 163 180 337 185 210 198 297 94 133 239 326 205 338 309 327 311 107 169 325 213 301 147 132 158 226 232 217 140 273 160 234 69 232 97 185 355 297 175 148 343 194 168 116 145 291 301 14 188 307 219 32 213 174 154 83 207 65 79 167 197 329 320 247 52 186 164 130 33 210 213 104 139 228 13 258 288 145 132 216 254 256 158 286 267 38 35 306 79 114 32 164 187 314 171 256 195 181 168 35 326 71 92 166 285 279 297 174 224 116 273 286 220 121 154 207 221 81 226 317
 246 177 246 166 108 79 30 359 313 282 340 261 253 154 228 85 290 269 255 219 269 419 265 98 127 131 184 1 376 294 188 229 321 184 159 191 233 81 117 334 320 117 221 328 207 193 360 383 104 211 60 427 322 90 297 178 195 130 330 291 280 337 385 283 399 187 381 272 187 241 365 266 79 414 287 186 362 241 95 313 296 310 124 278 318 235 357 257 131 280 276 221 125 155 266 138 334 145 39 223 291 40 325 111 282 366 311 254 205 210 103 168 208 207 332 315 406 291 273 392 358 263 293 245 404 122 314 88 200 190 397 391 354 240 256 116 328 256 98 308 439 113 336 265 207 361 379 177 296 75 223 261 230 227 208 285 366 358 212 187 172 336 101 242 341 132 79 383 113 241 85 394 236 381 278 373 209 99 308 260 328 304 292 314 243 306 129 269 150 352 210 344 117 51 238 131 257 320 193 75 259 343 251 110 86 401 364 172 107 342 92 205 46 101 294 266 224 226 146 192 81 285 312 187 223 259 21 298 205 338 309 271 113 292 173 245 325 317 301 365 219 135 95 381 248 147 199 301 236 272 155 62 103 318 133 243 196 183 303 166 303 179 130 347 255 278 185 14 316 69 231 195 260 126 114 310 42 219 226 314
 195 208 338 263 385 399 374 157 64 222 244 131 133 225 184 403 144 142 253 353 155 89 148 382 251 262 265 376 1 114 295 253 178 378 270 229 156 310 270 71 144 309 168 55 337 366 19 49 439 168 333 95 128 297 237 306 195 285 118 222 315 231 122 378 24 204 28 227 371 264 81 111 443 93 180 348 274 388 428 196 83 169 406 149 238 302 127 156 314 115 204 156 380 312 167 258 270 272 345 303 146 399 58 401 323 52 103 249 364 343 335 287 291 230 187 209 86 126 193 50 61 136 255 148 94 324 223 341 311 373 90 38 44 151 157 261 202 301 435 224 104 341 121 247 261 207 116 342 125 303 173 224 269 299 322 186 120 70 202 359 323 176 424 345 120 290 429 57 343 141 372 101 164 144 247 135 342 281 103 298 53 196 125 223 133 81 317 130 229 66 171 33 294 403 168 270 359 164 197 384 332 102 126 367 386 27 98 269 295 147 450 235 420 291 116 253 182 202 340 193 326 271 216 272 288 122 364 168 234 61 69 179 265 106 272 213 139 173 169 94 241 343 402 37 221 279 231 207 189 162 269 393 431 196 258 213 207 211 101 250 239 335 349 217 238 197 348 362 65 330 252 317 145 251 405 67 417 186 197 208
 195 118 333 157 331 302 286 221 73 242 149 125 116 143 170 306 169 150 141 337 42 196 154 325 181 168 155 294 114 1 184 140 83 348 164 122 131 219 180 131 52 259 75 62 318 340 107 151 342 120 243 203 42 208 131 279 100 184 43 115 324 137 206 379 135 109 104 242 342 263 72 71 353 197 204 321 182 374 331 96 52 207 302 36 137 296 196 157 269 124 222 105 331 204 54 206 170 170 270 190 172 325 60 298 331 142 18 254 342 325 282 179 178 212 234 109 188 150 209 156 143 135 276 50 194 221 258 243 292 345 187 147 74 56 157 183 245 303 338 255 213 291 50 136 245 126 199 313 153 220 148 111 156 290 305 77 196 150 181 331 213 89 325 337 54 243 335 157 241 62 313 194 149 222 263 211 323 196 15 302 65 228 13 122 81 107 272 133 165 142 123 87 195 331 62 218 354 207 155 287 331 51 84 264 287 139 176 161 238 204 356 125 335 229 3 142 163 91 232 148 263 287 250 248 175 99 279 63 123 56 83 66 195 125 164 214 188 77 65 72 230 300 303 142 225 175 122 237 77 49 165 299 332 236 202 213 175 170 14 146 267 224 243 128 244 216 321 281 94 238 247 295 145 175 303 72 336 81 185 244
 277 119 361 49 276 151 164 359 241 329 161 239 227 128 246 152 288 263 76 348 144 370 262 267 159 93 34 188 295 184 1 55 165 332 48 72 222 115 107 290 180 234 138 241 330 333 285 325 183 190 130 377 190 115 120 288 117 68 202 120 376 161 363 408 317 110 287 323 331 317 248 206 211 369 308 319 178 380 175 150 217 324 132 152 140 334 343 258 251 253 313 188 287 35 134 203 150 61 188 38 291 227 239 133 381 312 198 320 342 335 243 25 21 262 353 147 359 276 303 332 309 247 356 151 362 68 357 103 310 334 355 325 257 150 257 140 357 351 182 352 388 255 204 87 284 192 356 309 281 138 226 94 48 325 323 133 347 314 242 325 31 180 165 361 209 232 188 329 83 166 251 359 237 371 339 360 334 126 197 352 243 333 175 142 191 259 252 250 168 306 192 265 79 237 128 209 379 329 205 140 368 220 201 102 134 321 334 37 208 340 208 61 210 194 183 86 238 95 58 198 213 358 351 273 37 219 167 151 63 239 245 128 162 261 33 289 320 164 153 242 283 275 144 318 297 53 66 337 108 140 53 157 173 346 195 287 225 210 197 64 356 41 75 176 314 310 318 180 256 120 301 309 252 145 137 239 221 113 256 349
 268 112 372 66 307 203 209 336 205 321 112 218 206 131 237 204 269 244 27 363 99 333 245 298 171 112 46 229 253 140 55 1 111 354 72 59 206 151 129 258 128 254 112 201 344 352 245 287 237 177 170 340 140 146 69 301 101 101 152 66 380 110 333 419 274 98 242 316 351 318 198 176 262 333 294 336 134 397 227 96 180 306 186 106 90 341 317 243 270 229 303 170 315 87 88 214 107 87 223 51 272 268 198 187 386 276 153 318 360 350 268 65 42 262 336 94 324 254 292 293 275 228 351 117 328 117 346 149 321 355 321 285 213 119 242 157 342 355 235 342 351 279 153 37 288 139 326 326 259 169 215 40 17 332 335 80 319 281 237 344 85 126 219 373 158 248 239 292 134 137 283 326 224 344 335 333 349 150 152 356 203 320 130 89 166 228 272 229 173 272 180 225 114 277 93 222 391 311 200 190 376 170 176 155 186 278 303 59 228 317 260 38 257 214 138 38 229 58 112 192 239 356 340 281 35 195 210 99 39 195 211 78 178 235 58 282 298 110 100 191 283 297 197 279 292 83 48 326 69 93 77 207 226 331 207 281 222 209 154 73 348 92 129 123 311 299 336 220 222 161 302 322 234 158 191 203 266 84 250 336
 273 158 404 160 379 308 306 303 153 321 69 205 195 185 245 311 251 231 97 404 67 265 234 372 229 192 148 321 178 83 165 111 1 409 168 131 207 241 208 210 35 313 125 136 385 403 177 222 344 189 264 272 51 233 65 344 139 195 61 53 400 56 284 451 194 144 158 321 404 338 105 151 366 268 285 385 101 441 335 21 133 289 296 62 61 369 277 236 326 206 302 176 383 195 62 263 93 179 306 155 254 357 134 296 407 217 83 331 407 392 333 171 151 284 316 32 260 231 289 225 220 215 356 108 267 222 339 251 360 407 261 215 135 113 236 223 327 378 342 336 281 343 58 87 316 48 278 376 235 251 222 72 123 362 373 37 275 227 254 394 195 16 327 408 60 301 345 229 241 129 358 270 225 302 341 291 390 228 84 377 139 309 72 47 156 189 328 213 219 220 192 159 208 365 97 274 425 289 223 295 405 78 162 263 292 198 255 159 289 286 366 120 355 277 81 92 238 97 222 215 309 366 331 316 141 178 303 28 120 120 164 52 241 207 159 291 270 7 24 94 304 356 305 211 302 180 124 318 88 58 171 310 334 317 258 290 245 237 92 157 347 202 238 47 322 296 384 310 174 256 321 362 225 219 300 153 361 110 261 326
 188 254 84 292 81 263 212 286 325 187 452 249 249 229 195 268 244 238 379 50 344 382 232 90 186 244 314 184 378 348 332 354 409 1 288 299 227 223 228 314 392 101 285 349 53 18 360 362 283 230 217 388 387 219 411 73 272 265 389 399 129 444 329 105 397 270 395 177 10 131 405 288 246 374 218 33 481 58 276 408 322 240 306 350 430 99 300 224 85 264 194 244 62 308 347 147 456 274 158 370 243 160 347 294 126 346 361 150 30 49 92 309 350 149 246 416 368 257 201 371 335 243 175 305 361 280 211 255 72 10 356 376 377 299 223 198 235 116 277 206 398 80 396 386 121 455 326 37 260 197 210 371 362 96 66 378 311 330 178 22 329 421 284 76 401 109 257 358 281 288 101 348 216 314 168 310 50 208 358 121 348 219 352 421 270 298 83 249 191 328 226 353 255 151 313 136 84 250 194 257 99 395 271 286 268 397 321 302 127 277 263 319 210 141 348 389 198 322 311 201 122 158 214 107 364 265 197 382 318 368 315 359 177 274 305 173 268 403 385 411 141 59 278 366 168 281 310 210 326 351 283 245 285 230 152 172 177 179 350 282 193 340 299 448 159 201 32 181 316 226 136 66 234 198 297 322 191 301 182 220
 231 76 315 9 237 142 140 318 211 283 182 199 187 81 201 145 246 220 99 302 128 338 219 228 111 46 27 159 270 164 48 72 168 288 1 44 179 79 61 255 174 189 104 216 283 288 258 294 180 147 100 346 180 75 139 242 79 30 191 133 329 179 325 361 292 71 265 276 286 270 233 171 199 336 264 273 205 335 170 157 188 280 138 138 160 287 304 215 206 214 267 146 246 45 122 156 178 16 152 83 249 197 213 135 334 280 180 272 297 289 200 26 63 215 309 158 327 236 258 302 276 206 309 123 329 58 311 84 263 290 322 296 236 120 214 93 313 303 177 306 357 212 195 108 237 204 318 263 241 98 181 104 76 278 276 132 309 280 196 280 62 183 163 315 200 186 178 297 78 133 212 324 193 331 292 321 288 82 179 305 217 288 158 157 154 224 207 209 121 272 149 238 43 206 104 162 333 287 159 128 321 207 164 101 127 296 297 15 163 299 199 49 189 149 163 109 193 78 71 152 171 311 306 226 76 181 139 148 50 218 213 121 116 223 18 242 279 165 150 230 235 231 141 288 251 13 46 292 91 128 6 143 170 302 148 240 178 164 176 22 310 76 80 190 267 265 273 149 224 91 254 263 210 98 140 209 196 85 210 304
 212 54 313 36 257 184 177 289 172 265 157 169 157 73 181 187 218 193 82 305 86 300 193 249 114 63 39 191 229 122 72 59 131 299 44 1 153 111 79 219 133 199 67 175 286 296 217 255 223 122 134 307 138 103 115 244 47 67 148 105 322 151 291 361 251 41 223 260 295 260 191 135 238 298 241 280 184 340 212 123 148 255 181 95 134 282 272 190 215 182 248 118 263 85 80 157 159 51 178 95 221 227 172 178 328 242 138 260 303 292 214 60 76 204 284 126 289 206 237 263 239 177 294 82 292 100 291 125 263 299 285 256 194 80 189 102 290 297 219 287 319 226 153 89 230 171 284 270 211 123 160 75 72 274 277 95 276 243 180 288 96 146 205 315 158 191 219 259 120 95 234 288 170 300 278 289 291 101 136 298 176 266 115 128 120 188 216 180 115 235 125 198 79 235 62 165 333 260 143 170 318 165 130 144 169 255 263 42 173 269 240 23 226 160 121 92 173 37 112 135 188 298 285 222 82 148 173 109 21 175 175 82 123 190 45 226 250 127 111 187 225 242 183 249 235 55 12 271 49 86 44 183 213 279 150 224 164 151 134 27 293 109 123 159 254 245 279 180 186 126 244 264 183 102 182 169 231 44 193 282
 67 104 203 175 230 274 238 142 99 118 266 29 24 103 39 279 68 43 222 210 144 187 42 227 108 148 189 233 156 131 222 206 207 227 179 153 1 183 147 103 182 154 97 123 191 217 139 153 313 32 202 195 172 169 235 156 107 179 172 220 194 255 157 248 177 113 170 116 220 132 180 64 307 183 89 198 299 246 302 214 96 103 293 147 248 166 132 38 159 49 99 37 224 222 152 104 281 172 198 247 71 250 121 285 201 136 142 125 217 198 180 203 228 83 132 225 174 62 88 162 127 32 151 103 172 218 141 222 165 223 165 163 151 99 37 125 137 173 308 137 207 185 179 224 116 254 151 191 67 167 19 200 221 161 177 186 138 127 52 209 240 217 301 208 183 135 297 152 234 80 218 163 19 158 136 148 197 149 139 172 121 114 139 235 52 78 162 37 85 121 31 128 182 252 123 115 224 109 43 259 201 174 48 255 264 178 133 186 142 122 316 172 278 139 133 229 33 152 244 42 173 160 135 122 234 39 225 182 170 142 90 168 121 60 190 85 103 201 185 188 100 188 281 153 95 182 163 121 146 153 175 263 306 126 105 84 52 56 129 159 145 254 246 252 115 95 198 220 93 202 117 169 33 113 290 96 272 124 55 131
