NAME : domp240p120v3
COMMENT : (Deleplanque et al.) 
TYPE : DOMP
DIMENSION : 240
DISPLAY_DATA_TYPE: NO_DISPLAY
OPEN_FACILITIES : 120
COST_SECTION
 1 115 338 142 218 172 241 236 149 250 280 122 252 184 43 164 114 269 320 270 247 239 138 317 74 351 213 333 255 192 359 187 305 125 358 362 14 291 362 140 213 218 237 217 234 386 185 234 344 290 72 225 166 226 138 258 226 250 154 303 170 289 165 306 335 216 67 69 370 95 274 380 341 291 323 297 230 320 276 345 390 316 278 51 384 99 223 327 299 126 180 128 325 241 287 206 281 105 187 42 256 187 177 317 163 122 88 163 336 299 277 183 314 56 151 197 240 361 91 248 168 186 194 252 354 109 348 162 201 203 360 58 194 337 31 289 234 253 126 271 352 137 183 341 147 183 288 337 330 286 234 75 298 329 18 227 149 225 142 131 104 228 154 171 216 123 290 323 46 350 116 176 40 378 274 222 166 48 278 373 352 311 267 291 150 152 223 269 220 133 316 249 5 272 107 126 166 139 393 339 230 117 240 131 158 248 249 166 291 271 343 288 148 173 202 250 277 255 334 168 151 55 104 204 320 90 312 388 330 146 384 245 51 377 35 246 302 163 106 185
 115 1 316 69 143 106 150 207 214 146 166 198 159 110 101 58 180 164 211 183 272 136 33 282 57 346 110 248 144 198 254 128 272 104 258 309 126 222 337 74 99 115 126 106 130 287 94 124 314 298 185 116 65 148 215 226 143 220 72 253 233 233 116 199 263 157 77 137 351 79 265 362 306 182 278 216 196 287 228 325 378 238 167 163 286 209 158 334 249 210 88 211 219 212 263 244 215 19 121 113 170 191 81 231 121 11 69 71 226 259 191 137 319 102 53 109 222 274 183 140 270 103 221 167 294 211 305 214 151 95 297 135 84 273 145 182 140 151 16 173 326 240 147 253 88 70 239 247 328 287 179 109 275 222 123 114 107 163 244 18 176 118 107 69 119 20 220 295 123 272 27 196 153 278 172 253 101 94 241 294 269 304 241 179 154 183 155 157 182 20 321 140 111 279 144 40 126 215 386 270 166 200 257 100 96 169 137 120 191 158 331 175 241 128 144 227 164 158 298 121 76 168 82 113 307 160 294 281 324 220 378 209 116 273 82 176 273 65 91 71
 338 316 1 248 196 418 223 109 241 266 334 266 227 418 296 285 254 271 307 206 141 264 339 48 290 54 265 199 305 150 299 440 49 223 269 96 347 149 25 389 331 391 300 298 400 273 394 377 23 91 364 292 273 198 267 90 442 97 383 93 236 115 431 296 154 468 282 277 36 383 69 47 40 296 70 185 120 40 103 11 68 174 312 347 272 355 466 87 96 281 389 279 289 104 54 177 145 302 202 298 207 153 259 199 436 308 269 376 323 70 203 180 78 376 274 408 99 216 300 282 341 229 167 206 115 324 66 217 167 365 130 290 353 128 352 289 233 256 326 242 18 336 170 214 403 318 98 219 60 77 147 394 42 295 355 331 211 472 334 321 266 296 210 273 248 298 151 25 296 178 290 172 362 279 260 160 415 293 79 188 196 46 76 321 189 197 462 322 135 310 78 389 335 93 235 277 441 264 81 145 166 279 127 413 221 190 366 197 252 337 32 343 303 442 455 91 340 239 45 195 388 359 248 408 30 268 28 320 46 259 76 109 381 298 319 170 46 366 242 318
 142 69 248 1 80 171 100 141 186 114 162 180 111 172 109 50 159 133 187 129 219 104 92 214 69 280 79 194 131 142 221 193 205 55 218 243 154 158 270 141 113 158 114 97 170 245 151 155 247 238 205 101 42 88 195 159 200 152 135 186 203 167 184 173 201 222 79 129 284 143 201 294 238 159 211 159 129 219 161 258 312 179 153 182 244 220 220 273 181 196 145 196 188 146 196 198 151 58 54 120 116 135 43 177 189 61 57 130 205 191 137 70 257 153 33 165 157 221 179 117 265 45 172 112 229 211 237 179 83 132 233 133 119 208 170 156 93 115 79 131 258 239 81 201 156 87 171 197 265 225 112 166 208 193 156 122 43 226 241 73 160 105 42 47 78 51 157 227 127 213 44 147 180 238 136 203 167 101 173 236 214 239 174 166 103 141 217 149 114 63 259 170 137 218 115 30 194 194 321 207 100 186 201 168 28 109 156 53 151 156 265 172 229 195 208 160 162 115 230 55 141 190 50 167 241 146 228 251 259 197 313 141 163 238 109 112 205 121 56 88
 218 143 196 80 1 234 41 101 222 81 149 226 51 231 180 97 205 94 146 56 213 75 157 154 147 238 70 117 117 142 166 256 148 103 154 170 230 80 214 210 136 197 108 103 205 177 204 182 188 213 276 99 85 11 239 111 249 108 199 117 234 95 251 131 122 281 152 190 231 220 167 241 177 123 144 80 89 160 96 206 263 100 130 252 176 285 277 242 113 244 200 243 138 105 148 208 74 135 32 189 44 136 68 100 257 133 131 189 165 130 63 56 226 232 92 218 125 145 237 94 317 41 181 40 153 269 169 207 49 171 155 198 160 131 244 118 45 74 148 75 201 295 70 126 224 125 105 123 227 196 51 245 159 144 233 136 75 283 296 141 210 102 69 83 54 124 79 172 195 135 120 159 255 173 89 206 231 173 118 157 136 200 128 142 125 166 273 135 74 131 228 195 213 196 162 106 263 237 275 129 31 236 191 241 60 31 172 62 95 149 219 159 277 262 269 121 153 62 167 60 206 262 116 217 197 200 181 195 218 237 268 93 243 179 186 35 151 178 117 125
 172 106 418 171 234 1 228 311 305 206 188 284 234 17 183 138 270 220 248 261 375 199 80 382 151 450 179 323 183 303 297 23 374 208 312 403 178 310 439 36 126 80 171 156 91 341 42 108 415 403 235 167 150 237 301 329 57 323 37 350 326 328 26 241 347 53 170 222 454 80 370 464 406 224 376 296 299 387 326 428 482 319 201 219 340 267 55 439 345 292 42 294 265 316 366 344 306 122 219 193 250 296 167 306 34 112 169 47 257 359 269 240 424 125 146 41 326 344 259 193 339 195 323 248 384 280 402 310 253 88 385 216 91 362 196 227 216 215 94 239 427 308 251 323 26 116 336 316 433 392 277 114 378 265 169 138 211 59 313 99 263 167 211 152 194 122 309 397 202 351 132 299 198 329 231 355 7 178 342 371 344 408 344 209 258 284 53 186 284 109 426 116 170 384 241 143 38 302 490 356 261 283 361 50 198 255 133 223 251 177 435 192 318 33 39 330 182 228 397 225 31 218 186 49 411 247 398 319 428 308 483 311 139 318 153 267 374 58 194 117
 241 150 223 100 41 228 1 138 260 44 113 263 12 223 207 96 241 54 106 34 253 41 157 178 168 269 51 99 83 183 128 249 175 136 120 181 254 87 238 209 115 179 78 80 184 146 194 160 213 250 304 72 87 33 276 144 235 143 195 137 273 113 248 91 120 271 178 222 257 228 203 267 199 83 164 69 125 186 122 234 290 92 93 280 145 316 266 277 133 280 191 280 99 141 179 248 85 148 67 217 23 176 70 82 255 140 156 183 125 154 42 96 261 248 99 206 162 124 270 60 352 57 221 21 160 303 187 247 89 154 159 229 145 136 269 78 13 36 152 35 226 329 110 104 222 114 127 99 260 232 84 258 190 105 255 112 109 272 331 144 246 75 103 83 35 133 85 199 224 124 133 200 280 140 49 246 227 200 147 145 120 233 161 104 164 205 261 100 112 135 263 170 237 233 197 120 261 274 303 129 65 272 230 243 90 34 145 99 56 115 249 122 313 259 261 156 118 22 190 98 202 289 145 203 229 234 212 158 250 275 297 128 260 142 208 55 180 171 147 113
 236 207 109 141 101 311 138 1 172 181 249 190 145 311 194 180 172 191 238 134 122 175 232 82 183 142 169 162 217 71 246 333 70 116 224 132 246 100 132 280 232 289 208 201 299 239 288 278 111 113 273 198 169 107 196 23 337 14 275 76 176 75 323 224 135 361 177 182 144 275 67 155 106 219 90 131 14 85 53 119 172 135 230 253 238 271 360 142 73 207 283 206 225 6 56 131 90 193 98 198 129 69 155 153 327 200 162 269 257 65 135 72 126 271 168 303 25 189 216 195 277 127 107 126 131 245 114 151 61 262 142 194 250 123 254 213 145 172 218 166 120 263 62 177 295 215 63 179 129 96 55 288 68 232 254 235 103 365 262 213 182 202 101 169 154 190 101 90 198 159 181 96 265 240 183 122 307 190 43 179 172 102 34 241 91 116 356 235 30 203 128 292 233 96 141 169 333 193 181 133 74 202 99 304 113 109 271 89 183 250 125 259 235 334 348 21 254 157 99 87 280 265 141 303 102 179 88 273 121 191 174 17 276 253 214 88 68 259 136 216
 149 214 241 186 222 305 260 172 1 291 346 32 271 314 124 233 37 308 363 275 114 281 245 240 159 235 261 323 314 103 387 324 226 133 374 299 151 264 264 270 296 327 298 281 342 395 305 332 255 167 139 285 227 232 27 191 353 182 278 247 22 245 304 348 304 355 139 85 265 236 173 274 260 336 256 287 175 239 224 245 275 298 335 130 393 120 359 200 245 42 299 40 358 174 202 71 253 196 194 116 265 104 227 310 304 214 147 281 382 232 280 167 191 203 215 319 160 352 71 297 106 214 75 260 302 87 276 25 179 305 313 94 293 294 145 332 260 288 229 295 257 96 155 336 282 267 235 336 212 171 205 223 209 364 163 306 156 362 94 229 47 289 161 231 254 208 265 235 107 327 196 77 153 392 307 89 300 128 210 348 337 202 189 348 98 59 358 333 176 224 194 348 149 154 72 195 308 24 274 303 214 43 118 273 178 247 338 163 316 341 234 356 65 314 340 174 347 280 256 164 279 141 140 324 215 61 214 416 217 19 265 187 199 399 155 233 219 277 132 268
 250 146 266 114 81 206 44 181 291 1 70 290 41 198 221 90 268 20 74 66 293 12 144 221 178 312 38 119 40 221 110 225 218 161 114 218 262 125 281 192 84 146 40 50 149 143 168 123 255 293 317 40 85 75 304 187 203 186 175 178 305 155 228 59 151 244 191 242 300 220 246 309 240 47 205 99 168 228 165 277 333 121 50 293 141 333 237 320 174 306 166 306 76 184 222 285 125 149 100 232 61 214 74 104 235 136 170 161 93 197 72 132 304 247 100 178 204 139 292 18 377 78 258 62 195 324 227 279 128 124 192 247 117 171 280 43 37 12 143 35 269 352 147 118 204 92 169 111 304 275 127 254 233 80 262 76 136 244 354 135 271 41 131 80 38 132 123 242 240 150 136 235 289 133 27 285 205 213 190 168 140 276 204 62 196 238 232 57 154 128 306 132 245 275 224 125 241 302 346 161 107 297 271 229 114 77 106 130 47 72 292 79 339 237 235 199 75 29 231 129 183 301 163 174 272 258 255 139 293 304 340 171 260 129 216 98 223 150 168 91
 280 166 334 162 149 188 113 249 346 70 1 340 109 176 259 120 319 65 63 131 359 75 151 288 213 381 88 169 34 285 112 203 286 214 133 280 291 190 348 187 71 113 49 67 108 161 147 84 322 361 350 62 123 143 356 256 168 255 166 245 362 222 213 60 209 214 229 287 367 227 315 377 307 48 272 160 236 296 233 345 401 179 24 327 160 371 204 389 241 356 147 356 84 253 291 348 192 176 163 271 128 278 120 157 221 159 211 151 70 265 135 196 373 263 137 152 272 180 337 56 424 137 321 130 256 367 292 337 195 102 251 289 102 232 310 54 106 79 158 95 336 396 211 163 195 98 237 155 373 344 196 265 302 82 288 56 193 211 399 151 320 58 189 117 99 158 188 310 280 202 167 298 318 148 77 349 189 251 259 215 188 345 273 24 256 297 199 15 222 148 375 85 275 344 276 161 225 355 414 220 176 346 338 224 170 146 59 191 92 12 361 11 389 220 208 268 9 96 298 191 174 333 210 145 341 306 324 132 362 358 408 240 278 133 246 167 291 142 217 97
 122 198 266 180 226 284 263 190 32 290 340 1 274 294 102 224 23 307 363 281 144 279 229 262 142 264 257 333 310 122 390 302 248 130 379 319 123 276 290 249 286 312 293 275 327 402 288 320 279 196 108 280 219 236 18 209 334 201 259 265 50 260 281 347 318 332 122 63 292 212 198 301 283 335 276 297 190 261 240 271 304 309 331 99 401 91 337 230 262 19 282 18 360 192 225 101 266 182 197 93 269 122 222 319 281 200 134 263 381 251 287 173 221 177 206 301 181 362 40 294 92 213 101 265 320 59 298 53 187 291 330 70 280 310 116 331 261 288 213 297 283 74 163 345 260 257 252 344 241 199 216 196 233 365 135 297 156 340 74 215 23 284 161 224 252 195 277 259 83 339 183 97 123 398 307 118 278 108 230 362 348 229 210 345 107 74 336 327 189 210 223 336 122 182 67 184 284 18 303 318 222 14 146 249 177 253 328 166 318 335 262 351 51 291 318 194 341 282 278 167 259 110 131 307 242 39 239 420 245 25 295 204 171 404 132 242 242 260 125 258
 252 159 227 111 51 234 12 145 271 41 109 274 1 228 218 104 253 47 96 29 262 41 164 181 179 274 56 91 80 192 117 254 179 147 109 180 264 86 241 216 118 181 77 82 186 135 198 160 215 257 315 74 96 42 287 150 238 149 201 139 284 115 254 81 115 276 188 233 260 237 209 270 201 75 166 64 133 188 125 237 293 87 87 291 134 328 270 283 135 291 195 291 88 148 184 258 86 157 78 228 21 186 79 74 261 149 167 188 115 158 36 107 268 258 108 210 169 116 282 57 364 68 231 22 158 314 188 257 99 158 156 240 149 134 280 69 20 31 160 24 229 341 120 95 229 119 130 89 266 239 91 267 195 94 266 113 120 276 342 152 257 76 114 91 42 142 84 203 235 118 143 210 290 128 39 256 232 211 152 138 112 238 167 97 175 216 265 96 120 143 269 170 247 240 209 130 267 286 307 125 72 283 239 251 101 38 145 110 45 112 253 117 325 264 265 163 114 13 192 109 209 300 156 207 233 246 216 147 255 286 301 134 269 131 218 60 184 177 158 118
 184 110 418 172 231 17 223 311 314 198 176 294 228 1 193 136 279 211 237 255 381 192 81 381 159 452 173 316 173 307 286 28 373 212 302 399 191 306 439 46 117 66 162 149 77 331 31 95 415 407 249 159 148 234 311 329 43 323 39 347 335 325 40 230 342 51 177 232 454 93 372 464 405 214 374 290 300 386 325 428 483 313 190 232 330 280 49 442 343 303 33 304 254 316 366 351 302 127 218 203 244 300 164 300 49 115 175 44 245 357 263 241 427 139 145 26 328 336 270 184 351 193 329 243 380 292 399 318 253 77 380 226 82 357 209 217 211 207 96 232 427 321 252 315 39 110 334 308 435 395 276 129 378 254 182 128 213 55 325 100 272 158 213 149 189 124 304 397 213 345 135 305 212 319 223 361 22 188 342 364 337 410 344 197 262 290 46 174 284 110 429 102 182 387 249 145 52 312 492 350 259 293 365 66 199 251 120 225 243 165 436 180 329 45 39 331 170 221 396 226 37 232 191 34 413 257 398 307 430 318 484 311 153 307 164 264 374 54 199 111
 43 101 296 109 180 183 207 194 124 221 259 102 218 193 1 140 88 240 293 234 210 210 131 275 48 311 185 296 231 151 329 201 263 84 326 320 54 251 320 148 196 214 214 194 230 352 187 225 302 251 98 201 139 189 119 216 232 207 158 261 145 248 181 279 295 232 31 40 328 113 233 339 299 264 281 259 188 277 234 303 349 278 254 74 351 114 236 288 257 112 181 113 296 198 245 173 241 87 149 13 221 146 148 280 181 105 52 163 310 257 241 142 275 87 125 200 198 324 83 221 170 152 157 217 312 111 306 132 160 195 319 35 184 296 65 262 201 222 116 238 310 140 141 305 159 167 246 302 290 246 193 107 256 300 61 210 109 239 144 118 81 204 114 145 186 103 250 280 23 311 93 137 76 345 244 186 177 9 235 334 315 270 225 268 108 115 235 247 178 117 277 240 40 233 69 99 185 120 353 299 190 102 202 150 121 210 236 126 259 251 302 268 141 191 217 208 258 222 292 128 157 83 65 206 279 65 270 358 289 126 344 203 87 346 32 207 259 160 66 168
 164 58 285 50 97 138 96 180 233 90 120 224 104 136 140 1 204 108 157 129 267 80 63 246 94 322 53 194 92 191 198 160 239 104 202 265 176 174 305 115 64 111 75 55 122 231 110 105 281 284 233 63 13 100 240 196 157 191 103 212 251 191 156 144 212 186 111 168 321 134 244 331 270 128 239 163 168 252 190 295 351 186 116 210 229 253 182 317 208 239 105 239 164 185 234 247 169 61 84 152 117 184 30 177 162 48 93 93 173 223 137 111 301 158 19 124 199 218 218 85 305 58 221 114 248 249 265 227 120 84 249 170 72 225 194 127 85 95 57 117 293 277 125 197 129 38 199 192 307 270 141 166 246 167 175 75 92 189 281 49 203 65 89 15 63 43 172 263 161 219 49 196 203 221 116 252 136 132 208 241 215 281 212 129 152 190 179 108 152 40 303 121 160 264 161 42 168 239 361 220 124 229 249 148 71 119 107 98 134 113 305 130 271 167 174 201 119 102 261 98 110 217 94 124 282 188 267 226 300 243 353 178 171 217 130 130 241 83 101 39
 114 180 254 159 205 270 241 172 37 268 319 23 253 279 88 204 1 286 341 260 140 258 211 247 124 255 236 313 288 107 368 288 233 108 358 303 117 256 278 235 266 294 272 254 309 381 271 300 265 189 114 259 198 215 38 192 318 184 243 247 58 242 268 326 298 318 104 49 281 199 186 291 268 313 259 276 172 246 222 259 295 289 310 100 379 102 323 224 244 40 265 39 338 175 210 97 246 163 175 80 248 106 200 298 268 181 115 247 359 235 265 152 214 168 186 285 165 341 47 273 113 191 91 244 302 74 282 50 167 272 312 58 261 291 113 310 239 266 195 275 270 93 143 325 246 237 233 323 233 190 195 187 219 344 128 277 134 326 94 196 14 262 139 203 231 176 256 245 71 319 164 83 121 377 286 114 264 92 213 342 328 219 195 323 86 58 322 306 169 191 216 316 113 174 45 164 272 37 296 299 201 32 138 237 155 232 308 144 297 314 251 329 73 278 304 178 320 260 263 146 243 112 110 290 231 25 227 398 236 41 287 186 164 382 119 221 227 243 104 238
 269 164 271 133 94 220 54 191 308 20 65 307 47 211 240 108 286 1 56 66 306 31 161 224 197 318 57 110 43 235 91 238 223 179 96 216 282 126 284 208 95 156 50 65 157 125 181 131 258 303 336 54 104 86 322 196 213 195 190 181 322 158 242 41 146 255 210 261 303 238 255 313 243 30 208 96 178 232 170 281 337 117 43 312 124 352 248 329 177 324 179 324 57 194 229 300 128 168 115 251 65 228 93 96 250 155 189 176 75 201 71 147 313 266 119 190 214 127 311 28 395 96 272 67 193 343 228 296 141 136 188 266 130 169 299 25 50 21 161 30 272 370 161 107 219 108 173 100 311 285 137 272 240 61 281 85 154 255 372 153 289 54 148 99 57 150 123 247 259 142 155 251 308 115 14 299 219 232 196 158 130 284 212 52 213 255 243 54 165 146 314 137 265 286 241 144 255 320 351 157 117 315 283 245 132 84 111 146 33 70 298 73 357 251 247 209 72 34 234 146 198 320 182 185 278 276 261 120 300 322 345 180 279 110 235 105 228 165 186 107
 320 211 307 187 146 248 106 238 363 74 63 363 96 237 293 157 341 56 1 106 356 85 202 260 249 358 109 121 70 287 50 264 261 234 73 240 332 159 317 243 125 175 86 106 171 99 207 146 292 349 388 96 155 138 377 240 230 241 224 216 377 194 272 16 166 276 263 315 338 279 300 346 276 30 240 124 227 268 210 317 372 139 48 365 98 406 267 373 213 379 207 379 24 241 271 353 164 217 170 304 110 281 146 114 281 202 242 209 20 239 107 201 357 311 170 213 262 126 365 73 450 151 326 114 215 397 257 350 194 161 207 320 159 192 350 32 105 76 205 74 306 425 215 112 253 147 211 104 353 330 184 316 280 21 331 112 209 274 427 198 344 94 203 150 111 199 157 284 313 153 205 304 359 86 58 351 249 285 238 163 137 326 257 41 267 309 262 64 215 192 358 147 315 333 296 196 285 375 387 177 166 370 334 281 187 130 121 201 57 74 336 63 412 280 270 255 71 85 267 200 232 372 236 207 319 331 302 73 341 377 382 226 325 71 286 151 268 199 241 146
 270 183 206 129 56 261 34 134 275 66 131 281 29 255 234 129 260 66 106 1 254 68 190 159 198 255 83 66 104 189 115 282 158 158 99 153 282 60 218 242 145 209 104 110 213 122 226 188 193 244 330 101 120 47 293 135 265 136 228 115 286 92 281 93 88 303 205 245 238 261 195 247 177 91 142 36 123 167 106 216 272 59 108 307 121 341 297 268 112 299 223 298 92 137 167 255 62 180 88 244 15 184 103 49 288 173 184 216 124 136 9 110 252 280 131 237 158 93 292 83 372 85 228 18 131 325 163 259 98 185 128 253 176 107 297 85 46 55 185 37 207 350 121 72 255 146 109 69 248 225 81 290 176 99 284 140 130 304 351 177 266 103 125 116 68 166 58 182 249 91 165 209 308 118 55 251 260 227 133 112 87 221 151 116 178 218 293 119 112 168 253 197 265 228 217 151 294 291 286 97 65 291 231 277 114 29 171 117 50 135 233 138 332 292 293 150 137 38 168 116 235 316 170 234 215 255 198 144 237 291 280 121 291 125 237 47 164 204 172 146
 247 272 141 219 213 375 253 122 114 293 359 144 262 381 210 267 140 306 356 254 1 286 302 156 227 124 274 281 326 78 366 396 144 170 345 219 252 219 162 341 328 375 314 303 388 359 364 372 159 55 251 303 257 221 139 128 414 124 343 181 103 189 381 342 248 427 211 179 158 318 81 166 169 335 178 252 132 152 166 142 164 254 342 239 358 234 429 87 180 155 358 153 345 120 119 45 209 255 198 207 247 85 250 273 383 268 208 341 375 158 256 165 79 296 251 379 99 307 183 305 206 226 55 244 230 200 191 92 166 350 243 191 337 230 251 329 257 286 286 284 158 205 150 296 354 305 173 299 101 65 174 316 120 351 263 334 177 433 202 284 152 307 180 260 261 260 220 142 202 274 248 77 260 360 300 27 370 211 142 291 288 97 118 354 120 96 426 345 143 275 81 387 245 48 142 240 387 136 161 244 191 157 24 354 198 227 370 173 302 358 127 369 170 391 413 110 363 273 168 173 346 251 191 382 112 161 116 394 108 130 153 136 295 374 240 208 135 334 182 306
 239 136 264 104 75 199 41 175 281 12 75 279 41 192 210 80 258 31 85 68 286 1 135 219 167 309 27 125 43 213 121 218 215 151 123 219 252 125 279 184 79 142 38 44 146 152 162 121 253 287 306 35 75 70 294 183 199 181 168 177 296 154 220 70 154 238 180 232 298 211 241 308 239 57 205 102 162 226 162 274 331 125 57 283 151 323 232 316 173 296 159 296 87 179 219 277 125 138 91 222 60 206 63 109 228 126 159 154 103 195 75 124 300 237 90 172 198 146 281 20 367 68 250 61 197 314 227 270 121 119 195 236 111 173 269 53 32 17 134 41 267 341 139 125 196 84 168 119 300 270 123 244 230 91 251 73 127 239 343 126 260 37 121 69 28 121 123 240 229 154 125 227 278 143 37 277 198 203 187 173 146 272 200 70 187 229 227 61 148 118 301 130 235 270 214 114 233 293 344 164 103 287 264 220 104 75 105 121 56 76 289 85 329 230 229 194 79 31 230 121 175 291 153 169 268 248 252 149 290 294 337 166 250 139 205 95 220 143 157 83
 138 33 339 92 157 80 157 232 245 144 151 229 164 81 131 63 211 161 202 190 302 135 1 303 88 372 111 255 133 228 247 102 295 133 256 326 148 235 360 53 81 84 117 97 100 285 63 97 336 327 209 108 73 161 246 250 112 244 44 272 265 251 95 191 274 130 108 167 375 79 292 385 327 174 298 225 220 308 248 349 403 248 155 188 284 235 130 362 267 241 57 241 213 237 287 275 230 50 140 142 178 221 91 238 101 35 100 40 215 280 198 161 347 114 67 78 248 278 212 134 298 118 252 176 309 239 324 246 174 67 310 164 57 287 168 175 146 151 17 174 348 268 172 257 67 56 258 251 355 315 199 116 299 215 143 96 133 135 272 20 207 109 133 76 123 44 233 318 152 281 56 227 174 275 170 283 76 124 263 302 276 330 265 166 184 214 126 143 205 30 349 112 134 307 176 65 106 246 412 282 183 231 286 87 119 180 113 145 190 141 356 158 270 106 117 251 147 161 318 146 50 191 113 81 333 191 319 273 350 251 404 232 128 267 108 191 295 33 122 57
 317 282 48 214 154 382 178 82 240 221 288 262 181 381 275 246 247 224 260 159 156 219 303 1 263 100 222 153 260 141 252 404 15 197 223 64 327 102 61 354 288 350 255 254 357 229 355 334 36 118 352 248 234 154 265 60 402 69 346 45 239 68 396 248 109 431 257 262 80 353 76 90 26 249 25 137 90 9 58 58 114 127 266 333 227 347 428 125 48 278 351 277 241 78 39 184 98 269 164 279 161 142 219 152 401 274 242 338 276 25 156 146 113 351 237 369 83 171 292 237 344 189 167 160 77 319 37 216 131 323 91 274 312 85 335 242 189 211 291 195 49 334 140 168 368 278 52 173 100 98 106 368 37 248 335 287 180 434 333 285 258 251 178 234 205 264 104 25 279 134 256 166 346 233 213 169 378 271 42 146 152 78 53 274 171 189 424 276 102 275 113 346 314 111 220 243 407 263 128 101 124 275 137 380 186 145 322 164 205 292 78 296 304 408 418 70 294 193 18 163 352 345 221 369 65 257 50 274 87 258 123 75 357 252 295 125 23 328 216 278
 74 57 290 69 147 151 168 183 159 178 213 142 179 159 48 94 124 197 249 198 227 167 88 263 1 313 141 262 186 157 286 171 252 68 285 301 86 223 313 116 150 171 168 148 186 313 148 180 293 259 140 156 94 155 159 204 196 196 121 242 179 226 155 235 266 202 21 81 324 95 233 335 288 220 264 226 174 266 215 299 349 246 209 117 311 160 205 296 238 154 142 155 253 188 238 194 214 41 118 60 184 151 105 245 157 60 22 124 265 242 205 120 282 90 79 162 193 289 128 176 215 113 174 180 289 157 291 161 137 151 295 80 139 271 103 218 161 180 72 198 302 187 124 269 129 120 227 265 294 251 170 106 249 257 88 163 85 209 190 74 120 159 89 100 144 57 222 272 69 280 47 150 113 305 202 205 146 40 222 303 281 271 216 222 111 133 203 201 162 71 284 196 69 240 91 54 162 159 355 272 162 144 214 129 88 177 190 102 218 205 301 222 185 166 188 200 211 182 280 104 123 125 43 167 277 104 266 315 291 164 346 189 98 304 41 177 250 119 50 121
 351 346 54 280 238 450 269 142 235 312 381 264 274 452 311 322 255 318 358 255 124 309 372 100 313 1 308 252 351 161 351 472 98 247 322 147 359 200 59 419 372 430 344 340 439 327 429 418 75 70 368 336 310 241 261 128 478 132 415 144 226 165 461 345 207 501 302 286 43 407 81 47 93 345 123 236 155 92 150 46 41 226 360 353 326 354 500 45 147 276 424 274 340 137 91 166 195 330 239 311 255 166 297 251 465 339 292 409 374 120 253 212 46 395 309 444 125 269 301 328 329 267 165 253 168 321 118 212 203 403 182 299 391 182 361 338 278 303 357 290 64 328 200 267 433 356 148 272 24 67 188 414 80 347 369 373 240 505 325 352 268 339 240 311 291 329 202 76 308 231 319 178 371 332 308 148 446 309 123 241 250 43 111 369 205 202 496 368 171 343 45 431 349 83 245 308 470 258 43 199 209 277 119 439 254 236 409 228 302 383 23 390 293 472 487 122 387 286 99 227 420 365 272 445 42 273 58 373 23 252 34 146 397 351 337 215 91 400 265 357
 213 110 265 79 70 179 51 169 261 38 88 257 56 173 185 53 236 57 109 83 274 27 111 222 141 308 1 145 55 199 147 200 217 129 149 230 225 136 282 162 67 130 41 33 137 178 144 113 257 280 280 30 49 69 272 180 185 177 146 183 276 159 200 95 169 222 154 207 300 186 236 310 244 81 210 118 156 229 165 275 332 141 75 257 177 297 216 310 178 273 141 273 113 174 217 262 133 112 77 196 72 192 38 129 207 100 134 134 127 198 91 110 294 211 63 156 192 168 257 38 343 50 234 71 209 289 234 251 111 105 209 212 96 186 243 78 39 42 109 65 270 317 125 147 174 64 172 141 296 264 120 218 229 117 225 67 107 223 320 100 238 34 102 43 18 95 134 241 204 173 99 211 252 169 63 263 178 177 187 193 166 269 197 88 170 211 212 74 141 93 296 125 209 262 192 88 212 271 344 178 100 264 253 197 84 81 103 104 82 85 288 98 307 210 211 189 90 51 235 104 154 265 129 154 267 224 251 176 287 273 337 162 224 165 179 98 221 123 134 64
 333 248 199 194 117 323 99 162 323 119 169 333 91 316 296 194 313 110 121 66 281 125 255 153 262 252 145 1 152 228 101 342 158 217 71 121 346 64 205 306 202 264 157 168 266 79 286 240 181 259 391 158 185 108 344 154 322 159 290 111 332 95 344 114 48 362 268 304 226 326 210 233 163 122 130 38 155 161 117 208 260 29 146 368 78 399 355 275 109 351 283 350 99 163 175 292 74 245 148 305 80 224 168 18 351 238 247 278 133 136 58 163 261 345 197 296 184 30 349 135 424 150 267 83 96 381 141 305 147 243 87 312 235 74 360 116 110 110 250 85 195 405 171 16 319 208 113 21 252 239 120 355 181 105 348 194 189 362 405 242 320 159 184 181 132 231 62 177 310 34 230 251 371 82 97 284 321 289 144 49 22 227 167 149 228 265 350 161 150 233 262 246 329 247 272 217 356 342 276 58 113 344 259 341 176 87 220 174 79 177 230 174 383 354 353 172 176 96 156 173 298 378 232 292 217 311 200 122 238 341 272 147 356 100 301 93 166 266 232 207
 255 144 305 131 117 183 83 217 314 40 34 310 80 173 231 92 288 43 70 104 326 43 133 260 186 351 55 152 1 252 116 200 257 183 130 256 267 164 320 175 58 115 19 39 115 159 143 89 294 329 324 31 93 112 325 225 173 223 156 217 330 194 207 59 187 216 201 257 339 211 283 348 279 43 245 136 204 267 204 315 372 158 24 301 158 344 208 358 213 325 142 325 83 221 261 315 164 151 130 243 100 245 89 138 215 135 182 142 83 236 110 163 342 244 108 151 240 167 307 24 394 104 288 101 233 339 266 305 162 97 229 260 93 209 285 45 74 50 137 71 308 367 178 148 186 78 209 141 342 312 165 247 272 84 265 46 161 215 370 130 290 28 156 88 66 133 162 281 252 183 140 265 294 147 56 316 183 224 229 200 172 314 242 37 223 265 203 20 190 125 343 96 251 311 244 133 220 324 385 198 145 316 305 213 138 116 69 158 74 34 331 44 358 215 208 236 37 68 270 158 164 308 180 146 310 276 294 141 332 326 379 208 258 137 221 137 262 131 186 77
 192 198 150 142 142 303 183 71 103 221 285 122 192 307 151 191 107 235 287 189 78 213 228 141 157 161 199 228 252 1 303 324 127 96 285 198 200 167 174 269 251 299 239 227 312 303 289 295 160 103 215 227 181 151 127 89 339 81 269 146 106 145 310 272 204 354 144 129 180 251 84 190 162 264 155 194 75 140 123 156 199 202 269 198 302 208 355 140 143 139 283 137 278 73 104 67 156 181 123 151 181 8 173 217 313 194 137 267 306 130 192 90 126 236 174 304 60 256 152 231 207 150 40 177 200 179 176 80 95 273 212 141 261 193 204 259 185 215 212 215 165 195 75 242 283 228 133 243 140 96 111 255 113 285 209 258 100 360 194 209 118 231 103 184 187 185 168 139 149 228 173 26 214 302 230 65 298 150 109 249 240 120 89 282 47 50 352 271 80 200 128 310 189 84 86 165 317 124 202 203 125 135 60 285 122 161 293 97 235 283 152 295 166 321 340 73 288 203 157 97 273 210 118 306 130 119 123 332 139 121 194 86 238 313 178 144 121 259 110 229
 359 254 299 221 166 297 128 246 387 110 112 390 117 286 329 198 368 91 50 115 366 121 247 252 286 351 147 101 116 303 1 313 255 263 34 220 371 154 305 291 173 224 131 151 220 53 256 195 281 352 425 140 194 156 403 243 279 246 271 208 399 189 321 58 148 325 299 348 326 325 302 333 263 74 230 119 235 260 209 308 360 125 97 402 52 441 315 371 206 407 256 407 35 248 269 369 162 257 194 340 124 297 183 101 329 244 278 257 48 233 112 221 357 355 209 262 269 95 397 115 479 181 342 128 195 429 242 372 211 210 185 353 208 175 388 73 131 108 249 94 295 456 234 87 301 193 207 81 349 332 194 360 277 33 371 160 236 323 458 241 373 139 230 189 144 240 152 276 347 129 245 323 398 39 86 364 298 321 237 132 110 323 258 90 290 331 310 112 226 235 357 195 354 338 324 234 334 401 376 158 179 399 343 328 216 143 170 225 73 123 329 111 440 329 319 260 119 109 256 224 279 410 269 256 314 361 297 31 336 402 372 232 368 22 325 161 263 246 273 191
 187 128 440 193 256 23 249 333 324 225 203 302 254 28 201 160 288 238 264 282 396 218 102 404 171 472 200 342 200 324 313 1 396 230 329 424 192 331 461 56 144 91 189 175 100 358 58 121 437 425 247 186 172 259 318 351 53 345 59 371 344 350 25 257 368 32 189 240 476 93 392 486 428 241 398 317 321 409 348 450 504 340 217 232 357 279 37 461 367 309 60 311 281 338 388 365 327 144 241 210 270 317 188 326 31 134 190 68 272 380 289 262 445 137 168 52 348 363 275 211 353 217 344 269 406 295 423 330 275 104 406 233 109 383 209 244 237 234 116 259 449 322 273 342 44 136 358 335 455 414 299 124 400 281 182 155 233 39 327 121 281 185 233 173 215 144 330 419 220 371 154 320 210 346 250 375 27 197 364 391 363 430 366 224 279 304 37 201 306 131 448 126 185 405 261 165 32 319 512 376 283 300 382 58 220 276 146 245 270 191 457 206 334 23 18 352 196 248 419 247 53 230 207 59 433 265 420 334 450 326 505 333 150 334 171 289 396 79 215 137
 305 272 49 205 148 374 175 70 226 218 286 248 179 373 263 239 233 223 261 158 144 215 295 15 252 98 217 158 257 127 255 396 1 185 227 77 315 103 67 345 283 344 251 249 352 234 348 329 43 107 339 244 227 149 252 48 395 57 338 48 226 68 387 249 115 423 246 249 84 342 64 94 37 248 35 139 79 16 54 60 116 131 264 320 233 334 420 119 50 265 343 263 243 66 26 170 98 260 156 266 159 128 212 155 392 265 231 330 277 23 156 137 105 340 229 362 69 177 278 234 330 182 154 158 87 306 51 203 122 317 101 261 306 93 322 242 185 208 282 194 55 321 129 173 359 271 51 177 95 88 99 357 26 250 323 283 170 426 319 276 244 247 168 227 200 255 105 25 266 141 247 152 333 239 212 156 370 259 32 155 158 70 40 273 158 176 417 273 92 266 106 341 302 100 207 234 398 249 129 109 118 261 124 371 177 142 318 154 205 289 76 294 290 399 410 57 292 191 31 153 344 332 210 362 60 244 43 278 82 245 123 65 345 256 283 122 10 320 205 271
 125 104 223 55 103 208 136 116 133 161 214 130 147 212 84 104 108 179 234 158 170 151 133 197 68 247 129 217 183 96 263 230 185 1 254 238 136 168 246 175 167 208 167 150 221 279 195 207 226 196 176 154 96 113 144 138 245 130 174 179 149 165 216 219 213 260 62 88 257 161 167 268 221 206 200 180 108 200 152 232 282 197 203 153 278 184 261 232 175 146 189 146 232 121 171 145 159 87 72 91 145 89 95 201 219 99 47 172 252 177 165 59 217 155 86 210 126 246 135 166 218 84 120 141 229 168 226 125 77 183 237 96 170 213 148 203 133 159 117 170 235 194 59 227 189 141 164 225 229 186 110 172 182 237 142 176 29 265 196 115 111 157 35 101 124 90 168 205 95 230 79 96 159 274 179 152 203 78 156 253 235 205 149 217 52 87 258 201 97 106 220 223 121 177 64 72 224 143 288 216 108 137 154 193 48 132 210 44 191 210 234 224 180 227 246 133 215 154 214 46 178 164 26 213 211 99 199 293 225 145 280 123 161 278 99 126 183 165 20 141
 358 258 269 218 154 312 120 224 374 114 133 379 109 302 326 202 358 96 73 99 345 123 256 223 285 322 149 71 130 285 34 329 227 254 1 189 371 129 275 302 187 243 143 160 240 30 272 215 251 327 422 149 196 144 391 219 299 223 284 180 384 163 335 74 117 344 296 341 296 333 278 303 233 89 200 94 215 231 184 279 330 97 114 399 29 435 335 344 178 397 271 396 51 226 243 350 137 260 184 336 111 280 183 74 343 249 274 270 77 205 94 208 330 359 210 280 247 62 389 123 469 175 324 115 163 421 211 357 195 226 152 348 222 144 387 86 126 108 256 89 265 447 219 56 313 203 181 51 321 307 175 367 250 53 371 175 227 342 449 248 363 148 221 191 143 243 127 247 343 97 246 306 397 21 87 344 312 318 211 100 78 296 233 111 276 316 330 131 207 241 331 217 354 313 314 234 348 389 346 127 162 389 322 339 208 127 191 215 69 144 300 134 430 344 337 237 141 105 226 213 292 408 264 274 286 352 269 52 308 390 342 209 372 30 325 143 236 259 266 201
 362 309 96 243 170 403 181 132 299 218 280 319 180 399 320 265 303 216 240 153 219 219 326 64 301 147 230 121 256 198 220 424 77 238 189 1 373 95 92 378 295 359 256 260 364 187 371 339 74 179 404 252 254 166 324 111 414 120 367 60 300 77 420 231 75 449 299 312 113 385 139 118 57 236 45 122 135 69 87 102 145 103 257 383 186 402 444 181 64 336 368 335 218 129 102 246 98 300 190 325 160 198 237 127 426 300 281 357 253 69 147 182 171 390 260 384 140 130 347 235 404 209 228 161 27 375 31 276 164 334 38 324 324 49 382 229 193 208 316 187 85 393 180 134 392 291 75 141 154 160 133 405 100 225 379 292 217 451 391 309 313 255 213 252 213 291 97 81 327 93 285 224 393 195 204 232 400 315 91 97 112 136 111 263 222 246 440 269 143 299 171 349 358 174 272 271 431 322 162 64 144 332 200 408 217 150 323 200 191 286 126 287 363 431 437 126 287 190 54 198 374 395 261 382 122 310 109 238 140 318 160 120 397 216 336 137 86 346 257 291
 14 126 347 154 230 178 254 246 151 262 291 123 264 191 54 176 117 282 332 282 252 252 148 327 86 359 225 346 267 200 371 192 315 136 371 373 1 302 371 147 224 227 249 229 243 398 194 244 353 296 61 238 178 239 138 269 233 260 162 314 171 301 169 319 347 221 79 75 378 100 282 389 351 303 333 309 240 330 287 354 398 328 290 42 397 90 228 333 310 125 188 127 337 251 297 211 293 117 199 50 269 196 190 329 167 133 100 172 348 310 290 194 321 58 163 205 249 374 89 260 162 198 200 265 365 104 359 166 212 213 372 62 205 348 20 302 246 265 137 283 361 131 194 354 153 195 299 350 338 293 245 76 307 341 13 239 161 230 136 142 106 240 166 184 229 135 302 332 52 362 128 183 28 391 287 227 172 59 288 385 365 319 277 303 159 159 228 281 231 144 323 259 18 279 115 138 170 139 400 351 241 117 246 136 171 260 260 178 303 283 351 300 145 177 207 260 289 267 345 180 159 44 116 212 329 94 321 400 338 147 392 255 49 389 48 258 311 173 118 196
 291 222 149 158 80 310 87 100 264 125 190 276 86 306 251 174 256 126 159 60 219 125 235 102 223 200 136 64 164 167 154 331 103 168 129 95 302 1 160 288 201 265 162 166 270 141 278 245 135 199 343 158 163 75 285 92 320 96 275 58 271 36 328 147 45 355 225 253 180 299 150 189 119 149 83 37 93 110 56 159 214 36 167 320 140 347 350 218 55 294 274 293 141 100 116 229 12 214 106 258 66 163 145 56 335 212 205 265 175 81 56 111 203 310 171 290 121 90 295 142 366 119 205 66 75 326 103 244 93 240 76 262 230 53 315 142 98 114 227 96 149 349 116 78 301 197 54 81 196 179 62 323 124 148 307 197 142 357 349 219 264 160 137 160 119 203 3 125 262 64 199 191 326 143 114 221 308 244 84 87 74 170 106 175 171 206 346 178 90 209 204 255 286 186 217 185 340 283 229 50 62 288 196 319 135 56 229 126 104 194 178 197 325 339 344 110 196 97 110 124 283 331 187 288 162 257 145 179 184 282 224 84 319 158 261 47 110 254 186 197
 362 337 25 270 214 439 238 132 264 281 348 290 241 439 320 305 278 284 317 218 162 279 360 61 313 59 282 205 320 174 305 461 67 246 275 92 371 160 1 410 348 409 315 314 417 276 414 394 27 111 389 308 293 214 290 112 461 119 403 104 259 127 452 306 158 489 306 301 22 405 93 30 43 308 78 194 142 54 118 21 56 181 325 371 275 379 486 99 107 305 409 303 297 127 77 199 157 324 222 322 221 177 278 206 457 329 292 396 333 85 215 201 94 400 295 428 123 218 324 297 364 248 191 220 115 348 65 240 187 383 128 314 372 132 376 301 249 270 347 255 13 359 192 219 424 337 112 225 72 98 165 418 65 304 379 348 233 492 357 341 290 312 232 292 265 319 162 43 320 180 311 196 387 283 272 182 435 317 98 187 199 66 98 333 213 221 482 336 157 331 93 406 358 115 259 298 463 287 72 149 184 303 149 435 242 205 382 219 263 351 41 356 326 464 476 114 354 253 51 217 409 383 271 428 51 292 52 325 59 282 69 129 404 303 342 186 66 386 265 337
 140 74 389 141 210 36 209 280 270 192 187 249 216 46 148 115 235 208 243 242 341 184 53 354 116 419 162 306 175 269 291 56 345 175 302 378 147 288 410 1 119 90 161 144 105 332 51 115 387 370 205 155 126 214 266 299 87 293 22 323 291 303 43 234 326 87 135 187 424 51 338 435 378 217 349 277 269 359 299 398 451 300 196 188 331 236 90 406 319 258 47 259 257 285 336 310 282 89 192 158 230 262 143 289 49 81 134 37 254 331 250 210 391 97 119 60 295 328 225 181 307 170 288 228 361 247 375 275 224 88 363 181 86 339 165 219 197 200 64 224 398 276 220 307 15 101 310 301 401 360 250 90 348 259 138 133 180 94 281 70 228 155 180 129 175 91 286 368 168 332 100 265 169 321 218 320 31 143 314 353 327 377 314 205 224 249 88 182 254 81 393 126 137 351 206 113 54 267 459 334 235 248 327 38 169 233 137 193 238 176 404 192 284 55 73 300 181 212 369 194 15 188 152 68 380 212 367 315 397 273 451 281 112 311 119 243 345 46 160 102
 213 99 331 113 136 126 115 232 296 84 71 286 118 117 196 64 266 95 125 145 328 79 81 288 150 372 67 202 58 251 173 144 283 167 187 295 224 201 348 119 1 65 47 36 70 216 86 47 323 340 284 45 72 135 302 245 121 241 99 249 314 226 149 117 232 162 169 228 366 157 298 376 310 100 277 180 219 295 231 341 397 203 78 261 215 307 154 372 245 300 85 300 140 236 282 309 199 111 136 209 136 244 79 187 157 93 153 84 137 264 152 167 356 194 82 96 253 221 277 69 364 107 283 136 274 306 300 290 172 42 272 228 36 250 243 102 104 93 89 118 336 336 181 200 128 31 238 193 359 325 185 195 294 141 220 16 153 161 339 83 264 44 149 69 84 95 199 307 218 232 105 259 251 205 107 314 126 189 253 250 223 332 261 88 215 253 150 64 203 82 358 61 209 321 224 103 162 301 409 242 166 290 308 156 131 147 44 156 127 61 353 78 332 158 153 252 67 109 301 157 107 267 157 91 331 249 315 197 351 305 402 226 208 194 180 164 286 74 164 30
 218 115 391 158 197 80 179 289 327 146 113 312 181 66 214 111 294 156 175 209 375 142 84 350 171 430 130 264 115 299 224 91 344 208 243 359 227 265 409 90 65 1 108 100 17 271 41 30 384 393 288 109 122 197 329 303 58 299 70 312 347 289 104 170 296 102 191 251 426 139 353 437 372 154 339 244 276 356 292 401 457 266 130 268 270 316 93 427 308 324 44 325 194 294 341 352 262 132 192 226 200 292 134 249 113 114 181 57 182 326 216 221 411 184 126 41 309 282 296 131 381 164 327 199 338 322 363 326 228 28 336 248 40 314 246 158 167 157 100 181 397 351 234 262 93 74 300 255 416 379 245 179 353 193 220 72 200 100 355 99 290 107 198 121 147 121 263 368 236 295 133 302 252 259 169 359 82 207 313 313 285 390 320 135 258 293 88 113 260 105 413 38 215 374 257 138 117 329 468 305 227 314 357 123 181 210 56 207 188 102 412 116 354 110 96 309 106 173 363 208 76 270 192 34 390 274 374 244 409 334 461 285 199 245 190 227 346 56 200 74
 237 126 300 114 108 171 78 208 298 40 49 293 77 162 214 75 272 50 86 104 314 38 117 255 168 344 41 157 19 239 131 189 251 167 143 256 249 162 315 161 47 108 1 22 110 172 132 85 290 319 307 14 76 104 308 217 165 215 143 214 314 190 194 75 190 207 184 240 334 194 274 344 276 58 241 138 195 262 198 310 367 160 42 284 171 327 199 349 210 309 130 309 97 212 254 301 162 133 117 226 97 232 72 142 202 118 165 128 101 231 110 150 333 227 90 141 231 175 290 23 377 90 274 97 234 321 264 289 151 87 231 243 81 210 268 59 68 50 120 73 303 350 165 155 172 62 204 148 334 303 157 231 265 99 247 38 146 206 353 113 273 10 141 70 55 116 160 276 234 188 123 251 276 161 62 303 171 206 222 205 178 306 234 55 209 250 195 36 180 108 334 94 233 301 228 115 207 307 379 200 137 299 293 198 122 111 68 144 82 45 324 59 341 203 198 227 50 67 267 144 151 290 163 137 303 259 287 157 324 310 373 200 240 152 203 131 256 118 169 61
