NAME : domp180p45v10
COMMENT : (Deleplanque et al.) 
TYPE : DOMP
DIMENSION : 180
DISPLAY_DATA_TYPE: NO_DISPLAY
OPEN_FACILITIES : 45
COST_SECTION
 1 244 170 291 157 205 315 378 92 225 79 98 269 138 174 117 62 165 96 334 300 185 67 199 238 328 249 316 100 121 326 278 295 198 313 241 50 85 227 93 288 251 339 214 172 276 116 37 202 250 113 342 203 191 308 48 139 240 310 175 117 217 187 111 368 167 128 224 104 301 187 162 170 169 92 177 227 265 271 216 19 260 128 183 271 138 329 219 188 103 330 317 325 241 22 82 338 117 270 63 128 55 361 133 156 281 89 305 354 213 158 80 173 342 46 326 226 194 319 304 252 171 200 41 372 101 227 341 344 337 191 142 320 16 279 169 165 106 73 212 161 264 58 328 200 277 177 187 126 170 346 196 304 181 185 195 83 53 146 207 249 342 266 308 166 204 202 155 277 226 204 246 215 183 291 37 34 322 123 327
 244 1 279 114 100 266 90 159 317 21 273 240 80 120 298 186 245 248 243 222 120 288 244 181 157 230 103 141 165 223 105 81 223 281 151 196 273 161 115 272 171 237 103 45 114 181 159 219 194 24 197 115 97 157 110 285 106 86 73 120 295 159 65 186 239 268 226 168 282 164 277 259 134 359 222 71 90 146 135 314 251 74 224 317 32 274 170 51 144 154 105 227 110 52 225 315 116 147 173 187 180 190 235 324 135 43 166 107 132 39 260 171 317 135 269 92 53 225 106 62 66 105 247 210 160 291 233 99 101 186 372 241 128 235 180 356 80 152 294 90 263 98 300 158 208 174 74 301 121 222 118 87 61 347 193 96 209 215 287 316 64 149 33 144 291 260 263 199 229 38 328 38 62 188 124 228 247 115 261 116
 170 279 1 373 185 365 307 437 139 268 101 75 341 236 21 101 230 326 262 235 261 352 103 334 355 222 217 402 227 279 311 263 185 362 256 374 135 190 327 84 399 123 380 274 275 191 242 192 341 297 262 393 297 316 379 157 210 221 350 282 286 339 254 104 271 332 287 349 78 232 22 21 147 108 252 215 315 371 371 383 188 332 286 352 310 35 425 232 307 150 318 210 305 306 178 154 394 146 387 194 268 173 264 92 271 297 210 278 410 242 322 154 44 310 136 369 294 344 299 335 322 175 356 189 437 90 375 369 360 263 109 41 282 180 195 103 218 149 131 199 17 235 197 271 96 197 210 354 184 323 396 283 332 81 99 187 104 210 315 375 244 299 311 399 334 362 362 82 158 245 372 302 288 102 248 200 137 389 48 303
 291 114 373 1 190 224 177 96 378 114 343 320 36 155 390 274 267 223 251 333 226 257 314 138 90 342 216 30 193 220 191 188 336 243 258 127 332 211 70 346 71 348 94 100 121 294 179 258 148 91 202 80 90 124 26 337 168 199 89 119 297 107 121 272 346 243 219 110 358 275 375 354 235 436 233 160 65 58 42 275 291 43 218 295 95 361 57 161 118 229 187 339 200 70 270 371 70 229 84 229 182 241 343 399 139 133 203 208 79 143 239 236 405 226 327 85 81 184 198 106 53 204 204 251 85 364 175 119 141 292 453 333 228 278 293 434 156 229 356 200 357 209 339 261 314 287 166 272 193 194 84 98 112 432 297 202 285 247 275 281 176 244 87 31 271 217 221 297 342 149 299 79 86 292 233 264 306 42 346 207
 157 100 185 190 1 250 159 255 221 86 175 141 157 82 203 88 176 220 187 208 147 257 146 185 188 209 99 219 110 180 170 122 186 257 165 217 179 85 152 173 224 174 202 91 110 152 114 140 196 115 153 212 122 161 195 193 46 86 172 118 236 178 72 88 237 235 186 188 183 161 186 165 52 260 167 31 136 195 192 288 168 148 184 277 131 176 243 64 148 58 174 201 169 122 142 221 212 49 216 112 144 106 231 225 118 129 101 149 228 63 225 79 220 187 174 190 110 214 163 160 139 25 234 131 254 192 236 197 195 195 273 146 165 152 153 257 37 55 198 60 169 111 214 179 131 149 27 267 36 202 215 107 158 249 112 44 110 143 241 286 92 189 130 217 252 245 246 108 180 73 293 119 106 107 141 152 154 205 163 171
 205 266 365 224 250 1 355 316 288 249 283 291 227 170 373 281 145 40 111 456 376 42 266 89 134 457 338 233 148 87 370 340 434 23 402 102 253 185 164 296 172 411 312 223 155 401 138 175 78 254 106 302 171 111 249 242 205 322 295 149 122 119 210 275 483 44 79 115 307 405 378 352 295 370 115 242 186 168 184 52 190 223 80 81 274 336 225 280 124 235 370 449 375 226 190 272 292 247 151 173 108 194 477 336 138 307 163 369 301 261 50 219 375 400 249 300 217 43 371 303 223 273 21 177 301 305 55 330 347 436 393 330 389 191 402 371 224 238 273 302 353 344 217 413 362 397 247 56 221 49 305 180 307 385 343 291 263 157 83 59 313 411 264 220 66 7 5 321 426 278 78 240 206 338 375 170 237 264 320 381
 315 90 307 177 159 355 1 173 376 109 327 288 149 204 327 232 326 337 328 171 64 376 300 269 241 185 92 196 249 310 17 45 193 370 93 281 336 237 200 322 244 229 110 134 203 153 244 295 282 104 284 132 185 245 161 351 183 88 94 209 379 246 151 234 177 356 313 253 330 118 299 288 167 402 307 140 175 223 209 403 325 148 312 406 87 312 227 97 232 216 17 186 25 134 298 377 140 205 251 264 267 262 175 370 223 50 246 41 151 107 349 237 349 50 331 108 140 313 23 73 143 150 336 286 183 342 320 85 64 123 411 276 56 308 150 398 156 213 354 114 292 74 372 91 219 144 139 390 190 311 132 176 67 384 210 129 263 294 375 405 69 69 97 204 380 349 352 229 209 91 417 118 150 207 77 305 311 157 302 32
 378 159 437 96 255 316 173 1 462 170 422 393 111 241 455 342 360 318 345 343 235 351 393 233 183 357 245 85 283 315 183 204 361 336 264 216 416 295 165 423 149 387 65 170 211 319 270 347 242 141 296 46 180 220 74 424 246 233 90 211 393 202 196 341 348 338 314 203 434 289 435 417 291 512 327 225 155 149 133 367 380 120 313 389 128 430 102 207 213 304 176 357 194 139 358 456 44 300 168 317 276 326 346 476 231 151 291 212 28 196 334 316 473 214 411 71 154 277 194 110 127 263 297 339 19 442 265 89 113 294 527 399 227 367 317 509 227 303 439 245 420 233 429 262 364 311 229 366 268 289 44 184 115 503 349 253 360 337 371 374 207 236 127 98 366 310 314 357 373 194 392 138 164 345 246 354 390 59 416 201
 92 317 139 378 221 288 376 462 1 300 52 97 354 224 132 149 144 249 178 355 348 262 78 291 329 345 297 405 191 208 385 335 308 278 354 332 47 168 316 64 379 252 417 294 260 302 207 128 293 328 204 423 290 282 393 48 217 293 388 264 180 308 267 145 391 247 215 315 64 336 160 142 214 86 179 247 314 355 361 290 101 344 215 249 347 106 419 283 279 165 390 333 382 323 113 19 420 174 362 152 219 138 384 60 246 349 177 358 436 282 239 148 119 395 52 404 308 282 376 379 336 227 286 132 456 50 316 415 415 371 110 133 369 107 305 88 239 167 24 265 139 315 77 370 210 305 245 260 198 258 427 282 377 110 202 249 115 144 217 279 308 390 343 397 239 288 285 170 285 293 270 326 299 201 337 127 73 406 101 382
 225 21 268 114 86 249 109 170 300 1 257 225 79 99 287 173 224 230 223 230 133 269 228 165 145 237 108 142 145 203 124 94 226 262 162 183 256 142 103 256 164 235 118 27 95 185 139 199 178 30 177 128 81 140 114 267 87 90 89 101 274 145 44 173 249 248 206 154 266 173 268 249 125 344 202 56 79 138 129 296 231 72 205 298 48 261 170 49 127 138 124 232 128 46 206 297 127 132 164 168 160 171 245 309 116 63 146 122 143 30 241 153 304 153 251 106 42 207 123 80 63 95 230 190 170 275 217 117 121 197 358 230 143 216 185 341 62 136 277 88 252 106 280 170 202 179 60 282 104 204 131 70 80 334 186 90 193 195 268 297 72 164 45 143 272 243 245 189 230 38 309 36 47 181 135 208 229 122 247 133
 79 273 101 343 175 283 327 422 52 257 1 46 316 190 100 98 140 243 174 305 297 263 30 270 303 295 247 370 164 198 336 286 259 276 302 312 36 135 284 18 351 205 374 253 228 251 181 110 275 285 187 382 256 258 355 57 177 243 344 233 190 283 227 95 341 245 206 292 26 284 120 99 164 96 169 203 280 326 330 294 95 306 205 258 303 66 387 236 252 120 341 283 332 284 94 61 380 127 336 125 199 107 333 59 218 303 148 308 396 237 236 108 96 344 37 362 269 269 326 334 298 178 277 111 418 24 303 371 369 320 117 86 319 93 254 96 196 122 35 216 97 264 98 318 160 254 200 264 155 246 385 246 332 104 151 199 66 128 223 284 259 339 300 364 243 281 280 120 236 246 279 285 260 151 286 114 47 368 56 332
 98 240 75 320 141 291 288 393 97 225 46 1 290 173 83 57 156 253 188 260 254 278 32 265 291 251 204 348 157 205 295 245 215 288 258 306 73 122 267 36 337 162 342 225 212 206 173 118 271 254 189 352 237 249 330 95 152 202 312 218 214 273 201 55 296 258 213 282 44 240 90 65 122 120 178 170 259 310 312 310 116 281 212 279 271 47 368 199 241 92 301 239 291 257 105 105 350 94 323 122 196 101 288 85 205 266 140 266 367 203 248 88 91 302 71 330 243 272 285 300 272 140 283 115 391 55 304 336 332 275 135 46 276 107 209 117 167 92 79 175 65 222 134 274 116 209 167 281 128 250 355 225 298 113 106 159 36 136 241 302 220 296 269 343 261 289 288 74 193 210 299 256 235 106 243 126 66 341 30 290
 269 80 341 36 157 227 149 111 354 79 316 290 1 132 359 242 251 221 239 300 195 257 287 139 98 309 182 64 173 210 164 156 302 245 226 138 308 186 64 318 96 313 86 68 102 260 160 237 151 57 189 80 71 120 41 314 140 165 70 102 288 110 90 241 315 241 210 115 329 242 342 322 202 408 220 127 47 75 61 278 270 10 209 293 64 330 92 127 111 200 161 306 173 36 248 347 73 198 103 207 169 217 311 371 123 103 182 178 87 108 235 209 374 198 303 74 49 186 170 82 20 171 208 230 104 336 183 104 123 260 424 301 198 257 259 405 125 199 331 166 325 176 319 231 280 253 133 272 164 192 84 75 87 402 263 168 256 227 270 283 142 216 55 65 268 221 224 264 308 115 299 44 56 258 201 244 281 54 315 179
 138 120 236 155 82 170 204 241 224 99 190 173 132 1 250 137 127 142 125 287 213 181 162 106 120 289 171 182 47 108 218 179 267 179 236 142 178 57 96 195 165 251 204 81 40 232 41 107 117 119 81 206 67 84 170 184 36 155 178 47 176 105 56 133 314 159 112 115 207 237 243 219 130 285 104 75 91 138 141 211 140 123 111 205 141 217 198 116 73 87 220 281 221 105 117 217 201 94 152 77 67 87 309 248 39 161 52 209 217 100 150 86 262 243 173 191 90 134 215 175 115 105 153 99 234 212 156 211 218 268 303 196 228 126 233 283 56 88 202 134 221 178 190 248 204 228 79 192 58 122 210 59 176 284 185 122 138 99 172 210 150 251 134 175 180 165 166 171 260 117 219 112 79 180 210 115 152 184 201 225
 174 298 21 390 203 373 327 455 132 287 100 83 359 250 1 118 235 334 268 253 281 358 109 346 369 239 237 419 239 287 332 283 202 369 276 387 135 203 343 84 414 140 399 292 290 210 254 199 353 316 272 412 312 329 397 156 226 241 369 296 289 353 271 120 288 338 295 362 76 251 36 40 167 91 259 233 332 386 387 389 192 350 294 356 329 38 441 252 321 165 338 227 325 324 185 148 412 163 401 204 279 183 281 80 285 317 222 298 429 261 329 167 25 330 136 388 311 354 319 354 340 194 365 197 455 86 386 389 380 282 90 58 302 186 214 86 235 165 127 219 37 256 196 291 115 216 229 360 200 332 415 299 351 62 119 207 116 217 319 381 263 318 329 416 339 371 370 101 175 264 377 321 305 122 268 206 141 407 54 323
 117 186 101 274 88 281 232 342 149 173 98 57 242 137 118 1 164 245 189 218 200 275 73 238 256 212 149 303 136 198 239 189 179 282 206 277 115 98 227 92 299 137 288 176 175 161 149 122 247 202 176 299 196 219 281 135 109 146 258 183 227 241 154 7 253 254 205 251 100 190 107 83 67 174 174 118 215 271 270 308 134 233 204 284 217 89 325 144 209 51 245 201 235 208 114 154 299 46 287 111 177 91 246 141 174 211 120 211 315 149 244 63 133 247 111 277 195 255 229 245 224 85 270 115 341 111 283 281 276 226 187 61 221 121 164 171 118 50 128 119 85 167 168 222 86 163 114 281 83 236 302 183 243 162 70 103 38 135 246 302 164 242 216 299 263 278 278 42 161 155 303 206 189 67 189 133 96 292 76 235
 62 245 230 267 176 145 326 360 144 224 140 156 251 127 235 164 1 106 36 372 322 124 127 154 199 369 273 289 81 65 339 295 338 137 340 195 109 92 198 154 251 300 329 207 150 314 92 43 155 245 68 329 181 152 287 98 143 261 303 150 64 178 182 158 405 106 72 183 165 333 246 220 204 226 38 187 206 231 240 155 46 243 72 124 267 198 297 231 153 133 341 358 339 229 53 129 323 148 231 65 88 77 398 192 129 285 80 323 337 220 98 109 234 360 105 316 214 139 334 301 237 195 142 50 350 161 173 336 344 367 249 199 340 50 316 227 171 136 129 234 220 286 80 354 249 313 189 126 141 115 333 178 302 241 232 218 135 34 86 147 264 363 260 279 105 145 143 205 323 236 144 238 203 229 316 32 95 302 183 342
 165 248 326 223 220 40 337 318 249 230 243 253 221 142 334 245 106 1 72 427 353 40 227 86 137 427 312 237 114 49 352 318 403 39 377 114 214 150 158 257 182 377 306 205 136 370 107 136 78 239 70 298 157 101 247 203 176 296 286 130 91 117 188 239 455 21 41 117 268 378 340 314 263 331 76 216 176 172 186 70 151 215 42 73 260 297 234 257 112 200 353 419 356 213 151 234 289 213 160 136 77 156 449 297 115 290 128 347 300 239 18 183 336 380 210 293 202 46 351 292 213 243 39 138 304 265 76 321 336 410 354 292 367 152 372 332 198 203 234 275 314 320 179 389 326 368 220 53 189 30 302 164 295 346 308 262 225 118 57 69 290 390 251 224 49 39 37 285 392 255 81 227 191 303 351 130 198 263 281 361
 96 243 262 251 187 111 328 345 178 223 174 188 239 125 268 189 36 72 1 390 331 91 160 128 176 388 285 271 81 35 342 301 359 103 351 167 143 105 182 188 227 325 320 203 139 332 86 71 127 241 50 318 169 130 272 132 149 271 296 137 52 154 180 183 421 72 41 158 199 347 277 251 222 261 22 193 193 210 221 123 81 231 41 96 263 231 276 237 134 152 344 378 344 221 84 163 311 167 206 82 71 99 415 227 117 285 88 330 324 223 63 131 268 366 140 307 207 107 338 296 226 209 109 76 334 196 141 330 340 381 284 229 348 83 334 261 176 156 163 246 251 296 110 365 274 331 196 94 153 83 322 169 298 276 256 231 164 55 58 115 271 371 255 260 75 110 108 231 346 240 115 231 195 253 326 63 129 288 216 348
 334 222 235 333 208 456 171 343 355 230 305 260 300 287 253 218 372 427 390 1 110 464 287 384 373 19 123 357 316 386 163 146 52 464 80 409 329 286 331 292 392 115 280 254 307 59 321 331 396 244 360 302 306 359 322 351 253 141 260 315 435 370 255 224 37 442 392 379 294 59 218 222 170 342 371 216 307 366 356 495 350 295 391 483 239 258 388 185 345 240 170 29 152 272 327 364 309 225 392 310 351 296 30 323 321 202 305 132 321 206 432 264 277 137 327 277 270 419 150 239 287 185 439 323 353 308 437 255 233 54 341 224 117 335 57 337 233 237 338 155 226 125 385 84 147 60 211 474 240 408 302 292 233 313 155 166 255 340 446 493 160 115 247 362 458 451 452 187 80 193 499 259 275 156 101 343 314 322 257 145
 300 120 261 226 147 376 64 235 348 133 297 254 195 213 281 200 322 353 331 110 1 392 272 296 276 123 52 249 252 319 59 40 130 388 32 315 311 231 234 289 289 171 171 159 222 91 251 286 309 141 292 193 213 271 214 330 183 62 151 230 381 277 168 204 121 371 324 286 296 55 251 243 135 362 310 140 210 265 253 421 312 191 322 417 132 271 280 98 257 198 66 124 49 171 286 352 200 184 292 258 279 251 118 333 240 94 245 24 212 116 362 221 304 50 308 168 172 336 46 130 184 130 358 277 244 308 349 147 127 67 368 234 22 296 88 357 158 194 327 89 247 37 356 38 168 83 136 404 182 330 193 201 124 340 163 106 235 289 383 421 65 43 141 256 391 371 373 187 147 100 431 156 179 161 15 297 290 213 264 45
 185 288 352 257 257 42 376 351 262 269 263 278 257 181 358 275 124 40 91 464 392 1 250 120 169 464 350 269 149 80 392 357 438 22 416 140 231 183 194 277 210 410 342 244 175 407 144 160 110 278 105 334 196 138 282 217 213 334 324 169 87 151 227 269 493 23 73 149 288 416 367 341 299 346 103 254 214 204 219 34 169 252 74 40 299 321 264 295 149 233 392 455 396 252 174 245 325 247 189 166 115 185 487 314 154 329 162 386 335 278 33 214 358 420 228 330 241 75 390 330 251 280 57 164 337 284 95 359 374 448 370 319 406 173 409 347 236 236 249 313 341 358 188 428 359 405 258 16 225 67 338 203 333 363 340 300 253 144 47 30 329 429 290 256 27 47 43 317 427 294 43 265 230 336 389 153 219 298 305 400
 67 244 103 314 146 266 300 393 78 228 30 32 287 162 109 73 127 227 160 287 272 250 1 247 277 278 221 342 139 180 309 259 243 261 279 288 44 108 257 34 325 192 345 224 201 231 156 92 252 256 167 353 229 233 327 65 148 216 315 207 184 258 198 69 322 231 188 267 46 262 121 96 138 123 152 174 251 299 302 282 86 278 187 249 274 72 360 208 227 91 314 267 305 255 77 81 350 98 310 101 176 82 315 86 192 274 123 282 367 208 222 79 111 318 41 333 240 250 299 305 269 150 259 91 389 51 282 342 340 298 142 77 293 78 234 122 167 93 56 189 95 238 103 295 145 234 171 252 126 227 356 218 303 126 133 172 38 110 212 273 231 314 271 336 232 264 263 101 222 218 270 256 231 132 261 98 35 339 57 305
 199 181 334 138 185 89 269 233 291 165 270 265 139 106 346 238 154 86 128 384 296 120 247 1 52 388 263 152 109 94 285 258 369 107 324 43 248 145 76 279 100 356 224 139 77 332 93 164 14 167 88 215 85 26 163 245 141 245 207 69 168 32 131 234 408 106 90 32 291 330 343 318 235 365 117 170 98 87 101 140 191 135 90 157 187 310 151 202 40 188 284 381 291 138 179 278 206 197 79 146 73 166 403 328 68 221 125 286 216 182 102 180 354 316 243 212 130 47 286 215 135 208 70 161 219 293 54 242 259 358 386 295 307 185 332 364 153 190 271 230 319 266 233 334 309 327 175 135 163 57 219 97 219 371 290 221 231 147 140 145 233 328 177 139 134 83 86 275 364 197 162 153 121 285 297 164 226 179 294 296
 238 157 355 90 188 134 241 183 329 145 303 291 98 120 369 256 199 137 176 373 276 169 277 52 1 379 251 101 140 143 256 237 364 154 306 41 284 170 43 310 52 360 180 120 82 325 123 202 60 139 132 169 69 49 115 284 150 233 167 74 218 23 122 252 393 156 140 21 322 317 362 338 239 398 163 166 68 36 51 186 232 96 139 207 155 336 101 189 51 206 254 373 263 108 217 318 159 212 34 179 113 197 389 361 86 192 155 263 168 168 153 204 380 289 280 169 105 95 259 179 99 209 115 198 169 325 86 201 221 341 418 315 284 223 325 397 153 207 308 223 340 250 277 314 317 319 172 184 175 108 172 84 183 401 298 218 256 187 191 192 216 304 145 89 185 128 132 289 363 181 210 124 99 293 279 205 260 131 319 269
 328 230 222 342 209 457 185 357 345 237 295 251 309 289 239 212 369 427 388 19 123 464 278 388 379 1 130 367 316 386 177 157 38 465 94 414 321 284 337 282 400 101 293 260 311 58 321 327 400 253 359 314 311 363 333 343 254 147 272 319 431 374 260 218 50 442 392 384 284 69 204 210 167 329 369 219 314 373 364 496 345 304 391 481 249 246 398 191 349 237 184 13 166 280 322 355 321 222 399 307 352 293 43 311 324 213 304 145 334 212 432 260 263 153 319 289 277 421 165 251 295 185 441 319 366 297 440 269 248 71 327 213 132 330 57 324 236 234 329 159 214 134 378 99 136 61 213 473 240 409 315 297 245 299 146 168 248 337 444 493 168 131 257 372 457 452 454 178 65 199 498 267 281 148 112 339 306 333 246 160
 249 103 217 216 99 338 92 245 297 108 247 204 182 171 237 149 273 312 285 123 52 350 221 263 251 130 1 243 206 275 95 48 121 348 68 287 260 183 209 239 272 143 183 132 187 79 208 236 275 126 248 201 184 238 210 278 139 19 156 195 333 248 133 153 146 329 280 257 246 68 209 198 84 314 264 97 186 245 235 381 262 176 279 373 126 224 272 62 224 147 102 125 89 152 236 301 206 133 271 209 237 201 141 285 202 96 198 63 220 84 320 171 259 99 256 175 149 300 83 137 168 80 321 227 252 258 316 164 150 99 322 187 73 246 78 310 116 144 276 40 202 19 305 81 128 72 93 361 133 291 203 170 132 295 120 56 184 241 338 379 41 95 132 246 348 333 335 140 130 71 388 139 153 116 43 248 238 212 215 88
 316 141 402 30 219 233 196 85 405 142 370 348 64 182 419 303 289 237 271 357 249 269 342 152 101 367 243 1 218 239 210 212 363 253 281 133 359 238 92 374 66 376 102 129 146 321 203 283 160 118 223 83 115 142 37 363 197 226 105 143 316 121 149 301 369 257 237 121 386 300 404 383 264 464 254 189 92 66 52 284 315 72 236 307 119 389 32 189 138 258 206 365 220 98 295 397 72 258 85 255 203 268 366 427 162 156 229 230 75 171 253 264 434 245 354 96 110 195 218 124 82 233 214 276 69 391 181 129 154 315 481 362 249 303 319 462 185 257 382 229 386 235 363 284 343 313 195 284 222 208 86 125 130 460 326 231 314 270 291 291 202 265 112 15 285 227 231 326 369 177 309 107 115 321 257 288 333 44 374 227
 100 165 227 193 110 148 249 283 191 145 164 157 173 47 239 136 81 114 81 316 252 149 139 109 140 316 206 218 1 71 262 221 290 152 273 150 146 39 127 172 190 265 249 127 73 259 18 66 115 165 45 250 105 95 211 147 69 192 223 76 132 120 102 131 346 127 77 129 184 270 238 212 150 259 60 113 130 166 172 181 99 165 76 168 187 203 230 157 90 88 264 307 264 150 79 181 245 101 173 40 42 59 340 222 57 206 18 250 259 143 117 75 246 286 141 236 135 120 258 221 158 133 135 60 275 187 149 256 264 303 280 189 268 87 261 258 95 91 169 168 214 216 147 286 215 257 116 158 77 101 254 100 222 264 196 153 124 55 133 178 191 291 180 209 143 144 144 176 280 159 184 158 123 191 247 72 121 226 187 267
 121 223 279 220 180 87 310 315 208 203 198 205 210 108 287 198 65 49 35 386 319 80 180 94 143 386 275 239 71 1 325 286 359 85 341 133 170 104 151 210 193 331 293 181 113 329 69 89 92 218 28 289 141 98 242 161 137 260 271 110 79 121 160 192 416 58 9 125 222 340 293 266 220 288 30 180 164 176 188 112 108 203 8 99 240 250 242 223 103 154 326 377 327 195 105 193 282 168 172 88 44 109 410 253 91 265 83 316 295 207 48 136 290 350 166 280 182 75 322 273 199 203 80 91 303 220 109 305 317 373 311 244 335 106 331 288 162 158 191 237 267 284 143 354 280 327 184 88 147 51 293 144 275 300 262 223 177 71 65 108 257 358 231 227 73 85 84 239 348 224 114 207 170 258 315 85 152 258 234 331
 326 105 311 191 170 370 17 183 385 124 336 295 164 218 332 239 339 352 342 163 59 392 309 285 256 177 95 210 262 325 1 51 188 385 85 296 345 249 215 330 259 228 121 149 218 149 258 307 298 119 298 143 201 261 175 361 196 95 107 224 393 261 166 242 166 371 328 269 338 112 303 293 174 408 321 153 191 238 224 418 336 163 327 420 103 318 241 109 248 226 8 180 12 150 310 387 152 214 266 277 282 274 164 377 238 65 260 37 162 120 363 248 354 36 341 120 156 329 15 87 158 160 351 298 194 349 336 94 71 113 416 281 47 320 146 404 169 223 363 121 297 77 383 81 221 141 152 404 202 327 143 191 81 389 214 138 271 307 389 420 79 56 113 219 395 364 367 234 205 104 432 134 165 210 73 318 322 170 308 19
 278 81 263 188 122 340 45 204 335 94 286 245 156 179 283 189 295 318 301 146 40 357 259 258 237 157 48 212 221 286 51 1 158 353 71 276 296 204 195 280 250 188 140 121 186 116 219 261 271 102 259 160 175 233 177 312 153 44 117 193 351 238 131 192 160 336 290 247 287 89 255 244 124 358 280 109 170 225 214 386 289 152 289 384 94 268 242 65 220 177 57 156 48 132 263 337 166 165 253 232 245 227 156 327 204 57 216 30 180 81 328 200 305 66 291 135 133 299 42 96 145 110 321 252 212 299 311 120 104 106 366 231 50 273 114 354 126 174 313 71 248 31 335 78 175 108 107 369 156 294 161 163 90 340 166 88 221 262 351 386 31 73 102 217 358 334 337 184 171 64 397 117 140 162 46 272 272 177 258 49
 295 223 185 336 186 434 193 361 308 226 259 215 302 267 202 179 338 403 359 52 130 438 243 369 364 38 121 363 290 359 188 158 1 440 106 398 285 257 324 246 390 64 297 248 293 43 297 297 380 246 334 317 296 344 330 308 231 138 273 301 401 358 244 185 87 416 366 368 247 77 167 173 141 292 341 201 302 362 354 470 312 296 365 453 246 209 392 179 331 208 195 26 177 271 290 319 323 194 387 278 328 263 80 274 303 213 277 153 336 199 406 230 226 168 283 292 266 400 174 253 287 163 419 289 368 260 421 275 256 94 290 177 144 298 45 287 216 205 293 143 177 130 344 116 100 51 195 447 215 386 318 281 247 262 111 149 214 307 416 466 162 149 252 366 430 430 431 143 28 189 471 259 269 113 117 308 272 332 209 172
 198 281 362 243 257 23 370 336 278 262 276 288 245 179 369 282 137 39 103 464 388 22 261 107 154 465 348 253 152 85 385 353 440 1 413 123 245 188 182 290 193 415 330 237 168 408 144 171 96 270 108 321 187 128 268 232 213 332 313 162 106 138 222 276 492 32 78 135 301 415 376 350 301 361 111 252 203 189 204 35 183 241 79 59 290 332 247 292 140 238 385 456 389 242 185 261 311 251 172 173 114 193 486 328 149 322 166 381 321 273 41 220 370 414 242 318 232 61 385 320 240 281 40 174 322 298 77 348 364 446 385 328 401 185 409 362 234 241 264 312 351 355 205 425 364 405 257 35 227 59 325 195 324 377 346 299 261 153 66 39 325 424 281 240 47 28 24 323 430 290 57 256 221 341 386 164 231 284 316 394
 313 151 256 258 165 402 93 264 354 162 302 258 226 236 276 206 340 377 351 80 32 416 279 324 306 94 68 281 273 341 85 71 106 413 1 344 320 249 264 293 320 155 201 188 249 73 274 302 336 172 314 223 242 299 246 339 205 83 182 257 400 306 195 211 90 394 346 315 298 30 243 239 144 360 331 163 239 295 284 446 326 222 345 439 164 270 312 123 285 211 92 96 74 202 301 359 230 197 323 276 302 267 87 334 266 125 265 53 242 143 385 236 299 63 316 198 202 363 72 161 215 145 384 293 274 311 377 176 155 36 364 233 39 310 69 355 181 208 333 106 243 59 368 17 161 65 159 427 200 355 223 229 155 336 160 122 243 307 404 445 92 46 172 287 414 397 399 187 127 127 454 187 208 158 28 313 299 244 264 68
 241 196 374 127 217 102 281 216 332 183 312 306 138 142 387 277 195 114 167 409 315 140 288 43 41 414 287 133 150 133 296 276 398 123 344 1 290 185 82 321 71 389 219 157 108 359 134 206 41 179 130 206 104 59 152 286 175 269 207 100 202 41 155 273 431 132 128 31 333 354 383 357 268 407 157 198 107 70 86 152 233 137 127 179 195 351 124 225 70 227 295 408 303 148 221 320 196 234 50 188 115 208 426 370 104 232 167 302 203 204 131 221 395 329 285 208 144 69 299 219 140 239 85 203 201 335 50 241 261 379 428 334 323 227 359 406 183 228 313 257 359 288 274 352 344 354 204 155 199 88 210 118 224 413 325 250 272 189 170 160 253 344 185 119 159 96 100 312 395 218 179 163 137 320 317 206 268 167 335 309
 50 273 135 332 179 253 336 416 47 256 36 73 308 178 135 115 109 214 143 329 311 231 44 248 284 321 260 359 146 170 345 296 285 245 320 290 1 123 270 52 335 234 372 248 215 273 162 85 251 283 162 378 245 238 347 24 172 254 343 219 156 264 222 110 365 214 177 272 61 304 154 132 178 119 141 204 269 310 316 261 64 299 177 224 302 101 374 241 234 122 350 309 343 278 70 43 375 132 317 106 176 92 357 85 201 306 132 320 391 239 205 104 130 357 6 359 263 243 337 334 290 187 249 88 411 54 277 371 372 340 142 116 332 65 277 120 194 124 24 226 130 277 64 335 187 276 202 231 153 219 382 236 333 133 175 209 78 103 189 251 267 354 298 352 210 252 250 144 264 250 245 281 253 174 301 86 27 360 90 343
 85 161 190 211 85 185 237 295 168 142 135 122 186 57 203 98 92 150 105 286 231 183 108 145 170 284 183 238 39 104 249 204 257 188 249 185 123 1 151 141 218 228 255 130 95 228 53 59 152 166 80 259 123 128 226 129 56 170 226 100 152 153 103 92 317 161 111 161 153 243 200 175 118 230 86 98 147 192 196 216 91 177 110 198 187 167 254 142 121 51 252 275 250 158 65 162 255 65 203 29 81 32 311 193 85 199 23 232 270 132 151 37 211 269 118 242 142 158 244 221 169 105 173 50 289 157 187 257 262 278 249 152 249 75 230 229 83 54 146 144 176 195 140 263 178 227 99 191 50 139 262 114 221 231 159 128 88 60 161 211 174 272 182 231 174 181 182 138 245 147 216 162 132 155 225 69 96 239 151 252
 227 115 327 70 152 164 200 165 316 103 284 267 64 96 343 227 198 158 182 331 234 194 257 76 43 337 209 92 127 151 215 195 324 182 264 82 270 151 1 290 73 323 149 78 57 284 112 192 88 97 133 142 32 57 92 273 119 191 132 53 229 48 83 224 351 178 150 55 302 275 332 309 203 379 164 128 26 45 46 215 225 60 149 230 114 311 104 148 49 179 214 332 222 67 205 307 133 182 65 165 113 180 347 342 72 151 140 221 145 127 173 181 355 248 266 137 63 122 218 141 60 172 145 186 154 306 123 167 184 299 398 287 242 213 284 378 117 179 294 182 311 208 272 272 282 278 134 209 145 129 146 47 145 379 264 178 232 180 208 220 174 262 104 83 205 158 161 257 324 140 236 82 57 259 237 197 245 108 295 228
 93 272 84 346 173 296 322 423 64 256 18 36 318 195 84 92 154 257 188 292 289 277 34 279 310 282 239 374 172 210 330 280 246 290 293 321 52 141 290 1 358 190 373 254 234 239 189 122 285 285 198 382 261 266 358 74 179 237 343 240 206 291 229 89 328 259 218 300 13 274 104 82 157 91 182 202 284 332 335 308 110 309 217 273 302 50 392 233 260 120 335 270 326 286 107 75 380 125 343 134 209 115 321 54 225 300 156 301 397 235 250 111 81 337 54 361 271 281 320 332 300 174 290 122 420 20 314 369 366 309 109 71 311 106 243 89 197 121 50 210 80 257 114 309 147 243 199 279 156 258 385 250 330 93 139 194 64 140 238 299 254 331 300 368 258 294 293 108 222 243 294 286 263 139 278 127 60 370 40 325
 288 171 399 71 224 172 244 149 379 164 351 337 96 165 414 299 251 182 227 392 289 210 325 100 52 400 272 66 190 193 259 250 390 193 320 71 335 218 73 358 1 393 163 143 126 349 173 253 105 149 183 146 104 100 94 335 190 254 159 120 267 74 153 296 409 201 189 69 370 335 404 381 274 447 214 198 90 29 37 222 283 99 189 249 159 381 54 212 101 250 256 396 268 121 267 369 135 254 23 229 164 246 405 410 135 198 204 273 140 192 199 250 426 293 330 154 124 138 265 175 106 243 155 248 133 374 119 188 211 355 466 358 293 274 348 446 188 250 358 249 383 268 328 325 353 342 204 225 216 155 150 118 180 448 335 247 302 238 238 230 233 311 150 53 229 166 170 328 392 202 249 135 123 330 294 256 310 107 365 274
 251 237 123 348 174 411 229 387 252 235 205 162 313 251 140 137 300 377 325 115 171 410 192 356 360 101 143 376 265 331 228 188 64 415 155 389 234 228 323 190 393 1 325 252 283 83 275 258 366 259 307 343 293 333 346 256 216 156 298 291 363 351 241 144 150 388 338 361 189 126 104 113 123 229 309 196 304 365 359 442 269 306 337 420 264 149 404 188 321 178 235 89 219 280 249 264 347 165 387 245 305 227 143 213 289 238 250 192 362 206 378 197 163 216 232 317 272 381 215 279 296 152 398 252 393 203 406 306 291 152 227 120 189 256 87 224 208 175 238 148 116 158 295 168 52 91 190 417 195 364 344 278 274 199 70 147 169 272 382 437 182 199 269 377 398 408 408 97 37 200 439 270 271 74 157 269 224 351 152 215
 339 103 380 94 202 312 110 65 417 118 374 342 86 204 399 288 329 306 320 280 171 342 345 224 180 293 183 102 249 293 121 140 297 330 201 219 372 255 149 373 163 325 1 126 182 256 239 310 235 90 271 23 153 205 70 382 202 170 31 184 370 194 152 289 286 326 294 198 383 225 377 360 234 461 300 173 131 151 134 363 343 92 293 378 72 376 130 149 195 255 115 294 132 101 319 413 33 249 177 279 251 285 284 426 204 88 255 149 42 141 320 270 418 154 367 14 116 270 132 47 95 206 292 302 74 392 266 30 55 232 474 343 165 328 253 458 179 253 394 185 364 169 393 200 303 247 176 357 221 277 23 152 52 450 290 194 310 303 354 368 145 175 75 113 353 305 309 299 310 136 384 93 127 285 182 318 346 58 363 139
 214 45 274 100 91 223 134 170 294 27 253 225 68 81 292 176 207 205 203 254 159 244 224 139 120 260 132 129 127 181 149 121 248 237 188 157 248 130 78 254 143 252 126 1 70 207 119 185 152 39 156 131 55 114 106 257 78 114 98 76 254 119 28 175 275 224 183 128 265 198 276 255 136 343 182 61 55 115 108 271 218 59 182 274 61 264 155 71 101 135 149 255 154 33 194 289 128 133 140 154 137 160 270 307 92 86 131 148 144 50 217 147 308 178 243 113 21 181 149 95 49 105 204 177 167 273 191 130 139 223 359 235 169 203 207 341 59 134 270 107 258 132 268 197 215 201 66 257 99 179 134 44 96 336 198 106 192 179 245 272 97 191 54 128 248 217 219 197 250 62 285 34 22 193 161 194 222 117 249 159
 172 114 275 121 110 155 203 211 260 95 228 212 102 40 290 175 150 136 139 307 222 175 201 77 82 311 187 146 73 113 218 186 293 168 249 108 215 95 57 234 126 283 182 70 1 255 60 138 90 106 90 180 32 53 139 218 69 169 158 9 189 69 55 172 332 155 115 79 246 254 281 257 161 323 119 93 57 99 102 202 171 94 114 205 127 256 160 127 40 126 218 304 222 83 151 252 174 131 113 110 70 124 327 286 23 155 84 214 188 107 147 126 301 246 210 169 70 115 217 160 89 133 137 132 203 250 130 193 205 283 342 235 235 159 256 322 77 127 238 154 259 191 220 259 238 251 99 188 94 110 184 31 163 324 219 145 177 127 177 203 159 257 119 138 179 150 152 208 289 123 216 95 58 214 222 144 189 154 240 227
 276 181 191 294 152 401 153 319 302 185 251 206 260 232 210 161 314 370 332 59 91 407 231 332 325 58 79 321 259 329 149 116 43 408 73 359 273 228 284 239 349 83 256 207 255 1 265 273 343 204 303 275 257 307 287 294 197 96 231 263 376 319 205 167 93 385 335 329 242 44 176 175 111 297 313 163 261 321 313 439 292 254 334 425 203 209 350 138 293 182 157 50 139 230 268 310 281 167 347 252 295 238 86 274 267 171 247 114 295 159 375 205 234 134 271 250 225 364 136 211 245 128 384 265 327 256 384 234 216 74 299 173 108 277 5 292 179 178 284 103 179 88 328 86 97 10 157 416 183 353 276 242 205 270 101 111 198 282 388 436 119 117 210 324 401 396 397 132 57 148 442 217 228 101 78 285 257 290 206 135
 116 159 242 179 114 138 244 270 207 139 181 173 160 41 254 149 92 107 86 321 251 144 156 93 123 321 208 203 18 69 258 219 297 144 274 134 162 53 112 189 173 275 239 119 60 265 1 81 100 156 41 238 91 78 197 163 70 192 213 61 137 104 95 144 350 122 73 112 201 273 253 227 158 276 65 113 116 150 156 175 114 152 72 166 178 219 214 156 73 100 260 313 261 139 95 197 232 111 156 57 31 75 344 239 41 200 34 248 247 140 113 89 262 283 157 225 124 107 255 212 146 137 124 76 261 203 135 247 256 305 296 204 267 103 266 275 94 103 186 170 228 217 162 287 226 262 116 154 83 91 242 88 214 280 206 157 140 69 133 173 189 290 171 194 141 134 135 188 288 157 181 148 112 202 248 86 138 212 202 265
 37 219 192 258 140 175 295 347 128 199 110 118 237 107 199 122 43 136 71 331 286 160 92 164 202 327 236 283 66 89 307 261 297 171 302 206 85 59 192 122 253 258 310 185 138 273 81 1 167 222 79 312 169 155 275 83 114 225 282 141 106 181 159 116 364 140 97 188 134 293 207 181 164 203 61 156 194 230 237 193 34 228 96 164 244 162 295 199 152 93 310 317 307 211 17 117 307 108 235 32 92 36 358 167 122 257 56 289 322 190 131 69 201 326 81 297 196 160 301 278 221 158 168 10 339 133 194 314 319 328 225 160 305 22 276 203 141 96 108 198 181 250 84 317 207 273 156 164 106 137 316 163 278 213 190 181 94 19 126 185 231 328 238 274 144 173 172 163 281 205 184 217 185 187 279 13 64 290 147 309
 202 194 341 148 196 78 282 242 293 178 275 271 151 117 353 247 155 78 127 396 309 110 252 14 60 400 275 160 115 92 298 271 380 96 336 41 251 152 88 285 105 366 235 152 90 343 100 167 1 180 90 225 98 39 173 247 152 258 219 82 163 42 143 242 421 98 87 40 297 343 351 326 245 369 117 182 110 95 110 129 193 146 87 148 199 317 157 215 52 197 297 393 303 151 183 280 216 206 84 152 77 172 415 332 79 233 132 299 226 194 95 188 360 329 247 223 143 37 299 228 147 219 58 165 228 298 42 254 271 371 390 303 320 188 344 369 165 199 274 242 327 279 233 346 319 339 187 125 173 50 229 109 231 376 300 233 238 150 133 134 246 341 189 147 126 71 75 284 375 210 151 166 133 295 309 167 230 189 301 309
 250 24 297 91 115 254 104 141 328 30 285 254 57 119 316 202 245 239 241 244 141 278 256 167 139 253 126 118 165 218 119 102 246 270 172 179 283 166 97 285 149 259 90 39 106 204 156 222 180 1 193 99 84 144 88 293 112 109 61 110 292 143 65 202 261 259 220 151 295 187 296 277 153 373 220 85 73 125 113 303 255 52 218 310 23 290 147 72 131 166 118 250 126 32 230 324 98 161 152 191 174 196 257 337 128 55 168 126 114 57 252 180 333 151 278 78 38 212 122 57 44 123 235 214 141 304 218 93 101 207 387 259 147 240 203 370 90 164 304 112 281 120 305 178 229 197 89 292 131 212 102 76 58 363 213 116 222 217 281 306 86 166 17 121 284 248 251 218 252 60 319 16 49 208 146 231 256 94 276 132
 113 197 262 202 153 106 284 296 204 177 187 189 189 81 272 176 68 70 50 360 292 105 167 88 132 359 248 223 45 28 298 259 334 108 314 130 162 80 133 198 183 307 271 156 90 303 41 79 90 193 1 268 119 85 223 158 110 233 247 88 100 110 134 170 389 83 34 116 210 313 275 248 194 280 32 153 143 164 174 137 104 182 32 126 215 235 230 196 86 131 300 351 301 172 94 191 261 144 164 69 22 90 383 244 68 239 59 289 275 180 74 114 276 323 158 258 159 84 295 248 177 176 95 78 286 210 116 282 293 345 302 226 307 98 304 280 135 134 185 210 249 257 146 327 257 300 157 115 121 62 272 120 250 290 238 196 159 61 92 134 230 331 207 213 100 103 103 217 323 197 141 183 147 234 288 78 142 239 219 305
 342 115 393 80 212 302 132 46 423 128 382 352 80 206 412 299 329 298 318 302 193 334 353 215 169 314 201 83 250 289 143 160 317 321 223 206 378 259 142 382 146 343 23 131 180 275 238 312 225 99 268 1 150 198 55 387 207 188 46 181 367 184 157 299 308 318 289 188 393 246 391 373 247 470 299 182 126 137 121 353 345 88 288 370 84 388 110 163 189 263 138 314 154 102 322 419 12 259 162 282 248 289 306 435 202 106 257 171 20 152 313 276 430 176 373 27 117 261 154 66 93 219 282 304 53 401 254 52 77 254 485 355 187 331 273 468 187 262 400 200 377 189 395 222 319 267 186 349 228 269 5 151 71 461 305 208 319 304 348 358 162 198 84 95 346 295 299 313 329 150 375 98 128 300 203 320 352 41 374 161
 203 97 297 90 122 171 185 180 290 81 256 237 71 67 312 196 181 157 169 306 213 196 229 85 69 311 184 115 105 141 201 175 296 187 242 104 245 123 32 261 104 293 153 55 32 257 91 169 98 84 119 150 1 61 107 249 88 166 131 32 218 65 54 193 328 177 142 74 273 251 301 278 172 351 150 98 26 76 75 220 202 63 141 228 104 280 132 122 48 148 200 306 206 57 181 282 143 151 95 141 99 154 323 314 53 137 115 202 157 101 171 152 325 232 240 140 47 129 202 135 59 142 152 163 171 278 137 166 180 276 369 256 223 190 257 349 86 149 268 155 281 185 251 251 251 251 104 210 114 130 154 16 138 349 233 149 202 159 203 223 151 244 95 108 203 165 168 226 295 116 237 71 36 228 215 175 219 122 265 212
 191 157 316 124 161 111 245 220 282 140 258 249 120 84 329 219 152 101 130 359 271 138 233 26 49 363 238 142 95 98 261 233 344 128 299 59 238 128 57 266 100 333 205 114 53 307 78 155 39 144 85 198 61 1 148 237 118 220 187 44 175 27 105 214 383 122 96 35 278 305 324 299 211 353 116 145 77 80 91 161 185 115 95 173 164 294 146 177 15 168 260 356 266 116 170 271 189 176 81 134 66 152 378 316 46 197 111 261 201 157 117 163 338 291 233 193 107 69 262 193 114 184 92 151 207 280 79 222 238 333 373 276 282 176 307 352 129 170 261 205 301 241 229 308 287 302 150 153 141 73 202 72 197 357 268 197 215 140 152 165 208 304 154 131 149 105 108 254 340 172 180 130 96 263 271 157 214 164 278 272
 308 110 379 26 195 249 161 74 393 114 355 330 41 170 397 281 287 247 272 322 214 282 327 163 115 333 210 37 211 242 175 177 330 268 246 152 347 226 92 358 94 346 70 106 139 287 197 275 173 88 223 55 107 148 1 353 179 194 69 138 320 132 130 280 334 268 241 135 369 265 380 360 238 447 254 165 82 83 67 300 308 50 240 319 85 369 67 159 141 239 170 331 184 74 286 386 44 238 108 246 203 256 331 411 158 121 220 195 54 143 263 249 413 209 342 62 88 209 183 89 59 207 229 268 65 376 200 96 120 279 463 340 214 295 286 445 164 239 370 199 363 201 357 248 315 280 170 297 203 218 58 113 95 441 299 203 296 265 299 306 169 229 79 46 295 242 246 301 338 146 323 79 96 294 222 282 321 17 355 191
 48 285 157 337 193 242 351 424 48 267 57 95 314 184 156 135 98 203 132 351 330 217 65 245 284 343 278 363 147 161 361 312 308 232 339 286 24 129 273 74 335 256 382 257 218 294 163 83 247 293 158 387 249 237 353 1 182 271 353 222 139 263 231 130 386 201 169 270 81 324 176 154 196 130 133 217 274 312 318 246 55 305 168 207 313 122 376 256 234 136 366 331 359 286 69 35 383 148 317 109 173 99 379 98 203 320 135 337 399 252 193 116 149 374 25 369 271 235 353 346 298 203 239 88 417 72 269 383 385 360 153 139 350 62 298 131 206 139 33 243 152 295 41 355 209 297 215 216 165 211 390 242 345 148 197 226 98 99 174 236 283 372 309 355 195 242 239 166 286 264 229 290 260 196 320 81 41 367 112 360
 139 106 210 168 46 205 183 246 217 87 177 152 140 36 226 109 143 176 149 253 183 213 148 141 150 254 139 197 69 137 196 153 231 213 205 175 172 56 119 179 190 216 202 78 69 197 70 114 152 112 110 207 88 118 179 182 1 124 173 77 199 137 51 107 281 191 143 147 191 204 215 191 95 269 128 45 108 162 162 244 146 131 141 235 133 194 217 90 106 62 199 246 197 108 120 213 204 64 180 83 100 85 275 232 74 144 64 182 220 78 182 71 239 218 167 189 93 169 191 166 122 70 189 105 242 197 191 203 206 236 286 169 200 130 198 267 28 62 194 101 194 148 195 218 170 194 48 224 27 157 211 75 166 265 151 88 118 112 200 242 123 223 128 192 210 200 201 140 225 93 250 110 84 146 179 124 145 192 179 200
