NAME : domp260p65v6
COMMENT : (Deleplanque et al.) 
TYPE : DOMP
DIMENSION : 260
DISPLAY_DATA_TYPE: NO_DISPLAY
OPEN_FACILITIES : 65
COST_SECTION
 1 194 208 94 197 200 115 53 108 198 13 71 288 227 221 116 91 158 86 48 261 216 78 232 82 261 83 169 237 115 48 153 233 321 73 266 233 294 165 128 277 281 290 241 203 192 300 114 274 201 276 182 307 52 69 255 89 107 294 100 253 311 22 218 132 193 109 180 386 183 335 290 269 125 298 204 126 161 151 218 116 107 235 280 371 121 195 206 323 208 204 232 187 54 266 286 275 273 65 93 175 121 214 308 172 260 138 134 107 291 279 157 232 250 210 124 156 73 221 332 103 127 302 110 280 80 133 229 209 127 234 269 296 234 178 93 94 123 309 229 274 184 241 97 210 100 244 188 102 86 299 296 54 258 313 245 222 251 28 307 236 241 74 86 213 286 193 276 171 217 124 322 87 179 101 101 296 281 356 186 91 221 176 367 92 77 164 140 279 119 187 192 276 176 265 207 290 81 170 125 178 174 52 106 336 129 76 165 328 19 74 361 130 325 261 245 252 233 272 79 300 207 253 111 205 28 364 299 73 136 130 192 263 239 237 111 296 227 327 204 136 185 116 185 238 69 202 256 211 104 146 114 269 259 124 105 332 247 68 120
 194 1 182 286 60 220 82 167 196 50 203 218 236 50 94 240 267 99 172 240 220 26 220 112 138 151 252 190 178 82 230 41 231 137 235 76 58 144 172 67 116 273 205 145 201 230 111 129 245 46 87 54 164 145 228 239 277 145 155 110 145 167 213 87 201 84 301 31 193 189 143 151 163 221 277 76 319 137 98 87 210 96 237 186 180 277 241 238 131 206 206 203 201 172 205 112 87 110 243 284 237 117 175 129 91 89 193 90 298 171 93 86 172 59 176 192 90 266 154 140 255 70 172 188 122 114 129 174 88 252 183 235 115 56 87 150 286 178 135 174 83 113 255 275 234 281 254 130 172 267 155 166 154 114 142 150 67 86 182 261 47 178 124 136 234 182 164 264 142 214 197 132 210 35 111 250 109 90 166 198 280 244 148 177 275 220 161 131 195 214 21 55 117 40 256 160 249 246 212 146 146 137 186 259 143 165 119 226 144 182 188 173 234 135 119 107 222 104 236 242 118 239 167 194 61 218 174 158 253 200 186 95 123 47 198 258 277 193 156 131 60 225 222 105 47 213 139 247 167 92 55 152 131 177 206 160 153 104 172 302
 208 182 1 284 236 355 183 156 115 227 220 168 82 165 271 315 297 89 124 233 383 180 279 289 132 329 290 49 344 183 254 168 378 221 279 235 237 150 45 163 295 94 92 74 345 357 223 102 405 143 206 129 151 197 274 60 286 103 335 210 89 155 227 113 306 101 281 201 313 34 262 136 340 312 103 114 295 56 242 112 301 140 383 363 284 200 82 370 268 350 32 27 42 233 374 287 201 288 207 259 351 237 14 199 92 267 305 222 269 118 199 102 36 197 331 97 239 254 319 262 183 182 135 109 302 172 256 338 263 156 31 396 199 234 249 245 278 91 307 337 243 70 75 225 369 303 74 288 109 226 335 131 158 129 315 324 138 265 220 101 218 345 193 128 61 100 315 418 47 35 298 239 147 148 130 306 272 214 266 334 286 380 295 270 234 165 298 262 83 120 161 130 153 144 76 25 86 194 335 264 295 49 243 187 274 80 167 339 224 212 142 321 322 283 300 287 48 282 398 190 285 71 340 111 239 231 314 338 216 307 87 89 127 209 358 181 102 351 200 56 157 70 307 267 213 269 301 67 326 180 191 95 126 67 108 104 319 284 142 250
 94 286 284 1 282 235 206 138 171 284 84 119 362 321 301 121 49 249 162 53 310 308 98 309 171 333 64 239 296 206 59 246 270 415 75 357 321 385 240 221 360 342 372 328 247 221 393 201 316 294 369 275 398 141 80 322 18 191 371 185 341 402 74 310 167 285 32 270 478 255 428 380 338 147 363 296 44 245 230 310 146 201 271 344 464 123 249 234 415 252 273 305 255 123 322 372 368 356 81 41 196 198 293 401 262 346 180 217 44 379 372 248 313 343 265 190 236 31 285 424 122 218 391 177 362 173 203 288 290 157 313 313 390 323 258 161 11 194 394 288 364 272 299 82 241 39 304 257 177 72 376 385 145 350 397 314 315 337 106 377 327 301 163 175 274 371 251 311 254 285 162 415 141 272 193 91 384 374 449 229 12 250 239 460 68 123 221 209 361 173 280 285 368 269 329 288 361 100 204 189 242 258 111 120 427 206 169 190 421 105 143 450 144 415 340 325 324 313 316 102 387 264 318 175 291 68 454 376 75 173 199 282 354 331 289 129 360 279 420 290 229 244 136 260 329 97 270 321 270 195 236 195 360 342 183 184 418 328 146 81
 197 60 236 282 1 170 87 186 229 11 203 239 295 104 36 213 255 149 201 244 161 78 202 54 165 94 238 237 119 87 224 72 176 175 221 88 44 200 220 89 81 329 264 204 148 182 143 167 187 105 124 111 219 146 214 294 271 180 108 99 205 223 213 146 166 142 303 35 207 238 165 208 106 189 334 135 320 187 60 147 179 123 182 128 203 299 287 189 144 152 257 259 251 161 146 90 126 77 255 289 193 90 231 174 145 64 155 67 303 230 134 136 230 98 120 229 52 268 95 160 277 77 229 222 85 124 94 116 29 282 240 177 158 47 36 128 285 217 113 115 92 168 307 289 183 270 307 76 205 279 110 224 171 172 117 91 126 55 179 319 62 119 124 164 284 242 110 206 193 267 163 162 236 90 140 230 106 124 193 148 275 192 97 205 286 242 114 93 254 248 79 113 172 94 311 216 307 264 168 112 94 189 174 281 158 206 132 184 183 182 213 171 202 138 71 56 278 49 177 260 106 287 107 228 9 218 177 112 265 163 225 152 181 74 140 282 334 136 203 188 88 271 193 50 69 197 82 302 111 99 58 190 189 237 242 195 136 55 196 315
 200 220 355 235 170 1 174 230 293 179 196 269 430 269 157 117 189 272 263 228 81 243 140 149 235 145 172 335 87 174 188 204 36 343 162 253 208 363 323 198 207 445 410 350 26 20 311 258 82 260 293 256 383 172 158 413 218 264 191 146 355 386 199 299 71 285 265 190 361 344 327 369 144 89 457 285 278 300 125 299 91 216 37 135 365 318 375 20 304 26 366 381 353 148 100 230 295 209 260 264 46 120 355 342 276 212 62 140 274 386 302 261 363 267 60 304 132 240 95 322 302 179 389 290 204 186 101 82 152 325 371 80 327 213 136 117 243 296 244 83 255 299 412 288 15 203 414 96 276 275 198 384 219 332 242 125 284 203 173 453 230 92 168 237 385 393 62 78 310 378 78 328 281 237 227 148 259 292 357 23 224 26 74 370 278 275 61 96 399 309 232 262 336 239 428 342 438 279 32 92 77 308 149 304 317 294 193 48 351 183 262 313 94 291 178 171 403 160 83 277 252 383 118 294 175 201 325 196 265 66 305 292 340 243 68 309 456 61 372 322 206 362 100 120 238 144 95 418 71 177 178 274 348 380 310 272 268 176 248 303
 115 82 183 206 87 174 1 100 148 85 123 153 256 123 117 165 187 99 118 162 203 106 141 131 82 168 171 170 166 1 150 44 196 216 155 152 119 207 155 26 166 275 239 179 162 178 191 93 224 103 167 90 224 65 147 242 196 103 192 34 186 228 133 134 135 115 223 66 273 176 224 209 178 150 285 119 240 128 62 134 138 47 201 195 261 214 216 190 210 168 197 209 186 91 197 173 167 162 170 207 177 55 183 206 103 147 130 40 221 220 172 88 190 140 150 151 61 187 143 220 192 13 226 142 171 39 74 159 105 198 198 215 193 120 79 76 207 140 197 159 159 126 246 204 188 200 247 109 125 195 194 220 85 172 201 156 127 139 101 279 122 168 44 82 220 224 133 236 137 209 129 212 152 78 62 172 181 171 247 153 200 199 113 258 202 156 116 80 227 167 80 99 184 77 257 169 265 178 157 85 113 136 106 196 223 132 46 166 223 102 128 247 162 210 155 140 230 130 217 174 186 220 169 148 94 139 250 196 180 135 149 121 179 126 178 197 285 169 230 149 35 201 149 93 124 134 124 248 145 13 32 114 187 207 162 116 219 140 111 230
 53 167 156 138 186 230 100 1 64 184 65 54 237 193 216 164 142 112 36 86 282 186 126 229 35 264 135 119 251 100 99 128 260 285 124 242 215 249 113 103 265 231 239 192 228 226 268 65 298 165 244 144 261 60 119 205 136 56 291 102 205 265 72 175 168 149 144 161 357 132 305 244 273 167 248 162 161 110 153 175 157 73 264 288 339 114 149 240 296 234 153 180 137 87 282 271 241 261 77 124 213 129 162 269 126 244 171 132 137 242 244 113 180 219 228 77 155 111 231 302 92 110 254 63 270 64 146 244 204 102 182 291 259 215 175 115 135 73 294 243 250 135 192 109 243 150 196 197 52 102 294 249 16 214 299 250 183 238 68 255 213 255 72 39 164 235 211 304 120 166 160 289 55 145 60 152 275 249 323 213 137 254 191 332 110 57 184 153 228 79 156 153 234 142 215 155 239 80 204 145 193 123 93 96 308 78 56 202 291 59 33 339 175 301 255 239 201 229 294 76 281 159 261 65 193 77 340 295 88 171 81 146 218 213 257 97 246 247 286 154 109 138 159 187 213 117 212 206 227 89 129 63 223 208 81 53 315 239 19 137
 108 196 115 171 229 293 148 64 1 225 118 54 192 208 262 223 190 112 32 122 341 209 185 277 67 315 187 69 308 148 150 162 322 292 179 268 250 240 72 141 305 176 205 171 290 289 281 68 358 179 259 158 248 121 175 153 175 53 336 158 186 252 123 175 230 150 166 199 374 85 321 231 324 229 194 165 181 89 207 174 219 107 326 342 351 93 88 303 318 295 103 135 85 150 339 306 256 300 93 144 276 187 125 273 127 281 234 185 155 221 257 120 147 239 287 20 207 141 287 319 73 154 236 10 311 116 205 301 251 58 145 352 267 250 226 177 165 27 330 301 277 124 134 111 305 194 138 253 26 112 338 231 75 208 336 303 190 276 129 207 242 311 130 67 107 209 270 366 95 115 222 302 32 167 90 207 304 266 334 275 174 316 250 342 120 50 245 212 196 20 180 165 232 162 161 123 191 80 266 205 251 101 155 77 327 43 108 265 297 119 35 365 236 326 299 284 153 275 354 76 314 100 315 5 235 126 363 340 102 233 29 142 210 239 316 73 192 306 284 135 143 78 221 240 240 176 268 152 285 138 172 47 213 178 18 37 348 283 46 138
 198 50 227 284 11 179 85 184 225 1 204 237 285 94 45 219 259 141 197 245 172 68 206 63 161 103 242 230 129 85 227 65 186 166 224 81 38 189 212 85 83 320 254 194 158 191 135 161 197 95 115 101 209 147 217 285 273 175 113 101 195 212 214 136 173 132 304 28 201 231 158 198 114 196 325 126 321 179 66 137 185 119 192 137 196 297 280 198 138 162 250 250 243 164 156 89 117 78 255 290 202 94 222 164 136 63 162 70 304 220 124 128 221 88 130 224 58 269 105 153 275 75 219 217 87 123 100 126 38 278 231 187 149 41 45 132 287 211 113 125 86 159 299 288 193 273 299 85 200 279 115 214 169 162 117 100 115 55 180 310 54 129 125 160 276 232 120 216 185 259 170 153 233 81 136 235 102 115 185 158 278 201 106 198 285 239 123 100 244 244 69 103 161 85 302 207 298 262 176 118 104 181 177 279 152 200 130 193 174 183 210 167 208 134 76 62 269 56 188 258 104 280 117 223 12 219 173 117 264 171 219 143 170 65 150 279 325 146 193 179 83 264 199 60 60 201 92 293 121 97 55 184 178 227 237 190 135 60 193 314
 13 203 220 84 203 196 123 65 118 204 1 78 300 238 226 107 79 170 97 42 260 225 69 236 94 264 72 181 237 123 36 162 229 331 61 275 240 305 177 137 282 292 302 253 200 187 310 126 271 212 286 193 319 59 58 267 78 119 299 106 265 323 11 230 127 204 101 188 395 195 344 302 271 118 310 215 118 173 155 229 110 118 232 281 381 123 205 201 332 206 215 243 198 53 266 293 285 279 66 87 169 124 226 318 183 266 135 139 101 303 289 168 244 259 209 135 160 65 222 341 108 135 314 120 285 90 135 229 214 134 246 267 307 242 182 94 85 134 316 229 282 196 251 96 206 88 255 190 113 84 303 308 66 270 319 247 233 258 28 318 244 241 81 98 224 297 193 273 183 228 119 331 95 189 112 90 303 291 366 183 80 217 177 377 89 84 163 141 291 129 197 203 287 186 276 219 302 84 166 125 179 186 48 109 344 141 86 159 338 23 85 369 123 333 265 250 264 238 270 82 307 217 254 121 212 17 372 303 72 131 141 203 275 248 236 115 308 226 338 216 146 196 108 188 246 60 204 267 211 112 154 126 280 271 134 117 339 252 79 117
 71 218 168 119 239 269 153 54 54 237 78 1 245 240 268 184 141 150 54 71 327 235 146 282 81 316 141 122 299 153 104 179 301 329 135 293 267 285 125 155 318 226 258 220 270 262 315 101 341 211 291 189 294 106 133 205 123 87 343 152 234 298 80 215 202 189 113 214 406 138 353 277 324 195 245 203 129 136 204 214 187 124 304 338 386 61 133 277 346 276 155 188 137 122 330 323 288 313 40 91 245 178 178 312 165 297 208 184 103 271 291 155 199 268 274 73 207 88 281 350 40 163 285 61 323 116 193 291 257 57 197 336 304 268 227 158 112 78 347 291 301 168 183 63 280 144 187 246 65 61 347 279 69 251 352 301 227 290 97 260 264 303 122 84 157 260 257 345 144 168 194 336 23 194 109 164 326 297 369 254 122 291 239 378 69 7 229 201 248 57 205 198 273 190 212 175 244 31 240 189 240 149 123 43 357 92 108 235 335 87 34 390 200 352 307 292 206 281 338 27 334 148 311 58 246 81 390 348 49 206 82 183 255 264 302 45 243 293 326 182 160 127 186 238 264 138 261 203 274 141 182 87 258 229 66 74 367 292 47 91
 288 236 82 362 295 430 256 237 192 285 300 245 1 205 329 395 377 158 204 312 450 227 359 347 212 387 371 124 409 256 334 233 450 230 359 273 287 149 125 233 341 65 51 95 417 433 243 181 473 193 233 186 140 276 354 51 365 183 385 285 100 141 307 153 383 154 356 261 323 108 278 132 398 391 52 161 370 134 312 152 380 216 455 422 290 268 132 445 292 423 91 58 109 313 438 328 228 335 284 334 428 311 77 208 156 313 382 293 344 102 223 170 68 234 400 173 307 332 384 280 255 252 118 186 349 250 329 404 323 223 60 464 214 283 314 322 356 170 346 403 279 132 89 298 444 383 84 355 189 301 383 117 238 147 354 385 178 314 301 25 264 410 271 208 101 78 385 488 124 80 376 254 223 206 208 386 307 241 273 408 365 455 366 274 308 241 371 335 53 193 217 183 166 202 59 89 18 269 411 339 365 124 323 258 293 160 246 417 230 293 221 344 401 310 352 341 41 339 466 265 322 114 401 188 296 311 333 387 292 385 164 144 140 252 426 251 55 419 197 110 226 127 386 333 257 350 367 59 394 254 258 175 135 62 181 185 353 337 222 322
 227 50 165 321 104 269 123 193 208 94 238 240 205 1 133 286 307 98 189 272 264 27 263 150 160 188 293 185 222 123 268 80 278 95 276 71 84 97 167 103 137 250 168 111 249 278 76 142 290 30 52 51 116 183 269 217 314 157 181 154 108 119 247 54 249 66 333 80 168 180 114 105 199 268 250 52 350 132 146 55 256 122 284 224 147 296 235 287 111 253 193 182 193 213 247 125 50 130 269 314 285 164 155 84 85 109 241 138 328 128 53 89 147 34 223 199 139 298 198 113 274 112 126 199 145 150 177 219 130 265 158 280 71 79 135 195 320 186 144 218 79 99 239 300 283 320 237 177 185 294 179 121 181 69 152 190 29 110 220 230 60 222 163 157 222 143 212 309 134 198 244 97 228 50 133 294 108 59 131 246 317 292 196 141 302 240 210 180 159 225 44 43 69 52 234 141 220 269 261 194 194 127 227 278 120 170 153 275 102 218 207 162 280 123 149 140 198 141 280 265 122 229 207 205 102 253 157 183 280 248 191 78 78 48 243 276 251 239 109 110 93 219 268 152 53 256 185 226 214 131 101 162 86 144 214 173 155 136 194 328
 221 94 271 301 36 157 117 216 262 45 226 268 329 133 1 220 270 184 233 267 134 108 215 19 197 59 252 272 92 117 243 107 156 191 235 99 55 227 255 123 60 364 297 237 133 172 158 201 160 138 142 145 246 171 228 329 288 214 76 122 237 249 235 179 168 176 324 71 207 274 171 236 70 193 369 169 341 222 73 179 184 156 162 94 209 329 322 176 148 136 293 294 286 179 115 78 146 59 282 312 188 105 266 193 180 57 155 88 326 260 153 171 264 120 101 263 67 290 70 167 307 109 258 255 61 153 102 91 13 314 275 150 178 61 45 142 305 251 98 90 100 203 342 315 169 285 342 64 238 305 79 253 201 201 99 58 157 47 200 353 81 91 150 196 319 273 96 181 228 302 167 173 267 125 173 240 104 140 201 137 293 176 89 214 311 272 109 99 287 281 113 147 198 129 346 251 342 292 161 119 85 224 192 310 161 240 161 180 199 205 244 163 205 137 41 25 313 14 150 288 99 322 75 261 34 240 173 80 291 164 259 187 210 95 116 312 369 113 224 222 123 306 199 45 89 211 63 337 90 128 91 224 218 270 275 229 122 27 227 340
 116 240 315 121 213 117 165 164 223 219 107 184 395 286 220 1 74 248 199 126 195 266 39 221 184 235 59 281 188 165 85 207 151 376 53 299 255 370 274 188 279 394 389 333 132 101 348 215 197 266 325 253 387 120 53 366 104 213 278 132 343 391 106 296 56 274 152 215 419 294 375 371 238 31 410 281 163 263 154 296 36 188 152 238 413 221 310 114 356 136 315 340 299 83 210 296 326 277 163 154 76 126 319 368 258 273 70 152 163 379 332 242 333 297 156 239 162 131 183 371 209 176 387 224 279 151 121 181 210 239 338 196 354 259 180 91 130 235 316 181 304 276 355 184 121 87 358 162 214 172 285 381 158 335 317 215 291 263 97 415 270 193 131 187 327 379 146 191 273 328 55 368 201 241 190 32 317 328 401 115 110 130 139 413 173 190 118 122 378 235 243 262 347 241 378 309 399 184 87 102 143 274 73 210 370 239 153 70 384 106 189 380 24 350 254 241 361 228 199 184 316 321 215 226 221 105 388 283 165 61 244 277 342 278 176 217 408 167 393 299 198 300 22 175 275 48 172 368 164 159 187 222 349 357 240 215 341 245 181 195
 91 267 297 49 255 189 187 142 190 259 79 141 377 307 270 74 1 247 173 72 266 292 57 275 172 295 19 255 255 187 44 229 224 401 36 335 296 381 253 206 329 364 380 331 203 174 377 204 270 283 353 266 395 125 43 341 32 197 336 160 343 399 71 305 123 280 80 248 457 270 409 378 300 101 383 290 90 251 199 305 101 192 225 303 446 162 273 187 393 207 290 320 272 97 278 343 353 327 109 85 149 167 303 389 260 318 136 190 92 380 357 244 321 326 223 208 206 66 246 405 155 199 391 194 330 159 169 247 259 189 323 268 377 298 227 129 58 209 365 247 341 273 323 122 194 16 327 220 189 110 342 385 144 345 367 276 306 309 89 394 305 259 145 176 295 375 210 264 261 303 119 398 162 259 189 43 359 357 432 185 38 203 200 444 109 146 180 173 369 196 265 276 361 257 350 296 378 131 159 153 203 264 83 155 406 217 158 143 408 93 158 425 97 391 307 293 339 280 271 132 360 288 278 193 264 66 430 341 107 128 215 280 351 311 246 163 381 236 411 293 215 266 90 227 308 60 232 341 229 177 215 204 357 349 204 193 389 296 155 127
 158 99 89 249 149 272 99 112 112 141 170 150 158 98 184 248 247 1 98 197 295 104 216 202 78 242 237 92 256 99 205 80 293 181 222 163 156 138 74 76 214 182 143 86 260 276 170 51 318 70 148 50 150 129 216 148 246 65 252 129 97 154 179 65 229 39 255 115 263 91 210 133 253 240 190 54 272 39 155 65 228 62 298 275 240 203 143 288 208 265 110 113 104 166 286 209 145 207 185 234 273 153 86 163 16 187 226 136 247 134 146 14 92 130 244 103 151 222 231 209 181 95 145 103 220 98 172 250 176 169 100 309 156 153 161 168 246 89 231 249 172 29 159 212 286 257 159 200 90 208 252 139 106 103 238 236 79 184 161 182 141 257 118 74 136 132 229 332 45 119 222 190 135 65 60 246 200 155 223 250 247 297 209 231 217 150 214 178 132 128 79 56 124 60 164 72 168 180 254 182 208 41 178 186 217 73 96 261 186 156 118 258 251 219 215 202 134 196 311 176 212 141 252 109 152 185 254 255 195 230 94 35 107 135 271 182 189 263 177 52 70 127 236 179 138 207 213 155 238 98 103 67 112 111 118 79 246 199 107 240
 86 172 124 162 201 263 118 36 32 197 97 54 204 189 233 199 173 98 1 110 311 187 161 248 37 285 168 84 278 118 131 135 292 277 158 245 224 232 81 113 278 196 211 169 259 260 263 48 328 160 240 138 242 92 153 170 163 34 307 127 182 246 104 162 202 136 163 172 355 99 302 225 295 202 213 150 179 85 176 161 192 79 296 311 334 108 114 274 297 265 119 147 102 122 309 280 237 273 90 141 248 156 132 259 112 255 205 154 153 220 239 102 151 218 256 42 177 133 257 300 86 125 233 28 283 86 174 270 222 83 152 321 251 224 196 147 157 38 304 270 253 116 157 116 276 180 160 222 17 113 310 228 45 198 310 273 174 249 103 222 218 281 99 38 129 210 239 336 93 132 194 284 40 145 63 186 280 247 317 245 163 287 219 326 121 53 214 181 200 50 157 147 220 140 180 127 206 84 237 175 220 98 128 90 307 45 78 237 282 94 22 343 210 304 271 255 167 246 323 80 289 124 285 32 207 108 342 312 100 205 46 130 202 216 285 88 211 276 273 131 116 103 195 209 217 152 237 171 254 108 143 35 206 181 48 23 323 255 19 144
 48 240 233 53 244 228 162 86 122 245 42 71 312 272 267 126 72 197 110 1 296 262 91 276 119 304 75 189 276 162 42 200 262 366 74 313 280 333 189 174 323 295 320 276 235 217 346 149 306 245 322 226 346 99 74 274 54 139 339 146 289 350 33 259 158 233 62 227 432 205 381 328 311 144 315 246 80 193 196 259 139 151 264 320 417 96 203 231 370 240 223 255 205 92 304 333 320 319 39 46 196 165 241 351 211 306 167 180 60 326 324 197 261 296 246 141 201 27 261 378 86 174 339 127 326 127 174 267 255 119 261 302 341 281 223 133 50 143 356 268 320 220 253 61 236 74 257 229 125 48 344 333 94 298 359 287 265 298 68 328 283 280 121 124 226 319 231 305 202 236 151 367 92 224 142 101 343 327 402 217 54 247 215 412 51 76 200 181 309 127 232 235 318 221 281 236 312 61 197 164 218 206 84 86 382 154 122 187 372 63 92 408 146 372 306 291 274 279 305 61 347 218 294 126 252 29 411 344 40 162 149 231 303 286 273 94 312 263 370 238 182 197 133 229 285 85 244 273 249 151 193 143 308 290 135 132 379 293 94 78
 261 220 383 310 161 81 203 282 341 172 260 327 450 264 134 195 266 295 311 296 1 238 213 119 278 94 248 372 43 203 259 218 51 322 236 228 188 359 357 222 166 476 423 362 64 99 288 295 27 264 275 267 379 224 231 442 294 303 135 184 364 382 265 305 144 298 339 192 319 378 295 368 87 166 484 294 353 329 142 306 165 249 54 69 329 381 417 91 269 60 399 408 388 209 27 190 278 169 325 335 126 155 380 326 295 181 132 164 347 390 286 283 384 253 55 349 145 311 68 290 363 203 390 337 160 227 137 47 135 381 393 17 310 193 137 170 317 339 198 48 228 319 448 355 82 280 449 96 321 342 143 385 268 332 193 81 286 173 235 474 214 44 212 279 422 402 72 50 337 410 149 301 335 246 263 225 223 272 325 82 300 80 92 338 346 332 99 130 413 359 237 271 331 250 458 366 461 342 109 139 92 335 213 365 281 333 235 127 329 244 314 266 172 253 137 136 429 130 17 339 212 422 65 342 163 268 280 139 331 139 348 307 341 228 26 370 484 36 356 341 227 403 176 118 222 216 84 448 59 210 194 314 349 394 357 315 219 142 298 373
 216 26 180 308 78 243 106 186 209 68 225 235 227 27 108 266 292 104 187 262 238 1 245 125 155 163 277 194 196 106 254 64 252 111 260 61 61 122 176 89 117 269 191 133 224 254 86 142 264 38 62 55 142 169 252 234 300 157 159 135 132 145 235 75 227 80 323 55 172 191 121 131 174 247 270 68 340 141 122 75 235 114 258 199 157 294 245 262 112 228 206 199 204 196 221 108 62 110 262 305 261 142 172 104 93 89 218 116 319 153 67 93 166 35 197 203 114 287 172 118 271 94 152 200 124 137 154 193 104 266 177 254 89 57 109 175 309 189 129 192 69 112 254 294 257 305 253 152 185 287 158 147 173 95 136 164 51 88 205 251 40 196 148 152 235 167 186 283 144 213 222 108 226 43 127 276 98 66 142 221 304 266 171 153 295 237 185 156 182 227 31 51 95 48 252 157 241 264 237 171 168 138 211 275 123 174 141 251 119 205 204 157 259 118 126 116 216 116 254 260 109 241 181 206 76 241 156 162 273 225 195 92 104 32 217 274 271 213 131 126 80 229 248 126 35 238 159 243 188 116 80 164 112 166 217 173 144 112 189 322
 78 220 279 98 202 140 141 126 185 206 69 146 359 263 215 39 57 216 161 91 213 245 1 219 149 239 39 244 200 141 50 184 175 356 24 284 243 343 238 163 274 357 356 302 151 128 330 180 220 242 306 227 359 88 19 330 82 177 280 111 312 363 68 268 71 245 127 198 406 257 359 343 244 54 373 253 140 228 145 268 50 157 177 248 397 185 272 142 343 155 278 304 262 52 225 289 306 272 127 124 106 113 284 346 227 264 83 137 135 349 312 211 299 278 168 201 152 101 190 355 172 153 358 186 275 121 114 192 204 201 303 217 333 246 172 75 105 198 311 192 290 244 317 151 148 72 320 164 177 138 286 352 122 308 312 220 266 255 60 379 255 204 103 152 289 347 155 217 238 291 65 350 163 217 158 32 307 309 384 133 88 158 144 396 140 152 125 118 344 196 221 236 322 216 340 274 363 148 109 97 147 240 39 173 356 203 122 98 363 69 151 372 56 339 252 238 325 225 220 147 307 283 223 188 210 68 378 285 130 76 206 247 314 262 192 180 371 183 370 266 173 262 43 171 259 10 176 331 174 133 167 186 321 324 201 178 335 241 143 164
 232 112 289 309 54 149 131 229 277 63 236 282 347 150 19 221 275 202 248 276 119 125 219 1 212 41 257 289 78 131 251 124 145 204 241 111 70 243 272 139 60 382 314 255 125 166 171 217 145 156 157 163 263 182 234 347 295 230 64 133 255 265 244 196 168 194 332 89 213 291 181 253 52 194 387 187 349 240 81 197 186 172 151 76 217 341 339 168 156 127 311 312 303 187 99 81 160 60 293 321 183 113 284 208 198 65 155 99 335 277 168 189 283 135 92 279 77 299 58 176 320 124 275 271 59 167 107 78 28 328 293 135 192 76 55 149 313 267 98 77 111 221 360 326 161 290 360 61 254 316 69 270 214 219 97 41 174 56 209 371 96 76 162 211 337 291 89 167 246 320 168 185 281 143 189 244 111 154 211 131 300 167 86 224 322 285 107 103 305 296 131 165 215 147 364 269 360 304 157 123 82 242 199 324 169 257 175 177 212 215 258 166 205 143 34 22 331 12 135 301 103 340 58 277 52 249 177 69 302 164 275 205 227 110 102 325 387 101 238 240 140 323 200 50 104 216 56 355 80 142 107 240 235 288 291 244 122 28 241 351
 82 138 132 171 165 235 82 35 67 161 94 81 212 160 197 184 172 78 37 119 278 155 149 212 1 249 163 102 244 82 129 101 262 251 150 213 190 215 92 78 243 214 210 160 229 234 235 33 296 132 211 111 227 67 145 185 168 31 271 94 172 232 103 141 178 115 178 137 326 113 273 210 259 182 229 128 195 81 141 141 171 44 267 276 307 140 141 247 266 235 135 157 120 103 275 246 209 237 110 158 224 124 136 235 92 220 179 119 171 210 212 79 152 188 224 72 142 145 222 271 118 89 222 61 248 52 142 237 186 118 155 289 226 189 160 120 168 62 269 236 221 103 179 140 248 181 181 188 44 135 274 216 29 180 274 237 149 214 90 232 184 247 69 5 151 204 207 305 91 147 171 256 73 114 29 176 247 217 290 216 170 260 187 300 143 82 183 149 199 85 125 120 200 110 197 127 216 110 211 145 187 93 112 122 277 60 44 213 258 83 51 310 192 272 235 219 178 210 291 106 255 149 250 66 172 108 310 276 121 181 71 112 184 184 252 121 227 243 252 122 81 128 176 174 184 139 203 188 221 72 107 41 190 178 82 38 289 219 35 169
 261 151 329 333 94 145 168 264 315 103 264 316 387 188 59 235 295 242 285 304 94 163 239 41 249 1 277 329 61 168 275 164 131 232 261 140 105 278 312 178 73 422 353 294 120 163 199 256 120 195 188 203 298 213 255 388 318 269 47 165 294 300 272 236 180 234 358 129 226 331 203 289 12 206 427 226 374 280 113 236 200 210 137 37 236 375 378 162 176 120 351 352 343 214 70 97 192 77 324 349 185 141 324 238 238 91 166 133 362 314 200 229 323 169 86 317 110 325 53 198 354 162 311 308 67 202 131 65 67 364 333 109 223 110 90 173 338 305 105 64 139 261 400 357 154 311 400 77 291 346 54 307 249 256 101 22 213 84 238 411 131 57 195 249 377 329 92 143 286 360 181 210 317 183 227 260 130 184 233 131 323 157 97 246 352 319 118 125 344 334 171 205 250 187 404 309 400 337 160 144 94 282 224 357 189 296 210 181 240 244 294 174 216 159 45 49 371 49 109 333 119 380 30 314 92 276 188 52 333 175 314 245 264 145 85 360 427 88 269 281 179 363 214 78 139 238 65 395 76 178 146 279 272 327 329 282 127 54 277 380
 83 252 290 64 238 172 171 135 187 242 72 141 371 293 252 59 19 237 168 75 248 277 39 257 163 277 1 251 236 171 38 214 207 386 18 319 279 368 247 191 311 361 372 321 185 158 361 195 253 269 338 253 383 112 25 337 47 190 318 144 333 387 66 293 106 268 94 231 440 265 393 366 281 84 380 278 106 243 181 292 84 180 208 285 430 168 272 171 377 190 286 314 268 81 261 326 337 309 113 97 134 150 296 375 249 300 118 172 105 370 342 233 314 310 205 205 188 75 228 389 159 183 380 190 312 146 151 229 241 192 316 251 363 281 209 111 72 204 348 229 325 263 320 130 178 35 324 201 184 118 323 374 135 333 349 257 293 291 77 389 288 241 130 167 293 366 192 248 253 299 101 383 161 245 178 29 342 341 417 167 53 187 181 428 117 146 162 155 361 195 250 263 348 244 346 289 373 135 142 135 184 256 67 159 390 212 145 127 393 82 154 407 81 374 289 275 334 262 254 135 343 286 260 190 246 62 413 323 113 111 211 269 339 295 228 167 377 218 398 284 201 264 73 209 292 42 213 337 211 162 199 197 345 340 202 187 372 278 150 138
 169 190 49 239 237 335 170 119 69 230 181 122 124 185 272 281 255 92 84 189 372 194 244 289 102 329 251 1 335 170 214 166 361 255 241 253 247 191 19 154 304 114 140 116 327 334 252 78 392 159 232 140 195 168 237 87 243 72 342 191 131 198 186 139 279 120 234 203 344 17 292 179 340 282 130 135 248 54 231 138 271 124 365 360 317 151 52 347 294 333 36 67 19 202 366 300 228 298 161 212 325 220 61 234 102 278 280 209 222 164 227 104 84 218 318 50 229 209 311 291 135 171 180 63 311 150 239 328 263 108 80 384 231 245 243 220 233 48 322 328 261 87 78 177 348 261 80 278 68 179 342 175 124 164 329 321 161 274 185 140 232 337 169 99 51 148 302 403 52 49 271 270 100 156 110 269 290 239 299 315 242 360 281 305 186 118 281 245 131 72 170 145 189 151 98 64 123 147 312 244 281 59 210 139 301 43 143 314 259 176 99 345 291 306 305 291 85 284 386 143 302 52 335 65 241 190 340 345 170 281 41 108 164 225 346 132 128 338 239 86 151 36 275 260 228 234 292 88 314 163 185 62 165 115 59 67 337 289 103 202
 237 178 344 296 119 87 166 251 308 129 237 299 409 222 92 188 255 256 278 276 43 196 200 78 244 61 236 335 1 166 242 178 72 281 222 188 146 317 320 183 129 437 381 320 63 106 248 258 69 222 233 225 337 195 217 403 280 268 106 151 322 340 244 264 133 256 324 150 284 340 257 326 58 159 444 252 338 290 105 264 155 212 77 51 292 356 381 104 231 62 361 368 351 185 32 153 237 132 301 317 130 123 341 284 255 141 120 127 330 348 245 243 343 211 33 315 107 293 26 252 336 165 347 304 125 193 107 9 93 352 353 59 269 152 96 145 302 304 164 9 188 279 410 332 95 270 411 58 287 321 114 342 237 290 161 43 244 133 211 433 172 6 181 244 384 360 46 90 298 372 137 262 305 205 227 216 185 231 287 77 286 98 62 300 325 304 77 100 371 327 195 229 289 208 419 326 420 316 107 113 60 295 192 339 244 297 201 127 289 219 283 233 167 216 100 97 389 89 59 313 175 385 32 309 121 247 246 111 308 128 313 266 299 186 26 343 444 28 315 300 188 366 168 78 180 200 44 409 27 174 154 279 307 353 324 280 187 103 267 353
 115 82 183 206 87 174 1 100 148 85 123 153 256 123 117 165 187 99 118 162 203 106 141 131 82 168 171 170 166 1 150 44 196 216 155 152 119 207 155 26 166 275 239 179 162 178 191 93 224 103 167 90 224 65 147 242 196 103 192 34 186 228 133 134 135 115 223 66 273 176 224 209 178 150 285 119 240 128 62 134 138 47 201 195 261 214 216 190 210 168 197 209 186 91 197 173 167 162 170 207 177 55 183 206 103 147 130 40 221 220 172 88 190 140 150 151 61 187 143 220 192 13 226 142 171 39 74 159 105 198 198 215 193 120 79 76 207 140 197 159 159 126 246 204 188 200 247 109 125 195 194 220 85 172 201 156 127 139 101 279 122 168 44 82 220 224 133 236 137 209 129 212 152 78 62 172 181 171 247 153 200 199 113 258 202 156 116 80 227 167 80 99 184 77 257 169 265 178 157 85 113 136 106 196 223 132 46 166 223 102 128 247 162 210 155 140 230 130 217 174 186 220 169 148 94 139 250 196 180 135 149 121 179 126 178 197 285 169 230 149 35 201 149 93 124 134 124 248 145 13 32 114 187 207 162 116 219 140 111 230
 48 230 254 59 224 188 150 99 150 227 36 104 334 268 243 85 44 205 131 42 259 254 50 251 129 275 38 214 242 150 1 191 223 362 33 300 263 339 211 167 301 324 337 288 197 177 339 161 267 243 315 225 353 86 33 300 48 154 313 127 300 357 29 263 119 238 84 213 422 229 372 336 281 103 343 249 99 208 172 263 98 151 225 288 409 137 235 191 358 202 249 278 231 65 268 314 314 298 79 77 155 139 261 350 217 288 129 159 89 338 319 202 279 288 211 167 178 53 229 369 126 162 349 153 303 120 146 234 232 157 281 264 338 265 199 103 63 167 336 234 307 230 283 102 196 54 287 200 147 89 318 343 101 303 339 257 265 279 50 352 270 246 107 133 256 332 197 266 218 262 112 361 124 220 146 61 327 319 395 179 52 207 183 406 91 110 166 151 326 158 226 235 320 218 309 254 336 101 157 133 185 221 53 126 371 175 117 147 369 51 117 393 104 358 282 267 298 255 267 100 329 248 262 153 233 25 397 318 81 123 174 238 309 275 237 133 340 227 371 250 176 227 92 202 273 45 213 300 215 139 179 161 314 306 165 151 360 269 113 116
 153 41 168 246 72 204 44 128 162 65 162 179 233 80 107 207 229 80 135 200 218 64 184 124 101 164 214 166 178 44 191 1 220 173 197 115 90 167 149 26 145 261 209 148 188 210 149 97 242 61 125 53 184 106 190 227 237 111 178 76 153 188 172 97 174 82 261 39 234 168 183 170 175 191 268 82 278 117 81 97 179 57 225 196 219 239 216 221 172 193 188 192 180 134 207 146 124 139 203 244 213 89 164 163 78 121 167 66 258 184 129 67 166 98 169 160 75 225 153 180 217 33 188 154 150 74 105 172 98 217 176 232 150 90 83 117 246 147 170 172 123 102 237 235 218 242 237 123 137 227 179 183 114 133 175 158 86 115 143 257 86 179 85 98 213 191 154 257 124 197 168 170 173 36 74 215 148 129 205 181 241 228 135 216 235 181 144 110 198 181 37 60 142 37 243 149 244 207 191 120 134 120 149 221 183 135 79 202 180 142 150 212 203 174 141 126 212 119 234 203 155 216 173 160 77 178 214 182 213 173 155 91 140 87 194 221 268 187 187 124 20 200 191 101 87 177 135 234 162 53 27 120 148 179 173 127 189 125 134 263
 233 231 378 270 176 36 196 260 322 186 229 301 450 278 156 151 224 293 292 262 51 252 175 145 262 131 207 361 72 196 223 220 1 346 197 254 210 374 348 218 199 469 428 367 34 52 313 283 47 273 297 271 393 202 193 437 253 290 176 171 371 396 233 313 106 301 300 201 354 369 325 381 127 124 480 300 313 323 140 313 126 239 7 114 361 351 403 42 300 29 390 404 378 180 74 223 300 202 294 298 79 143 377 347 295 209 96 158 309 400 307 281 383 272 57 332 146 275 88 320 335 198 402 319 195 212 123 69 154 357 392 47 331 215 144 146 278 323 235 70 255 319 438 322 33 238 439 102 304 309 183 396 248 344 231 114 296 200 206 473 234 75 195 264 411 409 68 45 332 402 112 328 312 252 252 182 254 295 355 48 259 30 86 368 312 306 81 117 417 339 245 277 346 254 452 363 459 312 67 118 87 330 182 337 313 320 219 82 354 215 292 304 128 286 170 165 425 156 50 310 245 409 102 323 180 235 317 180 299 101 333 309 352 247 47 342 479 45 377 341 225 389 135 127 242 179 95 442 67 200 194 301 360 397 339 299 257 171 278 338
 321 137 221 415 175 343 216 285 292 166 331 329 230 95 191 376 401 181 277 366 322 111 356 204 251 232 386 255 281 216 362 173 346 1 369 94 137 82 239 196 163 289 182 150 321 356 35 229 348 121 52 142 95 277 362 259 408 244 207 246 138 95 341 119 335 143 426 163 95 245 51 99 242 356 281 128 444 208 228 120 345 215 352 267 64 383 301 362 72 325 252 230 258 306 300 141 51 158 361 407 367 251 209 23 166 143 326 225 421 130 45 176 192 80 291 280 220 392 260 54 361 204 117 283 171 244 262 280 193 348 203 337 26 132 210 286 414 268 146 279 95 171 290 390 357 414 288 249 270 385 202 115 274 93 155 242 104 150 314 251 114 279 257 248 281 153 283 370 205 254 331 28 315 144 225 386 108 52 46 322 411 364 271 51 393 329 288 263 178 307 137 132 69 146 276 198 247 359 341 280 268 199 321 366 69 251 247 357 9 312 297 119 369 94 188 187 239 193 337 355 124 291 258 289 169 347 106 206 371 333 271 152 96 102 305 363 283 303 43 170 187 286 358 224 107 348 252 269 280 225 190 247 99 174 296 259 142 181 284 419
 73 235 279 75 221 162 155 124 179 224 61 135 359 276 235 53 36 222 158 74 236 260 24 241 150 261 18 241 222 155 33 197 197 369 1 301 261 353 236 175 294 352 359 307 173 149 344 182 242 253 321 237 368 96 8 327 59 177 302 127 318 372 57 277 93 253 104 214 423 255 375 351 266 75 370 262 118 230 164 277 72 165 198 271 413 168 265 163 360 178 276 303 258 64 247 309 320 292 111 103 126 133 284 358 234 283 105 155 113 355 326 218 301 293 191 196 171 80 213 372 158 167 365 181 295 130 134 214 224 188 304 240 346 264 192 94 82 194 331 215 308 249 312 132 169 51 315 186 173 120 307 359 122 317 332 242 277 274 62 378 271 227 114 154 284 352 178 239 240 289 88 366 154 229 163 30 325 324 400 155 65 178 166 411 121 141 148 139 348 188 233 246 332 227 337 276 362 133 131 119 169 243 50 158 373 201 130 118 377 68 145 390 74 357 273 258 323 246 243 132 326 277 245 182 229 55 396 307 113 99 202 254 323 278 215 165 368 205 381 270 184 256 64 192 275 25 198 328 196 146 182 185 329 327 194 176 355 261 139 144
 266 76 235 357 88 253 152 242 268 81 275 293 273 71 99 299 335 163 245 313 228 61 284 111 213 140 319 253 188 152 300 115 254 94 301 1 46 144 235 141 75 320 231 179 230 267 61 201 255 95 50 115 163 217 294 287 347 217 121 176 174 165 285 124 253 136 374 89 122 249 78 157 150 276 319 122 391 200 146 125 265 170 260 176 116 352 304 272 59 233 263 253 262 239 207 58 54 69 317 358 280 174 226 99 152 51 242 148 372 186 62 153 216 40 199 262 138 338 167 73 329 140 179 260 83 187 180 187 102 325 228 244 84 42 123 211 358 249 74 186 9 169 309 349 266 349 308 158 244 342 117 175 228 129 82 149 98 57 252 296 31 186 195 210 292 204 192 277 202 269 250 76 284 103 185 313 38 45 106 232 351 273 182 119 349 294 200 180 224 286 89 110 117 107 304 211 288 321 254 198 179 196 253 333 72 234 193 271 102 253 262 99 288 60 96 94 268 100 244 317 52 299 165 266 81 290 99 121 327 250 255 148 137 30 212 332 320 210 130 180 134 288 279 135 30 278 160 296 188 164 122 223 144 211 277 233 85 88 247 377
 233 58 237 321 44 208 119 215 250 38 240 267 287 84 55 255 296 156 224 280 188 61 243 70 190 105 279 247 146 119 263 90 210 137 261 46 1 174 229 113 59 328 251 193 185 222 104 185 214 96 88 110 194 182 254 293 310 199 99 137 191 197 250 135 208 138 340 55 164 246 123 185 117 232 330 128 357 194 102 135 222 146 216 142 161 328 298 227 102 189 263 258 259 201 168 57 91 52 288 325 234 131 230 139 148 32 197 107 339 210 99 144 225 66 154 248 94 304 124 118 305 108 207 243 66 156 136 145 57 306 237 204 123 6 78 169 323 234 81 144 50 169 311 321 221 310 310 113 226 312 99 202 201 152 86 110 110 29 216 311 27 145 160 187 291 226 147 235 199 270 206 121 262 92 163 272 65 86 151 187 314 228 137 164 319 270 155 135 242 269 78 109 146 97 311 215 301 294 208 155 133 193 214 309 115 221 163 226 145 219 239 130 244 96 66 58 276 60 204 290 68 296 127 249 36 255 136 102 298 206 242 150 160 41 170 309 330 167 169 185 109 282 235 90 35 238 116 302 144 131 88 208 168 226 261 215 101 53 223 348
 294 144 150 385 200 363 207 249 240 189 305 285 149 97 227 370 381 138 232 333 359 122 343 243 215 278 368 191 317 207 339 167 374 82 353 144 174 1 176 183 218 209 101 76 344 373 100 187 385 107 97 118 21 258 346 181 381 199 263 240 62 24 314 77 339 102 391 175 175 178 131 18 289 356 200 91 408 152 240 77 344 189 380 314 143 332 231 382 147 349 181 154 190 292 341 200 91 212 320 370 378 255 137 61 124 192 332 230 383 49 85 138 117 110 319 225 233 359 293 133 312 197 37 231 226 224 269 314 225 293 127 375 69 169 230 282 382 214 212 313 149 118 214 346 378 392 211 273 222 344 260 35 241 37 221 283 82 196 293 170 148 316 242 211 208 72 307 404 146 180 334 107 267 131 194 374 172 103 125 341 383 387 291 126 352 283 304 273 97 252 133 109 29 131 196 129 166 314 354 285 289 140 306 316 147 198 224 367 82 289 252 199 368 168 237 230 160 233 375 310 188 219 300 236 197 320 187 264 331 339 215 104 31 134 339 311 202 334 51 107 173 218 355 248 140 335 280 191 309 212 191 199 27 94 240 211 214 225 243 374
 165 172 45 240 220 323 155 113 72 212 177 125 125 167 255 274 253 74 81 189 357 176 238 272 92 312 247 19 320 155 211 149 348 239 236 235 229 176 1 138 287 124 134 103 314 323 234 65 378 141 214 122 182 158 232 94 242 62 324 178 118 186 183 122 269 102 237 186 327 22 274 165 323 274 138 117 252 36 216 121 262 110 352 344 301 160 70 336 276 320 44 68 32 193 350 282 210 280 164 215 315 206 54 218 84 260 269 195 226 152 209 87 76 200 304 54 214 210 296 274 142 156 168 65 293 138 225 313 246 118 74 370 214 227 227 209 235 47 304 313 243 70 91 183 336 259 93 263 65 183 325 163 117 149 311 304 144 257 179 143 214 322 157 89 66 138 287 389 35 57 261 253 103 138 97 264 272 222 283 302 242 348 267 289 191 121 268 232 124 79 152 127 173 133 107 53 127 151 300 232 267 41 202 146 284 37 131 303 242 170 98 327 282 289 287 274 88 267 372 147 284 68 319 68 224 188 322 327 173 271 44 91 149 207 332 141 136 324 224 71 135 54 267 244 210 228 277 97 299 149 168 53 150 107 67 61 319 271 99 209
