NAME : domp240p120v4
COMMENT : (Deleplanque et al.) 
TYPE : DOMP
DIMENSION : 240
DISPLAY_DATA_TYPE: NO_DISPLAY
OPEN_FACILITIES : 120
COST_SECTION
 1 286 382 247 131 115 345 382 67 250 376 197 94 227 360 374 157 109 134 409 328 372 242 419 256 321 291 118 193 146 103 128 390 167 134 226 221 183 302 147 50 378 330 205 379 302 95 383 60 112 254 454 277 98 86 206 333 159 345 339 398 378 61 303 81 236 391 304 146 352 282 306 185 86 269 382 211 215 325 149 414 242 284 275 122 350 435 340 270 366 347 239 197 342 66 419 106 374 254 109 322 199 209 242 119 269 122 306 210 312 61 307 210 108 347 276 407 193 244 144 323 115 118 44 288 384 459 174 373 269 266 235 291 103 223 318 370 303 131 438 385 259 150 215 104 141 249 334 138 331 450 185 344 106 293 50 5 100 333 256 79 275 313 142 331 346 389 359 239 194 239 414 378 75 226 355 342 202 194 207 153 146 362 276 191 143 260 222 438 352 63 277 156 315 216 63 385 79 385 310 79 364 208 87 178 343 208 251 293 325 255 382 278 402 316 127 323 373 326 212 371 322 310 215 462 152 295 168 154 150 279 268 82 141 138 158 181 329 322 128
 286 1 303 66 162 292 146 103 284 242 193 92 207 169 150 107 266 179 154 157 120 243 139 142 113 275 18 172 172 141 239 189 109 134 256 180 168 206 74 245 245 253 48 167 94 209 250 166 313 216 59 170 215 325 236 84 155 140 119 99 131 117 229 65 207 221 115 243 189 239 139 151 211 250 212 98 226 74 67 276 130 116 97 74 200 188 151 58 211 303 195 54 91 136 332 143 312 115 52 178 88 175 158 155 189 55 211 217 160 164 227 77 103 193 270 79 130 153 244 232 266 252 191 256 85 295 174 115 176 20 124 149 208 213 77 45 166 280 195 153 299 239 281 75 183 238 64 258 165 242 169 106 80 266 208 277 282 247 118 226 348 116 31 172 288 249 108 189 101 202 93 160 157 213 138 198 174 202 93 173 190 175 222 247 95 200 243 83 153 67 293 30 286 37 207 225 140 256 120 26 333 296 248 245 109 67 85 136 195 180 182 284 23 128 230 172 88 233 282 232 248 187 131 86 178 135 17 161 194 183 190 149 229 204 269 265 162 215 199 164
 382 303 1 347 347 289 174 365 327 506 142 287 374 435 183 266 235 339 332 242 195 73 416 301 199 63 320 302 419 316 280 266 306 353 253 169 180 444 376 238 335 64 296 195 337 498 289 186 357 273 254 351 112 333 297 283 156 352 209 398 270 255 333 366 347 484 292 527 403 67 166 153 449 297 490 349 171 318 365 247 328 204 394 371 395 126 372 334 490 23 117 323 315 438 375 298 313 252 337 331 227 196 416 172 278 250 263 92 418 141 356 379 244 370 39 225 297 215 139 239 59 270 277 339 219 14 365 286 161 308 413 182 106 284 262 340 172 86 259 348 10 508 249 282 336 243 252 53 273 64 335 328 372 283 495 337 380 284 200 496 386 189 295 380 56 55 362 131 220 192 371 247 194 352 408 118 138 451 299 189 237 387 92 107 302 244 511 254 364 324 335 275 246 287 463 355 230 417 400 301 363 20 177 413 306 351 275 181 484 125 146 26 322 393 79 283 389 86 59 171 65 118 175 258 367 310 317 236 234 244 125 436 303 245 254 233 222 88 105 347
 247 66 347 1 117 278 204 139 259 178 251 79 160 105 210 171 263 140 115 222 178 293 76 202 149 311 58 146 108 108 223 176 168 83 248 202 189 142 58 242 214 304 110 182 143 153 232 229 284 202 95 224 248 303 215 77 210 90 181 95 195 182 197 57 167 157 176 184 130 286 182 200 147 230 151 143 241 42 79 270 186 146 54 33 146 242 196 102 150 344 247 25 58 112 301 204 293 179 14 141 149 188 93 184 172 102 199 257 95 212 188 62 114 145 312 127 191 163 265 227 303 240 174 225 136 341 225 98 235 49 67 175 245 194 90 77 226 311 185 205 344 176 276 73 145 233 97 299 150 284 225 65 98 251 151 249 244 231 178 163 317 159 94 118 324 294 148 245 130 212 29 224 220 173 74 251 228 137 72 189 187 119 274 276 71 194 180 98 201 119 267 83 281 101 143 186 204 205 138 88 306 338 260 193 81 100 83 169 139 230 212 331 45 157 271 153 78 286 318 246 298 234 183 96 228 104 64 161 192 178 226 91 205 197 261 263 168 261 245 120
 131 162 347 117 1 181 254 254 152 173 295 83 46 118 267 260 185 26 16 302 232 313 122 301 170 295 164 55 89 33 130 99 269 37 164 179 167 103 172 164 102 322 209 153 253 198 135 289 172 114 145 331 235 197 115 92 249 30 245 210 285 267 86 173 52 151 273 212 58 298 204 228 107 130 173 255 195 89 195 188 291 158 156 145 51 275 308 213 173 337 276 112 72 215 188 301 191 263 125 31 216 153 97 178 87 159 116 257 99 237 72 177 116 33 309 174 289 132 228 152 292 150 90 114 187 345 334 69 286 144 142 168 242 102 115 190 280 286 108 314 347 177 192 100 32 155 141 295 79 286 329 57 214 156 190 138 127 136 235 169 203 188 191 36 308 299 261 282 148 167 110 306 282 58 106 283 263 114 75 159 124 44 298 251 71 124 180 118 312 227 158 160 198 194 129 70 280 97 255 187 194 332 206 87 59 214 97 176 186 254 202 339 150 273 270 73 193 310 302 199 315 255 222 111 338 40 169 113 128 114 225 149 104 126 176 186 127 272 260 4
 115 292 289 278 181 1 299 394 49 341 318 205 169 298 316 354 55 156 174 377 290 296 302 403 220 227 303 134 266 174 56 104 381 214 45 162 164 269 334 61 91 300 328 152 382 377 47 337 71 78 243 447 198 47 67 211 282 208 311 371 376 355 103 331 140 322 377 388 224 274 233 254 272 52 349 388 127 238 348 43 407 207 326 310 202 289 438 349 350 270 283 261 220 387 88 402 27 350 279 151 296 143 277 188 107 256 82 229 278 255 130 338 194 177 258 252 391 152 153 69 232 41 104 85 261 294 455 182 321 280 319 185 216 85 217 333 322 205 98 433 294 348 41 219 150 62 237 246 130 249 439 217 365 28 369 67 116 48 296 342 98 236 312 209 235 264 398 299 212 124 281 382 336 138 286 292 285 285 208 150 107 216 291 186 208 95 350 212 438 356 54 274 45 311 301 131 353 183 407 312 75 270 114 187 197 357 209 205 365 264 189 295 293 419 236 125 354 300 231 124 293 258 266 208 458 176 306 135 104 112 210 329 78 92 37 57 140 255 254 179
 345 146 174 204 254 299 1 192 314 380 48 174 295 306 19 93 252 259 241 85 28 105 279 134 90 169 162 232 300 223 260 219 134 243 255 139 136 331 217 239 296 116 127 149 164 353 272 40 347 241 117 185 129 342 268 166 23 246 35 233 102 84 285 207 280 358 120 387 301 109 67 48 337 277 354 176 184 189 200 265 157 104 242 219 303 49 200 164 353 181 58 184 196 275 368 131 324 80 192 254 60 157 290 112 227 106 231 111 293 52 297 219 141 285 149 83 127 154 179 231 157 263 228 304 71 164 199 187 33 158 268 116 112 246 141 175 27 185 218 179 168 378 270 160 260 238 118 142 208 124 171 213 203 279 352 316 342 268 29 365 383 71 130 280 179 125 189 46 109 177 231 91 38 286 275 58 37 332 184 150 200 285 85 163 188 212 382 138 194 153 324 122 272 121 341 295 65 346 228 136 363 174 206 338 198 181 159 96 340 57 116 152 168 220 119 219 226 94 175 189 112 66 36 144 201 216 157 178 201 200 104 293 267 215 265 251 167 94 80 256
 382 103 365 139 254 394 192 1 385 283 232 192 297 220 186 106 366 275 249 152 171 296 187 100 200 351 93 272 237 238 340 291 71 221 357 272 261 270 95 346 344 306 75 263 31 225 352 192 413 318 155 95 296 426 337 185 210 228 158 75 115 119 328 89 302 267 87 262 267 299 216 219 275 351 244 19 321 168 65 376 68 207 127 121 284 240 59 46 242 370 249 144 186 116 432 103 413 121 130 274 140 272 219 245 290 146 312 291 220 230 323 92 203 283 337 162 93 251 333 333 340 354 293 356 160 355 91 216 212 116 161 240 285 314 178 65 200 361 297 77 359 276 381 176 279 339 161 328 267 310 103 198 48 367 229 377 379 349 166 264 448 196 85 256 363 314 11 237 195 299 157 150 182 309 195 249 228 260 192 269 291 257 276 331 194 301 280 184 66 44 393 123 386 90 260 321 149 343 41 84 434 363 343 331 207 41 186 223 215 242 267 343 106 30 302 273 83 284 357 327 303 251 194 188 95 233 89 262 295 284 269 182 330 305 370 365 262 281 265 257
 67 284 327 259 152 49 314 385 1 301 339 194 131 264 331 358 95 126 148 387 302 325 273 406 229 265 293 115 231 152 55 100 381 187 75 183 181 230 316 90 52 330 324 167 376 343 43 353 34 75 241 446 228 46 50 201 299 181 321 354 382 360 67 315 104 284 379 350 187 304 249 272 233 38 313 381 158 222 333 85 406 215 304 290 163 311 433 341 314 309 307 246 203 364 55 405 44 356 263 123 302 159 244 205 97 256 84 259 245 275 91 321 193 141 293 256 394 161 189 92 269 58 95 42 267 331 453 170 339 269 292 200 244 74 213 322 339 245 98 431 331 308 86 210 120 86 236 281 121 281 440 196 352 44 334 19 67 48 307 303 70 247 308 175 274 296 391 321 216 147 258 392 350 101 256 315 305 247 194 167 115 181 318 221 193 103 310 209 434 350 11 269 91 308 262 91 363 137 394 306 51 308 150 142 181 347 201 219 332 286 212 330 281 408 267 113 337 328 270 157 324 281 280 203 457 156 296 139 114 116 235 299 56 100 75 97 148 283 279 149
 250 242 506 178 173 341 380 283 301 1 426 220 173 75 387 345 355 192 186 397 354 462 105 369 313 460 231 227 89 198 296 270 334 156 332 343 331 73 192 335 251 472 283 318 300 78 298 406 308 283 266 377 398 342 278 226 383 158 358 210 367 357 239 201 203 24 345 59 120 451 348 369 70 291 43 294 366 194 223 355 345 305 159 174 140 414 340 263 45 499 418 197 193 179 315 371 343 355 191 199 327 320 92 336 259 276 287 415 90 380 212 194 264 166 469 299 358 297 398 323 455 316 261 259 310 503 373 222 412 226 125 326 401 270 248 237 403 453 280 359 505 12 359 228 197 325 266 455 250 444 383 179 236 318 68 283 248 300 354 21 327 327 269 139 473 455 293 418 290 337 151 399 397 204 106 423 401 60 209 325 295 131 444 419 205 296 11 255 348 282 303 260 366 277 45 211 381 173 259 262 328 494 378 164 202 252 234 327 79 398 363 495 220 285 428 245 200 456 467 370 465 401 355 250 376 202 237 282 300 286 382 102 267 297 343 356 295 425 410 173
 376 193 142 251 295 318 48 232 339 426 1 217 334 352 47 128 268 297 281 101 74 70 325 160 126 153 208 267 345 263 285 248 168 286 275 157 159 376 263 258 326 79 171 174 202 400 297 45 372 268 162 210 130 363 296 209 46 289 78 277 130 116 317 253 316 404 153 433 344 82 95 70 381 303 401 215 196 234 245 281 188 139 289 266 344 31 232 208 400 154 39 230 240 320 393 157 344 114 239 291 106 181 336 136 258 151 258 103 338 66 332 265 180 324 125 128 156 184 183 251 140 285 258 334 116 130 224 227 21 204 314 142 111 274 184 220 32 173 246 208 134 425 285 203 297 258 163 122 242 105 194 256 247 301 399 343 373 292 76 412 408 108 176 322 160 100 228 20 148 196 278 106 53 322 321 32 35 377 227 173 226 328 53 160 231 237 429 179 224 195 349 169 286 166 386 330 89 384 270 182 386 146 215 377 240 225 202 126 386 56 130 117 215 259 106 253 271 57 157 200 78 62 74 186 226 256 204 209 226 228 111 339 296 240 282 266 196 79 71 296
 197 92 287 79 83 205 174 192 194 220 217 1 126 149 186 180 186 94 71 221 151 244 133 224 95 244 101 82 134 54 151 102 194 71 172 129 116 162 132 164 154 253 135 107 185 217 161 208 222 128 63 259 181 235 146 10 172 73 163 168 205 186 139 128 120 198 196 243 128 232 130 153 167 160 205 189 164 39 144 194 218 86 132 111 130 200 242 148 204 281 202 58 29 190 241 224 223 182 77 90 135 112 130 117 99 78 124 196 132 163 139 136 44 114 250 93 211 86 190 150 238 166 102 166 106 283 264 25 206 77 137 107 182 123 34 130 200 240 109 242 286 222 199 19 96 156 59 237 76 224 255 42 161 178 213 186 193 159 154 210 257 111 117 106 257 236 198 205 72 135 93 225 201 126 123 208 187 166 12 114 109 112 226 205 16 117 225 38 244 158 202 82 204 119 178 137 199 178 203 115 243 275 182 168 25 154 16 108 203 181 145 275 89 216 209 82 152 238 251 169 247 184 144 32 267 48 104 83 114 101 163 157 138 121 185 186 90 205 191 85
 94 207 374 160 46 169 295 297 131 173 334 126 1 136 309 305 187 37 56 346 274 347 150 346 208 318 209 73 102 74 126 112 314 77 163 206 196 101 213 168 80 355 254 180 298 214 127 331 143 117 188 376 262 174 107 136 288 70 288 249 330 311 67 215 32 155 318 221 57 330 241 265 104 119 183 299 212 134 237 185 336 196 193 185 34 312 353 257 184 362 312 156 117 249 156 346 173 307 168 44 260 179 118 210 99 203 123 287 118 274 41 217 155 16 336 217 334 161 247 158 317 146 101 89 230 373 379 109 326 189 173 201 272 103 158 233 321 306 120 359 375 180 189 144 39 158 184 322 101 315 374 102 256 147 205 114 90 129 277 174 170 227 236 49 331 329 305 320 187 186 148 350 324 32 133 319 301 118 120 185 141 54 333 274 116 137 182 160 357 272 134 205 196 240 133 40 324 53 296 232 165 358 219 44 103 258 141 212 204 290 232 368 195 315 299 92 232 345 325 215 348 290 262 153 383 81 214 139 144 132 255 175 96 137 173 188 153 304 294 44
 227 169 435 105 118 298 306 220 264 75 352 149 136 1 313 273 302 142 128 325 280 389 35 300 240 391 159 171 35 137 247 214 265 92 281 276 263 56 127 281 213 399 211 251 234 81 252 332 278 231 192 313 329 308 232 154 309 96 284 152 296 284 198 134 161 53 275 97 81 378 275 296 59 246 58 230 303 120 158 305 279 233 94 104 106 340 279 194 57 430 344 123 121 133 290 302 305 282 118 148 252 255 23 265 203 201 233 344 21 307 176 129 193 124 398 225 289 230 333 268 386 267 206 223 236 431 311 155 337 153 61 256 331 219 176 168 329 387 223 294 434 74 309 155 148 271 192 385 190 373 317 110 173 273 72 248 223 253 280 62 304 254 196 90 405 384 230 344 218 274 77 327 323 164 32 349 327 42 138 259 235 84 370 352 135 238 78 183 286 213 268 186 316 204 41 174 307 158 203 190 300 424 317 147 134 186 162 255 69 325 293 423 147 227 358 187 139 382 399 308 392 328 281 178 314 139 165 218 240 226 311 48 221 240 294 303 230 352 338 120
 360 150 183 210 267 316 19 186 331 387 47 186 309 313 1 83 270 273 254 69 36 112 285 120 105 183 164 247 309 236 277 235 124 254 273 156 154 341 219 257 312 123 125 166 157 357 289 24 364 258 127 172 146 360 285 177 40 257 32 231 89 73 300 208 294 365 109 392 312 119 84 65 346 294 360 169 202 199 199 283 146 119 245 223 315 59 189 162 359 192 69 191 207 275 385 118 341 69 198 268 62 175 299 129 243 114 248 126 301 69 312 220 155 298 161 94 115 171 197 248 170 280 244 320 82 172 185 200 28 163 272 133 128 262 153 175 17 200 235 167 176 385 288 171 274 255 129 155 224 137 157 223 201 296 357 332 358 285 34 372 400 86 131 291 193 136 182 53 124 195 238 74 20 301 282 66 50 341 196 167 217 297 93 180 200 229 389 150 182 148 341 128 289 121 349 310 50 360 223 137 380 184 223 351 210 179 171 113 344 72 134 160 172 213 133 235 226 100 188 207 120 81 52 157 188 229 160 195 218 216 121 298 283 232 282 268 184 107 94 269
 374 107 266 171 260 354 93 106 358 345 128 180 305 273 83 1 315 273 250 54 79 195 242 50 137 260 115 256 278 234 307 259 41 237 312 206 199 312 160 298 328 205 64 206 76 302 319 87 390 285 121 98 214 394 310 171 114 242 60 162 26 14 314 149 299 325 28 339 293 201 137 130 317 322 312 88 256 176 133 327 65 149 191 173 303 141 108 92 311 274 150 160 190 207 410 49 377 16 158 270 60 216 263 177 263 105 277 201 265 139 318 159 167 292 242 104 39 203 259 287 248 315 265 339 94 255 110 201 108 125 222 176 199 286 151 113 97 274 262 89 259 341 332 162 275 294 126 234 240 216 87 207 130 331 304 355 370 315 73 328 426 124 78 275 271 217 101 135 144 241 198 55 77 305 243 149 130 307 186 210 249 279 175 249 189 261 345 153 102 74 368 101 335 71 313 316 44 356 145 84 409 266 279 345 203 108 167 156 290 148 192 242 127 132 210 250 161 182 266 262 202 157 107 159 113 227 109 222 251 245 187 248 305 264 324 314 215 186 171 262
 157 266 235 263 185 55 252 366 95 355 268 186 187 302 270 315 1 164 175 333 246 242 301 364 179 173 279 132 273 169 63 91 345 213 25 114 118 283 317 23 119 246 296 110 351 381 65 290 123 73 212 410 145 101 82 190 234 208 268 353 336 314 125 313 155 335 340 396 236 220 187 206 287 74 357 359 74 222 326 14 372 168 315 296 217 238 406 322 357 217 232 244 207 374 141 363 80 309 263 157 256 100 281 142 100 223 70 176 282 206 153 322 164 191 203 215 353 116 99 37 178 44 97 118 223 240 420 166 272 256 313 141 163 86 191 309 274 152 82 398 240 360 19 197 158 32 206 192 116 195 401 208 343 52 373 109 156 61 253 353 152 193 283 218 182 210 370 249 176 77 272 338 289 156 286 240 235 297 192 106 78 225 238 132 193 70 363 184 405 326 102 244 21 280 312 153 309 213 384 283 129 216 59 214 185 332 186 162 368 213 139 241 271 393 182 117 337 247 177 71 239 207 220 181 423 169 281 106 73 86 158 327 93 67 20 3 106 202 201 184
 109 179 339 140 26 156 259 275 126 192 297 94 37 142 273 273 164 1 26 313 239 310 148 316 172 284 184 39 111 40 106 81 286 62 142 170 160 120 196 144 77 319 225 145 272 222 111 296 147 92 155 349 227 171 91 103 252 55 253 233 298 279 60 196 29 172 288 234 74 294 204 229 124 105 195 275 181 108 217 165 309 159 181 169 58 276 328 233 196 327 275 132 90 240 163 316 165 275 146 9 226 144 122 174 69 170 96 251 123 237 49 200 119 32 301 182 304 125 215 132 282 126 71 88 195 338 353 75 290 162 167 165 236 80 124 210 285 273 90 332 340 197 169 112 7 134 151 287 67 280 346 77 236 131 214 113 105 112 242 190 179 191 207 55 297 293 282 283 151 153 135 317 289 35 131 283 265 134 89 150 109 62 296 240 86 107 200 126 331 245 132 174 176 210 149 47 290 88 277 204 169 323 190 80 72 235 107 175 210 254 196 333 170 295 263 58 216 308 291 184 312 253 226 118 356 47 188 103 113 100 219 175 79 108 153 165 118 268 257 24
 134 154 332 115 16 174 241 249 148 186 281 71 56 128 254 250 175 26 1 291 219 299 129 292 156 280 158 44 100 19 121 86 261 41 154 164 152 116 171 153 100 307 200 138 247 207 128 276 171 104 133 324 221 193 108 81 235 35 233 209 275 256 84 171 54 164 264 223 72 284 189 214 121 123 184 249 181 82 192 178 284 144 157 144 65 261 303 207 184 322 261 106 64 217 187 292 185 252 121 27 205 139 107 163 76 148 105 243 109 223 75 176 102 45 294 162 280 118 214 141 277 141 79 112 175 330 328 55 272 137 146 154 227 93 103 185 267 271 96 307 332 190 182 89 31 144 129 280 65 271 321 52 211 148 200 136 130 128 223 181 203 174 183 50 293 285 256 268 134 153 111 295 270 60 113 268 249 127 65 145 111 58 283 237 61 111 193 105 306 220 155 150 189 186 142 72 269 108 252 179 193 317 193 99 48 210 85 162 195 240 188 324 145 269 255 60 192 295 287 185 301 240 209 98 331 26 163 99 115 101 210 156 98 113 167 175 113 257 246 17
 409 157 242 222 302 377 85 152 387 397 101 221 346 325 69 54 333 313 291 1 87 170 293 62 159 249 167 292 328 274 333 288 82 282 333 220 215 361 212 318 361 179 116 226 122 355 346 57 419 313 159 111 213 418 339 212 107 287 67 214 38 41 349 202 337 377 65 391 340 181 147 131 366 349 365 134 267 222 186 345 94 172 243 225 347 123 137 144 363 254 133 208 235 258 440 59 401 43 209 309 88 235 314 191 294 144 304 193 316 136 356 212 200 334 224 134 62 227 264 308 236 339 295 371 122 230 125 240 83 174 275 193 196 315 190 165 74 267 289 110 234 393 350 203 315 315 163 219 273 202 94 252 181 355 356 386 406 341 81 380 456 142 129 321 258 199 145 115 172 257 249 7 52 344 294 129 116 358 228 228 273 325 152 247 232 285 397 189 128 126 396 146 352 122 363 354 25 398 191 136 436 246 289 388 244 159 207 172 343 139 200 217 178 175 200 283 213 157 254 272 178 148 114 196 127 267 161 249 275 271 188 300 336 289 344 331 240 173 161 305
 328 120 195 178 232 290 28 171 302 354 74 151 274 280 36 79 246 239 219 87 1 128 252 125 74 183 135 213 275 201 248 204 118 219 247 134 129 306 191 232 280 139 103 139 144 327 260 58 335 228 92 176 135 332 255 142 40 222 23 208 95 73 268 181 260 332 107 360 277 129 61 52 312 264 328 156 182 164 174 259 144 88 215 193 280 72 185 141 327 200 80 158 171 250 356 123 315 69 165 233 34 148 265 105 211 80 219 123 267 61 278 193 121 263 167 59 117 141 182 222 171 253 212 289 46 185 188 165 59 131 241 106 121 231 118 150 51 196 205 168 189 352 264 136 239 229 94 158 191 140 163 188 179 269 326 302 325 256 8 339 371 56 105 256 194 143 169 71 90 171 205 93 52 267 249 81 59 306 161 142 188 262 108 171 165 200 356 115 180 130 311 96 266 96 315 276 64 325 206 111 351 192 205 317 175 158 136 86 313 72 116 173 141 200 133 202 200 118 189 188 135 81 29 122 191 194 131 164 190 186 109 266 252 203 257 245 154 111 95 234
 372 243 73 293 313 296 105 296 325 462 70 244 347 389 112 195 242 310 299 170 128 1 366 229 150 94 259 276 377 281 274 247 235 313 255 147 154 404 316 238 323 12 230 170 267 445 284 114 358 261 200 279 99 342 288 237 90 314 139 334 198 184 317 306 324 439 220 476 367 23 115 95 410 292 441 280 170 269 301 255 256 159 337 314 363 57 300 268 440 86 49 271 270 376 378 226 321 181 283 303 161 175 371 137 259 193 251 68 373 83 337 318 202 340 61 168 225 187 147 235 82 269 258 329 160 61 293 248 89 251 359 147 82 270 214 276 100 118 242 276 65 462 259 235 309 241 199 63 248 51 263 285 306 284 443 333 370 279 132 449 391 136 231 344 98 39 293 60 173 180 319 175 122 330 359 48 70 409 255 167 220 351 22 116 259 230 466 207 293 257 335 216 258 222 420 335 158 394 332 237 368 78 185 389 265 285 230 138 431 65 118 49 263 324 62 259 326 14 96 173 9 61 113 213 295 275 256 211 219 225 94 383 291 232 260 240 196 44 54 314
 242 139 416 76 122 302 279 187 273 105 325 133 150 35 285 242 301 148 129 293 252 366 1 267 219 375 128 171 57 133 249 211 232 89 281 262 248 87 93 279 222 376 179 238 200 85 256 303 290 231 167 279 312 317 236 136 284 95 255 120 264 253 206 101 170 85 242 112 100 357 253 272 90 251 77 196 293 99 124 305 245 213 61 71 123 316 245 161 76 412 320 97 105 105 304 269 312 251 88 152 224 243 37 248 202 175 232 325 38 284 187 96 175 136 380 200 256 218 322 265 369 269 205 233 210 411 277 143 310 123 29 239 312 221 155 135 301 373 220 261 414 102 309 136 154 269 168 367 186 353 284 97 140 276 80 258 239 256 252 88 319 231 165 101 389 364 197 319 198 264 49 295 294 174 17 325 302 74 123 246 229 97 347 337 120 234 106 163 252 180 278 158 316 173 75 186 277 180 170 158 312 406 309 168 122 152 144 236 71 302 276 402 117 195 339 185 106 359 383 298 370 306 256 159 281 133 134 209 235 220 293 28 225 236 294 301 219 331 316 124
 419 142 301 202 301 403 134 100 406 369 160 224 346 300 120 50 364 316 292 62 125 229 267 1 186 302 145 302 309 277 355 306 36 275 361 255 248 343 178 347 374 238 94 255 73 318 367 116 437 333 166 53 259 442 357 214 156 281 104 170 32 53 360 169 342 350 29 355 329 238 184 175 348 369 333 83 304 215 148 376 35 197 211 197 341 178 76 107 331 311 188 195 230 214 457 5 425 57 190 313 109 264 293 225 310 151 325 244 295 183 362 177 214 332 280 152 13 251 306 335 289 363 312 385 142 289 66 245 140 160 245 224 243 333 197 133 130 318 309 49 293 364 381 205 319 342 172 274 287 256 39 246 139 379 321 402 415 363 118 350 473 173 112 313 312 255 91 171 192 289 227 59 108 349 271 185 169 337 228 259 297 316 210 294 231 309 368 199 67 88 415 143 384 107 340 360 72 396 139 117 456 303 327 385 245 119 212 204 307 190 240 276 159 119 252 296 174 216 307 310 237 199 153 205 68 270 139 270 300 293 232 269 352 312 372 363 264 226 212 303
 256 113 199 149 170 220 90 200 229 313 126 95 208 240 105 137 179 172 156 159 74 150 219 186 1 164 130 143 228 138 175 131 168 165 177 74 64 256 184 163 207 160 126 70 180 301 188 128 262 155 57 233 103 261 182 88 81 166 93 211 158 136 196 175 192 290 162 330 220 140 36 60 261 192 294 189 123 121 179 191 195 15 198 174 219 107 232 159 293 196 108 125 121 246 283 184 243 131 140 166 78 80 222 45 139 59 146 109 224 70 208 187 55 199 163 40 175 69 134 152 156 181 140 216 45 193 243 102 119 114 215 41 98 158 65 156 116 168 132 221 196 313 196 86 172 159 54 151 120 136 223 136 190 197 297 229 253 184 79 301 298 20 117 198 178 146 202 113 24 105 173 164 123 198 211 115 95 260 106 75 115 205 132 135 110 128 317 58 229 158 239 85 199 111 271 206 135 259 227 120 279 189 146 251 117 173 81 24 286 87 70 184 129 229 122 131 199 145 171 129 154 90 55 64 246 131 129 91 118 114 79 238 180 131 188 178 82 114 99 171
 321 275 63 311 295 227 169 351 265 460 153 244 318 391 183 260 173 284 280 249 183 94 375 302 164 1 293 247 372 265 219 209 300 305 191 118 130 395 347 176 276 92 278 144 325 459 228 193 295 213 221 354 64 271 237 240 148 304 201 373 271 252 274 338 291 437 288 485 351 74 138 133 400 236 447 337 111 277 340 185 325 166 361 337 341 127 367 315 447 46 117 287 272 410 313 299 251 248 303 277 212 142 371 128 221 221 204 61 373 123 298 350 201 316 37 197 296 165 78 178 14 209 220 279 195 69 367 239 168 277 376 138 68 225 223 316 176 26 201 347 68 462 187 241 281 182 217 33 219 49 339 283 350 221 455 276 320 223 189 451 324 160 274 329 15 56 350 136 182 134 332 254 198 295 365 122 134 403 255 137 179 337 103 46 258 185 466 214 362 308 273 246 184 266 416 297 232 360 383 278 301 44 116 357 259 330 233 143 445 114 100 72 292 380 51 228 362 105 8 110 87 104 158 217 369 260 291 183 176 187 87 397 243 186 192 171 169 77 91 295
 291 18 320 58 164 303 162 93 293 231 208 101 209 159 164 115 279 184 158 167 135 259 128 145 130 293 1 180 166 147 250 200 111 134 268 197 184 200 57 259 252 270 53 182 90 194 260 180 321 227 76 169 232 335 246 94 172 141 134 82 138 126 236 47 211 211 119 229 186 256 157 169 205 260 200 92 242 77 50 289 130 133 82 61 200 205 145 50 198 321 211 54 95 119 340 147 322 124 46 183 103 190 150 172 199 73 222 235 152 181 232 60 117 195 287 97 133 167 260 245 283 264 201 264 102 313 171 124 191 25 110 165 225 223 90 31 181 297 207 151 316 228 294 85 188 251 80 276 175 260 169 108 65 277 194 285 288 258 134 214 356 134 38 172 306 267 99 205 118 217 84 169 171 218 129 214 191 194 100 189 203 174 239 264 102 213 232 97 149 64 301 47 299 47 199 230 151 257 106 32 342 314 263 246 115 55 96 153 181 197 199 302 15 116 248 182 70 250 300 248 265 204 148 100 175 141 7 174 207 195 207 136 238 216 281 279 176 233 216 167
 118 172 302 146 55 134 232 272 115 227 267 82 73 171 247 256 132 39 44 292 213 276 171 302 143 247 180 1 143 40 80 45 274 83 112 134 124 156 203 111 74 284 215 108 266 250 88 269 142 62 137 339 190 158 70 90 223 77 230 241 281 261 59 201 50 206 274 266 110 259 173 198 160 85 226 270 143 108 220 135 298 130 193 177 96 244 322 228 227 290 243 132 90 254 161 302 148 256 149 31 205 107 150 139 33 152 63 215 151 205 66 207 94 70 264 159 290 90 177 98 245 99 36 85 172 301 344 58 262 157 186 131 200 51 106 209 258 236 54 323 303 231 140 99 35 101 132 250 29 243 334 84 238 108 242 106 115 87 218 223 177 162 198 89 259 257 278 252 124 115 148 297 264 56 155 251 234 168 81 113 71 97 262 202 80 70 234 105 324 239 123 161 146 199 183 64 269 120 280 195 163 286 153 114 67 233 91 143 237 221 160 296 168 295 227 20 224 274 253 147 277 220 198 98 348 43 184 67 75 62 184 198 60 71 124 133 81 233 223 54
 193 172 419 108 89 266 300 237 231 89 345 134 102 35 309 278 273 111 100 328 275 377 57 309 228 372 166 143 1 111 216 186 275 68 251 256 243 35 143 252 180 386 217 230 247 113 221 329 245 201 184 327 310 275 200 140 301 70 282 174 302 288 165 149 128 66 283 124 48 365 263 285 40 215 85 244 279 112 174 275 291 219 114 117 72 331 295 206 86 412 334 121 107 161 257 311 272 285 121 117 250 233 21 248 175 196 204 328 20 296 142 147 177 91 382 218 298 209 310 239 368 237 178 190 230 416 326 135 332 154 85 238 314 189 164 180 324 366 196 309 418 92 279 144 117 242 183 368 164 357 330 93 191 241 104 215 189 222 276 82 271 243 201 58 386 369 247 336 205 250 83 330 321 131 44 340 318 33 123 237 209 51 359 331 119 211 95 170 302 224 235 184 286 208 45 141 309 126 224 195 266 407 292 114 115 200 148 241 102 314 275 408 152 247 341 160 159 371 379 283 380 316 273 165 330 114 171 194 214 200 295 78 189 213 263 274 207 339 325 90
 146 141 316 108 33 174 223 238 152 198 263 54 74 137 236 234 169 40 19 274 201 281 133 277 138 265 147 40 111 1 119 79 247 46 150 148 136 131 165 147 108 290 186 123 234 214 128 258 177 100 116 310 205 196 109 64 217 42 215 202 259 240 91 163 67 176 249 232 88 266 171 196 136 124 193 237 169 72 183 173 270 126 154 139 83 243 290 195 193 306 243 96 53 214 195 277 187 236 112 38 187 124 115 146 70 131 100 226 117 205 87 169 84 63 278 144 264 102 201 133 261 138 73 119 157 313 314 37 254 124 147 137 211 90 86 174 249 257 89 293 316 202 178 73 43 137 112 264 55 255 307 45 202 147 207 142 142 127 205 192 211 156 169 65 278 268 245 250 116 140 109 278 252 73 118 250 231 140 50 129 100 73 266 222 47 103 205 87 293 207 160 135 184 171 154 85 252 125 244 165 199 302 182 116 33 199 68 144 201 222 171 307 133 259 239 53 185 278 272 173 283 222 191 80 318 8 151 85 105 90 193 160 99 105 162 169 98 240 228 35
 103 239 280 223 130 56 260 340 55 296 285 151 126 247 277 307 63 106 121 333 248 274 249 355 175 219 250 80 216 119 1 51 331 161 39 130 127 223 279 47 59 279 276 113 330 327 13 299 88 23 192 397 177 88 21 157 245 155 268 316 330 308 63 276 95 276 328 339 177 253 194 217 227 19 301 336 110 183 293 61 357 162 272 255 157 257 386 296 301 264 253 206 165 332 109 354 74 303 225 100 250 105 226 151 53 206 31 207 227 220 92 284 143 131 245 204 343 108 143 42 222 21 50 60 215 283 404 128 285 226 265 146 192 30 165 279 284 201 46 382 284 302 65 166 100 39 186 232 75 231 390 162 311 29 319 60 101 10 254 294 124 193 260 160 230 246 346 267 164 94 227 339 296 95 234 261 251 238 154 113 61 167 266 175 153 49 304 160 387 303 65 222 71 260 254 91 309 152 353 259 104 262 107 152 143 303 155 165 314 232 159 281 239 365 216 71 300 276 225 110 272 228 226 155 408 121 252 86 60 63 182 276 31 46 49 64 94 231 226 128
 128 189 266 176 99 104 219 291 100 270 248 102 112 214 235 259 91 81 86 288 204 247 211 306 131 209 200 45 186 79 51 1 282 124 73 101 94 199 232 69 79 254 226 78 280 292 62 257 132 28 143 348 156 138 52 108 206 119 223 269 282 261 71 228 83 249 280 309 153 228 155 179 204 64 269 286 102 136 244 96 308 117 227 208 138 223 336 246 269 252 220 158 119 287 153 306 124 256 177 73 203 74 192 115 14 157 24 183 194 184 92 236 94 111 229 157 295 66 136 56 208 65 13 87 168 266 355 79 246 176 224 107 168 28 115 230 244 195 11 333 268 275 101 116 77 60 137 215 27 210 341 118 262 78 284 99 126 60 209 266 169 150 210 133 221 225 296 232 117 76 183 293 253 87 196 228 214 212 106 81 30 141 236 163 106 27 278 110 337 253 110 172 107 210 227 90 264 153 304 210 151 249 109 149 96 254 106 124 279 198 130 263 189 315 194 27 252 247 215 105 247 195 184 105 358 79 203 41 33 23 154 237 49 28 86 91 54 204 196 98
 390 109 306 168 269 381 134 71 381 334 168 194 314 265 124 41 345 286 261 82 118 235 232 36 168 300 111 274 275 247 331 282 1 242 340 240 231 309 143 327 347 245 62 237 42 284 343 126 411 309 140 67 252 418 332 185 154 248 100 137 45 53 332 134 312 315 17 321 296 241 173 169 314 345 298 53 290 182 114 357 28 179 176 162 308 181 68 72 296 314 191 162 199 181 431 38 403 56 156 283 94 246 258 210 285 126 302 240 260 178 332 142 189 301 282 132 26 231 296 315 288 341 287 358 124 295 75 217 148 128 210 208 238 308 170 98 137 313 286 53 299 329 362 176 289 322 146 274 261 256 61 214 105 356 286 376 387 340 112 316 448 158 80 280 311 257 64 176 171 272 192 80 117 319 236 189 170 302 198 242 275 283 215 287 201 287 333 173 63 53 390 114 365 76 305 330 81 364 111 84 431 306 312 353 215 85 183 189 272 188 228 282 125 94 250 270 140 223 306 296 243 197 145 179 79 240 105 247 278 270 225 234 326 290 352 344 243 226 211 272
 167 134 353 83 37 214 243 221 187 156 286 71 77 92 254 237 213 62 41 282 219 313 89 275 165 305 134 83 68 46 161 124 242 1 193 188 176 93 137 191 138 322 182 163 223 169 168 275 208 143 129 302 243 232 148 79 241 8 229 174 262 245 122 138 88 133 247 187 59 300 200 223 98 163 148 223 213 62 161 217 263 155 120 109 67 270 277 182 148 345 272 82 49 179 224 276 225 241 92 66 199 166 70 182 114 142 144 262 72 233 108 141 112 63 315 161 263 142 244 178 301 180 117 150 174 350 304 68 275 116 106 172 247 132 103 157 268 299 133 284 352 159 221 84 68 182 126 301 100 291 301 32 180 188 162 174 163 168 221 148 239 181 164 40 318 303 229 275 142 183 74 286 268 94 74 278 257 99 60 170 145 44 296 264 56 147 162 108 281 197 193 137 228 169 112 106 261 124 220 159 230 340 226 112 49 182 86 176 156 251 209 342 120 239 275 97 157 308 312 217 316 253 214 102 308 48 140 128 150 135 229 116 138 150 206 213 140 274 260 40
 134 256 253 248 164 45 255 357 75 332 275 172 163 281 273 312 25 142 154 333 247 255 281 361 177 191 268 112 251 150 39 73 340 193 1 119 120 260 303 18 95 259 289 109 343 360 41 294 105 51 204 406 157 89 58 177 238 188 268 340 334 312 101 299 132 312 336 375 214 233 189 210 264 51 336 350 86 207 314 25 367 165 299 280 194 246 399 312 336 235 240 229 191 359 125 360 70 307 248 135 254 100 260 144 80 216 51 188 261 211 129 307 155 168 220 210 350 111 115 26 195 20 77 94 219 257 415 151 277 245 295 142 174 63 180 298 278 171 65 392 257 338 29 185 136 19 198 208 99 209 398 190 331 31 353 87 133 37 253 330 137 193 274 196 201 224 361 256 170 80 255 339 292 133 266 249 241 275 177 107 67 203 249 148 178 57 341 174 398 318 83 235 36 272 290 129 310 189 373 274 115 234 77 190 169 321 174 162 348 220 146 257 258 383 195 98 323 259 196 84 252 215 222 170 418 150 270 96 63 74 167 308 69 53 14 26 99 213 211 163
 226 180 169 202 179 162 139 272 183 343 157 129 206 276 156 206 114 170 164 220 134 147 262 255 74 118 197 134 256 148 130 101 240 188 119 1 14 278 246 102 177 154 199 27 252 346 141 177 217 115 122 303 58 207 143 128 121 187 155 277 226 204 171 238 181 321 232 370 235 128 74 93 283 148 332 262 51 165 246 128 267 66 254 231 226 129 304 230 332 159 124 178 157 308 237 253 188 199 196 163 148 29 255 31 113 128 105 83 257 94 191 249 89 201 132 112 245 48 65 95 114 129 113 183 117 168 314 122 160 177 264 34 68 124 114 224 161 112 96 292 170 346 132 130 168 102 117 118 105 111 292 167 259 145 341 189 224 136 140 335 251 83 188 213 131 125 274 139 80 40 221 225 176 185 250 133 124 286 140 21 74 220 137 77 143 84 349 105 301 230 193 153 134 183 299 190 197 251 297 191 230 154 74 246 143 243 120 52 332 103 30 164 192 301 95 115 263 148 125 57 147 99 107 107 317 144 196 68 73 79 54 285 145 86 127 113 53 104 98 179
 221 168 180 189 167 164 136 261 181 331 159 116 196 263 154 199 118 160 152 215 129 154 248 248 64 130 184 124 243 136 127 94 231 176 120 14 1 266 233 104 171 162 188 17 242 332 139 175 215 111 110 295 69 207 138 114 120 175 150 264 219 197 164 225 172 308 224 357 223 136 70 92 271 145 319 251 60 152 233 131 258 55 241 218 215 131 295 219 318 171 128 165 144 295 235 246 189 192 183 153 140 23 242 25 105 117 101 92 244 94 183 236 75 191 143 102 238 36 78 95 126 128 105 178 108 179 306 109 159 164 251 24 77 118 101 212 160 126 90 284 181 333 136 117 158 102 105 129 96 121 285 154 247 144 327 185 218 134 135 322 250 76 177 201 144 135 263 141 68 43 207 221 173 177 237 136 125 274 127 15 69 208 143 90 130 80 336 92 292 219 191 141 138 173 287 182 192 242 286 179 229 166 83 237 130 232 107 45 318 106 37 174 179 290 104 106 250 154 137 67 155 103 103 93 309 131 184 58 69 72 61 271 140 82 130 117 43 111 103 168
 183 206 444 142 103 269 331 270 230 73 376 162 101 56 341 312 283 120 116 361 306 404 87 343 256 395 200 156 35 131 223 199 309 93 260 278 266 1 176 263 180 414 252 252 281 121 226 361 239 211 216 361 334 272 206 169 331 93 314 205 336 322 167 183 131 55 317 122 48 392 291 314 6 219 87 278 297 143 207 283 325 247 146 151 68 361 329 240 88 435 363 154 137 188 248 345 272 319 155 128 283 254 53 273 187 228 215 353 51 325 140 180 204 93 406 249 332 231 329 251 391 244 190 188 261 441 360 159 363 188 115 263 339 198 193 214 356 386 209 343 443 80 287 173 125 253 214 392 181 382 364 121 224 246 111 213 180 228 308 74 261 272 235 68 408 395 280 366 233 268 118 364 353 132 76 369 348 20 151 259 225 60 387 352 147 225 82 199 335 258 233 218 294 242 34 140 342 109 256 229 260 430 307 99 141 234 177 267 114 342 299 434 186 280 366 174 191 400 401 301 407 344 303 193 363 135 206 214 230 216 320 103 194 226 271 284 227 365 352 103
 302 74 376 58 172 334 217 95 316 192 263 132 213 127 219 160 317 196 171 212 191 316 93 178 184 347 57 203 143 165 279 232 143 137 303 246 233 176 1 296 270 327 99 228 109 144 289 233 341 258 128 187 285 360 271 128 228 144 188 39 180 172 254 12 223 174 156 180 176 312 212 225 180 287 156 104 288 97 32 325 154 184 34 29 195 261 153 72 154 376 268 75 115 64 358 181 350 171 56 197 159 236 124 224 228 128 254 290 126 237 243 5 161 198 343 152 168 211 310 282 338 296 231 282 158 369 185 153 246 71 68 216 280 251 134 48 235 350 240 169 372 187 330 122 201 287 131 331 206 315 193 121 49 307 145 306 299 287 189 173 374 189 89 168 360 323 105 261 168 261 66 213 224 229 101 271 247 166 127 236 240 168 296 317 127 248 191 142 160 91 324 103 336 99 167 241 200 255 85 83 362 369 309 243 138 61 133 206 131 254 251 358 56 106 303 210 22 306 354 294 322 260 204 142 189 161 61 213 245 232 261 91 262 252 316 317 218 289 272 175
 147 245 238 242 164 61 239 346 90 335 258 164 168 281 257 298 23 144 153 318 232 238 279 347 163 176 259 111 252 147 47 69 327 191 18 102 104 263 296 1 106 243 277 94 331 359 53 278 121 53 192 393 140 106 67 169 222 187 253 332 320 298 109 291 137 314 322 375 216 217 174 194 267 62 336 339 69 200 305 31 354 150 293 274 198 229 387 301 336 220 223 222 185 352 141 346 86 293 241 137 240 84 259 129 78 204 49 171 261 195 137 300 144 171 204 197 336 98 100 15 180 34 76 106 205 242 402 144 261 235 291 126 157 66 170 288 262 157 60 379 242 340 36 176 138 11 187 192 94 193 384 186 322 47 352 101 146 49 238 332 154 178 263 197 186 208 350 239 157 64 250 324 276 139 264 232 225 277 170 91 57 205 232 132 171 48 343 163 386 306 99 224 41 260 292 136 295 198 363 263 131 219 62 198 163 311 165 147 346 204 129 241 249 372 178 95 316 242 181 68 236 198 207 160 405 147 260 85 52 65 150 305 76 45 26 23 86 197 194 163
 50 245 335 214 102 91 296 344 52 251 326 154 80 213 312 328 119 77 100 361 280 323 222 374 207 276 252 74 180 108 59 79 347 138 95 177 171 180 270 106 1 330 288 155 338 292 55 334 71 64 209 412 229 96 40 163 283 131 297 308 353 332 18 270 53 233 347 300 136 304 232 257 183 46 262 342 165 178 290 115 371 193 256 243 113 301 395 301 263 320 297 202 159 316 89 374 94 327 219 74 275 150 193 192 70 224 74 258 194 262 40 275 163 90 300 229 362 144 199 100 277 76 69 13 241 338 417 131 323 229 243 185 243 54 178 280 321 259 82 395 338 258 117 172 71 98 203 287 90 284 407 150 309 72 283 37 48 59 285 253 105 226 271 124 287 298 351 309 191 146 210 366 330 50 206 306 292 196 153 158 104 130 313 230 151 94 260 176 397 311 57 234 124 272 212 41 338 95 350 268 93 318 165 97 138 305 164 202 281 276 206 335 239 366 268 79 291 324 281 166 323 273 261 170 421 112 256 119 105 100 230 249 34 93 103 121 132 280 273 100
 378 253 64 304 322 300 116 306 330 472 79 253 355 399 123 205 246 319 307 179 139 12 376 238 160 92 270 284 386 290 279 254 245 322 259 154 162 414 327 243 330 1 241 178 278 456 290 123 363 267 210 288 103 345 294 247 100 323 150 345 208 194 324 316 332 449 230 487 376 27 125 105 419 297 452 290 174 279 312 259 266 168 348 324 372 68 310 278 451 78 60 281 280 387 383 235 325 191 293 311 172 181 381 146 266 204 257 73 383 93 344 329 211 349 57 178 235 195 149 240 80 274 265 335 170 52 303 257 99 261 370 155 88 277 224 287 110 116 249 286 56 472 262 245 317 245 209 61 256 52 272 295 317 288 454 338 376 285 143 459 395 146 242 353 94 39 303 71 182 186 329 184 131 337 369 59 81 418 265 174 227 360 32 118 269 236 476 217 303 267 340 226 261 233 430 342 168 402 343 248 373 71 188 397 274 295 239 148 442 75 125 39 274 334 65 266 337 24 93 177 8 71 124 223 305 284 267 219 225 232 101 394 297 238 263 244 204 51 63 323
 330 48 296 110 209 328 127 75 324 283 171 135 254 211 125 64 296 225 200 116 103 230 179 94 126 278 53 215 217 186 276 226 62 182 289 199 188 252 99 277 288 241 1 191 56 241 288 137 354 254 86 125 222 363 275 126 142 187 94 107 86 76 273 88 252 263 67 277 236 231 143 147 256 289 250 64 248 122 75 307 85 134 129 110 248 174 111 39 248 300 182 102 138 151 374 96 349 74 97 223 70 200 202 171 228 74 247 218 204 158 272 99 135 240 267 88 82 181 259 264 267 288 230 299 86 287 130 158 152 67 160 166 212 252 113 52 141 287 231 109 291 279 312 117 228 271 92 257 204 239 122 153 78 302 242 318 327 285 99 265 390 122 19 220 290 244 76 172 123 226 136 117 127 259 181 183 161 246 138 196 223 223 209 257 141 234 283 117 111 32 333 56 316 18 251 270 102 303 106 24 374 293 270 292 154 56 125 149 228 172 193 275 66 104 230 213 103 219 285 254 237 180 123 122 134 180 47 194 227 217 196 185 269 238 301 295 192 210 194 211
