NAME : domp220p110v8
COMMENT : (Deleplanque et al.) 
TYPE : DOMP
DIMENSION : 220
DISPLAY_DATA_TYPE: NO_DISPLAY
OPEN_FACILITIES : 110
COST_SECTION
 1 253 293 411 306 87 242 246 383 312 346 248 167 288 224 354 261 325 88 386 236 308 264 123 199 266 102 264 327 422 200 448 20 382 299 101 214 350 113 320 273 187 251 417 266 443 305 311 385 39 370 345 99 357 339 189 83 251 329 114 388 295 193 264 284 381 369 184 353 331 282 414 389 431 431 139 296 314 210 240 88 348 151 306 253 272 434 363 302 372 378 99 128 358 305 129 241 252 96 206 144 259 89 164 349 314 241 95 172 250 331 309 389 287 228 109 387 395 57 332 243 196 446 271 142 76 90 225 264 410 336 369 189 127 369 268 345 275 428 58 333 245 90 227 261 278 79 11 353 395 268 270 189 336 315 356 210 341 191 131 307 296 170 67 162 128 106 233 148 377 288 416 181 347 439 355 50 367 234 321 343 241 205 47 363 376 421 386 283 227 347 386 392 205 96 151 404 363 120 363 346 434 367 281 221 243 105 146 119 317 219 270 352 177 333 264 251 358 231 235
 253 1 343 261 312 167 12 215 275 376 382 12 109 97 166 257 209 365 177 231 43 396 209 211 168 316 168 14 353 269 194 300 271 195 355 155 303 191 279 372 53 172 129 273 239 273 327 104 236 273 255 386 156 240 288 113 219 94 201 336 331 340 76 270 384 247 303 71 129 107 240 233 444 258 295 332 57 365 204 214 269 278 299 54 63 63 272 357 51 224 395 274 224 420 114 134 39 48 169 234 313 55 204 338 266 370 47 282 86 340 200 147 230 99 28 357 289 426 246 323 338 94 279 308 252 179 266 34 370 311 169 153 74 132 335 374 240 161 279 197 302 313 321 29 95 327 263 245 308 437 56 172 347 342 310 413 109 281 164 321 55 50 109 259 245 237 155 353 171 308 351 272 314 213 282 425 219 389 183 348 123 282 87 231 255 430 313 227 258 115 247 346 206 350 235 191 233 146 291 243 362 279 192 80 173 23 225 293 341 85 162 94 351 302 335 264 7 271 345 280
 293 343 1 265 56 283 336 133 204 35 53 348 351 283 179 184 145 33 321 260 301 64 146 185 177 31 245 342 41 274 152 283 289 298 14 305 81 254 186 31 312 176 224 260 114 307 36 301 253 266 209 53 296 207 128 235 218 413 215 240 151 6 348 78 71 234 152 317 336 329 124 306 106 303 259 196 336 24 141 132 209 150 152 383 392 302 291 89 382 247 87 199 174 79 283 325 366 380 322 115 172 389 221 170 166 28 298 207 286 57 219 252 267 280 338 298 195 103 237 78 65 370 304 36 153 279 206 341 74 207 261 333 283 317 118 74 191 206 272 276 103 49 253 321 263 18 217 296 123 106 394 191 147 63 70 73 235 138 183 195 376 388 250 229 136 169 318 94 197 159 19 260 125 225 288 83 255 76 163 37 327 64 259 250 198 92 222 265 102 230 185 132 301 129 200 177 287 330 185 212 61 283 277 293 171 354 195 155 239 335 182 270 77 124 66 84 337 172 88 69
 411 261 265 1 210 344 264 181 64 293 266 272 347 166 189 82 162 262 376 31 234 326 159 298 213 258 313 251 242 12 219 41 420 79 276 351 293 72 356 278 209 227 167 14 176 43 231 160 28 407 57 273 345 62 139 232 334 354 83 429 141 259 321 206 334 34 122 295 157 170 158 56 321 41 36 398 214 274 214 187 365 116 346 264 323 200 28 209 265 42 253 362 300 314 148 348 299 308 372 235 370 314 324 384 100 281 226 373 278 304 81 119 33 164 278 477 78 285 368 194 309 345 42 242 307 349 361 285 332 83 94 137 261 342 169 334 79 138 19 361 165 275 428 261 178 259 367 407 150 304 312 142 373 217 196 304 212 128 221 390 252 278 257 372 285 308 359 339 264 119 282 13 336 65 29 324 362 254 181 241 156 243 229 368 68 311 74 35 174 194 82 168 72 362 333 265 40 140 363 57 235 24 72 183 193 283 319 343 431 192 194 174 213 327 209 201 256 94 330 247
 306 312 56 210 1 280 307 99 149 85 72 319 336 242 148 129 105 59 319 206 270 118 105 187 154 57 240 310 42 219 133 228 305 246 67 299 110 202 208 72 275 157 187 205 74 252 22 258 198 284 154 77 290 153 73 211 225 390 164 271 101 50 328 48 125 179 99 296 290 285 78 252 135 249 204 230 298 67 120 100 228 95 181 348 366 265 237 59 347 194 86 220 179 117 239 315 339 353 318 105 203 362 225 207 111 74 266 229 266 103 168 206 213 239 310 328 140 115 250 30 109 352 250 43 166 278 225 315 126 154 212 285 260 307 72 128 137 164 217 279 49 80 280 293 225 53 235 307 70 126 365 149 188 34 16 108 206 83 161 226 339 354 230 245 145 178 311 141 187 106 73 205 158 173 233 124 262 78 131 39 281 67 232 260 144 122 169 211 57 198 131 88 249 172 210 170 233 283 210 158 51 229 226 255 142 325 202 181 272 294 152 232 49 154 29 51 306 117 133 73
 87 167 283 344 280 1 156 200 326 310 334 162 92 207 164 298 210 314 40 317 151 315 212 100 143 254 41 178 311 355 154 383 104 306 292 25 214 278 141 313 188 133 179 351 224 373 285 229 317 109 310 335 18 296 296 114 78 176 263 179 346 283 111 234 295 317 324 99 270 248 237 340 387 359 368 187 210 306 166 195 122 299 174 220 172 188 365 337 216 304 361 131 113 357 225 54 158 169 40 176 178 177 68 203 297 308 156 135 86 254 265 234 320 207 142 191 333 384 89 303 248 120 376 254 140 13 120 140 276 357 262 288 104 48 334 280 287 208 362 31 297 239 160 141 181 267 113 79 313 388 186 206 221 313 286 353 134 295 134 177 221 211 91 105 150 121 37 249 96 331 283 351 199 281 371 358 58 351 179 305 260 222 124 71 304 373 366 316 243 152 290 350 316 232 100 111 332 281 152 301 327 367 292 198 164 158 97 167 184 233 158 190 327 190 308 232 165 305 245 217
 242 12 336 264 307 156 1 209 275 369 376 13 100 99 160 256 204 358 166 234 38 388 205 200 160 309 156 24 347 272 186 303 259 200 348 144 295 193 268 365 57 164 126 275 234 277 321 109 238 262 255 379 144 240 285 104 208 93 201 325 328 334 67 263 376 248 301 60 137 114 235 238 438 262 297 321 65 358 197 208 258 276 289 66 64 65 276 352 62 226 390 263 214 414 117 123 37 49 158 226 303 57 193 328 264 363 43 271 75 331 200 148 233 101 18 345 288 421 234 318 329 87 283 301 242 167 255 25 361 311 171 159 64 121 332 365 239 158 282 186 298 305 309 18 94 320 252 233 305 432 60 169 337 337 305 407 103 278 156 310 66 60 99 248 236 227 144 344 161 306 344 274 304 213 285 418 208 383 177 342 130 275 79 220 254 424 313 230 253 109 246 343 210 340 224 182 237 153 280 243 356 282 196 82 167 21 214 283 330 92 156 94 347 292 330 258 12 270 336 272
 246 215 133 181 99 200 209 1 140 167 168 221 244 151 50 111 20 152 238 164 173 192 23 125 61 110 161 213 139 192 48 213 252 186 145 216 123 141 176 160 180 68 92 183 27 220 114 171 159 235 131 172 207 121 97 115 165 293 106 249 147 129 232 57 187 148 125 200 208 199 38 205 231 211 192 218 204 153 38 7 188 102 166 252 268 170 207 148 251 149 183 183 124 208 153 227 241 255 236 55 190 264 158 206 103 159 169 195 171 146 109 126 169 149 213 299 142 213 197 113 148 257 221 98 128 201 184 218 178 165 141 209 163 219 137 181 106 77 195 207 100 116 250 195 131 119 191 245 114 224 268 62 198 130 99 200 109 97 69 210 244 258 136 198 105 130 227 174 105 133 144 182 160 122 209 214 198 176 33 134 199 81 134 200 122 217 177 166 48 101 106 152 191 189 158 97 188 205 184 126 149 204 165 162 45 228 146 163 252 204 55 138 141 149 123 51 208 113 165 81
 383 275 204 64 149 326 275 140 1 231 203 285 345 181 163 30 124 200 361 72 241 265 121 264 186 200 291 267 179 72 184 81 390 125 215 337 241 94 314 215 225 198 159 58 128 105 170 183 63 374 22 210 329 36 78 219 302 367 75 386 80 199 323 152 274 42 59 294 194 201 109 115 258 104 57 352 236 212 176 147 327 55 299 289 338 214 89 146 290 67 190 322 263 251 167 340 311 322 358 191 323 329 295 335 42 220 234 333 272 247 76 130 79 178 287 438 17 222 336 131 252 349 102 184 266 329 323 293 273 36 115 179 257 333 106 275 40 125 69 338 103 219 388 269 183 200 330 381 87 241 329 122 322 154 135 241 202 67 195 345 278 302 245 337 242 270 346 283 237 57 222 57 286 65 85 261 334 191 150 179 190 190 224 338 23 248 41 78 121 185 37 106 122 309 297 234 96 180 321 34 172 80 109 198 165 295 285 297 388 219 169 182 150 278 147 148 269 34 274 194
 312 376 35 293 85 310 369 167 231 1 46 381 381 317 212 213 179 35 347 290 335 36 180 211 210 61 272 376 55 302 185 308 307 330 22 332 99 286 202 19 346 208 258 288 147 335 64 335 282 283 237 41 323 237 155 268 241 445 247 248 171 39 379 112 53 263 176 348 369 363 157 336 79 332 284 204 370 20 173 166 226 178 165 417 425 336 319 101 416 278 83 215 198 49 317 353 398 413 349 146 182 422 246 176 194 13 332 222 317 64 251 286 297 314 370 306 220 87 256 101 72 401 332 70 175 304 223 374 65 230 294 366 315 346 137 64 221 240 299 300 129 72 263 354 297 50 235 316 147 84 427 225 150 80 97 45 268 165 215 204 409 421 282 247 161 192 345 94 227 182 28 287 136 256 315 51 277 72 197 53 361 96 291 271 227 65 246 295 135 264 215 148 332 130 221 206 317 364 199 241 70 310 309 327 205 386 218 169 247 369 215 304 91 138 87 118 370 200 90 99
 346 382 53 266 72 334 376 168 203 46 1 388 399 313 217 189 176 22 372 267 340 77 176 237 220 82 295 380 31 274 196 277 342 312 49 355 133 269 238 30 346 221 258 259 144 307 55 329 259 318 212 8 346 215 130 278 270 457 231 289 135 52 393 113 97 239 145 362 359 356 149 313 64 306 253 245 369 35 184 169 261 153 203 419 434 336 291 62 417 257 38 251 225 49 310 374 407 421 373 162 222 430 273 218 170 37 336 259 331 104 235 276 275 310 379 347 191 51 289 75 112 416 304 81 205 330 258 383 110 197 280 354 326 366 101 109 200 235 270 328 104 102 303 362 296 69 270 349 117 57 434 220 193 50 79 39 275 141 226 244 410 425 295 281 188 221 368 137 245 150 62 259 175 238 286 59 307 27 200 35 351 113 300 303 203 51 212 273 128 268 193 110 313 173 252 226 294 352 236 218 32 282 292 325 210 394 247 206 288 365 221 302 55 175 59 118 375 174 133 118
 248 12 348 272 319 162 13 221 285 381 388 1 100 108 172 266 216 370 170 242 50 400 217 211 172 321 165 25 359 280 198 311 266 207 360 149 306 202 278 377 64 176 138 284 246 284 333 116 247 269 265 392 150 250 296 116 217 83 211 333 340 346 67 275 388 257 312 65 140 118 247 244 450 269 305 330 68 370 209 220 267 287 300 59 53 73 283 364 55 234 402 273 224 426 125 126 28 38 162 238 313 46 202 338 275 375 55 280 84 343 210 158 241 110 21 352 299 433 243 330 341 84 290 313 252 174 264 25 373 321 180 164 74 125 343 377 250 170 290 192 310 317 318 29 105 332 261 239 317 444 48 180 348 349 317 419 115 290 168 319 61 51 110 256 247 237 148 355 172 317 356 283 315 223 293 430 215 395 189 354 134 287 91 228 265 436 323 238 265 121 257 355 217 351 234 193 244 158 290 253 368 290 203 90 179 12 224 293 338 96 168 104 359 303 341 270 17 280 348 284
 167 109 351 347 336 92 100 244 345 381 399 100 1 186 197 321 247 379 81 317 117 392 248 178 184 322 117 122 372 356 205 387 186 291 362 69 291 276 230 382 151 180 187 357 270 366 346 202 320 196 326 401 75 311 335 131 166 86 273 269 383 350 34 290 374 325 358 53 234 211 278 329 456 352 376 278 164 374 218 240 212 332 261 153 88 156 362 390 150 306 421 221 193 428 206 40 83 90 72 238 268 96 153 293 324 378 124 225 75 331 273 229 318 188 83 275 356 448 180 355 326 30 371 319 222 103 211 77 356 379 255 257 89 44 378 360 306 221 365 120 342 311 249 93 170 335 204 157 354 455 105 226 309 369 340 423 145 331 177 267 159 140 109 195 226 203 62 332 155 364 354 356 284 289 371 430 149 412 215 367 227 288 122 162 323 442 385 314 290 161 312 393 302 318 187 176 325 250 242 315 386 367 283 172 201 91 182 254 274 191 192 175 382 274 363 286 111 332 326 284
 288 97 283 166 242 207 99 151 181 317 313 108 186 1 113 164 139 299 231 136 70 342 138 203 128 260 187 88 283 174 151 205 302 106 295 206 264 95 274 309 45 139 62 177 171 181 260 25 140 296 160 318 202 145 203 102 228 190 107 343 242 279 158 206 336 151 214 135 69 52 165 143 376 167 199 326 59 302 157 153 273 190 283 112 159 35 179 278 112 128 320 274 213 356 20 195 135 144 225 189 302 150 214 324 176 308 63 284 126 294 106 52 135 4 113 377 195 352 261 246 294 181 187 248 234 215 269 120 325 216 73 83 107 191 251 329 148 79 184 231 222 264 334 97 30 269 270 281 224 366 150 94 326 268 237 348 83 195 130 316 102 123 119 270 220 225 211 316 160 218 295 176 288 117 188 363 243 315 123 279 59 229 84 253 161 363 217 132 186 71 155 260 117 323 236 174 140 77 285 148 289 185 98 18 121 118 223 277 347 54 112 19 275 276 260 200 92 180 307 229
 224 166 179 189 148 164 160 50 163 212 217 172 197 113 1 135 51 199 201 165 124 234 52 111 26 153 129 165 188 200 41 226 232 173 191 177 152 133 176 207 135 39 52 194 76 223 162 135 163 220 148 220 169 135 139 67 147 243 106 249 188 175 184 104 226 158 163 152 176 163 82 199 279 212 208 224 161 200 45 49 181 138 177 206 219 126 213 197 205 151 232 180 116 255 119 184 192 206 198 78 198 215 137 218 134 205 121 191 124 183 109 102 169 111 164 292 169 262 181 162 183 209 225 143 130 167 177 168 214 194 125 182 115 176 182 218 124 56 205 177 146 153 245 146 88 163 182 221 158 273 219 48 217 179 148 248 59 136 34 215 199 210 90 186 112 126 187 204 77 170 188 193 178 125 217 260 175 225 19 183 166 120 85 180 142 265 203 166 96 53 127 196 180 212 147 79 186 177 186 140 198 212 154 120 9 179 133 172 252 164 7 97 190 167 172 99 160 142 195 119
 354 257 184 82 129 298 256 111 30 213 189 266 321 164 135 1 95 183 334 79 220 246 92 235 158 177 262 249 163 92 155 106 361 126 195 309 215 88 286 198 208 169 135 79 100 124 150 170 71 345 26 196 302 28 60 193 273 347 58 358 81 179 300 126 253 51 55 271 188 191 81 125 247 120 84 324 222 194 147 117 298 38 271 275 318 197 109 136 275 69 181 293 234 237 153 313 292 303 331 162 295 311 266 308 20 201 214 304 247 223 61 115 86 162 266 409 36 214 306 115 228 326 122 161 237 301 294 272 251 60 106 176 233 307 99 253 18 101 91 310 86 194 360 248 163 178 301 352 75 232 311 96 295 140 116 227 177 49 166 316 264 286 218 308 214 240 320 259 209 56 201 79 259 55 107 247 305 180 122 162 182 164 200 309 15 236 69 85 94 160 10 104 126 283 268 204 106 175 292 30 159 102 108 181 136 276 256 269 360 207 141 163 138 250 131 121 250 18 250 168
 261 209 145 162 105 210 204 20 124 179 176 216 247 139 51 95 1 161 247 145 168 205 4 141 68 124 172 206 146 173 62 195 267 167 158 224 141 123 195 170 171 78 83 164 33 201 122 157 140 251 113 180 216 102 89 117 180 291 86 268 139 141 233 68 203 129 115 202 193 185 32 185 239 192 175 237 194 164 54 26 206 90 185 244 265 161 188 149 243 130 187 201 141 218 139 233 238 251 245 75 209 260 173 225 89 170 163 213 173 163 90 110 150 137 210 317 127 218 213 114 165 258 202 111 146 211 201 215 194 151 123 193 164 225 133 197 88 62 176 219 97 132 268 192 121 132 208 259 108 230 263 47 217 134 102 210 107 87 77 229 235 250 140 214 124 148 235 192 117 122 158 164 179 103 190 225 212 181 33 142 184 97 133 215 104 225 161 147 50 96 88 147 173 208 175 111 169 189 202 108 154 185 146 151 48 224 162 182 270 192 57 128 143 168 126 62 203 98 183 98
 325 365 33 262 59 314 358 152 200 35 22 370 379 299 199 183 161 1 352 261 323 69 161 216 201 61 275 363 21 271 177 276 322 303 31 335 113 260 218 18 331 202 242 256 129 304 39 315 253 298 207 23 326 208 124 259 250 438 221 271 137 32 374 96 86 233 144 343 347 343 135 307 80 302 252 227 354 18 165 152 241 147 184 403 416 321 288 67 401 250 56 231 205 59 297 354 389 403 353 142 203 413 253 200 164 24 319 239 312 86 225 264 268 296 361 329 188 72 269 69 94 397 301 62 185 309 238 365 95 197 270 343 308 346 103 95 193 221 267 308 98 81 284 344 281 48 249 328 114 76 417 205 176 47 69 50 257 135 208 225 394 408 276 261 168 201 347 121 225 149 43 256 156 229 283 67 287 45 183 22 339 93 282 282 197 66 212 266 114 251 186 114 305 156 232 206 288 340 216 212 36 279 283 311 193 377 226 186 270 351 203 287 57 156 54 101 358 169 115 98
 88 177 321 376 319 40 166 238 361 347 372 170 81 231 201 334 247 352 1 349 169 351 249 137 180 292 79 189 349 387 192 416 107 334 330 27 250 309 169 351 206 171 211 384 262 403 324 252 349 120 345 373 33 331 334 146 110 164 296 195 384 321 109 273 330 350 361 108 290 268 275 369 424 389 402 211 226 344 205 233 147 337 205 226 168 208 396 376 223 336 400 157 149 394 250 45 159 168 9 215 206 174 102 230 333 346 175 159 106 289 298 264 351 232 150 196 369 422 112 342 284 109 407 292 175 43 147 146 311 393 291 310 125 45 372 315 322 241 394 51 335 276 174 153 208 305 138 78 351 426 184 241 250 351 325 391 165 333 171 201 230 215 121 127 187 157 23 283 135 368 320 383 231 314 403 394 81 390 216 343 281 261 151 93 340 410 401 347 282 184 326 388 344 263 132 149 362 304 179 336 365 399 321 220 201 163 132 198 201 250 195 216 366 223 347 271 176 342 279 255
 386 231 260 31 206 317 234 164 72 290 267 242 317 136 165 79 145 261 349 1 204 323 142 275 190 250 287 221 241 40 198 70 396 55 272 323 281 42 336 276 179 203 139 43 163 59 227 130 10 384 57 274 317 54 139 205 311 324 61 409 151 255 291 195 328 31 128 265 130 142 146 47 325 49 65 380 184 272 194 170 344 116 329 235 293 170 49 213 236 16 259 341 278 316 118 319 269 278 344 218 352 284 300 368 99 279 197 353 249 295 58 89 8 134 248 456 88 291 345 194 299 315 61 234 288 323 340 255 324 100 64 112 231 314 175 327 70 112 49 335 165 265 407 231 148 253 345 382 153 310 282 119 359 218 194 306 185 128 198 372 223 249 229 350 267 287 331 329 240 127 277 42 322 43 55 325 337 258 160 240 128 232 201 343 66 314 95 7 164 166 76 177 51 349 311 243 28 114 344 50 237 51 44 153 170 253 297 326 412 163 170 144 216 311 210 190 226 95 319 235
 236 43 301 234 270 151 38 173 241 335 340 50 117 70 124 220 168 323 169 204 1 355 168 177 127 275 142 43 311 242 153 273 252 175 313 145 264 162 247 330 38 132 89 244 198 251 286 86 207 252 220 344 143 205 248 74 191 128 167 309 292 299 89 228 344 215 265 67 122 99 198 212 402 236 265 300 61 323 163 172 240 239 264 88 100 41 247 316 85 194 354 244 190 378 89 130 73 86 162 193 280 94 176 305 228 328 8 253 66 299 166 116 203 72 47 335 253 384 220 281 298 113 256 266 216 161 237 54 330 276 141 143 48 126 295 334 204 122 252 179 261 272 295 29 59 286 235 229 268 396 97 132 312 301 269 371 68 242 124 289 84 89 76 232 208 203 148 314 135 270 310 243 277 180 256 383 197 347 141 306 113 241 48 208 219 388 279 200 216 73 210 307 185 313 205 154 209 136 259 209 320 253 168 55 131 58 193 258 313 83 121 61 310 265 293 223 36 234 306 239
 308 396 64 326 118 315 388 192 265 36 77 400 392 342 234 246 205 69 351 323 355 1 207 217 229 83 279 396 89 336 203 343 301 361 52 338 102 317 196 53 368 225 282 321 175 369 97 361 315 276 271 70 330 270 188 285 243 460 277 233 205 69 392 138 27 296 211 363 397 389 186 369 86 365 319 189 393 54 193 190 221 211 158 439 441 359 353 135 437 310 112 210 203 56 343 362 415 430 354 163 171 439 250 160 227 47 352 215 331 63 281 314 330 339 388 290 255 108 254 136 68 413 366 95 177 309 219 391 46 265 323 395 331 354 171 43 254 267 333 303 163 84 251 372 320 75 230 313 181 98 445 251 133 115 131 59 287 199 233 191 432 442 297 242 167 195 351 79 239 217 49 321 128 288 349 50 277 102 220 88 388 115 310 270 260 76 280 328 165 285 248 182 364 113 222 217 350 392 191 274 103 344 340 352 226 404 220 163 231 394 237 328 125 133 121 144 390 234 78 117
 264 209 146 159 105 212 205 23 121 180 176 217 248 138 52 92 4 161 249 142 168 207 1 144 70 126 175 206 147 171 65 192 270 165 159 226 144 120 198 171 171 80 83 162 34 199 123 156 137 254 110 181 218 99 87 118 183 292 84 271 137 142 234 70 204 126 113 203 191 184 32 183 239 189 172 240 193 165 57 29 208 88 188 244 266 161 186 149 242 127 187 204 144 219 138 234 238 252 247 77 212 261 175 228 86 171 163 215 175 165 88 108 147 136 210 320 124 218 216 114 167 259 199 113 149 214 204 216 196 148 121 191 165 227 131 199 85 61 174 221 96 134 271 192 121 133 211 262 107 231 264 46 219 134 102 211 108 85 79 231 235 250 141 217 127 151 237 194 119 120 159 161 181 100 187 226 215 181 35 142 182 99 133 218 102 226 159 144 50 97 86 145 170 211 178 114 166 187 205 105 154 182 144 150 50 224 165 185 273 191 58 127 143 171 126 64 203 96 185 100
 123 211 185 298 187 100 200 125 264 211 237 211 178 203 111 235 141 216 137 275 177 217 144 1 87 156 63 216 214 309 81 333 127 281 194 123 115 243 72 215 206 73 152 302 144 333 190 228 273 111 252 237 114 240 217 107 41 254 216 141 266 185 185 144 198 266 247 159 271 254 161 309 288 322 314 125 233 208 89 119 72 226 90 263 241 201 322 245 260 261 265 72 15 258 216 146 218 232 139 85 104 242 38 129 228 210 178 82 130 155 219 209 280 202 194 182 267 287 73 213 150 202 335 157 45 95 68 195 179 290 234 283 138 139 248 183 227 167 313 93 212 140 135 183 175 169 71 123 231 290 249 158 138 219 196 255 122 219 81 114 259 260 103 75 51 28 135 155 45 255 184 301 108 235 326 259 76 255 118 208 261 126 132 77 244 274 301 276 161 134 228 265 290 144 36 34 296 277 84 246 232 321 263 203 106 212 23 83 145 247 108 185 235 97 216 143 206 237 149 120
 199 168 177 213 154 143 160 61 186 210 220 172 184 128 26 158 68 201 180 190 127 229 70 87 1 150 106 168 192 225 27 250 208 196 189 157 140 157 153 207 144 14 70 218 87 248 166 152 188 195 172 223 149 159 155 59 122 238 131 225 205 175 175 108 218 183 182 143 194 179 97 223 280 236 232 203 170 200 38 57 157 157 157 212 216 136 237 207 210 175 239 156 92 255 137 167 189 204 178 68 177 213 112 198 155 204 124 167 113 174 134 124 194 126 161 268 192 267 156 171 173 199 250 142 109 145 153 165 205 216 148 202 108 159 196 208 148 81 230 153 159 146 220 145 101 161 157 196 174 276 218 73 198 186 156 249 60 154 10 193 206 214 77 161 93 103 168 191 52 189 185 218 161 150 242 259 150 231 37 186 184 116 82 155 165 266 225 191 107 61 150 211 204 196 122 54 210 197 163 164 204 237 177 132 23 177 109 151 228 177 22 111 199 149 180 104 162 164 183 113
 266 316 31 258 57 254 309 110 200 61 82 321 322 260 153 177 124 61 292 250 275 83 126 156 150 1 215 316 63 268 125 280 263 284 41 276 57 239 161 61 287 148 201 255 94 300 45 280 243 240 201 82 267 198 125 207 190 385 200 219 157 30 319 58 80 226 153 288 316 308 108 295 135 295 256 177 312 53 113 108 183 146 130 358 364 278 285 106 357 237 113 174 145 107 262 295 338 352 293 86 151 362 192 153 160 57 272 182 257 48 204 233 257 258 310 277 193 132 210 85 54 341 298 17 125 249 180 314 75 208 244 315 255 288 127 77 181 186 267 247 104 25 230 294 239 14 191 269 125 135 367 170 132 77 72 102 208 134 155 174 351 362 222 202 107 141 288 85 168 161 36 255 105 213 283 111 227 102 139 57 307 36 231 222 191 121 223 254 88 205 177 142 288 116 172 148 277 312 161 203 83 278 263 270 146 326 166 131 219 313 156 247 94 102 78 64 310 168 77 39
 102 168 245 313 240 41 156 161 291 272 295 165 117 187 129 262 172 275 79 287 142 279 175 63 106 215 1 176 271 324 115 351 115 281 254 61 178 250 117 275 176 95 151 319 185 344 246 211 286 111 276 296 52 262 257 88 54 196 231 169 307 244 127 194 260 284 286 105 254 233 198 314 349 331 335 168 201 268 127 156 104 262 146 221 186 175 335 297 218 273 322 110 77 319 204 84 167 180 79 137 154 189 39 180 260 270 145 117 82 217 233 208 290 187 146 194 297 345 79 263 213 143 347 215 106 40 101 145 242 321 235 269 96 77 294 246 252 176 330 49 257 201 155 140 160 228 97 97 274 349 197 173 194 273 247 315 108 257 97 157 220 215 70 92 113 88 74 216 57 293 245 319 168 249 341 320 57 312 142 265 244 183 105 67 269 335 330 286 204 126 255 310 291 202 73 71 304 263 129 267 287 336 266 182 127 163 66 139 174 221 123 170 288 158 268 192 164 269 211 178
 264 14 342 251 310 178 24 213 267 376 380 25 122 88 165 249 206 363 189 221 43 396 206 216 168 316 176 1 350 258 194 289 281 184 354 167 306 181 285 371 43 173 125 263 237 262 325 93 226 283 246 384 167 232 282 115 226 104 193 344 324 339 89 268 386 237 297 82 116 94 236 221 442 247 284 338 44 364 204 212 276 272 304 47 73 53 261 353 45 214 392 281 229 419 104 146 51 58 181 235 319 64 211 344 259 369 45 289 95 341 192 138 220 90 41 366 281 423 254 319 339 107 267 307 256 189 273 46 371 302 159 140 81 144 330 375 233 155 269 207 298 314 329 38 89 327 271 255 303 435 63 167 352 339 307 412 110 275 165 327 46 47 114 267 249 242 167 356 175 301 351 262 318 204 271 424 228 386 181 346 110 282 89 240 247 428 304 217 255 113 240 341 194 354 242 195 222 134 297 234 359 268 181 70 172 36 231 298 349 72 161 87 348 306 331 263 14 264 348 280
 327 353 41 242 42 311 347 139 179 55 31 359 372 283 188 163 146 21 349 241 311 89 147 214 192 63 271 350 1 250 169 255 325 284 45 331 119 241 223 38 317 194 228 236 115 283 27 299 233 302 187 36 322 188 104 250 250 429 203 279 117 37 365 85 104 213 123 334 330 326 119 287 94 281 231 236 339 36 156 140 245 127 191 389 406 306 268 50 388 230 52 236 204 76 281 349 378 392 349 136 211 401 251 210 144 43 307 244 303 97 206 247 248 281 350 338 168 76 271 49 105 389 280 58 186 307 242 355 111 177 251 325 298 341 83 111 173 205 247 306 78 86 292 333 266 52 253 330 94 86 406 190 187 27 50 67 246 115 199 234 380 395 268 264 168 201 343 134 220 129 57 236 165 210 263 85 287 42 171 7 322 90 271 283 177 80 192 247 98 239 167 95 286 169 233 202 268 323 223 192 21 259 264 296 181 365 226 193 279 335 192 273 39 163 34 90 346 149 128 95
 422 269 274 12 219 355 272 192 72 302 274 280 356 174 200 92 173 271 387 40 242 336 171 309 225 268 324 258 250 1 230 32 431 82 285 361 304 81 367 286 217 238 177 16 187 34 240 167 39 418 67 281 355 73 148 242 345 362 94 440 147 269 330 216 343 45 130 304 161 176 169 55 328 35 34 409 220 283 225 198 377 125 357 270 331 208 18 216 271 52 260 373 311 322 156 358 307 315 382 246 381 321 335 395 110 290 235 384 288 314 92 128 40 172 286 488 85 291 380 202 319 354 31 252 318 360 372 293 342 87 102 141 270 352 176 344 90 149 12 372 174 285 439 270 187 269 378 418 158 311 319 153 384 226 206 312 223 137 232 401 258 284 267 383 296 319 369 349 275 126 292 16 347 76 18 332 373 261 192 250 161 254 239 379 78 318 77 43 184 204 93 174 74 373 344 277 42 143 375 68 243 13 79 191 204 291 331 354 442 198 205 183 221 338 218 211 264 103 340 258
 200 194 152 219 133 154 186 48 184 185 196 198 205 151 41 155 62 177 192 198 153 203 65 81 27 125 115 194 169 230 1 254 206 210 164 171 115 169 139 182 169 26 91 223 71 256 143 174 195 191 173 199 162 161 144 84 119 262 139 213 193 150 198 86 193 187 172 166 216 202 85 235 256 245 234 186 196 175 14 42 147 149 138 238 241 161 244 187 236 183 217 144 82 230 158 184 214 229 191 42 160 238 112 179 149 179 150 156 136 148 142 141 203 149 186 259 188 244 152 152 147 221 257 118 92 154 143 190 179 211 163 222 132 177 181 183 148 94 234 160 144 120 210 170 125 136 149 199 160 252 243 83 177 165 136 224 86 144 31 177 231 240 100 154 73 90 183 167 59 180 159 222 139 157 247 234 152 208 40 163 205 90 108 155 165 242 222 199 90 86 149 197 218 173 115 50 220 217 148 167 182 242 191 157 33 203 102 133 215 202 40 135 179 127 159 83 188 159 158 87
 448 300 283 41 228 383 303 213 81 308 277 311 387 205 226 106 195 276 416 70 273 343 192 333 250 280 351 289 255 32 254 1 457 111 293 390 320 112 389 292 248 263 206 33 205 44 248 198 68 443 84 284 384 94 156 271 370 392 121 461 145 277 360 231 352 68 133 335 191 206 186 80 327 55 25 428 251 290 248 220 399 134 376 300 362 239 34 217 301 82 259 395 334 324 187 388 338 346 411 266 400 352 361 413 121 297 266 407 318 327 120 159 71 203 317 511 89 289 404 208 332 385 37 264 340 388 395 324 353 82 133 169 300 382 177 354 108 176 23 399 181 299 462 301 218 279 402 445 163 309 350 180 401 230 214 314 252 147 258 421 288 315 296 407 317 342 398 363 301 128 301 34 365 103 22 335 399 262 217 256 191 269 269 404 93 319 68 74 200 233 110 172 103 388 368 301 71 172 396 88 246 23 109 222 229 322 355 374 464 228 231 213 223 356 223 226 295 113 354 273
 20 271 289 420 305 104 259 252 390 307 342 266 186 302 232 361 267 322 107 396 252 301 270 127 208 263 115 281 325 431 206 457 1 394 294 120 210 360 106 316 288 195 263 425 270 453 303 325 394 26 377 340 117 365 343 202 88 270 338 97 391 291 211 266 276 389 373 202 367 346 287 426 383 441 438 126 312 309 215 245 82 352 144 323 272 287 444 363 320 381 375 92 131 351 318 148 260 270 115 209 133 278 97 152 354 309 256 86 188 244 340 321 399 301 246 90 393 391 57 333 236 215 456 269 141 93 84 243 256 416 348 383 205 146 371 260 353 285 436 75 335 241 73 244 274 275 73 30 355 389 287 279 178 335 316 350 222 345 200 119 325 314 184 62 162 128 125 224 157 381 283 424 174 356 448 349 60 364 241 319 357 240 219 53 370 370 427 396 286 239 354 387 403 195 97 157 414 377 111 370 344 443 378 295 229 261 108 139 102 333 227 284 351 170 333 266 269 363 224 234
 382 195 298 79 246 306 200 186 125 330 312 207 291 106 173 126 167 303 334 55 175 361 165 281 196 284 281 184 284 82 210 111 394 1 310 308 307 46 348 317 145 209 133 92 192 79 267 92 63 385 107 318 303 100 184 195 313 286 85 420 203 293 262 228 363 84 179 240 80 96 177 39 371 64 114 395 143 313 210 191 352 163 346 190 255 137 80 261 192 59 306 351 287 360 87 300 233 240 328 238 369 245 301 387 145 320 168 362 230 327 81 75 49 105 216 462 141 339 348 238 330 285 85 269 302 314 348 223 357 154 49 60 211 295 225 360 113 117 93 328 209 296 415 201 127 289 352 377 201 357 242 129 382 263 236 350 174 173 202 386 178 205 217 354 282 298 314 358 242 178 314 91 343 75 91 368 335 305 172 282 81 262 184 343 115 360 148 48 198 157 121 228 11 374 317 249 42 62 357 98 282 89 22 121 179 218 303 342 423 119 176 120 263 332 254 222 191 143 348 264
 299 355 14 276 67 292 348 145 215 22 49 360 362 295 191 195 158 31 330 272 313 52 159 194 189 41 254 354 45 285 164 293 294 310 1 314 86 266 190 23 324 188 237 271 126 318 46 314 264 271 220 47 305 219 138 247 225 425 227 241 159 18 359 90 61 245 162 328 348 342 137 318 96 314 269 197 349 16 152 144 214 161 155 396 404 315 302 94 394 259 85 203 181 68 295 335 377 392 331 126 174 401 229 170 177 17 310 211 297 56 231 265 279 293 349 299 205 98 243 87 64 381 315 49 159 287 211 353 67 216 273 346 295 327 126 68 202 219 282 284 113 55 255 333 275 29 222 302 132 98 406 203 146 69 80 63 247 149 194 196 388 400 261 234 144 176 327 91 207 168 14 271 127 237 299 71 262 74 176 41 340 75 270 257 209 82 232 276 115 243 197 138 313 127 206 187 299 343 188 223 63 294 290 306 183 365 202 158 240 348 194 283 82 127 74 96 349 183 86 79
 101 155 305 351 299 25 144 216 337 332 355 149 69 206 177 309 224 335 27 323 145 338 226 123 157 276 61 167 331 361 171 390 120 308 314 1 237 283 165 335 182 148 185 359 241 377 306 226 324 128 320 356 10 305 311 120 102 154 271 200 361 305 92 253 319 325 338 86 265 243 252 343 409 363 376 210 202 328 183 211 145 313 198 206 153 183 370 356 203 310 381 155 136 380 224 31 141 151 22 196 202 159 92 227 309 330 150 158 81 277 272 238 325 206 129 209 344 405 112 321 272 98 381 275 163 35 144 126 300 369 265 285 100 27 351 304 297 216 369 51 313 261 181 131 182 289 137 92 329 410 168 216 245 332 305 376 139 310 148 200 209 196 95 128 172 145 14 273 114 345 306 358 223 288 377 380 80 372 192 325 256 243 125 93 315 395 377 321 260 158 301 366 318 256 124 130 336 278 176 310 347 373 295 195 177 143 121 192 206 226 171 190 346 214 327 251 154 318 269 238
 214 303 81 293 110 214 295 123 241 99 133 306 291 264 152 215 141 113 250 281 264 102 144 115 140 57 178 306 119 304 115 320 210 307 86 237 1 263 106 107 283 133 203 293 119 335 101 286 275 186 238 132 228 232 171 192 143 361 226 163 209 83 293 90 85 260 201 264 326 314 137 324 177 328 297 121 309 101 108 118 129 189 73 350 344 275 321 162 348 267 167 119 102 146 269 260 319 334 252 75 95 343 149 99 200 101 262 127 233 41 229 247 287 262 292 221 237 182 158 139 36 313 334 69 77 208 126 295 68 254 263 329 235 253 181 72 216 197 305 203 153 34 174 278 239 68 138 218 175 181 350 183 82 134 124 144 198 178 142 118 344 351 200 149 66 94 250 53 140 209 74 292 50 241 320 145 179 156 143 113 316 52 218 173 228 164 269 284 121 200 213 197 313 69 123 118 307 325 105 238 138 315 286 270 144 310 120 75 163 315 153 248 150 45 134 94 298 209 44 48
 350 191 254 72 202 278 193 141 94 286 269 202 276 95 133 88 123 260 309 42 162 317 120 243 157 239 250 181 241 81 169 112 360 46 266 283 263 1 307 273 139 171 100 83 147 96 223 92 46 350 74 275 277 63 143 165 277 284 40 380 167 249 249 182 318 58 142 224 101 108 132 67 330 82 104 354 146 268 167 147 313 123 304 198 253 130 89 221 199 34 266 311 248 316 78 279 229 238 304 194 327 244 266 344 105 275 155 322 208 282 36 48 43 93 207 424 110 299 311 196 285 274 99 224 260 284 309 214 312 128 24 89 190 273 186 315 73 78 90 298 167 251 376 190 107 244 314 345 161 316 243 87 338 220 192 307 145 132 164 345 187 212 189 317 240 258 291 313 205 143 269 82 300 34 96 325 301 264 130 239 97 217 160 308 79 318 127 40 153 127 81 191 51 330 279 210 55 88 316 63 240 92 25 113 139 213 265 300 383 127 137 102 221 289 211 176 186 105 303 219
 113 279 186 356 208 141 268 176 314 202 238 278 230 274 176 286 195 218 169 336 247 196 198 72 153 161 117 285 223 367 139 389 106 348 190 165 106 307 1 211 277 140 221 358 188 394 203 299 332 82 306 236 157 296 256 178 65 311 277 74 301 188 243 174 172 323 287 221 342 325 206 373 278 384 368 54 303 205 143 170 26 269 39 331 302 272 382 264 328 321 272 15 63 246 286 193 282 296 174 124 39 305 79 64 275 205 248 22 195 139 280 276 341 273 260 125 314 287 61 237 131 257 395 169 50 131 24 260 152 336 300 352 205 187 277 156 281 231 370 119 244 138 76 251 246 172 35 119 265 285 313 221 82 236 220 245 193 260 148 43 329 327 172 48 73 51 176 121 116 295 178 357 69 295 384 244 89 261 178 217 332 143 203 79 297 265 348 338 199 204 281 293 355 96 45 102 359 347 13 302 243 379 329 274 170 277 55 35 77 318 173 256 252 65 234 176 274 285 119 137
 320 372 31 278 72 313 365 160 215 19 30 377 382 309 207 198 170 18 351 276 330 53 171 215 207 61 275 371 38 286 182 292 316 317 23 335 107 273 211 1 339 206 251 272 139 320 51 326 268 292 222 26 326 223 140 265 247 443 234 261 153 33 378 104 70 248 160 347 359 354 147 322 76 317 268 217 363 8 170 159 235 163 176 411 422 329 304 84 410 264 67 225 203 49 308 355 395 409 352 145 194 419 251 189 179 9 327 232 316 76 238 275 283 306 367 319 204 76 264 85 84 401 316 65 181 308 232 371 81 214 282 355 313 348 120 80 207 231 283 306 114 77 275 350 290 48 244 324 130 76 423 216 164 63 83 43 264 150 212 216 403 416 280 255 166 198 348 109 227 166 34 272 147 243 299 55 283 56 191 37 351 95 288 278 212 61 229 281 125 259 201 130 319 145 228 207 303 353 209 227 52 295 297 320 200 383 223 179 260 361 210 297 74 148 70 110 366 185 104 99
 273 53 312 209 275 188 57 180 225 346 346 64 151 45 135 208 171 331 206 179 38 368 171 206 144 287 176 43 317 217 169 248 288 145 324 182 283 139 277 339 1 152 90 221 203 222 292 53 184 286 204 351 180 190 243 100 223 146 151 341 284 309 120 236 360 195 256 103 86 63 200 182 409 207 243 330 28 333 178 181 271 231 291 73 115 12 220 316 73 172 356 275 217 387 62 166 91 100 199 210 308 106 208 332 218 338 33 284 103 316 150 96 178 48 72 369 239 388 254 283 315 142 227 277 242 198 268 79 347 260 117 107 84 163 291 351 191 117 227 215 260 287 329 59 51 297 267 265 264 401 105 130 337 304 272 380 88 236 143 319 65 81 109 265 231 230 185 334 162 260 322 220 301 162 230 393 232 350 150 312 77 254 75 243 205 395 262 175 220 84 198 301 155 337 236 180 182 101 288 192 324 227 140 28 143 75 223 285 345 46 133 47 311 289 296 230 48 223 326 253
 187 172 176 227 157 133 164 68 198 208 221 176 180 139 39 169 78 202 171 203 132 225 80 73 14 148 95 173 194 238 26 263 195 209 188 148 133 171 140 206 152 1 82 231 93 261 167 163 201 181 184 223 140 172 164 61 108 238 145 212 214 174 173 111 214 196 192 142 206 190 105 237 280 250 245 190 178 199 39 64 144 167 145 218 217 144 251 211 216 189 242 143 79 254 149 160 191 205 169 64 165 215 99 187 166 203 130 154 111 169 147 137 208 137 163 255 203 269 143 176 167 197 263 142 97 134 140 167 199 227 162 214 108 153 203 203 160 94 243 142 166 142 207 148 111 160 144 184 181 277 220 86 188 190 161 248 66 163 10 180 212 219 75 147 82 90 160 184 40 199 183 231 151 163 255 258 137 233 49 188 195 114 86 142 177 266 237 204 113 70 162 219 217 187 109 41 224 209 150 177 207 250 191 142 35 180 95 140 215 187 35 121 203 139 184 107 166 175 176 110
 251 129 224 167 187 179 126 92 159 258 258 138 187 62 52 135 83 242 211 139 89 282 83 152 70 201 151 125 228 177 91 206 263 133 237 185 203 100 221 251 90 82 1 175 114 195 204 84 140 254 140 262 179 125 160 66 182 216 88 292 204 221 166 148 276 141 177 136 126 112 112 164 320 182 193 271 113 245 96 94 223 151 225 162 188 79 187 229 161 126 268 222 159 299 68 184 161 174 206 129 246 182 169 267 141 250 84 233 115 233 89 59 141 60 134 331 170 300 216 195 233 192 198 189 178 185 218 140 264 194 86 133 99 177 207 268 120 35 185 198 174 203 285 116 40 210 221 246 180 312 184 44 267 215 184 291 47 154 73 261 153 169 91 223 161 171 193 255 110 183 235 174 229 105 194 305 203 262 63 224 115 169 66 211 137 307 199 138 131 28 126 218 142 263 187 120 154 128 231 129 235 189 116 70 60 146 173 220 295 114 52 47 224 217 208 142 123 148 246 168
 417 273 260 14 205 351 275 183 58 288 259 284 357 177 194 79 164 256 384 43 244 321 162 302 218 255 319 263 236 16 223 33 425 92 271 359 293 83 358 272 221 231 175 1 176 49 226 172 38 411 55 266 352 63 134 240 339 366 90 431 132 255 331 204 330 37 115 305 170 183 157 68 313 50 23 399 226 269 217 189 368 111 347 276 335 211 33 201 278 51 245 365 303 307 160 357 311 320 380 236 371 325 329 385 96 276 237 376 287 301 88 129 45 175 289 480 70 276 373 188 306 356 45 239 309 356 364 296 329 72 105 150 270 351 161 331 79 145 13 368 159 273 431 272 188 256 371 413 143 296 324 148 373 211 192 297 220 123 227 391 264 291 265 376 287 311 367 337 270 111 278 2 336 71 29 317 367 246 185 236 169 242 238 373 65 303 62 48 172 202 81 159 85 361 336 270 53 153 365 58 228 24 85 194 197 295 323 344 433 204 199 184 206 327 203 199 268 89 328 246
 266 239 114 176 74 224 234 27 128 147 144 246 270 171 76 100 33 129 262 163 198 175 34 144 87 94 185 237 115 187 71 205 270 192 126 241 119 147 188 139 203 93 114 176 1 217 91 189 157 252 122 149 232 115 74 141 184 319 109 259 124 110 259 37 173 143 104 227 223 216 20 207 207 210 183 225 226 133 59 31 202 84 172 275 294 193 203 122 274 149 157 196 140 186 170 252 267 280 261 65 196 289 179 209 89 139 193 207 197 136 113 140 169 168 238 311 128 188 214 86 139 283 217 80 139 224 198 243 166 149 151 222 190 245 111 169 99 94 189 229 74 105 262 221 153 101 206 265 90 199 293 78 198 104 73 178 134 76 95 217 267 281 163 213 116 145 252 167 129 112 127 176 161 123 203 193 218 150 58 110 214 71 160 220 113 194 162 166 21 126 97 127 197 187 175 118 189 219 193 120 123 198 171 183 71 253 163 170 261 223 81 159 115 152 97 31 233 98 158 73
 443 273 307 43 252 373 277 220 105 335 307 284 366 181 223 124 201 304 403 59 251 369 199 333 248 300 344 262 283 34 256 44 453 79 318 377 335 96 394 320 222 261 195 49 217 1 273 170 62 442 100 314 372 104 181 260 369 364 118 467 179 302 338 248 376 76 163 315 156 173 199 42 361 16 61 437 221 316 252 227 402 158 386 267 333 214 17 249 269 74 293 399 336 355 162 372 311 318 398 275 409 323 358 424 142 323 244 410 301 346 116 141 55 180 293 514 118 324 403 235 351 362 8 284 346 379 398 300 374 118 113 133 283 366 209 376 121 170 40 392 207 317 465 277 199 302 403 439 191 343 320 176 414 259 239 345 240 170 255 429 255 283 284 408 324 345 385 381 298 159 324 49 377 100 25 365 395 294 218 283 158 285 254 401 110 351 106 59 216 221 124 207 69 404 369 301 42 137 402 99 276 28 84 197 228 296 355 382 470 196 228 193 254 367 251 242 269 136 372 289
 305 327 36 231 22 285 321 114 170 64 55 333 346 260 162 150 122 39 324 227 286 97 123 190 166 45 246 325 27 240 143 248 303 267 46 306 101 223 203 51 292 167 204 226 91 273 1 277 219 281 175 59 297 174 93 224 226 403 184 263 117 31 339 59 106 200 117 308 309 304 97 273 118 269 224 221 315 46 130 114 225 116 173 365 380 282 257 62 363 215 77 215 180 97 258 323 353 367 324 111 195 376 227 197 132 53 282 225 277 87 188 226 234 257 324 321 160 103 249 44 95 363 270 35 164 282 221 329 108 172 232 305 272 315 85 109 158 182 237 282 68 69 274 307 242 37 232 307 88 111 380 167 175 34 35 89 220 103 172 218 356 370 241 243 144 178 318 125 194 124 54 226 149 194 253 104 263 67 145 22 301 65 245 260 164 104 187 232 75 214 152 100 270 158 210 176 254 303 204 178 43 249 247 272 156 340 203 174 263 312 166 249 50 145 34 64 321 138 118 71
