NAME : domp280p70v5
COMMENT : (Deleplanque et al.) 
TYPE : DOMP
DIMENSION : 280
DISPLAY_DATA_TYPE: NO_DISPLAY
OPEN_FACILITIES : 70
COST_SECTION
 1 302 248 53 424 161 179 187 303 365 326 282 152 279 165 155 229 433 417 420 171 152 302 280 68 273 417 317 263 245 118 44 282 36 359 311 449 290 62 285 363 358 202 269 403 285 94 348 336 242 270 333 315 108 192 10 307 213 230 39 157 343 331 313 346 179 277 386 134 336 134 472 197 212 37 237 229 295 67 338 358 180 341 172 127 139 305 63 254 376 211 321 354 471 212 358 318 339 232 213 424 307 253 396 242 173 48 305 376 397 371 329 265 173 349 239 242 183 459 297 242 226 353 250 46 344 95 340 292 472 269 77 300 362 297 224 310 64 205 229 390 248 165 259 245 70 56 310 297 235 371 331 291 335 239 198 249 330 141 358 309 171 119 414 118 265 325 247 409 168 383 226 123 308 337 430 184 375 377 257 84 250 365 395 331 192 105 306 194 300 411 359 408 118 240 270 234 149 427 73 210 409 177 219 483 380 270 93 139 417 305 239 359 156 328 218 256 76 249 241 97 256 378 15 374 65 316 81 222 144 435 258 205 257 323 38 115 276 256 198 216 239 355 90 212 115 289 255 139 352 484 87 142 97 327 360 212 142 189 208 96 333 140 321 291 293 369 228 425 208 6 358 236 377 364 341 72 86 299 173
 302 1 57 340 148 167 256 116 177 220 54 34 255 98 148 295 240 198 146 185 149 305 10 101 290 318 161 273 269 123 309 268 305 324 195 131 191 157 256 86 194 66 112 240 125 223 254 118 310 242 130 106 78 259 174 293 161 93 281 319 146 42 176 125 149 137 107 86 188 263 231 211 114 210 311 78 90 165 254 118 133 319 291 280 264 171 62 271 65 119 100 363 119 212 320 190 83 229 134 114 159 89 320 108 311 172 292 206 102 193 118 69 123 141 200 90 83 276 212 278 84 186 111 154 340 205 211 231 252 207 90 234 69 126 343 120 236 289 139 87 241 267 243 44 181 302 268 359 209 96 215 377 142 134 81 135 157 43 231 58 358 153 222 123 221 341 269 124 112 269 87 87 226 10 65 176 121 90 182 294 224 136 127 231 139 137 237 43 168 102 114 60 151 309 165 264 307 201 204 297 93 179 144 227 232 173 117 219 165 207 275 64 231 147 49 92 80 296 61 98 207 203 91 309 157 351 90 244 143 167 181 68 293 143 155 269 229 129 336 261 123 104 159 228 178 188 244 51 223 96 237 223 215 211 27 82 124 216 199 263 245 38 226 27 170 22 205 177 152 252 303 65 79 225 90 219 307 237 140 130
 248 57 1 285 200 111 226 67 185 239 99 54 220 107 93 260 222 241 196 227 93 268 55 80 243 302 208 271 256 114 267 217 292 270 217 119 239 164 207 70 218 111 56 232 177 220 209 128 308 227 101 139 85 204 123 240 142 51 260 265 95 97 193 145 176 97 84 140 132 268 192 261 75 189 260 56 65 142 205 149 143 285 293 248 224 115 69 222 25 164 63 351 157 261 292 213 115 239 119 87 209 114 300 162 289 138 242 211 136 227 140 110 93 86 218 73 38 246 258 272 69 169 150 147 286 221 156 242 247 258 94 179 69 164 329 101 238 233 112 60 263 251 210 18 171 246 219 345 211 78 237 364 120 133 62 82 149 95 194 113 344 98 180 178 178 320 270 86 168 237 142 32 185 62 112 223 66 143 212 277 169 129 143 257 163 104 181 81 141 92 170 116 198 267 125 253 284 146 244 250 45 219 106 207 280 206 120 170 110 243 270 16 247 97 83 58 45 241 11 85 156 194 145 257 192 296 119 188 124 111 228 64 266 138 144 215 186 103 315 234 73 61 187 172 158 136 240 34 168 118 284 168 160 162 81 117 98 161 172 239 200 93 188 81 175 57 228 133 203 228 250 120 28 247 140 232 260 181 121 78
 53 340 285 1 469 186 230 228 354 417 369 324 204 326 196 203 282 482 462 468 200 199 339 305 117 323 464 369 315 294 163 96 332 19 411 332 496 340 114 312 414 392 235 321 447 337 146 373 388 294 291 380 344 109 209 57 323 255 281 22 199 381 382 362 395 225 302 424 160 388 186 519 242 264 80 281 273 310 119 386 381 226 393 222 178 171 335 115 287 422 254 369 402 518 259 409 364 391 281 260 471 354 302 438 291 224 98 357 407 447 398 373 287 204 401 284 274 233 507 349 287 278 399 301 14 396 130 392 344 519 315 108 330 409 346 273 362 61 254 273 442 300 217 298 297 55 108 358 349 281 422 378 310 356 283 224 300 372 194 397 357 198 171 456 170 312 377 270 450 219 423 260 175 346 381 477 220 418 427 307 117 300 390 446 380 240 118 349 245 325 451 399 455 163 255 322 283 165 476 120 250 458 224 271 531 430 319 142 176 467 357 277 411 199 362 262 286 63 284 288 142 308 420 58 423 13 363 101 272 176 482 303 255 307 341 73 167 297 303 249 242 267 405 115 263 157 342 296 149 381 532 118 154 145 365 392 260 154 241 259 149 373 192 361 342 333 420 241 470 260 49 399 270 429 408 393 116 107 318 213
 424 148 200 469 1 310 322 243 178 173 103 150 333 150 289 371 283 79 11 73 291 381 154 242 396 343 38 268 294 188 398 384 324 452 148 261 50 172 370 226 144 144 255 262 24 234 355 227 300 278 272 98 205 400 321 417 294 216 324 448 272 121 153 129 113 247 248 102 328 245 321 66 228 267 424 189 197 301 366 98 239 385 275 349 351 307 195 380 212 52 216 373 80 68 374 144 107 203 203 212 23 120 356 45 350 262 403 204 178 109 209 97 267 283 163 186 230 340 76 285 183 239 77 201 467 172 342 205 259 61 158 366 204 75 361 204 231 424 226 197 179 300 317 184 223 438 380 374 213 191 162 385 279 254 187 281 203 107 318 107 373 296 321 41 321 373 259 270 67 340 73 232 322 147 91 45 259 59 116 325 356 190 226 162 121 235 377 123 247 236 63 98 36 398 311 285 349 345 95 400 223 76 249 277 89 102 165 333 297 108 277 202 191 271 165 208 227 433 207 185 329 234 58 429 90 480 111 380 215 304 48 167 347 189 282 397 328 270 373 319 270 251 113 363 242 312 253 178 367 197 97 356 359 328 135 168 215 360 270 316 347 111 315 122 181 145 151 323 8 305 427 86 225 169 63 191 411 372 274 259
 161 167 111 186 310 1 221 84 255 317 208 161 203 192 26 234 243 344 305 330 20 239 164 121 182 317 315 317 282 177 223 144 315 174 300 151 347 234 142 127 302 210 56 269 287 269 163 189 349 252 110 238 158 94 43 152 150 105 270 167 72 205 272 234 268 111 117 247 28 323 169 368 109 211 184 133 132 139 144 247 198 264 341 234 193 34 151 160 106 271 113 370 258 368 283 297 216 306 172 135 317 211 307 273 295 147 173 272 222 321 213 217 104 29 297 146 90 237 364 308 146 204 253 202 190 297 71 308 290 366 178 85 146 266 345 154 292 129 148 128 343 272 202 127 216 141 153 362 269 146 318 383 132 174 138 39 203 205 176 222 360 14 148 289 146 325 320 87 277 224 252 81 156 171 220 330 57 253 304 293 79 190 206 341 253 132 73 188 164 141 280 226 305 223 87 284 288 37 344 190 93 320 119 227 386 301 196 117 50 340 311 109 320 76 179 117 101 134 107 156 94 237 255 173 289 196 218 87 169 30 335 154 262 200 164 124 152 116 318 236 57 81 279 73 188 79 284 134 58 195 389 75 51 106 188 208 143 51 185 244 155 203 169 191 242 166 311 80 313 237 161 230 90 327 249 302 198 80 139 69
 179 256 226 230 322 221 1 168 157 208 250 224 27 180 202 50 56 303 313 292 214 61 261 297 116 102 302 141 85 142 88 140 106 213 212 337 330 154 123 292 217 320 217 96 307 119 87 353 158 68 305 226 310 244 262 178 350 176 54 217 157 291 188 194 218 132 298 329 208 163 55 351 152 57 155 180 167 344 118 225 368 65 164 27 54 188 293 117 246 272 164 154 244 349 68 213 223 176 127 143 315 209 88 310 76 89 134 146 355 258 364 243 297 207 198 167 247 21 332 120 173 85 246 122 221 191 171 176 118 355 178 183 294 249 129 137 141 225 118 172 231 70 20 225 102 237 125 145 137 161 217 166 329 354 176 237 121 262 48 300 143 219 78 329 80 106 150 282 335 19 310 226 70 264 256 312 191 291 239 81 178 135 368 240 206 123 224 235 88 313 335 296 296 88 301 93 68 240 291 115 185 281 122 52 356 247 161 117 171 278 128 211 198 152 301 170 261 239 233 160 137 98 295 174 247 242 217 204 117 192 316 190 43 135 359 180 77 310 98 20 249 260 224 195 83 145 117 208 247 342 353 183 243 125 280 335 133 244 58 30 88 270 53 261 149 238 219 297 321 31 184 287 234 221 274 182 123 201 333 169
 187 116 67 228 243 84 168 1 172 234 142 96 158 112 59 197 175 267 237 253 67 205 117 130 177 254 242 240 213 94 202 153 248 212 218 170 274 151 142 126 220 176 52 194 220 191 143 189 275 183 139 161 148 163 116 180 184 27 209 208 31 157 190 152 187 38 131 201 92 244 128 297 27 142 196 56 52 179 140 169 203 224 264 188 160 68 133 157 82 198 31 306 182 296 235 214 141 224 90 53 246 134 249 211 237 82 177 191 202 241 205 147 130 57 214 65 80 188 289 235 65 129 178 121 228 214 100 226 214 295 98 124 132 190 282 72 212 182 70 49 260 205 151 74 137 196 154 299 188 64 235 319 162 188 59 79 122 144 132 172 297 74 114 229 113 268 242 117 223 177 196 59 120 123 154 256 31 190 223 230 114 108 205 258 172 55 138 121 92 147 225 173 232 202 142 213 231 118 265 184 24 243 48 159 312 221 113 105 55 260 236 54 237 32 149 37 94 192 71 73 92 160 193 195 210 240 141 138 89 67 261 78 209 118 192 157 121 143 262 179 85 93 198 121 114 74 207 69 137 183 314 114 130 97 142 183 62 131 119 186 134 146 125 134 160 107 229 143 244 176 189 172 68 245 181 220 194 131 166 18
 303 177 185 354 178 255 157 172 1 66 141 147 175 82 229 206 110 147 168 137 238 217 186 263 255 166 152 99 116 79 242 259 148 336 58 300 177 23 242 251 63 230 216 84 168 57 215 294 136 102 285 93 253 323 286 298 326 156 148 336 188 194 32 59 67 148 267 219 259 87 175 197 146 102 291 133 128 326 237 86 310 215 116 182 198 233 235 246 209 131 144 201 103 195 199 58 105 55 84 120 166 93 178 180 173 132 268 31 272 102 293 127 277 228 48 116 221 171 176 111 119 80 109 56 348 44 247 57 84 201 93 269 241 105 185 101 61 326 110 134 92 123 158 173 60 341 250 200 37 114 69 213 304 308 127 247 56 158 169 196 198 245 185 196 186 196 94 269 210 175 191 207 182 185 141 159 201 165 83 147 260 65 304 94 59 127 298 138 111 272 209 188 147 242 304 108 172 288 135 257 169 126 143 107 200 91 66 213 216 122 105 174 66 184 225 143 229 339 196 104 220 60 169 303 94 366 97 289 89 233 163 123 174 55 325 287 190 287 195 148 247 243 70 274 92 213 77 153 305 272 197 263 298 213 192 253 113 299 118 144 210 169 169 166 13 157 67 309 175 134 307 173 208 77 146 49 267 283 305 187
 365 220 239 417 173 317 208 234 66 1 174 195 229 133 292 256 155 116 163 111 300 267 229 314 314 188 139 103 146 141 295 322 167 399 29 349 154 84 304 301 32 263 276 119 171 91 276 336 131 144 339 118 297 387 347 361 377 216 186 399 252 227 47 97 76 212 319 241 322 76 235 169 209 158 351 191 188 378 299 108 351 259 105 231 255 297 281 306 262 138 205 207 116 166 237 34 139 38 148 183 155 132 206 190 205 196 328 63 305 69 330 158 331 290 22 175 276 219 144 125 177 140 124 121 410 22 312 39 105 176 147 334 287 113 199 164 74 390 175 193 27 158 213 225 121 405 311 210 73 174 13 218 356 353 185 307 121 191 228 224 209 307 247 202 248 220 92 325 222 226 209 264 243 226 169 140 263 181 58 176 325 129 343 32 82 192 362 178 175 320 219 214 138 295 362 136 206 351 99 315 229 103 207 158 165 72 124 277 280 82 116 230 19 248 264 203 283 403 250 164 284 113 185 364 86 429 132 353 154 297 142 177 216 119 374 351 252 340 222 196 306 299 69 338 154 277 101 206 369 310 159 327 362 277 229 287 176 363 178 190 271 202 228 203 78 202 23 368 168 181 369 198 264 14 164 28 325 348 355 250
 326 54 99 369 103 208 250 142 141 174 1 49 254 72 187 294 223 146 98 133 189 304 62 154 305 296 110 239 245 108 315 289 281 353 147 183 141 124 275 139 146 91 154 215 80 193 265 163 276 222 183 57 128 298 221 319 214 116 265 349 172 55 133 84 100 151 160 82 226 226 236 162 130 198 330 90 100 218 272 68 178 314 255 275 268 205 113 287 114 67 117 337 67 163 310 142 38 188 123 119 110 49 302 70 294 175 309 171 133 141 157 17 176 181 155 92 132 269 161 249 87 170 58 134 368 161 241 190 222 159 72 265 121 73 319 117 201 323 138 99 193 247 240 83 160 336 286 335 176 97 167 350 195 183 89 181 136 18 235 57 333 195 232 89 231 322 234 176 88 265 62 131 234 57 13 125 157 49 131 274 255 117 170 182 93 143 275 22 165 155 89 49 100 315 217 239 291 244 151 310 122 125 155 212 181 121 93 238 196 154 244 100 187 172 92 109 132 332 107 94 231 179 52 332 104 381 46 278 134 203 130 70 282 121 207 297 239 182 319 251 171 154 109 261 168 213 214 76 265 137 186 255 258 232 56 115 125 258 193 251 257 29 230 31 136 44 157 228 106 239 329 38 125 178 42 177 321 271 192 158
 282 34 54 324 150 161 224 96 147 195 49 1 225 67 139 265 208 188 146 175 142 275 41 121 266 285 156 241 236 90 281 246 273 307 170 155 187 127 233 107 170 97 106 208 128 191 227 148 279 209 147 87 106 251 175 275 183 71 249 303 126 68 149 99 127 111 126 110 179 233 202 209 89 178 288 49 61 185 231 98 164 288 260 249 235 158 89 247 72 112 74 331 104 209 288 166 63 200 101 84 157 65 288 116 278 142 268 176 134 175 150 58 139 133 174 58 89 245 206 246 53 153 97 122 323 178 195 202 220 207 58 219 94 112 310 88 205 276 108 58 217 234 212 37 148 289 245 327 178 64 190 344 163 162 51 135 124 49 202 80 325 147 195 134 194 308 238 136 128 238 101 85 198 42 61 171 109 95 162 262 209 103 159 209 115 108 227 28 137 126 129 79 146 281 176 232 274 197 191 272 75 166 117 194 227 155 85 196 149 192 243 53 204 127 82 66 92 285 63 66 187 171 98 289 140 335 68 231 110 155 176 36 261 110 180 252 202 147 304 229 126 112 137 214 146 169 212 29 218 128 231 209 210 189 57 114 93 211 167 231 219 52 197 41 139 14 181 185 153 219 285 77 80 201 89 191 282 224 162 112
 152 255 220 204 333 203 27 158 175 229 254 225 1 187 186 41 80 319 324 307 198 51 259 287 90 126 315 166 112 148 68 113 132 187 231 327 344 169 97 283 236 319 205 121 316 142 61 346 185 93 293 237 304 220 245 152 338 170 80 190 143 292 205 206 233 124 287 331 188 188 34 366 146 73 129 178 166 331 92 237 360 67 190 32 28 170 288 90 238 282 159 178 255 364 81 231 231 198 133 142 327 217 110 318 98 84 108 167 352 276 359 249 285 191 218 168 237 37 348 146 173 98 257 134 194 211 149 199 143 369 183 159 288 261 153 139 165 199 118 169 253 97 18 221 117 211 99 168 158 162 238 189 317 345 175 223 132 265 29 303 167 203 56 336 58 126 175 269 341 22 315 217 48 263 262 326 179 298 256 107 155 144 361 261 219 119 201 238 90 304 341 299 308 68 285 119 90 219 308 90 177 297 115 73 372 263 170 94 154 296 154 205 220 138 298 166 252 213 226 162 115 118 302 147 262 216 226 180 122 174 330 191 62 146 347 154 54 298 118 46 235 248 239 171 92 126 142 206 225 337 370 159 222 103 280 332 133 223 64 56 62 272 35 263 166 238 239 281 332 57 157 291 225 242 282 203 98 177 322 157
 279 98 107 326 150 192 180 112 82 133 72 67 187 1 168 226 152 158 141 144 174 236 106 183 247 226 139 176 175 40 251 238 211 309 112 220 171 61 222 171 113 155 146 146 131 126 206 214 213 151 207 55 172 273 218 273 246 89 194 306 136 121 87 42 77 103 188 153 203 167 172 194 90 127 277 61 61 247 219 60 230 244 194 206 204 179 155 232 130 100 81 269 76 193 239 108 45 135 55 68 147 31 231 132 223 113 255 110 196 130 215 64 199 164 112 48 144 199 182 182 48 99 75 63 323 115 204 137 155 194 15 228 160 84 249 56 139 287 77 65 157 176 172 93 89 302 233 265 112 49 131 282 225 228 55 177 65 87 170 127 264 181 173 150 173 251 172 192 156 196 132 132 174 106 77 152 137 112 113 203 218 46 224 152 61 88 248 62 99 191 156 121 130 251 230 170 220 228 155 252 100 134 103 141 206 111 22 187 164 150 178 97 141 134 146 76 151 298 117 40 186 109 116 283 100 338 40 245 67 177 157 44 211 50 245 255 180 208 248 180 174 166 88 228 98 172 147 74 248 193 207 220 240 183 115 176 68 241 125 180 199 97 166 91 73 77 123 236 149 168 282 109 132 141 96 127 262 238 225 128
 165 148 93 196 289 26 202 59 229 292 187 139 186 168 1 220 221 320 284 306 12 226 146 118 176 297 292 293 260 152 213 141 293 182 275 152 324 209 137 121 277 197 40 245 266 245 152 185 326 230 114 214 151 113 63 156 157 80 250 176 49 188 247 209 243 87 116 231 41 299 153 346 84 188 184 109 108 148 137 223 196 249 317 217 180 27 141 154 92 248 88 349 235 346 266 272 193 281 147 110 295 187 288 253 276 125 170 247 213 297 207 195 107 9 272 121 79 220 341 285 121 180 230 177 198 271 71 283 266 344 154 90 137 243 325 129 267 142 124 104 318 250 183 107 191 155 148 341 244 121 293 362 137 175 114 39 178 185 159 205 340 18 133 269 131 306 296 90 259 207 234 65 141 153 199 307 32 233 280 273 82 165 202 315 228 107 90 166 140 138 262 208 282 213 100 261 269 61 320 184 69 297 95 205 363 277 170 106 35 316 287 88 294 54 167 92 92 149 90 131 85 213 235 175 265 206 194 98 144 22 312 130 244 175 169 129 138 119 299 217 55 76 254 82 164 67 260 112 81 188 366 80 74 96 172 197 118 75 163 225 143 184 152 172 217 146 286 96 291 216 165 211 75 302 227 277 193 90 143 44
 155 295 260 203 371 234 50 197 206 256 294 265 41 226 220 1 102 352 361 341 231 12 300 325 88 121 351 180 123 187 45 123 133 188 261 364 379 203 111 322 266 360 242 141 354 166 77 385 191 114 329 274 343 238 276 157 374 210 83 193 179 332 237 243 267 164 325 372 217 206 70 400 186 106 124 218 206 366 106 274 399 31 201 26 42 201 327 98 277 320 199 167 292 398 58 262 270 222 172 182 363 256 99 357 89 124 108 195 392 307 399 289 321 226 247 208 276 38 381 157 213 133 294 171 192 239 174 223 161 404 223 180 327 298 143 179 187 210 159 210 278 108 55 261 151 220 108 156 185 202 265 176 353 383 215 257 169 305 67 343 155 236 88 375 90 110 191 306 380 32 355 255 81 304 301 361 216 337 288 108 177 182 401 287 255 159 222 278 130 343 381 339 344 45 319 133 81 247 340 84 217 330 155 101 405 296 208 120 187 327 166 245 245 175 338 206 290 224 266 202 143 147 341 147 296 214 264 199 161 206 365 231 53 183 384 166 83 334 101 61 271 286 273 194 130 157 162 246 250 377 402 182 248 130 320 373 173 248 102 69 83 313 73 303 198 278 268 313 369 76 160 331 264 269 321 229 89 198 358 194
 229 240 222 282 283 243 56 175 110 155 223 208 80 152 221 102 1 256 274 245 232 112 247 299 169 81 259 88 40 119 142 188 74 264 162 339 286 112 171 291 167 303 227 41 270 65 136 348 112 14 312 190 304 282 283 228 357 175 43 267 173 270 140 156 174 139 301 304 235 109 98 306 154 35 208 170 158 353 165 187 363 107 113 77 107 213 287 167 244 234 162 131 205 303 91 163 192 121 108 136 273 178 81 277 72 98 186 94 341 209 355 214 304 224 147 154 249 65 285 71 159 56 209 90 272 139 206 122 64 310 155 222 289 209 108 123 87 270 111 164 177 30 66 217 64 283 175 125 84 148 165 145 335 354 164 252 88 238 90 277 123 239 117 295 119 101 97 291 305 72 282 230 111 249 228 268 203 260 190 56 215 107 361 186 164 123 260 212 85 313 304 271 254 142 316 44 69 268 242 169 187 235 129 17 308 200 132 156 195 228 77 207 144 168 288 166 262 284 231 144 172 51 264 226 202 293 185 243 100 215 272 173 65 103 362 226 119 316 97 42 260 266 179 232 65 175 63 198 279 332 304 220 274 161 262 321 125 275 59 36 135 247 93 240 104 221 167 315 281 27 234 260 236 168 242 128 177 239 338 182
 433 198 241 482 79 344 303 267 147 116 146 188 319 158 320 352 256 1 72 15 325 363 206 298 394 301 44 218 256 189 386 391 281 464 98 323 41 151 374 282 93 213 292 225 90 197 353 295 246 247 327 107 267 429 362 427 355 242 292 462 292 183 117 121 89 259 304 175 357 191 315 54 246 247 427 212 216 361 370 99 308 361 220 328 341 334 254 381 258 80 236 323 86 51 344 96 129 152 203 224 57 134 318 115 314 262 404 165 250 49 280 132 321 315 114 203 276 318 30 239 202 222 92 189 478 124 361 153 216 61 170 385 262 78 314 210 186 444 229 219 113 265 303 224 203 458 384 325 175 206 104 333 338 320 208 321 190 157 310 172 324 331 321 117 321 333 207 321 143 321 143 272 320 200 135 35 289 120 66 287 375 185 297 96 104 243 404 162 243 296 139 162 52 386 362 246 315 380 20 397 252 25 259 253 54 57 164 341 320 37 230 238 134 291 227 230 276 455 250 197 342 207 122 436 60 494 127 402 213 332 34 191 319 179 346 411 327 326 334 295 313 298 81 385 231 329 211 212 400 266 52 377 393 338 193 238 223 394 259 290 347 165 308 173 155 188 96 372 72 280 437 146 268 108 111 140 408 395 334 284
 417 146 196 462 11 305 313 237 168 163 98 146 324 141 284 361 274 72 1 65 286 372 152 241 387 333 30 258 284 179 389 377 314 445 138 261 48 162 362 225 134 146 251 252 22 224 347 229 290 268 271 89 205 395 317 410 294 210 314 442 265 121 143 120 103 239 247 106 323 235 312 67 221 257 417 182 190 301 358 89 241 376 265 339 343 302 195 372 209 43 209 363 70 68 364 134 100 193 195 205 17 111 345 46 340 254 395 194 181 100 212 91 265 278 152 179 227 330 73 275 176 229 68 192 460 162 335 195 249 63 150 359 203 65 350 196 221 418 217 191 169 290 308 180 213 432 373 364 202 183 152 375 279 255 180 278 193 103 309 107 362 292 313 46 313 363 248 268 72 330 75 228 314 145 86 40 253 57 106 315 349 181 229 153 111 227 371 118 239 236 68 98 26 389 309 275 339 341 88 392 217 67 241 267 89 92 156 326 291 100 267 197 181 265 165 202 225 427 203 177 322 224 57 422 80 474 103 374 206 299 43 161 337 180 283 390 320 269 362 309 267 248 102 357 233 306 242 173 363 199 96 350 355 321 134 170 207 356 261 307 339 109 306 119 171 141 141 321 9 295 420 85 222 160 58 181 403 367 274 253
 420 185 227 468 73 330 292 253 137 111 133 175 307 144 306 341 245 15 65 1 311 352 193 285 381 293 37 211 247 176 374 378 273 451 90 311 44 139 361 270 85 202 278 216 82 187 340 284 241 237 314 93 255 415 349 414 343 228 282 449 278 172 107 108 76 246 291 166 343 186 302 62 232 236 414 199 202 348 357 85 298 351 215 317 329 320 242 368 245 68 223 317 73 59 334 87 115 145 190 210 52 120 309 106 305 249 391 156 240 43 270 119 308 302 106 189 262 307 41 232 188 210 78 176 464 116 347 146 208 67 156 371 250 65 307 197 178 430 216 205 110 256 291 210 192 445 371 319 165 192 99 328 325 308 194 308 177 144 298 161 318 317 308 110 308 325 201 308 135 310 134 258 307 188 122 32 275 109 57 278 361 172 286 94 91 229 390 148 230 284 132 151 43 374 349 238 306 366 23 385 238 12 245 242 66 47 151 328 306 36 223 224 129 277 215 217 263 441 236 183 328 196 111 423 47 480 113 388 200 318 33 177 309 167 334 397 314 314 326 284 300 285 69 371 219 315 203 198 387 255 65 363 379 325 181 227 210 380 247 280 334 153 296 160 144 174 90 358 67 269 423 135 254 104 99 133 395 381 322 270
 171 149 93 200 291 20 214 67 238 300 189 142 198 174 12 231 232 325 286 311 1 237 146 110 186 308 296 303 271 160 224 150 305 187 283 143 328 217 146 115 285 194 38 256 268 255 162 178 337 241 104 219 145 112 52 162 146 87 261 180 60 187 255 215 250 97 107 230 42 309 164 350 93 199 191 115 115 137 146 228 188 261 328 229 191 35 136 164 90 252 96 361 239 350 278 279 197 290 156 119 298 192 299 254 287 136 178 257 208 303 201 198 97 11 280 128 75 231 345 296 127 191 234 186 203 280 78 292 277 347 160 96 131 247 336 138 277 144 134 110 326 261 195 109 201 157 157 353 253 128 301 374 127 166 120 29 188 186 170 204 351 8 144 270 142 318 306 80 259 218 234 63 152 153 201 311 39 235 286 284 88 174 195 323 235 117 90 169 151 130 262 208 286 224 89 272 280 56 325 194 75 302 106 216 367 283 178 116 45 322 298 90 303 65 164 99 87 150 89 138 95 224 237 182 270 210 199 101 154 30 316 135 255 184 159 135 149 110 311 228 46 69 261 86 175 77 270 115 77 182 370 85 70 106 171 193 127 70 174 236 154 185 164 173 226 148 294 85 294 228 171 212 72 310 230 286 202 94 134 54
 152 305 268 199 381 239 61 205 217 267 304 275 51 236 226 12 112 363 372 352 237 1 309 332 85 127 362 190 132 198 38 122 140 184 272 371 390 214 111 329 276 369 248 151 365 176 79 393 199 124 336 285 351 239 281 154 380 218 92 190 186 342 248 254 278 172 332 381 220 215 77 411 195 117 120 228 215 372 107 284 407 29 210 37 47 206 336 97 285 331 208 171 303 409 61 272 280 233 182 192 374 266 104 367 95 134 105 205 401 318 407 299 328 232 257 218 283 49 392 166 223 144 305 181 187 250 177 233 171 414 233 181 335 308 148 189 197 209 168 219 288 117 65 269 162 219 107 160 195 212 276 180 360 391 225 263 180 315 75 353 159 241 94 386 96 114 200 312 391 43 365 262 87 313 311 372 222 347 299 116 179 193 409 298 265 168 223 288 140 350 391 349 355 38 324 142 87 250 351 80 225 341 164 112 416 307 219 124 192 337 175 253 255 181 347 215 297 222 274 212 147 158 351 143 307 209 275 200 171 210 376 241 61 193 391 165 89 341 105 72 277 292 284 195 140 161 171 255 252 385 413 184 250 134 330 381 183 251 113 79 86 322 81 313 209 288 278 318 380 87 157 341 271 279 331 240 84 199 365 201
 302 10 55 339 154 164 261 117 186 229 62 41 259 106 146 300 247 206 152 193 146 309 1 93 292 325 168 281 276 129 313 269 312 324 203 122 197 165 258 78 202 61 109 248 131 231 256 109 318 249 122 115 70 256 169 294 153 95 288 319 146 43 184 134 157 140 99 86 186 272 234 217 117 217 312 82 95 157 256 126 125 323 299 285 267 169 53 272 60 126 103 371 127 218 326 198 92 237 140 119 166 98 327 113 317 176 293 214 95 201 110 77 116 139 208 95 78 281 219 286 90 192 119 162 340 213 210 239 259 213 97 233 60 134 350 126 244 287 144 91 249 274 248 44 188 300 270 366 217 101 223 384 134 126 86 131 164 50 235 59 365 150 225 128 224 347 277 118 114 274 90 83 229 8 72 183 120 96 190 301 223 143 119 240 148 141 234 52 174 94 117 63 158 313 159 271 313 198 212 299 94 186 147 233 238 182 125 221 164 215 282 64 240 148 42 95 74 294 58 104 208 210 97 310 165 350 98 242 149 165 188 74 298 150 147 269 232 122 343 266 118 98 167 226 184 189 251 55 220 88 244 222 212 213 26 75 129 212 204 269 247 44 230 34 178 29 213 170 158 257 303 70 75 234 97 228 309 235 131 130
 280 101 80 305 242 121 297 130 263 314 154 121 287 183 118 325 299 298 241 285 110 332 93 1 292 379 259 350 333 193 325 258 370 293 290 41 287 241 253 17 290 109 85 310 220 299 264 69 387 304 31 205 45 206 103 271 64 125 335 286 148 122 268 219 246 166 8 154 148 347 256 306 147 265 300 135 144 66 253 216 80 353 372 317 286 144 48 270 56 218 138 429 219 307 363 285 181 317 198 164 256 184 375 199 364 209 286 289 107 292 94 169 27 110 293 152 51 316 310 350 148 247 211 226 310 297 187 319 326 301 171 204 39 226 406 179 316 247 188 138 336 328 280 91 249 258 264 423 290 157 310 442 43 60 141 83 228 142 260 137 421 110 240 210 238 395 349 39 191 306 172 71 246 99 165 274 111 184 281 354 197 208 86 328 235 178 189 141 216 21 194 145 250 325 74 331 358 144 304 300 114 279 175 283 328 273 198 220 149 307 349 94 323 152 81 134 38 250 70 164 200 273 185 291 256 314 187 206 202 138 279 142 338 217 65 243 246 29 389 307 65 43 256 193 234 181 319 111 164 78 334 194 157 210 108 98 175 158 246 313 255 134 253 126 253 116 300 89 246 302 280 157 64 320 189 309 309 200 43 132
 68 290 243 117 396 182 116 177 255 314 305 266 90 247 176 88 169 394 387 381 186 85 292 292 1 207 383 255 200 210 52 43 216 101 312 328 414 245 41 293 316 352 208 209 376 229 42 358 272 182 289 301 320 161 221 70 330 198 165 106 150 331 285 275 306 156 290 374 159 277 81 437 178 157 40 218 207 320 40 303 370 113 279 106 63 152 307 23 255 346 192 254 321 435 145 311 289 285 194 187 393 277 186 373 175 135 21 252 377 354 377 304 282 184 300 214 247 117 421 235 218 176 321 206 106 294 113 286 232 438 239 109 304 328 230 193 253 126 171 208 338 185 104 250 196 135 31 243 243 209 321 263 312 350 217 214 205 312 87 345 242 188 75 392 75 197 265 265 391 103 364 228 75 298 314 395 184 352 334 191 110 211 375 345 291 163 149 286 152 311 392 344 375 52 268 208 167 184 385 9 200 370 151 161 446 339 234 74 144 374 243 230 306 147 325 200 262 139 246 213 92 202 355 60 335 128 286 124 183 157 400 236 139 215 344 84 69 294 188 134 230 250 314 124 165 112 231 241 181 356 445 115 181 84 317 359 182 181 138 144 49 316 87 305 244 278 321 258 395 146 73 339 238 327 339 289 18 125 318 167
 273 318 302 323 343 317 102 254 166 188 296 285 126 226 297 121 81 301 333 293 308 127 325 379 207 1 314 88 52 197 164 237 22 307 204 419 336 177 222 371 210 380 305 84 333 110 186 427 80 77 392 256 384 345 358 274 437 255 49 311 249 346 191 221 231 218 381 377 307 117 156 354 233 114 244 249 238 432 217 251 443 104 99 102 149 285 366 213 324 297 241 54 268 351 71 207 263 151 186 216 330 249 25 344 33 175 227 140 419 253 434 285 383 300 188 233 329 92 330 64 238 134 273 165 312 179 272 150 86 359 231 284 369 270 29 203 116 324 191 244 202 52 121 296 138 335 222 46 132 228 200 66 415 434 244 329 163 312 149 351 44 314 179 360 181 33 100 370 373 107 352 310 171 327 299 320 281 328 237 26 279 183 440 216 224 202 325 287 164 393 372 345 311 164 393 59 41 339 285 204 266 284 208 96 351 249 205 218 268 269 74 287 171 244 366 246 342 338 311 222 238 118 332 266 256 334 255 305 180 289 323 252 69 178 442 279 178 396 37 84 338 346 232 296 145 245 92 277 347 411 346 284 343 225 339 399 205 344 136 75 188 322 154 316 166 298 207 392 340 82 278 332 316 199 309 162 209 302 418 260
 417 161 208 464 38 315 302 242 152 139 110 156 315 139 292 351 259 44 30 37 296 362 168 259 383 314 1 236 266 175 381 376 295 446 115 283 34 149 360 244 110 170 261 234 47 206 342 253 267 253 289 84 226 403 330 410 315 216 299 444 269 142 124 110 86 240 266 132 330 212 306 56 224 246 414 187 193 321 356 81 266 363 242 328 335 308 215 369 223 45 213 342 63 56 349 111 102 171 190 205 18 111 328 72 323 250 392 175 207 73 237 99 283 287 130 181 241 318 52 255 179 219 65 182 460 140 339 172 230 56 149 363 223 56 330 194 200 422 214 194 142 274 299 191 201 436 370 343 184 184 127 353 298 278 184 289 184 119 303 130 342 302 309 75 309 345 226 285 100 320 100 239 309 162 98 16 261 78 82 297 353 174 254 126 97 226 378 128 233 256 96 120 11 381 326 257 323 351 59 387 224 39 241 254 73 68 150 325 296 72 246 207 157 268 186 206 240 432 216 177 323 210 79 421 59 476 102 379 201 306 21 165 324 171 305 392 316 288 345 296 280 263 83 362 224 308 223 181 372 223 77 354 364 321 153 195 206 365 253 293 335 126 300 135 156 153 117 337 32 282 420 105 234 134 72 158 398 372 295 259
 317 273 271 369 268 317 141 240 99 103 239 241 166 176 293 180 88 218 258 211 303 190 281 350 255 88 236 1 58 159 224 275 67 351 123 389 255 117 258 340 128 328 290 51 261 52 224 388 38 75 369 191 346 366 354 315 412 232 99 354 246 292 117 158 158 207 354 317 313 30 185 271 215 112 294 217 208 410 253 183 404 175 26 156 193 289 328 255 295 225 219 107 198 268 147 126 203 67 155 192 252 191 109 275 110 173 273 70 369 170 389 226 361 294 107 199 304 144 246 26 203 114 205 126 359 97 289 66 28 277 185 307 333 199 97 174 40 356 172 214 115 74 153 261 104 370 262 108 65 195 115 118 390 400 211 319 124 256 177 295 107 310 204 290 206 120 13 350 307 155 288 287 198 280 239 240 270 262 156 81 299 143 399 129 155 187 343 235 154 361 305 286 234 224 381 49 114 345 201 255 245 203 199 100 267 169 157 242 271 184 16 258 85 241 321 220 315 370 281 187 256 81 266 313 179 380 195 328 153 291 242 212 131 134 414 312 206 372 123 123 323 324 156 315 130 256 34 241 358 367 261 303 353 246 289 350 181 354 139 114 222 267 180 264 104 252 123 383 263 110 321 271 291 113 243 79 263 323 392 251
 263 269 256 315 294 282 85 213 116 146 245 236 112 175 260 123 40 256 284 247 271 132 276 333 200 52 266 58 1 147 167 223 38 298 159 374 289 126 206 325 164 329 264 33 283 61 171 380 74 31 348 206 336 321 322 262 393 210 43 301 212 295 143 171 182 177 336 326 275 84 134 308 190 73 239 202 191 389 201 200 395 119 80 99 138 252 318 201 278 247 197 97 218 305 93 161 212 109 138 171 281 198 63 293 60 136 219 92 369 208 385 234 340 262 143 185 285 87 285 36 190 87 223 115 305 134 245 109 43 313 181 260 322 221 75 156 73 307 147 197 164 17 100 249 89 319 209 92 83 180 157 110 371 387 196 290 113 261 126 301 90 277 155 310 157 80 69 327 322 99 301 266 148 277 248 273 241 277 191 32 254 134 392 176 174 159 299 237 122 347 321 294 262 167 354 11 61 307 241 199 222 237 167 56 307 202 155 194 234 225 44 241 131 207 317 200 297 321 265 174 211 67 281 258 208 326 204 281 133 254 276 203 75 127 397 262 156 352 80 67 297 302 184 270 101 214 46 229 318 362 302 258 313 200 289 349 159 314 98 57 170 271 130 265 115 248 163 353 290 56 268 281 271 158 259 119 207 278 373 220
 245 123 114 294 188 177 142 94 79 141 108 90 148 40 152 187 119 189 179 176 160 198 129 193 210 197 175 159 147 1 212 203 184 276 126 232 206 58 187 182 128 185 139 121 170 108 169 234 195 120 212 92 191 250 208 239 255 78 161 274 112 152 97 69 103 74 196 188 183 156 134 229 69 91 240 59 52 253 183 95 249 206 180 168 165 157 173 195 137 138 66 243 113 227 203 123 84 132 17 43 184 70 199 171 190 76 218 100 223 155 238 102 204 150 121 41 147 162 215 160 46 65 112 34 290 121 177 134 135 230 37 200 177 120 222 24 125 259 41 57 167 145 133 104 60 273 197 238 99 38 142 256 233 243 53 169 36 121 131 161 237 167 135 189 135 219 158 194 194 158 169 131 136 131 115 187 123 151 136 173 191 17 246 166 87 56 225 95 60 204 194 156 167 212 228 144 186 211 183 214 91 165 72 106 239 137 26 153 141 175 158 100 144 110 170 65 157 271 124 29 154 83 155 248 130 306 79 218 28 157 192 56 175 26 256 223 142 215 215 143 170 168 113 202 60 143 127 84 229 216 239 193 222 150 144 203 37 223 86 145 161 130 128 122 67 103 137 232 187 132 249 146 134 152 135 127 225 212 234 109
 118 309 267 163 398 223 88 202 242 295 315 281 68 251 213 45 142 386 389 374 224 38 313 325 52 164 381 224 167 212 1 94 176 149 298 363 411 236 86 324 303 373 241 182 380 206 63 389 235 155 326 302 349 211 264 121 369 219 127 155 179 348 273 272 300 173 325 389 202 248 80 433 197 141 84 233 221 360 83 303 402 64 245 69 48 191 334 69 282 348 210 208 321 431 97 298 294 263 196 198 393 281 141 381 131 141 72 233 402 343 406 311 318 220 284 226 278 81 415 201 231 165 322 200 151 277 157 263 203 435 246 157 333 327 185 199 228 177 178 224 318 151 85 271 184 186 79 197 224 220 304 216 349 384 231 251 199 324 82 360 196 227 89 399 90 150 234 302 402 71 376 258 84 317 323 392 215 360 323 152 157 209 405 327 286 174 198 298 152 344 403 358 374 1 309 176 124 230 376 46 224 364 166 139 439 330 234 108 180 363 210 253 285 175 348 218 292 190 272 222 130 184 364 108 329 173 290 173 185 196 397 249 97 212 381 136 82 331 141 103 267 284 307 172 158 148 203 259 229 384 437 162 228 119 335 383 191 229 130 111 71 331 86 320 233 294 305 302 397 117 123 351 267 308 345 269 48 174 355 196
 44 268 217 96 384 144 140 153 259 322 289 246 113 238 141 123 188 391 377 378 150 122 269 258 43 237 376 275 223 203 94 1 244 78 316 292 408 247 19 261 320 327 176 227 364 242 53 325 296 201 252 292 289 119 181 41 293 177 192 80 124 309 288 271 304 139 256 352 119 294 92 430 159 169 44 200 190 282 24 297 337 151 300 137 89 116 277 26 225 336 173 287 313 429 180 315 278 296 189 173 384 267 218 358 207 130 30 262 349 354 346 290 246 149 306 200 216 146 417 257 203 183 312 207 89 301 74 297 250 431 228 67 274 321 262 183 267 88 163 191 347 208 124 226 202 99 17 276 254 195 327 297 275 315 200 178 206 294 99 324 275 151 76 376 75 232 283 229 373 131 346 198 80 275 299 389 154 337 334 219 69 207 342 352 288 151 106 269 151 278 374 324 367 94 228 230 199 142 384 51 176 367 137 177 442 338 228 52 111 375 264 206 316 122 298 181 230 102 218 201 62 213 340 46 332 108 276 81 179 121 394 220 170 214 307 44 72 258 223 159 195 216 313 82 169 82 247 220 138 326 442 73 138 58 294 331 171 139 146 169 54 297 97 285 248 257 326 218 385 168 49 322 208 334 325 298 56 82 282 140
 282 305 292 332 324 315 106 248 148 167 281 273 132 211 293 133 74 281 314 273 305 140 312 370 216 22 295 67 38 184 176 244 1 316 184 410 316 160 228 362 189 366 299 67 315 92 192 416 62 67 384 239 373 348 355 282 429 247 53 320 246 331 172 204 213 212 372 361 306 96 159 333 226 107 254 239 228 425 223 233 432 119 79 111 157 284 355 221 315 278 233 60 250 331 87 187 247 130 175 207 310 233 44 326 49 170 236 121 405 233 422 269 376 296 168 222 321 100 309 43 227 124 255 152 322 158 274 130 66 339 217 287 358 252 39 193 96 330 183 234 181 44 124 286 125 342 229 55 113 217 179 73 407 424 233 325 150 297 151 336 54 311 181 342 183 54 79 363 356 115 336 302 174 314 283 300 276 311 217 26 281 170 429 195 206 195 327 273 157 384 355 329 292 176 389 43 55 338 264 214 259 264 202 90 331 229 191 221 266 248 53 278 150 241 353 237 333 344 302 211 240 103 315 276 237 343 239 308 169 287 303 240 80 164 434 285 181 388 58 87 332 338 213 298 137 245 73 266 348 399 325 286 344 227 325 385 196 345 132 77 193 307 156 302 148 285 186 388 321 81 287 316 308 178 292 142 220 305 410 255
 36 324 270 19 452 174 213 212 336 399 353 307 187 309 182 188 264 464 445 451 187 184 324 293 101 307 446 351 298 276 149 78 316 1 393 321 479 322 96 300 396 378 221 303 430 320 129 361 371 277 280 363 331 103 199 39 314 238 264 10 182 365 364 344 378 207 290 409 147 371 169 501 225 246 65 264 256 301 101 368 370 212 375 206 161 157 322 98 273 405 237 354 384 500 244 391 347 373 263 243 453 337 286 422 275 206 81 339 393 429 386 356 275 190 383 267 260 217 490 332 270 260 382 283 17 378 115 374 327 501 298 93 317 392 330 255 344 54 236 256 424 283 199 282 279 52 91 343 331 263 404 363 300 345 266 212 282 355 176 381 342 185 153 440 152 297 360 259 434 203 407 245 158 330 364 460 205 401 409 291 102 282 378 428 362 222 108 332 227 313 435 383 437 149 246 305 267 155 458 105 234 440 207 254 514 412 301 125 161 450 339 261 393 182 348 245 272 60 269 270 125 290 404 42 405 31 345 88 254 161 465 286 239 289 331 57 149 286 288 232 230 254 387 102 245 141 324 280 141 368 514 103 145 127 349 378 242 145 223 242 131 357 174 345 324 317 402 233 453 243 31 383 255 411 391 375 102 95 308 197
 359 195 217 411 148 300 212 218 58 29 147 170 231 112 275 261 162 98 138 90 283 272 203 290 312 204 115 123 159 126 298 316 184 393 1 324 133 72 299 276 6 236 257 129 144 100 273 309 154 152 315 91 272 374 328 355 352 198 196 392 237 200 30 73 49 199 295 213 307 99 232 150 193 159 348 171 169 354 294 80 324 267 128 236 255 282 255 303 239 111 188 229 88 148 248 6 113 57 135 167 131 107 221 163 218 188 325 69 278 50 303 131 308 273 17 156 254 225 127 143 158 137 97 111 404 27 300 58 120 156 126 323 262 86 218 149 89 381 163 174 47 169 214 202 117 395 307 230 79 156 21 240 332 328 165 288 111 164 227 197 229 290 242 175 243 236 113 302 195 230 181 243 240 200 142 118 245 154 34 190 314 115 316 41 57 179 349 153 167 295 192 187 113 298 340 149 219 335 83 314 210 81 195 161 149 47 106 269 266 67 134 208 45 234 238 185 260 393 227 146 275 115 157 360 60 423 106 342 142 282 120 155 225 107 349 343 248 316 237 202 285 277 41 326 149 266 114 184 353 283 145 316 346 269 202 260 162 347 175 196 267 175 226 177 69 177 12 347 143 187 363 170 242 32 136 45 324 336 331 234
 311 131 119 332 261 151 337 170 300 349 183 155 327 220 152 364 339 323 261 311 143 371 122 41 328 419 283 389 374 232 363 292 410 321 324 1 308 279 288 50 323 120 124 350 240 338 301 49 426 344 42 236 57 228 124 302 34 165 376 313 186 142 303 253 278 206 40 165 178 385 295 326 187 306 333 174 184 44 288 248 52 392 410 357 325 177 71 306 96 244 178 469 248 327 403 319 213 354 237 204 277 218 415 217 404 250 321 327 102 322 78 198 47 145 328 192 91 356 332 390 187 287 240 265 337 332 220 356 365 320 208 235 63 255 446 219 355 272 229 178 370 368 320 129 289 282 299 463 328 196 344 482 26 25 180 115 267 169 299 155 461 142 278 226 276 435 388 65 204 345 189 112 285 126 192 297 149 206 312 394 228 247 64 361 268 218 215 173 256 30 208 164 273 363 83 371 398 168 331 335 154 305 216 323 349 303 235 257 185 335 389 134 358 191 98 174 78 274 110 204 236 313 205 322 286 340 219 234 242 172 301 179 378 256 26 274 284 36 430 348 98 80 288 222 275 217 358 150 186 73 356 225 180 246 131 100 215 180 286 353 293 159 293 153 291 148 334 98 266 343 311 178 104 354 213 345 344 228 18 171
 449 191 239 496 50 347 330 274 177 154 141 187 344 171 324 379 286 41 48 44 328 390 197 287 414 336 34 255 289 206 411 408 316 479 133 308 1 177 392 272 128 193 293 258 69 229 374 276 284 278 317 117 253 435 361 443 341 248 324 476 302 168 148 140 113 272 294 152 363 229 337 24 256 274 446 219 225 348 388 112 288 390 258 356 365 341 242 400 254 77 245 360 95 23 375 130 134 189 221 237 33 143 351 93 347 281 423 198 227 86 258 131 312 319 149 213 272 346 27 275 211 247 98 212 493 159 372 190 251 25 182 396 250 88 350 226 221 455 246 227 152 298 328 222 229 469 402 362 207 217 142 371 326 302 216 321 213 148 333 155 361 334 340 89 341 367 244 314 115 348 122 271 340 191 129 20 293 104 100 320 386 205 275 135 126 258 411 160 264 283 111 145 43 411 355 280 347 383 60 418 257 53 273 281 42 88 182 357 329 76 266 239 172 301 212 238 270 465 247 209 355 236 104 453 84 508 135 411 232 338 15 198 350 201 330 424 347 316 368 324 311 293 108 394 254 340 245 213 404 246 48 387 396 353 181 217 238 397 282 320 366 155 330 165 183 184 133 367 44 309 452 132 265 147 101 176 429 404 321 291
