NAME : domp280p70v2
COMMENT : (Deleplanque et al.) 
TYPE : DOMP
DIMENSION : 280
DISPLAY_DATA_TYPE: NO_DISPLAY
OPEN_FACILITIES : 70
COST_SECTION
 1 451 232 295 209 127 272 35 423 408 406 170 376 99 262 171 280 477 113 416 427 198 315 200 328 315 342 201 328 259 93 78 357 365 305 37 213 284 45 341 117 146 369 160 103 113 391 335 281 393 151 388 204 147 332 117 350 323 336 247 63 373 353 108 339 364 336 281 204 303 166 378 93 37 381 404 332 130 202 301 320 290 360 257 208 249 141 323 140 212 366 354 382 69 286 366 319 228 299 33 341 351 288 231 313 433 306 303 272 232 367 138 86 184 432 167 62 431 139 520 334 315 273 237 275 414 302 218 402 361 404 396 129 258 146 229 336 329 426 111 297 191 233 414 372 72 354 387 334 290 182 403 258 397 451 241 231 299 84 344 266 380 380 262 271 339 268 306 104 465 412 283 405 103 134 62 319 279 202 106 94 78 182 94 313 475 178 308 340 317 298 3 283 261 324 347 36 147 344 271 328 365 443 391 330 117 342 381 92 274 367 308 333 363 209 269 58 314 76 174 153 122 429 338 363 145 244 299 128 149 275 78 310 57 351 163 334 268 281 467 404 342 284 147 153 456 379 164 401 236 234 156 456 176 196 311 290 185 215 153 201 321 313 318 404 413 278 360 180 407 434 262 68 79 207 271 30 383 122 106
 451 1 280 285 293 369 205 464 55 55 52 282 125 401 216 307 186 39 342 154 131 255 172 257 124 187 132 272 163 199 394 377 236 147 337 433 239 201 476 259 340 392 248 301 372 342 78 174 186 60 359 269 250 324 170 370 261 322 142 333 436 132 257 345 182 275 310 180 343 347 350 328 365 433 248 49 122 392 270 317 224 318 137 196 262 215 347 129 313 284 207 121 159 458 354 198 251 242 218 424 211 195 285 230 242 65 211 173 244 235 86 380 372 283 96 327 444 126 349 70 257 239 306 216 289 163 273 303 113 301 84 75 326 200 310 231 316 215 66 350 257 279 226 70 271 393 251 222 206 277 290 65 235 169 48 252 225 307 385 279 193 289 153 191 295 120 186 153 363 41 49 174 102 427 336 391 284 280 319 404 438 376 293 359 219 50 277 148 356 194 174 450 248 292 322 121 467 306 137 242 128 138 24 149 278 375 111 105 388 222 91 283 246 182 278 244 445 214 459 312 361 366 61 209 230 314 339 158 407 386 269 426 175 464 104 333 289 266 300 40 73 312 168 403 313 31 106 330 52 218 357 301 39 377 289 305 349 325 239 357 261 329 142 134 100 88 291 341 293 128 24 251 414 378 257 276 435 261 337 412
 232 280 1 72 227 111 204 228 276 257 229 129 170 146 67 64 190 315 166 195 211 132 110 85 182 100 227 187 121 164 146 185 322 152 110 234 130 217 237 112 125 120 139 88 130 168 205 257 192 231 92 160 136 191 250 119 121 115 230 67 189 268 332 142 268 138 352 111 65 351 246 166 144 234 151 233 167 126 53 94 91 85 154 123 55 82 217 175 133 220 311 234 296 207 108 138 89 58 253 199 113 289 296 82 82 239 82 213 44 179 212 252 189 177 226 67 197 216 219 347 316 287 63 119 54 191 299 247 194 141 208 256 121 102 108 81 124 100 232 183 283 183 162 221 145 161 329 157 107 292 62 218 46 174 261 218 98 87 211 339 104 156 290 127 54 207 125 187 197 277 232 172 201 165 192 189 322 53 248 145 179 163 59 168 269 285 97 141 383 253 108 230 53 42 351 160 231 138 146 244 194 264 263 298 327 121 181 183 222 227 222 84 307 292 32 243 199 266 205 210 244 114 236 286 132 101 301 180 139 114 45 175 107 218 207 71 112 38 302 309 214 128 147 130 87 272 257 221 236 146 84 156 300 100 205 329 107 237 142 90 166 352 182 165 281 213 292 156 188 193 258 35 171 190 69 44 206 154 174 151
 295 285 72 1 293 170 259 287 295 276 236 199 162 203 107 134 241 323 238 165 187 198 120 152 213 102 265 254 125 218 205 255 374 140 55 301 193 271 294 51 194 165 80 159 193 239 209 303 243 247 146 94 201 262 296 179 58 50 270 63 245 305 387 212 315 70 412 147 98 416 316 95 212 301 92 244 191 176 122 34 63 34 149 173 123 132 289 207 204 287 359 269 336 260 70 103 39 118 308 263 80 337 358 140 44 232 77 261 60 240 234 323 259 245 211 130 252 192 290 346 372 342 29 175 21 158 359 314 181 70 204 280 192 150 179 140 55 73 227 254 342 251 222 219 79 225 383 106 81 353 134 221 84 142 255 280 156 24 281 396 148 86 330 175 26 241 171 229 268 272 237 219 191 215 263 258 381 20 316 199 229 231 130 238 323 278 167 171 446 303 131 293 46 35 413 171 289 209 151 303 229 302 265 336 385 180 206 181 293 284 248 14 362 337 103 302 255 319 257 279 315 174 232 336 81 172 368 223 186 159 32 230 120 273 235 133 41 41 365 320 213 57 190 172 158 270 289 291 249 204 88 227 313 136 273 391 65 306 205 144 232 415 220 196 310 205 355 87 257 174 262 62 231 260 135 30 267 90 245 204
 209 293 227 293 1 212 89 237 250 240 261 101 271 222 197 183 109 307 110 327 325 96 229 142 179 241 164 41 239 106 209 137 149 273 336 178 103 94 249 318 152 249 335 153 192 109 259 138 108 236 224 362 93 66 137 203 326 340 154 285 231 182 146 139 139 346 140 179 257 127 60 386 164 178 345 253 198 237 175 319 275 311 260 141 173 170 71 177 115 10 159 176 182 252 331 304 293 176 95 196 287 146 85 157 281 301 251 121 238 67 212 93 127 51 313 205 237 326 73 354 127 107 289 128 278 329 96 22 292 358 279 223 140 161 139 157 347 278 293 103 90 44 84 283 351 187 147 336 278 85 172 266 214 317 311 43 143 312 126 140 167 366 182 143 279 174 151 144 107 320 268 127 289 249 78 154 116 275 29 230 252 158 177 130 107 331 132 186 162 117 205 209 255 268 134 229 239 105 239 65 168 174 293 193 126 209 200 263 121 76 203 304 125 160 197 63 235 109 257 36 73 204 294 131 319 150 76 140 250 247 262 232 224 249 192 208 330 254 84 295 273 349 150 260 163 308 197 47 245 103 292 82 284 261 23 115 331 35 92 224 63 133 157 179 218 291 77 379 43 305 282 234 212 134 159 265 209 354 97 238
 127 369 111 170 212 1 234 119 353 336 320 121 273 36 158 63 231 400 110 304 319 144 210 117 254 205 285 182 223 203 36 107 344 258 180 139 154 247 127 217 61 39 246 75 29 111 299 297 232 314 26 263 151 152 292 13 226 197 283 121 78 323 348 77 306 239 350 190 79 334 202 252 59 139 258 321 248 28 100 175 201 164 256 181 108 155 169 247 98 209 343 295 343 97 163 249 196 128 276 96 223 323 295 141 191 338 191 256 154 195 290 193 116 164 330 46 86 323 169 438 330 303 147 164 150 301 303 229 298 235 307 329 73 171 78 139 210 211 331 125 292 173 186 319 247 60 347 266 218 293 80 312 147 283 358 224 149 173 136 347 177 254 339 186 145 273 188 243 133 374 324 222 303 59 146 102 325 154 222 36 71 77 77 98 292 383 104 222 371 285 200 125 163 136 344 253 121 109 244 256 260 316 356 348 333 11 261 282 149 247 295 183 324 331 97 254 88 291 96 182 195 10 334 314 241 68 276 236 43 37 152 65 206 107 279 41 208 146 295 392 310 216 210 50 61 366 321 184 320 179 111 131 382 58 190 326 166 206 163 27 168 343 245 240 346 314 287 235 170 299 348 144 63 112 113 147 99 259 123 44
 272 205 204 259 89 234 1 294 163 153 175 115 196 256 153 184 25 221 161 253 248 91 166 128 95 183 77 74 174 42 244 195 119 202 309 247 82 15 307 270 182 268 282 161 223 160 175 66 24 149 237 309 83 130 61 229 278 307 68 270 277 102 129 178 73 299 157 119 253 172 147 345 203 247 290 166 118 261 160 290 224 283 187 87 154 128 148 95 145 80 111 89 113 299 311 243 248 147 50 251 231 91 107 124 235 216 199 34 200 42 125 178 187 90 231 209 285 248 150 267 114 85 263 87 249 257 104 100 213 316 197 136 167 110 157 124 311 224 209 162 86 83 49 199 301 231 126 276 222 100 168 182 176 247 224 48 108 281 195 138 114 318 110 86 251 87 92 59 173 233 182 49 209 284 143 212 125 242 115 261 291 205 173 181 66 244 132 114 196 53 144 272 215 241 160 152 296 134 167 51 82 94 206 120 127 235 117 184 194 28 116 266 104 98 181 51 284 63 303 111 158 227 209 84 264 166 143 57 275 264 229 273 163 300 105 214 289 221 118 209 189 312 79 281 174 221 112 128 158 61 283 119 197 269 87 138 309 122 72 236 73 164 73 99 135 209 108 344 96 229 194 198 256 194 141 233 265 301 151 270
 35 464 228 287 237 119 294 1 439 424 418 186 382 85 266 171 300 492 134 418 431 214 320 209 343 317 360 224 332 276 84 101 384 369 291 71 229 306 14 335 125 128 363 167 100 135 401 357 301 406 141 380 221 172 354 110 343 310 356 234 43 393 382 121 363 356 366 290 192 335 197 365 100 71 375 416 344 114 206 289 318 278 365 270 213 256 170 337 155 239 391 372 405 38 270 365 314 233 324 44 339 376 317 239 309 442 306 323 270 253 381 170 111 206 438 162 38 434 169 534 362 342 263 250 267 415 330 247 407 351 412 413 139 268 155 237 324 327 435 136 325 215 252 423 364 73 382 383 334 319 185 413 260 398 461 266 241 289 114 373 275 370 403 275 262 355 280 323 131 475 423 300 411 80 160 84 348 271 232 90 69 91 184 113 338 485 189 319 372 341 305 33 280 253 355 356 4 163 351 297 344 386 455 413 359 109 355 388 123 297 382 300 360 387 209 294 34 339 46 202 184 116 438 363 359 152 276 315 109 133 269 59 315 24 366 158 324 264 311 482 413 330 298 127 157 467 398 193 414 253 219 176 471 159 221 342 275 214 232 144 222 352 329 331 423 421 307 346 204 411 446 260 58 104 213 265 30 376 145 87
 423 55 276 295 250 353 163 439 1 20 69 255 146 383 210 293 147 59 311 189 169 227 176 238 100 194 87 234 171 166 375 347 182 167 349 402 212 157 452 278 317 380 271 282 353 312 96 123 147 49 347 295 220 288 120 353 281 337 96 336 414 79 203 320 130 298 257 168 339 295 309 351 341 402 274 57 111 378 257 328 237 327 153 174 249 202 309 107 286 242 153 75 105 437 362 221 265 231 168 398 228 142 234 214 254 106 219 130 246 198 66 340 341 247 136 315 423 165 311 106 204 187 313 192 296 198 221 258 143 323 112 28 303 184 287 215 333 229 103 317 206 242 192 102 295 370 197 250 222 226 275 88 232 199 97 208 205 318 352 225 179 314 99 169 301 85 166 118 329 95 73 141 132 410 301 362 231 287 275 387 420 350 278 331 168 104 255 136 302 144 171 422 254 296 269 125 442 278 145 195 97 86 71 95 225 358 96 125 353 177 59 295 192 128 269 196 423 163 439 273 320 350 99 156 253 293 290 125 393 374 274 407 177 441 75 321 306 270 249 47 99 330 144 392 294 83 55 290 49 188 357 269 35 369 249 252 358 283 209 345 226 276 112 115 46 121 241 361 255 161 61 251 393 347 241 281 410 287 305 395
 408 55 257 276 240 336 153 424 20 1 54 239 129 366 191 275 135 70 297 174 156 212 157 221 83 175 78 222 152 152 358 332 185 149 330 388 196 148 436 259 301 362 254 265 336 297 79 120 135 30 329 278 205 276 116 336 263 318 88 317 398 79 206 304 129 280 258 150 320 294 299 333 325 388 257 41 92 360 239 309 218 308 135 157 231 184 298 90 270 232 157 67 110 420 343 203 246 212 164 382 209 142 231 196 235 95 200 120 227 186 47 329 327 235 123 297 406 152 300 116 204 185 294 176 277 182 219 250 127 304 97 21 287 166 271 197 315 211 91 304 203 230 179 88 277 354 200 233 203 223 257 73 213 183 90 199 188 299 339 227 161 296 103 152 282 71 148 104 316 91 59 127 117 393 288 348 231 267 266 370 403 334 260 316 165 101 238 118 303 140 152 408 234 277 269 106 427 263 127 188 82 85 65 100 225 341 77 107 340 169 43 276 193 130 250 190 406 160 422 262 310 332 88 156 235 277 285 111 375 356 255 390 158 425 58 303 288 251 246 60 84 312 128 374 277 79 53 279 31 173 338 255 48 351 238 251 339 274 194 327 213 275 96 97 52 107 237 343 243 146 53 232 376 333 223 262 395 270 291 378
 406 52 229 236 261 320 175 418 69 54 1 238 80 353 166 258 153 88 299 121 102 212 121 210 84 137 110 235 113 161 346 333 231 101 289 390 196 174 430 213 294 342 205 253 324 299 29 159 154 32 309 228 207 285 154 321 216 275 121 283 388 126 251 300 170 232 300 131 293 332 317 285 319 390 207 14 75 342 221 268 176 269 89 150 213 166 310 88 268 252 204 102 159 410 305 155 203 193 198 378 164 187 267 181 194 45 161 146 193 199 51 344 329 245 71 278 396 99 312 120 247 225 257 171 240 129 257 274 74 257 44 71 280 152 263 183 270 167 40 308 240 242 188 35 228 346 245 182 159 259 241 20 184 130 51 222 177 259 344 271 145 247 152 146 245 90 140 118 322 61 8 136 64 378 296 347 271 230 288 355 389 330 243 316 203 72 230 100 345 177 123 405 198 242 310 70 421 262 87 218 94 130 38 151 267 326 66 58 348 196 64 235 235 177 228 219 397 198 411 277 326 317 38 198 187 267 315 122 357 335 219 378 124 416 71 283 243 216 281 84 31 266 125 353 265 51 99 294 25 177 306 259 78 326 254 291 300 293 198 307 222 316 105 90 105 53 272 296 255 92 30 200 367 335 208 226 389 220 295 363
 170 282 129 199 101 121 115 186 255 239 238 1 219 141 117 83 116 308 62 267 273 29 163 50 159 169 176 65 175 91 130 96 224 213 237 153 44 129 199 230 68 157 252 54 109 62 226 180 118 223 128 276 36 66 175 115 239 244 172 186 164 211 229 66 187 258 236 119 157 228 119 293 90 153 263 235 165 148 78 222 193 213 204 90 78 94 94 154 32 96 223 187 226 187 231 230 205 87 156 144 209 204 179 76 194 269 170 141 149 76 198 130 92 51 271 106 172 275 95 351 211 184 191 69 182 268 186 121 243 267 241 228 53 96 44 75 252 198 261 73 174 58 69 249 264 118 227 259 200 177 72 237 127 252 285 105 69 215 109 229 104 278 223 94 182 170 101 138 88 298 244 115 245 169 70 110 208 180 120 147 177 96 77 78 172 308 33 142 262 166 142 169 166 171 232 184 189 25 186 136 159 203 275 233 216 121 174 219 115 127 198 210 204 212 99 134 172 171 190 82 119 114 263 195 238 54 174 130 162 154 169 160 158 189 182 109 237 160 182 298 239 255 115 169 65 288 213 93 232 68 192 30 287 164 79 212 232 109 48 128 48 232 144 150 238 251 173 284 60 252 265 142 143 97 66 170 157 269 60 156
 376 125 170 162 271 273 196 382 146 129 80 219 1 308 117 213 172 163 279 59 56 198 63 178 106 71 155 237 51 166 303 310 282 23 213 367 183 201 392 135 260 288 126 217 283 279 52 205 173 100 258 150 195 277 199 277 137 198 165 215 347 185 300 271 218 153 343 101 231 366 319 206 285 367 128 91 79 292 177 193 100 195 17 135 170 129 304 103 244 262 258 152 220 367 231 76 127 150 233 345 86 238 300 148 119 72 92 177 129 205 100 341 308 241 58 228 355 58 306 185 292 265 185 154 169 64 293 288 27 178 43 140 249 124 232 149 192 91 66 291 275 241 188 58 150 310 295 105 82 293 198 62 128 58 95 238 151 183 327 317 116 168 213 132 175 129 124 140 306 112 79 149 32 330 285 321 312 159 299 308 343 300 199 291 242 118 201 86 386 217 79 375 129 174 349 45 384 241 34 245 124 186 104 215 310 281 86 23 333 222 118 159 280 232 177 245 357 238 367 277 325 272 71 245 108 232 337 140 306 282 149 335 68 376 113 234 165 148 312 162 53 188 122 299 226 109 161 294 99 172 239 245 157 268 258 328 226 298 189 256 219 354 126 98 175 45 302 218 253 35 103 137 327 312 170 157 355 142 278 315
 99 401 146 203 222 36 256 85 383 366 353 141 308 1 193 97 255 432 115 339 354 167 245 147 284 240 312 197 258 229 15 100 362 293 208 118 179 269 92 251 75 48 280 103 34 116 333 320 257 345 57 296 174 159 315 32 259 226 309 150 44 349 364 84 328 272 361 223 108 340 203 281 60 118 292 353 280 32 133 205 236 194 291 211 141 188 171 278 114 222 363 322 367 61 188 284 231 162 295 70 258 344 307 173 226 372 227 281 189 216 321 188 111 179 364 82 51 358 170 471 345 320 179 193 183 336 317 238 333 266 342 358 89 203 100 171 240 246 365 126 307 188 209 353 280 43 363 300 253 306 113 345 182 319 392 240 179 204 127 361 209 286 363 216 178 302 219 271 131 408 357 249 338 29 150 90 337 188 228 10 38 70 111 97 311 417 131 254 377 307 234 97 198 169 353 287 88 125 279 272 289 342 389 373 347 28 293 316 141 266 325 215 340 353 132 270 54 310 60 190 194 36 368 334 276 92 281 264 34 51 186 29 241 72 309 77 240 181 305 424 344 246 240 52 90 400 349 189 352 204 136 145 413 78 202 336 193 211 186 59 187 352 274 271 374 349 298 263 182 335 381 179 32 105 145 181 70 292 128 16
 262 216 67 107 197 158 153 266 210 191 166 117 117 193 1 97 135 250 171 156 166 105 54 69 116 55 163 158 67 112 188 200 268 104 159 255 95 165 277 122 146 177 139 103 168 172 143 198 137 165 145 166 106 181 191 162 131 156 167 130 231 204 281 158 210 151 307 45 130 315 231 194 170 255 150 169 100 179 62 139 79 134 100 67 55 28 209 109 136 189 254 169 234 252 164 114 98 35 202 231 94 232 254 42 85 181 55 155 48 138 145 246 200 154 173 114 240 170 211 284 266 236 114 72 99 155 254 217 142 165 150 190 136 44 119 43 159 83 174 186 237 157 119 162 155 194 277 144 85 249 83 156 26 139 201 178 55 129 220 290 42 171 228 69 102 142 65 125 201 217 169 113 147 216 186 209 276 91 222 193 228 186 84 181 216 226 91 75 343 197 43 260 63 94 309 97 269 135 87 199 129 200 201 235 279 166 115 125 228 178 156 114 256 232 64 198 241 213 252 190 234 157 177 230 124 118 271 119 193 171 78 220 50 260 141 120 138 70 262 244 153 160 85 189 111 211 192 205 170 100 150 145 235 162 179 287 162 216 106 143 136 311 118 99 215 157 252 192 166 146 194 48 211 203 57 83 240 158 174 201
 171 307 64 134 183 63 184 171 293 275 258 83 213 97 97 1 177 339 106 248 261 98 150 60 193 147 228 146 163 149 91 122 300 199 162 171 103 198 181 175 62 89 202 31 72 107 237 245 179 252 56 223 104 136 239 66 185 173 227 107 135 267 307 79 255 201 317 128 75 309 191 226 81 171 214 259 187 86 38 150 150 140 196 121 46 93 161 187 76 178 295 237 289 156 153 196 152 66 231 139 171 274 261 80 144 276 136 203 102 150 229 193 126 132 269 26 144 264 162 376 289 261 119 107 115 245 267 203 238 203 246 269 59 110 49 78 184 159 269 123 253 140 137 258 208 101 305 218 164 258 19 250 89 228 297 184 90 145 148 309 116 219 285 126 113 214 128 186 136 312 262 166 243 121 135 126 289 116 200 98 133 100 15 105 247 321 55 160 344 236 138 169 114 101 314 191 174 83 183 214 200 261 294 294 296 70 200 221 160 202 235 147 282 280 39 213 145 245 156 160 188 61 273 267 194 40 254 178 102 84 109 123 146 164 219 31 174 101 264 331 248 188 151 102 25 305 263 168 259 126 110 105 321 86 161 293 154 187 114 55 128 314 186 179 288 253 255 213 141 241 286 92 116 127 52 107 146 217 115 106
 280 186 190 241 109 231 25 300 147 135 153 116 172 255 135 177 1 204 168 229 224 89 144 119 72 161 63 88 151 29 244 203 134 178 292 257 77 32 312 250 183 264 260 157 223 168 152 69 3 128 231 288 82 142 63 227 257 290 57 256 280 95 147 181 80 278 178 98 242 196 166 325 205 257 268 145 94 257 150 272 203 267 163 69 143 111 163 72 147 100 122 75 113 302 296 220 227 133 69 257 209 100 130 110 215 193 178 26 182 52 104 195 196 101 208 202 288 224 165 250 133 104 247 74 232 233 126 122 190 296 173 120 168 92 156 111 293 203 186 172 108 96 49 176 280 234 143 254 200 123 160 159 158 223 203 70 95 263 206 158 94 297 109 67 235 67 72 36 184 212 160 25 185 283 155 219 146 225 136 260 291 210 165 188 83 223 127 91 218 64 122 280 197 225 182 128 302 138 143 74 60 88 185 119 148 233 93 160 207 51 96 248 123 104 169 75 287 79 306 128 176 225 186 97 242 164 167 33 272 259 211 275 141 305 84 207 270 204 142 193 166 293 56 276 170 200 100 145 138 53 271 125 181 262 104 161 294 141 70 230 81 187 50 75 124 186 132 325 109 205 174 181 258 203 130 216 270 279 160 269
 477 39 315 323 307 400 221 492 59 70 88 308 163 432 250 339 204 1 366 191 167 281 208 287 150 224 145 291 200 221 424 401 232 185 375 457 265 215 504 297 369 425 286 331 402 366 115 180 204 88 392 306 274 345 177 401 299 360 154 370 465 134 253 372 185 313 308 212 378 349 366 366 393 457 286 83 153 424 302 354 261 355 175 224 294 247 366 156 339 299 203 133 155 487 391 236 289 275 225 451 249 194 290 261 280 101 248 187 280 255 112 397 396 304 132 360 473 162 369 48 256 242 344 243 327 200 276 316 150 339 122 86 354 230 338 262 354 253 103 373 262 299 248 108 309 421 247 260 244 282 321 103 270 206 82 266 254 345 408 276 224 326 150 219 332 140 214 174 385 69 86 196 139 458 357 417 284 317 333 435 469 403 324 385 224 74 305 180 353 201 208 476 285 329 321 157 495 331 173 252 151 142 61 143 277 406 140 143 409 234 112 321 245 180 311 254 474 219 489 330 378 397 98 210 268 344 347 180 439 419 306 456 211 492 127 366 327 303 305 14 111 350 195 437 343 64 112 347 81 242 393 324 25 411 306 306 386 341 263 390 282 328 165 163 98 126 297 379 312 166 61 287 443 402 288 313 463 299 360 443
 113 342 166 238 110 110 161 134 311 297 299 62 279 115 171 106 168 366 1 325 332 88 221 104 219 225 229 91 233 147 101 36 254 271 267 93 104 173 147 275 52 147 300 79 86 2 286 224 169 283 128 323 93 46 221 100 284 277 224 209 122 261 254 34 230 302 248 179 172 227 93 330 56 93 311 295 225 133 120 255 243 245 263 150 123 152 60 214 37 110 259 241 272 144 255 284 251 139 192 92 261 243 194 133 241 329 223 191 196 120 257 89 31 73 332 119 129 335 61 410 235 212 224 130 219 325 205 125 303 307 302 285 48 156 60 132 288 249 322 18 197 82 121 310 309 78 254 311 253 194 105 298 176 309 345 134 129 250 50 249 164 321 269 155 217 227 162 194 32 358 305 172 305 140 37 52 225 219 115 123 143 49 109 22 206 369 81 203 264 207 201 113 211 205 240 245 137 39 246 165 217 253 335 280 235 105 234 279 58 164 256 250 231 254 137 163 128 207 149 77 87 101 324 231 288 67 168 187 144 146 210 123 216 143 240 120 277 202 191 356 300 292 175 157 81 349 267 76 291 125 208 44 344 165 92 223 257 98 104 128 89 238 202 210 291 312 186 318 73 311 325 188 103 37 116 209 105 316 14 130
 416 154 195 165 327 304 253 418 189 174 121 267 59 339 156 248 229 191 325 1 26 249 106 223 163 103 211 292 93 222 337 355 338 56 208 410 235 258 428 124 301 313 103 258 319 326 98 262 231 148 286 119 247 328 255 310 122 188 221 225 381 239 357 314 274 131 400 152 251 423 373 181 325 410 100 134 137 320 215 190 109 195 68 189 209 175 356 161 290 318 314 207 273 400 229 63 127 190 291 385 87 294 358 193 124 91 114 234 152 261 153 393 354 294 61 259 389 32 358 200 349 323 192 206 177 10 351 344 49 157 78 189 291 174 274 194 178 98 90 339 333 295 244 89 125 347 351 74 90 350 236 103 159 24 111 295 200 182 374 374 166 141 266 186 184 185 178 198 354 126 117 206 58 359 336 364 369 169 355 339 372 341 236 336 300 128 246 142 443 274 127 415 145 186 407 102 421 288 89 303 181 241 131 267 368 313 143 75 381 279 171 157 337 287 210 303 391 295 398 331 378 305 95 302 90 273 394 198 332 307 163 367 111 410 168 264 153 165 370 193 91 173 179 323 264 129 213 347 144 227 250 295 191 289 313 386 223 353 242 284 273 412 184 155 224 69 360 197 306 30 135 161 362 358 212 170 393 112 326 345
 427 131 211 187 325 319 248 431 169 156 102 273 56 354 166 261 224 167 332 26 1 253 114 231 155 115 200 292 101 220 351 363 326 63 231 419 238 252 441 147 311 330 128 268 332 333 83 251 226 131 302 144 250 332 244 324 146 212 210 246 394 224 345 323 263 156 391 155 269 416 374 206 336 419 125 116 131 336 226 213 128 217 70 190 220 182 359 154 297 317 300 195 258 414 252 86 149 200 283 396 108 282 350 200 145 68 130 227 168 260 140 396 362 296 37 273 403 7 361 175 339 313 213 209 198 35 343 342 36 182 61 171 301 178 283 202 203 118 68 345 325 296 243 69 150 359 340 99 109 343 247 84 173 47 87 291 205 205 381 363 170 166 251 187 204 175 179 191 360 102 98 202 42 375 340 374 360 189 353 354 388 351 248 344 291 103 253 140 434 265 132 426 164 206 398 98 434 295 89 297 172 227 108 251 358 327 134 65 387 273 157 180 327 273 223 297 404 286 413 332 380 319 73 291 114 283 390 192 349 324 182 382 119 424 157 279 178 183 363 170 73 197 177 340 276 105 198 349 126 227 270 299 168 307 313 378 247 353 244 299 274 404 177 150 206 50 353 222 308 22 113 177 375 366 222 190 405 138 332 360
 198 255 132 198 96 144 91 214 227 212 212 29 198 167 105 98 89 281 88 249 253 1 145 48 132 154 148 56 157 64 156 122 204 194 241 179 17 104 226 224 95 179 243 72 134 88 201 154 91 196 148 269 8 80 149 140 233 245 145 194 192 184 210 94 163 253 223 98 170 220 127 291 117 179 254 209 139 171 81 224 183 216 184 65 78 79 108 127 60 89 200 159 201 214 238 217 199 81 135 172 197 180 167 64 187 244 159 115 144 54 170 145 118 50 248 122 200 255 110 324 193 165 194 45 183 250 171 117 222 264 217 200 80 76 68 63 252 187 236 97 157 54 43 225 257 146 208 247 188 163 83 212 120 235 259 89 52 217 133 213 84 272 197 69 184 143 77 110 111 272 219 87 222 195 88 137 194 180 120 172 203 124 88 105 151 283 44 118 252 142 123 197 161 173 221 161 217 52 165 118 131 176 249 207 200 146 147 196 138 106 170 208 185 188 104 116 199 149 217 86 131 138 238 172 228 77 171 103 186 175 167 186 140 217 155 126 235 159 171 270 215 254 89 191 85 262 186 101 205 40 203 48 259 182 76 199 238 112 20 147 35 222 116 123 211 228 162 284 62 232 239 139 170 123 65 170 185 262 84 181
 315 172 110 120 229 210 166 320 176 157 121 163 63 245 54 150 144 208 221 106 114 145 1 118 98 20 151 191 14 129 241 251 270 52 175 307 132 175 330 112 199 227 118 155 221 221 96 195 146 128 196 145 144 224 188 215 118 164 158 163 284 189 286 210 208 138 321 51 173 336 271 189 223 307 126 127 73 230 115 153 66 152 47 89 108 70 252 92 185 220 251 153 222 305 187 78 94 88 211 284 67 230 272 88 82 130 44 157 73 164 115 289 250 192 120 166 293 117 254 238 275 246 138 104 121 106 269 247 89 159 99 161 188 71 171 90 163 62 123 234 251 193 146 112 139 248 282 111 58 266 136 109 66 91 151 201 95 143 269 299 63 157 216 87 126 125 79 121 249 168 124 120 94 268 231 261 289 111 256 246 280 239 137 232 224 176 141 58 361 201 24 313 79 122 325 53 322 183 37 216 115 188 154 220 291 218 87 74 276 193 129 122 263 227 115 215 294 220 305 229 275 210 127 233 99 171 299 118 244 221 99 273 6 314 117 172 137 96 283 204 104 161 89 238 164 162 171 245 132 127 186 190 196 209 213 303 183 252 140 194 171 329 109 82 191 105 272 193 204 93 150 80 265 253 109 107 293 137 222 253
 200 257 85 152 142 117 128 209 238 221 210 50 178 147 69 60 119 287 104 223 231 48 118 1 139 122 169 103 131 91 138 133 245 169 194 190 48 141 221 181 85 147 203 45 116 105 193 187 121 200 114 227 52 115 181 116 190 199 169 147 179 209 253 94 197 210 269 82 126 267 167 246 110 190 214 209 136 143 35 178 144 169 162 65 31 50 143 132 68 136 238 179 231 202 191 182 156 38 175 170 160 217 213 31 145 234 122 144 100 97 176 179 133 94 233 84 188 233 144 327 236 207 148 49 137 222 217 163 203 219 205 213 73 59 55 30 206 149 227 118 202 100 81 215 215 137 250 210 152 209 42 205 78 206 253 134 34 170 152 257 67 229 227 70 137 157 73 128 133 267 215 108 206 173 119 144 239 133 165 150 184 124 47 115 191 277 24 111 299 179 100 199 117 126 267 148 212 67 146 162 144 202 247 235 245 121 148 181 160 147 180 163 228 222 57 161 188 189 203 129 168 113 230 211 190 58 217 120 158 142 122 171 113 207 164 90 190 113 218 278 205 208 95 160 58 258 205 142 207 68 158 79 268 144 122 246 191 155 60 113 82 268 129 125 230 214 208 238 106 210 238 94 158 136 18 123 181 220 106 159
 328 124 182 213 179 254 95 343 100 83 84 159 106 284 116 193 72 150 219 163 155 132 98 139 1 117 55 152 99 78 276 254 179 117 268 310 116 98 355 209 219 281 212 183 254 219 81 102 73 65 248 239 126 202 95 254 214 260 63 245 316 93 196 223 115 234 238 72 243 262 234 285 244 310 218 78 29 279 158 247 163 243 101 75 150 104 227 8 190 170 157 57 126 338 277 166 190 133 129 302 162 136 196 115 178 123 140 72 158 116 39 261 249 162 137 216 324 154 229 193 187 161 226 94 210 169 189 193 121 255 103 77 205 85 189 116 259 158 115 227 171 159 105 105 234 272 191 199 153 189 175 88 140 161 133 141 106 237 263 212 81 252 119 70 214 29 66 37 240 144 91 53 115 311 213 268 207 201 207 288 321 253 179 236 138 155 156 44 281 112 83 328 169 207 245 63 345 183 82 143 19 91 119 124 206 259 22 91 265 119 43 217 175 132 171 143 325 133 340 193 243 250 116 141 193 195 238 40 294 275 188 308 97 343 27 222 233 182 209 141 95 257 46 293 195 133 77 211 74 95 265 178 130 271 171 224 274 210 116 246 139 250 23 18 100 115 199 290 172 137 108 161 294 254 142 194 314 230 214 296
 315 187 100 102 241 205 183 317 194 175 137 169 71 240 55 147 161 224 225 103 115 154 20 122 117 1 170 203 25 144 237 253 289 54 156 309 142 192 327 93 199 219 100 156 218 226 110 214 163 146 189 128 154 232 207 210 99 145 177 148 281 209 304 212 227 119 338 65 162 352 280 170 223 309 108 144 92 223 113 135 47 134 55 102 107 76 260 111 189 233 270 173 242 301 170 64 74 88 229 283 49 249 288 94 63 140 26 176 59 178 133 297 254 202 127 160 289 119 262 251 292 263 121 115 104 101 286 260 95 140 110 179 190 82 172 95 144 43 134 239 268 204 159 124 120 246 300 96 40 282 134 123 59 85 163 216 103 125 274 317 75 138 235 101 110 145 94 140 254 180 139 137 102 262 238 263 306 95 268 240 275 240 134 235 242 187 145 76 377 219 40 313 62 107 342 70 320 188 51 232 134 207 168 240 308 213 106 85 282 209 148 103 281 246 110 231 291 237 300 239 284 205 138 251 82 171 313 136 237 212 83 268 22 310 136 165 118 80 298 220 117 142 106 229 163 175 190 255 149 140 171 197 212 199 225 320 165 264 152 187 182 345 128 101 210 114 288 174 214 95 164 68 261 257 111 91 292 119 227 247
 342 132 227 265 164 285 77 360 87 78 110 176 155 312 163 228 63 145 229 211 200 148 151 169 55 170 1 148 153 85 302 265 128 169 319 318 134 71 373 262 242 316 266 211 280 229 119 52 62 80 283 293 141 203 46 283 268 312 12 292 339 42 147 241 64 288 193 120 286 223 222 339 265 318 272 99 82 311 195 298 216 294 152 108 188 146 223 60 207 155 104 13 73 361 327 219 243 173 89 318 216 84 158 152 231 154 193 43 208 113 62 254 258 163 175 252 347 198 225 192 140 116 276 122 260 217 148 173 166 309 142 61 227 126 213 153 312 212 148 234 131 157 110 140 288 293 141 252 207 150 210 122 188 211 157 122 139 288 268 165 124 306 66 104 264 28 104 43 245 163 117 63 158 339 216 281 163 252 189 316 348 271 214 249 94 174 182 96 237 68 135 341 220 256 202 115 363 198 135 112 37 38 136 72 160 288 71 138 268 92 47 269 128 78 212 113 347 89 364 187 234 280 147 92 246 220 209 50 326 310 238 333 150 364 44 257 287 232 173 133 131 311 81 328 224 151 39 204 89 109 310 187 121 310 163 182 324 197 129 281 142 207 46 70 63 154 163 343 170 183 124 210 317 264 177 244 331 284 222 325
 201 272 187 254 41 182 74 224 234 222 235 65 237 197 158 146 88 291 91 292 292 56 191 103 152 203 148 1 202 76 184 124 166 237 296 174 63 84 237 278 124 219 296 118 165 91 230 135 88 213 191 322 53 57 132 175 287 300 141 247 212 175 168 115 140 307 172 142 220 166 83 346 140 174 306 229 168 208 136 280 236 271 225 104 133 131 77 149 85 34 169 160 182 234 292 266 253 136 101 182 249 153 116 117 241 273 211 107 199 37 188 110 116 19 282 169 219 293 79 337 149 124 249 89 239 294 123 61 259 318 249 207 110 122 106 117 307 239 265 91 112 11 50 254 311 166 167 298 239 113 134 239 174 281 285 44 103 272 122 167 130 327 180 107 239 153 115 120 100 295 242 100 257 224 70 141 145 235 66 204 230 139 140 113 116 306 94 153 199 117 168 201 215 228 168 196 227 74 204 76 144 166 270 191 153 181 172 231 121 74 182 264 144 163 158 74 218 117 238 42 91 174 266 140 280 117 116 115 222 216 223 211 187 233 169 173 290 214 118 279 244 309 117 230 129 284 185 60 223 66 255 53 268 227 23 148 292 62 53 191 23 169 132 149 208 261 110 340 23 271 258 194 192 123 120 225 196 315 81 212
 328 163 121 125 239 223 174 332 171 152 113 175 51 258 67 163 151 200 233 93 101 157 14 131 99 25 153 202 1 137 253 264 274 39 179 320 143 181 343 111 212 239 114 168 234 234 87 199 152 123 208 141 155 236 191 227 117 167 161 171 297 190 291 223 211 136 327 61 184 344 282 188 236 320 121 120 73 242 128 158 67 157 34 99 121 83 264 94 198 230 254 154 223 318 193 70 96 101 217 297 64 233 280 101 84 118 49 162 82 174 111 301 263 203 108 178 306 104 266 228 280 251 145 115 127 94 276 257 76 158 88 157 201 82 184 102 165 61 112 247 257 204 155 101 136 260 286 104 56 273 149 99 78 80 141 210 107 148 282 305 74 154 217 97 133 126 89 125 262 157 115 126 82 280 243 274 296 118 266 258 293 252 150 245 229 165 154 62 368 205 35 326 86 130 332 47 335 196 28 223 117 188 145 221 296 231 86 63 289 200 127 125 268 230 127 223 307 225 317 240 287 223 116 237 95 184 309 123 256 232 107 285 19 326 116 184 138 104 290 196 94 162 96 250 177 152 170 256 125 137 194 202 189 220 224 310 189 263 151 206 182 336 113 84 189 93 280 194 215 80 141 90 277 266 122 114 306 133 234 266
 259 199 164 218 106 203 42 276 166 152 161 91 166 229 112 149 29 221 147 222 220 64 129 91 78 144 85 76 137 1 218 182 159 169 268 237 50 55 289 230 158 236 243 129 196 147 155 97 31 140 204 270 57 126 91 200 238 266 82 230 254 122 171 157 107 259 197 80 215 208 158 304 180 237 252 155 93 230 122 248 184 242 155 46 115 86 150 74 123 97 149 97 141 277 270 206 207 107 91 234 192 128 145 83 194 198 159 54 159 41 114 185 176 86 208 174 262 221 152 266 156 126 221 46 207 226 144 123 186 275 175 139 142 69 129 84 270 185 190 153 126 82 28 179 261 209 167 239 183 139 132 164 134 214 210 74 67 239 188 179 73 278 137 45 210 82 52 49 165 221 167 26 184 256 138 198 165 201 134 233 265 186 137 166 107 232 100 82 235 90 106 258 174 200 199 123 279 114 135 89 72 115 195 146 168 206 97 158 190 68 111 225 146 132 142 88 262 104 280 117 166 198 191 123 225 137 173 42 245 231 187 249 125 280 96 179 248 179 155 210 169 270 45 248 143 210 123 135 149 25 244 104 199 234 96 177 268 135 45 202 63 203 58 75 148 186 145 303 96 200 184 157 233 182 103 192 247 262 140 242
 93 394 146 205 209 36 244 84 375 358 346 130 303 15 188 91 244 424 101 337 351 156 241 138 276 237 302 184 253 218 1 87 349 289 214 108 169 258 92 252 63 58 281 94 23 102 326 308 246 337 60 298 163 146 304 28 261 231 299 155 45 338 351 71 316 274 348 216 113 327 190 286 46 108 293 346 273 41 128 209 235 198 287 202 135 181 157 269 101 208 350 312 355 66 195 283 231 156 283 62 257 332 293 165 226 366 224 270 188 204 313 175 97 166 360 80 53 354 157 463 332 308 182 184 185 334 303 225 329 270 336 349 78 195 90 164 245 245 359 113 294 175 197 347 282 31 350 301 251 293 107 339 179 316 386 228 171 208 115 347 202 289 352 207 181 292 211 261 117 401 350 239 333 41 136 77 324 189 215 23 48 57 105 84 298 411 121 247 364 295 228 91 198 171 340 281 86 112 274 260 280 331 382 362 334 26 285 311 128 254 317 218 327 341 128 258 55 298 66 176 180 33 362 322 276 82 267 254 47 60 187 34 236 74 301 75 243 181 291 415 338 250 231 63 82 393 339 175 344 194 143 132 405 86 189 322 199 197 175 62 174 338 265 262 364 343 285 268 169 331 374 178 27 92 138 182 64 294 114 30
 78 377 185 255 137 107 195 101 347 332 333 96 310 100 200 122 203 401 36 355 363 122 251 133 254 253 265 124 264 182 87 1 284 302 278 58 138 207 114 296 61 141 322 101 79 36 320 258 204 318 129 343 128 72 255 95 305 291 259 219 96 296 282 44 263 322 271 212 179 245 106 345 49 58 334 330 259 125 144 269 267 258 294 184 149 182 75 249 67 139 291 277 305 116 264 310 272 166 224 60 286 276 220 164 263 363 249 226 219 154 292 90 12 107 364 129 102 366 74 445 263 242 238 164 235 354 232 149 335 324 335 320 66 188 82 162 303 274 355 35 226 115 156 344 329 58 283 335 279 220 126 331 201 337 379 166 161 265 30 275 196 340 304 189 233 263 195 229 33 393 339 207 337 122 60 18 251 236 136 109 122 31 128 20 238 403 110 237 282 241 232 78 233 221 262 278 104 72 277 196 252 288 370 314 261 99 268 312 44 197 291 268 261 287 157 194 100 239 122 102 96 98 358 262 312 86 185 222 132 141 229 101 246 112 276 128 295 222 215 391 333 307 210 148 99 383 302 96 326 161 214 79 380 163 121 246 266 118 139 130 124 259 237 245 326 344 210 331 104 342 360 210 80 7 143 227 73 338 45 114
 357 236 322 374 149 344 119 384 182 185 231 224 282 362 268 300 134 232 254 338 326 204 270 245 179 289 128 166 274 159 349 284 1 294 425 325 198 105 397 380 288 381 387 275 329 253 244 77 132 200 351 414 197 213 84 338 387 422 118 387 376 107 22 279 65 407 77 229 370 122 198 456 305 325 394 218 206 371 278 405 333 400 278 202 272 243 218 183 249 146 30 132 78 397 428 343 359 265 70 343 336 45 79 241 346 275 308 115 315 151 187 232 274 184 299 325 382 323 219 277 30 43 379 204 365 344 63 141 292 426 267 165 274 225 267 242 425 331 269 250 61 175 165 263 408 330 16 376 327 73 284 245 291 338 273 122 225 396 274 45 227 426 84 200 367 154 204 150 255 274 237 156 284 389 225 301 59 358 159 368 394 302 289 275 54 285 246 214 122 71 251 357 329 358 91 241 386 238 260 90 160 102 248 90 48 344 197 264 268 99 170 380 26 55 298 92 381 57 402 183 213 337 267 39 368 277 141 154 385 377 344 375 268 395 170 329 401 336 92 219 256 424 186 392 287 263 134 194 207 178 401 218 210 385 164 80 426 175 187 350 177 98 162 191 138 279 89 457 183 310 237 314 356 281 258 349 356 406 242 377
 365 147 152 140 273 258 202 369 167 149 101 213 23 293 104 199 178 185 271 56 63 194 52 169 117 54 169 237 39 169 289 302 294 1 191 358 180 208 379 113 250 271 105 206 270 272 74 218 180 120 242 130 192 273 211 263 116 176 178 194 333 201 312 261 230 132 352 97 213 373 318 185 274 358 109 112 89 276 165 171 79 173 17 134 158 121 301 113 236 264 272 167 236 353 209 55 105 138 242 334 64 251 307 139 97 93 72 186 110 207 117 338 301 239 75 213 341 66 303 207 303 275 164 151 148 58 302 290 43 157 65 159 239 119 222 140 170 69 88 285 284 240 189 79 129 298 307 86 60 300 186 84 112 46 116 242 145 162 320 328 111 147 229 131 154 142 123 149 300 133 101 154 52 315 281 312 321 138 300 293 327 290 186 283 253 139 192 89 394 228 72 364 109 153 358 55 372 234 36 252 135 202 126 231 321 266 99 44 327 228 134 137 291 246 162 252 343 248 352 276 323 258 92 257 87 221 341 148 290 265 129 321 57 362 128 218 143 129 319 184 75 166 126 282 214 130 178 292 120 172 219 240 178 250 259 337 204 298 187 240 218 363 135 106 193 66 309 196 252 43 125 119 314 304 160 137 343 122 272 300
 305 337 110 55 336 180 309 291 349 330 289 237 213 208 159 162 292 375 267 208 231 241 175 194 268 156 319 296 179 268 214 278 425 191 1 318 239 321 296 85 219 164 110 191 207 268 261 356 294 301 156 110 245 297 348 191 88 24 324 60 249 359 437 238 368 87 460 201 103 460 352 75 231 318 118 297 245 178 162 22 115 27 201 224 164 183 322 261 237 329 411 323 390 260 27 147 87 164 358 275 129 389 405 187 96 282 131 313 112 287 288 354 284 286 259 150 255 237 323 397 422 392 48 224 61 200 407 356 231 69 255 334 220 201 210 187 39 123 278 284 390 292 269 270 96 239 434 140 132 400 167 273 135 185 305 326 203 32 306 445 200 92 384 227 59 295 222 282 296 322 290 271 241 214 296 278 429 68 356 203 227 251 163 264 373 327 206 225 492 355 186 303 100 70 459 225 293 243 205 351 283 356 316 390 434 190 260 233 319 333 302 55 412 390 140 350 258 370 255 318 349 187 282 388 119 201 410 276 184 159 82 233 174 274 290 151 56 90 411 373 265 46 243 167 186 320 343 328 303 252 74 263 366 133 314 438 20 345 251 154 275 461 274 251 364 255 401 55 297 221 315 112 239 283 178 77 277 111 276 205
 37 433 234 301 178 139 247 71 402 388 390 153 367 118 255 171 257 457 93 410 419 179 307 190 310 309 318 174 320 237 108 58 325 358 318 1 195 257 82 345 112 164 372 155 112 92 377 308 258 374 163 392 185 118 305 128 354 333 312 258 91 347 320 98 311 370 301 269 216 267 131 388 91 1 384 387 317 148 198 311 320 300 351 242 203 239 108 305 124 182 335 331 354 102 300 364 322 221 270 49 340 322 254 220 314 420 303 279 271 207 348 102 62 158 421 172 92 422 106 501 301 284 282 221 281 409 268 185 392 369 392 375 120 245 137 219 346 327 412 86 265 165 211 401 377 80 321 387 332 257 178 389 255 393 437 212 218 308 53 310 254 387 353 246 278 318 253 285 75 450 396 262 394 128 105 47 285 284 169 126 122 72 180 77 283 460 167 294 304 289 289 39 284 267 289 335 72 130 334 241 308 339 427 364 296 129 325 369 58 245 347 314 301 334 209 239 89 284 109 144 118 132 415 307 364 139 209 278 150 167 278 104 302 91 332 170 341 271 247 447 391 351 267 168 150 440 356 132 383 217 249 134 435 193 166 276 304 151 195 165 177 285 293 301 380 402 244 372 152 398 417 262 88 57 199 275 56 387 98 128
 213 239 130 193 103 154 82 229 212 196 196 44 183 179 95 103 77 265 104 235 238 17 132 48 116 142 134 63 143 50 169 138 198 180 239 195 1 96 241 216 108 188 234 81 147 104 185 144 79 180 156 260 13 95 139 151 224 241 131 194 205 171 206 109 153 245 223 84 173 224 140 285 132 195 244 193 123 181 82 221 174 213 169 50 77 69 122 111 75 95 192 145 190 228 237 205 191 76 129 187 187 172 167 55 179 228 149 103 137 50 155 159 134 61 233 128 214 240 124 308 189 160 192 30 180 236 170 123 207 257 202 185 93 62 80 55 247 177 220 113 155 63 35 209 249 160 204 236 178 163 87 196 112 222 243 89 41 213 149 211 70 265 186 53 181 128 61 95 127 256 202 73 207 207 104 153 193 175 128 184 215 139 92 121 145 267 51 103 255 134 109 213 154 170 222 145 232 68 150 116 116 164 233 195 198 157 131 181 154 100 154 203 181 178 103 114 214 143 231 98 144 148 222 165 218 88 177 88 196 184 162 200 127 231 139 133 228 154 173 255 199 249 73 200 94 246 172 114 189 26 205 64 244 188 84 200 236 122 13 155 42 223 101 107 197 212 163 280 73 217 223 133 184 139 63 165 200 252 100 193
