NAME : domp160p53v3
COMMENT : (Deleplanque et al.) 
TYPE : DOMP
DIMENSION : 160
DISPLAY_DATA_TYPE: NO_DISPLAY
OPEN_FACILITIES : 53
COST_SECTION
 1 69 158 88 219 169 227 84 95 182 168 129 183 120 46 176 156 213 201 285 87 206 94 180 177 235 68 162 174 124 117 177 175 216 198 186 162 195 201 249 149 195 247 177 254 177 88 86 76 103 156 115 165 215 200 260 62 133 246 202 233 99 180 214 174 275 145 247 125 154 145 240 164 147 106 73 180 162 76 61 95 85 130 225 185 153 159 222 171 34 157 251 183 127 98 220 137 29 122 161 136 44 75 167 213 18 216 177 136 148 106 200 113 134 30 109 163 259 110 243 216 160 175 171 231 202 195 215 181 172 40 162 95 283 212 193 112 134 206 237 207 240 165 189 203 82 143 41 189 74 98 116 61 215 89 47 93 218 277 198
 69 1 223 123 252 157 260 116 163 250 101 88 178 54 41 204 205 269 138 305 143 267 101 117 241 245 103 141 205 128 183 209 187 214 263 135 205 263 210 315 181 262 313 210 322 219 155 153 8 101 209 65 100 241 268 274 129 189 283 135 300 39 243 282 122 342 170 254 165 86 110 260 226 179 158 131 229 229 116 129 159 21 138 271 234 96 124 252 219 99 164 319 232 188 128 246 157 72 160 94 89 82 52 117 281 75 251 226 121 83 40 244 152 144 49 170 152 327 54 255 264 219 239 146 299 134 245 247 113 217 105 178 162 350 279 258 62 196 139 305 275 306 199 218 266 116 103 90 232 131 34 65 127 273 156 24 55 275 344 266
 158 223 1 193 159 229 280 196 76 99 315 246 306 276 202 254 83 82 358 352 151 54 174 338 20 226 137 302 139 183 104 140 278 240 41 342 210 66 303 94 227 97 92 244 110 110 96 75 230 186 67 245 306 175 66 235 114 54 281 348 132 256 142 112 330 126 147 241 198 303 249 316 142 227 85 96 205 101 125 102 65 241 177 241 88 310 259 281 87 126 189 138 90 42 136 177 158 153 202 306 291 180 229 285 81 149 150 200 217 292 255 231 195 251 187 58 224 124 248 226 111 154 133 253 95 351 89 157 335 99 120 175 104 137 121 38 269 129 361 123 75 84 235 152 48 133 296 167 111 149 254 273 122 71 103 203 222 78 125 70
 88 123 193 1 295 255 142 10 118 168 214 205 114 151 83 89 223 266 212 198 47 246 182 195 211 320 153 115 252 211 103 256 93 303 227 176 83 202 120 269 62 184 268 91 261 248 98 125 129 189 217 186 219 295 208 344 83 190 163 247 213 129 142 200 167 284 228 333 43 199 225 153 123 60 175 141 108 145 158 101 141 126 217 149 248 159 239 135 237 101 243 236 247 177 182 300 222 116 37 210 132 47 84 239 218 103 291 106 222 201 160 122 30 59 82 164 249 258 176 328 279 110 141 255 234 239 256 291 210 241 107 248 92 287 192 218 122 99 232 225 212 263 79 268 239 165 127 48 258 45 133 126 74 261 91 105 169 266 289 203
 219 252 159 295 1 149 416 294 200 257 307 215 401 299 257 377 82 105 378 484 268 142 154 359 158 84 154 379 48 136 244 44 387 120 170 386 343 221 414 210 348 255 206 371 244 53 218 183 255 159 96 231 290 27 219 80 219 120 424 331 289 290 296 269 373 249 83 96 319 302 204 443 292 347 123 156 347 257 144 199 166 272 123 388 73 345 205 414 74 196 108 290 71 138 126 26 99 195 319 296 339 260 287 242 231 203 11 342 165 284 264 373 311 350 244 142 148 265 242 77 66 301 287 182 241 343 77 6 341 63 190 86 232 263 279 179 313 272 365 277 227 198 361 35 153 141 352 252 49 259 283 315 227 126 227 243 216 119 242 225
 169 157 229 255 149 1 395 250 217 306 173 83 333 187 184 343 159 224 254 451 251 245 77 237 239 101 115 297 117 51 260 120 336 60 261 276 329 292 361 313 316 312 310 345 337 150 226 198 157 67 175 107 153 126 293 132 209 177 413 190 352 187 325 331 263 350 88 106 293 172 64 405 313 314 147 155 344 294 119 193 189 172 53 389 180 234 60 389 167 169 46 363 176 190 99 130 73 142 290 162 239 210 206 98 308 156 154 340 37 152 148 366 281 293 178 178 7 352 121 114 196 314 317 34 324 205 191 145 211 157 167 67 239 363 335 264 214 284 232 347 302 301 333 119 252 109 256 209 162 239 179 215 214 239 232 162 104 236 347 296
 227 260 280 142 416 395 1 148 218 204 339 345 136 275 222 58 336 360 311 74 151 329 321 300 294 453 288 178 377 349 177 380 93 440 301 261 73 254 92 322 81 218 323 52 298 365 199 234 265 329 326 324 349 420 261 474 200 299 31 369 224 255 154 224 258 320 359 466 104 325 365 52 144 83 295 265 78 188 290 220 251 258 354 62 356 265 380 13 348 233 380 247 356 282 315 425 356 254 107 338 236 188 213 376 262 241 409 82 362 331 294 53 116 125 222 275 389 284 313 459 385 129 161 396 272 357 361 412 325 356 237 381 186 317 210 289 239 152 341 243 259 322 63 393 319 299 221 187 372 162 262 242 192 348 190 244 309 356 328 253
 84 116 196 10 294 250 148 1 121 175 206 199 112 143 76 94 223 268 204 202 53 249 177 187 215 317 150 109 251 207 109 254 94 299 231 168 91 207 121 274 68 191 272 97 267 248 102 127 121 184 218 178 211 293 214 341 84 191 170 238 221 120 150 207 159 289 225 329 51 190 218 157 131 66 174 140 117 152 155 102 143 117 213 157 249 151 233 141 237 99 239 244 248 179 179 298 219 111 45 202 124 41 75 231 224 99 290 115 216 193 152 130 38 58 75 165 244 264 168 325 280 119 149 249 240 231 257 290 202 241 105 245 97 293 200 222 113 107 223 232 218 268 86 267 243 162 119 44 258 49 125 117 76 263 96 98 162 268 294 209
 95 163 76 118 200 217 218 121 1 94 261 208 231 213 135 185 119 150 293 288 77 129 146 273 94 247 105 227 164 167 47 167 205 246 112 272 146 101 231 159 156 104 157 176 161 148 22 21 170 159 109 200 256 207 106 264 41 82 225 295 143 192 109 123 260 182 154 261 127 248 218 249 99 156 83 63 148 78 99 35 35 179 166 190 140 243 230 217 131 66 187 160 139 65 120 211 157 100 130 253 222 107 160 248 119 91 193 143 195 240 199 174 122 176 120 58 211 165 199 251 169 105 101 232 137 295 145 196 275 139 63 181 33 189 123 104 201 74 300 145 113 151 166 180 122 109 225 94 155 74 191 205 47 144 30 141 177 150 184 104
 182 250 99 168 257 306 204 175 94 1 350 300 269 296 217 196 179 174 371 278 124 136 238 352 105 320 197 281 233 257 70 235 231 328 104 341 145 51 252 119 175 17 119 181 99 207 96 111 257 251 163 292 346 272 58 331 122 143 198 383 51 274 52 34 331 122 233 335 152 335 310 249 62 176 163 153 128 24 189 126 118 263 254 155 186 319 323 208 185 157 271 71 188 126 208 274 241 192 158 342 294 180 235 340 59 182 248 124 286 330 288 153 155 218 204 132 300 91 290 321 207 79 44 324 71 382 186 255 358 196 155 261 90 123 31 92 277 71 383 58 56 118 176 248 124 199 292 168 209 131 275 282 124 157 95 227 269 165 129 50
 168 101 315 214 307 173 339 206 261 350 1 94 229 65 137 282 281 349 85 371 241 354 160 73 332 273 183 181 265 173 283 268 254 231 355 123 295 360 271 409 264 362 406 292 419 288 255 250 94 152 289 78 23 290 365 304 229 275 366 35 400 87 342 381 114 438 228 278 255 16 110 327 324 262 241 221 321 329 196 227 253 91 185 361 310 89 116 330 294 197 203 419 306 277 198 294 211 164 248 12 111 178 132 82 379 172 310 319 146 25 63 333 243 216 148 259 171 425 70 286 336 316 338 146 396 38 321 303 41 289 201 223 261 447 379 352 102 295 60 404 372 398 282 273 355 192 130 188 301 229 82 99 227 357 255 124 98 358 439 363
 129 88 246 205 215 83 345 199 208 300 94 1 264 106 124 290 197 266 172 392 215 277 75 154 260 182 110 223 174 82 241 178 275 142 283 194 286 300 297 338 265 310 335 295 354 200 208 192 85 64 208 27 75 197 303 213 185 199 367 117 350 111 306 330 182 371 138 188 247 90 24 347 291 263 164 154 307 283 121 176 190 98 94 350 224 153 37 338 209 145 110 366 221 205 116 202 120 111 242 82 160 160 139 41 318 123 218 303 53 71 68 325 234 231 125 189 80 364 41 195 248 287 300 63 335 128 236 211 130 203 147 131 219 382 330 283 137 260 152 350 311 327 283 182 280 114 178 164 213 202 102 137 187 277 212 102 38 276 370 303
 183 178 306 114 401 333 136 112 231 269 229 264 1 170 152 91 332 379 183 146 157 359 268 176 324 413 250 50 356 297 211 359 47 388 339 130 136 309 48 378 98 285 377 108 366 356 211 238 180 272 328 239 243 397 316 440 195 301 166 253 307 156 231 298 130 389 327 424 118 216 286 105 213 97 283 248 164 247 258 213 254 166 306 183 359 144 300 124 347 206 333 332 358 290 280 402 318 209 112 231 118 142 128 285 324 200 397 166 297 227 200 158 116 56 162 276 327 359 225 422 390 197 233 323 338 238 368 396 205 350 213 342 204 391 288 330 132 199 216 322 319 373 106 371 352 264 100 150 367 158 164 133 187 374 204 172 232 379 395 310
 120 54 276 151 299 187 275 143 213 296 65 106 170 1 81 218 257 321 85 309 182 320 146 64 294 282 155 124 253 169 228 257 192 246 315 90 231 313 210 368 200 310 365 228 373 269 203 205 48 143 262 81 75 286 318 312 177 242 302 97 346 24 284 329 78 394 217 290 192 50 129 265 266 198 210 184 258 275 168 180 212 36 180 297 286 49 141 266 271 151 204 366 284 241 178 291 202 125 185 64 56 120 69 119 331 128 299 256 152 59 40 269 180 152 94 223 183 377 67 294 315 257 281 168 349 89 297 294 63 269 157 221 208 401 325 311 39 238 88 352 325 358 218 265 319 167 75 131 283 171 23 37 174 326 203 74 87 328 396 316
 46 41 202 83 257 184 222 76 135 217 137 124 152 81 1 166 199 258 158 270 105 250 117 138 221 262 104 123 211 146 149 215 154 237 242 142 165 235 178 292 142 230 290 171 295 218 124 129 47 121 200 103 139 250 240 290 98 177 244 171 266 58 206 249 129 316 179 273 125 122 145 225 188 140 149 117 189 195 114 103 139 48 155 231 228 109 159 214 214 78 182 287 226 172 133 255 168 64 120 132 91 42 31 156 253 59 255 186 148 121 79 204 112 111 17 154 178 298 94 272 259 180 202 178 270 168 238 252 143 214 85 192 128 323 245 236 68 159 168 273 247 283 160 225 247 117 99 52 231 93 59 72 94 259 123 23 88 263 319 237
 176 204 254 89 377 343 58 94 185 196 282 290 91 218 166 1 300 333 257 110 110 306 270 245 270 407 240 127 336 299 151 339 45 391 281 208 52 241 59 311 30 211 311 18 293 327 164 197 208 278 292 268 292 379 248 430 159 264 85 312 227 198 150 221 205 316 314 420 59 267 310 67 135 31 255 223 77 175 244 179 215 201 305 94 323 209 325 49 313 186 331 251 322 249 268 383 309 204 59 281 180 135 156 320 253 191 371 79 309 274 237 68 68 68 168 239 337 283 257 414 353 118 155 342 266 301 329 373 268 319 191 335 153 316 209 270 182 131 285 244 249 308 21 352 297 252 166 136 336 118 205 185 151 324 155 189 254 330 323 241
 156 205 83 223 82 159 336 223 119 179 281 197 332 257 199 300 1 70 340 406 191 87 124 319 87 144 103 316 57 121 163 58 314 160 106 337 264 148 341 156 271 179 152 293 183 30 139 104 210 134 18 205 268 94 147 153 143 39 343 310 215 242 216 194 324 194 72 159 242 272 194 365 211 270 51 85 266 176 90 123 86 225 112 307 31 299 201 335 16 128 116 220 28 57 84 97 87 137 243 270 287 193 229 232 161 141 75 261 157 257 227 292 234 279 184 63 155 201 212 144 61 220 206 187 174 318 42 79 308 20 121 97 152 207 202 111 262 191 334 205 156 144 283 70 94 91 297 183 37 183 238 265 151 82 147 190 184 80 190 152
 213 269 82 266 105 224 360 268 150 174 349 266 379 321 258 333 70 1 405 433 227 41 192 384 70 186 168 369 110 189 184 108 354 214 73 398 290 129 380 106 305 167 102 323 141 75 171 142 274 202 61 273 336 128 125 184 184 82 362 378 195 305 220 177 385 145 137 199 276 339 262 396 222 305 112 141 285 180 155 167 126 288 179 321 45 362 268 361 58 182 179 192 48 90 152 129 153 199 279 338 348 244 287 301 135 200 95 280 224 325 293 312 271 324 242 106 220 163 279 181 41 235 211 253 142 386 34 105 375 67 175 158 181 159 189 84 323 209 401 180 132 94 314 115 54 158 356 233 66 223 301 327 193 22 179 252 252 15 138 132
 201 138 358 212 378 254 311 204 293 371 85 172 183 85 158 257 340 405 1 327 251 403 226 22 376 353 238 136 333 245 302 337 220 312 398 56 283 392 229 449 247 385 447 270 452 352 281 286 132 221 345 150 107 363 397 384 255 326 341 89 419 103 352 403 54 474 297 359 248 83 191 287 333 245 294 267 313 348 251 260 294 119 257 346 369 54 199 300 354 233 278 441 367 324 260 368 281 208 240 95 82 192 137 166 410 210 379 312 223 103 116 318 237 191 174 306 251 455 138 365 398 321 350 229 428 70 381 373 45 351 239 297 283 480 398 393 94 307 39 427 404 440 263 344 402 250 92 204 365 242 105 90 251 410 279 156 164 412 476 394
 285 305 352 198 484 451 74 202 288 278 371 392 146 309 270 110 406 433 327 1 217 402 378 320 367 516 349 194 444 408 249 447 119 500 374 273 144 327 101 395 139 291 396 114 371 434 268 303 309 385 396 369 384 487 334 539 266 369 85 397 295 292 227 296 274 392 422 529 167 357 413 47 218 140 363 331 151 261 353 287 320 299 414 129 427 288 428 73 418 295 440 317 427 353 377 491 418 312 167 372 261 242 255 420 335 300 478 156 416 367 334 126 176 162 274 344 445 355 357 523 456 202 234 448 345 383 432 480 349 425 300 444 256 388 282 362 271 224 361 314 333 395 125 460 392 361 244 245 442 226 300 273 258 421 259 293 357 428 400 326
 87 143 151 47 268 251 151 53 77 124 241 215 157 182 105 110 191 227 251 217 1 204 175 233 168 303 140 161 228 203 57 231 128 292 183 219 80 156 155 223 82 139 222 105 215 218 56 88 150 185 183 199 243 271 162 324 50 155 165 275 170 159 103 156 209 238 208 316 52 226 231 176 85 81 146 115 95 100 141 71 106 151 206 139 214 198 246 148 204 84 231 193 213 140 165 275 206 111 54 236 172 64 116 252 172 97 262 91 220 225 182 116 46 103 96 129 245 212 193 309 244 76 101 257 188 270 220 264 243 210 87 232 48 242 149 174 158 57 267 180 166 218 94 244 196 150 170 55 227 14 162 162 42 220 49 121 179 226 243 157
 206 267 54 246 142 245 329 249 129 136 354 277 359 320 250 306 87 41 403 402 204 1 203 383 37 219 172 354 138 205 156 137 331 243 34 391 261 90 356 71 280 129 67 295 103 103 149 125 273 214 72 281 343 163 86 221 167 80 329 385 155 302 185 138 379 110 158 233 251 343 276 368 188 279 115 137 253 145 159 152 113 285 197 287 73 357 284 331 81 173 201 152 76 80 162 164 173 196 255 344 340 231 278 314 95 194 132 248 241 330 295 280 248 304 234 98 241 124 285 216 80 202 176 273 102 391 66 141 377 93 166 183 157 124 150 46 317 179 403 140 93 59 287 147 14 165 346 219 97 202 299 321 174 22 156 248 258 30 105 93
 94 101 174 182 154 77 321 177 146 238 160 75 268 146 117 270 124 192 226 378 175 203 1 206 187 147 42 237 109 31 186 113 266 123 210 233 253 231 292 265 242 246 261 270 282 129 152 128 104 14 134 83 145 141 234 175 134 125 338 187 286 138 252 265 220 299 72 157 218 152 77 333 239 240 91 86 269 224 51 119 122 120 39 313 151 193 87 315 136 94 66 299 148 133 41 146 57 67 215 149 189 137 144 113 248 81 155 265 49 135 111 291 206 224 108 117 70 295 91 157 177 239 245 87 265 196 163 149 190 131 92 78 165 310 267 210 163 210 215 284 242 253 259 120 206 42 203 135 143 163 131 165 139 203 158 98 64 202 297 235
 180 117 338 195 359 237 300 187 273 352 73 154 176 64 138 245 319 384 22 320 233 383 206 1 356 335 218 127 314 226 283 318 210 295 377 54 269 372 221 429 233 366 427 258 433 331 261 266 111 201 325 132 94 344 378 366 235 305 329 84 400 82 334 384 48 454 277 342 232 68 174 279 315 231 273 247 298 329 231 240 274 98 238 332 349 37 183 289 334 213 259 422 346 304 240 349 261 188 224 81 66 173 118 152 390 190 360 296 205 87 96 304 221 178 153 285 233 435 119 348 378 304 332 213 408 66 360 354 35 331 219 278 264 461 379 372 76 289 42 408 384 420 249 325 381 229 80 185 345 223 85 71 231 389 259 136 144 391 456 375
 177 241 20 211 158 239 294 215 94 105 332 260 324 294 221 270 87 70 376 367 168 37 187 356 1 229 153 321 143 195 120 143 295 246 24 361 225 65 320 78 244 101 75 259 99 111 114 93 247 200 70 261 323 175 63 235 133 65 294 364 132 274 151 113 349 113 155 243 215 320 263 332 154 243 98 113 218 111 140 121 83 259 188 252 85 328 272 295 88 144 198 135 87 56 148 177 167 170 219 323 310 198 248 299 76 167 148 213 230 309 272 244 212 269 205 74 234 115 264 228 103 167 142 264 88 368 83 156 352 100 138 182 121 125 123 26 288 143 378 120 71 67 251 155 29 147 315 186 110 167 272 291 140 56 121 221 238 63 111 68
 235 245 226 320 84 101 453 317 247 320 273 182 413 282 262 407 144 186 353 516 303 219 147 335 229 1 168 383 88 118 293 87 409 48 245 371 382 291 435 289 378 321 285 405 321 119 262 228 246 145 161 205 253 58 290 32 255 178 466 290 358 279 352 337 359 328 96 16 351 271 164 472 345 377 165 190 391 315 164 235 213 262 109 434 148 330 159 449 142 222 82 362 145 196 140 59 99 207 350 262 331 278 289 197 303 219 93 386 131 252 244 416 341 367 253 193 103 341 218 14 147 351 344 131 316 305 155 82 311 130 217 73 276 342 345 253 305 320 332 348 299 277 393 75 230 156 347 274 123 292 271 307 262 206 270 244 197 200 322 295
 68 103 137 153 154 115 288 150 105 197 183 110 250 155 104 240 103 168 238 349 140 172 42 218 153 168 1 226 108 65 146 112 242 153 175 236 219 192 268 230 212 205 227 239 245 117 112 87 108 55 108 110 172 148 195 192 96 93 303 214 245 141 211 224 224 262 78 181 185 172 116 305 199 210 59 46 232 183 14 79 82 123 68 277 132 198 127 284 117 57 93 259 130 97 31 153 70 42 184 173 188 111 134 149 209 52 152 228 90 159 126 255 175 202 91 80 109 256 114 176 161 200 204 128 226 220 143 149 208 115 54 96 124 273 226 174 162 170 234 244 203 219 227 123 174 15 200 107 130 128 136 165 101 175 118 91 87 176 262 195
 162 141 302 115 379 297 178 109 227 281 181 223 50 124 123 127 316 369 136 194 161 354 237 127 321 383 226 1 333 265 217 336 86 354 338 83 163 315 95 382 124 297 381 142 375 338 209 230 141 239 315 198 196 372 322 411 189 289 208 205 324 114 249 312 82 397 301 393 135 168 246 153 230 122 266 232 193 258 236 203 244 126 275 219 344 95 259 167 331 190 302 347 343 280 255 377 290 185 127 184 71 126 95 241 331 178 376 193 261 181 157 192 128 67 136 264 292 371 184 393 376 215 250 284 347 190 354 374 157 333 197 313 205 401 303 330 88 211 168 336 326 376 137 347 349 239 52 137 350 157 122 88 181 367 203 140 194 371 402 317
 174 205 139 252 48 117 377 251 164 233 265 174 356 253 211 336 57 110 333 444 228 138 109 314 143 88 108 333 1 93 210 5 344 106 161 339 305 204 370 208 306 234 205 331 238 36 181 146 209 115 74 188 248 44 204 100 179 91 387 289 271 243 267 250 326 247 38 103 278 258 165 401 261 305 83 114 311 229 98 158 130 225 81 353 67 299 168 375 58 153 73 276 64 109 79 49 55 149 278 253 293 215 240 203 217 157 47 306 125 241 218 337 269 305 198 108 114 256 198 89 80 268 258 148 230 300 77 43 297 46 147 51 195 260 258 167 266 238 321 261 213 196 320 17 147 94 305 208 46 218 237 269 187 128 190 197 171 124 242 208
 124 128 183 211 136 51 349 207 167 257 173 82 297 169 146 299 121 189 245 408 203 205 31 226 195 118 65 265 93 1 209 97 296 93 217 257 281 244 321 271 271 263 268 299 292 120 175 148 129 28 134 97 156 119 246 147 160 132 366 197 303 163 275 282 244 307 57 128 246 167 74 363 263 270 100 105 296 244 69 143 139 146 13 340 146 216 80 344 132 120 37 315 143 143 50 124 39 96 244 162 215 166 172 113 261 109 138 292 36 149 131 318 235 254 138 130 45 306 108 129 168 264 267 70 277 209 158 131 207 124 118 53 188 319 285 219 189 234 231 299 255 259 288 101 210 59 230 164 133 191 156 190 165 202 182 127 83 200 304 248
 117 183 104 103 244 260 177 109 47 70 283 241 211 228 149 151 163 184 302 249 57 156 186 283 120 293 146 217 210 209 1 212 178 291 132 273 107 99 203 168 125 84 167 140 159 192 35 66 190 198 151 230 281 252 106 309 57 125 182 317 119 206 67 102 263 181 199 307 97 268 253 213 55 125 129 107 104 47 141 68 81 195 209 145 180 250 267 178 174 97 231 140 181 107 164 256 202 131 102 276 225 111 166 280 115 119 237 99 234 264 221 131 96 158 136 103 253 156 226 296 208 59 60 272 132 315 185 241 290 182 96 226 24 185 97 121 209 29 315 126 110 163 132 226 147 151 225 99 198 63 207 213 57 174 30 160 207 181 186 101
 177 209 140 256 44 120 380 254 167 235 268 178 359 257 215 339 58 108 337 447 231 137 113 318 143 87 112 336 5 97 212 1 347 107 160 343 308 205 374 208 310 235 204 334 237 35 184 149 213 118 75 192 252 41 204 99 182 93 390 293 271 247 269 251 330 246 42 102 281 262 168 405 263 308 86 117 314 231 102 161 132 229 85 356 66 303 171 378 57 156 76 276 63 111 83 46 59 153 281 257 297 219 244 207 218 161 43 309 129 245 222 339 272 309 202 110 117 256 202 88 77 270 260 151 230 304 75 39 301 45 150 53 198 260 259 167 270 240 325 262 213 195 323 15 147 98 309 212 44 222 241 273 190 127 192 201 175 122 241 209
 175 187 278 93 387 336 93 94 205 231 254 275 47 192 154 45 314 354 220 119 128 331 266 210 295 409 242 86 344 296 178 347 1 388 308 169 92 273 28 343 57 246 343 62 328 340 184 214 191 272 308 251 266 386 280 433 173 280 123 282 266 174 189 258 167 351 318 421 82 240 296 74 172 56 266 232 119 209 248 192 231 180 303 137 339 175 311 82 328 192 330 290 338 267 271 391 311 202 77 254 147 132 137 301 287 191 382 121 301 249 216 112 84 44 160 254 330 320 239 417 370 155 192 331 301 269 346 383 236 332 198 336 175 352 247 298 154 162 251 282 282 339 61 360 323 255 131 137 350 133 182 156 164 347 176 176 240 353 358 274
 216 214 240 303 120 60 440 299 246 328 231 142 388 246 237 391 160 214 312 500 292 243 123 295 246 48 153 354 106 93 291 107 388 1 265 335 371 305 413 313 363 331 310 391 342 141 258 227 214 117 177 166 210 94 305 78 247 188 456 245 370 246 354 349 322 352 96 49 337 230 122 455 344 361 167 185 384 319 153 228 214 230 87 428 172 293 115 435 163 209 62 377 169 204 129 96 90 188 335 220 297 258 262 152 319 201 128 379 95 210 207 407 326 345 229 197 64 360 180 61 179 348 346 86 333 261 181 117 269 151 206 68 272 365 355 270 272 317 289 362 314 301 379 99 252 144 314 256 149 280 238 273 253 232 265 217 162 227 347 309
 198 263 41 227 170 261 301 231 112 104 355 283 339 315 242 281 106 73 398 374 183 34 210 377 24 245 175 338 161 217 132 160 308 265 1 381 234 57 333 56 256 96 53 269 78 127 131 113 269 222 89 284 345 190 53 249 151 87 299 387 123 296 154 105 369 91 175 259 228 343 285 341 158 256 120 135 225 115 163 140 104 280 210 256 99 349 294 303 104 165 218 121 101 79 171 192 188 193 232 345 330 217 268 322 63 189 160 220 252 332 294 251 226 285 226 96 256 97 287 243 111 173 145 286 72 391 94 169 374 116 159 202 136 103 117 13 308 152 400 108 60 45 261 171 21 170 335 205 124 183 294 312 158 54 137 242 261 63 88 60
 186 135 342 176 386 276 261 168 272 341 123 194 130 90 142 208 337 398 56 273 219 391 233 54 361 371 236 83 339 257 273 343 169 335 381 1 239 368 176 429 202 356 428 223 429 353 257 268 131 231 339 169 143 373 374 402 232 317 290 138 387 97 316 373 14 451 304 379 206 115 216 234 297 200 288 257 269 318 249 241 279 115 269 299 366 43 226 249 352 219 293 410 364 312 262 379 290 200 199 130 52 166 114 199 385 199 385 269 242 133 129 272 197 144 157 295 272 428 155 383 396 284 316 255 402 120 377 381 88 350 225 309 257 456 366 374 76 274 92 398 379 422 216 352 388 249 50 179 366 211 103 73 227 400 253 147 176 403 454 370
 162 205 210 83 343 329 73 91 146 145 295 286 136 231 165 52 264 290 283 144 80 261 253 269 225 382 219 163 305 281 107 308 92 371 234 239 1 192 110 261 40 160 262 37 243 292 126 161 211 263 254 267 301 348 199 402 128 227 86 327 176 209 99 170 234 265 287 395 41 279 304 108 84 41 223 193 31 125 220 148 179 207 285 67 284 232 319 72 276 163 311 200 284 210 245 352 286 187 47 291 203 127 164 320 203 174 337 31 297 283 242 40 54 97 162 202 322 232 258 388 313 67 104 332 215 318 289 340 288 283 167 311 113 265 158 223 199 83 307 193 199 259 33 321 251 229 193 123 300 92 214 202 121 279 118 186 249 286 273 191
 195 263 66 202 221 292 254 207 101 51 360 300 309 313 235 241 148 129 392 327 156 90 231 372 65 291 192 315 204 244 99 205 273 305 57 368 192 1 296 71 218 41 71 227 62 174 113 112 270 244 131 296 354 238 8 298 138 118 249 394 69 292 102 50 357 84 211 305 193 347 306 297 110 219 146 147 177 67 181 135 111 278 240 205 149 341 317 257 151 165 253 73 151 103 196 241 222 197 198 352 319 203 257 340 19 190 212 173 277 339 298 202 194 256 220 116 286 66 296 290 166 127 94 313 37 395 147 220 374 162 160 239 112 90 61 45 299 112 400 58 13 69 221 217 77 190 320 190 173 159 291 304 143 110 116 241 272 119 88 5
 201 210 303 120 414 361 92 121 231 252 271 297 48 210 178 59 341 380 229 101 155 356 292 221 320 435 268 95 370 321 203 374 28 413 333 176 110 296 1 366 79 268 366 76 350 366 210 241 213 297 334 273 284 413 303 460 199 307 122 297 285 194 208 279 176 373 344 447 107 257 319 59 193 79 293 259 135 231 275 219 258 201 329 145 365 188 333 80 355 219 356 309 365 293 298 418 338 229 102 272 161 158 159 322 309 217 409 137 325 268 236 123 110 69 185 281 355 341 260 443 396 176 213 355 323 283 373 410 250 359 225 363 200 373 267 323 172 185 262 302 305 363 78 386 348 281 144 164 377 159 202 174 191 373 202 200 263 379 380 297
 249 315 94 269 210 313 322 274 159 119 409 338 378 368 292 311 156 106 449 395 223 71 265 429 78 289 230 382 208 271 168 208 343 313 56 429 261 71 366 1 288 105 5 297 39 173 175 164 322 277 140 339 400 232 64 289 198 141 315 441 113 347 169 103 418 40 227 303 262 396 340 367 179 288 175 189 246 137 218 190 157 333 264 270 143 400 349 326 152 217 270 101 146 134 225 233 241 246 268 399 379 265 317 376 61 241 200 242 306 386 348 270 263 324 277 151 309 63 341 285 146 196 162 340 54 444 136 210 427 163 211 252 178 54 117 58 358 182 453 94 64 13 291 217 63 225 382 252 167 225 346 362 204 85 180 295 315 92 35 71
 149 181 227 62 348 316 81 68 156 175 264 265 98 200 142 30 271 305 247 139 82 280 242 233 244 378 212 124 306 271 125 310 57 363 256 202 40 218 79 288 1 191 288 30 273 298 136 169 186 250 263 244 272 350 225 401 130 235 104 295 211 179 134 203 196 296 285 391 31 249 285 96 117 3 226 193 70 153 215 150 186 180 277 100 294 197 300 74 284 157 303 235 293 220 239 354 281 176 29 262 168 108 135 297 232 163 342 70 282 254 215 72 39 58 142 210 310 264 234 385 324 100 137 316 245 286 301 344 254 290 162 306 125 296 192 245 166 107 273 226 227 285 19 323 271 223 156 108 307 89 185 169 121 297 127 164 229 303 302 219
 195 262 97 184 255 312 218 191 104 17 362 310 285 310 230 211 179 167 385 291 139 129 246 366 101 321 205 297 234 263 84 235 246 331 96 356 160 41 268 105 191 1 106 196 83 206 108 120 270 258 163 303 358 271 46 331 134 145 211 396 41 287 65 21 346 106 237 336 168 348 319 264 77 191 167 161 143 40 197 137 125 276 260 167 184 333 331 223 184 168 276 58 185 128 214 274 245 203 174 354 308 194 249 350 45 193 246 138 293 342 300 167 171 234 217 136 306 75 301 322 203 94 58 331 56 395 183 254 372 195 165 265 103 107 25 84 292 87 397 44 43 106 191 248 116 206 307 182 207 146 288 296 137 150 108 240 279 158 113 38
 247 313 92 268 206 310 323 272 157 119 406 335 377 365 290 311 152 102 447 396 222 67 261 427 75 285 227 381 205 268 167 204 343 310 53 428 262 71 366 5 288 106 1 298 43 169 173 162 320 273 136 336 397 228 64 285 197 138 316 438 115 345 170 105 416 44 223 299 262 394 337 367 180 288 172 186 247 138 215 188 154 330 260 272 139 398 346 327 148 215 267 104 142 131 222 229 237 243 267 397 378 263 315 373 62 239 196 242 302 383 345 271 262 323 275 148 305 66 338 281 142 197 163 336 56 442 132 206 425 159 209 249 176 58 119 55 356 182 451 96 64 10 291 213 59 222 381 250 163 224 344 360 203 81 178 292 312 88 39 71
 177 210 244 91 371 345 52 97 176 181 292 295 108 228 171 18 293 323 270 114 105 295 270 258 259 405 239 142 331 299 140 334 62 391 269 223 37 227 76 297 30 196 298 1 279 321 156 190 215 279 284 274 300 374 234 427 154 257 75 323 211 207 135 206 219 301 311 418 55 277 314 74 120 32 250 218 60 161 242 174 208 209 305 78 315 222 329 46 306 184 331 235 315 241 266 379 308 204 56 290 192 137 164 326 239 191 365 63 311 283 244 51 66 81 171 232 339 268 263 411 345 103 140 345 251 312 321 367 280 312 189 333 144 300 194 258 193 118 298 228 235 295 13 348 286 250 180 137 330 114 213 196 146 313 147 193 258 320 308 227
 254 322 110 261 244 337 298 267 161 99 419 354 366 373 295 293 183 141 452 371 215 103 282 433 99 321 245 375 238 292 159 237 328 342 78 429 243 62 350 39 273 83 43 279 1 204 173 170 329 295 166 352 412 265 56 323 199 162 289 452 80 352 146 76 418 24 252 335 249 406 358 345 159 273 194 202 224 121 234 194 167 338 286 244 174 402 368 304 181 224 295 64 177 151 245 266 265 255 255 410 379 264 318 393 44 249 234 220 326 397 357 247 251 314 280 166 332 25 353 318 181 176 140 361 29 454 168 243 434 193 219 279 173 29 89 74 360 168 460 60 50 49 273 248 92 242 380 251 199 220 351 364 203 120 176 300 328 127 31 60
 177 219 110 248 53 150 365 248 148 207 288 200 356 269 218 327 30 75 352 434 218 103 129 331 111 119 117 338 36 120 192 35 340 141 127 353 292 174 366 173 298 206 169 321 204 1 167 132 224 137 45 211 273 66 172 126 170 68 372 315 241 257 245 221 340 212 65 133 269 280 193 393 240 297 75 109 295 205 105 149 115 239 109 336 32 314 198 363 24 151 105 245 29 87 93 68 82 155 270 277 304 216 248 232 186 161 46 290 154 264 237 321 261 304 204 91 147 223 219 118 49 249 235 181 197 324 42 50 318 12 144 84 180 226 230 134 278 220 343 230 181 161 311 45 113 104 315 207 15 210 252 281 178 93 176 207 192 88 207 178
 88 155 96 98 218 226 199 102 22 96 255 208 211 203 124 164 139 171 281 268 56 149 152 261 114 262 112 209 181 175 35 184 184 258 131 257 126 113 210 175 136 108 173 156 173 167 1 36 162 164 129 198 252 224 118 280 27 102 207 289 146 181 101 127 246 195 168 276 106 241 220 229 88 135 99 74 131 77 108 34 53 169 176 174 160 230 233 197 151 64 198 165 160 86 131 228 170 99 109 247 207 92 146 248 130 87 212 126 200 235 193 156 101 156 110 77 219 175 195 266 190 91 94 238 148 288 166 215 265 158 63 194 15 201 125 122 188 60 290 150 124 168 146 198 142 118 209 79 175 54 182 192 31 164 10 133 175 170 198 115
 86 153 75 125 183 198 234 127 21 111 250 192 238 205 129 197 104 142 286 303 88 125 128 266 93 228 87 230 146 148 66 149 214 227 113 268 161 112 241 164 169 120 162 190 170 132 36 1 160 141 95 186 244 189 116 245 43 68 242 283 160 185 129 139 257 190 134 242 139 237 200 263 119 168 65 44 166 97 80 28 18 170 147 208 126 237 213 232 117 55 167 175 126 54 101 193 138 87 141 241 218 106 156 232 130 79 177 161 176 228 188 192 133 183 114 42 192 177 185 232 157 124 121 214 148 285 133 179 265 123 50 161 50 198 140 108 196 93 291 159 124 155 180 162 121 90 223 94 140 83 183 200 52 138 45 132 162 143 192 115
 76 8 230 129 255 157 265 121 170 257 94 85 180 48 47 208 210 274 132 309 150 273 104 111 247 246 108 141 209 129 190 213 191 214 269 131 211 270 213 322 186 270 320 215 329 224 162 160 1 103 214 61 93 244 275 275 136 195 289 128 307 35 250 289 118 349 174 255 171 79 107 263 233 184 163 137 235 236 121 136 166 17 140 277 239 91 122 257 224 106 165 326 237 194 132 249 160 78 165 87 86 88 55 113 288 82 255 233 121 76 33 250 158 148 56 176 152 335 49 257 269 225 246 145 306 126 251 250 106 222 112 180 169 357 286 265 60 203 132 312 282 312 204 222 272 120 102 97 237 138 29 62 135 279 163 31 53 281 351 273
 103 101 186 189 159 67 329 184 159 251 152 64 272 143 121 278 134 202 221 385 185 214 14 201 200 145 55 239 115 28 198 118 272 117 222 231 263 244 297 277 250 258 273 279 295 137 164 141 103 1 145 75 136 144 246 174 146 137 347 178 298 137 264 278 218 311 78 155 226 144 64 340 251 248 103 99 279 236 63 131 135 119 39 324 161 190 75 323 146 105 64 312 158 145 53 149 61 76 223 141 188 144 146 101 261 90 160 275 37 127 106 300 214 229 113 130 61 307 84 155 186 251 257 75 278 188 173 154 183 140 104 79 176 322 280 223 162 221 208 296 255 265 267 125 218 54 203 143 151 173 129 164 150 213 169 101 58 213 309 247
 156 209 67 217 96 175 326 218 109 163 289 208 328 262 200 292 18 61 345 396 183 72 134 325 70 161 108 315 74 134 151 75 308 177 89 339 254 131 334 140 263 163 136 284 166 45 129 95 214 145 1 214 277 110 130 169 136 29 332 319 198 246 201 178 327 178 88 175 234 279 206 357 198 262 52 84 255 162 95 117 78 229 126 294 32 302 214 325 24 126 131 203 31 45 93 112 102 140 235 279 289 190 230 244 144 142 88 250 170 265 233 281 227 274 185 54 170 184 220 160 63 208 192 202 157 326 40 93 315 34 119 114 142 191 186 94 264 179 341 188 139 128 274 87 78 99 298 180 49 176 242 268 145 70 138 193 192 70 174 135
 115 65 245 186 231 107 324 178 200 292 78 27 239 81 103 268 205 273 150 369 199 281 83 132 261 205 110 198 188 97 230 192 251 166 284 169 267 296 273 339 244 303 336 274 352 211 198 186 61 75 214 1 64 215 300 235 174 202 347 106 342 85 294 323 157 370 151 212 227 71 49 324 278 242 167 151 289 274 123 167 186 73 109 332 233 128 63 316 218 136 129 359 230 206 122 220 134 101 222 67 134 142 115 54 314 112 233 286 74 54 43 306 214 208 106 189 103 361 15 217 259 273 289 88 332 114 245 227 111 213 139 148 208 380 322 282 112 248 135 344 308 328 262 197 283 117 153 147 224 186 77 112 175 282 201 82 25 283 370 299
 165 100 306 219 290 153 349 211 256 346 23 75 243 75 139 292 268 336 107 384 243 343 145 94 323 253 172 196 248 156 281 252 266 210 345 143 301 354 284 400 272 358 397 300 412 273 252 244 93 136 277 64 1 271 358 284 226 264 375 43 397 94 342 378 133 430 211 258 261 30 90 339 325 270 229 212 326 327 185 222 246 94 168 367 296 107 96 339 280 191 184 415 292 268 185 276 194 158 254 14 127 181 138 61 373 166 293 324 127 19 61 339 248 226 148 250 151 419 60 266 321 318 338 125 390 54 307 285 62 275 195 205 259 440 376 343 113 295 81 400 366 389 290 256 345 180 146 189 286 230 88 111 225 345 253 123 86 345 431 357
 215 241 175 295 27 126 420 293 207 272 290 197 397 286 250 379 94 128 363 487 271 163 141 344 175 58 148 372 44 119 252 41 386 94 190 373 348 238 413 232 350 271 228 374 265 66 224 189 244 144 110 215 271 1 237 61 222 131 430 311 306 278 308 286 360 272 72 72 321 285 184 445 302 348 126 157 354 269 140 201 172 260 107 396 92 332 183 418 89 195 88 309 90 149 119 6 85 189 321 278 328 257 279 221 250 198 36 349 145 266 249 379 312 347 238 150 126 286 226 54 90 310 299 159 261 324 98 25 324 77 189 67 238 285 294 198 302 280 348 295 246 220 363 28 174 134 342 250 67 262 271 304 230 149 233 234 201 142 265 242
 200 268 66 208 219 293 261 214 106 58 365 303 316 318 240 248 147 125 397 334 162 86 234 378 63 290 195 322 204 246 106 204 280 305 53 374 199 8 303 64 225 46 64 234 56 172 118 116 275 246 130 300 358 237 1 296 144 119 255 398 71 297 109 53 363 78 212 305 200 352 309 304 117 226 147 150 184 74 184 140 115 283 241 211 147 347 320 264 149 169 254 73 149 105 198 239 223 202 205 356 325 209 263 343 16 194 209 180 279 343 303 209 201 262 225 118 288 62 300 289 162 134 101 315 33 399 144 218 379 161 165 240 119 84 65 42 305 119 405 59 10 62 228 216 73 193 326 196 171 166 296 309 149 106 122 246 276 115 82 9
 260 274 235 344 80 132 474 341 264 331 304 213 440 312 290 430 153 184 384 539 324 221 175 366 235 32 192 411 100 147 309 99 433 78 249 402 402 298 460 289 401 331 285 427 323 126 280 245 275 174 169 235 284 61 296 1 275 190 485 321 366 309 366 346 389 328 117 31 373 302 195 495 360 399 182 210 410 328 187 255 229 292 137 452 151 360 190 471 149 245 111 368 149 208 163 58 123 233 372 293 360 303 317 227 309 243 90 405 162 283 274 435 363 393 279 208 134 344 249 19 144 367 357 161 320 336 156 81 342 137 239 99 294 342 354 257 334 337 363 354 305 277 415 85 232 180 376 298 126 314 301 336 283 205 288 272 227 198 321 302
 62 129 114 83 219 209 200 84 41 122 229 185 195 177 98 159 143 184 255 266 50 167 134 235 133 255 96 189 179 160 57 182 173 247 151 232 128 138 199 198 130 134 197 154 199 170 27 43 136 146 136 174 226 222 144 275 1 109 212 263 172 155 122 154 221 220 160 268 101 215 198 225 107 129 97 66 138 102 94 22 60 143 162 183 167 204 212 197 156 42 186 191 166 96 119 226 159 76 101 221 182 67 121 224 156 63 213 134 181 209 167 162 93 141 84 83 203 201 170 260 198 106 116 219 174 262 175 215 239 162 43 184 35 227 151 144 162 77 264 177 150 191 143 195 161 104 185 55 179 42 155 167 10 180 28 106 151 185 223 140
 133 189 54 190 120 177 299 191 82 143 275 199 301 242 177 264 39 82 326 369 155 80 125 305 65 178 93 289 91 132 125 93 280 188 87 317 227 118 307 141 235 145 138 257 162 68 102 68 195 137 29 202 264 131 119 190 109 1 305 306 183 226 178 162 305 176 94 192 206 264 200 329 173 234 36 61 228 139 80 90 50 209 125 269 60 282 209 298 50 101 136 190 59 19 85 134 105 119 208 265 267 164 206 237 133 119 113 223 166 251 217 254 199 247 161 27 171 177 206 179 90 182 169 201 148 311 67 117 298 58 94 122 114 188 169 88 242 152 324 175 128 129 246 106 82 86 275 154 75 149 222 246 117 85 110 172 179 87 174 122
 246 283 281 163 424 413 31 170 225 198 366 367 166 302 244 85 343 362 341 85 165 329 338 329 294 466 303 208 387 366 182 390 123 456 299 290 86 249 122 315 104 211 316 75 289 372 207 242 289 347 332 347 375 430 255 485 212 305 1 396 211 281 148 214 288 309 371 479 122 351 386 78 141 106 305 277 78 185 304 232 259 283 370 46 361 293 401 43 354 247 395 234 362 288 329 434 370 272 126 364 264 208 238 400 255 258 417 83 381 357 318 52 135 153 243 282 407 272 337 471 389 128 156 416 263 385 365 420 353 363 251 395 193 305 200 287 266 155 370 231 253 316 86 403 317 313 250 206 379 177 288 269 205 348 199 266 330 356 318 247
 202 135 348 247 331 190 369 238 295 383 35 117 253 97 171 312 310 378 89 397 275 385 187 84 364 290 214 205 289 197 317 293 282 245 387 138 327 394 297 441 295 396 438 323 452 315 289 283 128 178 319 106 43 311 398 321 263 306 396 1 434 119 376 415 131 471 253 293 288 50 129 354 358 293 271 253 354 363 227 261 286 124 209 392 338 111 132 359 323 230 224 453 335 309 227 316 236 197 281 43 137 212 164 94 412 205 334 352 167 56 97 365 275 245 182 291 189 459 101 303 363 350 372 160 430 21 349 326 51 317 234 246 295 480 413 384 131 329 54 438 406 430 313 297 386 222 154 222 328 263 115 128 261 387 289 158 128 387 471 397
 233 300 132 213 289 352 224 221 143 51 400 350 307 346 266 227 215 195 419 295 170 155 286 400 132 358 245 324 271 303 119 271 266 370 123 387 176 69 285 113 211 41 115 211 80 241 146 160 307 298 198 342 397 306 71 366 172 183 211 434 1 323 78 22 378 99 275 372 191 385 359 273 95 211 206 201 153 72 237 176 165 313 299 167 216 367 371 230 218 207 315 25 219 166 254 308 284 242 198 392 341 229 284 390 61 232 279 150 333 380 338 173 197 259 253 175 346 62 340 357 233 112 75 371 60 432 214 287 408 230 205 303 139 95 22 112 326 115 433 21 64 118 208 284 142 246 339 217 241 179 324 330 174 175 145 277 319 184 109 65
 99 39 256 129 290 187 255 120 192 274 87 111 156 24 58 198 242 305 103 292 159 302 138 82 274 279 141 114 243 163 206 247 174 246 296 97 209 292 194 347 179 287 345 207 352 257 181 185 35 137 246 85 94 278 297 309 155 226 281 119 323 1 261 306 84 373 208 288 170 71 133 247 243 177 195 166 236 252 154 159 193 19 174 275 272 58 147 246 257 132 199 344 269 223 166 283 194 108 163 84 53 97 46 130 310 109 289 234 152 77 45 247 157 133 73 205 183 355 71 290 302 233 258 172 327 113 283 285 86 255 138 214 185 380 302 291 28 214 110 330 304 338 197 256 300 154 70 108 270 148 9 29 152 309 180 55 84 312 375 294
 180 243 142 142 296 325 154 150 109 52 342 306 231 284 206 150 216 220 352 227 103 185 252 334 151 352 211 249 267 275 67 269 189 354 154 316 99 102 208 169 134 65 170 135 146 245 101 129 250 264 201 294 342 308 109 366 122 178 148 376 78 261 1 72 308 168 261 367 115 327 319 200 20 135 189 171 79 41 207 134 141 253 274 104 227 299 333 159 224 163 295 102 228 160 229 311 265 196 123 336 272 166 219 345 109 184 288 75 300 325 282 102 122 183 195 161 319 134 289 355 251 35 10 338 119 372 229 293 346 234 162 288 89 167 60 141 260 48 369 94 107 169 131 282 173 217 268 155 248 114 264 264 120 205 96 221 272 213 176 101
 214 282 112 200 269 331 224 207 123 34 381 330 298 329 249 221 194 177 403 296 156 138 265 384 113 337 224 312 250 282 102 251 258 349 105 373 170 50 279 103 203 21 105 206 76 221 127 139 289 278 178 323 378 286 53 346 154 162 214 415 22 306 72 1 364 97 254 352 181 367 339 271 87 203 185 180 150 56 216 157 144 295 278 169 197 351 351 229 198 188 294 39 199 145 233 288 263 222 188 374 326 212 268 370 46 213 260 146 312 361 319 172 186 248 236 154 325 63 321 337 214 104 67 350 51 414 195 268 391 210 185 282 122 96 15 94 310 102 416 25 47 106 202 263 125 225 324 201 221 163 307 314 156 158 127 259 299 167 106 46
