NAME : domp200p50v8
COMMENT : (Deleplanque et al.) 
TYPE : DOMP
DIMENSION : 200
DISPLAY_DATA_TYPE: NO_DISPLAY
OPEN_FACILITIES : 50
COST_SECTION
 1 140 259 225 77 157 245 136 262 200 187 203 114 234 95 127 61 153 257 54 28 219 77 38 17 160 173 259 225 93 163 241 222 217 140 244 236 215 134 122 81 184 133 161 59 92 100 291 186 65 209 93 264 98 201 209 142 181 218 181 117 182 167 114 125 84 163 74 161 160 236 54 139 180 167 159 49 48 282 128 175 120 253 101 82 226 194 105 150 55 324 229 62 80 161 173 81 125 250 95 222 154 185 176 284 176 195 221 53 128 79 158 256 186 33 152 247 300 117 204 34 109 121 102 209 263 59 134 104 177 85 188 199 115 67 164 129 173 165 165 199 269 107 190 85 219 303 146 137 125 172 212 205 172 142 296 179 182 236 172 204 325 277 91 142 93 100 130 224 119 178 143 98 62 142 135 67 18 153 155 87 157 92 51 224 153 246 203 206 87 283 122 124 259 101 54 141 237 219 51
 140 1 132 202 112 243 225 124 263 282 81 275 253 299 228 75 109 284 310 135 140 275 192 161 134 298 207 145 269 88 299 103 191 97 118 214 178 112 265 206 210 191 216 94 188 83 45 173 168 184 139 194 276 230 125 164 125 253 254 96 207 78 266 27 258 145 207 66 55 31 99 109 177 89 164 35 187 185 161 165 311 256 114 52 219 194 69 215 283 153 198 176 199 189 299 306 205 263 111 129 87 179 270 209 170 143 108 161 88 155 129 53 135 67 109 86 223 172 28 79 140 231 164 146 182 138 175 245 237 60 82 96 170 247 193 130 153 306 60 303 141 145 241 77 177 296 176 270 76 236 156 115 173 201 98 329 167 64 98 308 342 200 159 189 194 122 227 143 361 43 113 248 162 81 34 43 85 123 153 17 224 236 160 187 189 200 181 340 296 117 306 220 112 148 182 162 20 200 174 176
 259 132 1 308 202 310 207 171 253 340 166 325 367 340 334 142 240 384 338 235 250 313 289 269 248 408 333 38 298 218 406 92 176 151 240 315 137 63 390 280 335 311 288 203 294 214 161 47 178 312 230 282 274 335 216 266 167 309 279 193 285 82 340 155 382 276 253 189 99 134 100 238 230 184 191 103 302 305 32 293 416 377 67 159 332 297 135 345 385 253 67 269 311 318 418 430 306 378 86 260 111 221 332 334 50 155 198 253 211 210 216 102 18 73 232 200 326 43 146 138 266 328 294 276 175 10 276 375 361 83 179 187 167 372 319 152 208 430 95 419 126 16 365 155 265 347 46 363 197 366 175 72 166 326 142 335 183 77 83 413 461 69 35 278 251 201 354 196 480 173 117 379 293 207 118 125 193 243 189 118 345 299 241 299 170 328 131 459 357 200 307 301 170 42 262 262 143 298 273 282
 225 202 308 1 267 380 420 308 453 424 142 424 300 455 307 266 168 361 475 266 248 436 301 263 236 345 88 333 438 147 355 226 388 163 94 20 378 309 263 344 228 53 355 110 280 150 214 354 360 205 81 317 462 311 93 43 312 402 427 116 340 278 391 198 264 147 373 203 256 183 217 176 344 125 349 234 257 242 338 106 368 279 254 227 283 14 173 198 354 275 362 48 273 191 321 298 302 306 237 131 201 353 409 87 355 338 111 61 203 325 280 254 318 263 206 117 24 336 213 172 195 329 115 128 377 316 284 211 253 258 246 121 365 258 218 324 325 299 261 331 341 323 259 153 307 442 342 362 128 206 346 314 369 81 291 506 357 261 231 365 352 366 340 315 354 284 233 319 368 166 312 201 141 193 234 240 232 217 337 207 258 379 306 265 387 106 382 347 430 277 487 347 294 337 321 277 183 23 39 275
 77 112 202 267 1 132 171 59 193 173 184 167 169 195 133 62 107 183 211 34 57 173 88 71 62 207 234 195 173 121 205 209 146 206 174 284 160 150 205 95 156 236 105 177 94 118 70 227 111 142 228 84 199 134 217 240 65 145 162 190 96 121 155 92 196 145 108 66 107 141 207 100 78 185 93 115 108 117 221 186 215 186 214 61 134 264 179 181 184 51 265 257 113 156 221 242 105 180 216 146 197 88 160 237 220 100 204 246 65 60 18 104 197 133 71 167 290 244 85 189 104 128 181 159 133 205 75 210 175 124 31 194 123 186 142 88 60 241 109 221 124 210 177 183 67 188 246 164 151 201 96 145 129 231 70 240 104 129 203 212 264 265 215 80 90 19 174 57 283 117 105 219 163 75 97 85 37 70 79 124 155 126 49 103 148 217 170 263 185 12 222 109 48 195 71 61 124 273 251 82
 157 243 310 380 132 1 175 140 162 45 315 49 153 81 110 180 213 114 109 118 133 74 84 120 146 161 327 291 90 239 149 336 175 337 292 398 213 250 218 39 195 340 28 303 111 237 201 321 148 200 354 65 152 107 343 360 144 31 96 318 41 232 32 223 207 239 67 193 226 272 335 206 82 314 127 240 140 157 321 284 152 187 336 192 134 380 310 234 122 106 364 379 128 219 197 237 92 160 342 250 326 94 30 330 311 162 333 369 184 101 115 224 300 250 176 293 402 348 216 320 189 79 276 257 165 310 99 253 195 242 162 323 164 201 192 161 103 236 227 190 195 314 193 314 74 63 348 86 277 247 143 241 170 327 171 158 139 247 328 151 229 362 312 67 61 122 207 115 244 246 194 267 251 195 223 211 165 165 124 254 174 14 84 129 181 306 226 231 54 127 155 37 144 289 63 104 255 390 371 111
 245 225 207 420 171 175 1 116 48 181 303 161 306 160 261 156 275 285 146 193 220 135 214 225 229 328 401 174 114 280 318 275 36 309 329 435 71 152 360 169 318 398 168 316 237 276 207 194 63 309 363 194 69 259 350 386 112 155 96 320 178 163 205 223 349 314 111 223 176 252 279 268 116 313 80 200 263 276 201 353 323 333 261 195 276 415 282 349 291 200 237 399 259 324 357 389 232 315 275 313 280 98 181 404 183 84 333 385 231 119 168 177 191 185 240 308 443 231 209 290 274 237 349 327 45 202 215 376 331 183 180 320 57 340 307 98 118 388 173 352 91 203 331 297 185 178 229 257 294 367 78 142 53 398 131 130 68 184 266 321 395 233 191 191 127 154 335 116 411 256 116 386 332 238 192 184 199 240 93 226 309 162 163 253 40 386 80 396 200 161 102 190 131 170 169 207 244 421 396 228
 136 124 171 308 59 140 116 1 145 172 204 160 219 181 179 50 159 221 188 88 114 155 130 124 120 252 286 155 147 166 247 204 89 218 216 324 103 112 262 110 214 283 117 208 144 161 96 187 54 200 258 117 155 178 245 277 8 141 131 216 116 94 169 115 252 199 89 108 92 154 204 153 61 210 42 110 163 174 184 238 256 240 200 83 185 304 190 240 224 101 228 292 165 214 272 296 148 230 208 197 198 58 163 289 177 42 230 278 116 40 62 90 162 113 126 199 331 210 102 199 161 165 233 211 76 171 123 269 231 106 65 218 65 242 200 31 38 296 91 271 69 176 233 200 101 182 211 197 184 259 40 104 71 282 33 205 50 110 195 253 314 227 176 113 82 45 232 26 332 147 58 278 218 122 96 84 84 128 30 130 211 130 75 156 90 270 114 313 189 50 183 131 16 154 94 111 141 311 287 132
 262 263 253 453 193 162 48 145 1 157 342 136 306 128 261 190 299 275 107 209 236 106 218 236 246 321 426 220 83 309 310 320 80 350 360 468 118 198 365 167 328 426 163 351 243 305 240 240 96 323 400 196 24 258 386 420 142 137 69 357 176 205 189 258 354 337 108 251 217 291 323 292 124 350 104 240 271 286 248 378 312 336 306 227 279 448 323 362 283 212 283 435 265 340 354 390 234 314 320 338 323 109 160 429 229 121 370 421 256 135 186 217 238 228 262 342 475 278 244 331 293 234 373 351 85 249 223 388 337 225 208 358 96 346 319 133 135 389 214 348 135 249 337 336 191 149 275 247 328 379 109 187 95 423 166 84 97 227 310 312 389 279 238 194 128 175 344 137 404 290 157 399 354 264 231 221 225 260 117 265 315 150 173 261 85 409 127 391 175 182 56 185 160 217 173 218 281 455 431 236
 200 282 340 424 173 45 181 172 157 1 356 23 184 45 145 216 257 133 78 161 176 53 126 163 189 182 369 318 76 283 168 373 190 378 335 442 231 279 251 82 234 383 71 346 152 281 242 347 169 241 397 108 142 141 386 403 176 33 89 361 85 265 45 264 240 282 88 236 262 312 373 249 112 357 152 277 181 198 348 327 167 219 371 232 170 424 350 273 142 150 390 422 167 260 222 265 131 189 378 294 365 120 16 372 336 188 375 412 227 134 156 260 328 284 219 336 446 376 256 360 232 114 318 300 182 339 142 291 230 277 202 365 184 236 232 189 136 263 262 213 220 342 227 355 118 22 376 107 320 285 168 269 188 370 204 132 161 281 365 167 249 388 338 110 92 162 244 148 261 288 224 305 294 238 261 249 207 208 152 293 210 48 125 170 196 348 244 252 20 167 136 79 179 316 106 147 295 434 414 153
 187 81 166 142 184 315 303 204 342 356 1 350 296 376 281 155 135 339 389 201 197 353 253 217 187 343 179 193 348 101 347 89 268 35 88 150 250 173 290 277 238 151 288 45 243 99 115 213 247 210 66 260 355 284 52 101 205 328 333 28 277 146 335 94 286 152 285 124 128 52 80 139 255 20 243 105 233 226 197 150 360 290 115 127 266 132 32 230 336 217 223 106 248 207 335 331 263 305 100 131 63 258 343 180 214 222 34 90 139 233 201 127 177 128 156 48 161 196 104 33 173 291 154 144 260 174 235 256 267 125 155 22 248 276 221 209 231 332 132 342 216 181 272 12 245 371 202 329 56 247 235 179 251 171 178 408 247 126 93 357 376 226 199 256 271 197 252 222 395 71 189 254 165 128 112 122 151 171 233 78 259 309 232 236 266 180 251 373 368 191 385 288 191 197 253 223 64 134 108 232
 203 275 325 424 167 49 161 160 136 23 350 1 198 33 157 206 258 151 62 160 178 32 132 167 190 200 374 301 54 281 186 362 170 370 334 442 212 264 264 82 243 386 71 342 159 279 236 330 151 248 394 112 120 153 383 402 163 23 68 356 87 252 61 257 253 285 73 232 251 304 362 250 100 352 136 267 188 205 331 330 186 232 359 225 181 424 342 282 160 150 373 421 176 267 239 280 140 204 367 295 355 105 29 377 319 172 371 410 225 123 151 249 313 272 219 332 447 360 249 352 235 126 322 303 163 323 146 301 242 265 196 360 166 248 240 174 125 279 250 230 203 327 240 349 119 23 359 124 316 295 151 254 170 374 192 114 144 269 354 186 267 371 322 113 81 154 255 136 280 283 209 315 298 236 251 239 202 209 138 284 221 46 121 177 176 353 225 270 41 160 116 85 168 299 104 150 289 433 413 158
 114 253 367 300 169 153 306 219 306 184 296 198 1 228 46 229 162 68 260 136 118 226 94 100 121 49 224 363 242 197 56 354 293 327 233 319 319 318 68 141 73 250 145 264 76 198 212 395 258 97 306 113 300 49 301 296 226 183 245 286 132 287 141 227 58 159 200 187 270 273 349 157 192 286 235 270 67 70 388 195 69 36 366 211 36 304 306 109 59 120 432 317 58 110 53 85 75 12 363 180 334 209 172 226 388 258 299 313 166 194 160 266 363 295 145 256 318 409 230 315 124 75 185 177 281 370 98 116 54 286 189 294 274 56 84 249 196 84 273 53 288 377 49 301 124 205 411 83 242 113 247 313 281 227 238 311 250 291 350 66 96 432 382 116 181 177 73 204 114 230 272 130 160 175 253 244 175 131 225 268 43 163 149 69 297 201 331 95 180 175 307 123 212 363 138 110 254 316 305 89
 234 299 340 455 195 81 160 181 128 45 376 33 228 1 188 228 288 177 34 189 208 28 163 198 221 227 405 314 48 311 212 383 176 395 364 472 219 279 294 113 275 416 102 370 190 308 262 341 163 280 422 143 109 184 410 431 183 54 66 383 118 271 89 283 284 316 93 260 271 329 384 280 123 379 151 289 220 237 344 361 211 263 378 251 212 453 367 313 187 181 384 450 207 298 267 309 171 233 387 326 378 124 58 408 330 186 398 439 254 146 179 270 327 291 249 360 477 373 274 376 266 156 353 334 172 338 178 332 273 285 222 387 176 279 272 191 147 308 271 257 216 340 270 374 150 27 372 151 344 326 166 269 179 405 212 89 158 289 374 211 293 381 334 144 106 181 286 158 305 310 225 346 329 265 274 262 230 240 156 308 252 77 150 209 183 385 231 296 57 187 96 116 190 311 134 181 314 463 442 190
 95 228 334 307 133 110 261 179 261 145 281 157 46 188 1 194 152 59 218 100 89 183 50 69 96 75 239 327 198 186 73 330 249 311 230 326 277 282 109 95 92 260 100 255 42 186 185 359 214 106 301 68 255 5 294 296 185 140 200 275 86 253 102 203 98 161 154 164 238 251 326 146 147 274 192 241 52 66 354 202 84 78 339 182 27 310 287 132 56 83 397 317 35 124 97 130 32 55 338 179 313 164 131 242 351 216 289 311 145 151 121 234 329 264 126 246 327 376 203 297 116 32 193 180 237 337 59 147 86 254 157 282 231 92 95 208 153 129 240 94 247 343 84 284 80 166 378 56 231 142 204 276 237 241 200 268 206 259 325 81 137 397 347 72 136 138 101 161 154 212 233 161 167 155 223 213 146 111 182 243 66 119 106 46 254 217 289 137 143 137 263 78 173 326 94 73 233 321 307 54
 127 75 142 266 62 180 156 50 190 216 155 206 229 228 194 1 131 244 237 95 113 203 148 130 114 268 253 135 196 129 265 158 123 169 175 281 121 91 259 145 207 246 154 162 155 124 54 167 95 188 211 143 202 194 198 232 51 186 180 169 149 60 207 69 250 172 136 74 48 105 158 126 107 162 90 62 166 171 161 206 275 242 158 42 193 260 141 226 245 112 204 246 172 199 280 298 166 239 163 165 151 106 205 255 160 73 182 232 90 84 76 46 136 73 107 153 288 183 55 150 144 188 202 181 112 144 136 256 229 65 43 170 100 240 191 59 82 297 50 281 81 150 232 151 125 228 185 224 140 246 82 86 104 248 26 254 94 70 150 273 323 204 154 138 126 61 226 71 342 102 55 263 191 92 47 35 61 114 79 81 211 171 103 161 122 240 128 322 231 60 231 164 39 135 124 122 93 267 242 142
 61 109 240 168 107 213 275 159 299 257 135 258 162 288 152 131 1 210 309 100 82 270 136 97 69 209 128 248 274 36 215 202 246 167 81 186 250 209 160 177 105 131 188 104 118 37 84 278 213 78 150 151 305 156 143 149 164 235 265 125 174 173 226 86 154 42 209 58 149 120 196 9 182 126 197 138 102 93 267 80 228 157 219 93 134 168 149 107 206 109 306 169 118 81 202 201 141 171 213 41 180 193 242 131 274 196 139 161 44 166 117 146 241 170 40 96 190 280 97 157 39 169 75 53 234 245 118 137 134 161 96 133 222 144 88 183 166 201 154 208 211 252 139 141 140 275 284 205 82 127 198 208 228 125 153 344 207 166 200 225 243 307 264 148 190 125 122 163 262 75 185 140 61 40 126 123 77 50 184 125 125 213 140 107 247 112 258 240 264 118 327 180 145 250 155 111 104 178 160 111
 153 284 384 361 183 114 285 221 275 133 339 151 68 177 59 244 210 1 210 152 145 182 96 125 153 50 288 373 201 244 36 386 279 368 287 380 312 329 132 119 137 312 118 313 98 244 241 405 247 157 359 105 265 56 352 353 227 141 209 333 110 303 91 259 123 216 175 221 289 308 382 204 177 332 225 295 109 121 401 256 39 101 394 236 79 364 345 175 11 134 445 374 93 173 92 136 80 67 394 235 369 194 123 291 397 254 347 368 202 187 169 286 377 315 184 304 380 425 258 354 174 57 246 235 268 386 111 182 121 306 210 340 264 122 145 249 189 135 291 81 287 391 116 342 121 152 426 29 289 180 239 322 270 291 246 264 239 311 380 37 117 444 394 109 161 185 139 200 131 270 277 197 220 212 277 266 201 169 217 299 108 126 147 104 284 266 325 120 124 185 265 96 218 372 128 125 290 376 363 110
 257 310 338 475 211 109 146 188 107 78 389 62 260 34 218 237 309 210 1 210 231 40 191 223 244 259 430 309 42 330 245 389 168 405 383 492 211 277 326 137 303 439 128 386 218 327 275 334 162 307 438 169 86 214 426 450 189 81 60 398 144 274 121 297 315 340 105 277 277 340 390 302 135 393 154 297 248 265 339 384 244 294 381 264 242 473 377 342 220 204 378 467 236 325 299 341 200 265 391 348 385 132 89 433 323 187 412 456 273 157 197 276 324 295 270 377 497 369 286 387 290 187 377 357 165 335 203 362 303 290 237 401 172 309 300 194 158 340 276 290 213 337 301 386 173 60 367 184 361 355 167 267 174 429 219 56 157 293 379 244 326 374 329 170 122 195 315 168 338 325 226 375 354 283 283 271 247 262 161 317 282 104 170 236 174 409 222 329 90 202 66 145 200 307 157 205 326 482 461 216
 54 135 235 266 34 118 193 88 209 161 201 160 136 189 100 95 100 152 210 1 28 171 58 38 38 174 223 228 175 123 172 236 172 226 176 284 190 183 174 80 127 230 91 186 61 120 92 261 135 116 237 60 211 101 227 244 95 137 167 202 78 154 136 112 164 132 112 78 138 162 233 92 87 199 115 144 76 86 254 176 182 153 242 86 101 265 200 156 153 19 298 262 80 133 188 209 73 146 243 139 221 101 147 226 253 129 217 252 67 76 27 135 229 164 61 176 289 276 109 210 85 98 169 149 159 237 43 184 144 155 58 207 150 154 115 118 77 209 141 188 155 243 146 202 45 178 278 136 160 175 122 178 156 221 103 246 128 160 230 180 231 298 248 56 91 44 145 79 249 131 138 194 148 78 126 115 52 54 102 149 124 115 41 70 174 204 201 230 171 40 231 89 79 228 57 29 144 275 254 48
 28 140 250 248 57 133 220 114 236 176 197 178 118 208 89 113 82 145 231 28 1 192 58 22 14 160 200 247 198 110 160 242 198 225 161 267 215 202 150 97 101 209 108 177 48 108 97 279 162 89 226 70 237 91 217 229 120 155 192 195 93 171 146 115 140 110 136 77 153 164 238 74 113 193 142 154 54 61 272 154 172 131 251 95 83 248 201 129 144 29 315 249 62 106 169 186 67 129 250 119 225 128 162 202 272 155 209 240 59 103 54 149 246 179 45 167 270 292 115 210 60 95 147 127 185 254 39 157 119 169 72 201 176 130 88 143 104 186 156 170 180 260 122 199 60 195 295 133 151 148 149 198 182 199 125 270 155 174 237 169 212 315 266 67 115 70 119 106 231 127 160 167 124 70 137 127 59 33 129 155 100 132 65 50 201 180 226 210 184 65 256 100 103 247 75 30 145 259 240 37
 219 275 313 436 173 74 135 155 106 53 353 32 226 28 183 203 270 182 40 171 192 1 153 184 205 230 391 286 24 291 217 357 149 370 345 454 192 251 291 99 266 400 90 349 180 288 239 313 136 269 400 131 90 180 388 412 157 44 41 361 106 244 91 260 280 301 69 239 245 305 358 263 99 356 124 264 210 227 316 345 217 259 352 227 206 435 342 304 190 165 357 429 199 287 268 309 163 232 361 309 352 99 60 394 303 159 375 418 234 121 159 244 300 265 232 339 459 346 250 352 251 152 338 318 144 310 165 325 267 259 200 365 149 274 262 164 123 308 244 260 188 313 265 350 135 44 345 154 323 318 139 241 152 390 186 86 130 262 348 217 298 354 307 131 84 158 279 133 311 288 198 338 315 245 249 237 209 223 129 283 246 67 131 199 156 371 204 300 70 165 85 108 165 284 118 166 290 444 422 178
 77 192 289 301 88 84 214 130 218 126 253 132 94 163 50 148 136 96 191 58 58 153 1 40 69 124 244 279 164 166 119 293 201 280 216 320 228 235 148 56 115 259 64 234 28 165 148 312 165 118 283 24 214 50 274 284 136 111 162 252 48 208 91 168 137 158 111 131 194 218 289 129 99 249 143 200 58 75 307 202 128 120 299 142 63 302 255 153 98 39 351 304 49 136 146 176 20 103 300 171 278 117 111 247 303 167 266 296 115 102 74 191 282 220 102 224 323 330 165 265 108 41 194 176 188 291 19 175 120 210 115 258 182 129 110 159 103 175 196 143 198 297 120 255 31 146 332 79 208 167 154 228 188 245 152 235 157 216 286 126 186 350 300 25 91 90 129 112 204 183 185 188 169 127 182 171 108 88 132 205 98 88 57 47 205 223 240 186 131 90 227 48 125 279 46 31 199 313 295 28
 38 161 269 263 71 120 225 124 236 163 217 167 100 198 69 130 97 125 223 38 22 184 40 1 31 141 208 264 192 128 140 263 206 245 177 281 226 219 138 86 94 221 97 195 28 127 118 296 170 88 245 56 236 70 236 245 131 145 187 214 81 188 130 135 128 120 133 97 171 185 259 90 113 212 148 174 40 52 290 165 151 116 272 115 65 263 221 127 123 26 333 265 44 106 152 173 47 111 271 132 246 129 148 211 289 165 228 257 79 107 63 168 264 197 64 186 284 310 135 231 70 75 157 138 193 272 22 153 108 188 91 221 184 118 84 154 108 172 175 152 192 278 110 220 51 182 313 113 170 144 157 214 191 208 139 264 162 193 257 149 195 333 283 55 112 81 111 113 213 147 174 164 133 90 156 147 79 50 136 175 87 121 65 33 209 188 237 194 169 77 252 85 115 264 68 20 166 274 256 16
 17 134 248 236 62 146 229 120 246 189 187 190 121 221 96 114 69 153 244 38 14 205 69 31 1 165 187 247 210 98 166 236 206 216 148 254 221 203 147 110 96 196 120 165 56 97 92 279 170 81 215 82 248 98 206 217 126 168 204 184 106 170 158 108 138 97 148 69 151 156 231 61 124 182 150 150 55 59 271 141 178 130 246 91 87 236 192 121 151 41 314 236 66 96 170 185 77 131 244 106 218 138 174 190 272 161 198 228 50 112 62 147 245 176 34 156 258 290 110 202 48 105 134 114 193 252 51 150 116 167 72 190 183 127 82 149 113 185 155 173 184 259 120 190 73 208 293 143 140 140 156 199 189 186 128 282 163 172 231 175 213 314 266 80 127 77 114 114 233 118 163 159 112 60 133 125 56 20 137 149 98 145 77 54 208 168 231 212 196 71 268 112 108 247 88 43 138 246 227 46
 160 298 408 345 207 161 328 252 321 182 343 200 49 227 75 268 209 50 259 174 160 230 124 141 165 1 266 401 249 244 17 399 319 374 280 363 349 356 94 160 118 294 161 312 114 245 256 433 285 143 354 139 312 75 349 342 259 189 256 333 151 327 140 272 88 206 218 232 311 319 395 205 216 334 262 313 112 117 428 240 27 68 410 254 79 350 353 150 41 157 471 363 100 155 44 89 105 40 408 227 380 233 172 268 425 289 346 360 211 223 195 307 403 337 191 304 362 449 274 362 171 92 231 223 307 410 133 150 93 327 230 341 302 91 130 282 225 88 314 33 320 416 88 348 153 201 452 77 290 149 275 350 308 270 274 313 277 333 395 24 69 471 421 142 202 212 113 234 84 277 307 164 206 220 296 286 218 176 253 313 89 172 179 112 324 244 361 71 173 211 314 138 247 401 164 147 300 362 352 127
 173 207 333 88 234 327 401 286 426 369 179 374 224 405 239 253 128 288 430 223 200 391 244 208 187 266 1 351 397 126 278 267 372 209 94 105 372 318 179 294 152 38 304 135 219 131 201 377 339 134 140 263 431 243 145 107 291 352 389 153 288 283 332 193 182 91 334 181 259 200 258 135 307 160 324 241 192 176 363 49 290 199 292 213 213 98 207 117 281 227 395 125 208 116 238 212 241 229 278 90 241 320 355 4 375 322 157 131 171 293 243 256 339 274 165 135 101 368 208 210 140 265 55 76 360 340 229 125 173 266 222 161 348 177 145 308 293 213 264 249 333 347 179 189 257 389 373 294 137 122 325 320 354 9 277 468 334 270 269 288 267 398 363 262 313 252 153 290 282 165 306 114 77 165 235 237 203 170 311 218 182 329 263 202 372 23 379 262 373 245 453 292 271 354 274 226 192 109 112 217
 259 145 38 333 195 291 174 155 220 318 193 301 363 314 327 135 248 373 309 228 247 286 279 264 247 401 351 1 270 231 397 127 144 181 259 342 104 46 392 264 338 332 270 226 288 227 166 34 152 316 258 270 241 327 244 292 149 286 251 219 270 78 321 164 383 287 231 194 100 154 134 246 210 210 167 112 299 304 31 309 407 376 103 161 327 324 163 352 375 245 74 297 306 324 414 431 297 373 121 273 143 199 310 353 27 131 225 281 214 192 206 104 22 80 234 222 353 60 153 167 271 317 309 290 145 31 268 382 362 88 176 214 139 372 322 131 190 430 96 415 99 30 365 183 253 323 59 351 216 372 151 52 136 344 128 303 158 83 117 404 457 73 22 265 231 190 356 178 476 188 98 387 305 212 123 127 192 245 168 134 344 280 228 295 138 344 96 456 335 191 275 285 156 5 248 255 160 326 300 275
 225 269 298 438 173 90 114 147 83 76 348 54 242 48 198 196 274 201 42 175 198 24 164 192 210 249 397 270 1 293 236 347 131 364 346 455 174 237 306 109 278 404 101 347 191 289 235 296 121 278 398 141 67 195 386 412 148 61 20 358 117 232 111 257 295 306 66 238 236 299 348 266 96 353 112 256 221 237 300 350 237 275 340 223 220 436 336 315 210 171 340 429 211 297 286 326 176 248 350 313 344 91 81 399 285 146 372 417 236 117 159 235 284 254 235 337 461 330 245 345 258 168 343 323 127 295 174 337 281 249 197 361 132 288 272 152 118 325 235 278 173 298 279 345 142 67 328 173 322 330 126 227 135 395 177 73 116 252 338 237 317 337 290 141 85 156 291 127 331 286 185 350 321 246 242 230 208 228 119 276 259 81 135 210 137 377 185 320 93 163 66 121 158 268 125 173 285 445 422 187
 93 88 218 147 121 239 280 166 309 283 101 281 197 311 186 129 36 244 330 123 110 291 166 128 98 244 126 231 293 1 249 172 249 133 54 164 248 195 192 202 138 119 213 70 150 6 77 260 218 111 118 178 317 189 110 122 170 259 282 90 200 160 255 69 187 59 227 59 136 91 165 41 198 91 206 120 136 128 247 80 262 191 191 88 169 144 116 135 240 135 284 141 152 110 236 233 172 206 183 43 149 208 268 128 257 199 104 131 58 180 134 132 222 153 66 61 169 257 83 124 74 201 79 59 238 225 148 163 167 145 102 98 226 177 122 185 179 233 141 242 208 232 173 107 166 300 262 238 47 154 204 196 231 121 153 360 214 149 171 259 277 286 245 175 209 138 154 174 295 47 181 164 76 48 111 112 86 79 193 101 160 237 162 141 249 115 254 273 291 131 342 208 151 234 179 139 77 153 133 142
 163 299 406 355 205 149 318 247 310 168 347 186 56 212 73 265 215 36 245 172 160 217 119 140 166 17 278 397 236 249 1 401 311 378 288 374 342 353 109 150 128 305 151 318 113 250 256 430 278 152 361 132 300 72 356 351 254 176 243 339 142 325 126 273 102 214 208 234 309 321 397 210 207 339 255 313 115 123 425 250 14 82 411 254 82 360 356 162 28 154 469 372 102 165 60 105 101 50 409 235 383 225 158 280 422 283 352 368 214 216 192 306 400 335 194 309 373 447 274 365 177 84 241 232 299 408 131 164 106 326 229 347 294 104 139 276 218 104 312 49 314 414 100 352 147 186 449 64 295 163 268 347 301 282 270 299 269 331 396 11 82 468 418 136 192 209 125 228 96 280 303 178 215 223 295 285 218 179 246 314 98 161 173 114 316 256 354 85 158 208 300 128 243 397 157 144 302 372 361 126
 241 103 92 226 209 336 275 204 320 373 89 362 354 383 330 158 202 386 389 236 242 357 293 263 236 399 267 127 347 172 401 1 241 64 175 231 211 126 361 301 306 239 310 133 290 169 146 137 231 279 146 293 338 332 134 184 202 343 330 116 304 117 362 129 355 230 291 168 113 83 10 204 263 108 236 97 288 286 121 235 413 355 29 151 321 215 61 306 385 254 138 184 301 281 399 402 307 364 12 210 27 260 362 268 141 205 117 168 189 241 226 115 107 95 209 133 242 112 128 57 237 333 238 224 236 101 276 334 335 99 180 108 226 345 289 196 239 403 114 404 186 106 339 78 276 384 119 371 136 325 223 136 226 259 172 396 234 97 11 410 442 142 125 288 282 216 323 227 461 128 166 334 244 180 114 126 186 224 229 88 323 328 256 288 237 266 208 439 388 212 370 317 195 131 279 263 101 214 189 277
 222 191 176 388 146 175 36 89 80 190 268 170 293 176 249 123 246 279 168 172 198 149 201 206 206 319 372 144 131 249 311 241 1 274 297 402 44 119 343 162 298 367 163 283 221 245 175 168 37 286 329 182 99 248 315 353 83 161 111 286 170 128 206 191 332 287 109 193 142 218 245 240 104 279 59 165 244 257 173 324 317 318 228 163 261 382 247 326 285 181 211 366 243 301 345 374 219 303 241 284 245 87 186 375 157 52 298 351 203 101 145 142 161 150 214 274 410 203 176 256 249 228 320 298 14 172 199 355 313 148 151 286 25 323 286 66 99 374 138 342 56 173 314 262 171 190 201 253 261 345 51 109 20 368 98 160 45 149 231 315 384 208 163 179 120 130 316 94 402 223 81 364 305 208 158 150 171 215 71 191 291 162 146 236 7 357 56 385 208 136 133 184 103 141 157 189 210 388 363 211
 217 97 151 163 206 337 309 218 350 378 35 370 327 395 311 169 167 368 405 226 225 370 280 245 216 374 209 181 364 133 378 64 274 1 121 168 251 169 323 300 271 179 310 77 271 131 137 197 257 243 83 285 365 313 71 121 218 349 348 57 301 148 360 116 319 186 303 150 134 67 55 171 273 51 256 112 264 258 181 182 391 323 92 147 297 151 29 263 366 243 201 121 278 241 368 365 291 337 74 164 41 274 365 210 199 231 55 105 167 250 223 134 163 127 185 81 179 175 123 20 205 319 187 177 267 159 262 290 300 127 177 49 255 309 254 219 249 365 137 374 220 165 305 28 270 391 181 357 90 281 246 177 257 201 189 421 257 127 70 388 409 205 184 281 290 217 286 238 428 99 194 287 198 157 124 135 175 201 247 89 292 331 255 266 271 211 251 406 390 212 396 313 207 185 276 250 84 151 126 261
 140 118 240 94 174 292 329 216 360 335 88 334 233 364 230 175 81 287 383 176 161 345 216 177 148 280 94 259 346 54 288 175 297 121 1 111 291 229 214 254 167 74 266 44 198 58 123 284 268 139 74 230 369 233 71 69 219 312 335 65 252 195 305 109 212 76 281 110 171 107 166 88 251 71 257 152 179 168 270 63 301 220 199 135 210 91 115 150 282 187 302 89 196 132 265 254 220 241 186 54 149 260 321 96 283 247 74 82 111 232 187 169 247 183 117 43 117 275 124 119 115 248 68 62 286 247 198 174 195 177 153 75 274 203 152 233 232 255 176 274 252 254 201 98 218 353 280 284 44 166 254 232 278 87 200 413 264 180 176 298 303 304 270 227 262 191 178 226 321 77 224 170 83 101 148 152 139 129 244 127 193 290 215 186 296 93 296 299 343 184 394 259 201 262 231 190 101 100 80 190
 244 214 315 20 284 398 435 324 468 442 150 442 319 472 326 281 186 380 492 284 267 454 320 281 254 363 105 342 455 164 374 231 402 168 111 1 391 320 281 362 247 71 373 122 298 167 229 361 375 224 86 335 478 330 100 52 327 420 444 125 359 290 410 213 283 166 390 220 268 194 222 194 361 134 365 246 275 261 346 125 387 297 259 242 302 21 181 217 373 294 368 48 292 209 339 315 321 325 241 150 207 370 427 103 363 352 118 64 221 342 297 266 326 274 224 129 12 342 227 179 214 348 134 147 392 323 302 228 272 269 263 129 379 276 237 339 341 316 273 349 354 330 277 161 325 460 348 381 142 224 361 325 383 98 306 523 372 272 237 384 370 372 348 333 371 301 252 335 385 180 326 218 160 210 247 254 249 235 352 219 276 398 324 284 401 124 394 365 449 294 504 365 309 346 339 296 196 18 44 293
 236 178 137 378 160 213 71 103 118 231 250 212 319 219 277 121 250 312 211 190 215 192 228 226 221 349 372 104 174 248 342 211 44 251 291 391 1 86 363 195 315 363 198 270 245 243 172 125 67 300 314 212 139 276 299 341 96 201 154 271 203 105 244 183 353 291 148 194 124 201 215 245 137 263 89 147 265 275 131 325 349 341 194 161 286 371 226 340 317 202 169 352 266 313 372 398 246 329 209 285 218 121 227 375 114 62 281 336 208 127 164 126 121 125 222 263 400 161 168 233 259 259 322 301 50 132 223 369 333 126 157 269 50 343 301 73 126 397 120 370 40 133 335 242 198 232 159 287 252 360 75 76 44 368 98 200 75 125 201 347 413 165 121 208 155 147 334 117 430 215 68 377 310 211 145 140 177 227 97 174 313 200 172 257 38 360 14 413 249 151 172 218 114 100 186 212 196 376 350 234
 215 112 63 309 150 250 152 112 198 279 173 264 318 279 282 91 209 329 277 183 202 251 235 219 203 356 318 46 237 195 353 126 119 169 229 320 86 1 348 221 295 302 228 201 244 190 126 78 117 274 239 226 217 282 224 270 107 247 218 197 227 37 280 127 339 248 192 153 61 128 131 206 169 188 129 78 255 261 73 274 362 332 110 119 283 301 146 310 331 200 118 278 262 283 370 387 253 329 125 236 135 160 271 320 71 93 206 262 173 150 162 64 51 48 192 195 330 99 114 152 229 273 273 253 116 61 224 341 318 53 132 194 107 329 279 90 148 387 56 370 66 65 321 164 209 285 100 307 186 331 114 11 106 312 84 277 122 50 116 360 413 116 66 221 190 145 313 136 432 154 56 346 267 171 85 86 149 202 128 104 300 239 184 251 114 309 83 412 296 146 250 242 112 46 204 210 129 304 278 231
 134 265 390 263 205 218 360 262 365 251 290 264 68 294 109 259 160 132 326 174 150 291 148 138 147 94 179 392 306 192 109 361 343 323 214 281 363 348 1 201 56 211 207 252 124 194 230 423 306 82 286 170 361 112 284 268 268 248 307 275 192 314 207 239 12 140 258 202 294 279 355 158 245 277 285 289 99 90 415 163 120 33 377 233 87 270 307 67 122 163 456 289 101 84 60 43 132 66 371 162 338 263 238 182 417 302 286 288 181 243 201 290 389 318 160 246 279 431 246 315 126 140 154 153 330 394 145 57 31 308 218 283 322 21 73 291 245 43 298 72 328 401 30 297 176 271 435 150 235 59 294 345 328 185 273 376 299 314 358 118 91 457 410 172 238 218 39 250 108 233 309 71 133 186 273 267 200 148 273 280 52 226 198 108 346 158 374 87 247 213 370 185 252 392 193 154 261 282 276 133
 122 206 280 344 95 39 169 110 167 82 277 82 141 113 95 145 177 119 137 80 97 99 56 86 110 160 294 264 109 202 150 301 162 300 254 362 195 221 201 1 170 305 12 265 83 200 164 295 130 171 316 33 161 93 306 323 116 60 108 280 10 201 62 185 190 205 60 155 193 234 299 169 59 277 107 205 113 130 293 249 156 171 302 155 114 343 273 207 124 69 337 341 103 189 190 225 69 149 307 215 290 76 68 297 286 139 295 332 146 73 78 190 271 217 139 255 366 319 179 283 155 69 241 222 150 280 67 229 174 209 124 285 147 182 164 135 75 224 194 185 172 285 173 277 38 99 320 93 239 222 122 213 152 293 140 181 121 213 293 154 226 335 285 33 43 86 184 87 243 208 167 242 218 157 187 176 127 128 101 217 152 37 46 102 167 273 208 228 92 90 172 24 112 263 25 69 217 353 333 80
 81 210 335 228 156 195 318 214 328 234 238 243 73 275 92 207 105 137 303 127 101 266 115 94 96 118 152 338 278 138 128 306 298 271 167 247 315 295 56 170 1 178 178 202 88 141 175 369 262 29 240 138 327 96 236 226 220 224 276 224 162 260 192 184 50 91 223 147 239 224 300 103 206 226 241 234 58 43 360 123 141 55 322 178 66 233 253 41 130 119 401 247 69 38 100 97 104 79 316 113 284 222 219 155 364 254 236 244 126 200 154 236 334 263 105 195 246 377 191 261 71 122 114 107 285 340 107 61 30 254 165 233 276 40 18 243 201 98 243 108 279 347 36 244 139 254 380 145 183 53 248 292 282 155 222 349 254 259 304 138 140 402 355 138 202 170 20 205 158 179 258 73 89 130 219 212 147 94 228 225 31 201 157 69 301 130 325 136 233 165 341 160 203 339 157 112 207 245 235 93
 184 191 311 53 236 340 398 283 426 383 151 386 250 416 260 246 131 312 439 230 209 400 259 221 196 294 38 332 404 119 305 239 367 179 74 71 363 302 211 305 178 1 315 109 235 123 193 356 336 156 105 276 433 264 112 71 287 363 395 124 300 268 348 181 213 102 339 176 245 179 230 139 312 132 323 225 210 195 342 58 318 228 265 205 235 61 181 147 305 237 371 87 227 141 269 246 258 256 250 92 213 322 368 37 355 316 125 94 171 295 246 242 319 256 170 112 70 344 196 183 152 284 67 84 355 319 242 159 202 250 219 132 343 206 168 302 294 247 250 279 324 326 208 162 268 402 350 315 117 154 322 305 348 30 270 474 332 254 242 315 300 374 342 274 319 253 182 290 316 150 296 149 93 163 221 225 202 178 310 200 207 340 270 220 367 54 368 295 388 246 457 305 268 335 283 237 174 73 75 232
 133 216 288 355 105 28 168 117 163 71 288 71 145 102 100 154 188 118 128 91 108 90 64 97 120 161 304 270 101 213 151 310 163 310 266 373 198 228 207 12 178 315 1 276 91 211 174 301 133 180 327 42 156 97 317 334 122 49 101 291 17 209 53 196 195 215 58 166 202 245 309 180 63 288 111 214 121 138 300 260 155 176 311 165 121 354 283 216 124 80 344 353 111 199 193 229 76 153 316 226 300 78 57 307 292 144 306 343 157 79 88 199 278 226 150 266 377 326 189 293 165 72 252 233 152 288 77 237 181 218 135 296 150 189 173 141 81 228 202 187 177 292 180 287 49 88 327 91 250 230 126 220 155 304 147 172 124 222 303 154 228 342 291 43 44 96 191 93 244 219 173 250 228 168 197 185 138 139 106 227 159 26 57 110 168 283 211 230 81 100 165 24 120 269 36 80 228 364 345 89
 161 94 203 110 177 303 316 208 351 346 45 342 264 370 255 162 104 313 386 186 177 349 234 195 165 312 135 226 347 70 318 133 283 77 44 122 270 201 252 265 202 109 276 1 219 70 114 249 257 174 52 244 362 258 42 72 210 320 334 23 264 169 320 94 249 113 282 111 148 74 124 110 252 28 249 125 205 196 234 106 331 255 158 126 237 102 73 190 309 200 263 85 221 169 301 293 241 273 144 91 107 258 332 136 249 233 36 71 121 231 192 146 212 154 133 11 131 236 108 77 142 269 111 102 272 211 215 215 231 149 151 32 260 240 186 220 230 294 152 308 233 218 237 56 230 362 242 306 27 207 243 205 264 127 187 411 255 152 135 328 340 266 235 240 266 192 215 223 358 63 205 212 123 109 127 134 141 147 237 98 226 299 222 210 281 136 273 336 356 185 390 273 194 230 241 205 75 107 81 210
 59 188 294 280 94 111 237 144 243 152 243 159 76 190 42 155 118 98 218 61 48 180 28 28 56 114 219 288 191 150 113 290 221 271 198 298 245 244 124 83 88 235 91 219 1 150 145 321 185 91 267 51 241 43 259 265 151 138 189 238 75 214 114 162 113 135 137 124 197 211 286 111 122 237 163 201 31 48 315 178 124 98 298 141 42 281 248 125 97 45 358 286 23 109 129 154 24 87 298 150 273 140 137 222 313 184 252 278 105 121 84 194 289 224 88 210 301 336 162 257 86 51 170 153 208 297 23 148 95 214 117 245 201 104 83 174 123 154 200 128 212 303 95 245 54 172 338 88 194 140 173 238 207 220 162 263 177 219 284 122 171 358 308 51 116 102 103 130 190 173 197 160 144 116 183 173 106 73 152 202 73 115 76 20 225 198 256 170 155 99 254 75 137 288 71 35 193 292 276 14
 92 83 214 150 118 237 276 161 305 281 99 279 198 308 186 124 37 244 327 120 108 288 165 127 97 245 131 227 289 6 250 169 245 131 58 167 243 190 194 200 141 123 211 70 150 1 72 255 214 113 119 176 313 189 110 124 165 256 278 90 197 155 253 64 189 63 224 55 131 88 162 42 195 90 202 115 137 129 243 85 263 193 188 83 169 148 114 138 240 133 279 143 152 113 238 236 172 207 179 48 145 204 266 133 252 194 104 133 55 176 131 127 217 148 64 61 173 253 78 122 75 200 84 64 233 220 147 167 170 140 98 98 221 179 124 180 175 236 136 244 203 227 175 105 164 298 257 237 46 158 200 191 226 126 148 357 210 144 167 260 279 281 240 173 206 135 156 170 298 43 176 168 81 44 106 107 82 78 189 97 161 235 159 141 245 120 249 276 289 128 338 206 146 229 176 137 73 157 135 141
 100 45 161 214 70 201 207 96 240 242 115 236 212 262 185 54 84 241 275 92 97 239 148 118 92 256 201 166 235 77 256 146 175 137 123 229 172 126 230 164 175 193 174 114 145 72 1 197 146 152 164 150 250 187 152 182 99 214 222 124 165 90 224 23 222 124 171 29 67 72 143 81 141 118 137 60 146 146 187 155 268 218 155 14 178 209 110 187 240 110 228 197 157 159 260 270 161 222 154 115 131 146 229 204 192 125 138 184 50 120 87 63 161 90 71 104 237 203 19 120 106 188 152 131 164 166 131 217 201 80 41 127 152 211 158 111 118 270 71 263 133 173 205 114 134 257 206 226 89 207 132 125 157 197 78 299 143 86 141 265 303 229 183 146 156 82 193 110 322 52 105 222 143 47 45 40 41 84 125 59 186 195 119 145 175 189 178 301 254 77 278 177 82 168 140 118 55 217 192 132
 291 173 47 354 227 321 194 187 240 347 213 330 395 341 359 167 278 405 334 261 279 313 312 296 279 433 377 34 296 260 430 137 168 197 284 361 125 78 423 295 369 356 301 249 321 255 197 1 179 347 276 302 262 359 263 312 181 315 277 239 302 110 352 194 415 316 260 225 131 178 145 276 241 230 196 141 332 337 17 336 439 408 110 192 360 343 182 382 408 278 45 316 339 355 447 463 330 406 130 301 157 229 340 379 12 161 244 299 246 224 239 135 39 109 266 246 372 41 183 184 302 349 336 318 170 39 301 413 394 118 208 234 165 404 353 162 221 462 127 447 128 32 397 202 285 351 37 383 241 403 180 84 162 370 161 323 186 113 129 437 490 42 16 297 261 222 388 210 509 215 130 417 334 243 154 158 224 276 198 160 376 310 260 328 162 371 115 488 365 223 295 317 188 34 279 287 186 345 319 308
 186 168 178 360 111 148 63 54 96 169 247 151 258 163 214 95 213 247 162 135 162 136 165 170 170 285 339 152 121 218 278 231 37 257 268 375 67 117 306 130 262 336 133 257 185 214 146 179 1 250 305 148 110 213 292 326 50 138 102 263 138 115 179 163 296 253 83 161 124 196 233 206 71 256 24 146 208 220 182 291 284 282 222 134 225 354 229 290 252 145 223 340 207 265 310 338 184 268 233 251 231 55 163 342 169 27 275 326 169 65 109 124 165 138 179 248 382 211 149 238 213 195 287 265 24 175 163 318 277 134 118 263 18 287 249 39 63 338 121 307 53 178 278 242 135 172 210 221 234 309 16 107 24 336 71 166 10 136 222 282 350 221 172 144 89 94 279 58 367 196 67 328 271 176 136 126 137 180 35 171 255 135 110 199 41 324 80 350 187 100 141 152 69 149 122 153 186 361 337 175
 65 184 312 205 142 200 309 200 323 241 210 248 97 280 106 188 78 157 307 116 89 269 118 88 81 143 134 316 278 111 152 279 286 243 139 224 300 274 82 171 29 156 180 174 91 113 152 347 250 1 213 139 323 110 209 200 206 228 275 196 164 239 202 159 77 64 220 124 217 197 273 77 199 198 230 210 61 44 338 99 165 82 296 156 81 209 226 41 151 112 378 221 76 20 128 124 111 104 290 86 257 215 226 136 342 240 208 218 103 191 142 213 311 240 83 167 224 353 167 234 46 133 90 81 273 317 105 70 58 231 146 205 263 67 14 228 192 124 221 136 263 324 64 217 137 261 356 161 155 61 236 271 269 136 205 350 243 236 277 162 167 379 333 139 199 157 44 194 186 152 240 79 65 106 195 190 127 75 217 200 55 204 151 72 288 111 310 164 243 151 339 164 188 317 155 107 180 221 210 92
 209 139 230 81 228 354 363 258 400 397 66 394 306 422 301 211 150 359 438 237 226 400 283 245 215 354 140 258 398 118 361 146 329 83 74 86 314 239 286 316 240 105 327 52 267 119 164 276 305 213 1 294 412 305 15 40 260 371 385 44 314 210 371 144 285 150 334 163 191 114 137 157 303 52 299 168 251 240 261 128 374 294 174 177 282 69 96 221 354 251 283 40 267 204 339 326 289 315 157 128 122 309 383 140 278 281 34 24 171 282 243 189 241 193 182 62 97 257 157 94 186 317 135 134 320 238 265 242 268 189 202 46 308 276 226 268 281 326 195 347 278 245 274 76 281 413 263 354 78 235 292 244 311 131 235 462 304 191 152 371 376 287 263 291 317 243 251 273 393 113 250 237 155 160 172 181 193 196 287 140 266 350 273 257 327 148 316 372 407 237 440 324 244 262 292 255 120 69 44 259
