NAME : domp200p50v4
COMMENT : (Deleplanque et al.) 
TYPE : DOMP
DIMENSION : 200
DISPLAY_DATA_TYPE: NO_DISPLAY
OPEN_FACILITIES : 50
COST_SECTION
 1 416 283 148 243 278 388 388 276 37 262 379 230 254 141 130 241 138 223 114 285 311 94 292 66 302 198 133 236 288 203 359 352 311 176 349 402 318 119 258 238 333 217 454 260 411 226 217 304 106 38 245 163 57 81 246 106 239 153 321 203 218 278 318 50 327 232 112 316 42 212 162 393 115 319 296 308 255 356 461 381 184 76 105 204 263 337 229 177 99 223 186 310 374 343 409 303 370 421 366 198 394 321 126 128 68 169 83 149 198 343 414 135 330 86 210 168 58 113 92 382 40 31 285 84 385 373 324 386 116 226 285 217 350 134 90 316 252 245 203 82 260 265 381 122 17 74 397 232 243 99 322 392 327 41 379 360 107 98 171 273 234 246 321 204 98 402 236 321 104 416 395 398 122 239 242 136 131 346 139 159 84 192 267 157 130 358 183 251 185 287 138 422 219 316 154 73 334 163 382
 416 1 142 292 183 348 201 326 214 390 335 179 320 226 281 372 274 485 245 311 359 141 381 141 358 117 228 365 271 134 226 59 318 119 245 86 336 254 484 165 344 213 332 44 249 58 284 218 159 457 422 181 464 409 458 197 314 237 322 104 345 203 368 143 371 117 342 362 104 399 207 255 100 464 228 167 256 246 206 49 78 274 387 342 273 285 98 394 271 319 380 244 221 58 74 16 169 295 15 305 303 95 198 291 476 351 251 384 343 344 268 41 286 101 460 208 252 377 418 326 216 400 386 319 342 64 89 94 67 301 291 145 199 77 303 463 299 324 203 257 343 215 245 158 485 427 369 136 203 189 352 130 26 162 433 177 295 331 355 343 270 235 333 136 226 340 79 326 101 313 36 279 47 367 315 190 348 393 193 486 291 369 239 186 328 339 174 343 194 307 373 283 24 198 101 272 425 168 253 195
 283 142 1 151 94 229 160 250 170 254 212 139 191 98 159 266 146 344 109 173 241 120 265 17 231 65 122 261 206 11 86 84 228 90 108 110 264 159 344 26 216 131 258 184 127 129 153 124 58 317 285 92 324 271 319 122 189 105 182 40 210 95 248 131 243 49 213 222 72 272 93 123 116 324 136 135 156 190 141 190 142 179 247 226 190 165 55 262 172 189 248 137 124 93 75 132 68 217 151 224 167 116 111 160 336 222 132 266 203 262 183 154 165 98 320 91 131 252 277 192 166 273 253 204 217 103 140 53 140 168 221 89 75 69 189 323 197 200 131 118 218 89 196 129 345 292 231 132 116 106 235 53 117 83 296 138 213 213 215 204 153 101 271 55 86 201 121 198 78 180 135 218 141 226 188 106 207 253 124 345 150 229 98 130 188 232 120 205 124 219 255 160 154 73 55 157 286 95 123 152
 148 292 151 1 155 166 241 256 225 114 146 232 111 107 98 194 102 194 76 40 177 223 173 156 119 192 127 191 218 159 67 234 222 209 57 243 271 176 193 128 130 186 239 333 116 276 90 149 160 166 140 155 180 123 169 174 97 92 44 190 103 128 176 233 124 189 125 72 205 154 119 64 251 174 173 221 166 221 209 340 277 162 98 143 185 128 202 154 150 84 141 128 164 243 222 283 157 233 300 231 71 253 174 65 186 108 100 168 64 230 202 300 98 226 170 114 97 141 128 67 236 153 123 160 116 250 272 200 279 62 221 189 109 219 127 173 183 133 178 56 115 113 232 235 194 154 83 252 158 162 148 182 267 181 152 232 224 131 65 77 134 87 264 179 67 53 264 120 211 67 285 254 285 78 117 162 62 107 199 196 16 80 54 196 53 166 211 86 179 192 185 94 303 109 197 113 136 188 69 235
 243 183 94 155 1 288 253 333 84 223 268 232 239 165 103 190 203 338 157 155 300 71 198 110 180 68 47 184 113 90 105 133 307 70 99 108 347 240 331 83 263 220 166 216 193 197 202 36 149 306 257 3 331 250 299 30 138 163 197 114 246 28 304 81 195 138 259 221 80 221 37 96 199 315 220 67 235 98 232 224 139 94 233 160 99 228 135 300 89 146 286 62 208 157 114 181 157 302 186 306 203 198 199 124 328 176 75 202 217 173 266 174 109 89 302 42 77 198 275 160 258 222 213 269 164 174 131 101 145 134 128 43 50 137 121 306 272 255 39 154 165 159 105 221 333 256 213 222 24 13 170 145 163 175 268 231 296 150 207 228 221 157 178 148 107 188 198 247 84 145 194 306 158 229 239 14 216 259 216 339 162 216 114 46 205 157 213 234 33 131 312 106 185 51 89 92 269 187 92 245
 278 348 229 166 288 1 191 121 369 244 22 200 56 132 262 357 87 232 132 200 13 342 332 221 276 292 278 355 376 239 185 299 87 316 203 338 132 104 248 219 42 146 403 390 103 306 87 297 190 227 252 288 189 228 250 315 261 128 134 255 77 268 22 353 275 233 47 167 300 301 258 221 265 227 127 350 98 374 164 394 369 323 204 307 345 65 253 74 311 247 68 284 130 291 298 334 180 116 361 107 97 269 154 230 230 264 258 325 132 395 109 373 263 326 247 253 255 294 186 225 176 299 265 32 277 288 369 278 366 227 382 307 240 275 293 247 66 35 321 137 275 141 383 216 247 276 206 242 300 299 311 219 326 188 259 201 107 295 183 109 80 134 427 213 184 191 285 48 306 230 325 149 363 158 52 299 145 157 169 233 152 196 179 333 128 331 190 97 319 356 26 258 367 238 283 276 225 185 226 191
 388 201 160 241 253 191 1 129 328 353 187 24 193 135 297 409 158 397 166 277 199 268 400 143 353 212 274 404 365 165 198 176 131 235 230 235 138 90 406 173 208 57 414 236 133 146 174 281 105 381 376 251 362 355 395 281 318 150 244 153 228 250 211 277 361 123 210 292 211 392 245 251 101 385 75 289 98 349 34 237 254 333 328 363 346 149 136 258 323 312 247 289 81 153 187 186 99 101 215 113 203 106 68 283 392 342 275 397 258 416 86 237 301 233 394 242 273 375 336 303 18 391 363 161 344 139 259 178 246 287 379 244 224 151 331 396 128 184 289 186 344 129 354 44 406 393 319 67 275 264 371 111 186 78 387 26 105 349 297 245 132 155 429 107 197 291 123 194 215 298 168 80 234 289 184 265 269 305 44 399 230 313 205 288 244 375 41 238 282 373 212 296 223 222 190 301 363 67 254 9
 388 326 250 256 333 121 129 1 415 353 132 149 159 173 341 448 156 352 193 295 121 368 428 235 374 312 339 444 438 258 246 292 37 337 274 346 16 94 368 252 158 122 477 363 149 273 168 353 194 347 366 332 308 342 368 362 350 181 237 259 191 321 133 379 376 229 162 278 315 405 313 295 228 347 115 384 100 428 122 365 370 393 316 397 412 129 247 193 382 339 188 350 127 274 300 311 184 34 340 28 192 233 141 316 350 362 328 423 241 473 68 360 343 340 366 309 326 395 304 321 113 404 371 105 371 263 374 285 365 316 448 338 291 266 375 366 75 139 370 209 370 176 436 170 367 388 315 195 351 345 403 215 309 176 374 151 38 384 291 220 125 188 497 209 244 294 250 155 320 322 295 53 355 270 150 345 254 274 137 353 242 306 246 375 233 417 153 209 365 431 128 338 348 289 295 351 342 166 299 134
 276 214 170 225 84 369 328 415 1 266 349 306 319 248 146 184 285 391 239 215 381 75 206 186 211 121 99 177 62 164 186 180 390 103 173 128 429 322 380 164 343 300 122 234 276 245 283 77 227 357 299 85 392 298 345 56 176 245 268 179 322 102 384 72 227 208 338 283 126 244 112 162 260 367 302 48 317 35 311 242 145 94 287 176 78 310 200 376 100 189 362 101 290 208 161 217 236 383 210 388 281 258 279 178 381 211 128 214 287 138 348 189 150 116 349 117 131 222 334 211 335 246 249 351 194 227 133 158 155 188 82 86 131 194 144 353 354 335 49 234 195 242 32 293 383 291 266 288 70 72 184 218 200 252 309 305 378 171 266 301 304 239 121 222 187 247 253 327 125 196 235 386 174 293 320 72 283 322 293 393 235 272 192 41 277 160 288 308 52 110 392 150 206 132 145 129 319 264 157 320
 37 390 254 114 223 244 353 353 266 1 226 345 195 220 124 143 205 130 188 82 250 293 109 262 62 279 180 144 233 260 172 332 317 290 147 327 366 282 116 229 203 298 223 429 224 382 190 200 271 96 34 225 146 36 80 230 91 204 117 293 168 197 244 301 49 296 197 78 293 62 190 136 361 106 283 281 273 248 321 436 360 177 44 106 199 227 308 197 168 79 191 170 275 346 317 383 270 334 396 330 163 363 287 102 120 58 149 98 113 206 307 391 119 309 84 187 148 67 90 65 347 61 28 249 77 356 352 297 365 91 225 265 192 322 125 88 280 216 230 168 75 226 259 348 119 41 39 364 215 225 103 291 366 293 46 345 325 103 62 136 237 200 252 289 172 63 372 201 298 80 388 359 375 88 204 224 100 101 312 131 124 48 160 252 121 134 324 148 235 185 253 120 397 193 291 140 57 301 138 348
 262 335 212 146 268 22 187 132 349 226 1 193 36 115 242 337 68 224 112 181 33 323 313 204 257 274 257 335 356 222 165 284 96 298 183 321 144 98 238 201 27 138 383 377 87 295 67 276 176 216 236 268 182 213 237 295 241 110 115 240 60 248 37 334 256 219 31 150 283 282 238 200 255 217 119 331 91 353 158 381 352 303 188 287 325 50 238 72 291 227 62 264 120 278 282 321 166 122 347 114 77 259 144 210 221 245 238 306 114 375 108 358 242 309 235 233 234 275 174 206 173 281 247 30 257 275 352 262 350 207 361 289 220 260 272 236 67 15 301 117 256 125 363 208 237 260 189 234 280 279 291 205 312 176 244 195 112 275 166 92 66 115 407 200 164 172 275 28 289 210 313 154 348 141 31 279 127 143 161 225 131 179 159 313 109 311 182 80 299 336 44 238 353 218 266 255 211 174 205 186
 379 179 139 232 232 200 24 149 306 345 193 1 195 127 282 393 156 396 158 267 208 245 386 123 341 189 256 388 344 144 185 152 147 212 217 212 159 97 404 154 212 57 395 215 130 125 172 262 87 378 369 231 362 349 390 260 304 142 239 130 229 231 220 255 349 100 213 287 188 380 227 237 80 382 77 266 104 328 37 216 231 315 322 348 327 151 113 263 306 299 252 271 78 130 164 164 83 120 193 131 200 85 60 270 390 331 259 384 255 398 99 215 286 210 389 224 257 363 334 292 38 380 353 169 331 117 236 155 223 275 359 222 206 128 315 392 138 188 269 178 331 120 333 22 404 384 312 48 255 244 356 90 163 60 380 3 122 335 290 243 133 146 409 86 184 283 102 197 192 286 147 101 211 285 186 245 265 303 36 398 222 306 193 266 240 360 22 237 262 354 222 281 201 204 167 285 358 49 239 17
 230 320 191 111 239 56 193 159 319 195 36 195 1 96 207 302 48 207 85 146 67 297 279 185 222 251 225 300 323 201 135 267 123 274 150 299 173 106 218 177 26 139 348 363 73 285 39 245 162 194 207 239 169 184 213 264 206 87 81 222 36 217 67 308 222 205 23 120 260 249 208 167 248 197 120 303 97 321 162 368 332 269 158 252 291 46 223 75 257 193 61 231 118 264 263 308 154 144 332 138 42 251 140 175 202 211 204 272 83 340 123 341 208 286 211 202 201 241 150 171 181 248 214 55 223 264 330 242 330 172 327 262 190 245 238 212 88 23 271 86 221 107 331 207 218 229 157 232 250 249 256 191 297 168 216 196 134 240 134 62 63 91 373 186 133 139 266 10 267 176 301 173 329 112 11 249 96 119 161 208 97 148 127 284 76 276 180 51 269 302 76 203 338 189 245 221 185 168 171 190
 254 226 98 107 165 132 135 173 248 220 115 127 96 1 174 284 50 277 32 144 144 212 270 91 221 161 167 280 266 108 74 172 144 185 105 207 188 81 282 89 120 81 305 269 30 194 60 181 69 256 243 164 248 224 266 193 189 17 114 127 121 150 151 223 227 110 118 162 169 258 142 126 160 261 70 222 74 258 103 274 239 222 197 235 240 68 129 169 211 181 155 178 60 170 169 213 62 144 237 146 82 163 68 153 270 210 157 267 133 303 109 246 176 195 266 137 155 243 212 170 130 258 229 108 214 171 238 149 237 156 276 178 120 150 208 268 108 103 201 52 213 12 266 132 283 259 186 152 181 176 242 98 202 81 254 127 137 221 165 125 58 21 325 93 73 158 176 102 175 165 208 157 235 162 91 177 141 183 93 278 97 181 77 209 117 252 107 122 197 260 157 171 243 118 152 181 233 86 129 129
 141 281 159 98 103 262 297 341 146 124 242 282 207 174 1 113 189 247 149 74 273 171 107 172 79 165 58 108 125 161 101 226 309 171 70 210 356 253 237 136 227 250 142 316 194 284 180 77 197 213 157 105 249 154 202 107 36 163 138 194 200 79 272 178 93 207 222 142 179 120 75 49 274 223 242 158 245 133 269 324 241 66 142 68 90 217 212 249 54 46 237 47 231 245 208 276 200 315 285 315 166 275 232 37 237 74 30 108 154 134 281 275 7 191 206 74 30 97 190 67 297 120 111 253 62 258 232 191 247 45 124 145 86 222 35 210 270 228 107 134 63 175 144 278 239 154 122 287 92 103 77 207 258 224 168 282 307 55 123 172 218 156 167 208 103 104 279 216 183 51 285 330 259 153 212 102 147 181 255 248 112 128 98 129 147 79 261 182 112 95 281 6 285 88 181 18 175 234 45 290
 130 372 266 194 190 357 409 448 184 143 337 393 302 284 113 1 293 267 258 157 366 241 37 280 87 257 148 8 129 266 213 322 414 255 181 291 462 362 248 245 318 361 92 402 302 385 282 155 308 233 165 192 287 177 210 177 98 272 224 297 286 175 363 245 95 314 312 205 269 89 175 159 381 243 353 219 353 154 381 410 317 99 183 51 107 320 317 327 102 111 317 132 342 345 303 370 312 422 373 422 262 380 344 133 257 97 136 48 232 71 389 358 109 274 215 176 138 77 231 133 408 91 116 353 81 360 307 289 325 133 112 228 192 323 79 219 375 324 172 240 83 285 163 389 251 145 168 396 169 184 47 316 352 335 170 393 414 64 185 254 324 265 120 317 214 171 383 310 272 128 383 439 341 217 309 183 220 238 367 268 208 179 208 193 231 35 372 265 181 75 372 114 371 194 277 110 197 346 157 402
 241 274 146 102 203 87 158 156 285 205 68 156 48 50 189 293 1 241 47 141 99 256 274 139 220 207 196 290 296 156 101 221 122 231 124 255 170 78 250 134 72 102 328 317 28 239 17 214 116 224 224 202 208 202 239 230 196 43 90 176 76 184 104 267 223 158 69 137 216 253 175 144 203 228 83 264 68 291 125 321 287 246 175 243 266 29 177 121 234 185 107 204 79 218 217 261 107 132 285 130 47 206 98 161 236 209 180 269 102 322 103 295 191 242 238 170 177 241 180 167 148 252 220 68 217 217 286 197 285 161 303 222 155 198 222 239 82 55 237 56 216 60 300 166 250 243 169 189 216 214 249 145 250 123 234 157 123 230 145 88 33 48 350 140 100 144 221 54 223 168 255 155 283 133 43 214 114 149 121 243 88 161 98 248 89 264 139 82 234 281 111 186 291 153 200 200 208 124 148 153
 138 485 344 194 338 232 397 352 391 130 224 396 207 277 247 267 241 1 249 184 233 408 231 347 191 384 299 269 362 352 260 427 318 399 246 435 363 312 25 321 198 342 351 526 268 465 226 321 342 36 103 339 48 96 59 350 217 262 166 382 172 311 222 417 177 377 195 123 397 179 302 244 435 26 323 400 302 376 365 533 469 304 107 235 327 251 392 161 295 203 165 292 319 434 415 475 337 345 493 337 198 438 338 217 11 187 268 220 146 333 328 493 242 417 53 298 265 192 68 182 386 177 154 253 207 440 463 394 472 206 354 377 298 411 254 50 290 221 351 233 205 287 387 405 22 124 127 427 334 342 231 368 460 357 98 397 335 232 133 154 267 261 380 364 260 151 450 208 403 197 475 376 478 119 217 341 139 95 361 2 195 123 247 373 161 262 379 161 355 314 228 242 496 298 390 264 75 361 247 394
 223 245 109 76 157 132 166 193 239 188 112 158 85 32 149 258 47 249 1 113 144 213 242 105 191 167 151 254 251 118 56 189 162 189 82 216 208 105 253 93 110 111 286 288 45 218 47 168 94 226 212 157 223 193 236 184 161 17 85 143 103 138 148 224 197 131 107 132 177 228 129 102 187 232 99 220 97 246 134 293 249 203 166 208 223 73 148 155 191 152 140 160 89 190 182 233 89 166 255 167 59 189 99 126 242 180 137 238 104 281 133 261 152 202 236 124 134 213 184 140 161 228 198 113 185 193 246 161 248 128 259 178 109 169 183 238 123 99 191 21 184 40 255 162 254 228 155 181 171 168 215 121 220 110 223 158 158 195 134 100 70 13 307 117 55 127 202 93 183 136 230 183 249 133 84 168 112 155 124 251 65 150 54 202 89 226 138 99 189 239 156 146 260 108 162 159 203 116 106 160
 114 311 173 40 155 200 277 295 215 82 181 267 146 144 74 157 141 184 113 1 210 225 135 181 81 203 118 155 198 179 91 253 260 217 67 253 309 214 178 148 162 224 210 351 154 301 128 141 191 152 113 156 179 100 149 169 62 129 69 212 131 128 208 235 85 215 157 70 217 116 119 61 280 161 211 218 205 205 246 358 287 139 79 107 163 166 226 178 128 48 167 114 201 265 239 303 190 272 318 270 106 282 210 39 174 69 87 129 81 199 241 314 72 235 151 115 85 102 122 28 273 115 87 197 78 275 280 218 291 31 197 194 116 242 97 154 221 168 171 94 77 149 216 268 180 122 60 284 152 159 112 210 287 214 124 267 263 95 53 101 172 124 237 208 91 34 290 154 222 31 307 293 299 80 153 159 73 109 235 185 54 62 79 191 77 132 246 112 174 165 217 69 320 117 213 91 117 222 64 271
 285 359 241 177 300 13 199 121 381 250 33 208 67 144 273 366 99 233 144 210 1 354 341 232 284 304 289 364 388 251 197 311 88 328 215 350 131 113 250 231 49 155 414 401 115 317 99 308 202 230 257 300 189 233 253 326 271 140 143 267 84 280 14 365 283 245 55 174 312 308 270 232 275 229 136 362 107 385 173 405 381 334 210 316 357 77 264 73 322 257 69 296 141 302 310 345 191 119 372 109 108 279 164 240 231 273 269 333 139 405 115 384 273 338 250 265 266 302 189 234 183 307 272 42 286 298 380 290 378 237 393 319 252 286 303 250 73 47 333 149 285 153 395 225 248 281 213 252 312 310 320 230 337 199 264 210 110 304 191 116 91 146 438 224 195 199 296 58 318 240 335 153 374 164 63 311 152 161 178 234 162 203 191 345 136 340 199 104 331 367 15 269 378 250 295 286 230 195 237 199
 311 141 120 223 71 342 268 368 75 293 323 245 297 212 171 241 256 408 213 225 354 1 257 134 247 58 114 235 132 111 167 108 347 34 167 55 382 278 401 124 322 249 193 164 242 173 259 95 175 376 326 70 400 320 369 67 205 215 264 116 309 99 359 12 262 147 318 290 58 285 107 166 191 385 254 27 275 106 256 172 77 143 303 221 137 279 135 363 144 215 348 126 243 137 90 144 185 336 138 342 265 188 228 194 399 244 145 262 285 206 301 119 176 43 372 111 146 262 345 231 277 286 281 319 229 155 66 92 86 205 152 36 115 125 183 376 315 310 71 214 231 204 106 230 403 324 283 222 80 69 230 159 127 197 337 244 332 212 277 294 269 209 194 164 168 258 182 305 56 215 162 334 103 299 296 70 284 328 238 410 229 287 178 50 272 212 229 299 63 172 367 174 134 116 79 157 339 208 162 260
 94 381 265 173 198 332 400 428 206 109 313 386 279 270 107 37 274 231 242 135 341 257 1 278 58 265 153 40 156 267 202 328 394 266 170 303 443 346 212 242 293 349 126 413 285 388 262 165 302 198 129 200 252 142 174 191 83 257 199 299 259 179 337 261 62 313 287 175 277 53 177 150 380 207 339 237 337 179 370 421 332 115 150 40 129 300 318 297 114 91 289 138 329 349 310 377 304 405 383 403 240 380 333 118 221 69 135 12 204 106 373 370 102 285 179 178 135 43 197 109 398 55 82 331 58 363 322 294 339 115 141 239 192 326 79 183 355 301 187 224 59 273 188 383 215 109 137 393 180 194 31 313 359 328 134 385 396 53 155 227 306 251 155 313 203 143 385 286 281 107 388 424 354 187 286 193 192 206 357 232 188 147 196 209 206 48 364 239 195 101 346 107 382 193 283 110 162 338 148 393
 292 141 17 156 110 221 143 235 186 262 204 123 185 91 172 280 139 347 105 181 232 134 278 1 242 78 137 275 222 24 91 84 215 103 117 119 249 145 347 37 210 116 274 183 118 121 147 140 42 320 292 109 325 276 324 138 200 99 183 38 207 111 240 145 253 37 207 225 83 283 108 133 104 327 122 151 143 206 125 189 149 195 252 239 206 156 47 257 187 200 243 152 110 88 79 130 52 203 151 209 164 104 95 170 339 233 145 278 204 278 169 157 177 109 325 106 144 263 280 200 149 283 263 194 229 96 149 59 147 178 237 104 89 65 203 328 185 193 147 117 229 81 212 113 348 301 237 117 133 122 248 37 116 67 303 122 199 226 220 203 143 97 287 39 91 207 111 192 89 189 130 202 145 228 181 123 209 254 108 348 153 235 104 146 189 246 104 203 140 234 246 172 155 87 64 171 291 79 133 136
 66 358 231 119 180 276 353 374 211 62 257 341 222 221 79 87 220 191 191 81 284 247 58 242 1 243 135 87 173 234 158 302 339 249 127 287 388 294 176 206 236 301 162 394 233 358 207 152 260 157 91 182 205 97 139 181 44 207 142 267 203 157 280 254 17 277 230 119 256 43 152 109 344 167 289 232 284 190 323 401 319 119 98 45 140 246 285 241 112 43 232 122 279 319 285 352 261 351 362 349 184 345 286 73 181 13 108 50 148 145 320 353 73 269 143 150 107 23 148 54 350 43 39 275 19 332 310 267 324 67 164 223 160 296 68 147 300 245 180 172 17 225 201 340 179 81 83 353 168 180 43 275 335 285 100 341 342 43 99 170 252 201 191 274 159 87 351 230 261 57 361 372 336 131 230 179 136 152 311 192 133 93 149 203 149 73 320 182 186 124 290 76 362 162 258 90 118 294 109 347
 302 117 65 192 68 292 212 312 121 279 274 189 251 161 165 257 207 384 167 203 304 58 265 78 243 1 112 250 169 55 129 67 292 26 139 52 325 222 380 75 276 192 227 152 190 132 212 103 118 354 312 66 370 302 351 86 199 166 229 60 266 87 310 68 257 90 272 262 15 284 92 145 141 362 198 78 220 147 199 160 87 160 281 226 163 228 80 320 156 205 305 128 187 92 47 114 129 279 120 286 222 139 172 179 375 237 136 268 251 236 245 113 171 36 353 94 137 261 318 215 221 285 272 267 226 110 82 39 89 189 187 36 88 75 187 357 261 262 94 171 227 152 150 174 382 314 263 169 89 75 236 102 96 140 323 188 276 215 252 256 217 161 234 107 129 235 136 258 20 201 127 277 97 269 248 76 252 297 181 385 195 264 141 83 236 224 173 259 85 196 317 167 121 87 25 156 319 151 142 204
 198 228 122 127 47 278 274 339 99 180 257 256 225 167 58 148 196 299 151 118 289 114 153 137 135 112 1 142 101 121 96 176 310 116 76 154 354 246 290 103 248 234 142 262 193 238 192 24 170 266 213 49 296 208 257 52 92 161 170 150 226 28 291 122 150 169 243 186 125 174 30 64 235 275 231 103 240 97 250 270 185 60 193 115 75 223 171 279 51 102 265 17 219 198 157 225 176 309 231 312 186 234 214 83 289 131 32 157 189 143 274 220 63 135 260 33 35 152 239 119 277 175 168 263 117 213 176 142 191 94 110 89 51 176 76 264 272 244 54 142 119 164 107 248 292 211 173 253 36 46 124 173 207 197 224 255 303 104 170 203 220 154 159 175 98 151 236 234 129 103 236 319 204 196 228 46 185 225 234 300 138 178 100 75 179 114 235 211 57 99 300 61 231 53 131 46 228 209 59 267
 133 365 261 191 184 355 404 444 177 144 335 388 300 280 108 8 290 269 254 155 364 235 40 275 87 250 142 1 123 261 208 316 411 248 176 285 459 358 251 239 316 357 87 395 298 378 279 149 303 236 167 186 289 179 213 171 95 268 222 291 284 169 361 238 96 309 311 205 263 92 169 155 375 246 349 213 349 147 376 403 311 93 184 49 100 317 311 326 95 108 316 126 337 339 296 364 307 419 366 418 260 375 339 130 259 97 131 51 230 67 386 351 104 267 218 171 132 79 232 131 404 94 118 350 80 354 300 283 319 130 106 222 187 317 74 222 371 322 165 237 82 281 156 383 254 148 169 391 163 177 46 311 345 330 173 388 410 61 184 252 321 261 115 312 209 170 377 308 266 125 376 435 335 217 307 176 220 238 362 270 206 179 204 186 230 30 367 264 174 68 371 110 364 189 271 105 199 341 152 397
 236 271 206 218 113 376 365 438 62 233 356 344 323 266 125 129 296 362 251 198 388 132 156 222 173 169 101 123 1 201 196 233 409 156 174 186 453 345 348 193 345 329 62 294 293 298 291 87 261 327 264 115 369 267 311 86 147 261 260 223 320 118 389 131 189 249 340 265 177 200 126 158 308 337 328 106 339 28 343 302 205 60 261 133 36 323 245 371 71 162 359 93 316 260 213 273 268 408 269 411 283 306 309 160 351 176 120 165 277 77 372 249 127 172 315 130 123 180 310 187 369 202 212 362 157 278 194 206 215 169 21 134 148 243 109 319 372 342 77 241 159 263 35 333 351 252 241 332 91 101 139 257 256 287 272 343 401 132 246 294 320 254 66 260 197 227 303 331 178 173 290 415 233 276 326 101 270 304 327 363 231 248 199 88 269 110 325 303 86 56 398 130 265 150 193 108 288 299 153 357
 288 134 11 159 90 239 165 258 164 260 222 144 201 108 161 266 156 352 118 179 251 111 267 24 234 55 121 261 201 1 93 76 238 80 114 100 272 168 351 32 226 139 255 176 137 125 163 121 66 324 291 88 333 277 325 117 192 115 190 34 220 94 258 122 246 50 223 229 62 276 92 127 115 331 145 127 165 184 148 182 132 178 254 228 187 175 52 272 170 193 257 136 133 87 66 125 76 226 143 232 176 115 119 164 343 226 133 268 212 259 192 145 167 88 327 91 133 255 285 196 172 276 258 214 220 99 130 44 131 172 217 81 76 64 190 330 207 210 126 127 221 99 190 133 352 298 237 134 112 101 237 56 109 90 302 143 222 215 223 213 163 111 266 60 93 208 119 208 68 184 129 225 132 234 198 102 215 261 131 353 158 236 106 123 197 232 126 215 118 217 265 162 146 74 45 158 293 101 126 158
 203 226 86 67 105 185 198 246 186 172 165 185 135 74 101 213 101 260 56 91 197 167 202 91 158 129 96 208 196 93 1 168 215 148 33 180 261 155 259 62 159 150 232 268 98 212 99 113 103 232 201 105 243 186 234 131 121 66 101 125 143 84 200 178 167 126 155 138 141 198 75 54 191 239 142 170 147 191 170 274 214 149 162 165 168 128 138 197 137 116 183 105 131 177 156 217 104 217 234 219 99 192 133 86 251 148 84 200 123 229 182 235 105 164 235 70 81 180 194 112 197 198 175 168 148 186 210 135 216 92 204 132 56 154 135 238 177 151 138 50 148 74 200 183 260 211 146 196 117 115 173 121 201 128 213 184 210 152 131 128 125 59 253 119 2 116 201 143 147 103 220 230 220 142 135 116 125 170 156 261 67 145 14 150 108 180 163 132 136 187 208 99 237 55 132 108 201 138 57 191
 359 59 84 234 133 299 176 292 180 332 284 152 267 172 226 322 221 427 189 253 311 108 328 84 302 67 176 316 233 76 168 1 279 78 187 63 304 212 426 107 292 174 292 101 198 67 230 168 110 399 364 131 407 351 400 152 259 182 264 47 290 150 319 115 315 67 289 304 57 344 153 198 86 406 186 134 212 210 172 107 79 226 329 289 229 235 48 340 222 262 326 192 177 29 21 52 121 260 68 269 247 82 156 234 418 295 197 331 286 302 230 75 232 67 401 153 197 322 360 269 188 344 329 271 287 48 85 36 73 244 251 100 143 27 250 405 255 273 159 200 287 162 211 133 427 370 311 119 155 141 299 82 35 119 376 151 259 278 297 286 221 180 297 88 168 282 75 274 56 256 61 250 65 309 263 142 290 336 157 428 233 311 181 146 271 289 142 287 150 262 324 227 72 141 46 219 367 128 196 169
 352 318 228 222 307 87 131 37 390 317 96 147 123 144 309 414 122 318 162 260 88 347 394 215 339 292 310 411 409 238 215 279 1 317 242 330 51 71 333 227 122 107 446 358 118 268 133 325 176 311 329 306 275 306 333 336 316 150 201 242 155 293 101 358 341 214 126 242 297 369 285 263 223 312 95 361 74 401 114 360 356 363 280 363 382 95 233 160 351 305 154 320 106 264 284 303 165 34 332 23 157 228 125 282 315 327 297 388 205 442 51 350 311 322 330 280 295 359 269 286 114 368 335 69 337 255 359 268 351 282 418 315 264 253 342 331 40 103 344 176 336 149 410 167 332 352 279 193 324 319 369 199 299 161 338 149 28 350 255 184 92 157 467 193 214 258 246 118 302 288 289 68 343 234 114 319 218 238 127 319 207 270 215 350 197 384 146 173 339 400 97 306 340 262 277 319 306 153 267 133
 311 119 90 209 70 316 235 337 103 290 298 212 274 185 171 255 231 399 189 217 328 34 266 103 249 26 116 248 156 80 148 78 317 1 154 39 350 247 394 98 299 217 216 149 214 144 235 102 143 368 323 68 388 314 364 79 206 189 247 83 288 94 334 44 264 113 295 279 25 289 101 157 159 377 223 58 245 132 223 157 72 157 295 228 155 252 101 342 154 213 327 130 212 106 58 119 154 304 119 311 244 156 196 189 390 244 143 270 269 227 270 106 177 21 366 104 144 266 334 226 244 290 281 292 232 125 65 58 77 200 175 28 102 93 189 370 286 285 85 193 233 177 134 196 396 323 276 189 87 73 238 126 101 164 334 211 301 218 267 276 241 184 220 131 149 249 151 281 23 211 135 301 89 286 272 74 270 315 206 400 213 278 160 70 255 223 196 279 76 190 341 174 117 102 46 161 333 175 154 227
 176 245 108 57 99 203 230 274 173 147 183 217 150 105 70 181 124 246 82 67 215 167 170 117 127 139 76 176 174 114 33 187 242 154 1 190 289 184 242 83 173 181 205 285 126 236 118 97 134 216 178 100 234 165 214 120 89 94 98 147 151 73 216 177 137 152 168 125 152 168 64 22 219 224 173 165 176 173 202 292 224 123 144 133 144 152 162 204 111 85 191 82 162 200 173 237 136 246 252 247 111 220 165 55 237 118 57 168 119 201 212 249 73 172 216 59 54 149 181 84 229 168 146 190 116 210 218 152 227 62 180 134 54 176 104 220 203 169 125 69 116 106 183 214 244 185 126 226 104 107 141 149 221 159 190 216 238 120 114 130 151 87 227 148 34 97 227 159 158 74 242 261 234 132 153 107 118 162 188 247 64 126 29 142 107 148 195 137 125 159 225 68 254 54 147 78 182 169 26 223
 349 86 110 243 108 338 235 346 128 327 321 212 299 207 210 291 255 435 216 253 350 55 303 119 287 52 154 285 186 100 180 63 330 39 190 1 359 261 431 125 324 226 247 112 236 122 261 139 155 404 360 106 422 351 401 115 244 213 280 89 317 132 357 58 302 118 321 314 41 327 139 194 147 413 236 82 260 161 228 120 35 193 332 266 189 274 101 370 191 252 355 168 225 90 49 90 166 314 84 322 272 144 207 227 426 282 181 308 302 259 281 68 215 20 403 141 182 305 370 263 247 328 319 312 270 109 32 63 39 237 206 66 138 85 227 407 302 309 120 222 271 198 160 194 432 361 313 181 124 111 276 132 74 171 372 210 311 256 303 307 261 209 248 138 181 285 135 307 34 249 109 307 51 320 296 111 303 349 212 436 246 314 192 102 288 260 199 310 112 224 363 212 81 137 56 199 369 182 191 228
 402 336 264 271 347 132 138 16 429 366 144 159 173 188 356 462 170 363 208 309 131 382 443 249 388 325 354 459 453 272 261 304 51 350 289 359 1 109 379 266 170 135 492 373 164 283 182 367 208 358 379 346 319 355 380 377 365 196 251 272 203 336 142 392 391 242 175 291 329 419 328 309 238 359 129 398 115 443 133 374 383 408 330 412 427 144 259 203 397 354 199 365 141 286 312 321 197 47 351 43 206 243 155 330 361 377 343 437 255 488 82 371 358 353 378 323 341 409 317 336 122 418 385 118 386 274 386 298 377 330 463 352 306 278 390 378 89 152 385 224 385 191 451 180 378 401 329 204 366 359 418 228 320 189 387 161 52 399 305 233 140 203 512 222 259 308 260 168 334 337 305 60 366 284 164 360 268 287 149 364 256 319 261 389 247 432 165 222 380 446 137 353 359 304 308 366 354 179 314 143
 318 254 159 176 240 104 90 94 322 282 98 97 106 81 253 362 78 312 105 214 113 278 346 145 294 222 246 358 345 168 155 212 71 247 184 261 109 1 322 159 119 44 385 295 62 208 94 260 106 298 301 239 274 279 314 269 265 91 167 173 141 228 124 288 298 146 121 214 227 328 220 205 165 301 27 292 11 335 61 298 288 302 252 312 320 62 165 169 291 256 158 258 36 199 216 240 95 64 268 67 123 169 57 230 307 282 238 342 178 383 29 284 255 253 313 216 235 315 253 241 77 328 297 73 289 192 290 199 283 231 355 246 198 186 287 314 46 95 277 123 288 83 343 113 322 320 246 140 258 252 319 131 234 94 311 98 57 299 223 162 47 98 405 125 153 221 186 106 232 240 228 79 276 209 96 252 190 222 67 313 163 238 156 282 166 330 88 153 272 340 126 250 275 196 207 261 284 88 209 88
 119 484 344 193 331 248 406 368 380 116 238 404 218 282 237 248 250 25 253 178 250 401 212 347 176 380 290 251 348 351 259 426 333 394 242 431 379 322 1 320 212 350 334 525 275 467 234 312 346 28 86 332 70 84 39 341 206 267 169 382 183 304 239 410 161 379 209 124 393 160 296 238 439 23 332 392 313 363 374 532 464 292 100 219 314 262 394 179 283 192 181 283 327 435 413 475 341 359 492 351 205 441 345 209 21 173 259 201 151 315 341 490 232 413 34 292 257 175 71 173 396 158 138 267 192 441 458 392 468 198 339 371 294 411 240 30 303 234 342 236 190 292 374 412 4 104 119 433 325 334 215 371 459 362 79 405 349 218 130 163 277 265 363 367 259 146 453 220 399 188 476 390 475 122 228 334 142 102 369 25 196 117 246 364 166 246 386 170 347 299 246 232 495 294 388 253 63 367 241 402
 258 165 26 128 83 219 173 252 164 229 201 154 177 89 136 245 134 321 93 148 231 124 242 37 206 75 103 239 193 32 62 107 227 98 83 125 266 159 320 1 202 138 242 207 119 154 138 109 69 293 260 82 302 246 294 112 164 92 160 65 193 78 237 135 218 72 198 198 85 248 74 98 140 300 138 135 154 180 151 213 158 161 223 203 174 156 80 246 153 164 231 118 126 118 96 156 76 220 174 225 149 140 117 135 312 198 110 242 182 244 185 175 141 110 296 71 108 227 254 166 177 248 228 196 193 128 155 74 158 143 207 90 54 94 167 299 194 188 121 98 193 82 187 146 321 267 206 153 104 95 212 73 141 96 272 154 215 190 191 184 146 87 257 74 62 176 146 184 92 155 160 224 161 203 175 96 185 230 134 322 127 205 75 124 167 210 134 186 115 201 244 136 177 51 73 135 261 108 98 165
 238 344 216 130 263 42 208 158 343 203 27 212 26 120 227 318 72 198 110 162 49 322 293 210 236 276 248 316 345 226 159 292 122 299 173 324 170 119 212 202 1 157 368 387 96 308 65 268 186 190 211 263 158 188 211 289 224 112 95 246 36 241 46 333 234 228 7 126 285 260 231 188 269 191 137 327 111 344 178 391 357 290 163 268 313 63 247 53 278 209 40 253 137 288 288 331 177 148 356 140 63 273 159 194 195 225 226 285 91 359 132 365 227 311 209 226 223 254 148 186 195 259 224 55 238 287 355 267 355 190 349 287 214 269 256 210 93 25 295 110 237 131 354 226 212 235 165 251 273 273 272 215 321 189 219 214 138 257 143 68 81 116 393 209 158 151 288 19 292 192 324 179 354 117 30 273 104 118 179 200 116 155 151 308 88 293 199 56 293 322 55 223 362 213 270 242 186 189 193 206
 333 213 131 186 220 146 57 122 300 298 138 57 139 81 250 361 102 342 111 224 155 249 349 116 301 192 234 357 329 139 150 174 107 217 181 226 135 44 350 138 157 1 375 253 77 165 118 244 75 325 320 218 307 299 338 249 268 95 187 138 173 212 166 259 307 109 157 236 195 338 206 203 122 329 21 266 49 317 25 256 251 292 272 313 307 95 127 208 281 261 196 247 24 158 179 198 65 89 227 97 147 126 22 232 336 290 231 346 202 374 57 244 253 220 337 202 228 323 280 250 50 338 309 115 293 150 254 165 246 236 342 219 184 147 284 339 88 133 257 131 293 77 323 71 350 337 263 98 240 232 321 95 193 56 331 58 87 300 241 189 78 101 392 89 148 236 143 141 200 245 186 88 237 233 131 232 213 249 24 343 175 257 155 259 188 328 45 182 251 331 169 248 234 182 174 255 307 47 206 53
 217 332 258 239 166 403 414 477 122 223 383 395 348 305 142 92 328 351 286 210 414 193 126 274 162 227 142 87 62 255 232 292 446 216 205 247 492 385 334 242 368 375 1 355 329 358 320 135 310 317 250 168 366 258 296 142 151 297 277 279 340 165 413 192 175 303 363 271 236 177 170 185 364 327 371 167 378 89 391 363 266 85 258 118 69 356 300 387 96 167 376 129 359 318 272 334 316 448 330 450 307 363 355 175 341 169 150 137 290 23 413 310 142 232 301 174 152 161 308 192 417 179 198 393 149 336 255 264 276 181 42 193 192 300 114 305 407 369 134 272 151 304 93 386 337 233 240 387 143 156 121 309 316 337 256 394 441 124 251 310 355 290 30 312 234 234 361 357 237 181 350 459 294 283 353 155 282 308 375 352 253 249 232 148 286 90 375 321 143 48 422 146 326 194 251 129 279 349 181 406
 454 44 184 333 216 390 236 363 234 429 377 215 363 269 316 402 317 526 288 351 401 164 413 183 394 152 262 395 294 176 268 101 358 149 285 112 373 295 525 207 387 253 355 1 292 91 327 249 202 498 461 215 507 449 498 226 351 280 364 146 388 238 411 164 408 160 385 404 139 435 243 294 136 506 269 189 298 267 245 9 90 304 428 376 300 328 141 437 302 356 423 277 263 100 113 57 212 333 34 343 346 131 239 329 518 388 287 418 386 369 308 46 322 129 500 245 288 412 460 365 252 436 423 361 378 104 102 134 80 339 314 176 238 120 337 504 340 367 231 299 379 258 265 194 527 465 410 170 234 221 385 173 68 203 473 213 334 365 397 386 312 278 353 179 268 381 114 369 134 351 69 315 62 409 358 222 390 435 232 528 333 410 280 212 371 371 213 386 222 335 415 319 33 237 139 307 466 209 292 231
 260 249 127 116 193 103 133 149 276 224 87 130 73 30 194 302 28 268 45 154 115 242 285 118 233 190 193 298 293 137 98 198 118 214 126 236 164 62 275 119 96 77 329 292 1 213 43 208 91 249 245 193 235 224 263 222 205 33 112 153 103 177 123 253 238 134 94 160 198 269 169 147 176 254 60 252 52 285 100 297 266 246 197 252 265 39 153 147 234 195 133 203 53 193 196 236 82 122 261 122 71 179 71 170 262 222 181 281 126 325 89 272 196 224 262 164 178 255 205 181 125 268 237 78 228 192 266 176 264 171 301 208 148 174 227 264 80 76 229 63 227 39 294 139 275 263 189 162 209 205 259 120 226 96 256 130 114 239 166 114 29 40 350 115 97 163 194 78 204 179 229 140 261 157 67 205 137 174 95 269 103 182 98 238 112 271 112 109 225 283 129 191 267 146 181 203 231 97 151 128
 411 58 129 276 197 306 146 273 245 382 295 125 285 194 284 385 239 465 218 301 317 173 388 121 358 132 238 378 298 125 212 67 268 144 236 122 283 208 467 154 308 165 358 91 213 1 252 232 126 439 412 195 440 397 444 217 315 207 300 92 313 211 327 178 370 88 307 344 122 399 212 251 46 446 183 199 212 275 155 93 126 290 372 349 294 247 75 359 285 317 345 254 177 41 87 43 133 243 72 254 274 41 154 287 457 350 255 390 320 367 219 97 289 131 445 212 255 378 398 319 162 400 381 276 343 27 135 97 116 296 317 166 199 63 311 448 253 286 224 233 344 183 276 104 468 420 357 80 219 205 359 98 52 120 424 123 244 337 340 316 230 207 363 102 211 327 24 290 122 308 23 225 99 346 279 206 326 371 144 466 272 355 224 212 305 351 124 314 216 327 331 285 80 197 109 279 411 123 250 141
 226 284 153 90 202 87 174 168 283 190 67 172 39 60 180 282 17 226 47 128 99 259 262 147 207 212 192 279 291 163 99 230 133 235 118 261 182 94 234 138 65 118 320 327 43 252 1 210 127 208 208 202 193 186 222 229 185 49 74 184 63 182 102 270 210 169 61 121 222 239 172 136 216 212 100 265 84 288 141 332 293 239 159 232 260 39 187 111 227 173 97 199 95 228 225 272 119 146 295 143 30 220 113 151 220 196 173 256 86 314 118 304 181 247 221 167 170 228 164 154 164 238 206 74 205 229 291 204 292 150 297 224 154 208 212 223 94 53 235 51 204 70 297 181 234 228 153 204 214 213 237 156 260 136 218 172 137 219 130 72 48 52 344 151 97 129 234 47 228 156 267 170 291 117 38 213 97 133 137 227 75 145 93 247 73 253 154 67 233 274 110 177 301 152 207 192 191 138 141 170
 217 218 124 149 36 297 281 353 77 200 276 262 245 181 77 155 214 321 168 141 308 95 165 140 152 103 24 149 87 121 113 168 325 102 97 139 367 260 312 109 268 244 135 249 208 232 210 1 177 288 234 38 318 229 278 30 112 177 192 148 247 33 311 102 168 170 263 209 115 191 41 86 233 297 242 81 253 78 259 257 169 59 215 128 67 240 169 300 55 122 287 31 230 192 149 216 184 322 219 326 206 232 224 105 311 150 54 170 211 139 287 206 83 121 281 45 57 168 261 141 285 192 187 280 135 208 159 136 175 116 99 75 62 172 89 285 288 263 32 161 136 178 88 252 314 230 195 254 16 30 137 176 197 204 245 261 316 119 193 225 236 170 149 178 115 173 233 253 118 125 229 330 190 218 247 29 208 248 242 322 159 200 119 53 201 123 241 232 36 97 319 81 218 64 124 63 250 215 81 273
 304 159 58 160 149 190 105 194 227 271 176 87 162 69 197 308 116 342 94 191 202 175 302 42 260 118 170 303 261 66 103 110 176 143 134 155 208 106 346 69 186 75 310 202 91 126 127 177 1 319 299 148 315 281 326 178 221 82 178 68 189 146 210 185 270 44 184 224 122 301 141 153 94 325 82 192 105 246 84 207 183 229 255 264 242 127 63 236 220 218 222 185 71 103 111 146 12 162 172 169 149 96 54 188 335 250 173 301 197 312 128 184 202 147 327 138 172 282 276 214 110 301 276 162 249 103 185 94 179 194 274 146 120 85 230 329 148 166 186 111 249 58 252 82 347 311 242 94 171 161 272 30 136 28 310 86 158 250 223 192 112 83 324 25 102 212 109 168 127 205 140 161 174 225 157 162 205 248 67 344 153 238 113 187 182 274 66 190 180 268 216 196 178 118 102 199 293 40 155 98
 106 457 317 166 306 227 381 347 357 96 216 378 194 256 213 233 224 36 226 152 230 376 198 320 157 354 266 236 327 324 232 399 311 368 216 404 358 298 28 293 190 325 317 498 249 439 208 288 319 1 70 307 63 61 31 317 183 240 142 355 160 278 220 385 143 352 186 96 367 146 270 212 412 11 306 367 288 341 348 505 438 270 74 200 293 237 366 160 261 169 161 259 301 407 386 448 314 336 465 329 179 414 319 184 25 152 234 187 124 299 317 464 208 386 26 266 232 158 45 148 371 144 120 244 172 414 432 365 441 173 320 345 267 384 219 24 280 211 318 209 170 265 352 385 29 92 94 406 301 309 197 344 432 336 66 378 326 198 103 137 252 238 346 340 232 120 426 197 373 164 449 366 448 95 204 309 115 77 343 37 168 91 219 340 139 228 360 145 322 280 227 208 468 268 361 230 40 340 215 376
 38 422 285 140 257 252 376 366 299 34 236 369 207 243 157 165 224 103 212 113 257 326 129 292 91 312 213 167 264 291 201 364 329 323 178 360 379 301 86 260 211 320 250 461 245 412 208 234 299 70 1 258 127 25 48 263 124 228 135 323 177 230 250 334 77 326 206 89 325 78 223 168 390 79 304 314 291 280 344 468 393 208 50 134 230 243 338 197 200 113 193 204 297 377 349 414 297 350 428 344 179 392 310 135 93 89 183 118 126 231 324 423 152 342 53 220 181 90 78 98 369 76 53 261 108 386 386 329 398 124 254 298 225 353 157 57 294 228 263 193 106 251 291 373 89 27 58 391 248 258 130 320 398 320 13 369 340 133 80 146 255 224 279 318 202 88 401 212 331 113 419 376 407 96 217 258 113 99 335 104 148 64 189 286 136 161 349 158 268 214 258 153 430 226 323 173 36 327 171 371
