NAME : domp50p12v8
COMMENT : (Deleplanque et al.) 
TYPE : DOMP
DIMENSION : 50
DISPLAY_DATA_TYPE: NO_DISPLAY
OPEN_FACILITIES : 12
COST_SECTION
 1 67 56 241 268 386 197 157 189 346 332 395 183 334 26 145 311 274 234 380 287 199 125 173 328 317 180 177 187 306 152 225 284 133 273 208 116 29 24 115 171 323 124 370 356 228 269 207 139 193
 67 1 54 208 234 321 195 109 162 280 269 347 119 271 74 120 247 212 213 314 229 210 94 113 275 253 146 203 184 262 132 206 249 143 215 179 105 83 48 57 155 257 105 324 290 171 204 169 79 128
 56 54 1 186 213 358 236 161 135 321 315 341 166 315 43 168 291 229 180 347 279 160 70 131 277 275 125 150 225 251 179 172 229 176 265 230 147 83 56 73 201 290 70 316 321 180 246 221 130 169
 241 208 186 1 29 327 399 279 53 311 332 171 234 330 223 316 306 157 45 300 336 144 118 141 135 203 63 188 388 80 330 52 44 349 324 364 310 268 238 159 353 253 118 143 268 110 261 343 237 214
 268 234 213 29 1 327 423 300 81 314 339 146 251 336 251 339 313 158 61 298 348 164 145 159 120 200 89 210 413 58 353 71 17 375 337 385 335 295 265 183 377 255 146 117 266 119 271 363 258 230
 386 321 358 327 327 1 383 261 334 48 90 293 208 85 392 315 92 171 368 36 159 446 324 236 231 129 316 472 378 290 325 372 332 387 164 303 343 398 366 286 336 76 346 298 64 223 121 272 255 194
 197 195 236 399 423 383 1 142 355 337 300 518 208 304 222 88 292 356 407 395 230 393 288 277 438 379 339 373 12 442 74 400 438 68 222 83 91 176 184 241 53 350 299 499 385 337 275 112 176 234
 157 109 161 279 300 261 142 1 244 215 189 380 67 192 175 58 174 216 296 266 133 313 184 144 300 239 224 310 133 310 71 292 314 128 120 87 83 157 135 127 90 216 202 363 251 201 144 66 43 94
 189 162 135 53 81 334 355 244 1 311 325 220 208 324 171 275 299 168 54 312 318 115 69 118 173 218 23 150 345 127 288 50 96 303 305 327 265 217 188 118 312 259 67 192 280 113 252 309 202 192
 346 280 321 311 314 48 337 215 311 1 49 302 165 44 353 269 46 158 350 66 115 420 293 205 231 126 291 442 331 284 279 352 321 341 118 257 297 356 324 250 290 63 315 302 75 202 78 226 212 154
 332 269 315 332 339 90 300 189 325 49 1 343 151 7 343 239 27 187 368 113 71 430 297 212 268 164 304 446 295 316 247 370 348 311 78 218 270 339 310 248 255 103 320 340 122 223 75 189 195 148
 395 347 341 171 146 293 518 380 220 302 343 1 318 338 382 431 322 172 205 258 379 308 272 243 83 179 220 355 508 93 445 215 135 482 372 462 436 421 387 291 467 241 281 30 232 182 294 434 343 291
 183 119 166 234 251 208 208 67 208 165 151 318 1 152 193 124 129 150 259 207 117 297 161 94 236 173 187 305 199 254 137 257 264 190 103 145 143 192 161 106 156 154 183 303 189 143 89 118 49 28
 334 271 315 330 336 85 304 192 324 44 7 338 152 1 344 242 26 183 366 108 76 429 297 211 264 160 303 445 299 312 250 368 344 314 83 223 273 341 312 249 259 98 319 336 117 220 74 193 197 148
 26 74 43 223 251 392 222 175 171 353 343 382 193 344 1 167 321 270 213 383 301 174 111 170 318 315 164 152 212 291 176 204 266 158 287 231 140 52 43 112 195 326 106 356 358 221 277 228 151 200
 145 120 168 316 339 315 88 58 275 269 239 431 124 242 167 1 226 270 327 322 176 327 210 190 351 296 257 315 78 356 15 322 354 73 164 65 37 134 125 158 39 273 223 412 308 250 200 68 89 150
 311 247 291 306 313 92 292 174 299 46 27 322 129 26 321 226 1 162 342 108 72 404 272 186 245 143 278 421 287 291 235 343 322 298 74 212 256 319 289 224 245 84 294 318 109 197 49 181 175 124
 274 212 229 157 158 171 356 216 168 158 187 172 150 183 270 270 162 1 198 145 211 282 175 101 91 51 152 313 347 130 284 202 164 330 202 294 282 294 259 160 304 98 195 162 113 58 126 265 184 123
 234 213 180 45 61 368 407 296 54 350 368 205 259 366 213 327 342 198 1 343 367 104 120 167 178 245 74 151 396 118 341 11 71 352 354 380 317 261 235 171 364 294 112 176 310 148 296 361 254 242
 380 314 347 300 298 36 395 266 312 66 113 258 207 108 383 322 108 145 343 1 178 425 307 221 198 99 294 453 388 259 332 347 302 392 180 316 347 393 360 275 346 59 329 264 33 200 123 285 254 190
 287 229 279 336 348 159 230 133 318 115 71 379 117 76 301 176 72 211 367 178 1 412 277 201 299 204 296 421 226 336 182 366 359 247 15 148 209 288 264 222 188 151 298 371 179 231 86 120 151 127
 199 210 160 144 164 446 393 313 115 420 430 308 297 429 174 327 404 282 104 425 412 1 137 219 278 332 132 52 383 221 338 95 174 330 399 388 306 224 210 193 360 372 115 279 394 226 356 377 275 288
 125 94 70 118 145 324 288 184 69 293 297 272 161 297 111 210 272 175 120 307 277 137 1 89 211 225 56 150 277 182 223 113 160 235 263 265 198 152 121 59 246 251 24 247 278 121 224 249 144 153
 173 113 131 141 159 236 277 144 118 205 212 243 94 211 170 190 186 101 167 221 201 219 89 1 167 146 97 238 267 167 204 166 172 240 188 230 194 194 158 60 227 164 112 224 193 63 138 206 104 76
 328 275 277 135 120 231 438 300 173 231 268 83 236 264 318 351 245 91 178 198 299 278 211 167 1 106 166 320 429 67 365 186 118 405 292 381 359 352 317 219 387 169 224 74 168 105 215 353 264 210
 317 253 275 203 200 129 379 239 218 126 164 179 173 160 315 296 143 51 245 99 204 332 225 146 106 1 202 363 370 162 309 250 204 360 199 310 313 335 300 204 327 64 244 177 67 108 121 279 213 147
 180 146 125 63 89 316 339 224 23 291 304 220 187 303 164 257 278 152 74 294 296 132 56 97 166 202 1 163 328 129 270 71 105 288 284 308 249 207 177 100 294 241 61 194 263 95 231 289 182 171
 177 203 150 188 210 472 373 310 150 442 446 355 305 445 152 315 421 313 151 453 421 52 150 238 320 363 163 1 363 266 325 141 221 308 407 378 290 199 193 200 346 397 128 326 422 256 373 371 276 300
 187 184 225 388 413 378 12 133 345 331 295 508 199 299 212 78 287 347 396 388 226 383 277 267 429 370 328 363 1 432 64 389 428 59 218 79 80 167 173 231 44 343 288 489 378 327 268 107 166 225
 306 262 251 80 58 290 442 310 127 284 316 93 254 312 291 356 291 130 118 259 336 221 182 167 67 162 129 266 432 1 370 127 52 401 327 395 357 332 299 207 393 223 189 66 228 112 254 370 270 229
 152 132 179 330 353 325 74 71 288 279 247 445 137 250 176 15 235 284 341 332 182 338 223 204 365 309 270 325 64 370 1 335 368 66 171 58 39 139 134 172 25 284 236 427 320 264 210 69 103 163
 225 206 172 52 71 372 400 292 50 352 370 215 257 368 204 322 343 202 11 347 366 95 113 166 186 250 71 141 389 127 335 1 81 345 353 375 310 253 227 166 358 297 104 186 315 151 297 357 250 241
 284 249 229 44 17 332 438 314 96 321 348 135 264 344 266 354 322 164 71 302 359 174 160 172 118 204 105 221 428 52 368 81 1 391 348 400 350 311 280 198 392 261 161 106 270 129 280 377 272 242
 133 143 176 349 375 387 68 128 303 341 311 482 190 314 158 73 298 330 352 392 247 330 235 240 405 360 288 308 59 401 66 345 391 1 236 114 49 110 122 195 66 342 242 461 378 301 270 132 148 214
 273 215 265 324 337 164 222 120 305 118 78 372 103 83 287 164 74 202 354 180 15 399 263 188 292 199 284 407 218 327 171 353 348 236 1 141 197 275 250 208 178 149 285 364 179 220 79 111 137 114
 208 179 230 364 385 303 83 87 327 257 218 462 145 223 231 65 212 294 380 316 148 388 265 230 381 310 308 378 79 395 58 375 400 114 141 1 97 196 189 210 48 275 280 447 309 285 199 32 128 172
 116 105 147 310 335 343 91 83 265 297 270 436 143 273 140 37 256 282 317 347 209 306 198 194 359 313 249 290 80 357 39 310 350 49 197 97 1 101 98 153 57 296 208 416 331 256 225 104 101 167
 29 83 83 268 295 398 176 157 217 356 339 421 192 341 52 134 319 294 261 393 288 224 152 194 352 335 207 199 167 332 139 253 311 110 275 196 101 1 37 136 156 337 152 396 371 251 279 200 145 205
 24 48 56 238 265 366 184 135 188 324 310 387 161 312 43 125 289 259 235 360 264 210 121 158 317 300 177 193 173 299 134 227 280 122 250 189 98 37 1 100 154 303 124 363 337 215 248 186 116 173
 115 57 73 159 183 286 241 127 118 250 248 291 106 249 112 158 224 160 171 275 222 193 59 60 219 204 100 200 231 207 172 166 198 195 208 210 153 136 100 1 196 217 79 269 248 116 177 192 86 101
 171 155 201 353 377 336 53 90 312 290 255 467 156 259 195 39 245 304 364 346 188 360 246 227 387 327 294 346 44 393 25 358 392 66 178 48 57 156 154 196 1 300 259 449 335 287 225 69 125 182
 323 257 290 253 255 76 350 216 259 63 103 241 154 98 326 273 84 98 294 59 151 372 251 164 169 64 241 397 343 223 284 297 261 342 149 275 296 337 303 217 300 1 273 240 37 148 77 243 200 134
 124 105 70 118 146 346 299 202 67 315 320 281 183 319 106 223 294 195 112 329 298 115 24 112 224 244 61 128 288 189 236 104 161 242 285 280 208 152 124 79 259 273 1 254 300 139 246 266 162 175
 370 324 316 143 117 298 499 363 192 302 340 30 303 336 356 412 318 162 176 264 371 279 247 224 74 177 194 326 489 66 427 186 106 461 364 447 416 396 363 269 449 240 254 1 235 164 287 420 325 277
 356 290 321 268 266 64 385 251 280 75 122 232 189 117 358 308 109 113 310 33 179 394 278 193 168 67 263 422 378 228 320 315 270 378 179 309 331 371 337 248 335 37 300 235 1 168 111 277 235 169
 228 171 180 110 119 223 337 201 113 202 223 182 143 220 221 250 197 58 148 200 231 226 121 63 105 108 95 256 327 112 264 151 129 301 220 285 256 251 215 116 287 148 139 164 168 1 153 259 163 118
 269 204 246 261 271 121 275 144 252 78 75 294 89 74 277 200 49 126 296 123 86 356 224 138 215 121 231 373 268 254 210 297 280 270 79 199 225 279 248 177 225 77 246 287 111 153 1 167 136 78
 207 169 221 343 363 272 112 66 309 226 189 434 118 193 228 68 181 265 361 285 120 377 249 206 353 279 289 371 107 370 69 357 377 132 111 32 104 200 186 192 69 243 266 420 277 259 167 1 108 144
 139 79 130 237 258 255 176 43 202 212 195 343 49 197 151 89 175 184 254 254 151 275 144 104 264 213 182 276 166 270 103 250 272 148 137 128 101 145 116 86 125 200 162 325 235 163 136 108 1 68
 193 128 169 214 230 194 234 94 192 154 148 291 28 148 200 150 124 123 242 190 127 288 153 76 210 147 171 300 225 229 163 241 242 214 114 172 167 205 173 101 182 134 175 277 169 118 78 144 68 1
LAMBDA_SECTION
1  15
2  43
3  25
4  41
5  26
6  14
7  28
8  36
9  48
10  46
11  36
12  46
13  45
14  35
15  28
16  43
17  24
18  20
19  49
20  41
21  13
22  26
23  42
24  41
25  45
26  26
27  19
28  36
29  35
30  39
31  34
32  16
33  32
34  25
35  45
36  24
37  43
38  39
39  48
40  41
41  14
42  35
43  16
44  47
45  36
46  32
47  41
48  26
49  41
50  18
