NAME : domp280p140v5
COMMENT : (Deleplanque et al.) 
TYPE : DOMP
DIMENSION : 280
DISPLAY_DATA_TYPE: NO_DISPLAY
OPEN_FACILITIES : 140
COST_SECTION
 1 253 216 207 145 84 382 421 326 120 265 66 305 409 149 237 238 271 349 350 46 225 321 143 217 242 268 317 307 76 451 154 188 327 239 215 205 101 313 232 90 348 168 95 271 160 99 24 85 168 174 127 377 268 122 152 335 89 348 140 328 328 265 243 114 229 275 195 357 258 382 122 110 104 267 247 370 233 231 327 286 173 364 396 334 294 270 308 237 347 186 328 204 251 197 277 292 483 325 190 335 385 137 135 198 171 326 285 226 158 286 308 376 54 306 169 226 329 91 426 192 99 194 377 78 230 123 333 240 397 120 82 29 355 290 239 269 332 369 330 35 62 286 170 303 247 294 321 258 432 335 191 79 169 197 79 271 189 396 265 340 464 206 404 412 257 189 139 187 196 325 372 220 280 294 446 219 402 170 217 106 227 170 304 142 156 172 292 186 207 312 49 346 262 229 266 195 346 198 314 247 333 266 288 223 469 35 438 111 401 366 100 416 468 226 199 325 54 22 23 337 470 210 280 243 364 226 293 374 139 310 46 61 140 98 81 129 373 352 369 150 375 120 84 184 77 163 272 253 314 19 233 123 305 109 343 268 328 295 259 16 127 132 110 315 290 25 265 277 187 331 303 399 134 164 113 104 375 193 400
 253 1 276 53 119 213 282 251 330 137 91 199 128 283 228 25 16 221 129 104 275 235 80 145 332 282 31 68 86 234 262 238 280 331 73 203 283 188 142 320 165 283 86 176 85 241 206 256 286 249 128 223 141 196 297 114 223 214 103 232 82 393 58 289 143 228 107 277 128 289 151 258 145 153 115 62 151 210 94 321 102 83 137 198 99 221 92 326 94 113 319 290 304 191 282 205 368 304 283 65 116 145 130 156 56 302 93 259 304 96 301 56 231 244 184 213 54 106 184 216 113 166 188 137 221 80 223 226 295 221 180 226 232 103 283 344 33 100 258 226 251 241 199 269 282 225 87 217 128 238 334 109 268 252 281 180 50 79 167 36 329 292 150 269 204 53 73 234 88 301 75 160 55 139 53 298 214 192 252 107 177 293 84 326 115 113 82 71 133 47 80 251 120 104 29 356 103 301 276 134 30 85 227 312 273 281 285 288 262 181 250 167 220 297 240 122 77 245 246 272 123 291 277 60 314 207 73 86 183 120 281 273 197 114 197 175 128 129 162 278 124 280 163 170 303 203 104 218 270 72 241 126 185 85 273 92 108 357 90 350 253 256 199 209 336 46 258 19 142 194 80 81 288 178 107 255 164 158 120 214
 216 276 1 265 250 271 206 286 112 229 345 236 225 243 73 251 264 108 404 322 260 51 353 278 68 28 266 306 265 276 326 65 35 113 316 79 19 270 222 46 218 159 226 162 224 59 129 195 153 50 152 94 326 126 122 184 183 277 320 79 309 127 323 29 191 61 210 26 302 44 321 97 198 225 196 224 297 83 189 115 226 216 305 294 373 134 218 94 192 387 78 129 43 115 27 128 96 343 129 242 391 338 254 280 243 74 289 94 30 216 73 311 233 261 178 70 291 381 156 328 303 170 89 333 143 201 98 178 26 275 283 277 227 354 85 72 307 375 204 175 247 155 143 50 101 79 247 169 177 317 122 299 146 48 26 181 253 269 329 258 129 322 128 246 315 316 262 80 193 47 315 292 221 188 281 287 70 310 47 322 146 19 235 90 234 181 231 344 144 245 279 260 395 352 271 82 299 147 22 231 292 352 97 74 11 339 237 284 110 321 206 246 305 323 47 316 310 163 195 211 396 332 9 332 40 236 305 248 272 240 111 183 222 214 137 220 194 335 259 190 170 197 148 213 62 155 260 111 48 293 225 162 122 358 117 329 203 114 246 75 230 91 103 117 100 283 195 294 183 83 341 265 225 121 182 105 247 299 310 285
 207 53 265 1 68 162 308 292 335 89 81 150 164 315 207 51 41 231 151 156 226 231 115 93 314 277 79 120 132 183 307 218 263 336 53 201 269 137 178 307 118 302 45 140 119 222 175 212 250 231 115 198 192 209 265 85 249 163 155 209 134 388 65 282 103 226 138 262 178 286 202 230 103 105 141 89 200 211 108 328 138 51 187 243 130 237 124 328 111 144 297 303 287 200 266 219 359 348 296 25 137 197 78 104 24 279 143 266 292 57 302 107 266 193 209 198 27 129 148 264 67 129 181 189 186 95 197 251 287 262 128 174 185 151 288 329 63 129 285 250 202 203 216 249 290 228 128 240 148 283 340 62 232 234 265 139 93 27 217 80 337 334 150 303 252 56 22 211 75 283 126 207 63 164 104 336 211 240 234 70 145 283 40 328 66 87 41 90 125 25 129 201 146 89 25 345 58 316 262 171 41 127 235 312 264 326 238 325 231 230 279 117 265 339 236 78 129 206 202 227 141 334 265 77 304 243 43 128 226 71 290 232 149 71 164 128 90 181 204 302 98 305 133 124 283 166 52 229 269 124 194 137 159 104 242 144 135 358 132 338 206 229 176 180 338 98 214 60 166 185 126 128 317 154 84 226 113 206 75 257
 145 119 250 68 1 95 338 340 338 28 123 84 212 352 182 111 106 244 206 222 159 228 179 37 287 267 142 186 191 116 360 192 239 339 96 201 249 71 224 286 57 321 47 97 168 197 136 153 199 207 116 167 256 228 221 74 280 97 221 181 199 376 122 272 61 225 182 241 240 279 264 193 56 42 180 138 259 216 142 333 187 60 249 298 191 257 171 327 147 204 264 315 263 214 244 238 344 399 309 58 192 261 12 45 68 246 206 274 273 47 300 174 306 126 242 181 83 186 106 322 58 87 178 253 140 133 165 281 274 311 66 108 120 218 292 305 129 189 318 279 136 152 239 222 297 233 184 269 181 338 344 54 183 210 244 88 152 46 280 141 344 383 159 342 309 114 48 182 93 257 193 265 107 202 168 379 210 298 211 81 109 267 42 325 18 79 46 149 131 77 191 134 203 122 92 325 56 331 242 220 107 192 245 308 252 379 174 369 190 290 312 50 320 388 231 69 195 154 143 165 194 385 248 137 288 287 82 183 279 10 300 175 85 38 125 65 57 246 256 329 86 333 103 64 253 120 19 243 265 188 130 163 130 161 199 210 177 355 187 318 141 193 149 145 336 162 155 127 202 178 193 187 350 130 83 187 46 265 63 309
 84 213 271 162 95 1 405 423 375 83 200 36 297 425 199 205 200 300 286 316 74 266 269 76 287 294 236 280 284 22 447 207 250 376 179 248 264 27 308 296 67 379 136 115 256 213 143 103 165 223 179 178 350 290 198 142 351 7 315 193 294 392 209 298 105 267 267 254 333 309 358 187 97 72 263 227 351 265 224 374 274 147 342 386 278 319 258 360 229 290 258 366 269 274 257 300 357 484 361 152 274 356 85 65 162 241 299 323 288 131 335 268 384 39 316 211 173 269 118 413 125 111 224 348 131 218 174 350 296 396 43 13 57 311 333 308 221 275 388 348 56 128 305 231 343 281 274 338 259 426 383 125 154 225 257 94 245 138 373 235 386 467 221 417 399 202 142 193 174 262 287 356 196 281 262 457 254 388 226 149 132 285 134 357 103 148 137 236 195 171 285 48 286 194 186 334 131 383 257 306 199 284 298 340 277 466 100 448 179 382 383 49 408 471 269 128 290 124 96 105 273 470 267 225 304 368 167 274 366 95 349 128 50 113 136 60 116 341 344 394 148 399 138 68 252 118 111 300 300 282 66 236 156 246 181 305 261 384 277 326 72 191 172 155 368 257 105 221 280 220 286 280 419 163 155 179 52 357 124 395
 382 282 206 308 338 405 1 108 139 332 371 372 158 41 242 265 280 113 388 255 425 168 332 374 264 183 255 265 214 418 149 243 238 139 351 169 224 391 145 234 339 52 294 296 197 239 284 367 344 236 227 262 231 116 321 268 60 410 253 253 257 230 338 188 301 161 176 229 214 172 218 285 309 337 169 223 192 151 201 126 182 280 210 154 351 89 191 155 198 362 283 87 246 133 232 107 232 150 83 295 379 244 347 381 288 278 227 112 222 291 152 280 70 412 100 217 326 369 296 180 371 297 189 242 307 214 266 58 197 117 396 415 382 302 128 257 310 356 26 60 405 327 101 248 110 140 203 70 161 153 134 366 332 236 231 317 234 328 215 248 120 129 185 52 173 334 319 256 246 251 270 180 246 145 250 87 167 176 235 377 280 210 302 160 322 263 297 345 212 284 228 414 376 384 297 244 363 76 225 156 310 319 119 161 196 155 411 86 298 196 35 362 151 129 169 384 261 336 363 386 388 142 213 337 215 94 346 204 143 331 100 364 360 303 286 346 293 252 149 17 260 10 271 338 266 306 337 111 159 246 384 176 260 355 309 272 176 175 199 243 393 279 251 274 161 256 367 296 143 196 304 217 21 250 257 292 361 189 379 132
 421 251 286 292 340 423 108 1 243 342 336 395 129 74 301 242 255 179 330 188 459 239 277 375 351 269 220 210 168 440 43 305 315 243 323 226 303 404 117 322 358 154 294 328 174 303 329 410 402 302 249 316 152 167 387 282 104 426 186 312 198 334 302 274 321 230 159 306 144 261 136 347 328 352 161 205 116 212 200 229 155 281 137 65 294 153 170 256 195 301 362 187 328 183 310 162 331 63 182 286 324 162 351 384 278 354 170 198 308 295 247 228 53 439 118 274 303 314 331 79 357 326 238 164 352 208 319 109 285 31 404 434 413 234 221 347 272 300 93 112 437 375 148 319 205 209 166 117 165 47 239 353 387 304 309 346 202 316 128 216 226 45 216 58 76 300 308 315 251 332 212 104 235 144 205 56 229 84 303 356 315 295 299 261 326 276 295 300 236 271 178 443 317 351 274 339 348 181 303 121 280 260 190 258 277 54 453 45 358 106 87 376 51 49 242 369 203 383 404 430 333 50 293 296 305 58 322 167 70 335 196 414 385 311 327 367 308 175 90 121 278 115 302 359 345 346 333 176 244 193 418 190 302 307 371 208 164 279 162 337 429 341 299 322 263 212 411 259 145 248 245 172 95 290 269 351 374 111 365 41
 326 330 112 335 338 375 139 243 1 321 412 340 237 179 179 307 322 111 454 344 371 112 399 370 147 86 311 340 290 382 285 173 144 2 386 138 127 370 228 117 316 89 305 262 257 168 234 306 263 160 225 201 334 136 231 265 152 381 342 187 338 92 385 85 284 113 237 136 311 70 323 208 292 321 224 270 297 125 237 14 250 292 311 275 419 119 250 22 237 432 175 57 139 140 136 130 96 288 64 315 443 347 344 374 312 178 311 72 113 297 42 350 195 369 172 165 359 432 258 306 386 268 161 343 251 251 206 145 91 244 381 383 335 385 48 133 362 423 151 143 356 265 141 161 50 108 274 145 207 284 10 381 258 158 135 283 293 346 326 303 22 267 187 189 295 378 338 189 261 147 347 288 279 205 318 224 128 295 157 400 245 105 313 28 321 261 309 400 212 312 306 369 443 422 334 113 380 64 132 240 353 392 103 40 104 292 348 224 221 312 157 344 278 267 108 399 340 273 305 322 450 280 119 389 98 210 377 275 257 329 55 295 326 300 240 320 282 349 253 124 253 131 243 312 163 260 344 114 76 323 334 205 221 413 228 356 232 38 271 114 340 202 204 222 24 322 305 347 200 161 379 292 157 215 259 217 344 297 393 257
 120 137 229 89 28 83 332 342 321 1 149 63 216 349 160 125 123 233 231 238 139 211 202 50 263 248 156 203 202 102 365 170 216 322 122 186 227 63 227 264 31 312 55 72 174 175 111 127 172 185 106 143 270 219 195 65 276 86 236 158 216 355 147 252 39 209 185 218 252 261 277 167 32 17 182 145 269 202 143 318 192 65 260 304 215 248 176 309 148 229 239 303 239 204 222 229 322 403 297 73 218 276 27 53 83 221 219 261 251 49 283 192 306 108 239 162 107 211 80 331 84 62 162 268 113 136 141 276 254 315 65 95 97 238 276 281 151 214 313 274 115 125 232 199 283 219 193 263 180 344 329 81 156 188 222 61 164 70 292 155 329 386 149 340 317 139 70 158 93 234 210 274 115 201 183 378 195 306 188 107 86 246 54 307 24 70 57 174 121 92 204 116 228 149 111 303 83 319 220 225 128 214 233 290 232 384 151 369 165 301 308 35 326 390 214 94 212 127 117 140 220 389 227 161 266 288 108 192 284 20 287 148 62 32 101 40 41 262 262 322 74 327 82 37 229 93 45 232 248 203 107 159 108 187 172 228 180 336 195 295 118 168 127 121 319 178 129 148 201 162 214 198 345 110 76 161 32 275 88 314
 265 91 345 81 123 200 371 336 412 149 1 201 217 372 286 109 93 305 87 166 272 311 83 126 393 356 119 132 170 220 342 297 343 413 30 279 349 174 231 387 178 371 123 213 175 301 250 274 320 310 195 276 208 282 339 165 313 198 166 288 147 468 35 362 175 305 197 342 202 365 221 307 173 164 204 151 229 289 179 404 191 130 211 279 85 308 181 406 180 94 375 376 367 275 346 291 439 385 369 104 75 207 128 136 103 357 169 342 372 134 380 114 320 237 273 278 55 71 222 292 76 202 260 200 258 165 275 316 367 306 159 211 239 137 365 408 65 80 347 315 251 273 286 328 365 305 174 306 215 318 417 76 303 314 345 208 139 83 236 125 413 375 227 358 282 38 88 290 154 363 134 239 134 228 132 386 290 270 314 53 221 363 115 406 131 166 118 47 204 102 159 246 88 16 79 425 71 388 342 222 62 104 311 390 344 361 292 375 307 254 340 166 301 380 315 75 141 275 264 286 74 373 345 44 384 295 43 173 267 130 365 296 205 144 240 186 164 189 247 368 178 369 210 185 362 238 105 303 347 146 249 210 237 52 316 146 197 436 178 418 259 306 254 257 416 125 277 78 231 265 113 165 377 233 164 302 162 235 78 298
 66 199 236 150 84 36 372 395 340 63 201 1 271 394 165 187 185 266 286 300 77 231 262 78 255 259 218 265 263 47 420 173 216 341 176 213 230 40 281 263 38 346 116 80 232 178 109 80 138 188 148 143 331 257 169 114 320 42 298 159 278 358 204 263 75 233 241 220 312 274 337 155 68 48 235 204 329 231 197 339 249 125 321 361 273 285 233 325 203 286 226 331 236 240 223 267 323 456 327 135 273 338 75 71 145 209 280 288 253 109 300 254 354 47 285 176 166 267 83 389 127 77 190 330 98 192 140 319 262 369 58 44 39 299 299 275 211 271 356 316 53 98 273 197 308 247 252 306 230 400 348 126 126 190 223 59 225 129 352 216 351 439 188 386 375 196 130 158 148 229 272 333 174 252 244 426 220 364 191 152 97 251 116 322 85 119 119 231 163 154 265 54 284 197 173 300 131 349 222 280 189 275 264 305 242 439 92 418 147 360 352 36 382 443 234 134 274 95 71 88 273 443 232 219 270 339 163 251 340 80 314 105 15 90 101 29 88 324 318 361 118 366 103 37 220 83 101 266 265 265 49 207 121 243 151 290 234 349 254 293 59 158 137 121 333 240 83 209 251 186 275 259 387 128 127 146 40 335 128 369
 305 128 225 164 212 297 158 129 237 216 217 271 1 156 211 116 130 132 232 108 340 175 175 246 291 219 99 109 57 315 150 218 244 237 200 148 239 277 15 269 234 170 166 212 46 217 222 298 303 221 133 219 103 106 297 158 103 301 106 220 104 317 183 226 198 165 31 237 79 219 97 254 205 227 39 76 75 143 75 226 28 153 81 92 195 119 42 240 70 206 291 187 263 112 242 110 300 188 179 158 222 115 223 256 149 278 75 168 253 168 220 123 104 317 68 186 177 212 216 123 230 207 148 110 244 81 221 107 235 101 276 309 294 151 196 295 155 200 133 108 316 267 98 241 188 151 45 101 53 130 238 225 286 224 241 227 79 188 106 93 229 173 113 142 108 180 180 223 125 264 115 72 107 38 92 173 156 99 223 231 202 239 171 242 199 153 166 188 122 143 73 322 219 231 148 298 221 193 235 10 157 163 142 232 218 169 338 162 263 103 125 250 112 177 179 242 107 275 290 317 231 175 230 181 256 80 197 46 70 208 183 306 263 185 217 244 184 115 48 158 157 158 188 236 273 234 204 128 199 91 300 77 194 198 277 122 38 270 42 293 311 249 197 218 250 99 299 140 43 158 149 60 162 183 145 256 247 78 238 99
 409 283 243 315 352 425 41 74 179 349 372 394 156 1 274 269 283 144 380 242 450 202 325 388 303 221 254 256 207 440 113 275 275 179 354 198 261 409 142 273 359 92 307 319 199 271 312 395 376 269 247 292 213 142 355 285 75 429 240 284 247 270 338 226 321 194 179 266 199 210 198 318 329 356 176 227 174 182 212 166 182 293 193 129 343 118 194 195 207 352 320 127 283 159 268 133 272 110 123 305 372 224 362 396 297 314 217 150 261 306 191 273 54 435 111 248 331 362 321 150 380 320 216 224 335 223 296 77 236 91 413 436 406 289 167 296 310 349 41 79 430 356 124 283 149 173 200 89 172 120 174 375 363 270 267 340 234 337 193 248 160 89 206 18 145 335 328 287 260 289 261 161 254 152 245 47 198 150 269 383 305 248 314 200 336 280 309 341 231 292 221 438 367 386 302 284 371 116 261 151 312 310 152 201 233 116 439 46 330 172 43 381 121 89 204 392 251 365 390 414 381 103 250 335 254 80 351 201 124 346 140 394 382 319 312 367 311 234 135 57 278 50 294 358 303 333 349 141 197 238 409 191 287 351 342 261 181 215 196 283 419 312 279 303 201 252 395 295 152 225 295 211 23 276 273 324 379 170 388 105
 149 228 73 207 182 199 242 301 179 160 286 165 211 274 1 204 214 131 353 293 194 78 306 209 108 96 225 271 238 205 338 12 58 180 257 77 69 198 213 105 146 203 165 91 196 16 57 130 103 26 101 24 306 136 88 123 204 206 291 12 277 197 269 99 122 83 188 60 282 111 304 47 128 154 175 186 284 93 155 179 203 157 287 294 325 157 191 162 159 340 92 181 82 119 63 143 164 363 178 184 339 317 185 209 186 75 262 139 93 154 138 271 251 191 184 28 233 330 85 327 237 100 65 310 74 163 28 200 98 284 212 206 158 318 141 124 257 326 233 197 179 90 155 43 155 103 221 189 159 324 188 233 91 29 63 110 216 207 315 218 192 342 99 272 313 261 200 15 141 77 280 282 175 176 245 315 77 306 30 258 75 88 173 159 167 121 170 292 101 190 249 191 346 292 218 144 234 199 61 219 240 309 124 142 78 353 175 309 58 312 233 174 309 345 78 250 276 98 129 149 344 350 69 279 108 246 245 221 271 173 162 124 151 148 65 148 127 310 253 228 110 235 80 141 77 83 194 133 105 260 156 136 53 306 71 295 180 185 220 136 163 41 34 45 170 245 130 246 172 55 301 237 261 55 124 51 176 288 243 290
 237 25 251 51 111 205 265 242 307 125 109 187 116 269 204 1 17 199 153 114 262 211 103 141 307 258 32 80 83 225 257 214 256 308 87 179 259 180 129 295 152 264 71 156 71 217 184 238 266 225 104 201 147 175 275 93 206 206 113 209 92 369 79 265 125 204 91 253 130 265 155 235 129 140 97 43 151 186 72 299 89 65 139 193 123 200 76 303 72 137 295 269 280 168 258 184 343 298 262 53 140 152 122 152 43 278 96 236 280 80 278 73 218 232 166 189 63 131 164 215 117 147 163 144 201 57 200 209 271 212 174 217 218 121 260 319 57 124 241 208 238 221 178 245 259 202 78 198 107 233 311 112 248 228 257 162 43 77 170 31 306 284 126 256 202 73 69 211 65 277 88 157 31 121 59 287 190 190 228 116 156 269 72 303 103 92 69 95 108 35 81 239 144 121 34 332 107 281 252 122 48 107 205 288 249 276 270 277 239 181 234 157 215 289 216 128 89 226 229 255 147 284 253 83 290 195 83 77 176 110 259 255 183 99 176 161 110 138 154 260 102 263 142 156 280 183 99 196 246 79 227 103 163 109 251 106 90 333 82 326 239 233 176 187 313 54 240 44 123 170 100 78 272 155 85 233 154 157 124 207
 238 16 264 41 106 200 280 255 322 123 93 185 130 283 214 17 1 214 141 117 261 225 93 134 319 272 39 81 93 221 268 225 267 323 72 193 271 175 143 308 151 279 71 161 85 228 191 241 272 236 115 210 152 190 282 99 221 201 116 218 95 383 64 278 128 218 106 265 138 279 162 244 131 138 112 59 160 201 87 314 103 68 147 204 112 216 91 317 88 126 306 284 291 184 269 199 357 309 277 50 128 157 117 144 41 288 103 251 292 81 292 71 232 230 181 200 49 118 169 224 105 151 176 149 206 73 209 224 284 225 168 212 218 118 275 331 44 113 256 223 237 226 194 256 274 216 91 214 123 244 326 100 254 239 268 165 54 67 177 41 322 297 140 270 212 57 61 221 74 288 89 167 44 136 63 301 204 200 239 102 162 282 70 318 100 99 68 81 121 32 89 237 132 106 20 345 95 296 264 136 32 99 220 303 262 287 271 290 247 190 249 154 226 302 230 115 90 230 231 257 133 296 265 69 303 209 69 90 188 107 274 258 182 99 182 161 113 141 166 276 110 278 148 156 290 188 92 211 261 84 227 119 171 95 259 106 105 348 94 338 238 242 185 195 328 58 243 32 139 182 95 88 287 164 93 241 150 166 112 219
 271 221 108 231 244 300 113 179 111 233 305 266 132 144 131 199 214 1 345 238 314 61 289 279 174 94 201 231 182 312 219 133 136 111 280 57 125 289 125 147 236 81 206 188 147 129 173 255 233 127 129 150 232 27 213 171 77 305 235 142 230 186 276 100 199 52 128 128 209 90 224 175 207 236 115 160 199 39 128 101 142 192 210 189 310 28 140 110 128 323 184 73 150 32 131 23 171 238 67 212 333 245 252 284 208 176 204 39 132 199 89 240 127 304 74 106 254 323 187 223 286 190 78 241 195 142 154 73 110 168 296 309 272 277 66 173 253 313 103 69 295 216 38 142 62 31 166 63 97 210 114 281 221 128 130 209 184 245 230 194 109 217 86 144 210 270 236 145 159 153 239 192 172 98 208 186 55 207 127 298 171 118 214 112 227 166 209 290 114 207 198 305 334 316 227 171 279 88 124 137 245 283 12 101 99 232 300 181 188 220 103 261 199 219 64 300 231 224 251 275 341 227 115 280 131 130 272 166 168 236 61 253 253 207 175 242 193 245 157 99 160 105 164 233 166 196 247 5 71 214 274 96 150 304 199 249 123 141 163 167 283 169 140 163 121 212 256 238 92 85 270 183 130 141 162 181 260 200 294 178
 349 129 404 151 206 286 388 330 454 231 87 286 232 380 353 153 141 345 1 143 358 363 58 212 458 411 144 125 176 307 325 364 407 455 111 331 411 260 245 448 261 400 195 289 200 367 324 357 399 375 255 346 182 319 415 234 333 285 145 356 134 521 87 417 252 356 222 405 187 417 198 379 252 247 233 186 215 337 220 445 211 199 194 267 38 341 207 452 219 30 444 411 431 316 409 327 496 368 404 174 15 176 212 222 169 426 164 383 432 207 428 110 327 323 297 340 127 24 298 270 162 279 316 171 335 207 345 338 423 301 245 297 323 98 409 471 98 33 363 338 336 352 319 395 405 352 188 330 249 301 458 162 382 379 408 287 162 162 210 152 451 363 278 364 263 96 165 358 214 428 121 227 183 254 141 383 342 252 378 139 295 421 190 453 211 234 190 62 261 164 161 332 14 95 137 485 157 420 404 233 115 71 352 439 401 342 377 372 381 232 355 251 286 368 368 160 130 355 347 370 15 357 405 75 442 301 124 187 262 212 403 378 289 220 314 269 240 159 247 388 246 388 282 268 429 316 188 342 398 143 334 252 307 48 392 123 225 483 192 478 344 378 323 329 463 136 360 111 258 322 87 173 390 301 230 375 247 220 164 289
 350 104 322 156 222 316 255 188 344 238 166 300 108 242 293 114 117 238 143 1 375 274 93 248 386 321 83 38 58 337 184 302 336 345 163 244 334 291 118 367 265 275 184 264 100 303 287 349 371 309 197 296 43 212 373 201 205 317 3 300 23 423 134 327 237 265 114 331 45 322 58 332 241 253 128 110 72 243 140 333 98 178 52 124 108 226 105 346 135 115 381 294 358 215 336 216 404 227 286 166 138 43 233 259 156 366 35 275 351 193 325 54 190 345 174 272 152 129 272 130 212 256 238 35 306 132 297 210 336 159 283 328 331 48 302 393 108 114 230 211 351 328 204 330 295 254 76 206 146 160 345 209 353 313 335 273 81 182 72 86 336 221 198 225 122 136 177 303 167 358 33 85 132 141 57 242 254 110 312 201 261 338 185 349 216 198 182 122 194 147 45 352 130 181 132 400 203 299 329 106 125 74 247 337 317 202 383 231 338 92 221 269 144 226 279 220 28 334 340 367 147 216 326 123 357 163 168 76 121 222 290 364 296 212 280 275 221 26 108 258 208 256 246 269 364 291 207 234 302 37 340 162 262 126 351 22 121 377 78 394 351 328 272 287 357 61 351 101 146 247 59 59 254 252 191 331 266 78 219 147
 46 275 260 226 159 74 425 459 371 139 272 77 340 450 194 262 261 314 358 375 1 269 337 147 259 286 293 340 336 57 488 198 232 372 249 259 249 99 349 275 112 392 192 133 303 204 143 66 123 212 211 171 406 310 161 184 376 78 374 185 353 370 278 288 144 273 310 239 386 302 411 166 138 123 303 277 401 277 266 372 320 199 394 431 348 337 303 353 271 360 226 373 247 293 241 319 334 521 369 211 345 413 150 137 221 212 354 330 270 184 330 330 416 36 346 213 241 340 131 460 197 135 237 405 122 263 167 375 284 435 117 66 47 375 334 281 287 345 411 372 25 106 328 214 347 290 324 362 295 468 380 197 120 213 241 114 299 204 426 291 385 503 246 445 446 271 206 183 218 239 348 404 248 317 320 487 263 435 215 222 147 271 192 349 161 188 194 305 224 230 340 27 357 267 249 308 202 391 242 349 265 350 310 333 268 506 34 479 154 433 408 110 451 507 271 201 349 98 66 54 345 508 254 294 287 403 237 324 409 156 354 84 80 165 140 102 159 399 387 412 184 418 158 108 226 119 176 315 298 340 42 270 165 317 151 366 303 372 327 301 33 171 176 154 359 315 67 285 315 231 351 333 441 176 196 157 114 407 197 436
 225 235 51 231 228 266 168 239 112 211 311 231 175 202 78 211 225 61 363 274 269 1 310 260 118 49 222 260 217 275 279 76 77 113 283 33 67 260 172 95 206 127 197 152 177 72 128 207 177 68 118 99 276 76 154 156 137 272 272 88 262 159 286 55 173 11 161 68 252 55 271 118 181 210 148 180 247 33 145 109 177 185 255 244 331 88 170 100 147 344 125 104 92 64 72 79 134 298 101 210 350 289 233 263 209 116 240 62 79 188 74 266 187 263 129 57 257 340 149 278 277 158 52 283 148 158 103 133 63 227 271 274 230 308 68 122 267 333 162 129 252 166 94 82 79 31 199 123 129 268 119 273 166 69 71 174 208 239 278 215 121 277 86 203 265 279 231 90 157 95 269 242 182 138 235 246 22 260 68 293 135 66 206 99 211 152 201 305 107 210 231 264 353 319 234 127 272 123 65 181 255 308 52 82 44 292 251 241 131 271 163 233 256 279 6 291 263 175 204 225 357 287 57 293 84 188 273 200 222 219 86 201 218 190 133 210 172 286 208 153 143 160 132 202 107 154 235 64 39 246 230 115 112 319 142 281 155 129 198 121 238 112 96 117 110 238 207 253 133 50 296 217 187 105 151 125 233 249 284 236
 321 80 353 115 179 269 332 277 399 202 83 262 175 325 306 103 93 289 58 93 337 310 1 194 410 358 89 69 119 289 276 317 358 400 93 278 361 242 188 397 232 343 158 251 144 319 283 326 362 327 206 302 135 263 374 191 276 268 94 311 80 467 61 364 216 303 165 355 135 363 150 336 217 218 176 132 163 283 167 389 154 158 144 215 22 285 151 397 165 35 398 355 382 261 360 271 443 319 347 135 49 131 188 205 128 380 109 327 381 169 373 53 272 303 240 291 97 39 260 222 148 241 264 125 297 154 301 281 371 247 229 280 298 56 354 421 54 26 307 281 313 316 262 347 350 297 131 273 193 252 402 147 344 331 359 253 106 134 164 97 395 313 226 309 214 67 133 313 167 380 66 175 133 198 84 330 289 202 330 130 254 370 154 398 180 191 153 37 210 122 105 311 46 97 95 433 141 364 354 177 75 22 297 384 350 294 352 319 339 184 299 227 236 318 315 151 75 319 316 341 57 308 355 45 391 246 103 130 208 183 347 346 262 185 274 241 202 113 192 332 202 332 240 238 382 278 161 286 344 87 307 198 263 35 351 72 169 428 135 427 319 334 278 287 408 79 328 62 202 271 35 116 334 256 185 333 223 169 153 237
 143 145 278 93 37 76 374 375 370 50 126 78 246 388 209 141 134 279 212 248 147 260 194 1 310 297 171 212 223 96 394 218 265 371 104 234 276 49 259 312 68 357 82 120 202 224 158 156 210 234 151 191 285 263 237 109 317 75 247 206 226 404 135 302 88 258 217 267 270 310 294 213 81 56 216 172 291 250 178 366 221 96 279 331 203 293 205 358 183 215 285 350 288 249 271 273 371 433 344 90 199 289 28 12 100 267 235 309 300 83 332 198 342 112 278 211 100 195 127 354 51 110 211 281 157 168 188 317 303 346 36 87 116 239 325 329 148 200 354 315 126 165 275 247 331 267 216 305 217 371 377 51 195 237 270 105 183 68 309 171 377 418 194 378 341 128 73 206 129 282 218 297 141 237 196 414 243 330 237 76 134 295 76 357 53 114 81 161 166 108 221 121 212 121 117 351 56 366 269 255 127 210 280 340 281 413 168 405 209 321 348 45 353 423 263 57 221 164 146 165 199 420 276 150 315 322 92 216 313 44 334 180 86 73 148 71 89 273 290 365 120 369 131 75 276 137 44 278 297 216 126 199 157 172 215 235 213 386 220 344 136 214 176 168 368 190 158 150 238 210 213 218 386 159 119 206 41 297 51 343
 217 332 68 314 287 287 264 351 147 263 393 255 291 303 108 307 319 174 458 386 259 118 410 310 1 83 325 368 329 287 391 97 53 148 364 144 53 292 289 32 245 215 272 192 288 93 153 195 138 84 205 121 392 193 100 230 248 294 384 107 372 114 375 78 227 128 275 56 368 94 387 101 232 255 261 284 364 150 250 156 290 264 371 361 429 199 282 126 254 443 34 182 29 181 52 194 78 407 183 290 445 404 288 309 293 48 353 155 43 261 117 371 298 269 245 120 340 436 184 395 343 202 150 398 158 261 123 243 68 341 308 291 236 416 138 23 362 431 266 239 252 161 209 66 156 146 311 235 243 383 157 339 140 81 53 207 314 314 395 318 168 385 190 308 382 367 307 106 246 32 377 359 278 254 342 348 136 377 81 364 179 57 280 121 272 228 277 398 201 296 343 265 450 398 323 51 340 198 58 298 345 411 163 111 76 403 230 346 109 388 268 272 372 386 114 355 372 166 198 206 450 396 62 385 51 303 352 312 339 277 166 176 241 255 164 244 233 400 326 248 216 256 186 239 36 175 300 178 108 355 231 225 159 412 109 391 267 131 310 45 233 98 140 143 127 343 194 350 249 141 401 329 284 162 231 110 274 366 348 351
 242 282 28 277 267 294 183 269 86 248 356 259 219 221 96 258 272 94 411 321 286 49 358 297 83 1 270 308 264 300 310 89 61 87 328 81 44 292 215 54 239 135 240 183 224 83 152 221 179 75 163 118 321 116 148 198 167 300 319 103 309 113 333 8 210 57 208 52 297 17 314 123 217 245 194 228 290 78 193 89 223 229 299 282 378 118 218 68 195 392 101 104 63 108 53 116 86 325 104 254 398 334 272 299 254 99 287 73 41 230 46 314 217 286 167 87 302 388 178 316 319 191 97 328 168 205 122 161 17 260 304 301 252 355 59 80 314 381 184 158 273 181 131 77 77 69 246 154 175 303 95 315 173 74 52 203 256 283 321 262 102 303 133 226 304 325 275 105 203 70 317 284 229 183 283 267 70 300 73 336 167 27 249 64 250 195 245 352 153 255 278 285 401 364 281 80 314 121 48 225 301 355 83 48 19 322 264 264 136 312 186 267 292 304 44 332 310 189 221 238 404 314 35 340 38 222 317 247 261 258 86 210 245 230 159 241 211 332 249 167 185 175 167 234 86 178 276 98 26 293 250 163 143 366 144 329 201 91 244 75 256 117 124 140 75 285 221 301 178 93 344 264 203 139 195 132 267 292 326 271
 268 31 266 79 142 236 255 220 311 156 119 218 99 254 225 32 39 201 144 83 293 222 89 171 325 270 1 50 56 256 231 235 274 312 103 191 275 211 113 311 183 259 103 184 59 237 211 268 293 244 125 224 116 176 300 121 197 237 81 230 61 379 85 277 156 215 81 270 100 275 124 259 159 171 90 44 122 195 78 302 74 96 109 167 110 199 66 309 77 123 316 269 297 173 275 184 355 273 261 85 133 121 153 182 75 299 65 240 295 111 285 47 202 264 158 207 84 122 192 187 142 176 178 113 228 66 224 200 283 190 205 248 249 95 265 336 57 113 230 200 269 249 176 264 262 209 56 191 106 208 315 138 275 247 274 192 21 105 140 9 308 262 139 240 175 82 99 233 89 295 59 130 53 113 27 268 201 163 247 137 183 283 103 310 134 119 100 92 126 66 51 271 134 133 57 346 133 279 269 104 60 87 209 296 263 251 301 258 264 152 222 188 190 266 227 152 58 255 259 285 140 260 268 84 303 177 103 55 153 141 260 284 214 130 202 193 140 107 132 252 129 253 168 187 299 211 129 198 256 48 258 109 187 104 277 76 83 340 60 340 269 256 199 212 319 23 270 42 117 185 77 51 260 178 112 258 185 129 149 184
 317 68 306 120 186 280 265 210 340 203 132 265 109 256 271 80 81 231 125 38 340 260 69 212 368 308 50 1 52 301 212 280 317 340 127 229 317 255 121 352 230 278 150 234 85 282 259 317 342 288 172 271 78 205 348 170 210 281 37 277 16 414 99 315 204 252 104 313 71 311 90 307 208 218 117 85 98 231 119 329 91 144 80 149 88 223 92 340 116 98 361 293 340 205 317 211 393 255 285 130 117 79 197 223 121 344 41 269 336 159 318 20 204 310 175 251 116 107 241 161 176 225 220 72 277 109 271 215 322 180 246 292 297 49 296 377 72 93 239 215 316 298 201 309 290 243 67 208 135 188 342 172 324 292 317 241 55 145 106 55 334 247 180 241 151 100 140 280 138 339 10 109 102 136 27 262 239 139 291 165 232 323 150 342 180 168 147 91 171 112 37 317 112 147 96 386 166 300 311 110 88 56 240 329 302 231 349 251 312 123 231 234 171 252 265 183 11 304 308 334 126 243 310 90 343 177 132 66 141 187 287 333 262 178 251 240 189 63 124 265 178 265 217 235 344 260 171 227 291 19 306 146 235 98 325 27 109 371 70 380 317 304 246 260 351 28 319 64 140 228 41 50 266 226 161 306 230 105 182 170
 307 86 265 132 191 284 214 168 290 202 170 263 57 207 238 83 93 182 176 58 336 217 119 223 329 264 56 52 1 303 177 247 280 291 157 187 277 260 70 310 226 227 149 217 43 248 236 304 320 253 145 242 72 156 320 156 159 286 56 246 48 367 135 271 194 208 57 274 51 266 76 278 200 216 71 61 69 187 85 280 42 139 59 113 139 173 49 292 80 149 325 242 301 159 279 162 348 219 234 134 167 82 203 233 124 310 25 220 294 155 270 67 155 309 124 216 138 157 224 133 196 210 181 74 257 80 243 163 279 137 256 296 291 96 248 336 106 144 189 164 312 279 151 274 241 197 19 157 90 153 292 192 302 256 278 229 41 158 91 53 284 208 142 192 121 134 151 248 121 301 59 76 89 86 39 217 197 109 256 192 212 281 151 294 182 152 147 135 140 116 17 315 163 184 112 343 187 249 272 59 114 107 192 282 260 196 340 206 285 100 180 236 135 213 222 206 51 286 295 322 175 206 269 130 300 129 158 19 99 190 237 316 257 173 230 236 179 73 79 214 160 214 197 229 308 242 180 179 246 34 298 106 210 145 298 67 64 323 21 337 310 274 218 235 302 46 305 93 91 190 92 5 216 200 144 278 232 75 204 130
 76 234 276 183 116 22 418 440 382 102 220 47 315 440 205 225 221 312 307 337 57 275 289 96 287 300 256 301 303 1 465 212 253 383 200 258 268 48 326 299 82 391 156 125 275 218 149 97 159 227 194 183 370 303 195 159 366 23 335 198 314 394 230 303 121 277 285 258 353 315 377 188 113 89 280 246 370 276 241 382 292 166 361 405 299 331 276 366 247 311 257 376 271 286 260 312 359 501 371 172 294 376 105 86 182 240 319 333 291 150 342 288 400 24 331 219 194 290 127 432 145 122 235 368 134 236 179 365 301 413 63 11 53 332 342 309 242 296 402 362 43 128 319 233 352 291 294 352 276 444 391 146 151 229 260 103 264 159 393 255 394 484 234 432 418 223 162 197 191 263 308 375 216 297 282 472 264 407 230 169 142 290 154 363 123 164 157 256 209 191 304 32 307 214 206 335 151 394 261 324 220 305 309 346 282 483 86 464 179 402 398 69 426 488 277 148 310 122 91 95 293 487 271 246 307 384 188 293 384 115 358 121 59 132 143 74 133 361 362 407 163 412 149 82 253 123 132 312 308 303 59 252 165 267 180 325 279 389 296 327 62 193 180 161 374 277 99 242 296 230 307 299 433 173 172 179 72 376 144 413
 451 262 326 307 360 447 149 43 285 365 342 420 150 113 338 257 268 219 325 184 488 279 276 394 391 310 231 212 177 465 1 342 354 285 332 263 344 426 140 363 384 196 315 357 193 340 362 442 438 340 278 352 144 205 424 307 144 450 183 348 198 376 308 316 347 269 181 346 142 302 128 383 354 376 186 223 115 251 224 271 174 302 134 65 291 193 190 298 219 296 402 229 368 220 349 201 373 44 224 304 321 151 371 403 295 393 174 240 349 317 289 231 94 466 154 311 314 312 361 58 372 354 274 155 385 230 354 150 326 55 424 459 442 228 263 388 279 297 135 153 465 408 186 358 247 249 179 158 194 26 281 367 422 343 348 375 215 332 116 228 267 42 249 98 63 308 324 351 274 372 212 104 254 172 212 82 267 75 341 368 346 335 319 303 347 302 315 302 266 287 184 471 312 357 287 381 362 222 342 141 290 257 230 300 317 20 484 74 394 94 129 399 43 47 282 382 204 416 435 461 330 33 333 300 346 93 333 180 82 356 238 447 412 334 359 393 333 167 105 162 305 156 332 385 384 377 351 216 285 197 447 219 334 308 407 205 187 321 176 379 458 377 333 355 306 220 443 268 175 284 242 181 135 322 294 387 397 108 379 53
 154 238 65 218 192 207 243 305 173 170 297 173 218 275 12 214 225 133 364 302 198 76 317 218 97 89 235 280 247 212 342 1 48 174 268 80 59 207 220 95 156 202 176 100 204 7 65 134 102 17 112 30 314 140 83 134 207 213 300 15 286 188 280 92 133 83 196 50 290 105 312 44 138 164 183 196 292 95 164 174 211 168 295 300 336 159 200 156 168 350 82 178 71 123 53 146 154 366 176 194 350 326 195 219 197 65 270 137 83 164 133 281 254 198 189 33 244 341 94 334 248 109 71 319 79 172 34 203 90 288 221 213 164 327 138 113 267 337 235 200 184 93 159 32 152 104 229 192 166 329 182 244 91 19 53 118 226 217 322 228 188 345 107 275 320 271 211 16 151 67 289 289 185 183 254 317 78 312 20 268 85 79 183 153 177 132 181 303 110 201 258 196 356 302 228 134 244 197 52 226 250 319 125 136 71 357 178 312 56 319 235 183 315 348 76 260 285 102 133 152 355 354 61 290 99 251 256 229 277 183 160 126 158 159 74 157 138 319 259 228 120 235 90 150 67 91 204 135 101 269 162 144 63 317 68 305 188 178 229 126 168 37 44 53 163 254 134 256 178 61 311 245 261 65 135 50 185 295 254 295
 188 280 35 263 239 250 238 315 144 216 343 216 244 275 58 256 267 136 407 336 232 77 358 265 53 61 274 317 280 253 354 48 1 145 314 97 18 251 243 49 201 192 222 146 238 43 110 167 120 34 153 75 344 151 88 179 213 256 334 60 322 143 324 61 179 86 226 10 319 77 340 67 185 210 212 233 318 106 199 148 241 213 323 319 378 163 232 124 203 392 49 163 25 138 10 155 109 373 162 239 393 356 242 265 241 41 303 127 39 210 105 320 263 236 204 68 289 384 139 353 295 156 99 350 120 210 78 208 54 302 266 255 202 365 119 67 310 379 235 205 221 128 169 20 135 107 262 198 194 344 154 291 115 30 10 164 263 264 349 267 162 352 139 277 339 316 257 60 194 23 326 313 226 207 291 319 90 334 30 315 132 41 230 120 224 177 227 346 149 245 292 234 399 348 272 87 291 181 14 251 294 359 126 105 45 368 207 315 79 343 237 229 331 354 74 307 321 135 168 182 399 362 27 333 56 263 302 262 296 230 145 153 202 206 119 202 185 351 281 223 166 230 137 195 31 134 251 140 82 305 199 175 110 360 85 341 218 141 261 80 203 62 91 98 130 292 166 298 202 90 350 279 258 112 180 76 231 320 301 311
 327 331 113 336 339 376 139 243 2 322 413 341 237 179 180 308 323 111 455 345 372 113 400 371 148 87 312 340 291 383 285 174 145 1 387 139 128 371 229 118 317 90 306 263 258 168 235 307 264 161 226 202 334 137 231 266 152 382 342 188 338 92 385 86 285 114 237 137 312 71 324 209 293 322 225 270 298 126 237 14 251 293 312 275 420 120 250 23 238 433 175 57 140 141 137 130 96 288 64 316 443 347 345 375 313 179 311 73 113 298 43 350 195 370 172 166 360 433 259 306 387 269 162 344 252 252 207 146 92 244 382 384 336 386 49 133 363 424 151 143 357 266 141 162 51 109 275 145 208 284 10 382 259 159 136 284 294 347 327 304 22 267 187 189 296 379 339 190 262 148 348 288 280 206 318 224 129 295 158 401 246 106 314 29 322 262 310 400 213 313 307 370 444 423 335 114 380 64 133 241 354 393 104 41 105 292 349 224 222 312 157 345 278 267 109 400 340 274 306 323 451 280 120 390 99 210 378 275 257 330 55 296 327 301 241 321 283 350 253 124 254 131 244 313 164 261 345 115 77 323 335 205 222 414 229 357 233 38 272 115 341 203 205 223 24 322 306 348 201 162 380 292 157 216 260 218 345 297 394 258
 239 73 316 53 96 179 351 323 386 122 30 176 200 354 257 87 72 280 111 163 249 283 93 104 364 328 103 127 157 200 332 268 314 387 1 252 320 152 214 358 152 348 93 184 156 272 221 248 292 281 166 247 204 258 311 135 292 178 162 259 142 440 33 334 146 278 177 313 195 337 216 278 145 137 183 129 220 262 155 379 173 101 204 268 100 284 162 379 157 112 346 352 338 249 317 267 411 375 344 75 97 205 103 115 75 328 161 316 343 105 353 109 303 215 252 249 27 92 193 285 57 173 232 197 230 141 245 295 338 293 139 190 214 142 339 379 56 97 327 294 227 245 263 299 340 279 159 284 193 308 391 55 275 285 316 180 122 54 232 108 387 364 200 341 274 29 59 260 127 334 131 230 109 207 121 371 263 261 285 40 192 334 86 379 103 137 88 58 177 75 149 224 109 37 55 396 50 364 313 206 44 111 285 363 316 351 267 360 278 248 320 141 291 368 288 60 137 247 238 260 99 362 316 48 355 279 15 158 255 103 340 269 179 115 211 160 135 187 234 346 149 349 181 158 332 209 78 278 320 138 224 185 207 68 287 145 176 409 163 389 235 277 225 228 389 114 250 66 209 236 117 153 358 204 136 273 137 227 61 286
 215 203 79 201 201 248 169 226 138 186 279 213 148 198 77 179 193 57 331 244 259 33 278 234 144 81 191 229 187 258 263 80 97 139 252 1 92 239 147 124 185 135 168 134 146 78 117 199 179 78 89 95 249 61 162 129 128 253 242 88 232 191 255 87 150 27 132 90 225 87 244 122 158 187 118 148 222 19 113 133 148 156 228 224 299 82 140 129 116 313 145 119 116 44 95 67 166 287 114 179 318 261 208 239 178 133 211 76 108 160 103 235 175 249 110 51 226 309 133 258 249 138 25 255 139 126 99 124 94 210 248 257 217 277 92 150 235 301 158 121 240 160 79 97 98 34 169 113 100 251 144 244 166 81 94 156 177 210 253 183 144 266 54 197 244 247 202 91 126 117 238 217 150 112 204 239 12 238 79 264 117 95 177 128 184 124 172 273 77 179 201 250 322 288 203 157 243 137 88 156 223 276 52 112 74 278 244 233 134 247 157 211 237 269 38 262 232 168 196 219 325 275 83 261 114 172 242 170 201 192 102 197 200 164 120 190 147 257 185 155 116 161 111 182 127 141 207 59 69 215 218 84 95 287 147 251 125 158 168 151 227 116 84 107 139 206 200 222 106 29 265 187 186 86 122 127 211 224 256 218
 205 283 19 269 249 264 224 303 127 227 349 230 239 261 69 259 271 125 411 334 249 67 361 276 53 44 275 317 277 268 344 59 18 128 320 92 1 265 237 39 214 177 229 158 236 54 123 184 138 44 157 88 340 142 105 186 201 270 332 73 321 130 329 43 190 77 223 11 315 60 335 84 196 222 209 234 312 98 199 131 238 220 319 310 380 151 230 107 202 395 60 147 26 130 10 145 96 361 147 246 397 352 252 277 247 56 301 113 25 218 88 320 251 252 195 72 295 388 152 345 304 167 99 346 135 210 91 196 37 292 279 270 218 365 102 62 314 382 222 193 237 144 159 36 119 96 259 187 190 334 136 300 133 41 10 177 263 271 343 268 144 340 138 264 331 321 264 73 198 29 326 307 229 202 291 306 84 326 40 323 143 23 237 103 234 184 234 350 151 250 291 250 402 355 277 77 300 164 9 246 298 361 115 87 29 356 224 302 96 336 224 242 322 341 63 316 321 152 185 199 403 350 12 338 41 254 308 260 288 240 129 170 216 215 132 215 194 348 274 208 173 216 147 208 44 148 260 129 66 304 215 173 120 365 103 340 215 124 258 70 220 79 101 111 112 293 183 301 197 91 351 277 244 120 186 93 243 314 310 302
