NAME : domp180p90v5
COMMENT : (Deleplanque et al.) 
TYPE : DOMP
DIMENSION : 180
DISPLAY_DATA_TYPE: NO_DISPLAY
OPEN_FACILITIES : 90
COST_SECTION
 1 284 97 121 233 288 140 69 251 247 174 322 303 209 82 258 229 118 311 90 98 282 65 71 97 169 224 135 212 138 284 219 203 186 109 250 116 108 212 172 196 286 205 17 226 38 325 87 15 114 309 58 267 325 251 275 271 234 275 115 176 19 25 197 54 284 292 275 73 68 178 266 110 357 295 115 33 163 108 210 108 256 260 276 227 229 261 274 276 109 104 194 133 179 165 155 101 238 91 311 54 273 186 242 232 192 202 289 210 310 184 69 265 82 211 338 351 313 160 34 151 207 103 76 276 176 255 394 216 202 128 218 134 44 140 143 89 108 153 306 263 195 290 23 31 44 36 80 203 192 263 86 251 73 282 298 324 297 307 153 337 263 266 327 116 372 307 200 222 127 175 287 76 54 321 85 235 169 136 95
 284 1 282 252 126 134 234 352 70 94 116 144 200 244 365 211 111 190 198 196 349 172 330 348 228 190 362 248 127 168 154 289 83 109 176 268 198 356 83 243 300 258 143 269 141 305 44 330 273 227 94 254 62 42 42 37 230 156 361 213 126 279 279 126 248 253 47 112 213 300 243 258 204 163 42 236 314 125 334 330 251 76 226 102 150 285 267 117 139 233 290 171 154 327 132 299 377 332 355 213 250 151 157 164 55 158 287 78 118 226 164 222 65 240 172 211 133 85 127 279 301 180 216 211 144 220 112 167 94 131 195 109 329 327 173 307 236 283 158 101 122 108 9 284 293 325 250 344 90 266 82 233 210 343 223 249 119 143 108 223 138 118 123 160 205 138 166 209 356 194 110 158 325 242 131 265 116 345 169 358
 97 282 1 205 274 328 66 123 272 217 169 360 359 286 141 322 264 173 246 109 190 333 156 150 56 112 319 217 175 115 231 305 208 175 131 329 177 80 231 251 286 358 251 92 272 74 317 182 105 57 277 53 286 320 260 285 339 284 367 71 157 113 73 235 133 356 304 235 116 39 257 341 80 394 279 193 119 162 204 303 192 231 327 240 177 313 338 233 228 51 10 140 157 273 152 247 122 329 179 369 61 220 142 186 230 243 289 311 179 372 237 84 243 161 154 392 380 285 177 65 244 147 171 122 320 102 291 422 195 243 189 252 230 111 111 237 50 12 126 271 301 177 286 119 127 99 94 83 221 275 289 162 315 159 347 367 354 338 270 82 371 222 305 368 181 397 353 268 317 188 186 233 171 72 355 22 198 265 183 91
 121 252 205 1 154 202 222 169 195 256 175 235 198 90 170 147 159 69 353 124 116 183 114 141 176 227 131 15 237 175 315 101 180 191 120 131 60 228 169 53 84 168 125 117 141 158 295 97 108 193 310 153 211 291 211 228 157 141 166 185 192 103 139 131 73 167 240 290 101 185 59 148 173 270 278 19 127 164 91 106 14 258 146 287 263 110 142 292 302 191 213 242 120 86 180 55 209 127 129 203 146 304 227 283 210 108 85 224 230 200 99 132 261 45 258 234 273 310 139 147 55 259 48 96 186 248 179 312 222 130 58 153 79 148 183 58 173 215 188 311 182 203 259 101 101 155 112 198 163 72 199 45 140 128 170 182 247 208 315 228 255 283 185 235 52 297 211 89 127 60 157 319 99 136 239 186 255 97 87 213
 233 126 274 154 1 56 251 299 57 181 132 90 96 122 306 88 18 117 296 166 267 66 257 281 222 224 243 145 189 177 251 166 100 140 144 144 120 330 67 128 182 137 31 220 17 265 163 247 219 231 211 228 68 156 88 92 109 31 237 216 156 221 239 40 183 132 96 212 167 275 126 134 203 125 164 143 255 130 244 211 158 171 102 205 220 161 142 216 235 234 283 221 118 214 151 190 333 210 277 109 222 244 202 240 113 47 167 73 178 118 56 193 167 163 231 123 122 205 102 242 193 236 137 162 47 256 26 163 157 32 110 28 230 273 185 202 226 279 178 216 31 150 133 224 229 275 204 308 72 147 50 156 86 272 105 132 95 66 222 247 106 212 34 96 122 145 81 88 238 110 103 255 246 210 89 253 194 237 98 324
 288 134 328 202 56 1 302 353 76 211 178 35 68 150 360 93 65 171 324 221 317 42 310 334 275 271 273 192 227 227 279 192 140 183 199 157 174 386 108 167 214 134 85 276 64 320 161 298 274 283 226 283 75 152 108 98 108 62 254 268 201 276 294 95 238 129 91 238 223 331 164 140 255 70 175 194 309 178 292 241 208 197 108 229 258 183 151 242 263 287 337 264 172 251 198 231 388 233 329 80 277 273 246 276 143 99 197 58 216 94 108 248 190 216 272 81 73 218 154 298 235 278 190 218 19 303 39 111 192 88 164 78 274 328 235 245 280 333 226 233 28 191 140 278 283 331 259 363 116 180 57 209 95 324 97 121 49 12 240 296 53 240 24 41 176 98 34 123 267 164 151 283 297 265 38 307 227 277 153 379
 140 234 66 222 251 302 1 183 237 158 128 331 343 291 201 314 239 172 182 103 238 315 204 204 48 50 348 232 116 76 166 318 169 129 117 334 179 144 197 260 305 356 234 129 253 130 264 226 142 30 216 84 248 269 218 243 333 268 387 40 110 152 118 213 156 353 263 173 122 101 265 341 53 363 224 207 169 125 245 327 210 174 322 179 113 324 341 171 164 34 69 77 138 301 108 272 187 348 229 355 89 156 82 121 184 230 304 275 122 360 226 91 187 179 89 373 345 225 150 111 270 83 180 128 297 38 264 386 142 223 190 226 266 167 68 265 53 61 79 210 275 127 236 158 168 156 121 147 188 287 256 178 308 210 338 361 320 313 208 17 339 160 279 342 185 359 330 267 345 188 152 168 215 94 324 62 137 298 174 156
 69 352 123 169 299 353 183 1 320 310 240 387 362 258 19 314 296 183 363 158 89 344 63 41 149 221 242 184 273 200 341 259 271 252 177 296 180 82 281 221 231 336 270 85 291 55 393 93 82 163 373 110 335 393 319 343 325 297 302 169 241 79 77 264 117 335 360 336 142 85 227 315 168 423 361 169 45 230 116 237 158 321 314 338 284 270 308 335 335 156 126 249 201 203 231 186 42 267 72 369 110 330 244 297 300 256 241 356 273 367 247 133 330 140 265 398 418 378 228 80 182 260 164 144 340 221 322 460 281 268 191 285 150 27 200 170 140 133 214 369 328 260 358 76 72 30 104 51 271 235 331 146 307 55 337 351 391 361 369 198 403 324 332 391 178 440 369 256 242 191 244 343 83 115 387 122 296 183 203 59
 251 70 272 195 57 76 237 320 1 136 110 98 138 177 329 142 43 142 250 171 302 108 287 308 218 202 297 189 153 163 205 221 70 112 148 200 149 338 43 179 235 191 77 237 73 278 108 282 238 222 157 234 17 101 35 36 162 87 293 207 131 243 252 65 207 186 45 164 180 282 178 189 195 127 108 181 278 113 282 264 197 123 157 156 183 217 198 168 189 227 281 191 122 264 130 238 350 265 310 151 228 199 174 201 68 93 221 40 142 163 101 199 117 193 199 156 109 151 97 254 241 205 167 177 81 234 45 151 118 67 143 44 273 294 170 248 224 276 159 163 56 119 77 247 254 294 218 320 53 200 21 186 141 301 157 183 84 87 169 230 103 166 58 111 154 126 109 143 291 142 88 209 279 218 89 252 152 285 121 335
 247 94 217 256 181 211 158 310 136 1 83 229 272 280 326 267 164 188 116 160 330 241 304 316 168 110 382 258 43 112 71 321 87 67 148 314 197 295 116 266 324 316 184 231 193 257 112 313 239 161 63 202 138 118 103 120 288 210 397 149 72 248 235 160 226 311 137 35 183 243 268 310 145 252 70 238 279 94 323 352 251 19 281 32 58 321 316 38 55 167 222 85 138 340 84 310 327 363 330 285 201 64 77 71 69 193 315 162 39 296 195 179 32 230 82 290 225 69 119 232 310 90 212 185 215 135 179 260 35 169 201 155 328 287 112 313 177 215 97 60 190 56 93 254 264 281 213 290 114 293 155 224 264 315 285 312 207 221 62 144 227 32 193 243 206 231 244 246 377 199 103 75 305 196 217 203 24 352 172 302
 174 116 169 175 132 178 128 240 110 83 1 205 227 208 254 209 117 106 184 84 251 197 226 241 114 94 302 177 67 55 143 247 42 17 68 246 116 241 71 189 246 256 123 158 138 191 154 232 164 115 141 139 121 156 93 118 229 155 322 100 26 171 166 99 146 252 137 116 105 185 192 246 90 236 122 157 205 12 242 273 169 87 220 114 97 248 250 118 129 121 176 90 56 259 21 228 263 286 252 239 135 133 72 117 63 126 238 148 58 248 126 109 94 148 102 253 218 144 41 165 229 107 130 105 176 126 141 259 49 109 120 105 246 216 62 231 121 171 50 140 152 29 121 177 187 212 139 229 63 217 129 142 204 238 231 256 193 189 143 121 212 109 156 217 124 232 208 176 297 119 31 147 225 128 198 150 81 270 92 243
 322 144 360 235 90 35 331 387 98 229 205 1 75 178 394 115 97 205 340 253 350 62 344 368 307 298 299 224 250 256 295 217 166 209 231 179 208 419 135 198 242 149 119 309 98 354 163 331 308 314 236 316 92 152 127 111 126 95 275 299 227 310 328 128 272 144 98 253 256 364 195 159 286 36 184 227 344 207 325 268 242 214 129 244 279 208 171 258 279 318 369 288 204 280 225 262 422 257 362 85 310 290 271 296 164 133 224 68 239 100 142 281 205 250 295 72 45 226 184 331 266 302 224 251 50 330 70 78 214 121 198 109 306 362 264 276 312 365 254 244 61 216 149 312 317 364 293 397 144 208 78 243 119 358 113 132 31 28 251 325 23 257 57 17 210 70 36 154 293 198 180 299 331 298 15 339 247 307 187 413
 303 200 359 198 96 68 343 362 138 272 227 75 1 121 365 54 112 190 387 252 311 32 311 337 310 319 235 184 283 270 341 154 194 235 231 111 189 407 161 151 183 76 111 293 91 338 228 293 288 321 292 310 140 218 172 164 56 77 204 307 251 288 314 131 250 71 157 301 247 355 146 88 293 95 242 195 319 225 282 205 207 260 63 293 315 143 101 305 326 324 368 316 207 223 246 211 400 190 325 14 303 335 298 334 204 117 165 125 272 27 124 277 254 224 326 37 118 284 196 319 215 332 201 241 58 350 94 142 250 122 177 123 258 339 279 227 314 366 272 299 83 245 207 289 291 344 279 381 167 153 120 218 60 325 41 58 104 60 305 341 96 302 81 63 188 142 40 109 229 177 198 346 295 291 88 338 286 252 177 397
 209 244 286 90 122 150 291 258 177 280 208 178 121 1 258 69 135 120 390 189 195 118 201 228 248 283 124 76 274 230 347 45 195 222 176 44 114 316 170 38 65 79 103 203 106 246 284 179 195 264 323 234 189 277 204 212 72 95 119 252 231 192 226 124 158 78 217 314 173 271 32 59 239 208 280 96 216 200 165 92 103 276 62 309 304 42 53 317 333 264 295 291 163 104 221 91 298 89 211 123 226 338 274 324 219 90 48 191 264 117 87 207 275 129 306 156 221 319 168 233 95 309 116 168 132 310 143 254 249 116 102 137 138 237 238 108 248 295 238 326 140 235 252 190 190 245 195 287 169 32 171 126 62 214 86 94 198 152 331 294 199 310 141 172 108 246 146 36 119 104 181 352 183 215 186 266 286 132 122 302
 82 365 141 170 306 360 201 19 329 326 254 394 365 258 1 316 304 191 380 171 79 348 59 32 166 239 233 184 289 215 358 255 283 267 190 295 187 97 291 221 226 336 276 98 297 73 406 86 93 180 388 127 345 406 331 354 326 302 294 186 255 88 92 272 124 335 371 352 153 103 227 315 184 429 375 172 52 244 108 231 160 336 315 354 301 267 307 351 351 173 144 266 212 196 245 182 49 261 60 371 126 346 261 314 312 262 237 366 288 369 253 148 345 145 282 401 426 393 240 96 177 277 170 155 346 238 329 468 296 276 197 294 142 39 216 165 157 151 230 384 335 274 371 84 78 47 116 68 282 234 340 151 309 47 339 351 399 367 385 216 410 340 339 396 185 448 375 258 233 197 256 360 78 130 394 140 312 174 211 74
 258 211 322 147 88 93 314 314 142 267 209 115 54 69 316 1 105 150 382 217 259 54 261 287 277 296 186 133 271 244 337 104 183 220 198 66 147 364 152 99 131 50 87 249 75 294 245 241 243 290 298 271 150 236 175 175 22 58 162 276 233 242 271 111 205 45 174 299 208 314 93 49 262 142 250 146 271 204 230 155 157 258 16 292 302 94 60 303 321 291 331 297 177 171 226 158 353 143 274 57 264 329 279 322 200 85 113 144 260 54 89 239 254 177 310 89 159 292 172 277 162 314 157 202 76 326 100 189 240 101 135 113 205 291 253 174 279 330 249 303 92 231 218 242 244 297 237 336 155 100 130 172 8 274 26 49 139 91 309 313 137 298 92 107 145 184 81 60 180 135 179 341 244 252 125 301 278 200 142 352
 229 111 264 159 18 65 239 296 43 164 117 97 112 135 304 105 1 114 279 157 269 81 257 280 211 210 255 151 173 164 234 179 84 124 135 159 118 324 50 137 193 154 36 216 31 259 150 249 215 219 195 220 56 143 72 78 126 48 251 204 141 218 233 33 180 149 85 195 161 268 137 150 191 132 148 146 253 116 247 222 161 154 119 188 204 175 158 199 218 223 273 205 108 224 136 198 329 223 278 125 214 227 187 223 96 53 179 67 162 134 61 185 151 162 215 137 124 189 90 236 201 221 136 157 60 242 28 166 140 30 110 14 235 270 172 209 216 269 164 199 38 134 118 221 227 272 198 302 56 158 41 155 103 272 122 149 96 75 205 234 110 195 42 105 122 145 93 100 249 110 89 238 247 203 94 243 177 245 94 318
 118 190 173 69 117 171 172 183 142 188 106 205 190 120 191 150 114 1 286 70 161 167 146 168 130 166 198 72 169 113 247 150 114 122 58 163 10 219 109 91 144 187 88 106 109 151 233 142 104 145 243 123 158 230 151 171 167 118 223 133 125 105 126 82 68 184 186 222 59 166 96 171 120 241 212 52 140 96 145 170 64 189 155 219 197 155 170 223 234 145 182 178 52 154 113 123 217 186 168 199 115 237 162 217 145 76 139 177 162 201 68 91 194 52 194 224 236 243 71 130 123 195 27 53 159 192 140 278 154 86 19 104 143 158 121 126 131 181 124 243 146 134 197 108 114 160 91 194 101 119 151 45 143 160 175 195 209 180 247 175 221 214 150 210 19 258 190 97 193 17 89 251 138 103 205 152 187 165 23 210
 311 198 246 353 296 324 182 363 250 116 184 340 387 390 380 382 279 286 1 238 405 356 374 380 216 143 483 357 118 183 47 429 200 169 235 426 296 322 231 372 428 431 297 297 307 308 197 390 308 201 114 256 251 207 217 230 403 325 505 197 163 318 292 273 307 426 244 88 264 282 375 424 202 360 161 335 342 193 405 455 345 128 395 97 91 430 429 83 62 208 247 119 236 439 174 407 367 469 401 400 259 54 130 72 184 305 421 273 127 411 306 247 136 319 101 404 330 127 224 286 407 105 307 267 330 145 294 360 143 283 302 270 417 344 177 407 225 239 169 105 305 157 195 324 335 335 283 328 228 400 269 315 378 383 400 427 316 335 98 166 336 86 307 355 304 331 357 357 478 300 210 42 380 259 327 242 106 445 275 336
 90 196 109 124 166 221 103 158 171 160 84 253 252 189 171 217 157 70 238 1 172 225 145 158 61 104 253 132 129 57 205 217 115 97 24 232 77 169 130 158 206 256 143 74 164 110 236 155 81 76 221 64 186 237 165 190 235 177 287 64 89 89 84 127 70 253 208 190 27 112 164 240 51 288 205 107 122 74 168 229 113 168 223 190 149 222 240 190 195 76 118 122 51 207 77 176 183 249 172 262 58 194 110 167 143 136 203 210 125 266 130 29 176 84 140 284 276 225 75 85 175 139 79 30 212 125 185 319 128 135 88 145 180 133 62 173 63 115 71 219 194 106 202 95 105 129 56 151 120 185 186 81 210 156 241 263 250 231 221 107 265 180 198 261 83 295 245 166 249 87 88 209 147 48 250 88 150 209 76 166
 98 349 190 116 267 317 238 89 302 330 251 350 311 195 79 259 269 161 405 172 1 298 35 50 193 264 155 128 300 226 375 185 270 265 184 227 154 169 269 161 154 270 237 110 255 118 392 21 99 211 391 155 318 390 311 331 266 256 217 211 259 89 121 239 106 271 345 361 148 155 167 249 204 385 368 125 73 239 32 154 110 337 255 361 319 197 240 361 366 206 196 288 199 119 248 110 127 185 20 315 150 364 278 335 301 220 167 334 296 310 211 160 344 110 305 346 387 393 225 129 105 302 136 147 301 273 292 427 297 240 160 261 66 84 230 93 186 201 241 389 295 276 356 82 71 97 124 137 261 167 308 118 252 36 280 288 360 323 391 250 369 351 299 350 149 411 326 203 156 161 243 379 26 148 353 181 322 96 183 147
 282 172 333 183 66 42 315 344 108 241 197 62 32 118 348 54 81 167 356 225 298 1 295 321 283 289 238 171 253 241 311 156 164 205 204 118 167 384 131 141 182 93 84 271 63 316 201 280 268 293 263 286 111 192 141 135 67 50 215 279 221 268 291 102 230 88 130 271 222 331 137 99 265 91 213 178 300 195 271 207 191 230 68 262 284 147 111 275 295 296 343 286 179 221 216 204 381 196 312 45 278 304 267 303 173 92 164 99 242 56 100 251 224 205 296 60 106 255 166 296 208 301 181 217 29 321 64 137 219 93 155 93 250 319 250 220 287 340 243 269 52 215 178 269 273 324 256 360 137 149 91 199 58 309 56 80 87 39 276 311 84 272 51 56 167 131 30 97 232 156 168 315 281 267 72 312 256 248 152 375
 65 330 156 114 257 310 204 63 287 304 226 344 311 201 59 261 257 146 374 145 35 295 1 28 161 232 181 128 272 197 346 198 249 240 159 237 140 139 252 164 169 278 227 78 247 84 372 31 67 178 365 122 303 371 293 315 270 250 239 179 233 58 87 226 83 278 330 334 122 121 170 257 173 379 346 118 39 215 55 175 105 312 259 334 289 209 249 333 337 173 162 257 177 140 221 124 104 205 28 316 118 335 248 305 280 212 180 321 269 313 203 129 319 96 274 347 378 368 204 95 120 271 122 122 295 240 282 419 272 229 148 249 88 52 200 108 153 167 213 363 287 250 336 51 41 65 93 107 243 176 295 103 253 15 283 294 351 317 365 217 361 323 290 345 136 401 322 203 180 149 222 349 21 117 345 147 294 122 167 119
 71 348 150 141 281 334 204 41 308 316 241 368 337 228 32 287 280 168 380 158 50 321 28 1 164 237 203 155 282 207 354 224 267 254 175 264 163 121 272 191 195 305 251 86 272 77 390 55 78 180 378 124 324 389 312 335 297 276 263 183 245 70 88 249 103 305 351 344 137 113 197 284 180 403 362 144 39 230 77 199 131 325 285 346 297 236 276 344 346 174 155 263 195 165 234 151 79 230 32 343 122 342 256 311 297 236 206 344 280 340 227 139 333 119 280 373 402 382 222 95 146 276 146 138 320 241 305 443 285 252 172 271 112 40 209 134 156 161 222 375 311 263 354 65 56 53 104 89 263 203 318 126 280 16 310 321 375 342 377 218 386 333 314 370 160 424 348 229 203 172 239 357 47 123 369 145 304 144 189 99
 97 228 56 176 222 275 48 149 218 168 114 307 310 248 166 277 211 130 216 61 193 283 161 164 1 74 300 186 128 61 193 273 153 121 80 291 136 130 176 216 259 316 201 84 221 94 264 180 96 19 229 41 231 266 205 230 295 235 341 21 104 106 77 183 109 313 249 190 76 76 221 300 25 340 227 161 127 107 199 280 164 181 283 194 136 279 299 189 187 17 64 101 105 254 97 224 161 302 187 321 44 182 97 149 175 195 258 257 129 325 189 44 192 132 117 342 325 236 123 71 222 113 135 82 268 81 238 367 143 192 147 199 219 129 58 218 10 60 73 225 248 124 232 113 123 120 74 123 166 242 235 131 270 168 301 323 300 286 224 58 317 178 252 315 141 342 301 226 297 146 131 195 170 47 301 38 151 251 136 135
 169 190 112 227 224 271 50 221 202 110 94 298 319 283 239 296 210 166 143 104 264 289 232 237 74 1 356 234 68 55 121 316 133 90 110 325 175 191 164 257 307 341 212 155 229 167 217 250 166 60 167 114 211 222 179 203 316 245 388 55 72 176 150 189 170 337 222 125 129 144 261 329 61 328 177 210 200 95 266 332 216 126 306 130 66 320 330 122 117 67 116 29 122 310 74 279 230 350 259 331 116 110 34 76 142 212 304 238 75 338 209 106 139 187 44 346 307 176 125 144 278 40 181 133 268 33 234 347 96 199 184 198 282 202 46 276 83 109 48 161 245 86 192 183 194 193 142 191 156 285 221 184 291 240 319 344 284 282 159 35 303 111 249 310 182 319 301 255 352 183 122 123 240 117 290 103 89 312 163 201
 224 362 319 131 243 273 348 242 297 382 302 299 235 124 233 186 255 198 483 253 155 238 181 203 300 356 1 127 366 305 444 83 301 318 250 126 188 319 282 120 62 169 221 228 228 257 403 150 216 318 432 272 310 397 320 332 180 218 66 312 321 207 247 237 193 171 338 416 229 291 120 150 300 327 394 149 213 292 127 34 141 381 174 412 393 93 137 418 430 316 327 372 248 48 309 78 281 49 174 233 264 433 357 413 329 205 78 314 358 222 199 257 383 171 389 265 343 430 264 256 79 389 178 224 255 376 266 374 349 232 183 254 94 231 313 84 297 330 318 434 263 330 369 202 196 243 230 286 279 98 293 173 181 188 196 190 321 274 438 355 321 410 265 292 180 368 266 156 7 184 281 448 161 256 308 304 383 60 211 298
 135 248 217 15 145 192 232 184 189 258 177 224 184 76 184 133 151 72 357 132 128 171 128 155 186 234 127 1 240 181 318 89 179 192 126 117 63 242 165 39 75 154 116 130 132 171 290 110 121 203 310 165 204 286 206 222 143 130 157 194 195 117 153 125 86 153 233 292 111 198 45 134 181 258 275 26 142 167 102 100 28 258 132 288 268 97 128 293 305 201 226 247 123 84 184 53 223 118 142 189 157 308 232 287 208 99 74 216 233 186 91 142 261 57 264 220 263 309 139 160 55 265 54 105 175 256 170 301 224 123 58 146 86 162 189 60 184 227 193 311 172 205 255 116 115 170 124 212 160 59 191 56 126 142 156 168 237 197 315 237 244 285 175 224 54 287 199 76 122 59 157 322 112 147 228 198 257 99 86 227
 212 127 175 237 189 227 116 273 153 43 67 250 283 274 289 271 173 169 118 129 300 253 272 282 128 68 366 240 1 76 79 312 90 53 121 311 179 254 123 254 311 319 185 196 198 219 151 283 206 120 103 164 159 157 124 146 292 215 387 108 46 215 198 161 197 314 164 64 154 203 258 310 106 277 110 219 244 75 296 338 230 59 283 67 33 314 314 63 68 127 181 45 119 322 58 291 288 351 298 296 164 68 35 52 87 190 303 185 12 306 191 144 72 205 47 306 252 110 107 194 291 55 191 156 228 95 192 290 36 171 184 162 304 251 74 292 137 173 60 98 204 41 128 221 232 244 180 250 118 282 173 200 267 282 291 317 231 238 98 103 251 52 207 263 187 261 259 241 361 183 94 83 274 160 240 163 24 330 157 261
 138 168 115 175 177 227 76 200 163 112 55 256 270 230 215 244 164 113 183 57 226 241 197 207 61 55 305 181 76 1 150 262 96 60 57 271 121 190 122 203 255 288 161 122 180 147 203 210 131 61 174 92 175 206 147 172 264 195 335 46 44 140 124 140 125 285 191 138 82 135 208 275 37 288 167 158 170 51 224 280 166 123 253 140 94 266 277 138 141 67 123 67 69 260 37 229 217 297 224 282 91 139 54 112 115 160 251 201 74 288 156 69 133 138 85 299 271 179 76 121 228 84 129 85 222 83 189 312 84 149 130 151 236 177 10 227 69 117 16 170 200 64 172 147 157 171 105 181 113 231 181 134 238 207 267 291 246 238 171 71 264 127 204 267 129 286 256 201 301 129 77 154 201 86 249 98 98 264 109 194
 284 154 231 315 251 279 166 341 205 71 143 295 341 347 358 337 234 247 47 205 375 311 346 354 193 121 444 318 79 150 1 387 155 128 199 382 257 309 186 331 388 386 253 269 262 286 157 359 280 180 77 232 205 166 172 185 358 280 463 173 124 289 268 229 274 381 200 43 231 264 333 379 175 316 119 297 316 152 373 415 308 83 350 53 58 388 385 38 17 187 234 93 197 400 136 369 350 427 373 354 233 12 99 46 139 261 379 228 86 366 262 217 91 284 78 359 286 90 182 262 369 84 269 233 284 132 248 318 99 238 262 225 382 321 146 370 202 226 135 68 260 115 151 296 306 312 253 311 183 358 224 278 333 355 355 382 271 289 62 150 291 40 262 310 265 289 312 314 439 260 167 5 350 232 283 223 63 409 234 321
 219 289 305 101 166 192 318 259 221 321 247 217 154 45 255 104 179 150 429 217 185 156 198 224 273 316 83 89 312 262 387 1 236 261 207 48 142 325 213 60 34 93 147 217 150 256 328 171 207 290 366 253 233 321 248 256 99 139 77 280 268 201 239 167 174 94 261 356 198 285 56 72 267 245 323 113 220 238 153 52 114 318 92 350 342 14 60 358 373 289 314 326 197 75 258 75 299 44 203 152 246 378 309 362 262 133 19 235 303 143 129 230 318 145 342 185 261 362 207 247 80 344 140 192 174 340 187 292 290 160 133 181 121 241 271 93 272 315 272 369 183 274 296 199 196 250 212 294 212 32 215 144 99 210 115 113 239 192 374 323 239 351 184 210 135 286 184 80 77 134 221 392 178 235 226 286 326 105 157 308
 203 83 208 180 100 140 169 271 70 87 42 166 194 195 283 183 84 114 200 115 270 164 249 267 153 133 301 179 90 96 155 236 1 44 95 228 123 279 34 183 241 232 98 187 109 224 124 251 192 156 132 175 81 124 53 78 204 127 312 141 62 198 198 74 167 227 97 121 131 222 184 225 130 196 100 163 232 47 257 270 177 82 196 115 122 236 230 124 140 161 216 124 73 261 61 231 297 278 274 207 170 147 106 141 32 107 231 107 79 217 109 142 83 162 133 218 177 131 46 198 232 139 140 130 140 165 104 218 58 84 123 73 256 246 103 237 160 211 90 134 116 52 89 203 212 243 168 264 29 209 89 155 179 262 203 229 153 151 139 161 172 117 119 178 131 191 172 160 295 122 29 160 245 161 158 189 96 275 94 278
 186 109 175 191 140 183 129 252 112 67 17 209 235 222 267 220 124 122 169 97 265 205 240 254 121 90 318 192 53 60 128 261 44 1 83 259 132 249 76 204 261 267 134 170 148 202 145 247 177 120 126 149 122 147 90 115 240 165 337 105 20 185 177 109 161 263 134 101 119 194 207 258 97 239 110 173 218 28 257 289 184 72 231 98 84 262 262 102 114 126 182 82 72 275 24 244 274 301 266 248 146 118 64 104 56 138 253 149 43 256 139 120 80 164 92 260 218 129 55 176 245 97 145 120 182 122 146 258 34 120 136 113 262 228 65 247 129 176 51 125 158 14 113 191 201 224 152 238 69 232 132 158 215 252 241 266 195 194 128 120 214 93 161 221 140 231 214 189 313 134 42 132 240 139 200 157 66 285 108 252
 109 176 131 120 144 199 117 177 148 148 68 231 231 176 190 198 135 58 235 24 184 204 159 175 80 110 250 126 121 57 199 207 95 83 1 218 66 191 107 148 199 240 122 93 143 132 217 166 98 92 208 87 163 217 144 168 217 156 280 79 78 105 105 105 79 236 186 180 38 135 153 225 65 265 188 102 139 57 176 224 111 154 206 179 146 212 225 180 188 94 140 123 28 205 66 174 204 242 185 242 81 188 108 165 124 116 195 187 116 246 111 52 161 85 140 263 254 211 53 106 173 140 73 38 190 135 162 296 115 113 75 123 184 152 65 173 84 137 69 206 172 93 182 111 120 150 74 173 97 176 163 80 192 171 223 245 227 209 209 119 243 170 175 239 74 273 223 150 246 74 67 203 158 70 227 110 141 211 58 188
 250 268 329 131 144 157 334 296 200 314 246 179 111 44 295 66 159 163 426 232 227 118 237 264 291 325 126 117 311 271 382 48 228 259 218 1 156 357 201 80 80 46 132 246 129 287 305 213 237 306 352 277 210 297 230 234 55 114 98 295 269 233 268 155 201 48 235 347 217 313 74 26 281 204 306 138 256 239 196 98 143 308 51 341 342 35 14 351 367 306 338 331 203 122 260 118 337 81 245 108 269 374 313 362 250 123 63 207 301 97 121 250 306 171 345 140 223 347 206 275 123 348 159 211 140 352 160 251 284 146 145 164 166 276 280 136 291 338 279 356 154 271 276 231 230 285 238 327 201 62 190 169 63 250 71 66 204 156 362 336 201 345 155 170 151 248 144 71 120 146 218 387 218 258 189 309 322 152 163 342
 116 198 177 60 120 174 179 180 149 197 116 208 189 114 187 147 118 10 296 77 154 167 140 163 136 175 188 63 179 121 257 142 123 132 66 156 1 219 116 83 135 183 90 105 111 150 241 135 102 151 252 126 164 238 158 178 163 118 215 140 134 103 126 87 65 180 192 231 62 168 88 166 126 243 221 42 137 106 137 161 55 199 152 228 206 147 164 233 244 151 186 187 61 145 122 114 215 177 162 197 118 246 171 226 153 77 130 182 171 199 68 95 203 46 203 224 240 252 80 131 114 204 19 56 161 199 143 282 163 90 13 109 134 155 130 116 136 185 132 252 149 144 205 105 110 158 91 194 109 111 156 38 140 154 172 191 213 182 256 182 224 224 153 212 10 262 191 93 184 13 98 261 131 106 208 156 196 155 30 210
 108 356 80 228 330 386 144 82 338 295 241 419 407 316 97 364 324 219 322 169 169 384 139 121 130 191 319 242 254 190 309 325 279 249 191 357 219 1 297 279 300 393 304 116 326 72 393 170 122 136 356 106 353 395 330 355 378 335 375 148 233 126 94 292 160 391 374 315 164 58 285 374 154 454 356 222 107 233 193 310 215 309 366 319 256 335 368 312 307 129 77 220 218 276 226 256 56 339 152 416 111 299 221 264 303 293 307 377 257 416 286 140 321 189 233 442 444 363 242 90 252 226 208 169 375 179 351 486 272 299 231 312 226 89 187 242 122 85 202 350 359 253 361 127 130 77 129 33 287 298 353 193 357 134 388 405 417 395 349 160 432 302 363 425 221 463 407 306 318 231 254 311 159 122 416 94 277 260 234 24
 212 83 231 169 67 108 197 281 43 116 71 135 161 170 291 152 50 109 231 130 269 131 252 272 176 164 282 165 123 122 186 213 34 76 107 201 116 297 1 163 221 201 70 197 77 238 126 249 200 181 154 192 57 123 43 64 173 95 288 166 94 204 211 47 170 196 81 149 140 240 164 195 154 167 112 153 240 73 252 251 168 108 165 142 155 211 201 152 170 186 239 157 81 245 91 217 309 256 275 174 187 178 139 174 50 81 209 82 112 184 85 158 106 160 166 185 151 150 56 213 219 172 135 137 107 196 71 193 90 55 113 40 247 255 130 225 182 234 120 157 83 85 91 209 217 254 179 279 11 188 60 152 149 265 171 197 125 119 162 190 143 147 86 147 123 168 139 135 277 112 46 190 245 177 128 211 128 263 87 294
 172 243 251 53 128 167 260 221 179 266 189 198 151 38 221 99 137 91 372 158 161 141 164 191 216 257 120 39 254 203 331 60 183 204 148 80 83 279 163 1 60 116 103 167 113 209 284 144 158 232 314 199 193 278 201 213 106 107 134 222 210 154 189 118 122 115 221 300 140 235 7 96 208 231 274 59 179 180 132 89 65 264 95 296 284 65 90 303 317 231 260 267 139 87 199 65 261 98 176 155 191 321 251 304 210 86 50 200 246 150 80 173 265 93 283 187 239 311 149 196 68 285 82 135 150 282 152 276 233 113 74 136 109 200 212 79 215 260 213 316 152 217 250 153 153 207 159 249 160 29 177 90 92 178 120 131 215 171 321 264 219 295 154 196 76 264 170 46 115 75 165 335 147 180 204 231 269 111 98 264
 196 300 286 84 182 214 305 231 235 324 246 242 183 65 226 131 193 144 428 206 154 182 169 195 259 307 62 75 311 255 388 34 241 261 199 80 135 300 221 60 1 125 159 196 167 232 341 141 185 276 372 235 248 335 259 270 129 158 83 268 266 178 217 176 155 126 277 358 184 263 59 104 255 272 333 99 194 237 122 30 96 322 121 354 339 46 93 361 374 274 294 320 193 43 255 45 271 44 172 182 228 377 304 359 269 144 19 253 302 174 138 215 323 128 337 215 285 370 207 226 50 338 128 179 196 330 205 318 291 171 128 193 90 214 263 62 256 296 266 374 203 274 308 175 171 224 193 268 218 37 231 128 125 180 145 145 262 216 379 311 264 353 204 236 127 310 210 95 57 129 223 392 149 218 250 268 326 73 155 282
 286 258 358 168 137 134 356 336 191 316 256 149 76 79 336 50 154 187 431 256 270 93 278 305 316 341 169 154 319 288 386 93 232 267 240 46 183 393 201 116 125 1 135 279 124 322 291 255 272 330 347 307 198 282 223 222 29 107 130 318 280 269 301 159 234 6 220 348 244 346 110 22 304 169 298 172 294 251 240 142 180 307 37 341 350 80 33 352 370 331 367 344 220 167 272 162 376 122 287 69 299 378 326 370 249 131 108 189 308 56 133 277 303 205 357 100 193 340 218 308 167 361 189 238 119 370 147 216 289 149 170 162 210 315 297 180 317 367 294 352 138 279 265 268 268 322 269 364 204 104 177 201 53 291 38 22 177 130 358 356 170 347 138 138 178 216 114 91 163 171 227 390 260 287 161 338 327 197 183 379
 205 143 251 125 31 85 234 270 77 184 123 119 111 103 276 87 36 88 297 143 237 84 227 251 201 212 221 116 185 161 253 147 98 134 122 132 90 304 70 103 159 135 1 193 23 237 183 217 191 211 222 204 91 177 102 112 108 35 221 197 147 192 212 25 154 131 120 217 141 250 102 127 183 154 178 113 226 119 214 188 128 177 99 210 216 144 133 220 238 214 260 212 97 189 140 163 304 190 247 122 197 245 193 236 119 18 145 101 174 128 27 169 175 133 224 142 152 217 87 216 166 228 107 136 72 242 56 193 155 15 81 35 201 245 170 174 204 257 164 225 60 145 150 195 200 247 177 281 71 124 76 126 83 242 109 134 125 93 231 231 135 215 64 123 93 175 104 68 215 80 93 257 216 185 119 230 193 210 71 296
 17 269 92 117 220 276 129 85 237 231 158 309 293 203 98 249 216 106 297 74 110 271 78 86 84 155 228 130 196 122 269 217 187 170 93 246 105 116 197 167 196 279 193 1 214 46 309 98 14 102 293 47 252 309 235 259 264 222 276 102 160 24 23 184 46 277 277 259 58 69 173 260 96 345 279 109 49 147 117 212 104 240 252 260 212 226 256 259 261 97 100 179 117 182 149 156 114 238 105 301 41 258 171 227 216 180 200 274 194 302 172 53 249 75 197 328 338 297 144 31 153 193 93 61 264 164 242 380 200 189 117 205 140 60 124 146 77 103 137 290 250 178 274 30 40 58 20 89 188 188 249 79 242 87 274 291 311 284 291 141 324 248 253 314 106 358 295 192 226 117 160 272 87 39 308 77 219 174 123 105
 226 141 272 141 17 64 253 291 73 193 138 98 91 106 297 75 31 109 307 164 255 63 247 272 221 229 228 132 198 180 262 150 109 148 143 129 111 326 77 113 167 124 23 214 1 259 179 236 212 232 225 225 84 172 102 107 96 18 222 217 163 213 233 41 175 120 112 225 163 271 111 120 204 133 179 132 247 135 231 195 146 184 89 217 229 146 128 228 247 234 281 227 117 199 156 176 326 194 266 103 218 255 209 249 126 36 151 88 187 110 45 191 180 153 239 122 133 220 105 237 179 243 128 158 51 260 40 173 166 31 101 38 216 266 189 188 225 278 182 230 41 158 149 215 220 268 198 302 81 131 66 146 73 261 95 121 106 72 236 250 115 224 44 101 113 157 83 73 222 101 109 267 235 207 99 251 204 222 93 318
 38 305 74 158 265 320 130 55 278 257 191 354 338 246 73 294 259 151 308 110 118 316 84 77 94 167 257 171 219 147 286 256 224 202 132 287 150 72 238 209 232 322 237 46 259 1 344 112 52 108 320 56 293 345 274 299 308 267 310 114 189 56 27 227 90 321 317 282 99 38 215 303 114 389 311 151 47 181 135 245 145 269 296 285 230 266 298 281 280 102 79 194 157 212 179 190 73 273 106 346 57 275 190 242 251 225 238 316 219 346 217 83 279 118 210 373 381 325 184 27 186 205 138 104 308 167 286 423 229 233 162 248 165 39 147 177 85 84 161 316 294 208 310 58 63 28 62 45 228 228 291 123 287 86 318 334 354 329 316 145 368 270 298 359 151 401 340 236 255 162 197 289 101 64 352 69 243 200 168 60
 325 44 317 295 163 161 264 393 108 112 154 163 228 284 406 245 150 233 197 236 392 201 372 390 264 217 403 290 151 203 157 328 124 145 217 305 241 393 126 284 341 291 183 309 179 344 1 373 314 261 84 292 96 11 85 73 263 193 400 247 161 321 319 167 290 286 72 118 254 337 284 293 240 173 43 279 355 164 377 370 293 94 260 108 169 323 302 123 144 267 324 195 196 369 168 341 416 371 397 240 289 157 184 178 94 199 327 104 144 254 205 262 81 283 193 233 140 72 169 318 343 201 259 253 174 245 146 165 124 172 238 149 372 368 207 350 272 317 192 93 154 141 37 326 335 365 290 382 133 306 116 276 245 385 255 280 133 168 100 252 151 128 154 179 248 137 190 249 397 237 152 161 368 281 148 300 135 388 212 395
 87 330 182 97 247 298 226 93 282 313 232 331 293 179 86 241 249 142 390 155 21 280 31 55 180 250 150 110 283 210 359 171 251 247 166 213 135 170 249 144 141 255 217 98 236 112 373 1 85 198 373 143 298 371 291 312 249 237 210 197 242 75 111 219 88 255 326 344 131 149 150 234 190 366 349 105 67 221 25 146 90 319 238 343 303 183 225 344 349 194 188 272 180 111 230 97 133 176 34 297 138 348 262 320 282 201 154 314 279 293 192 145 325 91 290 329 368 375 206 120 93 287 116 129 282 260 272 408 280 220 141 242 58 82 214 80 174 193 225 371 276 258 337 69 58 95 109 137 242 152 288 98 234 40 263 272 341 304 373 238 350 334 279 331 129 391 307 185 150 141 224 363 13 135 334 171 305 92 163 149
 15 273 105 108 219 274 142 82 238 239 164 308 288 195 93 243 215 104 308 81 99 268 67 78 96 166 216 121 206 131 280 207 192 177 98 237 102 122 200 158 185 272 191 14 212 52 314 85 1 114 301 60 254 314 239 262 257 219 265 114 168 11 33 183 39 270 279 268 61 79 165 253 107 343 285 101 42 153 104 200 95 248 245 269 222 216 248 268 271 109 112 190 121 170 157 144 115 227 94 296 54 268 182 238 221 178 190 275 203 296 169 63 256 68 208 324 338 305 148 42 141 205 88 63 261 176 241 380 208 188 113 205 128 57 134 134 90 115 147 298 249 186 279 18 28 58 27 94 190 179 250 72 236 77 268 284 311 282 300 153 323 257 252 312 102 359 292 185 214 113 164 283 74 51 307 90 228 162 122 110
 114 227 57 193 231 283 30 163 222 161 115 314 321 264 180 290 219 145 201 76 211 293 178 180 19 60 318 203 120 61 180 290 156 120 92 306 151 136 181 232 276 330 211 102 232 108 261 198 114 1 221 57 235 264 207 232 308 246 358 16 102 124 93 192 127 327 252 181 93 85 237 315 29 347 223 178 144 110 217 298 181 175 297 185 124 296 314 179 175 8 64 88 115 272 97 242 171 320 204 332 61 169 87 135 175 207 276 261 122 337 202 62 187 150 103 352 330 229 131 86 240 98 151 99 277 63 246 372 139 202 163 207 237 144 55 236 26 57 70 216 257 121 231 131 141 135 92 133 172 259 240 149 283 185 314 336 305 294 215 40 323 168 260 323 157 346 311 240 315 161 136 182 188 65 308 44 142 269 149 143
 309 94 277 310 211 226 216 373 157 63 141 236 292 323 388 298 195 243 114 221 391 263 365 378 229 167 432 310 103 174 77 366 132 126 208 352 252 356 154 314 372 347 222 293 225 320 84 373 301 221 1 265 153 94 125 129 318 242 441 210 134 309 297 200 286 342 139 45 244 304 315 344 207 252 53 293 341 152 382 401 306 55 313 38 106 364 352 49 66 228 282 140 195 392 145 362 389 408 391 305 264 80 136 108 105 234 361 171 101 318 238 241 50 288 132 304 220 14 173 294 363 140 268 245 235 189 202 248 94 208 253 189 385 350 174 367 238 274 159 10 212 116 88 315 326 343 275 351 155 339 173 281 296 377 313 339 209 236 17 201 229 58 213 252 260 219 259 287 427 252 155 80 365 259 223 264 80 406 225 363
 58 254 53 153 228 283 84 110 234 202 139 316 310 234 127 271 220 123 256 64 155 286 122 124 41 114 272 165 164 92 232 253 175 149 87 277 126 106 192 199 235 307 204 47 225 56 292 143 60 57 265 1 248 293 226 251 288 236 317 60 135 70 37 190 82 304 269 227 65 49 205 289 59 351 257 142 87 130 163 254 141 214 276 230 175 261 286 226 226 52 62 140 114 225 126 198 126 278 147 320 9 221 135 189 200 195 238 273 164 322 188 36 224 109 157 344 340 270 138 31 195 153 119 71 274 119 247 382 175 197 138 208 186 89 92 189 33 62 106 261 257 154 259 76 86 81 43 91 182 223 249 110 265 128 296 316 313 293 261 96 329 215 260 323 129 358 307 217 269 137 149 235 132 20 313 34 187 219 134 105
 267 62 286 211 68 75 248 335 17 138 121 92 140 189 345 150 56 158 251 186 318 111 303 324 231 211 310 204 159 175 205 233 81 122 163 210 164 353 57 193 248 198 91 252 84 293 96 298 254 235 153 248 1 89 36 26 169 97 304 220 141 258 267 81 223 193 30 164 195 296 192 198 208 119 103 197 293 126 298 277 212 124 165 155 188 228 207 169 190 240 294 199 137 278 141 253 365 277 326 153 243 200 182 205 73 108 234 28 148 166 115 214 116 209 205 154 97 145 112 268 255 212 183 192 83 243 51 138 124 82 158 59 288 309 182 263 237 289 170 159 61 127 69 262 270 309 234 335 67 213 22 202 150 317 162 188 74 85 166 240 93 167 62 106 170 112 108 155 304 158 101 210 295 232 81 266 156 300 137 350
 325 42 320 291 156 152 269 393 101 118 156 152 218 277 406 236 143 230 207 237 390 192 371 389 266 222 397 286 157 206 166 321 124 147 217 297 238 395 123 278 335 282 177 309 172 345 11 371 314 264 94 293 89 1 81 66 255 185 392 250 164 320 320 162 289 277 63 126 254 339 278 284 242 163 50 275 355 165 374 364 290 100 252 116 175 317 294 131 153 270 327 201 195 364 170 336 418 365 395 230 290 166 189 185 95 193 321 95 149 244 200 263 87 281 199 223 129 82 168 319 339 208 256 252 165 251 138 155 128 166 235 144 369 368 210 345 274 320 195 103 146 144 36 325 334 365 290 383 130 300 108 274 237 384 246 271 123 159 110 256 141 136 146 169 245 127 181 243 391 234 151 170 366 282 138 303 141 383 209 397
 251 42 260 211 88 108 218 319 35 103 93 127 172 204 331 175 72 151 217 165 311 141 293 312 205 179 320 206 124 147 172 248 53 90 144 230 158 330 43 201 259 223 102 235 102 274 85 291 239 207 125 226 36 81 1 26 195 118 321 192 109 244 248 84 211 218 46 131 179 273 201 221 181 153 77 195 279 99 294 288 210 90 189 122 153 245 229 135 156 212 268 165 119 285 111 257 347 291 317 185 221 166 149 170 39 117 246 62 114 196 122 193 83 202 171 188 129 118 92 249 259 178 177 176 114 210 79 169 89 90 155 68 289 294 153 266 212 262 140 130 90 94 50 249 257 292 217 315 51 224 53 194 173 306 190 216 108 119 136 209 128 133 92 141 165 142 141 169 315 154 78 176 287 212 116 241 121 304 129 329
 275 37 285 228 92 98 243 343 36 120 118 111 164 212 354 175 78 171 230 190 331 135 315 335 230 203 332 222 146 172 185 256 78 115 168 234 178 355 64 213 270 222 112 259 107 299 73 312 262 232 129 251 26 66 26 1 194 121 328 217 134 267 273 98 233 217 20 143 203 299 213 222 207 133 78 213 303 124 314 299 228 104 190 134 173 252 232 148 170 238 293 188 143 299 136 272 371 300 338 177 246 181 172 189 61 128 256 44 135 190 135 218 95 222 192 176 107 121 116 273 275 199 197 200 108 234 76 145 111 102 174 79 306 318 178 282 237 288 165 136 85 118 44 272 280 316 241 340 73 235 46 215 174 328 187 213 88 108 143 234 108 148 86 126 184 117 130 178 326 173 103 190 308 237 99 266 140 319 150 354
 271 230 339 157 109 108 333 325 162 288 229 126 56 72 326 22 126 167 403 235 266 67 270 297 295 316 180 143 292 264 358 99 204 240 217 55 163 378 173 106 129 29 108 264 96 308 263 249 257 308 318 288 169 255 195 194 1 79 150 295 254 255 285 132 219 25 192 320 224 329 100 34 281 150 270 158 283 225 236 150 168 279 13 312 323 88 46 324 342 309 348 318 197 170 246 161 365 135 282 54 280 350 300 343 221 106 111 162 281 46 108 257 275 190 331 88 170 312 192 292 166 335 172 219 92 346 119 197 261 122 151 134 209 303 273 178 296 347 269 324 110 252 237 255 256 310 252 350 176 102 149 186 26 283 17 29 153 105 330 333 148 319 110 116 160 195 91 73 174 152 200 362 253 269 137 318 299 200 160 365
