NAME : domp280p93v9
COMMENT : (Deleplanque et al.) 
TYPE : DOMP
DIMENSION : 280
DISPLAY_DATA_TYPE: NO_DISPLAY
OPEN_FACILITIES : 93
COST_SECTION
 1 258 260 344 197 133 365 175 334 186 447 253 241 314 85 295 170 170 141 271 330 57 231 341 359 86 107 158 423 425 447 155 16 267 321 348 369 187 246 316 224 454 378 22 263 43 213 276 95 181 358 24 170 220 435 279 61 237 33 350 325 270 357 106 298 153 186 319 449 351 104 266 314 108 276 268 173 80 251 218 54 201 86 378 334 236 182 201 315 269 163 169 457 141 192 353 348 13 304 19 331 287 345 34 247 314 148 203 43 72 350 148 88 447 391 414 347 306 348 110 272 368 469 357 364 359 388 333 188 94 314 47 136 258 272 455 147 209 412 226 369 125 60 468 250 334 165 236 247 328 243 134 373 43 307 327 293 297 77 231 128 250 304 337 68 231 101 230 327 162 296 171 294 43 54 306 285 276 286 338 359 345 314 236 45 445 190 324 427 135 476 143 186 367 296 197 291 376 137 406 137 252 191 308 238 129 253 326 52 134 72 149 193 206 337 287 440 365 222 321 174 435 61 134 328 273 259 24 260 250 350 321 117 289 323 282 317 184 105 370 219 351 206 77 320 473 195 221 257 424 442 320 93 284 179 152 56 351 57 67 300 56 38 362 99 398 214 265 336 300 365 175 404 275 134 78 374 430 139 264
 258 1 99 312 100 155 252 251 125 120 206 154 271 209 195 98 205 156 133 103 284 314 82 279 110 174 276 254 211 170 210 104 266 40 82 122 278 80 27 65 205 205 197 255 286 239 130 75 164 118 141 280 156 101 193 164 225 263 258 328 310 292 121 154 232 115 144 74 215 282 158 18 58 151 154 282 94 198 31 41 205 171 184 135 234 130 136 267 286 276 116 172 216 123 112 265 101 247 300 261 91 155 267 224 278 310 219 65 220 224 102 244 174 204 134 197 132 51 231 160 292 119 233 106 286 179 172 79 151 166 70 222 124 145 47 214 122 52 174 258 241 203 314 230 25 268 260 240 244 145 133 125 257 299 240 297 38 150 213 193 149 188 79 115 259 57 180 115 70 105 169 104 38 216 242 81 43 119 271 85 336 107 269 85 215 225 174 164 173 258 229 118 115 133 81 109 67 166 180 169 199 52 68 185 49 178 82 172 241 203 241 158 101 110 327 96 209 166 240 69 122 181 240 135 232 46 257 276 69 26 124 126 160 286 113 125 167 77 185 331 60 140 76 212 126 235 210 235 53 205 202 80 207 61 99 154 223 164 236 268 61 277 252 249 235 192 169 10 135 204 124 230 201 23 134 184 212 179 174 236
 260 99 1 403 65 130 349 313 76 76 280 245 348 305 179 39 270 222 121 200 376 315 171 373 185 192 314 311 300 225 287 133 273 64 86 213 375 140 75 101 285 270 294 266 365 229 59 35 179 187 233 280 104 186 266 259 210 339 273 418 398 372 110 160 324 162 87 161 293 377 183 87 114 168 56 362 98 184 127 106 213 98 212 213 331 43 207 334 375 358 100 116 289 125 186 361 116 253 386 257 178 58 362 229 355 397 276 134 218 204 117 299 175 276 176 286 89 126 329 152 372 193 309 180 382 277 263 118 90 186 89 216 155 48 60 287 167 116 253 333 339 253 319 305 77 362 318 319 325 70 43 147 355 301 332 387 119 248 244 276 134 276 175 208 286 145 217 36 129 106 72 162 116 220 265 177 138 23 357 120 427 194 360 175 225 310 106 263 231 307 295 151 185 218 179 185 58 259 140 248 253 148 102 88 140 143 177 83 263 257 270 216 68 56 415 194 290 262 316 147 188 235 266 129 328 62 339 282 32 75 97 223 200 371 210 30 76 99 162 423 63 92 65 193 224 309 282 311 150 292 276 86 244 159 162 213 211 261 260 293 77 297 241 346 275 284 90 106 77 299 206 294 294 90 174 203 310 243 228 322
 344 312 403 1 367 366 106 173 434 379 329 159 108 113 361 409 178 204 346 213 29 370 233 43 313 300 256 192 259 367 318 297 337 350 384 263 77 270 331 358 132 356 199 325 89 367 406 385 306 226 251 358 399 217 328 150 371 110 316 19 26 84 417 321 80 265 401 293 314 50 288 328 341 303 454 81 331 360 282 297 320 433 280 304 96 418 209 151 32 77 350 412 333 329 224 73 388 334 46 361 286 459 63 330 104 41 197 272 345 380 388 200 330 335 376 264 439 319 114 343 81 315 329 317 60 196 254 361 408 297 370 352 286 440 358 333 265 288 305 121 127 223 360 332 330 51 187 110 99 455 424 300 110 362 74 19 315 173 271 134 353 129 263 257 284 259 261 403 339 332 473 255 319 331 292 263 289 425 60 367 26 284 43 229 318 284 427 176 361 218 362 285 226 281 252 223 377 243 395 301 212 261 310 489 265 387 231 482 294 214 274 222 365 384 30 229 302 223 124 312 229 371 285 339 93 356 87 341 375 332 427 222 259 57 241 431 476 317 372 26 343 447 348 373 221 336 154 124 261 272 324 382 255 266 251 222 364 208 288 290 367 307 372 107 247 241 438 309 445 112 295 171 237 330 268 296 172 350 222 88
 197 100 65 367 1 70 329 259 138 21 304 214 301 281 118 99 219 174 58 183 342 252 144 342 207 129 252 254 309 260 309 78 209 85 132 221 351 99 76 136 242 300 290 202 319 167 39 82 116 143 239 218 57 154 290 233 149 292 209 382 360 326 165 97 292 110 45 173 313 348 122 98 142 106 96 318 40 122 117 81 149 75 150 233 306 54 162 282 338 314 36 73 314 62 145 336 162 190 345 194 190 104 335 166 308 356 221 99 155 144 164 242 111 301 216 296 151 145 308 89 328 215 332 202 355 271 271 155 52 124 130 153 98 79 87 312 113 85 273 285 322 196 256 328 79 332 262 275 282 133 61 88 336 238 301 351 134 229 182 236 71 240 177 213 223 122 157 41 157 45 117 116 132 157 202 179 142 82 317 158 390 206 326 150 161 324 75 250 265 248 324 95 143 232 176 146 101 264 86 268 198 134 59 132 121 87 158 140 200 201 208 164 5 18 376 184 308 262 269 166 142 271 203 65 302 88 297 219 67 79 155 218 142 329 209 89 131 51 102 390 41 155 26 133 218 333 234 265 138 304 299 131 184 156 118 161 150 257 197 230 115 233 180 326 214 290 75 109 140 272 223 241 298 105 117 140 301 273 173 283
 133 155 130 366 70 1 348 231 205 55 360 227 284 296 50 167 199 164 26 214 344 186 170 348 265 83 204 222 356 322 363 77 146 150 200 270 364 116 136 202 236 359 326 141 305 99 81 151 71 146 285 152 43 171 347 251 80 276 150 378 354 312 233 51 298 104 56 227 367 355 85 158 205 68 145 305 63 55 162 123 91 79 107 289 321 104 160 256 336 303 41 50 370 42 152 348 230 127 337 128 243 156 345 104 291 348 193 126 90 75 232 209 54 359 281 344 218 204 328 31 314 273 387 260 365 307 317 220 59 81 197 87 81 127 153 368 103 120 327 267 345 165 191 384 139 338 230 264 272 196 111 68 355 172 307 349 192 255 136 234 15 244 223 260 170 156 121 99 220 53 166 119 191 95 148 226 193 144 311 224 387 259 327 176 102 373 69 279 326 210 383 84 148 284 220 155 169 308 31 322 170 173 92 179 158 25 189 195 146 171 158 147 66 76 370 221 360 303 254 223 141 333 151 29 316 155 287 155 136 139 224 257 113 321 252 151 186 81 33 391 101 222 86 64 257 389 219 251 178 353 355 199 143 202 125 146 82 294 144 175 182 175 112 345 171 334 90 164 206 285 277 218 341 166 99 92 332 334 151 279
 365 252 349 106 329 348 1 218 365 345 226 122 169 53 357 346 199 199 324 150 84 403 186 65 224 299 299 237 155 270 215 272 362 290 312 173 35 236 275 285 145 254 97 348 160 377 367 326 301 204 158 383 372 179 226 98 374 166 342 123 124 160 340 311 74 246 369 213 210 57 283 266 266 294 404 151 299 357 223 250 327 401 286 210 32 374 193 206 104 143 321 387 229 307 197 34 310 353 133 379 202 406 45 342 169 135 225 231 352 381 310 239 325 233 287 161 367 245 22 330 157 225 224 229 50 99 154 284 376 294 299 359 269 392 297 230 248 245 205 174 22 242 395 228 274 61 234 149 139 391 379 282 10 392 68 105 244 103 289 135 335 115 186 170 316 209 267 358 261 303 420 230 248 340 317 186 219 370 120 288 127 196 86 180 329 179 398 92 263 260 258 266 201 188 178 194 313 144 378 202 230 203 272 436 212 371 175 422 318 233 302 220 328 345 134 158 198 126 164 233 210 273 310 319 39 295 138 368 319 275 353 138 257 132 157 375 418 282 362 110 297 376 306 372 137 231 176 161 201 168 222 310 273 196 223 219 369 113 311 324 299 341 385 4 277 138 403 247 377 66 203 205 133 266 256 300 69 251 228 116
 175 251 313 173 259 231 218 1 369 263 374 142 67 176 210 334 47 97 217 194 163 197 178 178 312 151 84 20 325 380 368 183 167 282 332 278 213 178 258 313 80 391 266 155 89 204 293 310 162 134 278 187 271 158 366 162 211 64 146 177 152 96 371 181 145 152 278 276 368 190 147 267 302 165 354 94 220 207 227 218 162 307 127 319 188 312 116 27 145 97 230 280 382 204 140 197 349 166 131 193 279 362 188 167 73 141 40 190 183 222 350 29 183 377 366 321 378 284 207 203 98 319 387 313 203 251 300 325 284 152 320 192 163 337 289 381 148 206 340 53 230 67 188 388 259 173 17 71 82 379 319 174 227 190 152 157 274 191 108 95 218 118 249 268 112 198 111 299 308 216 375 153 277 170 122 250 253 335 116 331 186 287 149 179 156 351 299 215 378 46 407 165 138 300 237 144 312 286 255 335 63 213 213 391 207 246 194 395 124 61 104 98 256 275 163 217 356 269 56 289 131 388 115 209 181 289 90 170 295 260 373 236 121 117 249 342 387 215 226 198 252 385 249 218 236 393 53 58 217 332 368 330 94 237 156 102 204 251 119 118 310 135 207 216 78 300 316 254 377 163 306 23 302 273 143 144 251 374 87 104
 334 125 76 434 138 205 365 369 1 151 246 278 395 328 254 40 324 274 194 223 406 389 206 400 164 262 380 369 284 181 256 197 346 89 55 206 395 192 113 83 329 229 293 338 410 303 132 62 249 237 226 354 178 226 232 286 284 386 344 451 434 416 48 232 355 221 160 156 263 402 250 109 101 237 94 406 166 259 155 152 285 167 279 191 352 112 257 388 410 400 172 189 255 196 233 383 71 326 424 331 171 86 386 302 401 435 334 181 292 279 72 358 247 241 130 269 15 122 345 225 416 169 276 158 404 279 250 89 162 255 68 290 220 102 82 253 227 164 226 381 352 314 393 271 112 389 376 364 368 34 108 214 369 375 362 420 123 267 311 317 208 312 180 204 355 181 282 110 110 176 93 217 118 293 335 181 148 68 395 87 459 183 392 209 297 287 176 275 189 369 253 215 234 203 188 231 59 250 214 223 313 175 160 101 173 217 204 71 333 316 339 273 142 130 450 210 263 259 363 137 240 190 335 201 351 82 382 356 78 110 29 230 263 410 212 64 72 162 237 453 123 18 132 268 231 275 331 358 175 273 244 57 310 172 215 269 286 263 330 363 68 368 316 363 340 274 156 127 13 325 188 349 283 105 236 273 315 204 286 360
 186 120 76 379 21 55 345 263 151 1 324 228 308 296 104 113 224 181 51 200 354 241 160 355 227 125 249 256 329 280 329 84 199 105 150 241 365 111 96 156 252 320 308 193 327 154 32 99 112 154 259 206 37 168 310 248 135 300 201 392 370 334 181 92 305 117 26 194 333 361 120 118 162 103 96 326 49 109 136 99 141 57 147 253 321 53 172 286 349 323 33 53 334 61 156 350 181 180 354 182 210 106 349 156 315 366 224 115 144 129 182 244 103 322 235 316 164 165 324 79 335 236 352 223 369 290 291 174 33 121 148 141 101 78 106 332 119 102 293 291 339 198 245 349 100 345 265 283 291 142 60 90 351 226 314 362 154 246 179 246 60 252 196 233 218 139 157 45 177 49 117 125 152 147 196 198 162 90 327 178 401 227 337 166 153 344 56 267 285 248 345 100 154 252 195 158 119 283 67 288 201 152 74 132 139 69 175 144 194 203 204 169 20 21 386 202 328 281 276 186 151 290 198 59 317 108 306 209 84 99 170 237 143 339 228 97 135 64 87 402 61 167 46 118 237 353 241 273 156 324 320 149 183 175 129 167 136 275 192 224 134 226 166 342 213 309 61 129 152 286 243 246 318 125 121 136 319 293 177 293
 447 206 280 329 304 360 226 374 246 324 1 233 356 226 396 252 334 298 337 185 304 500 219 287 98 363 432 386 75 72 15 298 452 223 200 102 259 262 229 180 298 32 131 439 358 437 328 246 356 272 97 470 360 234 15 216 425 349 439 347 343 361 202 351 268 295 347 134 22 282 344 207 167 343 327 350 299 399 201 239 395 371 364 73 235 320 279 377 320 341 321 376 11 325 261 258 176 436 345 454 119 322 267 415 360 352 358 246 416 425 175 381 371 9 119 67 239 160 216 361 359 90 31 103 276 136 78 164 353 355 193 419 313 326 224 9 301 245 36 352 205 356 498 26 226 280 389 325 321 279 321 319 224 486 268 324 171 185 386 282 353 262 144 112 429 218 353 308 152 309 333 278 173 409 418 142 168 290 324 164 352 104 299 215 403 58 375 166 63 401 35 307 267 82 152 256 223 91 385 42 347 196 270 344 211 383 197 316 418 352 411 313 305 311 356 165 31 111 334 139 279 67 414 338 239 222 328 461 252 226 221 139 334 339 129 292 317 280 389 335 264 246 280 413 140 31 322 330 191 60 7 199 375 165 270 309 422 129 412 439 204 452 449 225 395 89 365 198 258 234 84 353 94 200 315 370 159 45 328 300
 253 154 245 159 214 227 122 142 278 228 233 1 132 70 237 251 105 84 204 62 132 297 75 129 179 181 207 155 186 244 227 152 252 193 230 139 139 118 173 205 67 251 130 238 141 260 253 227 181 83 137 273 254 62 226 27 256 124 234 175 157 146 265 190 80 125 252 148 226 134 164 170 189 174 297 135 181 237 124 140 211 284 170 181 95 263 74 146 133 128 203 268 240 187 76 123 238 240 148 265 147 301 121 227 137 158 130 116 235 262 238 152 205 236 239 181 283 168 102 210 145 184 246 181 141 113 158 211 259 175 216 242 149 284 200 239 127 132 200 124 121 137 291 247 172 119 157 99 99 298 269 161 129 285 88 144 161 51 179 52 214 37 119 129 214 101 152 248 190 184 316 109 165 224 209 119 136 267 119 217 183 152 116 71 214 211 281 77 241 173 266 145 81 161 107 73 220 145 258 194 126 104 156 332 107 250 75 324 210 130 197 104 213 231 174 83 215 128 105 165 89 251 204 199 90 199 110 260 217 174 273 96 140 135 110 273 318 165 242 179 187 291 194 252 95 251 90 100 104 191 227 227 164 115 103 102 250 111 204 223 211 239 269 119 176 160 288 152 288 59 169 122 163 174 136 183 123 236 116 85
 241 271 348 108 301 284 169 67 395 308 356 132 1 138 269 363 86 128 267 192 102 263 192 119 310 208 149 86 298 374 348 224 233 307 351 268 157 209 284 329 68 378 236 221 23 268 337 338 217 162 264 253 321 171 351 142 274 10 212 111 86 30 389 235 99 192 326 279 346 131 200 288 315 217 394 28 262 267 244 245 224 357 186 311 142 354 142 45 82 32 276 332 363 251 164 143 364 231 65 258 278 400 132 231 8 74 97 217 247 284 364 95 240 361 369 297 402 295 163 257 33 315 365 312 145 225 279 338 333 207 339 255 208 377 314 362 189 234 325 18 185 125 253 367 284 116 80 34 36 409 360 221 177 256 103 92 287 173 171 82 270 97 249 259 178 216 168 340 318 259 414 187 290 233 188 250 262 370 54 344 119 282 90 190 219 324 350 191 371 111 390 209 163 290 237 166 337 266 310 320 117 226 248 430 224 301 200 430 190 117 170 140 297 317 97 214 334 246 33 295 161 381 181 259 135 314 33 236 325 286 394 224 172 51 240 377 422 252 283 132 286 410 286 279 223 371 68 38 228 307 351 349 156 243 187 142 267 228 185 184 331 201 271 168 143 274 364 272 404 127 299 70 274 293 188 203 216 364 134 59
 314 209 305 113 281 296 53 176 328 296 226 70 138 1 305 306 152 147 272 107 85 354 138 74 201 247 254 194 162 257 216 221 312 248 276 152 71 186 232 250 99 250 100 298 135 325 319 284 249 152 141 333 322 128 222 48 322 133 293 131 121 137 307 259 43 194 320 182 213 74 231 225 232 242 359 127 249 305 180 203 276 352 234 193 26 327 141 169 96 118 271 337 231 256 145 57 278 302 121 328 174 362 59 291 140 128 178 182 301 329 279 194 273 231 265 163 332 210 35 279 135 204 230 205 78 91 149 251 327 242 263 307 218 347 255 231 196 197 198 138 57 192 347 233 230 64 193 111 104 352 333 230 61 343 44 103 207 63 239 87 283 65 153 146 268 163 216 312 229 253 376 178 211 289 267 153 181 327 99 257 137 172 76 133 278 189 349 65 252 216 260 214 150 171 143 142 273 136 327 194 181 159 223 392 167 319 130 381 269 184 253 168 279 297 136 120 201 116 125 201 158 261 261 268 24 254 107 319 276 232 319 110 206 114 129 332 376 232 310 127 250 340 259 320 109 237 130 121 158 173 220 274 223 158 172 167 317 99 262 277 261 293 333 50 229 140 355 206 339 15 184 161 139 226 204 248 79 241 177 80
 85 195 179 361 118 50 357 210 254 104 396 237 269 305 1 216 186 162 64 236 342 137 192 349 302 63 169 198 384 363 398 100 99 195 247 301 369 139 178 246 231 398 348 96 291 50 129 199 58 155 315 103 86 188 383 262 32 263 106 371 347 298 281 49 300 115 102 263 401 357 76 200 248 64 192 293 102 6 196 158 52 118 85 325 329 152 165 237 331 293 86 86 406 72 164 353 276 81 328 79 278 203 348 60 276 339 174 153 43 30 278 185 33 395 325 373 267 244 338 36 301 311 421 299 368 329 347 264 104 66 242 39 92 174 199 404 112 152 362 253 357 145 143 419 181 339 206 254 264 245 159 82 365 123 309 344 231 272 106 233 49 247 255 291 131 183 103 148 262 91 212 133 231 52 109 257 229 193 304 269 380 293 325 198 62 404 107 298 367 181 421 97 159 317 250 168 216 337 54 356 154 203 128 224 188 46 213 243 107 154 122 142 114 125 361 247 393 329 243 262 149 374 114 60 323 200 278 108 183 181 272 283 104 312 281 199 234 118 21 387 146 270 131 18 282 424 209 241 208 383 391 246 117 234 141 142 33 318 107 135 228 132 63 354 141 361 131 203 255 292 313 201 368 208 102 68 351 373 140 275
 295 98 39 409 99 167 346 334 40 113 252 251 363 306 216 1 290 240 156 200 381 351 177 376 162 223 342 333 280 193 261 159 307 59 54 197 374 158 80 76 298 240 282 300 379 265 97 26 210 204 217 316 143 196 238 261 246 354 306 425 407 385 72 193 329 185 125 145 267 379 212 82 92 199 75 375 127 220 128 119 246 135 241 190 330 80 223 353 383 370 134 154 262 157 200 361 82 288 395 293 161 71 364 264 370 406 298 148 253 241 83 322 209 248 143 266 52 109 326 187 385 169 282 156 382 266 245 89 128 217 61 252 182 77 52 260 190 130 228 349 334 277 355 278 80 365 341 333 337 48 78 176 351 336 337 394 106 246 273 287 169 284 164 193 317 151 244 75 105 137 83 182 102 255 296 166 129 40 367 89 433 175 366 181 258 288 144 257 200 332 264 177 201 198 170 198 35 242 178 225 276 149 123 96 145 181 179 77 295 280 300 237 103 93 423 189 265 248 331 128 205 204 297 163 329 53 351 317 40 79 58 214 226 381 198 40 73 124 199 428 85 57 93 230 215 282 298 326 149 271 249 54 272 152 180 233 248 250 291 324 53 329 278 343 302 267 126 101 44 301 184 314 277 81 199 234 301 213 250 332
 170 205 270 178 219 199 199 47 324 224 334 105 86 152 186 290 1 51 182 151 162 204 133 172 268 124 105 54 289 336 329 142 165 237 286 235 201 133 213 267 56 350 233 152 107 190 255 265 132 88 238 187 237 112 325 128 194 79 145 187 162 114 325 150 130 110 242 231 329 182 116 221 256 133 313 108 180 184 181 173 143 273 103 276 169 272 70 65 148 108 193 247 342 167 94 184 303 159 142 186 235 321 177 153 93 153 28 144 168 203 304 49 156 337 321 284 333 238 185 172 116 275 349 268 195 217 261 279 249 123 274 175 124 296 244 341 107 161 299 69 207 46 197 349 214 164 58 70 80 335 279 137 208 194 138 160 228 154 95 66 185 88 205 225 118 152 84 259 262 177 334 109 231 154 120 206 207 292 120 285 195 244 145 134 141 315 265 180 335 69 366 126 92 257 193 98 267 248 225 294 35 167 170 350 161 217 149 352 121 37 104 56 216 236 176 174 317 231 57 243 86 344 113 174 162 244 93 171 251 215 328 196 87 126 207 299 344 173 199 203 208 340 207 197 195 354 26 55 171 295 328 284 79 192 111 59 187 214 115 126 265 143 196 197 78 264 280 208 332 137 263 25 267 227 104 120 222 331 49 95
 170 156 222 204 174 164 199 97 274 181 298 84 128 147 162 240 51 1 144 113 182 215 86 188 225 102 136 100 261 293 294 98 170 187 236 197 209 84 163 218 73 311 211 156 147 179 210 215 106 38 203 190 198 67 288 110 177 120 152 215 192 154 275 119 139 65 201 186 295 196 87 171 207 101 267 146 135 162 132 123 130 233 88 235 169 227 22 114 173 143 151 210 306 127 45 192 254 158 175 183 192 274 187 145 135 186 66 94 155 184 255 91 130 300 274 254 283 190 181 141 155 232 315 224 207 193 229 230 208 98 225 161 84 250 194 305 64 111 263 113 202 60 210 315 164 178 106 103 111 286 233 98 207 202 148 186 180 129 97 72 150 86 162 187 135 103 70 213 214 133 287 61 182 142 128 163 160 244 148 236 224 202 165 88 132 285 226 157 293 108 329 84 42 219 151 50 217 217 193 257 51 120 121 303 112 184 105 304 128 56 117 22 171 190 207 134 285 202 96 197 36 302 122 137 163 194 126 177 201 165 278 162 60 159 169 251 296 126 171 228 160 290 160 176 161 320 61 92 124 265 292 234 83 147 61 21 171 187 122 144 215 159 187 196 99 236 239 158 282 134 222 75 240 178 66 102 205 291 33 116
 141 133 121 346 58 26 324 217 194 51 337 204 267 272 64 156 182 144 1 188 323 196 145 326 242 75 199 210 331 301 340 53 153 132 184 245 341 91 115 183 216 337 301 145 287 113 81 137 62 123 261 161 56 147 324 226 95 259 152 358 334 294 219 42 276 82 62 204 343 333 72 137 185 55 146 287 40 68 138 99 92 92 98 265 297 103 138 242 315 285 23 68 347 18 128 324 213 133 317 138 219 156 322 109 274 329 179 101 99 93 214 197 54 335 261 319 207 182 303 32 296 250 363 238 342 282 293 201 68 71 179 98 60 127 136 345 82 96 303 250 320 151 200 360 118 316 218 245 253 190 110 47 331 182 285 328 170 230 129 213 17 222 199 236 168 130 109 94 199 29 167 95 169 100 147 201 170 138 291 206 367 235 306 151 104 349 84 254 305 200 361 61 124 260 195 131 154 283 56 298 155 149 68 181 133 50 164 193 144 157 154 128 54 69 350 196 336 278 236 201 119 312 148 10 293 137 268 162 121 118 211 232 98 301 227 145 184 57 53 370 82 211 68 81 232 365 201 233 153 328 332 183 134 177 101 127 95 269 142 175 164 177 126 320 163 309 100 141 197 261 254 202 316 145 79 86 307 311 134 258
 271 103 200 213 183 214 150 194 223 200 185 62 192 107 236 200 151 113 188 1 185 321 45 178 120 189 248 204 153 187 182 139 274 142 172 86 176 99 126 146 126 200 114 260 201 268 220 178 186 90 91 293 231 52 176 64 260 184 259 230 214 206 206 188 133 123 225 88 183 180 170 119 130 175 255 196 157 237 74 103 222 256 186 126 132 226 95 202 189 188 181 247 194 173 80 163 178 259 207 280 87 257 165 241 198 217 174 89 245 263 179 198 206 188 178 145 227 108 129 203 206 126 203 121 184 95 119 151 232 182 159 249 145 243 149 193 128 99 150 183 141 172 318 203 125 167 208 159 159 246 230 155 156 307 140 199 103 48 204 111 202 98 58 75 246 62 172 210 130 164 271 104 107 235 236 59 77 221 179 157 238 94 171 39 228 176 255 68 185 217 217 140 86 107 46 74 167 107 243 145 163 53 128 287 64 238 26 275 236 167 227 129 182 198 230 24 173 95 164 105 98 195 232 186 130 148 171 282 170 126 216 51 155 195 57 227 270 139 235 230 148 235 159 253 50 208 144 159 52 155 180 170 192 55 96 125 256 83 230 255 156 269 279 147 211 129 257 99 234 103 113 172 135 120 140 194 120 181 144 146
 330 284 376 29 342 344 84 163 406 354 304 132 102 85 342 381 162 182 323 185 1 359 206 21 285 280 247 183 235 340 293 273 324 323 356 235 61 245 304 330 111 330 174 311 86 351 380 358 285 202 224 345 376 191 302 122 353 102 303 47 41 84 389 300 53 242 377 264 290 32 267 300 313 282 428 78 306 341 254 271 303 409 261 277 70 392 185 145 23 71 326 389 308 306 199 52 360 319 50 346 258 432 41 314 99 52 183 246 327 361 360 189 310 310 349 239 411 291 89 321 81 288 305 289 46 170 228 333 384 277 342 335 264 414 330 308 242 262 279 112 105 207 350 308 303 25 178 95 84 428 398 277 90 350 46 21 287 145 256 111 330 103 235 230 272 232 242 377 311 308 446 230 291 314 278 235 261 398 49 338 54 256 18 202 301 261 404 149 334 208 337 262 201 254 224 198 350 217 373 275 196 233 284 462 238 365 204 454 280 197 261 201 340 359 53 201 277 197 111 284 205 344 271 316 66 329 75 328 348 305 399 194 239 55 213 404 449 292 351 49 317 419 323 354 193 312 137 110 233 248 299 354 240 238 226 201 346 181 274 279 339 296 356 85 234 216 414 281 417 84 268 157 213 302 246 278 148 323 203 68
 57 314 315 370 252 186 403 197 389 241 500 297 263 354 137 351 204 215 196 321 359 1 283 372 414 141 116 178 473 480 499 211 49 323 377 400 404 242 303 372 259 508 424 62 284 89 266 332 150 232 410 36 221 270 489 323 109 260 63 373 348 290 413 162 333 207 238 373 501 383 159 323 370 164 328 290 229 133 306 274 110 250 137 432 372 289 230 220 341 293 218 218 510 197 242 387 405 67 327 60 385 339 379 91 268 336 179 258 98 118 406 171 144 501 447 464 402 362 388 165 293 422 522 412 396 406 439 389 239 149 371 100 192 310 328 508 201 264 465 249 410 163 13 521 306 366 184 265 276 382 295 190 411 16 341 353 349 343 119 269 183 290 357 390 88 285 149 284 383 218 347 224 350 99 88 360 340 330 312 395 381 398 344 287 100 496 238 370 482 153 529 198 236 420 349 248 348 427 186 459 174 306 248 358 292 180 305 379 87 171 102 195 249 261 358 339 492 414 249 377 224 490 94 190 365 329 286 40 316 306 406 371 168 313 375 336 370 240 157 394 275 406 262 126 370 525 229 250 311 475 495 376 133 338 232 198 106 399 94 81 357 64 78 400 127 448 263 321 391 340 419 203 453 331 187 132 418 484 182 296
 231 82 171 233 144 170 186 178 206 160 219 75 192 138 192 177 133 86 145 45 206 283 1 203 140 148 219 185 195 208 217 95 235 119 161 118 208 55 99 139 124 229 158 222 205 226 182 154 143 55 128 253 189 22 208 91 217 183 222 249 230 211 198 144 155 80 185 101 219 207 129 98 126 132 223 201 115 194 53 67 181 217 147 153 163 191 66 191 206 195 139 205 228 129 44 193 174 219 219 239 107 227 193 200 198 230 151 47 203 220 175 177 163 220 189 185 213 107 165 160 211 147 240 139 213 138 159 149 192 140 148 207 102 210 127 227 86 60 184 179 180 143 280 239 99 192 190 160 163 224 196 111 192 269 163 218 97 87 168 112 159 107 78 108 212 27 135 175 131 121 241 62 101 194 200 80 75 193 190 155 257 119 191 7 187 216 214 110 208 194 249 97 50 138 68 39 148 147 200 178 136 36 87 258 34 194 23 250 200 140 193 97 143 160 247 58 210 138 160 112 61 217 196 143 160 126 176 244 143 100 204 92 116 205 93 199 244 97 191 254 113 221 122 209 92 244 132 155 39 195 213 159 158 62 54 93 213 127 194 221 141 234 237 183 180 171 219 81 216 130 140 156 177 103 99 154 163 207 113 155
 341 279 373 43 342 348 65 178 400 355 287 129 119 74 349 376 172 188 326 178 21 372 203 1 273 287 262 198 218 325 276 275 336 318 348 222 41 245 300 322 119 314 157 323 105 360 380 353 292 204 210 357 378 190 286 116 361 118 315 61 60 103 380 305 51 245 378 254 272 13 274 295 304 288 425 96 307 348 249 268 312 410 270 263 55 391 189 161 43 89 328 392 291 309 200 32 351 330 71 357 247 429 21 323 117 72 195 245 336 369 351 203 317 293 336 222 403 283 72 327 100 275 287 277 27 155 212 324 385 284 335 344 268 412 325 291 246 260 263 128 86 217 364 290 299 12 194 108 98 422 397 281 70 363 42 41 279 135 266 117 334 105 225 217 285 229 251 376 302 310 443 232 283 323 290 225 253 394 66 329 67 244 30 198 311 242 406 136 319 222 320 266 203 240 215 198 344 201 378 260 206 228 284 460 234 370 198 450 292 208 273 207 340 359 71 192 260 182 124 274 208 329 283 320 53 324 90 341 344 300 391 182 246 74 201 400 445 292 357 54 315 412 322 362 181 294 147 123 227 230 282 346 250 230 228 207 355 166 286 292 332 310 366 65 247 199 415 276 411 76 254 170 195 296 251 286 130 308 211 78
 359 110 185 313 207 265 224 312 164 227 98 179 310 201 302 162 268 225 242 120 285 414 140 273 1 274 358 321 121 70 103 207 366 127 112 52 257 173 132 87 245 96 137 354 317 345 231 152 266 193 69 382 263 159 84 172 332 302 355 331 320 322 126 260 238 208 250 42 109 271 256 110 72 253 235 311 203 305 109 145 307 274 279 29 220 225 204 321 295 303 225 279 108 231 183 249 96 348 317 364 34 232 255 326 315 325 289 157 325 332 96 314 279 95 65 106 161 63 207 267 321 10 126 7 270 128 88 76 256 267 102 327 224 232 129 106 215 152 68 302 206 282 413 122 129 263 325 277 276 196 226 228 226 400 242 303 74 144 304 229 258 214 64 56 349 131 271 212 58 214 244 192 76 319 336 63 75 198 290 78 338 30 275 137 315 127 278 138 70 332 120 217 188 41 76 178 130 90 289 64 274 110 176 256 123 287 121 232 335 279 330 236 209 215 335 98 105 103 283 43 199 79 332 244 221 127 286 375 156 129 144 92 251 306 74 200 231 186 294 325 168 169 184 320 93 127 262 278 105 111 93 111 295 79 185 232 330 113 329 358 111 370 358 222 319 112 269 102 176 203 25 290 121 103 228 283 163 72 252 260
 86 174 192 300 129 83 299 151 262 125 363 181 208 247 63 223 124 102 75 189 280 141 148 287 274 1 125 141 341 340 363 72 93 187 242 264 310 102 165 234 170 369 299 82 230 81 156 202 14 102 275 109 124 139 351 207 76 202 86 309 285 237 280 35 240 69 135 234 365 296 20 184 231 26 220 232 97 61 166 134 34 161 25 293 270 177 108 177 269 231 95 131 372 68 112 293 268 75 266 93 246 230 288 53 215 277 114 118 57 83 269 128 33 363 307 332 274 222 281 53 239 283 385 272 307 280 305 251 140 9 234 62 52 202 193 371 63 124 327 192 301 85 141 384 168 278 149 192 202 261 185 51 307 126 249 282 209 220 55 172 71 187 219 253 95 146 41 168 243 87 241 87 210 47 74 222 200 210 242 256 318 260 263 153 42 363 151 247 342 128 391 58 106 282 212 117 214 294 105 322 92 167 109 256 153 96 170 267 72 93 80 81 125 143 299 204 356 284 181 237 95 350 75 67 264 193 216 103 185 169 275 239 43 250 240 218 258 104 76 325 141 279 131 75 238 389 147 179 172 342 357 240 61 199 95 82 70 271 69 102 220 107 91 296 90 317 171 181 266 234 280 140 323 192 50 12 299 345 78 213
 107 276 314 256 252 204 299 84 380 249 432 207 149 254 169 342 105 136 199 248 247 116 219 262 358 125 1 65 392 426 428 184 95 298 353 332 295 197 275 339 156 445 337 86 169 145 279 319 138 166 337 113 246 201 423 231 158 147 75 258 233 175 392 159 227 163 258 319 429 273 132 289 332 147 344 176 217 164 258 237 117 282 103 370 268 301 155 105 228 179 218 251 440 191 176 280 375 101 212 125 326 354 270 113 153 221 78 213 131 170 376 61 151 434 404 386 391 318 286 175 178 366 449 357 286 320 362 354 262 130 343 139 161 326 305 439 156 226 397 136 309 77 106 449 277 256 70 154 165 383 309 167 307 111 234 239 306 257 71 169 194 191 296 321 41 231 99 291 342 209 365 173 308 119 61 298 290 333 199 360 266 337 233 222 107 417 271 283 426 40 464 166 171 353 285 181 328 349 221 392 86 251 221 379 240 212 239 391 64 81 48 123 248 266 243 269 418 333 139 328 160 436 56 191 261 305 173 95 303 278 390 295 119 199 304 340 382 219 188 280 258 397 250 170 294 454 125 140 255 397 426 351 71 280 179 127 151 317 63 42 331 56 143 297 42 366 293 281 385 240 357 95 369 297 145 114 325 425 107 187
 158 254 311 192 254 222 237 20 369 256 386 155 86 194 198 333 54 100 210 204 183 178 185 198 321 141 65 1 339 389 381 179 149 283 334 288 232 178 259 317 97 402 282 137 107 188 287 309 152 137 290 169 262 164 378 177 197 83 127 196 171 114 373 172 164 150 271 284 381 209 139 269 307 156 349 113 216 194 231 219 148 299 116 329 206 307 121 44 164 116 224 270 394 197 144 216 353 149 150 175 288 358 207 151 91 159 36 191 169 207 354 14 172 389 373 335 379 290 225 193 117 328 400 321 222 266 313 329 276 142 323 177 158 332 290 393 145 207 352 72 248 60 169 401 261 192 9 91 101 377 314 168 245 171 171 176 279 205 94 111 209 133 258 278 94 203 102 295 314 210 370 153 282 155 105 259 259 332 136 335 204 297 169 186 141 365 290 230 388 26 419 161 141 310 246 149 313 300 244 347 58 219 211 386 212 235 201 391 107 55 87 98 251 270 182 227 369 282 75 296 133 398 98 201 199 290 109 151 294 262 375 248 114 136 260 339 383 212 214 217 250 386 246 204 247 406 67 77 223 346 380 332 82 245 157 102 189 265 103 99 313 116 190 234 61 314 308 257 376 180 316 35 316 276 138 133 268 384 84 123
 423 211 300 259 309 356 155 325 284 329 75 186 298 162 384 280 289 261 331 153 235 473 195 218 121 341 392 339 1 134 62 285 426 238 232 89 187 246 236 206 246 105 64 412 297 420 339 268 337 243 71 445 364 204 78 164 410 292 410 277 275 299 244 337 204 274 354 140 57 211 322 217 189 326 352 288 295 386 195 234 374 381 338 94 167 337 244 324 253 280 319 380 76 317 232 187 215 411 279 432 123 350 197 393 301 285 315 232 396 413 215 336 356 82 169 16 280 175 147 350 297 116 70 127 204 75 39 196 360 334 221 401 295 347 242 77 279 236 65 296 134 319 469 74 233 211 341 268 263 315 339 304 152 459 204 256 182 136 355 231 346 209 134 97 395 202 324 323 177 304 362 256 185 387 387 132 169 315 260 198 281 107 232 189 380 27 383 111 125 357 105 290 238 83 137 226 247 49 383 66 309 183 264 375 198 379 173 352 387 313 377 279 310 320 287 138 45 60 280 154 250 133 382 330 172 240 268 434 269 234 263 104 307 275 105 318 350 276 381 263 270 288 284 401 104 77 274 275 178 16 71 230 342 155 247 276 406 76 381 404 229 419 431 154 358 26 378 202 296 172 97 305 25 212 292 347 89 109 293 240
 425 170 225 367 260 322 270 380 181 280 72 244 374 257 363 193 336 293 301 187 340 480 208 325 70 340 426 389 134 1 85 271 432 176 141 108 303 240 188 126 310 49 175 420 380 408 278 192 331 261 116 447 315 227 60 234 394 367 422 385 377 384 135 323 296 275 300 109 92 322 322 165 119 318 267 373 263 367 175 208 372 320 346 65 272 267 273 387 352 365 282 330 78 292 252 298 113 414 375 429 102 261 306 392 379 383 357 223 389 393 112 382 343 65 52 121 173 121 256 329 383 62 100 70 318 172 118 109 306 332 137 391 289 269 175 77 282 217 70 367 250 350 479 94 184 317 393 342 340 214 267 292 270 465 299 359 133 204 372 295 318 278 133 116 417 198 339 257 104 274 271 260 133 384 403 131 141 232 350 106 391 94 331 206 381 125 326 193 10 400 73 283 256 87 144 246 168 127 344 71 343 178 237 281 190 343 189 251 402 347 398 304 262 264 391 164 97 145 348 104 268 12 400 304 274 173 349 441 201 184 155 152 318 366 135 232 252 246 353 376 222 179 238 381 153 97 329 343 173 119 71 141 363 148 253 300 392 160 397 426 150 438 421 268 387 138 313 162 192 261 76 358 146 157 295 349 203 27 320 322
 447 210 287 318 309 363 215 368 256 329 15 227 348 216 398 261 329 294 340 182 293 499 217 276 103 363 428 381 62 85 1 300 451 229 209 100 247 262 234 187 291 46 120 438 349 438 334 253 356 270 92 469 365 232 26 209 426 342 438 336 333 352 212 353 258 295 352 137 8 270 344 212 174 344 335 341 302 400 203 242 396 376 363 77 224 327 276 370 309 333 324 380 16 328 259 246 186 435 336 454 122 331 256 415 352 342 353 247 416 427 186 376 372 23 130 55 250 165 205 363 350 96 24 109 264 126 70 173 358 355 201 419 314 333 231 16 301 247 37 344 194 353 497 22 230 269 383 317 313 289 328 320 212 485 259 313 176 179 384 276 356 255 144 111 427 218 352 315 159 312 342 277 178 409 416 142 171 298 314 173 340 106 288 213 403 44 380 158 76 397 45 307 265 82 152 253 231 84 389 43 344 197 272 354 212 386 195 326 416 348 408 310 310 317 345 162 17 103 327 144 277 80 412 341 229 229 319 460 259 231 232 134 333 330 126 300 326 283 392 323 269 257 285 415 135 27 316 323 192 48 14 208 373 165 269 306 423 121 410 436 212 450 450 213 392 78 372 202 268 225 87 347 82 205 314 369 147 58 325 292
 155 104 133 297 78 77 272 183 197 84 298 152 224 221 100 159 142 98 53 139 273 211 95 275 207 72 184 179 285 271 300 1 163 117 172 202 289 41 95 164 168 302 252 153 244 140 114 136 61 72 216 178 104 95 286 175 127 216 156 310 287 251 211 54 225 34 105 167 303 282 56 113 161 48 172 243 39 102 99 64 102 137 85 228 246 131 89 205 267 240 54 118 308 36 77 273 198 145 271 159 180 180 271 122 231 283 145 54 119 129 199 167 74 298 237 274 208 152 252 66 252 215 323 204 291 232 248 180 112 64 164 122 24 155 124 306 36 55 264 208 269 121 212 321 98 265 187 200 207 201 138 22 279 196 234 280 139 179 116 164 65 171 157 192 161 84 86 118 173 36 193 44 140 114 142 159 133 154 244 186 319 195 256 101 112 305 132 203 273 175 325 19 73 219 151 80 146 238 107 258 122 104 39 209 89 101 115 214 141 125 144 87 74 94 303 149 295 230 193 168 69 281 141 49 241 124 222 173 120 98 207 185 68 255 182 161 205 36 97 320 75 214 69 117 184 326 158 189 109 284 293 171 114 135 50 84 124 220 136 169 151 177 152 269 144 262 143 111 202 210 215 165 270 122 42 82 257 278 97 210
 16 266 273 337 209 146 362 167 346 199 452 252 233 312 99 307 165 170 153 274 324 49 235 336 366 93 95 149 426 432 451 163 1 277 331 352 365 193 256 325 220 460 379 15 255 58 226 288 103 184 362 22 184 223 441 278 77 229 22 343 317 261 368 117 294 159 200 325 453 346 111 275 323 116 290 260 184 94 258 226 63 216 89 384 331 249 183 192 308 262 175 184 462 152 195 349 358 21 297 32 336 301 341 45 239 306 142 210 57 87 360 139 99 453 399 417 359 314 346 122 264 374 474 363 359 360 391 342 202 101 325 61 144 272 282 460 152 217 417 218 368 121 49 473 259 329 156 230 241 341 256 142 370 35 303 320 301 298 74 228 140 248 309 342 57 237 103 244 335 173 310 176 302 54 47 311 292 289 279 348 351 350 308 240 52 449 204 325 434 125 481 150 189 372 301 200 302 379 152 411 133 258 201 322 244 144 257 340 45 130 64 149 206 219 329 291 444 367 215 329 177 442 54 146 325 283 252 11 271 259 362 324 120 282 327 295 331 194 119 363 229 363 217 92 323 478 190 215 263 428 447 330 90 290 183 152 71 353 52 54 310 42 52 359 91 401 229 273 348 298 371 168 406 284 139 84 374 436 138 259
 267 40 64 350 85 150 290 282 89 105 223 193 307 248 195 59 237 187 132 142 323 323 119 318 127 187 298 283 238 176 229 117 277 1 56 151 317 106 25 53 241 217 231 267 322 243 106 37 175 149 171 289 140 138 209 203 226 298 272 367 348 328 94 162 271 137 126 99 234 321 173 25 59 163 118 318 95 199 70 65 215 148 201 154 273 100 168 300 324 312 111 155 233 127 145 304 83 257 337 267 116 118 306 234 313 348 248 93 227 223 84 272 180 220 132 224 98 65 269 162 328 135 252 122 325 214 201 71 131 180 49 227 140 111 9 231 143 77 194 293 279 229 325 248 24 307 290 276 280 106 102 137 295 308 279 336 57 189 232 230 147 226 112 145 277 93 201 87 74 106 132 131 54 225 259 114 75 82 309 75 375 132 308 123 226 249 153 202 181 284 242 134 146 157 117 142 32 196 170 189 227 91 79 147 86 170 121 134 257 230 260 186 87 90 365 133 230 199 275 87 152 187 258 136 271 8 294 287 33 22 93 161 181 323 147 87 129 84 182 370 50 105 65 211 161 253 243 270 92 231 219 54 229 97 127 182 226 198 253 286 35 293 256 287 258 222 143 44 98 243 146 261 231 27 154 197 248 190 200 274
 321 82 86 384 132 200 312 332 55 150 200 230 351 276 247 54 286 236 184 172 356 377 161 348 112 242 353 334 232 141 209 172 331 56 1 152 342 158 79 29 284 187 239 322 365 296 142 54 230 199 172 343 184 181 186 235 278 343 327 401 385 371 40 216 305 191 167 102 215 350 228 66 47 218 128 360 149 251 109 117 269 183 256 140 300 128 217 348 360 354 162 197 209 181 193 331 32 312 376 321 117 123 334 288 358 387 299 144 281 275 33 324 234 195 91 217 56 68 292 215 371 118 230 106 352 225 198 37 171 235 15 280 195 129 50 207 197 129 177 339 298 282 380 225 77 338 341 320 323 85 127 192 316 363 311 371 70 215 287 272 199 265 127 150 332 137 255 120 57 160 134 183 66 279 314 128 96 92 348 37 409 129 342 163 280 237 190 222 148 337 212 189 195 150 135 190 32 197 217 174 279 127 134 146 129 218 156 121 312 283 315 238 135 132 401 157 214 205 320 83 203 151 313 189 299 50 336 341 67 76 44 176 235 363 158 93 120 139 233 401 103 65 117 263 177 229 290 315 126 222 197 3 283 120 179 234 278 209 308 341 23 348 309 309 312 220 175 81 67 273 135 311 230 60 208 252 261 161 253 313
 348 122 213 263 221 270 173 278 206 241 102 139 268 152 301 197 235 197 245 86 235 400 118 222 52 264 332 288 89 108 100 202 352 151 152 1 206 164 148 125 205 115 89 339 273 340 251 182 258 171 21 370 276 133 92 127 328 260 339 281 271 277 173 255 190 196 265 53 102 220 245 129 107 246 267 266 208 303 108 147 297 293 264 44 169 249 178 283 246 258 232 292 111 232 160 198 142 336 269 355 37 265 205 316 272 277 259 149 317 330 142 283 275 103 115 76 205 89 156 267 276 54 123 57 219 77 51 119 272 256 140 321 215 261 155 109 202 151 66 261 155 256 398 121 145 213 292 235 233 236 252 222 175 386 194 254 95 97 286 189 261 172 47 12 329 120 253 235 97 218 278 178 98 310 317 45 80 230 244 122 288 25 226 114 304 105 295 88 104 302 133 209 166 23 53 155 163 46 297 61 247 99 178 292 114 293 96 271 317 252 310 212 222 232 286 64 94 54 243 70 178 114 313 245 171 153 242 361 182 146 189 45 234 260 30 233 268 189 296 275 181 213 196 319 46 126 226 238 94 84 96 150 274 69 170 208 325 62 311 338 145 351 352 170 295 72 290 114 218 155 33 256 81 125 215 270 113 98 228 215
