NAME : domp260p130v7
COMMENT : (Deleplanque et al.) 
TYPE : DOMP
DIMENSION : 260
DISPLAY_DATA_TYPE: NO_DISPLAY
OPEN_FACILITIES : 130
COST_SECTION
 1 490 283 37 150 105 262 304 19 220 376 356 331 345 350 378 294 360 379 299 335 391 138 94 439 128 347 258 164 358 371 102 145 255 351 340 200 223 98 268 131 21 46 288 329 483 289 333 330 280 384 284 277 385 137 184 307 218 245 311 397 187 192 384 399 235 224 222 330 206 186 379 28 339 248 174 133 313 10 170 292 388 289 180 355 332 86 192 365 251 321 309 331 243 94 222 255 52 141 487 250 192 189 351 348 188 470 383 118 217 151 379 334 291 342 392 319 170 142 484 320 406 314 121 26 212 309 333 221 298 358 330 453 326 477 384 40 130 164 295 383 231 318 322 327 299 280 421 350 248 142 166 291 362 388 138 194 139 331 330 360 311 150 306 223 247 46 377 287 308 268 55 128 413 434 378 258 238 128 344 261 411 352 301 362 230 82 284 244 389 365 377 375 465 34 307 147 300 414 55 322 336 294 206 334 447 238 244 168 332 265 270 148 404 324 14 228 241 195 321 232 270 203 349 85 59 67 311 261 347 378 391 386 254 309 245 263 214 365 372 138 69 267 245 252 338 192 114 342 132 196 95 319 234 249 378 231 463 220 450
 490 1 238 512 344 430 316 241 482 356 134 363 393 356 148 263 218 290 113 393 377 125 375 438 64 403 171 273 347 135 256 398 349 384 377 186 345 306 401 231 374 504 506 207 163 21 204 369 329 236 309 219 215 211 415 312 204 350 254 196 160 307 407 116 105 369 339 356 398 422 379 288 467 270 244 397 406 348 497 358 332 160 234 359 187 259 416 355 133 307 180 318 351 337 430 331 375 483 415 68 341 364 390 280 143 332 26 184 374 277 356 178 292 214 150 207 227 385 362 58 348 131 270 371 496 285 193 318 327 195 254 217 48 331 49 282 465 372 341 208 190 408 181 198 322 241 305 71 193 267 349 326 249 252 237 395 376 375 351 342 299 220 360 358 363 246 461 320 250 353 261 462 366 79 77 246 332 299 370 152 371 93 240 224 197 275 414 261 290 157 154 134 154 37 458 188 348 258 86 490 268 161 197 406 315 49 261 248 394 160 227 325 361 106 316 478 309 277 307 243 316 390 288 238 407 456 429 226 235 230 215 150 398 238 182 335 268 369 199 141 356 438 356 246 241 311 339 385 325 382 311 429 271 321 247 332 288 29 282 78
 283 238 1 296 165 202 87 204 280 120 106 180 192 338 147 126 22 128 141 178 180 192 212 212 207 174 70 190 194 112 115 216 166 156 188 59 109 196 216 44 154 292 287 120 115 225 70 172 136 8 159 138 83 109 262 147 158 246 53 44 230 107 171 122 134 277 103 255 196 187 142 141 266 265 73 161 175 144 291 216 117 220 176 226 206 79 200 119 106 73 141 283 156 103 205 94 147 262 182 214 110 128 154 283 124 101 224 101 170 85 194 226 109 32 124 116 206 250 142 214 147 127 72 175 282 79 140 129 222 74 101 50 192 136 210 142 270 154 121 42 102 175 66 42 129 198 84 182 68 36 151 145 198 104 122 240 140 213 325 148 134 187 199 314 128 74 267 160 195 145 186 273 158 168 167 116 103 203 157 137 144 190 88 18 223 152 222 205 198 219 184 106 198 225 251 70 140 218 187 268 249 83 87 170 127 207 134 88 158 116 70 260 138 135 293 272 206 44 90 224 218 166 102 247 202 237 235 195 119 238 103 110 222 76 97 102 31 263 228 100 174 221 287 93 74 127 210 171 313 158 88 204 249 225 57 170 55 210 67 178
 37 512 296 1 177 103 265 335 54 220 393 351 322 381 375 382 309 362 401 291 328 417 171 92 463 130 363 289 196 378 376 134 171 248 344 354 204 255 129 286 143 17 17 313 352 504 310 327 328 294 383 310 299 394 172 210 335 252 262 327 426 206 184 403 418 270 226 257 321 195 185 381 62 372 269 170 133 310 39 203 291 417 319 214 384 338 98 195 384 256 347 344 327 244 95 226 250 39 137 505 250 193 185 384 371 197 492 394 139 237 182 409 337 308 365 401 350 205 156 502 317 421 319 145 17 230 335 332 255 318 363 341 473 324 496 386 76 144 177 312 394 222 336 336 327 330 283 444 362 262 165 191 322 368 395 173 192 172 366 327 361 340 182 342 221 267 81 375 318 304 298 91 147 435 453 383 259 270 144 368 256 436 360 314 392 258 112 316 276 417 392 394 402 488 60 326 165 332 438 36 355 355 316 198 334 470 265 266 166 355 286 305 159 422 359 47 260 253 210 353 265 262 225 381 107 61 99 341 286 378 386 406 377 275 332 246 273 249 395 389 165 77 302 268 272 339 225 129 377 140 210 96 352 267 268 375 243 485 236 468
 150 344 165 177 1 130 189 163 139 170 239 302 293 244 202 284 168 277 233 266 289 242 49 132 291 120 217 119 43 215 274 56 7 222 303 213 139 91 58 136 81 165 175 140 182 339 148 284 263 160 306 135 133 274 99 35 159 116 116 180 251 60 182 243 259 147 162 125 295 205 153 293 125 209 109 158 128 256 155 66 228 241 144 80 209 235 96 138 225 169 172 195 274 181 122 152 217 157 145 348 191 147 166 224 202 108 323 263 48 83 35 234 252 161 196 280 177 96 76 343 263 274 220 35 161 88 160 261 104 156 260 215 309 260 335 296 122 75 80 162 265 216 180 196 258 158 202 275 229 135 32 22 151 264 285 77 159 50 229 269 280 165 39 209 179 108 117 303 146 254 126 119 52 267 294 277 194 106 65 196 220 263 249 181 218 83 70 146 109 242 217 241 226 318 119 167 52 163 266 164 191 197 150 193 261 300 90 100 149 185 125 158 87 265 209 137 99 132 85 183 109 239 66 212 72 131 86 167 112 208 267 263 341 113 164 182 157 126 221 237 13 114 170 101 111 264 75 73 230 96 94 121 188 114 116 309 128 318 101 311
 105 430 202 103 130 1 163 289 112 117 304 252 227 370 303 280 217 260 321 196 231 349 154 12 387 30 270 247 167 295 274 121 124 151 247 260 103 221 116 200 59 104 91 245 276 419 228 229 227 200 282 248 222 294 184 157 275 239 176 237 367 130 88 316 330 266 124 246 227 105 83 279 103 338 190 70 31 209 114 185 189 358 267 199 328 236 41 93 298 154 279 323 227 142 14 124 151 66 37 414 148 91 85 354 293 101 412 297 83 158 154 353 235 218 289 301 302 203 71 413 216 328 218 98 92 147 269 231 231 237 262 243 387 223 408 284 117 63 90 224 296 129 250 243 225 283 181 365 266 168 104 134 277 266 293 172 91 155 355 227 259 288 156 333 120 188 119 274 272 204 253 130 81 354 365 282 156 235 70 295 157 362 259 219 340 206 104 274 238 357 328 304 339 410 83 243 92 291 362 70 320 270 238 103 232 391 206 191 64 278 206 285 69 333 338 99 229 159 124 310 238 166 152 339 73 47 104 291 220 334 286 311 282 197 254 144 176 243 343 299 123 41 294 195 194 237 200 59 359 48 120 14 317 242 184 274 147 402 148 378
 262 316 87 265 189 163 1 278 265 50 184 115 113 403 233 118 108 99 226 95 106 278 236 174 292 136 147 254 227 197 113 225 186 70 118 132 64 250 223 121 138 265 253 198 200 301 153 100 76 92 124 214 161 139 284 185 237 293 113 129 315 134 101 203 213 325 40 302 117 110 83 118 252 339 140 101 133 70 271 252 41 305 250 264 289 77 178 72 189 22 224 348 87 24 171 42 61 228 132 283 26 73 89 356 210 85 305 149 170 131 222 309 73 118 210 146 282 283 131 284 76 193 59 182 253 115 221 75 273 159 101 102 270 73 283 123 261 141 115 127 146 93 152 120 71 272 19 266 127 79 163 173 270 105 133 264 77 237 389 82 99 264 227 374 53 139 260 119 266 69 253 269 157 252 242 121 17 260 149 223 58 276 101 96 305 210 222 274 257 304 269 184 283 308 234 156 144 289 272 232 321 169 170 95 76 291 196 153 103 202 145 319 121 212 360 254 260 73 106 299 272 80 143 324 194 207 232 271 190 316 131 174 156 145 181 22 60 307 309 177 193 195 342 159 143 79 252 158 381 132 96 170 321 279 122 123 70 290 101 249
 304 241 204 335 163 289 278 1 290 286 198 382 390 141 105 320 189 329 152 371 380 117 168 293 179 272 203 47 141 156 309 203 169 337 389 211 258 83 207 162 233 322 335 86 117 244 137 373 339 197 360 67 122 284 193 133 53 114 166 181 101 169 319 187 199 129 271 118 393 341 286 340 277 62 139 298 280 343 307 140 315 94 29 135 60 280 258 263 176 258 81 89 357 283 283 259 329 318 295 274 293 274 300 80 129 227 216 259 209 154 154 80 311 177 121 287 17 157 224 265 347 237 275 197 319 171 73 332 95 137 297 236 224 338 254 339 269 228 214 169 265 343 161 202 332 7 281 175 233 200 186 156 14 299 307 178 289 167 129 350 336 24 155 127 296 139 264 362 18 344 38 260 209 177 225 306 290 70 220 108 329 149 281 208 60 84 224 23 63 96 88 201 90 207 276 146 199 19 157 326 46 162 122 326 330 193 89 126 289 118 136 85 230 210 94 291 81 205 191 23 83 351 150 51 234 293 238 16 89 46 281 238 425 134 120 283 221 132 63 202 173 277 117 120 136 330 117 231 112 247 202 282 47 86 156 372 211 222 182 245
 19 482 280 54 139 112 265 290 1 224 370 362 338 328 340 379 290 363 370 307 342 380 124 102 430 133 342 245 150 350 372 89 135 262 357 336 202 209 85 263 130 39 64 278 320 476 282 340 334 277 387 273 269 384 119 173 296 201 239 306 385 180 200 377 392 218 227 206 338 215 191 381 16 324 241 181 139 318 18 155 296 376 277 164 342 332 88 195 358 252 311 293 336 246 100 224 262 67 149 481 254 196 195 335 340 187 461 380 112 210 137 366 337 286 333 391 306 153 141 477 325 401 314 113 43 207 298 336 206 290 358 328 445 330 470 386 23 129 162 289 381 240 311 318 331 286 282 413 347 245 135 157 278 363 388 122 199 124 314 335 363 298 136 289 228 240 29 380 273 313 254 37 123 404 428 378 261 223 125 334 267 401 352 298 349 218 70 270 230 377 354 371 363 456 32 300 142 285 404 70 307 329 286 214 338 438 227 236 174 323 258 254 148 398 308 14 213 238 191 307 217 277 196 335 79 68 55 298 251 333 377 387 393 246 301 248 261 197 351 367 127 73 250 237 244 342 177 112 326 133 194 101 303 218 243 382 229 455 216 444
 220 356 120 220 170 117 50 286 224 1 224 141 125 401 258 166 140 144 259 97 124 305 214 129 326 92 187 256 211 230 161 196 166 54 139 172 32 244 194 142 104 220 206 214 226 342 176 120 111 123 165 226 179 187 259 175 252 282 127 163 337 125 54 241 252 314 18 291 127 67 36 162 212 345 152 53 88 96 229 235 73 327 259 249 306 126 138 34 225 50 244 347 114 27 127 29 49 182 84 327 32 29 40 362 239 65 343 196 141 133 203 328 119 148 237 194 293 264 100 328 103 237 108 155 209 116 239 114 265 183 149 146 310 107 325 168 223 109 91 156 194 60 183 159 109 280 68 301 171 98 141 158 276 154 182 241 29 215 386 112 142 275 208 369 11 151 223 158 272 92 256 233 129 287 283 169 40 256 118 248 51 307 150 133 321 210 190 279 255 326 292 223 305 344 193 183 120 295 304 186 327 202 191 51 116 326 200 162 55 228 162 315 90 252 360 212 254 89 98 308 266 70 140 335 159 163 198 282 200 327 179 219 176 158 205 29 90 293 326 217 171 152 334 168 156 120 240 124 381 95 87 126 326 272 137 159 80 329 105 292
 376 134 106 393 239 304 184 198 370 224 1 243 268 337 100 151 88 173 61 264 253 127 279 313 115 276 38 209 254 44 141 294 242 252 256 54 215 231 295 109 252 387 386 125 83 120 93 245 205 106 198 144 110 102 326 211 147 282 133 68 174 191 275 23 30 309 207 290 273 290 247 176 355 251 132 266 279 221 383 272 202 167 177 277 170 133 296 224 24 175 118 286 227 204 306 199 243 362 286 112 209 233 259 267 72 204 122 72 259 161 260 180 168 87 79 102 192 303 239 110 222 40 141 259 378 165 127 194 257 86 135 87 88 206 105 172 357 251 218 83 79 276 60 66 198 195 174 89 65 138 236 219 199 135 129 304 245 280 326 218 182 176 264 324 231 133 353 206 198 225 199 356 249 73 62 134 200 231 251 93 239 108 119 91 187 190 305 210 223 164 136 3 146 126 343 74 230 216 101 368 240 45 96 274 192 110 171 140 263 82 116 276 237 30 291 364 238 147 184 212 249 259 176 223 292 335 320 184 145 214 103 42 282 128 87 203 136 301 191 9 251 318 308 141 129 188 257 265 307 258 186 305 242 255 128 218 159 107 159 75
 356 363 180 351 302 252 115 382 362 141 243 1 42 513 319 103 197 74 299 66 27 360 349 263 357 230 211 364 341 272 109 335 299 104 16 196 169 362 332 221 244 354 336 299 289 345 249 25 44 187 62 317 262 154 396 299 337 406 220 212 403 248 168 265 269 439 144 416 46 160 172 80 351 443 246 183 225 47 365 365 75 394 354 378 384 113 278 173 258 135 318 458 29 123 263 151 102 313 216 312 114 169 168 461 292 196 359 180 280 243 336 401 77 210 295 158 385 396 239 318 40 234 111 292 342 228 319 52 386 252 111 161 318 46 320 87 362 248 226 218 174 132 236 194 52 376 105 331 180 186 275 287 376 112 130 376 164 350 499 34 65 366 340 486 135 246 362 50 372 50 361 373 267 316 288 119 109 372 257 310 96 349 126 179 401 321 330 382 368 392 358 242 371 365 331 246 255 396 343 316 427 247 265 154 55 351 306 261 189 289 247 431 228 264 468 350 372 183 220 403 385 91 256 425 299 298 338 374 295 417 149 215 44 251 273 122 164 421 405 235 305 290 454 266 249 57 366 264 489 235 210 262 427 392 229 40 182 340 214 287
 331 393 192 322 293 227 113 390 338 125 268 42 1 515 336 138 211 107 321 32 18 379 338 237 382 208 234 367 333 293 142 320 289 77 28 218 155 361 317 230 227 327 307 309 304 376 261 26 65 198 102 325 271 186 383 295 347 402 225 228 420 243 140 290 296 434 132 411 6 128 151 117 328 451 252 158 201 49 339 358 76 411 362 371 397 136 256 158 280 134 332 460 43 114 239 142 79 285 190 346 103 151 144 468 311 186 387 211 265 243 326 416 102 223 312 191 394 387 224 350 48 263 130 279 315 227 330 76 383 265 141 183 347 63 352 124 341 232 214 232 205 101 253 213 72 383 110 356 205 191 264 279 382 143 164 365 143 339 501 52 99 375 331 486 117 252 341 90 378 48 365 352 253 340 317 153 103 372 242 326 75 371 154 195 414 323 312 387 369 409 374 267 388 393 308 260 244 401 366 287 434 266 277 125 79 377 309 265 166 306 255 431 213 291 472 325 371 186 215 411 384 62 254 435 281 272 319 382 302 427 181 244 56 257 287 113 170 415 418 260 295 266 452 271 255 83 361 246 493 216 204 238 433 390 234 81 182 369 213 318
 345 356 338 381 244 370 403 141 328 401 337 513 515 1 240 458 325 465 286 493 508 236 219 370 295 363 342 150 205 294 447 256 250 454 519 351 371 158 261 295 324 365 387 224 256 364 274 501 470 331 496 204 258 423 210 228 192 133 294 320 197 278 423 323 335 111 389 127 518 446 392 477 320 89 268 400 371 471 345 187 442 197 166 173 175 416 332 373 314 383 220 56 487 404 360 377 447 377 388 401 415 383 406 77 266 338 332 399 289 273 218 179 446 313 259 427 146 177 319 391 476 375 409 274 367 290 213 464 142 275 435 374 350 469 380 476 306 318 317 306 404 454 300 341 463 145 410 300 372 328 274 248 143 437 446 209 397 218 16 480 471 163 215 40 411 268 300 498 146 471 154 292 295 305 357 445 414 146 308 245 449 270 418 345 162 194 278 134 147 200 212 339 207 320 327 285 293 124 279 384 97 301 260 433 463 311 208 254 391 257 269 88 328 345 48 335 149 331 304 126 137 470 263 121 301 357 287 154 220 129 421 377 555 264 260 405 350 133 159 341 249 345 80 248 266 463 171 314 32 339 316 360 96 132 286 507 335 342 303 376
 350 148 147 375 202 303 233 105 340 258 100 319 336 240 1 240 127 255 48 324 323 48 229 310 91 279 115 128 201 57 229 254 206 300 330 128 238 159 257 117 245 365 371 63 33 147 83 316 277 142 284 71 83 196 268 168 58 206 135 109 85 174 303 84 96 228 241 212 341 322 271 262 325 153 115 287 284 288 356 211 263 76 90 212 72 209 283 245 77 217 32 192 298 246 301 230 292 349 297 171 254 256 284 169 30 215 125 168 237 146 210 84 244 116 26 197 96 238 233 163 290 136 210 231 359 159 45 268 182 76 219 160 123 277 153 260 322 242 215 107 174 316 84 126 270 103 230 78 148 161 211 185 109 220 222 248 271 229 231 289 263 82 213 231 267 117 317 290 109 290 117 318 231 75 121 224 248 154 238 11 290 62 202 143 89 128 271 121 145 73 40 102 53 118 318 78 215 123 65 356 144 74 68 306 266 101 115 113 281 32 101 188 235 106 195 337 163 170 183 115 171 311 154 125 269 322 287 90 90 115 195 141 361 108 54 245 174 225 93 105 214 305 220 110 111 264 192 252 210 256 190 300 146 176 125 301 180 124 162 141
 378 263 126 382 284 280 118 320 379 166 151 103 138 458 240 1 134 31 211 147 121 275 332 291 263 253 126 312 316 187 12 329 283 160 117 113 179 321 328 167 250 381 370 235 212 245 185 113 78 133 48 255 202 54 382 270 270 370 177 140 321 225 213 173 174 402 157 379 143 216 200 26 366 380 198 217 250 102 387 339 102 313 294 350 309 50 293 188 169 128 246 404 97 140 288 157 153 345 249 211 136 190 204 397 211 194 261 82 277 208 315 323 49 147 215 57 319 372 241 216 98 135 66 286 370 198 250 68 347 185 25 85 219 82 219 22 374 252 222 153 76 191 162 119 74 315 100 237 93 150 264 265 316 22 28 360 193 333 445 89 40 300 320 437 166 198 372 58 314 108 307 380 264 222 189 19 127 327 258 231 147 259 41 115 327 276 330 325 321 310 279 149 291 268 348 175 248 336 251 349 365 167 199 203 65 255 258 213 220 213 192 383 233 167 412 369 330 153 201 339 343 157 224 357 305 323 342 309 241 348 50 117 136 200 202 138 128 387 331 144 291 311 411 217 198 59 334 270 431 247 194 287 366 349 182 70 158 241 184 186
 294 218 22 309 168 217 108 189 290 140 88 197 211 325 127 134 1 141 120 199 199 171 213 227 187 189 55 179 193 91 123 220 169 177 206 47 128 189 221 35 167 303 300 104 95 206 53 191 154 19 171 124 69 110 263 146 142 239 53 23 210 112 191 103 116 270 123 248 215 207 161 152 275 250 67 180 191 163 301 214 137 201 162 223 188 92 212 137 86 94 122 271 174 124 220 114 168 276 199 198 131 146 173 268 103 117 204 96 179 86 195 206 124 14 103 115 190 247 154 197 166 113 87 181 294 84 123 146 215 56 110 52 174 154 193 152 278 166 133 22 98 196 45 29 146 184 104 162 62 50 158 148 184 113 127 241 159 214 312 166 147 171 199 303 148 68 275 174 181 165 174 280 167 148 149 122 124 194 167 117 165 169 95 20 205 144 228 192 188 199 165 89 178 205 261 50 149 204 166 282 235 63 69 191 144 187 126 81 176 96 59 250 151 118 279 282 198 60 100 209 210 187 103 230 211 250 243 179 107 221 104 99 240 67 77 123 52 257 209 83 178 233 278 85 67 143 205 182 299 171 100 218 235 217 54 184 71 191 75 162
 360 290 128 362 277 260 99 329 363 144 173 74 107 465 255 31 141 1 230 117 90 293 325 271 286 234 143 317 312 204 36 319 275 132 88 129 162 322 317 170 235 362 349 244 226 272 193 83 48 135 32 263 208 81 374 266 280 370 176 151 338 218 188 195 198 402 138 379 113 189 179 19 350 389 200 195 230 72 369 335 75 330 302 347 323 50 276 170 189 113 259 410 67 119 269 140 126 325 227 240 114 170 181 407 227 180 286 108 265 205 309 339 27 153 231 85 329 368 227 245 68 161 59 275 351 193 261 38 347 194 39 96 245 52 247 25 359 238 209 161 101 164 174 131 44 323 81 260 111 146 254 258 324 40 58 353 171 326 451 59 10 310 314 441 143 200 357 35 321 78 312 366 252 245 215 47 105 329 245 246 119 280 55 121 340 278 318 331 324 327 294 171 307 293 332 186 237 344 273 329 374 182 208 178 35 279 261 215 198 227 196 387 218 192 419 352 331 147 193 348 344 128 221 368 291 304 329 319 246 359 76 142 111 203 214 117 122 386 345 165 283 293 413 220 201 29 332 255 439 230 184 268 374 351 183 47 150 267 179 214
 379 113 141 401 233 321 226 152 370 259 61 299 321 286 48 211 120 230 1 313 306 66 265 329 68 295 89 173 238 30 200 287 237 295 310 104 243 202 289 123 265 392 395 98 52 107 93 298 259 137 257 112 103 162 307 201 104 250 146 98 114 196 308 41 50 274 242 257 325 325 277 235 355 199 133 295 299 273 385 251 251 107 137 254 114 187 306 252 43 213 76 239 280 243 320 232 286 372 309 125 249 262 290 214 32 226 92 133 263 166 246 121 223 112 39 162 143 280 252 118 274 93 192 259 385 175 88 249 226 85 193 139 79 260 108 231 354 262 232 104 139 315 77 109 251 150 219 45 121 164 237 215 156 193 189 287 276 265 277 271 239 129 250 278 267 135 349 264 156 276 162 351 255 35 74 193 242 198 259 47 283 52 176 131 131 167 302 168 190 104 78 63 87 90 346 79 237 170 47 379 190 58 85 309 246 72 151 136 290 49 117 235 252 61 241 366 207 174 198 162 216 304 177 169 295 345 318 137 124 160 163 101 339 127 70 242 170 270 134 68 245 328 267 135 130 243 233 274 256 273 203 319 193 221 138 276 185 86 174 94
 299 393 178 291 266 196 95 371 307 97 264 66 32 493 324 147 199 117 313 1 40 369 310 206 376 177 228 345 307 284 149 291 262 47 56 212 128 337 288 214 198 296 276 292 292 376 246 43 70 184 119 307 255 191 354 270 331 377 206 218 407 218 109 285 292 409 106 386 32 97 121 130 297 431 233 128 170 47 308 331 63 398 343 345 382 135 226 130 274 114 317 438 53 90 208 117 50 254 159 349 79 122 113 449 300 160 385 212 236 221 299 402 104 210 301 197 376 360 195 353 50 264 124 250 284 204 314 81 359 251 145 178 346 66 353 137 310 203 187 219 207 70 242 205 75 364 96 350 201 172 237 253 362 148 172 336 113 311 478 59 109 357 304 463 89 232 310 107 358 42 344 321 224 335 316 160 81 349 213 314 47 363 155 184 398 300 282 366 346 396 362 263 375 389 277 248 216 382 359 256 414 257 263 94 84 373 288 245 135 294 238 408 185 289 450 294 347 166 191 392 360 31 231 417 251 241 289 364 283 409 184 244 87 239 274 89 154 389 403 256 267 235 428 251 236 89 335 217 472 186 179 207 413 366 216 101 161 367 192 320
 335 377 180 328 289 231 106 380 342 124 253 27 18 508 323 121 199 90 306 40 1 366 335 242 367 210 219 359 329 279 125 319 286 81 17 203 153 354 316 220 227 332 313 298 292 359 249 9 49 186 85 315 261 170 381 289 337 397 216 215 407 237 145 275 280 429 129 406 23 136 152 100 331 441 242 162 204 38 344 354 66 398 352 367 385 121 258 157 266 126 320 453 27 110 242 138 81 291 195 329 99 151 147 459 297 183 371 194 264 236 323 404 86 211 299 175 383 384 223 334 34 247 116 277 320 220 319 60 377 253 124 169 331 48 335 107 343 231 212 220 188 108 240 200 57 374 100 341 190 182 261 275 373 127 147 362 144 337 493 36 82 364 328 479 117 242 343 73 369 38 356 354 251 325 301 136 97 365 241 313 76 357 138 182 402 315 312 378 362 396 362 252 375 377 311 248 241 392 351 293 424 253 266 131 63 362 300 256 169 293 245 424 212 275 464 329 364 177 210 401 377 67 248 425 281 277 320 372 292 416 164 228 54 247 275 108 160 410 407 245 292 269 446 262 245 67 356 246 485 217 199 242 424 384 225 65 174 353 206 302
 391 125 192 417 242 349 278 117 380 305 127 360 379 236 48 275 171 293 66 369 366 1 264 356 63 326 151 152 236 90 264 293 247 347 371 166 285 188 296 164 291 407 414 106 80 130 130 358 319 187 321 108 130 227 299 208 87 228 182 152 49 220 350 106 112 245 288 233 384 370 318 299 366 148 162 334 331 331 396 243 307 44 113 242 63 249 327 293 107 263 72 195 340 293 346 277 338 393 343 166 300 303 332 161 70 262 101 198 280 192 247 60 284 161 69 228 103 267 279 156 333 157 251 273 401 206 83 309 206 123 257 200 115 319 145 296 361 287 262 152 205 363 128 167 311 117 274 65 184 208 255 227 125 257 254 281 318 264 229 331 302 97 249 235 314 163 356 328 128 334 141 356 275 72 125 258 294 179 282 58 335 35 239 186 75 164 311 138 170 41 31 129 30 90 360 123 260 134 44 400 144 114 116 353 307 78 154 159 328 78 148 200 282 122 194 378 189 217 229 119 195 357 199 116 311 366 326 103 132 108 228 167 401 155 101 292 220 247 78 134 254 348 232 155 158 305 222 296 205 302 237 345 148 199 173 339 227 108 209 144
 138 375 212 171 49 154 236 168 124 214 279 349 338 219 229 332 213 325 265 310 335 264 1 152 318 151 259 122 29 250 322 39 51 265 349 257 183 86 44 180 117 157 174 169 214 371 187 331 311 206 354 158 170 320 51 69 179 87 161 223 264 108 220 280 296 113 207 94 340 242 194 341 111 202 151 195 160 303 141 34 275 256 156 47 222 283 114 181 263 217 198 176 321 227 143 199 261 161 177 384 237 189 206 214 234 154 352 308 78 128 20 245 300 205 227 326 183 52 116 379 309 315 268 63 156 135 185 309 85 194 308 261 343 308 371 344 103 111 125 205 310 257 220 240 306 163 250 304 274 183 75 68 155 312 332 29 201 2 204 317 328 177 16 181 222 149 97 351 151 300 132 94 88 298 331 325 240 100 101 224 265 289 297 227 227 102 61 148 107 257 236 281 244 346 114 206 95 163 293 168 185 235 186 232 309 329 115 140 186 217 165 137 127 304 191 126 91 180 133 184 95 282 111 212 83 139 73 176 142 210 314 305 387 153 199 228 205 90 229 277 44 126 141 139 153 312 55 102 211 131 142 143 182 97 160 356 176 350 149 349
 94 438 212 92 132 12 174 293 102 129 313 263 237 370 310 291 227 271 329 206 242 356 152 1 394 40 280 250 167 304 285 118 126 162 257 270 114 222 113 209 66 93 79 251 283 428 236 240 238 210 293 253 229 305 179 160 280 238 185 247 373 137 98 325 339 264 135 245 237 114 94 290 94 341 197 81 42 220 103 184 201 363 271 198 333 248 39 104 307 166 285 324 238 153 11 136 162 54 48 424 159 103 96 355 301 111 420 307 85 166 154 358 246 227 297 312 305 200 78 422 227 338 229 99 81 155 275 242 231 245 273 254 396 234 417 295 108 69 98 233 306 139 259 253 236 287 193 373 276 178 107 138 280 277 304 169 102 154 355 238 270 292 156 332 131 196 110 285 275 215 256 122 85 362 374 293 168 237 75 302 168 369 270 229 344 210 99 277 240 363 334 314 345 418 74 251 98 294 370 59 322 279 246 113 243 400 211 198 75 286 214 286 78 343 339 89 230 169 132 313 239 176 158 342 70 36 98 295 226 338 297 321 292 204 262 156 186 242 348 308 124 33 293 202 201 248 200 62 359 57 129 12 320 243 192 286 157 410 157 387
 439 64 207 463 291 387 292 179 430 326 115 357 382 295 91 263 187 286 68 376 367 63 318 394 1 361 149 212 290 97 253 344 296 361 370 165 311 246 347 190 330 453 458 152 113 70 159 359 319 204 310 161 166 211 356 258 143 289 213 165 100 260 375 93 89 307 309 294 387 392 344 287 415 208 198 362 365 335 445 300 314 99 173 300 125 247 369 320 104 280 122 256 341 310 386 299 352 436 376 111 316 330 357 219 94 293 39 181 325 230 300 117 282 180 99 209 165 325 317 100 335 131 254 320 447 241 135 308 266 151 248 200 63 320 89 283 412 327 298 171 188 382 144 173 311 179 284 27 178 231 299 274 187 247 238 337 343 318 289 332 295 158 303 296 334 199 407 318 188 338 200 408 318 42 84 245 308 239 323 97 349 31 232 197 135 218 361 199 230 96 92 116 91 29 407 146 301 195 26 443 206 125 149 376 305 17 205 199 357 110 182 262 318 96 254 426 248 241 264 180 255 369 240 176 357 409 376 164 180 168 213 146 395 191 134 308 237 307 137 123 303 391 294 196 194 302 279 338 264 339 269 384 209 259 204 330 252 49 241 98
 128 403 174 130 120 30 136 272 133 92 276 230 208 363 279 253 189 234 295 177 210 326 151 40 361 1 242 233 159 269 247 123 114 131 226 232 75 209 119 173 41 130 119 222 251 392 203 208 202 172 256 227 197 266 187 142 254 233 150 210 346 108 73 289 303 262 97 241 208 94 59 252 122 325 165 51 10 186 137 180 165 337 249 194 309 208 50 66 271 126 256 313 204 116 36 97 130 94 27 386 123 65 65 340 268 73 385 268 75 135 147 333 208 190 264 273 284 202 50 385 193 299 190 91 118 122 247 205 222 211 234 215 360 198 380 257 134 46 65 197 267 113 223 215 200 266 154 339 237 140 90 119 261 238 265 173 67 153 347 203 233 269 151 327 96 164 134 249 256 181 237 145 68 327 337 254 131 223 56 270 136 337 230 191 321 190 110 259 225 336 305 277 318 384 102 217 74 276 337 99 306 243 214 87 207 366 187 168 43 254 181 276 45 306 328 121 218 130 98 294 228 147 130 323 77 72 114 273 199 317 258 283 262 172 229 118 147 240 324 271 115 61 288 172 169 211 193 50 349 26 93 35 304 233 158 250 119 375 122 350
 347 171 70 363 217 270 147 203 342 187 38 211 234 342 115 126 55 143 89 228 219 151 259 280 149 242 1 204 237 62 115 270 219 215 223 17 179 222 271 82 221 357 354 121 89 157 77 211 171 71 171 142 96 83 308 191 151 273 104 38 197 164 239 58 67 302 170 282 239 253 211 149 328 260 110 230 244 186 355 256 166 188 178 263 185 100 265 188 47 138 125 289 193 167 273 162 206 330 251 145 171 197 222 277 86 170 159 58 231 136 240 198 135 57 91 86 199 289 208 144 187 60 106 233 348 136 130 161 248 73 106 52 125 172 141 146 330 220 187 56 63 239 45 29 164 198 137 123 34 104 209 196 201 107 108 286 208 260 331 184 152 181 245 325 193 111 327 177 199 190 196 331 221 108 98 109 163 224 221 106 202 139 89 55 203 178 280 211 217 186 154 38 166 163 314 61 202 220 133 336 247 43 86 237 158 146 159 121 227 89 96 275 205 67 296 335 230 113 154 219 242 222 152 235 264 303 294 190 135 225 81 47 252 107 84 165 100 292 207 31 227 287 305 124 108 156 244 235 313 225 154 272 248 248 102 189 124 144 128 109
 258 273 190 289 119 247 254 47 245 256 209 364 367 150 128 312 179 317 173 345 359 152 122 250 212 233 204 1 95 169 301 157 125 308 369 210 226 38 161 147 193 276 290 85 128 273 131 352 321 183 348 65 112 283 149 92 71 79 145 176 144 134 284 201 215 102 242 85 370 306 252 330 232 93 119 262 240 322 262 95 293 136 40 92 102 268 214 230 187 234 98 95 338 257 240 231 301 274 256 297 267 241 266 110 145 194 248 261 166 125 109 124 297 167 137 287 62 116 184 289 327 248 260 153 274 142 86 315 56 133 289 230 250 319 279 330 224 188 177 161 266 311 161 198 314 42 261 204 231 178 144 115 34 291 303 133 255 122 136 331 323 58 109 125 266 119 218 349 30 322 13 215 167 202 246 300 265 28 179 127 302 182 273 198 105 47 178 28 19 138 123 211 128 240 231 145 159 45 188 281 75 167 119 293 314 225 59 104 253 130 122 72 192 225 106 246 38 182 159 65 45 323 117 94 189 248 192 55 73 90 279 245 406 115 123 257 201 98 108 210 129 232 101 99 117 314 73 189 127 208 170 239 73 50 136 358 186 251 155 265
 164 347 194 196 43 167 227 141 150 211 254 341 333 205 201 316 193 312 238 307 329 236 29 167 290 159 237 95 1 224 306 63 47 264 343 236 180 60 67 159 122 183 197 141 187 344 163 324 302 188 342 130 145 301 72 48 150 75 142 201 236 95 223 255 270 105 202 83 336 246 195 328 137 179 129 199 168 296 168 25 267 228 128 39 194 268 129 179 237 208 170 158 313 221 157 193 259 183 185 358 231 188 208 192 207 148 324 287 86 110 15 217 288 184 200 307 156 57 118 353 302 291 254 70 180 120 157 299 65 170 292 242 316 299 344 330 130 116 121 183 290 258 196 219 296 136 240 277 253 167 73 56 128 296 315 51 201 29 190 308 315 149 15 168 220 127 124 340 124 294 105 122 92 271 305 308 234 75 105 196 261 261 280 208 199 73 84 121 81 228 208 256 216 318 138 181 94 137 265 190 161 210 161 235 299 301 88 117 190 190 142 120 128 278 173 152 66 166 122 158 73 280 93 186 100 159 98 148 115 184 295 282 381 130 172 222 190 84 202 253 46 144 129 115 130 301 35 111 193 137 133 156 158 77 140 346 163 322 134 323
 358 135 112 378 215 295 197 156 350 230 44 272 293 294 57 187 91 204 30 284 279 90 250 304 97 269 62 169 224 1 176 269 218 266 283 77 215 195 271 97 240 370 372 87 42 127 70 271 231 109 232 105 83 140 295 183 105 245 120 69 136 173 279 33 48 270 213 252 297 296 249 210 335 208 111 267 273 244 364 239 222 128 136 243 128 160 282 224 21 184 76 244 253 214 296 203 257 349 282 135 220 234 261 224 29 199 117 112 241 143 231 139 196 84 36 142 149 269 227 130 246 82 164 239 363 150 85 221 220 61 168 111 96 232 122 207 335 238 207 76 118 286 48 80 223 153 190 72 95 136 216 195 157 168 167 273 248 251 284 244 213 133 235 282 238 112 330 239 157 247 159 333 232 60 82 170 213 193 236 50 254 80 150 102 145 155 283 169 184 125 94 46 106 117 325 53 214 174 76 356 198 29 65 280 219 98 138 116 262 40 94 235 227 57 248 345 201 146 173 169 211 275 155 181 274 321 298 142 111 171 140 85 312 105 52 213 142 264 149 49 226 304 267 115 107 216 223 251 264 248 177 294 199 217 113 250 157 108 148 100
 371 256 115 376 274 274 113 309 372 161 141 109 142 447 229 12 123 36 200 149 125 264 322 285 253 247 115 301 306 176 1 320 274 159 123 102 173 310 319 156 243 375 364 224 201 237 173 118 80 122 58 244 190 46 372 259 259 359 166 129 310 215 209 163 165 391 151 369 147 213 195 35 358 368 187 213 244 103 380 329 100 302 282 340 298 41 286 182 159 122 235 392 101 135 282 151 152 339 243 205 132 184 199 386 200 186 252 73 269 198 305 312 48 135 204 50 308 362 233 210 101 126 58 277 364 188 239 70 336 173 15 73 210 84 212 32 366 245 213 142 67 190 150 108 75 304 94 227 82 140 255 255 305 11 24 350 189 323 434 92 45 289 310 425 162 187 364 66 302 109 295 372 256 212 180 12 122 316 250 220 145 248 29 104 315 265 322 313 310 300 268 139 280 259 341 164 239 325 241 343 354 156 188 201 66 246 247 202 215 201 181 372 225 158 400 361 319 143 192 327 332 157 214 346 297 317 334 298 229 336 41 108 144 189 191 133 118 376 320 133 281 304 400 206 187 61 323 262 419 240 185 281 355 338 171 78 149 233 174 179
 102 398 216 134 56 121 225 203 89 196 294 335 320 256 254 329 220 319 287 291 319 293 39 118 344 123 270 157 63 269 320 1 53 245 334 266 167 122 6 190 94 121 136 193 236 393 203 315 300 210 346 186 188 324 66 88 208 124 168 234 296 109 194 298 313 148 192 131 321 215 172 336 76 240 163 170 131 289 106 72 263 288 188 85 254 280 81 163 280 208 224 214 307 213 109 185 242 123 147 402 222 170 182 252 256 141 376 315 56 136 49 278 293 214 249 330 218 84 97 398 296 328 264 44 118 138 211 299 123 211 306 265 364 296 390 340 70 89 111 216 316 233 234 248 295 198 240 328 280 183 66 76 190 310 333 52 179 40 241 304 321 209 49 218 204 162 64 342 185 286 166 65 69 321 349 324 227 137 79 249 246 315 297 232 261 130 23 183 143 288 266 295 275 371 76 221 83 199 318 130 222 251 205 207 299 353 140 155 161 239 179 175 108 320 229 90 127 178 129 220 133 262 119 248 49 102 36 209 165 246 317 316 372 167 219 214 203 126 263 291 44 90 178 155 166 303 92 76 249 106 136 109 219 135 169 347 172 372 150 366
 145 349 166 171 7 124 186 169 135 166 242 299 289 250 206 283 169 275 237 262 286 247 51 126 296 114 219 125 47 218 274 53 1 218 300 215 135 97 54 138 76 160 170 145 186 343 151 282 261 160 304 140 136 274 100 40 165 121 117 182 256 60 177 246 262 151 158 129 291 200 149 292 120 215 111 153 122 254 150 70 226 247 150 84 215 234 90 134 228 167 177 201 272 178 116 150 214 151 139 351 188 143 161 230 206 104 327 264 42 84 38 239 250 163 200 281 183 99 72 346 260 276 219 29 155 88 165 259 109 159 260 215 313 258 339 295 118 70 76 164 266 212 183 197 256 163 200 279 230 135 27 24 157 263 285 79 155 52 234 267 278 171 43 214 175 110 113 301 152 251 132 116 47 271 297 277 191 112 60 200 217 267 249 182 224 89 66 152 115 247 222 243 232 322 114 169 48 169 270 158 197 199 154 189 259 304 95 104 144 189 128 163 82 268 215 132 105 131 84 189 115 235 68 218 66 125 82 173 117 214 268 264 338 116 168 179 156 130 227 239 10 109 175 104 114 262 80 67 236 91 92 115 194 120 118 307 127 322 101 314
 255 384 156 248 222 151 70 337 262 54 252 104 77 454 300 160 177 132 295 47 81 347 265 162 361 131 215 308 264 266 159 245 218 1 97 200 85 297 242 186 152 252 234 262 268 369 220 80 88 160 145 275 226 195 309 229 300 335 174 198 382 178 65 272 281 367 67 344 78 59 75 149 252 396 200 82 125 66 264 287 60 372 309 301 353 133 180 86 258 85 289 400 81 56 163 78 10 211 115 347 47 77 68 414 279 118 374 211 191 184 255 375 112 186 278 202 343 316 150 350 72 259 118 205 240 167 285 96 318 226 151 168 338 84 349 156 264 157 143 196 207 33 221 189 90 330 80 335 193 142 192 211 327 155 182 291 67 267 439 83 128 325 260 423 45 200 265 134 323 60 308 275 179 321 309 169 54 309 167 290 15 345 157 165 369 263 237 330 308 370 336 252 350 377 232 224 172 346 341 213 379 238 236 52 99 360 251 212 90 270 208 368 140 279 413 249 307 135 151 359 319 18 192 385 205 197 243 331 249 377 188 239 132 207 248 56 128 346 373 245 223 190 387 217 204 104 293 171 434 141 139 162 377 326 184 132 127 358 156 315
 351 377 188 344 303 247 118 389 357 139 256 16 28 519 330 117 206 88 310 56 17 371 349 257 370 226 223 369 343 283 123 334 300 97 1 207 168 366 331 229 242 348 329 307 298 359 257 20 53 195 78 324 270 168 396 302 345 410 226 222 413 250 161 278 282 442 143 419 32 151 168 95 347 451 253 178 220 49 360 367 78 404 361 380 393 124 274 172 269 138 327 464 33 124 258 152 97 307 210 327 113 167 163 468 303 197 372 194 279 247 337 411 89 218 305 173 393 398 238 332 43 247 121 292 336 232 327 63 390 261 124 173 331 53 334 102 359 246 226 227 188 124 246 205 61 383 110 343 192 192 276 288 383 126 144 377 160 351 504 41 79 373 342 491 132 253 359 65 379 50 367 369 266 328 301 134 110 376 256 320 91 361 139 188 410 326 328 388 373 402 368 254 381 379 327 255 256 402 355 309 434 258 274 147 66 364 311 267 185 299 254 436 227 277 474 345 376 188 223 410 389 83 260 433 297 293 335 381 302 425 163 228 39 257 282 122 170 423 414 248 306 285 458 272 255 68 369 262 495 232 212 257 434 396 235 55 186 354 218 301
 340 186 59 354 213 260 132 211 336 172 54 196 218 351 128 113 47 129 104 212 203 166 257 270 165 232 17 210 236 77 102 266 215 200 207 1 166 225 267 78 212 349 345 128 101 171 81 195 155 61 157 149 99 74 306 189 160 276 99 36 211 158 225 74 83 306 156 285 223 238 198 135 321 270 108 217 233 170 347 256 150 202 186 264 197 84 257 176 63 123 135 297 177 152 263 148 191 320 239 157 156 183 208 287 100 159 175 53 225 132 238 212 120 53 104 78 209 289 199 157 171 69 90 228 339 130 140 145 252 78 92 36 140 157 154 133 324 211 178 54 57 223 52 19 148 207 121 139 22 93 204 193 209 93 97 284 195 258 339 168 137 190 243 332 179 109 321 163 207 174 203 326 213 124 112 97 147 228 213 119 187 155 75 42 215 181 274 218 221 200 167 53 180 179 307 67 195 228 149 326 256 55 92 222 143 162 162 121 215 101 96 281 196 81 304 328 233 102 146 229 246 206 148 246 257 294 289 199 139 236 71 53 236 107 92 150 87 295 219 46 223 278 310 124 107 140 245 227 322 215 145 262 257 252 98 174 113 159 121 121
 200 345 109 204 139 103 64 258 202 32 215 169 155 371 238 179 128 162 243 128 153 285 183 114 311 75 179 226 180 215 173 167 135 85 168 166 1 214 165 123 77 203 192 190 207 333 156 149 135 110 186 201 157 193 229 145 227 251 104 150 314 94 66 230 243 282 26 260 157 86 35 180 189 317 127 53 73 123 209 204 97 304 231 218 281 135 116 11 213 53 221 317 141 47 110 23 80 167 75 322 56 20 48 334 221 34 330 197 112 105 172 305 136 133 219 200 266 233 71 322 130 233 117 125 192 88 215 136 234 164 160 145 301 131 318 185 199 81 60 141 196 86 168 150 131 252 81 287 169 81 110 127 248 165 192 210 34 185 356 138 162 249 177 339 41 127 198 180 244 119 228 207 99 274 275 180 62 226 89 228 82 290 157 125 296 181 162 250 225 303 270 215 283 331 171 166 89 266 288 172 298 188 170 70 137 313 171 136 50 209 139 284 61 244 330 191 223 71 69 280 236 101 111 308 133 145 171 255 173 300 185 215 206 134 185 49 80 262 300 208 140 132 303 142 131 141 209 97 352 70 57 109 297 242 114 183 60 318 80 286
 223 306 196 255 91 221 250 83 209 244 231 362 361 158 159 321 189 322 202 337 354 188 86 222 246 209 222 38 60 195 310 122 97 297 366 225 214 1 127 155 170 242 257 108 154 306 146 348 320 189 353 91 127 296 113 71 104 52 146 190 181 121 266 227 242 82 232 61 364 289 235 336 196 120 124 243 217 319 226 58 290 173 76 55 139 274 185 215 211 229 128 106 335 249 212 221 291 242 234 326 259 226 249 134 173 181 282 277 138 120 74 161 300 178 165 301 99 80 163 319 324 270 264 124 240 136 116 316 27 150 296 240 280 318 310 337 188 164 159 173 281 297 178 211 314 79 258 236 245 178 120 92 71 299 314 96 240 86 143 329 327 94 74 126 254 123 182 353 66 318 49 179 142 233 274 310 259 16 154 158 292 216 282 207 142 46 144 62 22 175 158 233 165 274 197 162 137 78 222 249 102 188 138 276 315 258 65 109 234 157 132 72 172 251 120 211 11 180 148 99 24 313 108 127 158 217 157 92 88 125 292 265 404 122 145 249 202 71 145 232 99 202 93 105 123 316 36 163 141 185 159 211 99 30 140 361 181 283 150 293
 98 401 216 129 58 116 223 207 85 194 295 332 317 261 257 328 221 317 289 288 316 296 44 113 347 119 271 161 67 271 319 6 54 242 331 267 165 127 1 190 91 116 131 195 239 396 205 313 297 211 345 189 190 323 70 90 212 130 169 234 300 110 190 300 315 153 190 136 318 211 168 335 72 244 165 166 127 287 102 77 260 292 192 90 258 279 76 161 281 206 227 219 305 210 104 183 239 118 143 404 220 167 178 257 259 139 379 315 54 137 54 282 291 215 252 330 222 89 95 400 293 329 263 43 114 138 215 297 128 212 305 265 366 294 392 338 66 86 109 217 317 229 236 249 293 202 239 331 281 183 65 77 194 309 332 57 176 45 247 302 319 213 53 223 201 163 61 340 190 283 171 63 67 323 351 324 225 141 77 251 243 318 296 232 265 134 18 188 147 292 269 297 278 374 71 223 81 203 321 125 227 253 207 204 298 356 144 157 157 241 181 180 105 322 234 85 132 178 128 225 138 259 121 253 44 97 32 214 168 250 317 317 369 169 221 212 203 131 268 293 46 85 183 157 167 301 97 72 254 103 135 104 224 140 170 345 171 375 150 368
