NAME : domp220p110v2
COMMENT : (Deleplanque et al.) 
TYPE : DOMP
DIMENSION : 220
DISPLAY_DATA_TYPE: NO_DISPLAY
OPEN_FACILITIES : 110
COST_SECTION
 1 93 103 304 93 81 180 338 320 242 295 199 373 169 158 187 79 96 60 294 283 26 214 248 334 227 52 260 380 334 103 188 247 100 282 274 310 311 285 215 131 38 131 362 77 64 110 55 117 47 342 220 327 329 282 140 137 322 241 75 241 194 360 309 184 114 249 276 154 27 149 218 133 39 301 362 303 128 23 399 77 289 53 70 46 128 64 342 155 280 215 100 159 42 301 395 287 229 89 189 116 31 128 171 155 318 307 210 327 83 203 362 210 337 276 85 242 235 176 165 266 127 375 343 78 272 313 76 131 168 371 208 283 327 307 141 184 132 213 318 258 57 141 104 286 125 224 123 214 318 239 337 264 355 226 136 116 256 74 289 137 225 187 162 280 393 78 98 252 287 273 234 219 203 192 296 318 161 95 304 229 260 126 278 43 92 330 277 113 65 314 74 147 76 240 246 123 72 223 79 215 229 122 44 85 358 73 210 317 46 132 311 245 124 256 60 155 107 197 278
 93 1 191 337 51 172 194 367 403 289 281 180 434 258 191 273 138 185 145 376 350 80 296 335 405 318 142 284 439 326 166 275 274 168 276 365 353 354 347 294 201 121 188 433 162 30 201 141 32 104 419 294 361 377 293 209 228 350 283 45 237 277 357 339 273 83 339 279 235 95 240 255 213 131 383 415 370 220 72 460 167 355 117 157 78 217 154 358 227 352 187 131 250 107 350 460 375 258 97 183 188 119 206 260 164 339 391 291 341 173 217 420 300 353 336 165 333 309 219 189 346 209 445 353 90 340 397 116 162 259 435 298 362 319 381 203 275 146 192 368 241 148 231 195 292 216 245 208 294 402 315 419 290 430 295 185 208 294 153 375 136 261 275 169 313 463 169 179 235 374 343 227 203 253 232 377 392 243 83 391 319 312 216 368 57 24 334 283 184 156 394 58 238 148 274 263 94 147 285 110 224 284 183 135 9 407 55 300 354 136 182 396 258 88 321 130 247 39 235 361
 103 191 1 263 175 33 183 299 220 190 309 232 293 103 146 87 82 10 83 195 200 112 117 147 246 141 52 234 302 337 75 87 220 65 288 175 255 256 209 121 71 72 95 271 80 164 54 51 211 126 245 133 283 266 270 79 63 284 197 161 250 96 355 271 83 181 148 272 62 98 58 183 49 69 201 292 219 46 124 320 27 209 85 77 121 75 62 317 82 190 253 122 65 117 239 311 185 203 141 211 59 74 49 108 172 290 207 114 306 23 200 285 140 312 202 98 145 145 144 162 169 40 286 325 135 188 212 109 134 78 289 109 188 331 214 92 106 154 245 254 280 58 41 24 278 56 208 96 119 218 149 238 236 261 145 111 39 214 97 188 171 189 127 178 242 304 28 31 273 185 188 249 246 153 159 197 226 66 159 202 153 200 69 178 145 185 320 270 59 47 217 154 53 62 205 232 185 57 153 119 216 168 86 71 183 294 154 111 269 58 108 210 236 191 177 72 61 208 166 178
 304 337 263 1 289 289 146 37 256 76 162 195 156 351 150 239 227 270 329 237 144 289 214 262 180 351 280 58 151 148 207 246 65 213 136 319 42 43 119 200 194 272 178 203 335 327 316 270 331 349 229 173 25 73 84 185 315 24 67 293 139 222 140 12 274 261 290 108 215 279 295 87 217 299 245 111 149 299 316 172 274 136 252 329 275 335 312 70 184 173 209 212 291 342 67 187 290 80 241 173 208 283 215 358 175 47 257 208 72 277 125 136 374 67 112 352 319 176 129 149 216 226 201 90 251 147 265 233 178 306 166 291 207 146 192 174 340 192 192 75 172 303 266 285 98 314 96 358 205 264 181 258 51 221 151 169 297 50 348 265 205 81 374 172 25 212 279 237 171 279 156 151 181 111 113 235 191 221 255 291 377 78 328 313 332 315 107 98 209 294 232 281 289 235 65 86 252 241 127 235 126 103 188 308 334 94 284 289 23 287 173 271 96 261 134 247 289 373 108 241
 93 51 175 289 1 164 145 318 374 245 233 132 393 258 145 250 107 171 151 347 311 70 268 312 367 312 131 235 397 277 133 253 225 137 227 348 306 308 307 264 168 106 151 397 168 54 198 127 46 123 386 260 313 332 243 175 223 301 236 20 188 251 308 291 256 34 320 230 208 81 229 209 186 127 355 370 332 211 80 418 154 315 92 162 55 217 154 308 194 317 141 88 238 123 305 419 353 209 53 133 158 109 178 261 115 289 363 262 292 161 168 378 299 303 295 176 319 275 174 141 317 184 407 303 49 302 370 79 117 249 394 283 330 270 346 166 271 98 145 323 193 145 214 185 242 211 196 215 265 375 282 390 241 396 259 144 199 247 164 350 87 215 277 120 265 425 158 157 188 351 306 178 155 210 187 348 356 218 35 368 317 268 215 350 78 28 284 234 154 150 364 22 226 121 227 214 45 123 246 71 175 242 147 135 50 362 22 284 306 128 142 370 208 41 283 106 234 89 189 334
 81 172 33 289 164 1 197 325 249 217 323 239 325 98 163 116 87 24 51 224 231 96 148 173 278 149 34 257 334 353 90 115 243 82 304 195 284 285 240 152 97 59 115 303 49 143 38 39 195 97 276 164 310 296 290 105 60 310 223 147 264 126 374 296 106 175 171 290 94 84 69 206 80 43 230 323 251 49 102 351 17 240 81 45 110 61 31 340 112 222 259 127 80 88 269 343 210 225 138 220 82 56 78 102 181 314 235 146 329 13 216 317 138 335 233 67 162 177 166 177 199 71 317 347 130 220 240 109 146 88 321 129 219 347 246 116 108 161 252 284 290 28 65 24 297 49 228 73 150 246 180 267 259 292 177 129 37 240 66 215 176 213 120 188 268 336 11 53 284 211 220 261 255 179 181 227 258 97 153 228 155 229 56 199 121 169 340 288 81 18 247 143 67 68 229 252 181 62 183 118 231 197 105 42 164 324 142 131 297 37 126 238 254 185 209 70 76 185 189 207
 180 194 183 146 145 197 1 174 299 118 128 70 270 285 40 211 113 186 221 272 206 159 208 263 261 312 175 92 270 158 109 217 82 118 108 315 169 170 192 197 123 157 93 290 232 188 232 164 186 226 294 180 170 198 104 121 244 158 103 151 68 201 182 147 236 116 283 97 168 153 234 76 155 188 281 238 223 227 186 292 181 205 131 226 141 255 209 167 135 222 92 81 236 220 174 299 302 68 101 42 128 168 148 290 31 146 292 201 151 186 25 252 320 162 180 248 298 193 64 23 242 160 296 165 112 200 300 105 52 252 274 262 246 152 251 103 284 51 77 191 99 199 207 204 107 237 52 269 201 303 200 310 98 297 167 75 220 110 240 288 60 80 309 27 122 312 186 152 93 296 207 67 73 97 66 272 258 179 112 312 330 143 249 313 198 172 151 98 127 194 281 139 229 130 88 71 107 136 144 102 37 128 100 198 192 227 142 261 165 179 77 303 67 116 179 134 233 231 62 266
 338 367 299 37 318 325 174 1 281 112 166 215 164 387 182 274 261 306 365 263 170 322 247 293 199 385 316 84 156 141 242 280 94 249 142 350 62 63 145 233 230 307 213 218 370 359 351 305 359 384 249 206 22 84 93 221 351 18 103 324 155 256 124 30 308 289 322 117 250 313 330 122 253 334 271 115 172 335 349 174 310 161 286 365 307 371 348 50 220 199 227 244 326 376 90 193 319 111 272 197 244 318 251 393 204 41 283 241 61 313 152 144 409 50 140 388 352 207 164 180 245 261 214 74 282 175 290 266 211 341 176 325 234 141 216 210 376 222 211 92 183 338 302 321 104 349 124 394 238 289 212 281 78 239 184 204 333 86 383 293 233 115 410 200 59 222 315 273 183 308 184 168 198 147 148 261 213 256 285 318 411 111 364 343 365 345 98 108 245 330 256 311 325 270 99 108 280 276 161 267 149 137 223 343 364 95 314 322 39 322 208 297 117 288 164 282 324 404 142 269
 320 403 220 256 374 249 299 281 1 203 395 368 157 228 265 135 269 228 297 29 113 325 108 81 94 180 270 276 171 396 243 135 268 238 367 106 220 220 138 112 208 285 230 96 288 378 243 266 417 345 49 121 260 202 322 202 220 277 224 365 346 127 394 267 150 367 100 339 169 309 194 238 191 288 21 193 110 215 342 174 246 122 287 288 327 246 278 325 183 86 390 294 183 335 193 152 64 262 327 340 218 290 198 234 311 302 16 113 327 242 298 165 221 323 146 303 133 107 236 282 60 195 112 346 327 112 16 296 279 186 144 139 55 392 67 215 204 307 375 192 385 276 186 227 335 229 283 276 110 11 100 20 271 71 133 243 224 233 307 40 330 239 240 313 254 125 247 225 380 54 103 353 369 205 236 28 72 161 347 51 209 186 241 96 362 391 359 331 221 265 26 355 192 256 245 297 366 256 159 305 312 181 231 290 396 209 356 135 244 277 244 23 307 374 130 273 184 425 241 43
 242 289 190 76 245 217 118 112 203 1 192 184 153 276 102 165 165 197 260 179 96 231 142 194 148 277 212 74 155 195 141 171 66 146 164 251 69 70 77 128 122 208 112 176 264 275 242 202 290 286 187 102 94 89 120 113 240 99 21 245 147 148 198 86 199 222 221 137 140 219 220 44 143 232 188 127 110 224 257 176 203 93 190 259 220 261 242 140 109 119 203 160 216 278 62 182 226 62 194 156 137 218 141 283 142 113 200 136 135 205 107 136 299 136 66 282 247 108 72 110 154 152 181 155 201 94 208 178 129 230 157 218 150 191 145 105 265 151 186 79 186 233 191 212 134 239 85 285 133 210 114 210 70 186 81 108 223 33 278 204 169 41 299 141 61 196 208 166 182 216 102 156 178 41 59 178 149 146 211 230 303 26 254 246 275 270 162 129 139 224 181 233 214 169 43 95 216 174 54 181 117 29 121 240 285 119 235 215 81 219 112 214 105 225 74 184 213 323 58 180
 295 281 309 162 233 323 128 166 395 192 1 102 317 411 165 330 237 313 343 370 286 272 320 375 333 436 299 121 313 49 235 336 128 245 29 430 202 204 265 307 247 279 218 359 356 285 359 289 261 340 377 285 177 234 80 244 371 155 172 247 60 317 84 155 358 200 398 58 290 270 360 159 279 311 379 273 298 354 296 333 307 281 253 349 252 381 334 125 255 310 97 201 362 336 223 348 411 134 208 108 254 289 273 417 144 126 391 313 108 313 112 297 446 122 254 371 418 294 178 149 343 285 360 106 220 285 399 224 178 377 327 383 341 42 336 226 410 166 90 235 41 323 332 331 66 364 116 394 312 400 301 401 127 373 267 201 347 165 362 392 159 157 435 137 151 372 313 279 47 403 294 63 80 196 170 369 339 300 209 417 455 212 375 426 303 258 77 67 253 319 373 238 354 255 150 99 189 262 239 218 96 215 226 321 282 254 241 381 184 303 203 404 89 194 265 258 358 318 162 368
 199 180 232 195 132 239 70 215 368 184 102 1 333 333 106 274 153 233 251 341 274 175 275 329 329 369 211 138 332 147 160 280 134 170 99 379 225 227 259 265 183 189 153 358 265 184 276 202 161 242 363 249 217 256 127 183 293 200 167 146 64 266 179 193 296 99 347 108 230 175 288 141 214 219 350 297 291 277 197 354 224 273 162 258 154 299 244 192 199 291 23 113 292 238 235 363 369 126 111 29 184 197 206 338 64 179 361 268 175 231 78 314 371 188 247 279 360 262 133 88 311 217 363 182 123 269 369 133 102 307 339 323 316 140 321 166 337 80 15 252 63 234 263 252 122 284 104 307 268 372 269 379 146 366 237 136 268 169 269 356 65 144 356 59 174 379 229 203 57 363 276 52 24 166 135 341 327 241 109 380 384 208 294 378 203 157 159 114 182 232 350 137 282 173 148 110 87 179 213 125 71 196 158 229 180 283 140 322 216 213 137 372 100 92 248 170 288 217 131 334
 373 434 293 156 393 325 270 164 157 153 317 333 1 346 252 226 301 302 374 153 95 367 189 208 65 316 332 202 15 301 274 231 202 274 290 254 116 115 89 180 243 336 248 67 372 416 336 324 438 411 111 162 146 85 239 234 323 168 168 391 287 209 287 165 258 373 237 261 232 353 296 195 247 353 157 50 76 311 391 27 315 86 326 369 360 348 354 213 220 110 351 306 287 402 99 32 214 208 341 307 258 345 251 353 294 198 165 188 222 314 256 21 352 213 99 390 272 151 220 262 154 256 56 237 346 106 171 320 278 297 15 261 132 300 101 235 326 302 334 84 323 348 275 310 252 327 230 377 183 166 149 148 196 92 150 250 315 165 389 186 321 191 364 293 168 60 318 281 321 203 108 298 324 184 210 150 90 230 360 205 346 128 341 245 411 417 259 252 262 337 134 378 292 298 186 231 367 302 151 326 264 152 255 359 429 71 381 257 135 340 253 178 242 376 119 315 287 466 210 168
 169 258 103 351 258 98 285 387 228 276 411 333 346 1 247 122 181 101 115 212 256 189 158 150 287 69 130 330 357 437 177 117 316 167 390 140 336 337 273 169 168 155 195 306 98 229 61 136 285 163 268 192 368 340 369 174 41 374 287 241 352 140 454 360 89 272 131 373 137 178 57 277 138 132 214 358 272 58 188 371 111 267 177 103 205 42 106 410 170 237 354 221 62 157 315 356 172 300 235 313 159 150 143 8 273 383 214 160 402 104 301 343 43 406 269 102 104 199 242 263 197 131 323 421 227 245 215 205 236 50 338 91 219 431 251 190 26 254 346 327 381 114 86 83 378 50 308 60 165 222 199 247 331 289 212 212 66 304 112 189 271 284 25 279 333 340 106 133 375 178 241 350 348 243 255 214 263 132 250 190 62 280 44 148 203 260 419 369 160 109 236 238 63 161 299 331 278 155 229 214 317 251 187 125 250 364 237 95 354 131 209 210 335 282 242 166 64 262 263 192
 158 191 146 150 145 163 40 182 265 102 165 106 252 247 1 172 84 150 192 238 179 141 171 225 235 273 144 103 255 192 73 177 90 83 144 276 163 164 169 161 84 130 54 265 202 179 197 134 189 204 264 145 173 188 129 82 207 166 93 146 106 163 212 154 197 122 244 128 128 132 196 65 116 160 247 227 198 190 168 276 146 180 106 195 126 219 179 185 96 192 128 63 198 197 162 280 265 72 95 78 89 141 109 253 47 161 257 163 172 152 55 236 281 180 157 218 259 159 33 19 207 121 273 188 103 172 265 85 30 213 255 222 214 186 222 64 246 51 114 180 139 168 168 168 136 201 68 235 164 268 166 277 107 269 135 36 184 105 211 251 70 72 271 49 125 290 152 116 133 259 178 106 111 70 44 238 229 139 111 275 291 125 213 274 183 170 179 127 89 162 248 134 190 98 86 92 116 104 114 86 71 103 62 170 187 218 137 222 165 149 39 268 93 125 151 105 194 226 45 230
 187 273 87 239 250 116 211 274 135 165 330 274 226 122 172 1 146 95 165 110 135 194 38 64 171 113 137 229 237 347 124 7 217 116 305 106 219 220 152 48 93 154 123 193 157 247 115 134 290 211 162 72 254 220 273 92 98 262 180 238 273 19 357 249 36 248 75 282 46 179 71 178 66 154 116 237 152 88 209 252 112 146 160 156 199 124 145 303 77 117 297 178 62 202 196 239 104 203 207 248 97 158 74 129 212 277 121 39 298 108 220 222 138 299 149 173 89 78 153 190 86 67 209 318 205 124 126 175 174 73 219 55 107 341 136 110 106 201 284 207 308 142 54 95 284 103 217 153 44 132 78 153 228 180 93 140 95 196 176 103 222 183 143 216 224 227 113 95 303 102 120 275 282 140 162 112 149 35 227 120 139 164 117 105 229 264 321 277 100 131 132 229 67 130 196 238 249 128 114 184 236 138 119 156 266 243 230 53 238 144 139 125 245 257 121 145 62 293 169 92
 79 138 82 227 107 87 113 261 269 165 237 153 301 181 84 146 1 82 110 241 213 68 162 208 268 222 63 185 307 270 29 149 171 32 220 247 232 233 213 158 64 47 55 296 120 117 124 53 149 123 282 157 250 252 212 71 141 245 164 98 179 145 293 232 156 104 217 208 102 55 139 140 81 77 249 286 234 126 93 327 72 219 27 114 62 147 98 268 89 215 173 41 145 116 224 324 249 153 63 134 52 58 73 186 95 243 257 157 254 79 134 288 220 263 202 136 221 172 99 94 211 79 308 271 60 203 264 30 61 158 300 184 225 264 244 67 187 75 166 241 204 87 117 100 217 132 151 158 159 269 178 285 188 293 158 59 116 179 129 244 91 147 204 102 203 326 77 56 198 246 206 175 169 125 115 243 254 113 82 263 234 184 142 248 112 124 261 208 49 83 259 87 134 21 163 174 106 27 150 40 149 154 47 87 132 282 89 184 239 67 55 265 175 113 185 23 141 167 120 228
 96 185 10 270 171 24 186 306 228 197 313 233 302 101 150 95 82 1 74 203 209 107 126 154 255 143 45 240 311 341 78 95 226 68 292 181 263 264 218 129 77 66 100 280 71 157 48 45 206 118 254 142 290 275 275 86 61 291 204 156 253 104 360 278 89 178 155 277 71 93 60 189 57 61 209 301 228 45 117 328 19 218 82 68 117 70 53 323 90 199 254 122 68 108 247 320 192 209 139 213 65 67 57 106 174 296 215 123 312 14 204 294 139 318 210 89 150 154 150 165 177 49 295 331 133 197 220 108 136 80 298 114 197 335 223 98 106 155 246 262 282 49 47 19 283 53 213 90 128 226 158 246 242 270 154 115 36 221 88 196 172 195 124 180 249 313 19 35 276 193 197 251 248 160 164 205 235 75 156 209 153 208 64 184 137 180 325 274 64 38 225 150 56 62 212 237 183 56 161 117 220 176 90 63 177 302 150 116 277 51 112 218 240 188 186 69 64 201 172 186
 60 145 83 329 151 51 221 365 297 260 343 251 374 115 192 165 110 74 1 274 281 83 198 220 328 178 50 292 383 379 124 164 278 117 327 235 328 329 289 202 140 65 152 353 18 116 62 61 173 52 326 214 351 342 321 149 90 349 264 133 286 176 402 336 151 172 215 317 144 78 109 244 128 34 279 371 301 87 75 401 61 290 92 13 103 74 22 375 158 272 269 143 121 44 315 393 255 260 142 237 124 55 126 116 201 350 283 196 363 61 243 366 156 370 281 28 201 227 203 203 249 120 368 380 132 270 288 121 170 125 370 171 269 372 296 157 134 178 265 330 308 28 113 71 326 78 259 65 200 294 231 316 295 342 226 163 76 280 20 263 188 251 131 207 307 386 57 97 302 257 269 281 270 221 218 276 308 147 152 273 176 274 74 241 89 149 370 317 122 39 296 133 109 97 267 283 180 90 230 128 257 242 142 24 137 371 131 174 339 44 159 285 284 182 257 89 118 149 225 256
 294 376 195 237 347 224 272 263 29 179 370 341 153 212 238 110 241 203 274 1 94 298 81 63 89 169 244 252 166 373 215 111 244 210 342 103 202 202 119 84 180 259 203 99 266 351 221 240 390 320 58 93 242 187 298 174 199 258 200 338 320 101 373 247 129 339 88 315 142 283 173 213 164 263 10 183 95 193 315 173 221 104 260 265 300 226 254 306 155 65 363 266 162 311 175 154 62 237 299 313 190 264 171 218 283 282 22 86 306 217 272 158 209 303 126 280 123 80 209 254 32 169 116 325 299 90 30 269 251 167 141 122 31 369 54 187 188 280 348 176 359 251 162 204 312 207 257 256 83 32 73 45 248 78 106 215 202 210 284 34 302 214 226 286 232 132 222 198 354 51 81 327 342 179 209 4 64 134 320 57 199 163 220 93 336 364 338 307 194 240 25 328 171 229 221 272 338 229 133 278 286 155 203 265 369 198 329 118 226 252 216 35 282 346 107 246 163 398 215 20
 283 350 200 144 311 231 206 170 113 96 286 274 95 256 179 135 213 209 281 94 1 279 99 131 57 234 240 166 104 284 186 140 160 185 258 185 109 109 27 88 153 245 163 87 279 329 243 232 357 319 92 68 149 97 211 144 230 165 116 307 242 117 282 155 168 296 161 230 138 264 205 136 154 260 102 104 22 218 302 121 222 13 237 276 274 256 261 213 128 30 295 225 196 310 82 114 150 157 260 246 168 254 158 263 224 190 114 97 215 221 200 88 267 211 34 296 194 58 147 192 78 163 96 234 264 12 121 235 200 207 90 176 64 281 51 148 238 227 279 84 281 255 182 217 225 234 179 284 92 121 58 117 161 92 57 169 222 123 296 124 248 135 276 225 142 114 225 189 277 140 17 250 271 111 141 92 54 137 280 149 263 75 249 177 322 333 247 221 171 244 89 295 200 208 138 189 292 211 67 242 211 79 168 266 344 113 297 172 133 248 171 128 200 301 30 226 195 379 145 101
 26 80 112 289 70 96 159 322 325 231 272 175 367 189 141 194 68 107 83 298 279 1 218 256 332 244 64 242 373 311 94 196 230 95 260 286 297 299 279 217 127 42 121 360 100 54 129 63 101 69 343 219 312 318 262 136 155 306 228 53 218 198 338 293 195 89 260 255 157 16 163 203 135 58 305 353 299 144 28 393 89 285 43 93 22 148 84 323 152 278 190 80 173 65 290 390 296 212 65 165 113 41 128 191 133 300 312 213 308 96 183 355 230 318 269 109 255 234 162 146 269 130 372 323 53 268 318 57 113 183 366 220 285 304 306 133 202 110 189 308 234 76 152 118 265 143 205 146 217 324 239 341 247 355 223 123 132 242 98 296 114 210 208 140 265 391 91 101 228 295 271 211 196 191 178 300 317 165 70 312 248 250 146 289 45 74 309 256 109 82 317 51 161 72 225 227 98 70 217 58 194 220 114 66 73 348 49 222 303 60 120 318 225 100 251 54 169 102 182 283
 214 296 117 214 268 148 208 247 108 142 320 275 189 158 171 38 162 126 198 81 99 218 1 56 134 140 165 212 201 332 137 42 200 132 293 111 190 190 118 15 102 179 128 157 192 271 151 161 310 242 129 42 227 188 257 98 135 237 160 258 265 23 339 224 70 262 80 269 62 203 108 163 84 184 88 202 115 124 236 215 142 110 180 190 220 161 178 281 79 80 298 189 99 233 166 202 95 189 222 248 111 185 91 165 214 254 96 8 277 139 214 186 170 277 116 208 106 43 147 188 53 89 172 297 221 88 103 190 179 109 182 80 72 327 100 113 140 207 284 175 302 174 89 129 269 140 205 190 10 108 42 124 209 145 64 143 130 174 210 84 229 167 178 218 202 191 144 118 297 89 84 269 280 125 152 83 112 54 242 106 168 137 154 107 256 285 303 263 115 163 101 249 104 149 178 225 262 150 89 200 229 115 127 187 289 209 250 77 211 173 143 104 233 270 88 167 98 319 159 67
 248 335 147 262 312 173 263 293 81 194 375 329 208 150 225 64 208 154 220 63 131 256 56 1 145 109 197 265 221 386 185 62 254 178 348 58 233 234 154 69 152 216 180 160 210 309 164 196 353 269 120 93 272 226 310 149 140 285 212 301 320 65 391 273 71 310 31 323 107 241 115 217 128 214 65 231 140 136 270 231 173 142 222 211 262 166 201 330 131 104 352 239 103 260 207 213 42 243 269 302 158 219 136 156 268 304 66 63 327 168 269 210 147 327 156 224 65 87 202 243 56 130 177 347 267 122 69 237 231 106 198 60 77 381 108 166 126 259 338 213 357 200 109 151 323 149 260 196 64 76 82 99 262 140 114 196 146 226 229 43 281 221 164 272 252 193 173 158 352 40 115 324 335 180 207 66 120 96 289 57 139 185 161 53 290 326 355 317 161 190 87 292 113 192 232 279 311 191 141 246 284 166 178 215 328 242 293 56 256 204 196 66 287 318 130 208 105 354 214 44
 334 405 246 180 367 278 261 199 94 148 333 329 65 287 235 171 268 255 328 89 57 332 134 145 1 254 289 213 79 326 240 174 208 239 305 190 140 139 71 127 206 297 218 31 323 384 284 283 412 368 53 116 178 116 256 198 267 198 167 362 293 155 318 190 200 352 173 276 185 317 241 189 204 309 93 101 39 257 354 86 269 57 291 321 329 294 307 246 181 57 349 281 231 359 115 70 150 208 316 301 220 305 208 294 280 226 102 135 251 268 253 72 291 244 83 340 209 102 203 248 92 211 41 268 320 66 107 291 257 239 54 200 70 324 38 203 266 284 333 108 331 302 222 260 270 273 231 323 130 104 98 88 207 42 111 225 263 170 341 121 305 188 304 281 184 60 272 239 328 139 63 302 324 167 197 86 26 181 336 141 284 124 287 181 374 389 286 267 224 291 70 351 237 261 188 238 348 264 123 298 264 135 223 314 399 118 353 196 164 297 227 115 250 357 86 279 231 433 200 105
 227 318 141 351 312 149 312 385 180 277 436 369 316 69 273 113 222 143 178 169 234 244 140 109 254 1 182 341 329 456 210 107 328 201 412 80 329 329 256 154 190 206 221 267 163 290 119 186 343 228 225 180 365 327 384 193 91 374 292 296 377 130 468 361 80 321 82 391 148 232 85 289 159 189 169 337 247 101 248 339 159 246 225 166 258 106 166 416 182 210 391 261 79 221 305 321 118 314 281 346 187 204 165 71 307 389 166 145 410 151 325 317 43 412 255 169 48 182 260 291 163 154 284 430 275 225 165 249 268 65 306 61 185 451 217 211 46 291 381 313 411 171 107 128 394 103 325 128 149 172 179 197 340 246 202 238 113 308 178 141 310 294 68 312 337 300 155 168 405 126 218 378 381 252 271 172 228 138 298 135 31 275 105 89 265 317 432 387 188 164 193 291 89 202 308 348 325 198 225 259 341 250 214 184 310 346 290 64 349 185 236 159 354 331 227 212 83 326 278 151
 52 142 52 280 131 34 175 316 270 212 299 211 332 130 144 137 63 45 50 244 240 64 165 197 289 182 1 243 340 332 75 137 229 68 281 224 280 281 245 167 93 26 103 316 59 114 70 11 164 80 293 175 302 295 272 102 93 300 215 115 241 144 354 287 133 143 198 270 106 51 100 195 87 22 251 326 260 81 74 358 26 247 50 52 77 91 36 326 114 234 230 100 110 71 267 352 236 211 107 194 77 24 82 133 156 301 257 162 314 33 196 322 170 321 236 75 193 189 153 156 217 79 330 331 99 228 262 80 123 120 329 158 235 325 260 108 141 135 224 283 265 25 91 55 278 82 211 97 166 268 193 287 246 308 183 114 69 231 69 238 147 202 151 163 258 348 28 52 259 236 229 237 228 172 169 246 271 112 121 253 188 227 87 228 94 137 322 269 74 22 265 110 98 48 218 235 149 41 185 88 210 195 93 29 134 324 110 160 290 9 110 261 236 153 214 42 106 158 176 228
 260 284 234 58 235 257 92 84 276 74 121 138 202 330 103 229 185 240 292 252 166 242 212 265 213 341 243 1 200 122 169 236 15 177 93 322 90 91 145 198 165 231 142 239 300 277 287 232 277 306 257 173 80 121 47 158 292 67 54 241 86 214 128 57 262 206 291 65 196 234 275 54 193 260 261 162 177 275 270 221 241 161 208 294 227 308 277 84 162 191 153 164 273 299 105 233 298 33 190 117 176 242 189 337 121 59 273 205 73 245 69 183 358 79 134 317 315 180 92 98 227 201 241 92 200 166 282 186 130 288 211 283 223 118 216 143 323 140 136 119 122 266 246 257 60 288 41 328 203 282 187 282 8 253 153 130 271 45 311 277 150 48 354 117 37 254 247 206 120 289 174 97 125 90 77 251 218 204 202 303 364 92 302 317 284 262 92 56 177 259 253 229 269 196 34 30 197 203 125 186 69 100 153 270 282 147 232 281 79 249 134 287 41 206 147 206 270 321 69 253
 380 439 302 151 397 334 270 156 171 155 313 332 15 357 255 237 307 311 383 166 104 373 201 221 79 329 340 200 1 295 280 242 200 281 286 268 112 111 96 191 250 343 253 80 381 422 346 332 442 419 125 172 139 80 234 241 333 161 168 395 285 220 279 159 269 376 250 257 241 360 307 196 256 361 170 42 86 321 398 23 323 95 332 378 366 359 363 205 227 122 350 310 298 410 98 38 227 207 345 307 266 353 259 364 295 192 179 199 215 323 256 20 365 205 105 399 285 161 224 264 166 264 69 229 351 116 184 325 281 309 29 273 145 294 114 241 338 305 333 82 320 356 285 320 248 337 229 388 194 180 160 162 193 106 158 255 325 164 398 199 323 192 376 294 165 70 327 289 318 216 118 296 323 188 213 164 104 240 363 219 359 130 352 259 417 421 252 248 269 346 148 383 303 305 186 229 370 309 158 330 263 156 261 367 434 62 385 269 130 348 258 192 240 379 127 322 298 471 212 182
 334 326 337 148 277 353 158 141 396 195 49 147 301 437 192 347 270 341 379 373 284 311 332 386 326 456 332 122 295 1 264 353 133 274 53 442 189 190 261 318 271 314 243 349 390 329 388 322 307 379 373 294 156 218 76 266 398 134 175 290 94 332 36 138 377 244 411 66 309 308 384 170 302 345 382 254 293 380 336 313 337 278 288 383 292 410 367 94 275 311 144 237 384 374 212 331 419 145 248 148 279 325 296 443 180 104 394 325 81 343 138 281 470 92 252 405 434 302 198 178 348 308 348 71 260 285 402 260 210 400 312 400 343 8 334 249 434 203 135 222 87 356 356 359 64 392 132 426 323 403 308 400 126 366 274 227 375 164 397 398 199 166 462 173 144 358 343 307 92 410 294 101 124 208 186 372 335 319 251 424 478 211 404 438 345 303 44 71 279 352 373 280 378 287 155 110 233 294 246 255 123 221 252 356 326 234 283 398 167 336 230 407 104 238 267 291 381 363 179 374
 103 166 75 207 133 90 109 242 243 141 235 160 274 177 73 124 29 78 124 215 186 94 137 185 240 210 75 169 280 264 1 128 156 11 215 228 209 210 186 132 37 67 30 269 131 145 125 64 176 145 255 129 229 227 201 44 137 226 142 125 176 122 284 213 140 126 197 200 79 81 129 121 59 93 223 261 206 120 119 300 74 191 53 125 89 147 108 253 62 187 181 55 133 137 199 297 226 138 85 137 28 78 51 183 98 227 232 131 241 80 127 261 213 248 175 149 204 145 80 88 185 60 280 258 85 176 239 54 60 148 273 167 198 258 216 40 179 82 172 216 205 98 104 97 208 130 139 163 134 244 151 258 172 266 130 41 113 158 143 220 102 128 201 104 184 299 80 45 199 223 179 174 172 101 95 217 227 90 106 240 226 159 141 228 138 151 251 199 25 91 232 114 124 29 145 163 127 35 123 63 143 128 21 102 160 257 115 167 218 81 37 240 165 134 158 44 129 194 102 203
 188 275 87 246 253 115 217 280 135 171 336 280 231 117 177 7 149 95 164 111 140 196 42 62 174 107 137 236 242 353 128 1 223 120 311 101 225 226 158 53 98 155 128 196 156 248 112 135 292 211 164 78 260 226 279 97 94 269 187 241 278 25 363 255 30 252 70 288 51 181 67 184 70 154 116 242 156 85 210 256 113 151 162 155 201 120 144 310 82 122 302 182 58 202 202 243 102 209 211 254 101 159 78 124 217 283 121 44 304 108 226 227 132 306 155 171 83 83 159 195 88 70 212 324 208 129 126 178 179 68 223 48 109 348 139 115 100 206 290 213 314 142 52 94 290 100 223 150 49 132 83 153 234 182 99 145 92 202 174 102 227 189 137 222 231 230 113 97 308 100 125 281 288 147 168 113 152 40 230 117 133 170 114 101 230 266 327 283 104 131 134 232 64 132 203 244 253 131 120 188 242 144 124 156 267 248 233 47 245 144 144 124 251 260 127 148 58 294 176 93
 247 274 220 65 225 243 82 94 268 66 128 134 202 316 90 217 171 226 278 244 160 230 200 254 208 328 229 15 200 133 156 223 1 163 100 310 92 93 139 187 151 218 128 236 286 265 273 219 267 293 251 162 89 123 58 144 278 78 45 230 86 202 141 67 249 197 279 72 183 221 261 40 179 247 253 164 172 261 257 222 227 155 195 280 214 295 263 98 149 183 151 151 260 286 104 233 288 19 179 111 163 229 175 323 111 73 265 193 87 231 61 183 345 93 128 303 303 170 78 87 218 187 238 106 188 158 273 174 118 275 209 270 214 129 209 129 310 129 134 120 124 253 232 243 70 274 32 315 191 274 176 274 18 248 142 116 257 39 297 267 141 35 340 108 42 252 233 192 121 279 167 97 123 77 63 243 212 191 192 293 351 86 288 306 272 252 105 65 163 245 246 218 255 183 23 31 188 189 115 174 64 90 139 256 271 150 221 268 85 235 120 278 42 197 139 193 257 311 55 243
 100 168 65 213 137 82 118 249 238 146 245 170 274 167 83 116 32 68 117 210 185 95 132 178 239 201 68 177 281 274 11 120 163 1 225 219 214 215 186 128 34 64 36 267 124 146 115 58 180 142 252 126 235 231 209 42 127 233 148 129 186 115 293 220 130 133 189 210 72 80 119 128 51 87 218 263 206 110 118 300 65 191 53 118 92 138 101 260 59 185 191 64 123 133 203 297 219 145 92 147 21 74 43 173 108 235 227 126 249 70 136 262 203 255 177 141 195 142 87 98 180 51 279 266 91 175 233 60 70 138 273 158 194 267 214 42 169 91 182 219 215 91 94 87 217 120 147 154 129 238 147 254 180 263 129 49 103 164 136 214 111 135 191 114 191 297 71 35 209 216 177 184 182 106 102 212 224 83 112 233 216 162 131 220 138 155 260 208 18 83 228 118 114 25 151 171 134 30 124 69 152 131 26 96 162 260 120 158 223 75 45 234 174 142 158 42 119 195 109 197
 282 276 288 136 227 304 108 142 367 164 29 99 290 390 144 305 220 292 327 342 258 260 293 348 305 412 281 93 286 53 215 311 100 225 1 404 175 177 237 281 225 263 196 331 339 278 339 271 259 327 349 258 152 207 53 221 350 130 144 239 42 292 82 129 334 194 372 30 265 256 338 132 256 294 351 246 270 333 285 306 288 253 237 332 240 361 316 106 231 282 100 185 339 323 195 321 384 107 197 97 232 273 250 396 128 102 363 286 88 293 90 270 423 102 226 354 392 267 153 128 315 262 332 90 209 257 371 208 159 354 300 358 313 46 308 203 388 151 88 207 46 306 309 310 40 343 89 376 285 373 274 373 99 345 239 179 326 137 346 364 148 129 414 122 124 344 293 258 48 376 266 50 76 169 144 341 311 275 200 390 432 184 355 400 294 253 64 39 231 301 345 229 332 237 122 71 183 243 212 204 73 188 204 305 276 228 232 356 158 286 182 376 62 189 237 240 335 314 136 341
 274 365 175 319 348 195 315 350 106 251 430 379 254 140 276 106 247 181 235 103 185 286 111 58 190 80 224 322 268 442 228 101 310 219 404 1 290 290 210 125 198 246 228 199 222 336 175 225 385 286 153 150 329 281 367 197 147 342 269 335 374 115 448 330 93 350 33 379 151 272 128 274 170 237 100 283 192 150 296 275 199 197 257 224 295 169 219 387 181 157 401 282 117 278 264 255 43 299 309 353 201 247 178 145 317 362 93 118 385 192 322 259 122 384 212 232 37 145 255 294 108 169 216 405 305 178 91 276 279 111 243 67 126 438 155 214 115 306 389 268 411 221 135 171 379 159 315 196 120 97 140 122 319 175 171 245 161 283 240 70 327 277 146 321 309 229 197 193 405 53 170 378 386 236 261 106 165 140 328 58 107 242 166 11 315 359 412 373 204 211 123 327 129 229 288 335 352 227 198 286 338 224 224 235 357 295 328 65 313 230 244 84 343 359 187 243 120 378 268 88
 310 353 255 42 306 284 169 62 220 69 202 225 116 336 163 219 232 263 328 202 109 297 190 233 140 329 280 90 112 189 209 225 92 214 175 290 1 2 83 176 189 276 180 162 331 340 307 270 350 353 189 149 41 33 124 180 303 59 71 308 174 201 179 52 254 281 263 147 201 286 280 99 208 300 210 74 111 287 324 133 270 99 258 326 285 325 309 107 174 138 241 224 275 345 28 147 258 102 257 201 204 286 207 343 197 87 221 185 112 272 151 96 356 105 79 349 293 149 137 167 184 217 160 129 264 114 229 243 192 289 126 269 172 187 155 172 323 210 224 34 209 301 253 277 137 303 123 350 181 228 153 221 82 181 128 175 287 60 346 232 225 93 358 194 54 171 275 233 207 247 123 186 213 109 122 200 153 206 272 257 356 57 318 283 341 332 148 137 207 291 195 296 275 237 82 119 273 242 108 246 155 88 189 308 349 59 298 266 25 287 179 236 130 282 104 251 273 388 119 208
 311 354 256 43 308 285 170 63 220 70 204 227 115 337 164 220 233 264 329 202 109 299 190 234 139 329 281 91 111 190 210 226 93 215 177 290 2 1 83 176 190 277 181 161 332 341 308 271 352 355 189 150 41 32 125 181 304 60 73 310 175 201 180 52 255 282 263 148 202 287 281 100 209 301 209 73 111 288 325 132 271 99 259 327 287 325 310 108 175 138 243 226 276 347 28 146 258 104 258 203 206 287 208 344 198 88 221 185 113 273 153 95 356 106 79 350 294 149 138 168 184 218 159 130 266 114 229 245 193 289 124 269 172 188 154 174 324 212 226 33 211 302 253 278 139 304 124 351 181 228 153 220 84 180 128 176 288 62 347 232 227 94 359 195 56 170 276 234 209 247 123 187 215 110 123 200 152 206 274 257 357 58 318 283 343 334 149 138 208 292 195 297 276 238 83 120 275 243 108 248 156 89 190 309 350 58 300 266 26 288 180 235 131 284 104 253 274 389 120 208
 285 347 209 119 307 240 192 145 138 77 265 259 89 273 169 152 213 218 289 119 27 279 118 154 71 256 245 145 96 261 186 158 139 186 237 210 83 83 1 105 155 248 160 99 288 329 255 237 352 324 113 82 123 73 189 146 245 140 97 304 223 134 257 130 186 288 184 208 148 265 220 119 162 266 127 86 34 231 303 115 229 18 238 285 273 269 269 188 133 56 279 220 212 315 56 113 176 138 255 232 171 258 165 280 213 165 139 115 190 229 183 78 287 185 13 306 217 76 137 181 103 171 105 209 260 33 147 233 193 224 89 196 90 258 74 147 256 218 263 60 262 262 195 228 203 248 161 297 110 146 77 141 139 110 65 164 235 101 305 150 239 118 294 213 118 122 233 194 258 165 41 232 254 100 129 118 75 149 274 175 284 54 263 202 323 330 223 199 174 251 114 292 215 210 118 169 283 214 63 239 194 67 167 272 342 92 294 193 107 253 166 153 180 293 33 227 211 378 131 126
 215 294 121 200 264 152 197 233 112 128 307 265 180 169 161 48 158 129 202 84 88 217 15 69 127 154 167 198 191 318 132 53 187 128 281 125 176 176 105 1 97 178 121 152 197 270 158 162 307 245 128 28 213 175 243 91 144 223 146 255 253 30 325 210 82 256 94 256 62 201 118 150 83 186 92 190 105 132 236 206 145 99 178 195 217 169 182 266 72 72 287 183 109 236 152 194 106 176 216 238 107 185 89 176 205 240 101 10 263 142 202 175 183 263 103 214 120 31 135 178 54 89 167 282 216 77 108 186 171 120 173 94 70 314 95 105 152 199 273 161 290 177 96 134 256 148 193 198 6 113 31 127 196 142 50 134 137 160 215 92 221 153 189 208 188 185 147 118 285 99 73 257 269 112 140 85 107 56 237 116 182 123 163 120 256 281 289 249 111 166 102 245 113 147 165 211 255 148 75 195 217 101 121 190 287 196 246 91 197 174 135 110 220 264 75 164 108 318 146 72
 131 201 71 194 168 97 123 230 208 122 247 183 243 168 84 93 64 77 140 180 153 127 102 152 206 190 93 165 250 271 37 98 151 34 225 198 189 190 155 97 1 94 32 234 143 179 124 84 212 170 220 94 214 204 202 10 129 215 128 160 188 88 287 201 114 161 167 206 48 112 114 113 33 113 188 234 173 111 150 269 82 159 86 138 124 145 121 247 27 153 205 88 115 161 176 265 193 134 121 158 17 103 26 174 121 220 197 96 237 84 136 232 200 242 146 161 178 109 75 101 149 38 246 255 121 142 204 90 82 131 241 141 163 265 181 23 164 109 194 192 222 113 86 94 211 124 141 166 98 208 115 223 166 231 97 49 107 145 157 185 130 119 192 125 173 265 87 45 216 189 145 189 193 84 89 181 192 59 141 206 209 135 138 197 170 187 252 203 20 103 196 150 109 57 135 164 160 60 94 99 153 103 27 121 194 232 151 140 201 100 48 205 169 168 126 74 111 228 97 167
 38 121 72 272 106 59 157 307 285 208 279 189 336 155 130 154 47 66 65 259 245 42 179 216 297 206 26 231 343 314 67 155 218 64 263 246 276 277 248 178 94 1 97 325 78 94 95 22 141 79 305 183 295 294 258 103 118 291 208 91 222 159 338 278 154 118 219 253 118 27 124 186 97 32 266 326 266 106 58 362 49 252 28 71 52 116 57 314 118 243 207 79 133 71 265 358 255 200 83 173 79 12 91 158 136 289 272 174 301 56 179 325 196 309 239 92 215 198 144 140 230 91 338 317 73 235 278 57 106 144 334 180 247 307 270 105 166 114 202 282 244 46 111 79 263 107 197 120 178 284 203 302 235 319 189 104 94 224 84 255 125 193 176 143 249 356 52 62 238 254 236 217 207 168 160 260 281 126 96 271 213 225 112 249 79 114 307 253 75 47 279 85 121 40 209 221 124 35 187 65 193 194 87 43 113 323 85 181 284 26 100 277 220 128 219 26 129 141 166 243
 131 188 95 178 151 115 93 213 230 112 218 153 248 195 54 123 55 100 152 203 163 121 128 180 218 221 103 142 253 243 30 128 128 36 196 228 180 181 160 121 32 97 1 247 159 169 147 93 195 175 238 112 200 199 176 32 155 198 113 145 158 116 261 184 145 138 196 178 78 108 143 93 63 122 211 233 183 138 147 274 100 167 80 153 114 169 136 225 50 168 175 65 145 167 171 272 221 111 100 127 37 107 56 201 90 200 221 122 214 104 107 235 229 221 149 176 209 127 52 71 172 68 258 232 103 153 228 74 52 160 248 171 182 237 197 17 194 80 163 188 191 126 116 118 184 150 114 187 123 232 134 245 145 246 109 18 133 129 171 211 102 100 220 95 155 276 105 65 185 216 157 159 162 72 67 203 207 89 120 233 239 130 163 227 166 172 227 176 37 118 217 134 138 58 116 138 136 64 98 81 123 100 11 131 183 228 136 171 189 110 17 230 142 145 134 73 141 219 74 192
 362 433 271 203 397 303 290 218 96 176 359 358 67 306 265 193 296 280 353 99 87 360 157 160 31 267 316 239 80 349 269 196 236 267 331 199 162 161 99 152 234 325 247 1 348 412 307 310 442 395 48 143 198 135 281 226 289 219 195 391 320 179 340 213 220 381 186 302 211 345 262 218 230 336 100 112 68 280 382 80 295 86 319 346 357 315 332 267 209 83 378 310 252 386 138 57 157 236 346 330 249 332 235 313 310 248 107 159 273 293 282 81 306 265 111 364 221 128 233 278 110 237 18 290 349 95 110 320 286 259 53 217 88 348 58 232 284 313 361 129 359 328 245 285 295 295 259 345 154 105 124 84 233 27 139 254 286 197 366 130 334 216 322 310 209 35 298 266 356 146 91 330 353 196 226 96 46 207 365 146 297 152 309 189 402 418 309 293 252 317 76 380 259 290 216 266 377 292 153 327 292 164 252 340 427 131 382 213 185 324 256 118 277 387 116 307 252 461 229 117
 77 162 80 335 168 49 232 370 288 264 356 265 372 98 202 157 120 71 18 266 279 100 192 210 323 163 59 300 381 390 131 156 286 124 339 222 331 332 288 197 143 78 159 348 1 134 49 69 190 67 319 211 356 344 330 152 76 355 269 150 298 170 412 342 140 188 203 328 141 94 97 251 127 47 271 371 298 76 93 399 62 288 105 8 119 58 24 383 159 268 283 156 109 60 316 390 244 268 157 250 128 69 126 99 213 357 274 190 371 61 253 364 139 378 281 19 187 224 209 214 242 119 363 388 147 267 278 134 181 112 368 159 263 383 291 162 118 191 279 332 321 35 105 64 336 65 268 47 195 285 227 307 302 336 224 171 65 285 19 253 202 257 114 220 313 381 57 99 315 246 266 294 284 225 225 268 303 143 168 262 159 277 59 228 106 166 380 327 126 41 289 150 98 105 274 292 196 98 231 141 268 245 148 37 154 372 148 162 343 54 167 275 293 198 256 99 107 165 232 247
 64 30 164 327 54 143 188 359 378 275 285 184 416 229 179 247 117 157 116 351 329 54 271 309 384 290 114 277 422 329 145 248 265 146 278 336 340 341 329 270 179 94 169 412 134 1 172 114 58 77 396 271 351 363 290 187 199 342 270 39 238 251 359 330 245 87 311 278 210 69 211 243 188 102 358 399 350 191 43 442 139 335 94 128 57 188 125 353 204 330 194 117 222 80 335 440 348 248 87 183 165 91 181 231 159 333 365 266 337 145 212 403 271 348 318 137 305 286 204 180 322 183 424 350 78 319 371 98 150 231 416 270 338 321 359 183 246 138 197 353 246 119 203 167 290 187 237 179 270 377 292 394 282 408 274 168 179 283 125 348 133 249 246 165 303 442 140 154 240 347 322 228 207 237 219 353 369 218 79 364 290 296 187 340 30 37 333 281 161 127 370 50 209 124 263 257 98 123 266 95 220 267 163 106 22 393 47 272 343 108 165 370 253 94 301 106 218 51 223 336
 110 201 54 316 198 38 232 351 243 242 359 276 336 61 197 115 124 48 62 221 243 129 151 164 284 119 70 287 346 388 125 112 273 115 339 175 307 308 255 158 124 95 147 307 49 172 1 77 226 113 275 175 335 316 323 132 29 337 250 181 299 130 407 324 94 212 155 324 108 118 50 236 100 72 225 340 261 29 130 362 53 253 118 51 145 24 48 370 134 229 296 164 62 105 289 351 196 256 175 257 112 90 102 65 218 343 228 150 359 47 251 330 102 365 249 61 140 186 197 212 199 91 322 378 167 231 232 146 182 65 330 111 220 382 249 145 75 198 289 303 327 54 63 31 330 17 261 44 155 238 188 261 289 293 191 163 22 267 67 206 213 242 82 224 295 340 48 83 321 199 229 297 292 205 212 223 262 107 190 215 120 251 18 180 147 201 373 322 111 49 244 178 51 105 258 285 218 99 202 155 266 219 138 67 193 342 177 114 321 71 159 229 288 222 223 108 60 209 219 202
