NAME : domp300p150v10
COMMENT : (Deleplanque et al.) 
TYPE : DOMP
DIMENSION : 300
DISPLAY_DATA_TYPE: NO_DISPLAY
OPEN_FACILITIES : 150
COST_SECTION
 1 187 81 232 217 70 100 114 110 246 164 179 123 72 214 220 286 170 195 211 87 169 42 250 58 192 203 54 197 26 174 231 196 262 225 230 245 151 125 164 221 24 191 166 53 204 218 125 61 330 166 143 122 142 149 183 191 106 126 288 215 67 153 281 95 250 239 251 212 308 191 214 84 300 69 80 326 81 284 3 107 212 250 154 296 51 283 216 155 83 34 93 108 245 82 196 334 128 183 50 262 193 277 104 280 238 125 152 288 285 105 64 102 127 232 62 51 187 101 121 107 73 141 125 229 202 358 140 119 63 298 49 79 99 82 297 78 128 271 220 132 275 228 254 170 170 39 221 209 180 205 240 71 153 247 257 56 225 187 76 152 155 283 269 132 274 226 232 248 118 181 194 191 187 109 34 93 276 266 133 234 206 28 94 251 126 150 112 219 175 134 220 136 130 95 150 345 222 54 228 231 218 222 50 82 154 170 137 308 309 219 113 180 166 154 228 263 370 116 328 327 292 260 253 179 195 153 323 337 160 144 274 119 259 135 274 134 142 116 131 325 201 33 137 53 204 26 124 82 99 60 232 31 223 76 136 81 251 252 299 162 144 277 321 143 279 255 111 334 257 243 187 152 222 226 151 79 124 324 190 120 76 41 92 166 125 47 126 76 75 102 15 43 146 81 309 234 52 324 287
 187 1 184 198 376 189 262 74 288 371 306 343 180 224 39 107 292 61 299 87 260 233 214 130 213 270 162 234 322 180 343 191 287 227 301 345 350 217 287 297 262 202 284 165 181 121 213 292 208 267 22 88 308 65 63 360 69 103 292 217 221 248 205 338 103 149 246 213 353 428 67 315 147 422 178 108 267 170 300 185 249 71 353 62 343 223 166 348 55 155 211 128 294 211 263 355 310 90 117 196 315 145 318 272 377 197 302 336 307 418 281 184 287 305 187 153 145 39 287 190 276 237 82 126 301 294 280 53 288 229 254 197 261 145 106 426 132 291 260 36 69 196 314 127 88 188 206 373 281 358 33 160 179 338 97 306 191 252 309 212 336 105 374 402 60 231 316 300 139 292 210 43 343 50 279 161 121 263 364 82 386 93 199 229 130 203 307 123 370 21 314 224 123 116 253 322 458 130 211 56 142 41 344 138 236 175 19 276 302 307 306 196 50 347 56 179 210 308 162 414 240 315 373 277 12 41 331 283 294 256 329 364 304 188 55 263 312 53 296 316 325 263 214 62 229 68 198 236 140 242 145 330 168 373 117 53 256 386 269 405 339 238 331 410 282 334 255 94 252 186 373 355 335 311 99 65 111 117 413 363 131 180 218 111 330 311 227 103 257 256 142 200 227 290 250 422 134 237 281 312
 81 184 1 159 193 147 176 124 174 194 124 161 45 152 199 175 206 193 129 172 93 90 65 202 138 117 136 84 144 102 164 159 125 187 151 172 182 71 108 116 141 71 121 95 129 151 141 197 141 257 167 178 159 122 172 185 159 82 113 219 136 94 72 205 83 194 159 178 171 255 214 148 146 247 143 97 252 15 204 80 66 232 186 131 218 69 230 168 135 30 112 57 149 171 106 173 255 163 130 37 184 130 198 98 215 166 132 174 208 239 172 140 154 190 162 39 61 200 141 41 101 66 111 73 154 132 287 132 190 141 223 39 106 44 106 249 55 112 192 219 116 209 157 207 130 93 118 190 133 238 211 179 145 178 267 179 29 145 132 156 203 108 216 223 146 200 156 156 195 186 102 207 159 163 106 61 64 197 201 164 203 165 62 47 203 46 124 67 187 166 147 141 84 178 75 145 289 168 49 208 174 223 168 78 59 80 167 93 229 229 148 33 157 179 174 160 191 296 45 260 259 212 202 173 180 175 160 246 260 89 170 206 165 193 146 196 143 132 131 183 245 123 76 123 128 173 63 58 46 60 117 166 100 190 78 135 91 206 171 238 223 70 200 254 99 202 176 145 265 191 194 174 204 152 184 176 109 172 257 185 66 7 116 75 149 165 120 89 141 99 162 90 111 107 80 252 181 99 248 207
 232 198 159 1 296 286 331 196 332 248 226 278 116 302 182 104 97 246 177 121 244 111 223 106 288 137 39 242 215 247 289 9 158 33 151 219 211 113 240 209 97 228 158 67 269 80 34 354 288 99 197 255 314 151 234 317 132 150 248 63 47 251 100 162 165 81 60 20 254 289 261 185 266 285 278 197 94 155 107 230 197 268 213 146 160 227 109 239 152 150 265 147 305 15 261 281 116 245 83 196 141 56 136 241 226 9 275 321 114 294 330 278 312 348 16 172 189 234 297 123 245 219 135 115 147 163 129 172 348 295 68 198 261 135 206 296 162 246 63 221 157 61 169 115 114 70 270 283 136 396 230 57 280 326 293 131 187 79 203 301 360 105 218 282 209 43 173 142 91 344 73 240 261 150 249 202 152 66 215 241 293 112 219 186 107 127 244 129 279 180 292 46 107 271 219 278 307 78 207 176 70 234 226 203 208 81 189 206 104 110 164 135 149 320 231 23 33 139 118 247 104 124 238 93 203 162 299 95 109 151 319 208 322 47 203 65 286 167 279 340 127 116 234 161 283 138 220 163 154 198 242 191 240 280 180 182 243 270 82 256 381 144 155 245 208 158 61 233 108 46 255 295 361 169 118 238 212 268 248 310 118 162 271 161 270 320 276 129 299 254 275 244 268 218 231 277 83 257 96 121
 217 376 193 296 1 274 243 312 206 86 74 39 210 250 390 355 276 378 124 357 132 187 177 376 245 163 294 166 86 239 51 301 144 310 166 101 124 189 93 89 212 195 142 255 262 327 264 238 253 374 358 356 146 315 356 68 348 274 92 356 252 155 204 209 274 361 256 308 49 128 399 126 300 119 278 280 367 207 263 218 129 419 126 322 229 168 395 69 327 222 220 249 153 301 143 22 335 341 309 186 207 297 228 114 147 304 101 113 262 92 212 271 175 208 307 225 239 389 153 199 111 147 302 261 173 141 409 324 232 232 336 185 146 235 287 107 245 91 288 411 308 356 151 383 317 236 230 21 171 218 402 340 279 120 454 212 188 230 96 266 184 294 159 80 333 322 145 179 366 221 225 396 37 354 110 227 256 292 141 344 26 348 193 148 377 188 71 258 24 359 102 255 269 346 127 73 165 340 172 399 342 414 88 252 144 236 358 103 301 296 150 189 348 93 359 309 326 401 224 191 395 258 113 241 371 366 85 347 357 147 122 157 164 341 334 290 98 324 115 178 304 186 186 315 217 361 195 148 238 135 276 133 247 27 264 326 137 69 249 143 217 158 211 183 98 210 270 322 396 340 75 38 187 147 367 359 286 340 185 50 254 197 217 266 53 151 211 280 201 147 318 211 202 88 137 138 352 176 350 254
 70 189 147 286 274 1 76 122 110 312 229 236 185 39 223 252 350 151 264 238 145 236 108 282 34 261 253 111 264 46 227 283 265 317 294 297 314 217 187 231 287 90 260 221 19 243 277 106 26 382 168 117 152 166 134 229 216 142 186 336 275 121 217 349 127 288 301 305 275 374 168 283 44 366 12 99 378 143 349 71 175 190 318 177 364 115 319 281 176 141 56 140 139 300 133 255 394 106 223 119 330 240 344 164 348 290 176 190 353 349 102 9 122 125 283 118 98 175 134 185 166 138 172 172 298 271 407 154 103 52 353 118 129 153 93 362 125 188 331 216 155 321 297 284 203 229 45 281 278 176 196 283 11 188 221 325 124 289 255 24 162 194 352 333 130 328 295 301 283 109 244 180 252 207 166 89 136 336 335 114 294 237 97 163 283 192 212 159 280 184 180 281 182 93 160 203 412 260 122 240 271 210 289 85 149 213 175 203 370 372 288 179 200 208 140 278 314 424 175 397 373 358 328 318 179 210 200 380 393 229 180 343 141 306 136 335 182 159 164 145 389 269 95 157 62 227 95 193 133 167 49 301 49 284 109 147 139 315 315 367 157 213 345 390 210 347 317 97 382 304 308 241 160 291 254 134 86 88 393 240 169 141 59 129 223 152 66 165 87 128 57 69 74 212 143 376 271 100 380 353
 100 262 176 331 243 76 1 191 44 298 216 206 219 39 295 314 380 226 266 303 129 259 116 345 51 275 302 105 256 90 193 330 273 360 304 290 310 243 169 223 311 106 268 265 82 301 316 32 55 428 240 192 101 231 208 185 282 200 165 387 311 106 247 362 187 347 334 350 256 358 242 284 119 349 86 163 424 178 376 102 176 264 314 243 380 117 379 267 242 182 67 191 91 344 110 226 430 181 280 140 346 291 363 147 345 336 144 140 379 327 35 80 70 54 331 161 147 250 90 216 147 137 233 223 310 278 457 223 29 38 396 138 107 198 160 341 176 168 367 290 220 373 303 347 264 267 64 254 292 102 270 338 86 136 295 343 148 317 250 53 93 251 351 312 202 372 300 314 344 36 276 255 229 274 146 132 189 372 332 188 266 300 115 172 345 219 193 210 254 254 141 316 234 167 154 171 396 318 134 311 328 284 279 140 151 252 247 198 403 402 296 206 267 160 215 327 361 469 214 395 425 382 319 345 252 279 160 421 434 240 129 343 85 358 208 370 146 227 130 81 418 288 103 224 49 294 114 205 180 170 118 302 101 258 168 217 125 296 344 358 83 228 359 387 203 361 351 170 433 356 292 206 91 297 318 208 154 162 390 200 218 172 61 186 195 98 57 222 45 110 131 88 66 202 134 362 330 88 422 377
 114 74 124 196 312 122 191 1 216 317 246 277 135 154 104 136 279 70 249 120 191 193 143 166 142 228 158 162 267 107 275 190 242 227 261 294 302 174 221 239 233 130 238 142 111 134 199 221 137 282 53 63 235 50 50 290 97 54 224 233 202 177 166 307 44 176 229 213 294 377 91 268 84 370 111 35 281 111 283 112 186 109 306 60 316 153 203 291 57 98 138 74 221 210 192 291 310 51 118 128 285 142 292 203 333 197 232 264 289 363 209 115 214 233 188 88 75 78 214 142 207 168 63 90 263 249 303 34 217 158 260 129 189 94 33 372 71 224 252 107 41 215 272 166 91 160 134 311 242 286 93 177 112 265 144 277 125 228 255 144 263 92 332 347 23 235 272 263 169 220 181 86 280 86 210 90 66 256 319 48 324 120 128 167 166 154 242 80 308 64 243 207 94 77 186 253 410 149 143 120 161 106 291 66 170 144 58 215 294 298 263 145 80 276 50 182 217 325 117 375 266 297 324 256 66 89 261 289 302 207 256 322 231 203 23 255 242 39 225 243 316 226 141 40 157 107 127 181 81 179 75 284 95 312 49 27 186 329 250 359 267 188 301 369 221 304 242 39 276 201 318 288 262 267 136 53 39 73 373 294 92 119 145 52 263 238 154 69 184 184 87 127 154 228 181 374 159 164 289 292
 110 288 174 332 206 110 44 216 1 268 188 171 217 73 319 329 371 258 245 319 107 249 110 359 79 259 307 93 229 110 156 332 254 360 286 263 285 234 141 198 300 107 249 267 111 312 313 33 86 430 267 225 61 250 239 146 300 215 136 391 307 88 241 344 203 358 327 351 225 325 276 261 152 316 120 184 425 179 365 112 158 298 289 262 362 108 392 237 262 186 79 200 54 344 86 190 424 213 291 138 330 298 348 122 318 338 111 99 367 293 10 112 33 18 334 168 160 280 56 212 121 122 249 232 292 258 460 245 28 61 395 135 83 204 183 308 186 139 362 319 239 379 282 362 278 265 83 219 276 72 300 346 120 94 330 328 146 309 225 90 52 263 326 279 230 372 279 297 356 17 272 286 196 295 119 143 201 367 307 220 230 315 115 159 359 212 163 220 219 279 105 312 243 203 134 136 364 330 127 334 338 314 251 157 136 252 272 175 395 393 276 201 287 120 245 331 364 468 216 368 431 370 290 334 279 301 122 418 431 224 88 319 44 364 235 365 110 248 97 38 408 275 99 244 60 312 114 191 189 153 145 279 122 223 184 240 104 263 335 328 53 215 342 360 179 343 345 200 437 362 261 169 51 276 334 240 178 197 363 161 226 171 72 200 161 57 64 234 35 89 167 96 68 176 115 331 342 77 420 364
 246 371 194 248 86 312 298 317 268 1 85 104 192 296 377 326 207 386 76 333 172 148 206 342 288 114 256 203 51 270 122 255 93 254 100 30 44 159 131 83 154 224 94 224 297 296 215 300 295 312 356 371 212 307 365 148 329 271 134 303 202 196 173 130 275 322 198 256 45 63 407 65 327 55 313 290 305 207 192 246 140 425 45 312 149 198 354 32 317 220 259 246 215 249 190 88 264 355 282 202 133 264 153 153 62 256 158 187 189 49 273 307 236 274 261 232 251 392 213 182 152 175 291 247 107 87 346 321 294 279 275 202 193 228 298 56 247 131 226 405 303 307 82 350 298 201 270 66 113 294 400 299 314 194 459 140 201 173 63 309 257 275 74 36 339 265 77 112 330 284 184 399 75 339 153 244 254 228 58 357 66 323 219 156 343 169 106 248 63 352 167 203 252 367 153 135 101 306 194 382 305 411 27 267 165 207 354 110 230 223 86 176 334 170 367 265 274 333 210 108 339 184 28 176 368 352 156 280 289 116 194 73 230 294 338 227 161 319 172 246 229 133 218 310 263 341 221 138 237 148 300 61 274 60 271 325 177 25 185 62 289 134 133 99 104 132 209 337 338 293 12 115 260 81 339 369 300 361 101 131 241 200 259 267 110 218 255 269 254 191 345 244 245 101 171 65 317 218 284 180
 164 306 124 226 74 229 216 246 188 85 1 54 137 213 319 281 219 313 68 284 88 116 123 303 204 100 222 119 42 188 68 231 84 242 113 76 98 117 48 18 150 141 81 182 214 253 195 220 211 309 290 295 137 244 292 98 275 204 53 287 183 113 131 167 206 288 192 239 50 146 335 79 246 138 230 215 303 137 208 164 61 354 102 251 187 115 323 54 256 152 175 179 137 232 107 56 278 279 235 123 159 224 180 70 131 234 82 121 208 123 192 224 156 196 236 158 175 322 133 126 69 92 231 188 121 85 344 255 214 195 271 123 110 163 223 134 177 50 226 341 238 286 104 310 244 164 186 67 112 224 334 267 231 128 388 160 124 166 41 225 185 221 139 106 268 255 99 126 293 204 154 329 38 282 71 166 187 229 120 282 81 275 137 80 304 115 28 186 64 288 95 187 196 288 70 67 184 267 113 326 269 345 64 190 83 163 289 32 245 241 99 116 276 110 294 237 257 339 151 181 327 207 104 182 302 294 90 285 296 76 124 132 154 270 268 228 88 254 95 171 251 122 135 245 179 289 139 74 168 69 219 94 193 68 198 258 93 88 188 143 216 85 167 173 26 168 207 261 329 269 81 70 188 98 293 295 224 282 176 87 182 128 175 198 49 143 171 208 171 107 264 161 161 19 87 149 279 134 288 202
 179 343 161 278 39 236 206 277 171 104 54 1 183 212 359 328 271 342 118 329 94 169 140 351 207 152 272 128 83 201 19 282 136 295 162 110 133 168 57 71 202 157 133 231 224 301 248 203 215 362 324 319 112 282 320 48 318 242 54 340 236 116 182 212 240 338 244 292 60 156 363 125 261 147 240 244 356 175 259 180 97 383 137 291 233 130 373 77 295 190 181 216 118 284 105 20 330 304 282 150 207 273 228 77 162 286 63 84 258 123 177 233 139 175 287 191 203 354 117 172 73 110 271 231 170 135 397 290 198 194 324 149 108 204 250 138 211 53 278 378 275 338 150 358 288 214 192 49 163 191 367 318 241 91 418 210 153 219 88 228 154 265 173 109 298 308 145 176 342 187 206 361 31 323 72 191 223 282 154 307 61 321 155 116 352 162 38 227 49 326 67 240 240 309 91 36 195 316 136 368 318 380 95 216 108 212 325 75 296 291 147 161 317 67 324 289 309 392 196 210 380 256 130 234 337 335 53 338 349 129 91 168 131 322 299 280 62 291 78 145 301 175 148 282 179 332 157 121 204 102 238 136 209 53 229 292 99 94 240 165 187 136 213 202 72 213 260 286 382 321 95 18 157 145 339 323 250 302 204 35 224 164 179 232 15 118 172 249 164 109 280 173 164 62 100 164 328 137 340 252
 123 180 45 116 210 185 219 135 217 192 137 183 1 194 186 146 166 202 120 148 131 60 108 170 179 95 96 127 145 142 190 117 109 144 128 166 171 41 135 124 105 114 106 54 167 119 98 240 182 213 167 195 200 116 183 214 140 83 142 177 93 136 34 176 92 159 117 135 179 249 222 137 176 243 179 116 209 43 165 121 90 238 175 120 187 111 194 171 126 46 154 62 190 128 146 191 212 181 100 81 154 93 164 131 200 123 165 210 170 240 215 178 196 233 120 68 90 203 182 12 135 105 100 55 129 116 244 131 234 184 179 83 146 42 126 247 70 140 150 214 113 168 138 176 109 49 160 203 108 281 210 141 181 215 270 147 73 105 132 196 245 86 199 225 155 156 139 130 161 230 60 210 174 148 139 97 70 154 187 180 215 139 105 75 171 24 146 58 199 160 182 99 62 200 108 174 280 134 92 192 139 220 166 107 95 37 163 109 187 188 130 23 143 212 183 118 148 252 19 241 217 175 195 134 178 161 192 203 216 78 207 189 207 152 153 153 177 129 167 225 205 93 120 120 171 153 106 64 59 88 149 152 137 202 96 137 129 209 132 227 265 59 170 236 114 173 134 164 223 150 195 198 246 134 158 187 131 195 240 211 50 49 159 84 172 205 163 78 185 139 190 132 155 123 118 244 147 142 204 170
 72 224 152 302 250 39 39 154 73 296 213 212 194 1 257 279 357 189 256 267 126 239 99 309 15 259 271 95 251 56 202 300 260 332 290 285 303 221 168 217 291 85 255 236 44 267 289 69 18 399 203 155 119 195 171 200 245 166 165 356 286 101 223 348 152 313 310 321 257 358 206 274 82 349 49 127 395 152 355 74 165 228 307 207 364 103 345 265 206 153 42 158 106 315 110 231 405 144 246 118 330 259 346 144 338 307 151 157 358 330 64 42 88 87 301 131 115 212 103 192 146 126 198 191 295 265 427 186 66 19 368 117 106 168 123 343 143 168 342 253 184 341 291 312 229 240 35 259 276 138 233 306 49 155 259 326 125 295 243 19 124 217 343 314 165 344 288 299 309 71 252 218 232 238 146 101 156 347 325 151 272 264 93 157 310 197 193 178 258 217 152 291 202 131 146 178 396 285 116 273 294 247 275 106 139 225 210 191 379 380 283 184 230 177 177 297 332 440 187 387 394 362 315 323 214 242 172 394 407 225 147 334 106 326 171 345 155 190 137 108 396 270 85 187 35 257 91 189 149 158 80 293 66 263 133 179 121 297 322 354 119 211 344 380 196 346 326 133 402 324 291 215 122 285 282 171 117 126 383 212 187 147 40 152 200 118 43 188 54 107 95 63 53 197 127 361 296 80 395 357
 214 39 199 182 390 223 295 104 319 377 319 359 186 257 1 82 277 97 303 63 282 234 237 99 245 271 148 258 330 210 361 174 290 207 300 350 352 220 305 308 256 227 287 160 214 103 201 325 241 240 57 126 334 78 101 380 53 119 310 191 211 272 206 331 124 122 234 193 363 432 100 319 183 426 213 136 241 185 287 212 263 98 355 69 334 246 133 356 65 170 241 144 320 193 287 370 289 127 105 216 308 132 309 291 377 179 323 360 294 425 312 218 315 336 168 173 168 73 313 197 295 256 89 132 299 297 250 76 321 261 231 218 285 157 136 431 151 309 243 42 86 169 314 94 81 185 237 385 280 389 58 137 213 362 115 299 210 244 317 246 365 103 373 410 95 210 317 297 110 323 206 74 356 39 299 185 137 246 364 119 398 71 223 244 99 209 322 134 382 41 336 213 126 153 271 341 459 108 232 19 118 56 351 165 254 174 49 289 284 290 306 205 44 370 94 161 188 280 170 410 210 303 377 267 49 26 352 259 270 262 353 363 332 164 88 246 334 73 318 344 307 261 238 80 260 45 222 246 156 258 178 332 198 385 140 80 277 394 258 406 371 244 324 407 294 327 241 130 222 162 380 372 364 312 71 103 142 154 411 381 139 195 248 130 346 338 256 112 286 279 179 228 255 303 270 425 108 263 258 300
 220 107 175 104 355 252 314 136 329 326 281 328 146 279 82 1 199 164 251 21 266 179 229 31 265 214 75 251 283 225 334 96 235 127 238 297 295 170 279 267 189 226 233 103 238 31 128 342 263 161 114 183 329 88 158 358 42 115 285 111 140 264 155 261 128 44 160 114 320 375 173 264 219 370 242 154 161 163 210 218 234 175 298 77 261 237 68 310 80 151 252 130 317 115 277 336 208 178 47 203 239 64 236 271 316 100 305 348 217 374 324 245 317 346 90 164 170 145 309 157 275 240 82 103 235 241 175 104 337 278 150 205 276 133 160 378 144 284 165 123 98 90 255 35 51 126 252 346 220 399 136 56 244 351 196 229 196 174 270 272 368 68 310 360 140 129 258 233 35 337 145 149 319 59 279 187 129 167 304 172 358 17 219 217 32 168 291 112 342 94 321 141 92 206 248 317 399 27 218 74 38 137 301 175 233 121 104 254 204 211 247 168 63 353 153 82 108 202 134 344 135 227 321 193 115 67 333 179 189 214 343 300 332 83 133 167 317 98 304 347 228 199 235 97 272 40 219 208 143 231 204 274 214 345 148 113 263 345 184 346 381 199 254 341 258 257 164 173 147 82 331 343 368 253 15 162 167 204 345 355 110 174 259 130 317 334 266 95 295 269 222 234 262 268 254 366 28 261 177 224
 286 292 206 97 276 350 380 279 371 207 219 271 166 357 277 199 1 336 154 216 269 123 265 198 343 121 131 279 192 306 286 105 136 77 111 180 164 138 250 202 73 275 139 139 332 175 82 397 346 110 289 340 338 239 322 316 227 228 258 120 78 284 135 87 242 171 51 88 229 229 352 151 338 228 344 272 103 208 17 285 217 361 164 236 76 265 190 210 243 210 317 217 332 86 289 266 60 329 176 241 75 148 58 260 164 100 289 333 23 245 370 342 344 385 111 232 254 327 325 167 262 250 222 191 104 137 143 260 391 346 78 242 291 200 282 242 230 255 36 316 243 134 127 206 206 123 324 259 109 425 324 149 346 340 387 67 233 63 184 360 387 193 153 238 295 81 133 98 183 385 107 332 246 244 266 261 224 35 158 326 265 207 266 213 198 162 244 203 255 273 305 73 186 353 241 283 238 173 247 272 164 329 192 270 236 140 281 211 26 24 127 175 243 326 319 118 100 127 177 169 145 33 188 39 296 256 306 76 84 152 335 146 350 128 290 35 298 256 297 369 40 100 278 249 332 233 268 181 220 220 312 148 302 255 253 270 270 231 36 193 413 157 81 170 210 83 38 315 141 128 217 287 389 131 213 326 288 349 173 304 191 211 321 236 267 344 323 211 341 284 350 295 314 219 258 215 177 296 79 33
 170 61 193 246 378 151 226 70 258 386 313 342 202 189 97 164 336 1 318 144 253 260 205 188 180 296 208 222 336 156 339 239 310 276 328 362 371 241 286 307 297 190 306 201 148 173 255 256 173 322 51 36 288 98 22 351 123 120 289 272 261 236 232 372 112 206 288 262 361 446 23 336 108 439 141 99 322 180 342 168 253 43 374 101 379 215 225 360 95 166 186 142 274 260 251 357 360 46 164 193 349 191 355 267 401 246 293 321 348 431 250 147 263 274 236 156 140 28 268 210 271 232 115 153 329 317 338 77 253 198 306 194 248 162 92 440 140 289 306 73 95 252 339 186 134 222 179 378 309 326 50 215 141 321 78 341 191 289 324 174 308 144 400 415 48 282 340 329 197 258 244 31 347 106 273 152 134 310 387 39 391 149 189 234 189 222 308 146 375 71 303 265 154 64 252 316 479 185 207 114 197 62 360 127 235 207 61 283 349 353 330 213 103 335 20 229 262 364 184 442 298 356 392 316 51 99 322 335 347 276 312 389 281 242 50 309 302 81 284 290 371 292 200 89 202 126 187 249 150 246 116 353 144 379 116 68 247 397 309 427 307 256 365 437 289 368 299 60 309 240 386 352 307 335 157 20 93 67 440 357 156 187 193 121 328 290 202 130 230 244 97 181 204 296 244 442 190 220 334 352
 195 299 129 177 124 264 266 249 245 76 68 118 120 256 303 251 154 318 1 258 140 73 159 268 245 41 182 163 40 219 133 183 21 187 46 48 54 84 108 52 89 175 20 149 247 221 144 276 251 251 285 306 199 234 298 164 254 200 115 235 131 162 99 102 207 249 133 187 79 130 339 20 271 124 262 225 244 141 143 194 92 355 58 239 121 154 281 63 245 153 215 177 197 180 160 113 213 291 207 147 92 189 113 125 87 185 145 187 142 124 247 258 214 255 189 168 189 321 192 110 126 131 218 174 54 18 285 249 269 240 213 147 163 157 234 129 180 112 165 332 231 237 39 276 223 126 225 109 48 288 329 226 264 194 389 94 143 107 31 266 249 201 90 110 271 199 35 60 256 261 110 328 92 265 129 185 185 168 73 292 118 248 168 101 269 97 94 177 105 279 160 134 179 306 113 133 162 232 143 307 231 339 51 206 118 132 282 71 180 175 33 106 260 177 299 192 205 277 137 134 273 140 76 118 297 278 157 223 234 43 190 80 215 223 269 167 153 248 157 233 185 63 172 238 224 267 170 73 170 99 243 39 221 106 205 255 143 96 125 110 279 63 101 127 67 102 147 273 274 222 81 134 251 33 264 302 237 300 131 151 168 135 217 198 115 206 215 197 223 158 288 197 205 73 133 125 243 180 227 135
 211 87 172 121 357 238 303 120 319 333 284 329 148 267 63 21 216 144 258 1 263 186 223 47 253 223 89 245 289 214 334 113 243 145 248 305 304 175 278 271 201 218 240 110 225 43 143 331 251 181 94 164 323 73 140 356 24 106 284 131 153 258 161 275 117 64 175 132 325 384 153 272 204 379 228 141 181 160 226 209 234 155 307 62 276 231 84 315 64 147 242 124 311 132 272 338 227 160 52 198 252 75 251 269 326 118 303 344 233 381 314 231 310 337 107 157 161 125 303 159 273 236 71 100 246 249 195 87 327 267 170 200 271 130 146 386 136 283 182 103 84 110 264 47 44 134 241 349 229 390 116 75 230 347 176 242 191 187 276 259 361 65 321 367 122 148 267 244 54 327 154 129 321 40 277 178 121 185 314 154 362 11 212 216 48 170 292 107 346 74 318 155 90 188 246 316 409 46 214 57 57 117 307 164 231 127 85 256 223 229 257 169 44 350 134 99 127 222 134 356 155 243 330 208 95 47 331 198 209 219 338 311 325 103 115 184 314 82 300 340 246 209 228 82 261 20 212 211 137 230 190 283 203 348 137 96 259 351 199 356 372 203 268 353 261 270 180 156 166 101 337 343 361 262 17 143 153 187 357 355 107 171 249 120 317 328 256 88 285 264 205 225 253 270 250 376 48 254 197 240
 87 260 93 244 132 145 129 191 107 172 88 94 131 126 282 266 269 253 140 263 1 148 49 294 118 154 226 35 128 109 88 246 149 269 180 162 182 137 43 95 197 65 144 184 132 243 220 137 125 339 241 228 71 205 231 100 248 164 42 306 212 26 146 239 159 286 229 261 133 233 274 157 169 224 148 157 333 104 262 88 54 295 186 215 257 39 321 141 218 117 90 141 64 254 22 111 325 213 222 67 224 221 243 20 216 251 43 82 264 206 109 141 77 118 249 110 117 267 57 122 22 28 197 164 187 152 371 209 131 108 303 65 24 134 162 219 132 44 265 295 197 298 177 299 220 175 101 137 171 157 282 270 149 86 330 223 73 208 122 139 119 199 223 190 211 282 173 191 287 122 177 274 108 249 23 102 146 269 204 217 150 256 65 60 295 119 69 156 136 245 56 217 175 216 30 65 271 260 51 293 266 296 151 127 37 166 243 70 294 292 170 110 242 89 235 248 277 375 136 266 346 266 191 232 254 259 72 323 336 120 78 215 82 282 213 268 53 210 39 101 306 172 55 203 92 262 66 89 128 50 145 174 116 140 145 209 7 172 234 230 145 113 236 259 75 238 246 195 351 280 167 101 121 171 275 234 160 210 262 105 158 93 89 152 80 77 84 177 85 20 187 80 74 73 14 236 273 47 325 260
 169 233 90 111 187 236 259 193 249 148 116 169 60 239 234 179 123 260 73 186 148 1 144 196 226 39 111 158 107 191 180 116 57 128 70 119 119 20 135 99 53 155 55 77 218 149 80 276 229 197 222 253 218 170 241 209 184 141 143 172 69 162 29 117 150 178 82 124 146 199 279 86 232 194 232 175 191 96 118 168 97 294 122 172 130 143 211 133 178 103 198 121 211 117 168 171 177 239 135 122 96 117 109 141 145 119 172 218 121 196 249 229 223 263 121 123 146 259 205 54 144 128 152 109 71 64 231 187 269 227 159 123 169 100 185 201 128 140 118 265 168 171 82 204 154 54 206 174 50 305 264 155 234 224 326 90 115 61 95 244 267 132 143 182 213 141 84 71 184 263 39 266 151 196 148 149 129 122 132 239 185 176 147 91 197 45 135 115 170 213 189 73 111 258 120 171 227 160 126 237 160 273 123 163 115 61 218 98 147 146 74 58 191 214 241 123 142 230 77 183 212 124 145 87 232 209 193 177 189 41 218 132 229 156 210 121 183 184 179 248 161 35 158 175 212 196 149 61 118 99 205 99 189 172 154 194 149 168 87 174 292 37 112 179 99 115 99 222 215 154 153 185 269 79 192 245 189 253 182 201 105 96 202 142 161 224 203 132 220 163 247 177 194 109 137 192 171 175 179 119
 42 214 65 223 177 108 116 143 110 206 123 140 108 99 237 229 265 205 159 223 49 144 1 258 87 161 199 23 158 66 136 223 162 251 192 191 208 128 85 124 196 19 157 158 92 209 204 134 93 320 194 181 101 161 183 148 207 121 87 282 198 36 133 250 114 254 220 242 171 268 226 177 124 260 108 109 316 71 261 42 68 247 212 172 266 11 289 176 174 81 58 100 89 235 51 156 316 165 188 29 232 192 249 64 242 229 90 124 264 245 108 102 91 126 225 67 70 220 81 103 68 33 155 128 197 167 351 163 128 85 286 27 49 98 114 257 89 88 254 248 152 272 193 263 181 156 68 181 178 175 235 240 110 126 282 229 37 203 149 108 141 162 247 228 163 263 191 201 253 123 163 226 150 206 70 55 104 258 229 169 194 217 17 59 259 104 110 118 179 199 101 203 140 170 54 112 305 226 19 249 234 248 182 79 42 143 196 97 288 288 185 93 199 134 187 223 255 359 108 291 322 267 221 229 207 215 119 309 323 127 117 237 104 256 165 257 100 165 83 120 303 173 15 158 69 220 18 91 87 61 99 196 71 183 99 162 44 210 229 260 159 114 246 284 103 248 237 147 329 254 203 148 142 187 237 186 112 163 287 153 122 62 60 108 126 106 60 136 78 43 143 40 51 106 41 269 239 35 311 262
 250 130 202 106 376 282 345 166 359 342 303 351 170 309 99 31 198 188 268 47 294 196 258 1 296 230 87 280 302 255 358 98 250 123 250 313 309 189 304 288 199 255 249 122 269 52 135 372 293 143 140 210 358 118 185 383 70 146 310 95 148 292 174 267 159 28 164 111 340 388 196 279 249 384 273 185 144 190 210 248 259 195 311 107 265 265 38 328 110 179 282 160 346 113 305 358 198 206 72 231 246 80 241 297 327 100 332 375 217 389 354 275 346 376 91 193 200 168 338 181 301 267 113 131 247 256 152 133 367 308 139 234 304 161 191 393 173 309 162 139 128 74 268 10 82 143 282 366 233 428 155 51 274 379 212 235 224 182 289 303 397 97 320 376 168 122 271 243 16 367 159 171 340 85 306 217 159 164 316 200 378 47 248 242 2 190 315 141 362 119 347 148 120 234 274 342 410 37 246 87 38 154 318 205 260 141 130 277 199 206 261 192 90 379 179 84 100 182 160 351 112 227 335 198 139 90 359 166 175 233 370 310 361 73 161 164 343 128 331 376 222 212 265 127 302 64 248 231 172 256 234 288 245 365 178 142 291 363 187 358 411 219 260 349 281 263 165 202 124 72 348 367 398 266 32 189 198 233 353 380 138 201 289 160 341 363 296 125 324 297 251 264 292 291 281 378 26 290 164 225
 58 213 138 288 245 34 51 142 79 288 204 207 179 15 245 265 343 180 245 253 118 226 87 296 1 246 257 86 241 42 197 286 248 318 278 275 293 208 160 208 277 72 243 221 33 253 275 80 10 385 192 147 119 182 162 197 232 152 158 341 272 93 210 335 138 299 296 307 249 349 198 263 74 340 42 114 381 137 341 60 154 220 297 193 351 92 331 257 193 139 30 144 106 301 103 226 391 135 232 105 317 245 333 137 328 293 146 157 345 323 71 35 89 95 286 117 101 203 101 178 138 116 184 177 283 253 412 173 77 19 354 104 100 154 111 336 129 160 328 242 171 327 280 298 215 226 21 253 263 147 223 291 43 155 252 313 112 282 233 23 130 203 332 306 154 329 277 286 295 80 238 209 225 225 138 87 142 332 314 142 266 250 80 145 296 183 185 164 252 205 149 277 188 125 136 173 387 270 104 261 280 237 266 92 128 211 198 181 365 366 271 170 218 175 168 282 317 426 172 377 379 349 305 310 203 230 169 379 393 213 147 323 108 312 159 331 151 177 133 113 382 257 73 174 29 244 78 177 135 147 69 282 52 256 119 167 112 289 308 344 128 198 331 369 187 333 312 123 387 310 283 210 129 274 269 162 104 120 373 209 173 133 30 138 194 119 35 174 54 100 90 50 44 188 118 352 282 72 380 344
 192 270 117 137 163 261 275 228 259 114 100 152 95 259 271 214 121 296 41 223 154 39 161 230 246 1 144 171 79 216 166 143 22 148 35 84 82 55 131 82 51 175 22 114 243 185 104 288 251 212 259 288 220 207 277 196 221 177 138 195 91 172 67 90 185 210 94 147 119 162 316 50 261 157 258 208 205 125 112 191 102 331 85 210 106 158 242 103 216 135 218 155 216 140 175 150 180 273 172 143 72 152 90 143 108 145 169 214 113 161 260 254 230 271 149 153 176 296 210 87 145 139 190 146 38 28 247 224 282 245 174 144 177 135 218 165 162 135 127 303 205 197 45 238 191 90 226 148 18 309 302 186 260 220 363 70 137 68 69 266 270 169 106 148 249 160 46 41 217 274 71 303 130 233 148 176 164 131 94 273 158 213 167 104 231 76 124 151 144 251 185 94 149 291 126 162 189 194 144 274 193 311 90 193 125 99 255 91 147 143 36 87 229 206 277 153 165 241 112 147 233 113 108 84 270 247 186 186 198 35 215 95 234 183 247 129 178 221 178 252 155 24 175 212 229 233 169 71 151 107 233 62 215 145 188 230 156 135 89 136 298 49 86 142 90 88 109 256 234 182 120 169 272 41 228 281 222 285 146 186 141 123 220 177 147 227 220 170 233 171 277 197 210 99 145 154 205 188 189 108
 203 162 136 39 294 253 302 158 307 256 222 272 96 271 148 75 131 208 182 89 226 111 199 87 257 144 1 219 217 216 281 33 165 70 165 227 223 106 228 206 115 201 164 44 236 47 55 326 257 130 160 217 294 113 196 307 97 114 236 86 65 230 91 187 129 68 88 56 256 303 223 193 230 299 245 161 127 129 140 201 184 231 226 108 188 204 102 243 114 122 236 114 284 53 241 277 154 208 46 171 165 18 163 226 243 40 260 306 147 304 304 245 289 323 32 142 157 197 276 106 230 200 97 82 162 171 156 134 321 265 104 173 241 105 170 307 129 234 99 186 119 74 182 95 76 59 240 283 147 373 194 47 247 310 257 155 163 100 205 269 339 67 236 291 171 79 186 159 74 318 74 203 258 114 234 171 118 103 231 203 294 79 193 170 88 112 236 95 279 143 277 67 72 234 203 267 325 52 184 144 50 198 232 169 190 62 152 198 142 147 175 118 113 307 193 27 62 172 93 269 125 156 250 120 166 126 286 132 145 149 302 226 301 58 165 102 272 129 262 318 164 127 209 123 255 104 193 152 123 183 208 203 208 281 146 144 224 277 111 273 357 137 180 267 201 183 94 196 132 56 262 288 340 181 89 200 177 230 270 302 85 138 243 126 262 300 248 92 273 234 239 216 241 211 213 293 62 233 132 153
 54 234 84 242 166 111 105 162 93 203 119 128 127 95 258 251 279 222 163 245 35 158 23 280 86 171 219 1 157 75 121 243 169 269 200 191 209 143 76 123 209 33 164 178 98 231 222 119 93 339 214 196 79 183 201 130 228 143 76 302 215 15 149 258 135 275 236 261 165 265 243 181 135 256 114 128 334 92 274 55 72 264 213 193 275 17 310 172 196 102 57 122 67 253 30 145 332 181 209 50 242 212 259 53 244 249 73 103 277 239 92 107 71 108 245 89 91 238 59 121 56 33 177 150 206 173 370 184 113 79 304 48 28 120 132 251 111 77 270 268 173 292 199 284 203 174 68 171 188 155 254 261 115 105 299 239 58 217 149 107 120 184 249 222 182 282 196 210 275 107 180 245 142 227 57 74 126 275 231 185 184 239 36 68 281 121 102 140 170 220 82 220 161 183 52 97 302 248 36 271 255 268 181 98 47 162 217 97 303 302 192 110 220 115 205 243 274 377 128 293 342 279 221 243 227 237 101 327 340 136 96 241 82 276 185 273 81 186 64 99 317 185 23 179 62 242 37 101 109 65 112 199 83 174 119 183 29 205 244 260 140 125 255 286 102 257 253 164 349 274 198 134 121 193 259 203 130 177 289 137 143 82 57 130 114 84 54 158 64 23 153 46 44 103 33 267 260 18 328 274
 197 322 144 215 86 264 256 267 229 51 42 83 145 251 330 283 192 336 40 289 128 107 158 302 241 79 217 157 1 222 100 220 59 226 81 35 56 115 89 35 127 175 58 181 248 254 182 261 248 289 307 320 178 258 315 130 283 221 94 273 169 152 130 130 225 284 172 225 40 113 357 43 277 105 264 239 282 157 179 197 91 375 60 264 151 151 317 27 269 171 212 196 178 218 147 76 251 305 238 152 125 223 146 110 90 223 123 159 178 97 233 259 198 238 226 181 200 342 175 134 110 127 243 199 89 56 324 272 255 234 251 152 150 179 248 106 197 91 203 357 254 275 68 310 252 160 223 70 86 264 351 261 266 167 409 128 151 146 14 263 226 229 98 81 289 238 63 95 290 245 145 349 56 292 112 194 205 207 78 307 80 279 170 106 303 122 69 200 66 303 135 172 205 317 106 105 149 266 145 336 266 362 26 217 116 164 305 62 217 212 66 127 287 147 317 229 243 316 162 140 311 175 65 156 319 305 128 262 272 71 164 91 195 260 288 205 128 270 136 212 220 102 170 261 218 296 172 88 188 99 250 55 225 67 221 276 132 65 164 104 257 87 131 132 56 131 185 287 312 259 52 99 228 63 296 319 250 311 135 116 193 149 212 217 83 184 209 221 212 147 295 196 199 55 125 113 277 172 265 170
 26 180 102 247 239 46 90 107 110 270 188 201 142 56 210 225 306 156 219 214 109 191 66 255 42 216 216 75 222 1 195 245 220 278 248 254 270 173 149 188 243 48 215 181 28 212 236 118 42 344 159 126 134 143 135 201 193 111 149 300 233 87 173 304 98 258 258 266 236 333 176 239 61 324 44 76 340 100 305 26 132 198 274 154 319 74 290 240 154 99 32 103 119 260 101 219 352 112 191 74 285 204 299 126 304 252 145 167 309 309 103 39 109 127 246 77 60 175 113 141 129 97 144 136 253 226 371 136 114 54 314 73 98 113 75 321 88 150 289 211 132 286 252 258 175 187 28 244 232 180 194 250 46 167 231 280 79 245 212 55 157 162 308 293 122 289 250 256 254 115 201 182 214 187 130 47 101 294 291 118 257 210 53 119 256 148 174 123 242 170 152 238 147 110 119 171 370 230 78 225 239 208 247 51 107 171 164 161 328 328 243 135 180 183 141 241 276 385 133 352 338 314 285 274 171 193 172 340 353 184 158 298 127 271 127 293 153 140 134 137 345 224 55 136 50 205 51 148 94 124 41 257 13 247 78 132 103 275 272 324 162 168 300 345 167 302 274 96 346 269 267 208 156 246 229 137 70 104 349 210 132 97 39 97 188 136 48 133 78 95 80 29 50 170 104 333 241 68 340 309
 174 343 164 289 51 227 193 275 156 122 68 19 190 202 361 334 286 339 133 334 88 180 136 358 197 166 281 121 100 195 1 293 151 307 178 128 151 178 58 85 217 152 148 239 216 308 259 188 205 375 324 315 97 284 318 31 322 243 53 351 248 109 191 230 241 346 258 303 78 173 361 142 255 164 232 242 369 178 275 175 101 381 154 293 250 126 381 95 297 192 173 219 104 296 96 36 345 300 288 149 223 281 244 73 180 297 52 66 274 139 163 224 125 159 298 191 202 353 103 179 69 108 274 235 186 150 409 291 183 184 337 147 99 207 248 154 212 53 292 378 277 348 167 365 292 224 183 65 178 173 367 327 233 73 416 226 153 233 104 218 137 270 191 125 296 320 162 192 350 172 217 360 49 326 67 188 225 296 172 304 74 326 151 119 359 170 46 230 65 327 53 252 245 303 91 25 211 323 134 371 326 380 113 213 108 220 325 84 311 307 164 168 319 49 321 299 321 406 201 228 391 273 148 249 338 337 36 351 363 141 74 186 115 332 298 294 48 292 66 129 317 189 142 284 169 336 153 129 206 105 232 154 203 69 229 292 94 111 255 183 170 146 230 220 82 230 273 282 394 331 112 14 140 162 345 320 247 297 222 22 228 167 169 233 20 102 163 252 152 101 273 166 155 72 96 181 335 129 354 268
 231 191 159 9 301 283 330 190 332 255 231 282 117 300 174 96 105 239 183 113 246 116 223 98 286 143 33 243 220 245 293 1 164 38 158 225 218 116 243 214 105 227 164 66 266 72 41 353 286 100 190 249 315 145 228 321 124 146 251 61 54 252 103 170 161 73 68 24 259 296 254 191 262 293 275 192 96 154 116 229 200 261 220 139 168 227 101 245 146 149 264 144 306 21 262 285 122 240 77 195 149 50 144 244 233 8 277 323 123 301 329 276 312 348 8 170 187 227 298 124 247 220 129 112 154 169 129 166 347 293 72 198 262 133 201 303 159 249 71 213 151 56 176 106 107 72 268 288 143 396 222 49 277 328 285 139 187 87 208 299 361 99 226 289 203 47 180 150 83 344 78 232 266 142 252 200 148 74 223 235 299 103 218 188 98 129 248 125 284 173 294 53 103 266 221 281 315 69 207 168 62 226 232 200 210 81 182 210 112 118 171 136 142 323 224 14 33 141 117 255 102 132 245 101 196 154 302 100 113 156 321 216 323 41 197 73 289 161 281 341 135 123 234 155 282 130 219 166 152 200 239 198 237 286 177 176 245 277 91 264 381 147 163 253 212 166 70 228 107 40 262 299 362 176 109 232 208 262 257 314 115 162 270 157 274 321 275 124 299 255 270 243 268 222 233 285 75 257 100 130
 196 287 125 158 144 265 273 242 254 93 84 136 109 260 290 235 136 310 21 243 149 57 162 250 248 22 165 169 59 220 151 164 1 168 33 64 64 71 121 67 69 177 6 133 248 205 125 284 254 231 275 300 212 223 290 181 240 191 128 216 112 169 84 91 199 231 113 168 99 143 330 30 269 138 263 219 224 135 125 195 98 346 67 227 109 158 263 82 233 146 219 168 209 161 170 132 195 285 192 147 77 172 98 135 92 166 159 202 125 140 256 259 225 266 170 163 185 312 203 101 137 137 207 162 39 8 266 239 278 245 193 148 172 149 229 144 173 125 145 320 221 218 33 258 210 110 228 128 28 300 318 207 265 209 379 78 142 87 50 269 261 187 92 127 263 180 32 44 238 270 92 319 111 251 140 183 177 149 79 285 137 233 170 104 251 88 110 167 124 268 174 114 166 302 121 149 172 215 145 293 214 328 69 202 123 117 271 82 161 157 24 98 247 193 291 174 186 258 127 136 253 124 88 99 286 265 173 204 215 38 204 82 226 204 261 147 167 237 169 245 168 44 176 228 229 252 172 73 163 105 241 44 221 125 199 245 152 114 106 119 290 56 89 130 79 90 127 267 254 203 99 152 264 28 248 294 232 296 133 169 157 132 221 190 132 218 220 186 230 167 286 200 210 86 141 136 225 186 207 119
 262 227 187 33 310 317 360 227 360 254 242 295 144 332 207 127 77 276 187 145 269 128 251 123 318 148 70 269 226 278 307 38 168 1 155 225 214 134 261 225 101 256 169 98 300 107 50 383 319 71 227 286 339 182 265 336 159 182 269 50 60 277 123 154 197 96 57 15 265 289 290 192 297 286 310 228 66 184 90 260 220 296 215 176 148 254 115 249 182 180 295 178 330 19 286 295 85 277 113 224 135 87 125 264 224 31 297 343 97 298 358 310 338 376 41 202 220 263 323 150 268 244 166 147 149 172 104 203 377 325 37 226 287 166 237 298 193 266 41 247 188 60 173 131 144 96 300 295 143 422 258 74 312 349 320 125 215 82 215 332 386 136 215 288 240 14 178 144 108 372 94 268 275 177 272 232 183 43 215 272 304 137 248 210 123 151 262 160 291 209 314 56 139 303 242 298 304 101 234 200 91 261 234 234 233 109 219 225 78 85 169 161 178 341 261 49 25 110 147 239 87 107 240 85 232 189 320 64 77 167 342 206 348 52 234 43 308 198 302 366 102 125 262 192 313 164 249 184 185 221 274 195 271 292 212 213 268 277 74 255 408 163 147 239 226 150 49 265 88 53 262 311 387 174 140 269 244 299 242 328 149 191 301 193 288 345 305 161 328 280 307 273 297 236 256 276 103 285 64 106
