NAME : domp240p120v10
COMMENT : (Deleplanque et al.) 
TYPE : DOMP
DIMENSION : 240
DISPLAY_DATA_TYPE: NO_DISPLAY
OPEN_FACILITIES : 120
COST_SECTION
 1 159 66 215 180 201 159 74 281 184 212 318 213 77 246 259 288 141 310 264 187 123 56 237 219 345 157 79 73 255 340 53 69 109 119 194 172 243 112 249 203 128 185 149 223 131 276 42 314 111 272 302 305 216 75 162 311 107 46 67 228 196 279 52 99 268 172 52 171 237 275 203 33 64 76 183 172 240 214 181 230 315 288 231 140 340 180 202 37 127 59 270 92 294 194 344 15 206 296 184 164 239 176 179 70 43 358 257 327 53 270 177 291 185 58 295 210 132 194 142 49 242 122 192 190 92 178 250 141 168 112 286 291 117 98 381 22 244 233 271 101 194 279 270 210 99 285 227 15 97 206 246 189 165 83 277 145 107 249 203 106 31 207 224 104 59 217 180 159 131 253 157 126 174 222 178 265 245 152 279 123 167 47 352 205 139 235 276 131 80 223 41 85 273 147 13 102 185 17 309 82 316 273 173 238 167 108 124 331 184 147 96 327 203 153 177 82 151 319 204 236 195 187 289 303 286 263 106 85 156 117 346 61 257 178 148 225 160 243 174
 159 1 204 372 184 221 311 88 433 341 365 449 370 113 374 336 443 172 338 337 330 275 104 332 284 493 301 86 222 393 475 130 216 251 269 348 250 399 197 408 336 287 310 261 352 283 367 159 440 224 419 453 421 357 207 296 461 54 157 136 361 327 328 114 69 370 163 166 302 354 361 334 162 100 228 340 325 383 343 335 249 454 440 388 293 471 334 306 123 42 160 390 238 333 327 478 149 272 318 334 322 397 185 335 95 192 497 412 453 208 427 327 362 335 145 355 283 272 343 35 182 385 280 349 335 89 307 300 54 309 258 386 323 250 254 524 163 319 343 400 220 177 295 398 286 213 316 261 147 112 322 390 208 136 232 411 290 243 257 198 264 140 363 253 210 103 368 324 303 273 398 315 183 299 381 336 325 334 310 376 45 26 122 497 362 297 391 337 73 171 317 200 174 423 284 151 214 342 146 456 169 462 319 273 386 245 54 81 471 162 297 148 479 348 83 324 211 308 457 355 246 265 236 306 412 425 389 130 144 167 271 489 206 401 329 24 248 234 388 320
 66 204 1 199 158 167 159 128 230 170 163 256 193 140 182 200 242 117 263 206 128 74 111 174 165 291 168 119 25 194 279 118 19 48 128 146 118 227 68 219 221 101 212 86 159 82 213 104 250 51 217 250 240 226 118 99 258 152 48 132 246 132 227 112 136 204 157 40 107 172 214 139 94 122 33 147 124 245 150 172 192 255 238 190 93 278 133 139 93 179 121 205 35 245 213 282 66 153 252 185 137 203 153 136 126 26 298 212 263 32 229 124 233 133 63 239 154 71 140 194 23 183 99 151 133 120 203 200 197 108 128 222 244 148 97 324 48 186 168 208 146 178 238 206 153 146 239 184 69 161 141 251 158 162 103 215 158 136 214 180 93 96 165 183 50 115 165 190 171 71 196 133 94 109 189 140 210 184 119 215 162 217 110 295 166 107 193 220 155 140 161 53 144 221 84 65 44 171 80 254 56 260 222 111 239 114 158 146 271 172 95 160 276 145 171 121 19 114 259 202 202 141 143 247 238 226 199 105 149 137 120 288 12 199 178 187 187 109 186 117
 215 372 199 1 352 354 69 285 150 32 117 255 13 268 224 327 139 313 422 336 162 137 269 287 320 214 93 293 174 197 262 246 180 174 108 113 283 29 259 58 114 98 139 230 210 134 316 217 268 226 170 172 285 90 174 185 181 321 237 247 121 198 377 260 313 293 354 233 194 244 325 200 212 273 166 73 114 85 209 41 374 227 157 88 124 274 111 258 251 336 222 254 171 399 116 264 228 313 418 58 65 73 347 95 278 194 258 112 275 177 107 134 357 129 254 374 306 172 137 350 213 173 100 87 155 304 129 357 343 163 121 308 405 144 119 264 218 323 259 235 177 374 410 237 302 184 402 359 229 281 237 86 347 359 143 221 99 144 396 373 111 233 88 361 235 270 132 85 94 166 173 67 288 207 57 82 354 303 86 307 338 375 251 232 78 96 91 360 343 222 282 176 221 153 177 225 227 31 228 194 254 202 376 253 68 281 319 335 240 370 137 254 183 155 362 142 206 95 238 48 386 302 321 417 299 210 237 302 250 334 103 233 190 178 58 362 367 283 166 147
 180 184 158 352 1 38 316 174 345 326 289 317 345 213 246 166 363 42 156 165 235 218 171 176 114 389 323 145 181 279 345 206 176 181 283 276 101 380 95 363 375 255 361 143 231 223 203 216 301 130 319 358 274 382 254 196 364 160 136 223 400 213 147 184 141 214 22 134 194 217 193 218 209 182 190 292 258 402 222 329 66 335 350 325 235 335 266 163 170 192 230 251 183 150 366 347 168 105 137 342 289 342 7 276 181 172 374 340 314 186 360 248 186 257 123 176 118 190 259 201 150 281 255 290 243 121 353 120 217 219 281 226 140 293 253 406 163 149 199 270 280 26 114 266 123 277 133 79 169 229 189 408 27 50 253 288 312 282 78 24 250 193 302 71 119 175 284 346 326 195 295 287 66 185 333 284 147 171 269 216 148 208 191 385 305 258 327 159 113 251 163 199 256 333 193 169 127 327 182 352 105 356 138 137 395 98 177 107 349 31 227 253 386 254 103 241 147 262 333 359 66 103 66 125 259 309 257 80 242 25 276 375 168 296 335 161 65 89 287 235
 201 221 167 354 38 1 324 205 331 329 280 293 346 243 225 133 350 62 121 130 224 218 200 148 82 370 335 177 189 261 320 233 185 181 295 269 82 381 101 360 387 259 376 132 212 222 171 239 275 130 303 343 245 392 273 185 347 194 155 250 412 197 110 212 175 184 59 151 182 194 160 202 232 211 197 290 253 410 204 334 31 313 336 318 233 309 260 140 196 227 255 226 187 113 380 323 190 75 102 350 290 337 36 272 212 185 351 330 288 198 350 241 150 249 145 139 89 186 249 237 164 265 260 286 232 154 368 84 253 210 294 195 104 310 263 383 182 116 174 247 300 54 82 243 94 298 97 42 191 260 168 415 14 87 268 267 324 299 49 34 258 218 296 34 122 204 273 357 338 192 279 290 77 171 330 281 111 141 269 185 184 245 218 364 301 260 320 123 149 276 136 214 281 318 186 190 130 331 205 334 121 337 100 120 402 81 211 143 326 66 223 281 370 242 140 233 154 261 310 366 36 77 41 92 229 288 234 109 270 56 286 354 179 279 343 198 29 75 272 227
 159 311 159 69 316 324 1 224 198 42 146 288 73 204 241 323 193 275 408 331 171 119 209 286 305 266 31 236 136 224 300 183 141 150 43 134 262 91 225 121 76 74 87 213 222 120 320 153 296 197 210 222 306 70 108 180 231 262 189 182 96 203 365 198 256 301 314 187 191 253 326 207 150 212 128 93 123 87 218 29 347 266 206 133 114 309 125 253 192 273 156 272 140 386 72 303 172 295 400 27 66 127 311 110 217 147 303 162 305 131 164 143 355 143 206 368 292 157 153 286 168 201 69 111 166 250 76 342 278 163 55 317 389 77 65 314 166 315 264 258 109 336 389 259 289 117 385 336 173 216 237 93 315 314 80 249 32 77 370 337 67 172 121 336 203 210 160 39 32 151 205 58 252 203 107 98 344 301 81 314 280 312 190 282 112 81 137 352 289 155 278 124 154 198 167 170 196 42 169 240 212 249 363 240 82 260 258 282 281 329 131 187 238 171 310 150 171 91 276 46 358 283 296 397 316 244 257 255 183 295 43 281 148 210 20 303 341 259 196 153
 74 88 128 285 174 205 224 1 353 254 284 382 283 42 307 296 361 145 324 299 255 194 19 282 248 415 216 31 142 321 405 48 137 175 183 266 205 312 144 322 255 201 230 200 285 202 320 74 375 160 342 374 361 273 123 225 382 39 85 59 280 258 302 27 43 317 159 95 232 293 316 265 75 14 146 256 244 299 275 248 236 382 360 304 212 404 252 251 38 54 79 328 159 313 246 408 66 235 307 248 236 312 173 251 10 111 425 330 388 125 343 248 326 256 80 324 243 197 264 69 106 310 195 265 259 55 226 273 70 235 172 334 306 167 167 450 82 279 285 333 140 180 286 331 244 134 300 240 64 56 261 306 192 141 146 342 205 159 251 195 178 54 280 235 148 16 289 239 218 198 322 229 143 233 295 251 293 287 225 326 59 94 36 421 278 212 308 305 83 95 267 114 99 344 211 68 150 255 60 379 110 386 295 218 300 200 35 81 398 166 218 84 399 271 107 246 139 224 385 269 238 225 206 297 356 353 324 98 75 151 184 414 127 325 243 80 233 191 312 243
 281 433 230 150 345 331 198 353 1 160 70 117 139 353 124 251 24 314 356 260 111 160 335 211 268 69 228 348 212 83 116 328 218 185 221 87 250 155 261 100 262 162 282 203 125 151 224 302 136 225 35 25 163 239 277 151 34 380 278 336 270 135 309 332 366 198 355 269 152 156 237 131 294 344 207 111 110 232 131 176 339 82 9 67 142 131 101 197 315 406 314 145 196 332 262 119 288 266 359 202 139 78 339 106 349 242 109 39 138 229 49 107 272 99 292 293 255 166 92 420 252 68 172 96 104 349 272 299 420 130 234 206 342 265 209 117 272 255 177 118 292 370 360 122 250 298 342 318 290 371 169 232 330 371 241 96 228 260 360 359 192 308 82 324 239 338 66 228 229 163 57 149 289 161 95 111 284 226 138 209 391 444 326 85 89 149 62 285 382 323 214 243 325 14 157 286 232 161 296 45 275 53 312 213 214 251 385 372 92 371 137 354 47 92 395 111 226 135 94 196 353 259 292 363 184 75 127 326 346 334 209 84 228 59 198 417 332 258 61 116
 184 341 170 32 326 329 42 254 160 1 115 257 32 238 217 312 153 286 403 320 150 114 238 273 300 227 70 262 146 194 266 215 152 150 78 105 260 59 232 80 104 72 123 209 201 112 304 186 267 201 175 184 280 87 144 168 193 290 207 216 117 185 358 228 282 282 326 204 178 234 311 188 181 242 138 63 101 91 198 17 350 232 168 95 103 277 100 241 220 305 191 248 144 380 103 269 197 292 397 43 44 86 320 84 247 164 267 123 275 147 123 121 343 119 224 357 286 151 128 319 184 171 72 80 144 274 112 337 312 147 92 298 385 117 88 276 187 306 247 231 149 347 389 232 283 156 382 336 198 251 222 95 322 330 112 220 73 116 373 346 81 202 87 338 209 239 130 69 71 144 173 41 261 191 67 71 336 288 65 296 307 344 220 244 77 71 99 343 313 192 266 146 192 161 158 195 201 2 197 203 226 211 357 233 78 259 288 304 246 342 118 224 198 146 332 129 179 75 242 45 362 280 298 395 293 212 231 272 220 306 73 243 161 178 39 331 343 260 165 134
 212 365 163 117 289 280 146 284 70 115 1 144 105 284 109 222 80 255 324 231 58 91 266 181 227 135 175 280 144 81 155 259 150 119 160 19 200 134 199 90 217 97 232 148 97 83 205 234 154 163 67 92 169 200 211 95 100 312 210 267 231 93 276 263 298 181 296 202 100 132 215 92 226 275 139 54 41 200 98 130 292 122 77 42 73 164 33 158 247 337 246 138 129 300 215 158 219 222 323 156 81 63 283 40 280 174 161 53 161 160 72 42 249 33 225 268 213 102 31 352 184 57 106 36 50 282 221 261 352 71 173 194 308 205 144 178 203 221 150 119 228 313 320 120 208 234 306 273 221 302 132 202 276 310 176 106 173 198 314 305 126 239 31 278 176 269 16 181 177 98 60 91 229 112 66 49 252 197 74 194 323 376 258 146 40 83 42 256 316 257 179 174 258 62 96 217 169 116 227 103 210 110 278 164 184 200 317 306 137 312 69 287 116 44 330 48 160 69 131 157 305 213 241 325 183 99 121 261 279 276 148 142 160 65 151 349 285 205 52 54
 318 449 256 255 317 293 288 382 117 257 144 1 243 394 77 178 138 298 279 185 134 205 365 148 215 101 317 368 247 68 29 370 251 210 298 156 218 266 256 212 360 231 374 191 98 197 141 350 25 227 87 106 61 341 340 158 102 400 298 382 372 125 235 366 382 117 333 288 150 101 155 118 341 376 246 197 171 339 108 272 290 39 114 169 194 23 166 156 347 431 365 68 228 256 358 31 321 219 288 299 223 187 312 180 381 276 60 150 22 268 165 154 188 151 307 211 205 187 140 446 277 89 240 179 134 361 363 235 451 153 310 117 270 341 276 94 303 189 120 50 361 341 296 53 200 365 271 267 323 414 132 340 296 356 307 43 314 333 307 325 258 348 171 275 241 369 129 324 319 188 85 232 277 151 200 191 213 159 212 124 405 466 364 84 181 218 166 210 386 380 158 288 383 108 172 319 236 258 333 81 282 77 241 184 322 222 409 376 42 347 180 407 121 124 393 151 244 205 28 298 304 217 254 295 84 47 62 326 397 315 285 73 259 80 294 430 284 232 93 151
 213 370 193 13 345 346 73 283 139 32 105 243 1 268 212 316 129 306 412 325 150 129 267 276 310 203 99 290 168 185 250 245 174 166 109 101 273 36 251 50 124 92 147 221 198 125 305 216 256 218 159 161 273 101 175 175 171 319 232 247 132 187 366 258 310 282 347 228 184 233 314 188 211 272 160 62 103 97 197 45 365 215 146 76 114 262 100 247 248 335 222 242 164 389 125 253 225 303 408 66 57 62 339 84 277 189 247 101 263 172 98 123 346 118 249 363 296 163 125 349 208 161 95 75 143 301 138 347 342 152 123 296 395 148 117 254 214 312 248 223 180 367 401 225 292 187 392 349 226 282 225 98 339 353 143 209 103 147 387 365 108 231 76 352 227 268 120 93 100 157 161 60 281 197 45 71 343 292 78 295 335 374 250 222 66 88 80 349 339 223 272 173 223 141 167 222 219 32 225 183 248 191 366 244 80 272 318 331 228 363 127 256 173 143 358 131 199 86 226 58 377 292 312 407 287 198 225 296 251 327 103 222 184 166 65 359 358 274 154 136
 77 113 140 268 213 243 204 42 353 238 284 394 268 1 321 324 358 182 360 328 263 196 44 306 279 418 191 71 148 330 416 26 144 185 162 266 234 294 172 310 224 194 197 221 298 205 345 53 389 181 346 375 379 246 98 237 383 75 106 24 248 271 336 33 83 340 199 116 246 311 343 278 60 33 150 249 244 272 289 230 273 390 360 299 212 416 252 273 53 73 49 345 167 348 215 419 75 266 343 226 227 304 212 249 34 119 433 326 402 128 338 251 355 259 107 355 272 208 268 85 121 317 186 261 265 95 194 306 75 243 150 357 342 139 154 456 93 308 306 347 108 220 323 345 273 101 336 276 73 22 280 279 230 181 127 353 181 133 289 235 167 47 276 271 171 40 291 213 193 206 328 218 176 249 286 246 325 313 219 349 96 110 32 426 272 207 303 336 124 59 292 111 62 345 222 77 171 238 61 383 138 390 329 242 275 229 64 122 407 207 221 43 398 278 147 251 155 220 395 246 276 255 240 334 376 361 338 135 35 190 166 420 136 332 221 112 270 220 317 249
 246 374 182 224 246 225 241 307 124 217 109 77 212 321 1 128 147 224 234 137 73 140 291 89 152 148 268 293 176 42 103 298 179 138 242 113 146 242 180 195 316 175 325 115 24 134 102 280 69 151 90 127 66 303 275 85 129 325 223 311 332 51 187 293 306 76 261 214 76 34 114 44 270 303 176 155 119 306 33 231 226 90 125 147 134 98 118 85 273 356 296 32 157 210 312 106 247 153 238 257 177 168 240 135 307 204 129 141 82 197 161 99 150 100 232 171 140 116 90 370 203 60 183 139 76 286 314 179 376 86 253 87 221 283 216 161 230 134 56 27 299 270 241 25 135 302 221 204 250 342 58 308 226 282 244 43 263 274 246 256 199 276 138 211 165 295 94 279 270 118 69 184 202 76 174 147 162 104 161 89 330 391 291 140 147 164 145 163 311 312 95 219 315 111 101 246 161 218 261 113 206 115 190 111 290 149 334 301 104 275 118 337 152 72 318 93 169 152 88 261 241 149 185 243 77 65 18 250 327 242 229 130 186 66 251 354 220 159 68 91
 259 336 200 327 166 133 323 296 251 312 222 178 316 324 128 1 273 165 106 10 168 205 284 42 54 270 344 272 209 170 205 306 208 179 309 219 91 350 153 311 397 250 397 117 129 204 41 300 157 150 217 254 122 391 315 145 256 298 219 323 418 131 59 292 278 62 186 210 135 96 29 131 290 297 214 255 214 401 125 322 120 207 253 263 211 190 218 71 272 333 317 115 195 82 391 206 254 65 112 345 268 284 162 234 299 225 237 264 168 228 284 195 34 201 218 47 55 167 195 345 211 184 256 244 176 255 386 59 357 166 314 66 94 340 277 271 239 19 75 141 343 186 119 137 53 344 95 97 256 344 92 405 141 214 295 165 335 329 134 166 264 286 248 106 156 289 210 361 346 173 195 272 156 122 285 246 36 26 248 57 295 359 294 258 256 244 263 36 265 337 46 251 342 238 157 253 158 313 270 238 187 239 64 90 389 96 312 256 217 196 195 353 279 180 262 186 182 238 201 354 133 72 103 118 102 189 130 209 342 174 297 247 209 193 338 314 115 106 192 181
 288 443 242 139 363 350 193 361 24 153 80 138 129 358 147 273 1 331 378 282 128 169 343 233 289 76 222 358 222 106 135 334 228 197 219 96 269 140 276 85 252 166 275 221 147 161 247 307 158 240 59 37 187 228 278 168 45 390 289 340 258 155 331 339 376 221 372 281 170 178 260 151 300 352 217 112 119 218 153 169 359 103 26 63 151 151 110 219 324 414 318 168 207 354 253 137 297 287 381 193 139 68 357 111 357 252 124 34 160 237 33 120 295 111 303 316 276 180 106 429 263 90 174 99 121 361 264 320 428 146 233 230 365 263 211 126 281 277 199 141 291 387 382 145 271 298 364 339 298 376 190 217 348 387 243 119 224 259 381 378 195 315 84 344 254 346 81 220 224 176 79 148 305 180 87 113 307 249 141 233 402 453 333 95 89 153 59 308 395 326 236 250 327 37 172 294 246 154 304 62 289 69 334 232 200 270 394 385 111 388 148 357 46 110 408 125 239 140 115 186 373 279 311 385 207 98 150 340 350 351 209 97 239 82 191 427 352 277 83 130
 141 172 117 313 42 62 275 145 314 286 255 298 306 182 224 165 331 1 180 166 204 180 139 165 113 362 283 117 141 254 325 172 136 143 242 241 83 341 57 326 334 216 321 114 207 185 198 179 284 93 291 329 260 341 215 164 335 138 96 189 359 185 160 151 118 204 43 94 165 198 190 192 171 151 149 255 222 361 197 288 92 312 320 290 197 317 230 145 135 172 194 234 143 169 326 328 130 101 163 301 250 306 37 239 151 131 352 306 297 145 325 214 191 223 84 185 112 155 226 184 110 253 215 254 211 96 312 131 197 186 240 218 162 253 212 383 123 147 182 249 241 62 143 246 116 239 155 96 131 199 167 367 49 59 212 265 272 242 110 64 210 157 266 90 81 143 251 305 285 159 267 248 27 157 296 246 154 164 230 208 132 195 157 360 269 219 292 167 101 215 151 159 220 302 159 130 89 287 144 325 65 329 152 115 355 79 154 92 327 59 191 219 356 223 99 208 108 223 311 318 97 95 65 153 248 284 237 49 209 22 235 351 128 268 294 150 89 68 258 202
 310 338 263 422 156 121 408 324 356 403 324 279 412 360 234 106 378 180 1 98 268 291 317 146 104 374 424 296 280 275 304 348 277 258 386 319 148 446 200 412 478 336 473 196 233 292 139 350 256 215 323 360 220 477 378 238 361 314 265 365 501 232 48 329 294 164 176 259 229 201 125 233 342 329 287 351 310 490 229 411 91 310 358 365 301 288 315 167 311 347 367 219 271 25 471 306 301 113 23 431 360 386 155 330 330 286 337 367 266 294 388 292 92 299 257 69 118 253 295 356 267 289 340 342 276 274 463 67 372 261 389 163 20 410 353 371 290 103 180 246 406 163 46 242 121 405 26 85 302 378 193 495 134 203 365 269 415 398 84 142 344 331 348 90 215 322 312 444 427 260 300 362 187 216 385 342 73 131 339 156 303 363 334 361 355 333 365 72 268 388 145 314 393 343 246 301 220 404 317 343 230 343 47 170 479 151 330 262 319 178 287 396 384 281 256 284 246 329 303 444 93 126 124 36 198 294 234 228 385 176 376 350 274 298 424 316 93 155 297 278
 264 337 206 336 165 130 331 299 260 320 231 185 325 328 137 10 282 166 98 1 177 213 287 51 54 278 351 275 216 178 212 311 215 186 316 228 95 359 157 320 405 258 404 124 138 212 47 305 164 156 226 263 129 399 322 153 264 300 224 327 426 140 51 296 280 69 185 215 143 105 33 140 295 300 221 264 223 409 134 330 116 215 261 272 219 197 226 80 276 335 322 123 202 74 399 213 258 66 104 353 277 293 161 242 302 230 245 273 174 234 293 204 28 209 222 38 57 175 204 347 217 193 263 253 185 257 394 54 359 174 321 72 86 347 284 278 244 21 84 149 349 184 112 145 56 350 87 94 260 348 101 413 139 213 302 173 343 335 129 163 272 290 257 103 161 292 219 368 354 181 204 281 159 130 294 255 28 35 256 63 296 360 298 266 265 252 272 27 266 343 55 257 347 246 165 258 164 321 275 247 191 247 56 96 397 100 315 257 225 195 203 358 287 189 262 195 188 247 208 363 129 75 103 111 108 197 138 211 347 174 304 255 215 202 346 315 112 109 201 190
 187 330 128 162 235 224 171 255 111 150 58 134 150 263 73 168 128 204 268 177 1 71 237 128 170 165 197 246 116 69 155 239 120 81 171 52 143 183 150 145 246 103 254 93 53 64 156 218 135 115 91 128 138 234 207 41 134 278 174 250 263 38 221 237 262 134 245 165 43 85 164 39 208 248 113 90 50 240 49 163 235 128 117 99 63 157 51 102 219 307 232 103 97 244 242 158 192 165 266 188 108 119 229 68 253 146 172 107 147 136 128 29 197 34 187 214 156 59 28 321 150 56 111 77 9 244 243 205 324 22 181 149 252 212 145 196 174 166 99 93 229 260 263 93 151 233 250 216 194 282 77 243 221 261 174 93 191 203 257 251 128 217 81 221 129 241 50 208 199 58 69 114 178 55 118 81 197 143 91 147 287 344 234 168 89 92 99 202 275 246 124 155 249 100 48 190 122 151 203 128 167 133 221 107 225 144 285 265 145 261 47 273 155 20 286 22 120 81 133 194 249 156 185 268 147 99 89 217 264 224 158 161 129 72 181 312 228 150 59 19
 123 275 74 137 218 218 119 194 160 114 91 205 129 196 140 205 169 180 291 213 71 1 176 169 188 223 140 190 54 139 224 172 60 38 107 74 147 164 124 148 193 46 195 96 118 9 205 149 205 90 150 181 205 188 136 65 189 222 121 182 214 94 248 174 208 188 222 114 76 143 210 99 140 186 49 76 51 200 111 121 237 196 167 116 20 227 60 135 157 247 163 169 40 269 187 228 129 179 285 142 73 130 212 63 191 84 239 139 217 70 155 56 238 63 136 250 174 39 72 262 95 122 51 78 72 193 184 225 262 55 116 205 273 145 78 261 113 197 150 163 159 241 276 162 171 163 269 223 131 215 122 205 211 230 105 163 132 135 260 237 62 151 92 225 100 179 96 156 143 33 133 74 154 86 118 68 226 183 53 201 234 286 169 230 93 44 120 234 228 176 160 87 179 151 50 127 92 115 138 188 126 194 246 122 190 146 226 219 213 237 26 204 206 83 244 56 75 45 202 154 249 168 185 283 210 168 157 177 195 201 95 225 70 137 135 259 230 147 122 55
 56 104 111 269 171 200 209 19 335 238 266 365 267 44 291 284 343 139 317 287 237 176 1 268 237 398 202 33 124 304 388 40 119 158 168 249 193 296 131 304 243 184 220 185 268 185 306 62 358 145 324 356 346 260 111 208 364 53 69 55 268 241 293 16 51 303 157 79 216 277 303 248 61 14 129 238 226 285 258 232 230 364 342 286 194 387 235 236 20 72 69 312 142 305 234 392 48 224 300 233 219 294 169 234 17 94 408 312 372 107 325 230 314 238 66 314 231 180 246 87 89 292 177 247 241 56 215 264 88 217 158 320 299 155 151 433 65 267 270 317 130 178 280 315 232 124 292 233 46 63 245 292 186 141 130 325 191 146 246 192 161 39 262 228 134 6 271 225 204 180 305 212 133 217 278 234 283 274 208 312 72 111 25 404 260 195 290 294 90 88 253 97 93 326 194 50 135 238 42 362 97 368 286 204 286 188 52 86 381 165 200 83 381 254 113 229 122 206 368 254 233 214 197 291 341 335 307 92 73 147 168 397 109 308 228 95 226 179 294 225
 237 332 174 287 176 148 286 282 211 273 181 148 276 306 89 42 233 165 146 51 128 169 268 1 68 234 308 261 180 130 175 287 180 147 274 179 84 310 140 270 361 213 362 89 88 167 40 277 129 127 178 216 99 354 287 107 218 290 201 302 381 91 99 275 270 39 194 192 96 57 42 90 267 281 184 215 174 362 84 284 143 173 213 222 174 163 177 37 255 324 294 82 164 122 355 177 234 73 150 307 230 243 171 193 284 199 207 223 141 200 244 155 71 160 203 88 60 132 154 337 189 144 220 203 135 247 352 91 347 126 281 54 133 308 243 240 217 45 35 106 314 199 153 102 55 316 132 120 236 327 52 366 153 220 264 128 300 297 161 181 230 265 207 128 136 273 169 324 311 138 155 234 150 84 244 206 74 17 210 45 289 353 276 224 215 207 222 77 263 314 16 223 318 198 120 232 136 274 249 201 173 202 102 65 349 88 303 254 184 207 157 332 241 139 264 146 157 200 168 316 157 74 111 154 84 152 93 204 321 179 262 214 183 153 300 311 137 99 152 141
 219 284 165 320 114 82 305 248 268 300 227 215 310 279 152 54 289 113 104 54 170 188 237 68 1 299 322 223 180 191 242 263 177 156 284 220 49 345 109 314 376 233 372 93 144 189 90 260 196 116 237 276 165 374 282 137 279 248 176 280 399 136 63 247 227 104 133 168 130 119 80 139 251 250 186 250 209 387 138 309 76 239 271 268 199 230 215 72 227 282 277 148 169 82 369 244 212 14 99 329 258 288 109 229 252 189 274 274 208 196 295 193 79 200 173 78 15 150 197 294 173 201 237 242 178 205 362 38 307 161 288 114 86 311 252 307 198 36 98 171 310 135 94 167 20 310 83 53 214 299 100 392 89 161 266 193 313 299 95 115 242 244 249 61 118 242 217 341 325 157 213 260 106 117 285 241 47 60 237 104 243 307 250 290 255 230 268 58 213 298 58 217 303 255 144 211 122 302 228 264 142 266 59 68 377 53 263 204 251 144 185 311 302 185 209 184 148 227 234 341 90 25 50 99 148 216 159 158 300 121 274 280 176 212 322 262 70 60 208 178
 345 493 291 214 389 370 266 415 69 227 135 101 203 418 148 270 76 362 374 278 165 223 398 234 299 1 296 409 275 111 84 393 280 244 289 153 290 214 312 159 327 230 349 249 159 215 236 368 125 277 75 46 160 302 345 202 36 441 337 402 333 178 328 396 425 211 402 329 200 180 250 172 360 408 270 180 175 292 168 243 373 65 61 134 207 103 167 231 379 468 381 156 257 351 327 85 351 300 381 268 208 142 383 173 413 305 59 105 120 292 107 169 285 161 350 307 287 223 152 483 313 111 239 164 160 407 338 324 484 185 303 214 363 334 277 52 334 278 202 130 360 414 386 134 281 366 364 351 353 436 203 291 371 420 309 107 296 328 392 401 260 373 150 358 292 401 128 295 297 221 97 218 338 207 161 179 305 248 206 220 450 506 391 24 157 217 130 304 438 391 242 308 392 74 212 349 286 228 360 39 331 35 333 253 274 293 447 428 61 417 199 421 34 147 449 170 284 203 74 260 387 295 330 387 183 84 142 380 413 382 278 32 290 96 265 476 366 301 107 174
 157 301 168 93 323 335 31 216 228 70 175 317 99 191 268 344 222 283 424 351 197 140 202 308 322 296 1 231 147 252 329 172 151 167 41 162 278 112 235 148 55 96 59 231 248 142 343 143 325 211 239 252 333 61 95 203 261 254 192 168 78 228 383 190 251 325 319 192 214 278 349 232 142 203 140 122 150 84 244 55 359 296 236 163 137 338 153 274 187 262 143 298 154 404 48 332 170 312 415 38 95 156 319 138 208 153 333 191 334 138 193 170 376 170 208 388 309 177 181 275 174 229 90 140 193 248 47 359 265 188 46 342 406 56 73 344 167 335 287 285 89 342 403 286 307 97 401 350 171 200 260 91 325 317 75 278 12 59 381 345 81 164 150 350 215 202 189 25 4 171 234 86 261 225 136 127 363 322 108 338 273 300 181 312 142 106 167 371 286 138 299 126 136 227 189 168 208 70 164 270 219 278 380 258 85 275 249 280 311 334 155 169 267 199 308 176 182 117 305 58 369 300 309 411 342 273 284 258 167 301 50 310 157 239 36 295 353 273 225 179
 79 86 119 293 145 177 236 31 348 262 280 368 290 71 293 272 358 117 296 275 246 190 33 261 223 409 231 1 137 310 393 71 131 166 195 263 182 320 122 325 273 204 251 182 271 198 298 93 360 143 335 368 344 290 141 213 376 34 72 86 299 244 275 48 21 297 129 82 219 276 294 252 91 40 143 257 240 315 261 258 207 371 355 303 209 390 249 231 45 65 101 312 153 285 264 396 67 210 278 261 240 313 144 250 38 108 414 328 373 124 343 242 301 250 62 298 218 188 258 79 97 301 198 264 250 25 246 246 87 225 186 314 278 185 176 441 79 255 267 319 161 150 257 317 220 156 271 212 65 86 244 321 163 111 158 329 220 177 222 166 183 69 279 207 130 35 283 254 233 189 314 234 117 218 298 252 267 265 227 305 46 99 56 413 278 214 307 279 58 119 246 118 124 339 200 69 134 263 68 372 90 378 268 198 314 177 43 54 388 137 212 112 394 263 82 239 127 224 374 281 209 201 179 268 338 342 309 69 103 122 194 406 121 317 255 71 204 167 303 235
 73 222 25 174 181 189 136 142 212 146 144 247 168 148 176 209 222 141 280 216 116 54 124 180 180 275 147 137 1 183 269 124 7 39 108 127 133 202 90 195 201 77 194 94 153 62 219 105 244 66 201 233 237 204 108 92 241 169 69 136 225 126 242 123 155 207 181 62 102 170 221 133 95 134 9 124 104 222 144 148 213 243 220 168 73 269 113 145 105 195 121 202 20 260 193 272 77 168 270 162 113 180 176 115 139 31 286 192 256 22 207 107 243 115 85 251 168 61 123 209 43 170 75 130 119 141 184 215 210 96 110 225 261 132 76 310 60 198 170 201 135 202 257 200 166 137 256 203 80 168 142 228 180 186 87 206 137 121 235 203 70 102 144 203 69 128 148 169 150 60 182 109 117 107 166 118 223 191 96 219 181 233 119 281 144 83 172 233 177 138 168 45 142 203 77 75 62 147 88 239 81 245 238 121 215 130 174 168 260 197 77 162 258 131 194 106 36 91 248 179 223 156 163 265 238 214 194 129 152 161 99 274 18 185 155 206 207 127 171 103
 255 393 194 197 279 261 224 321 83 194 81 68 185 330 42 170 106 254 275 178 69 139 304 130 191 111 252 310 183 1 87 306 187 147 231 91 180 211 205 161 296 164 309 141 50 131 142 285 74 172 49 86 90 280 273 99 89 343 239 318 311 70 228 304 326 116 292 230 93 75 155 63 276 315 181 133 104 280 58 209 265 62 84 114 128 90 100 122 286 372 300 64 164 251 294 90 259 191 279 236 158 134 273 115 320 213 105 103 83 204 122 87 190 84 250 212 178 125 73 387 216 25 173 115 68 306 298 220 390 88 243 126 262 275 209 133 241 175 97 40 294 304 282 43 173 299 262 243 261 350 93 281 261 312 240 27 248 267 285 291 192 285 110 249 187 308 66 260 254 125 29 167 230 98 143 126 204 146 146 128 350 409 301 108 120 151 111 204 334 314 135 223 317 70 111 257 181 196 270 74 227 77 231 143 263 183 351 324 78 307 114 341 112 57 343 84 184 138 65 237 279 185 221 283 107 33 46 274 332 273 219 99 196 25 230 375 258 191 32 85
 340 475 279 262 345 320 300 405 116 266 155 29 250 416 103 205 135 325 304 212 155 224 388 175 242 84 329 393 269 87 1 392 273 233 313 170 246 270 282 215 370 247 386 217 123 217 167 371 49 252 93 100 85 349 358 182 94 425 322 403 381 150 261 389 407 144 361 313 175 129 181 142 362 400 267 208 187 345 133 282 318 36 111 175 213 20 181 183 370 456 386 95 250 282 368 4 344 246 314 308 236 191 339 194 404 299 34 152 40 289 164 172 213 167 332 236 233 210 157 470 300 105 256 190 153 387 375 262 475 174 326 142 296 357 293 67 326 216 148 77 378 369 323 80 228 383 298 294 346 436 159 345 323 383 324 65 327 350 335 353 275 370 181 303 266 393 142 334 331 211 97 245 304 177 206 204 239 186 227 150 431 491 387 64 190 234 171 236 413 400 186 309 402 110 195 342 262 267 356 74 307 68 267 212 327 249 434 403 26 375 200 427 109 142 419 169 268 220 25 306 331 244 282 322 108 58 89 352 418 342 301 53 281 92 304 455 311 259 107 171
 53 130 118 246 206 233 183 48 328 215 259 370 245 26 298 306 334 172 348 311 239 172 40 287 263 393 172 71 124 306 392 1 120 161 141 242 217 272 155 287 208 170 184 200 275 180 326 30 366 161 321 350 357 228 78 214 359 86 88 18 233 248 321 25 88 319 193 97 223 289 324 255 36 35 126 225 219 254 266 208 263 366 336 274 188 392 227 253 38 92 32 322 143 335 199 395 54 250 332 205 203 280 204 224 39 95 409 301 379 104 313 227 338 234 92 340 255 184 243 105 99 292 162 236 241 94 180 292 98 219 129 337 330 121 130 431 71 291 284 324 93 216 313 322 256 87 324 264 52 45 258 261 220 179 104 329 161 114 281 228 143 23 251 260 152 37 266 194 174 183 304 194 163 226 262 222 309 294 194 329 106 131 17 401 248 182 278 320 128 49 272 86 54 320 199 55 151 216 39 358 122 365 315 223 256 212 78 124 382 203 197 49 374 253 151 227 133 195 371 226 268 239 226 324 355 337 315 128 38 182 144 395 113 307 200 126 259 204 293 224
 69 216 19 180 176 185 141 137 218 152 150 251 174 144 179 208 228 136 277 215 120 60 119 180 177 280 151 131 7 187 273 120 1 42 112 133 131 208 85 202 205 83 197 93 156 68 219 103 247 63 206 238 240 209 108 95 246 164 63 133 229 129 239 118 150 208 176 56 105 172 220 136 93 129 15 130 110 227 147 154 209 247 225 174 78 273 119 145 100 189 119 204 24 258 197 276 73 166 267 167 119 186 171 121 134 27 291 198 259 21 213 112 242 120 79 249 166 65 128 204 37 175 81 135 123 135 187 213 206 100 113 226 258 134 80 315 55 196 171 204 136 197 253 203 164 137 253 200 75 164 143 233 175 180 90 209 141 123 231 198 75 98 150 199 65 123 153 173 154 63 187 115 112 109 172 124 221 191 102 219 175 228 115 286 150 89 178 231 171 136 168 44 140 209 80 71 58 153 84 244 75 250 235 120 220 127 168 162 264 191 82 159 264 136 188 111 32 97 252 184 219 154 159 262 240 218 196 123 149 156 103 279 12 190 160 201 203 124 176 107
 109 251 48 174 181 181 150 175 185 150 119 210 166 185 138 179 197 143 258 186 81 38 158 147 156 244 167 166 39 147 233 161 42 1 131 103 113 202 87 184 221 80 219 65 115 43 185 143 206 53 169 204 199 220 143 54 211 199 95 174 244 88 217 158 183 171 185 86 64 132 188 95 133 169 40 112 82 234 106 156 201 208 192 149 55 232 90 111 139 227 159 164 20 237 215 236 112 146 251 175 110 165 175 97 173 67 251 169 219 60 187 78 212 87 108 222 143 24 93 241 70 136 83 112 85 166 209 193 244 61 136 189 240 162 99 276 94 169 133 163 170 204 241 162 140 172 236 188 114 205 105 239 174 195 118 169 158 152 224 200 87 139 125 189 63 162 119 186 170 24 149 110 117 70 154 104 196 159 90 183 208 264 155 248 127 80 152 205 199 176 136 83 179 174 39 110 55 151 124 207 93 213 214 92 225 111 205 189 224 201 51 200 230 98 212 75 43 82 212 188 213 134 149 248 200 179 156 144 190 164 119 241 50 152 167 233 194 111 138 70
 119 269 128 108 283 295 43 183 221 78 160 298 109 162 242 309 219 242 386 316 171 107 168 274 284 289 41 195 108 231 313 141 112 131 1 145 239 132 195 155 94 69 89 194 221 111 311 111 303 172 226 244 308 101 67 171 254 220 152 140 118 199 346 157 215 294 279 151 182 249 315 204 108 170 101 110 128 123 216 69 319 281 229 157 109 320 133 239 151 231 115 272 116 366 87 316 132 274 377 67 82 156 278 121 175 112 320 187 313 98 192 146 341 148 168 352 272 143 159 245 134 210 60 127 168 210 79 321 237 159 15 311 367 46 34 335 127 299 256 262 74 302 364 262 270 80 363 310 133 175 228 129 285 278 38 257 30 41 341 305 46 130 140 310 175 168 172 64 44 138 217 73 220 192 136 112 326 288 87 307 238 271 148 303 133 81 162 335 249 115 264 86 115 218 156 130 169 78 128 260 179 268 343 222 121 236 216 242 296 294 126 147 263 176 270 151 143 95 289 87 329 262 269 372 315 256 259 218 143 261 14 300 117 222 61 261 313 234 207 153
 194 348 146 113 276 269 134 266 87 105 19 156 101 266 113 219 96 241 319 228 52 74 249 179 220 153 162 263 127 91 170 242 133 103 145 1 190 133 186 95 207 80 220 137 99 66 205 217 164 149 84 109 176 191 194 85 118 295 193 250 221 89 272 245 281 182 283 186 91 133 215 90 208 258 121 43 24 193 98 120 282 137 95 50 56 177 15 153 229 320 229 144 112 295 204 173 202 214 317 146 68 69 270 25 263 157 177 67 173 142 85 29 248 21 208 265 206 88 26 334 167 68 89 27 45 265 208 255 334 61 157 197 302 189 127 195 186 217 149 127 212 300 313 128 201 217 300 264 204 285 128 196 265 296 159 117 159 182 305 293 109 222 30 269 162 252 29 170 164 83 74 77 215 104 67 37 248 195 58 195 306 359 240 163 37 67 52 253 300 239 175 157 241 80 84 200 154 107 210 120 195 127 273 155 178 190 299 290 153 299 53 269 133 43 314 37 144 52 146 149 296 205 231 318 189 112 127 246 261 262 132 159 143 78 141 332 275 194 64 43
 172 250 118 283 101 82 262 205 250 260 200 218 273 234 146 91 269 83 148 95 143 147 193 84 49 290 278 182 133 180 246 217 131 113 239 190 1 309 63 282 331 192 326 54 132 150 118 213 203 69 222 262 178 331 234 106 266 209 130 234 355 116 110 202 189 122 116 122 101 118 113 121 204 206 140 215 176 346 123 268 94 235 255 239 160 237 182 64 182 243 230 153 124 128 324 248 165 36 139 286 219 258 95 195 209 142 274 250 216 148 270 162 122 170 128 124 39 111 169 256 125 184 195 209 151 166 316 83 267 130 242 137 129 264 206 306 151 75 100 170 262 125 129 167 40 262 125 77 167 254 89 351 82 139 219 189 268 252 116 112 198 197 218 80 70 198 192 297 280 118 198 220 68 90 253 205 94 85 198 127 207 271 204 285 223 190 240 105 180 251 69 170 255 237 109 165 74 262 182 254 97 257 106 38 336 6 223 171 249 130 148 264 289 161 181 154 100 189 233 300 107 24 43 136 166 209 158 121 253 98 229 275 129 198 279 228 87 17 191 148
 243 399 227 29 380 381 91 312 155 59 134 266 36 294 242 350 140 341 446 359 183 164 296 310 345 214 112 320 202 211 270 272 208 202 132 133 309 1 286 57 121 126 150 256 230 161 337 242 281 253 180 175 300 93 198 210 184 348 265 272 122 220 401 286 341 313 382 261 218 264 346 221 238 300 194 96 137 79 229 65 400 235 161 99 150 283 133 282 278 362 246 271 199 423 125 272 255 338 443 75 92 80 375 118 305 222 263 118 286 205 109 156 379 151 282 396 331 198 157 375 241 188 128 107 176 332 142 382 368 186 145 327 429 165 146 265 246 347 280 250 199 402 436 252 327 206 427 385 256 306 259 78 375 387 168 234 119 167 423 400 139 259 105 387 262 297 149 99 112 192 186 94 316 231 70 106 377 325 113 327 365 401 278 234 97 123 102 383 371 245 305 204 244 160 202 253 254 58 255 199 282 207 400 279 61 308 346 362 246 398 162 277 182 174 390 165 234 121 247 58 412 327 348 442 316 221 253 330 274 361 129 236 218 191 77 389 393 310 181 170
 112 197 68 259 95 101 225 144 261 232 199 256 251 172 180 153 276 57 200 157 150 124 131 140 109 312 235 122 90 205 282 155 85 87 195 186 63 286 1 270 288 162 278 66 160 129 177 153 244 37 239 277 225 293 179 111 283 152 68 172 313 136 168 140 132 176 99 60 113 158 173 143 144 145 98 199 166 311 150 236 126 265 267 234 141 276 175 110 120 185 170 195 89 184 280 285 104 96 187 251 195 250 89 183 147 88 307 251 258 99 270 159 184 168 66 185 101 99 171 199 68 202 162 198 157 110 269 140 208 132 195 192 181 213 164 336 91 137 147 206 207 118 172 203 102 206 176 119 106 192 126 316 91 112 169 220 225 201 147 115 159 136 210 117 25 136 197 257 238 103 216 193 31 108 240 190 155 144 175 183 153 216 142 311 213 164 236 166 132 191 124 117 195 249 105 104 33 233 120 274 35 279 162 77 303 58 164 122 280 115 135 203 304 169 139 153 55 168 265 267 135 85 78 181 217 237 195 71 192 78 187 303 79 217 243 176 120 50 206 147
 249 408 219 58 363 360 121 322 100 80 90 212 50 310 195 311 85 326 412 320 145 148 304 270 314 159 148 325 195 161 215 287 202 184 155 95 282 57 270 1 171 122 195 229 186 142 294 258 228 235 126 120 250 145 220 178 128 355 262 290 175 181 365 297 345 269 368 257 185 221 304 181 252 311 188 73 108 134 188 94 375 180 106 50 130 229 101 246 285 374 265 223 186 388 172 217 260 308 411 115 86 29 358 89 316 220 207 63 233 204 53 122 339 114 279 357 299 175 118 388 237 139 128 75 137 333 186 349 384 154 169 282 396 196 157 210 247 310 239 200 227 387 406 203 295 234 394 357 262 325 221 133 354 377 186 183 152 194 397 382 145 271 66 361 246 306 103 142 149 169 134 94 300 198 31 81 341 286 101 282 370 414 290 179 60 114 51 345 371 269 268 209 269 105 175 258 238 80 263 144 273 151 366 249 116 282 356 362 191 384 137 301 128 133 388 130 222 106 192 104 388 298 323 411 267 167 205 323 296 347 148 181 212 139 114 395 368 286 131 136
 203 336 221 114 375 387 76 255 262 104 217 360 124 224 316 397 252 334 478 405 246 193 243 361 376 327 55 273 201 296 370 208 205 221 94 207 331 121 288 171 1 148 34 285 297 195 395 182 369 265 278 284 381 31 133 255 294 293 241 201 27 278 437 229 292 376 370 242 266 328 401 282 183 241 193 165 198 57 293 88 412 335 269 197 189 380 199 327 229 296 178 347 208 457 10 372 216 366 469 62 140 185 370 183 246 204 369 224 378 191 221 218 429 217 257 441 363 231 227 307 225 273 142 182 241 292 32 412 295 239 95 393 459 89 126 377 215 388 339 332 117 392 457 333 361 124 455 403 216 229 312 64 377 366 123 322 65 98 434 397 135 205 190 403 268 242 232 38 52 225 276 133 313 277 168 171 416 375 156 389 313 332 220 345 181 156 201 425 330 167 352 176 164 263 242 215 262 103 208 305 270 313 434 312 70 328 285 324 349 383 206 194 296 246 352 225 236 166 346 68 422 353 362 465 391 315 331 307 195 352 104 345 210 281 67 333 406 326 268 228
 128 287 101 98 255 259 74 201 162 72 97 231 92 194 175 250 166 216 336 258 103 46 184 213 233 230 96 204 77 164 247 170 83 80 69 80 192 126 162 122 148 1 153 141 154 47 248 143 235 130 163 186 240 143 116 108 195 234 142 176 169 133 293 178 224 229 257 137 119 183 254 137 135 191 69 56 61 155 149 77 280 215 170 105 42 253 67 180 165 254 153 205 74 314 143 250 139 224 329 96 37 112 250 58 196 99 256 133 245 83 144 78 282 81 159 295 220 85 92 269 117 143 10 68 100 212 142 270 266 92 80 246 318 112 48 273 126 242 192 194 133 277 320 194 217 138 314 267 140 211 165 160 251 262 80 190 90 104 303 276 31 152 83 268 138 186 107 112 99 78 151 33 191 130 95 53 271 228 26 242 249 294 171 242 79 14 109 279 250 162 205 88 163 157 94 137 130 73 143 198 157 206 291 167 146 190 235 241 231 272 59 192 207 108 268 83 109 29 223 109 291 212 228 327 248 189 191 205 185 236 56 238 93 156 89 274 273 190 141 85
 185 310 212 139 361 376 87 230 282 123 232 374 147 197 325 397 275 321 473 404 254 195 220 362 372 349 59 251 194 309 386 184 197 219 89 220 326 150 278 195 34 153 1 282 305 198 398 159 382 258 296 305 390 64 112 258 315 268 226 175 54 284 434 206 269 381 354 228 269 335 403 289 162 217 187 179 208 90 300 107 403 352 290 217 194 395 210 327 208 269 153 356 204 453 27 389 198 361 462 82 152 207 357 196 222 192 388 245 391 181 244 227 430 228 241 440 359 231 238 279 213 287 145 197 250 271 12 408 266 244 85 398 454 69 121 398 199 387 343 343 91 377 449 344 357 98 449 395 198 201 315 97 366 348 110 335 64 79 424 383 134 183 206 394 260 218 246 55 56 226 291 144 301 280 189 184 414 376 165 394 289 304 196 366 197 163 221 423 308 140 353 163 136 282 244 197 254 122 188 325 257 333 430 310 102 323 259 303 367 367 211 165 319 256 331 233 228 174 362 94 412 349 354 457 399 330 341 290 167 338 101 365 200 296 85 308 397 319 282 236
