NAME : domp220p73v1
COMMENT : (Deleplanque et al.) 
TYPE : DOMP
DIMENSION : 220
DISPLAY_DATA_TYPE: NO_DISPLAY
OPEN_FACILITIES : 73
COST_SECTION
 1 68 189 309 202 270 237 224 269 144 211 134 301 294 146 222 342 22 184 248 163 71 329 321 141 348 35 130 211 109 212 47 53 305 201 370 86 89 181 133 208 157 142 339 227 161 191 284 314 170 179 229 236 151 67 394 182 323 253 70 220 231 188 337 85 211 120 244 218 142 153 85 160 122 355 127 175 145 312 291 217 50 273 64 16 246 294 68 55 182 158 210 132 53 321 265 364 163 320 62 167 166 234 140 191 318 247 165 172 134 195 103 211 167 181 97 120 150 237 68 282 62 185 170 156 260 246 134 187 140 185 229 188 156 173 135 139 177 226 99 378 164 290 293 104 197 358 225 283 26 184 191 230 68 63 243 200 140 121 61 149 287 233 156 305 309 157 213 226 113 111 219 182 247 252 313 336 340 157 39 138 382 242 273 106 309 342 112 338 78 278 371 230 203 199 129 297 103 353 343 215 232 273 309 217 309 230 178 396 203 295 251 213 95 301 75 99 216 93 272
 68 1 155 247 137 203 177 178 208 92 232 69 237 233 81 213 327 48 117 186 145 23 264 290 74 325 85 84 145 42 146 106 62 270 193 303 62 24 122 133 142 206 91 277 182 97 162 256 281 128 169 230 277 175 24 373 115 256 251 29 232 164 153 290 97 259 151 196 151 89 88 63 98 89 314 76 110 81 261 227 256 106 206 126 56 236 271 120 116 126 155 201 70 104 304 264 331 162 273 56 221 217 168 188 169 285 191 98 140 72 128 99 257 117 146 120 80 85 217 119 288 103 170 109 107 262 280 69 239 130 173 263 217 124 116 87 104 125 252 135 346 101 224 277 107 169 326 159 216 44 166 132 258 119 121 279 222 76 139 70 176 222 203 110 275 251 121 211 213 115 161 167 116 215 271 271 312 297 121 79 78 355 190 213 48 255 298 174 311 31 212 336 268 210 172 85 233 151 336 278 241 169 259 270 154 268 166 183 372 183 294 201 245 65 237 8 64 152 157 255
 189 155 1 175 131 220 113 51 139 216 170 125 188 158 125 90 181 173 176 128 48 135 216 136 152 172 222 220 151 142 199 235 214 117 81 276 105 139 89 287 204 219 75 197 50 113 15 102 127 33 66 123 248 146 137 220 169 237 132 131 149 184 5 154 121 254 153 72 163 213 116 217 197 235 166 85 123 116 139 173 230 186 227 250 188 104 118 256 242 232 309 82 184 241 156 144 177 85 139 209 245 234 157 208 36 131 98 167 18 108 165 96 249 237 10 135 76 120 73 256 179 246 55 206 232 149 236 123 253 70 64 221 178 266 80 219 53 241 195 160 192 106 193 131 261 20 172 149 221 174 45 226 204 181 251 239 164 178 292 222 152 174 49 53 120 158 36 103 81 98 197 68 180 61 191 125 159 153 36 162 192 201 81 133 182 140 155 238 157 183 179 183 234 124 27 223 172 188 187 227 187 131 118 121 119 122 225 106 217 48 169 82 203 216 182 155 214 216 235 109
 309 247 175 1 115 124 74 127 42 242 343 180 36 18 169 253 287 289 165 63 222 239 49 201 187 254 332 257 116 209 161 352 305 173 250 113 235 224 130 347 170 388 172 31 130 151 187 201 191 166 240 289 422 319 244 290 161 90 289 240 319 123 173 123 274 427 320 110 118 239 160 287 208 282 171 186 140 167 86 29 405 329 131 371 301 257 222 366 361 228 360 249 219 351 265 298 215 259 111 294 413 403 93 375 208 189 78 176 184 177 144 251 422 247 177 295 201 164 221 365 335 348 228 209 250 308 410 180 423 239 237 395 352 295 139 253 196 245 368 321 230 147 60 254 332 188 214 98 110 286 219 213 377 331 367 413 338 207 369 310 324 38 185 168 198 34 183 271 240 260 358 110 171 176 360 145 241 148 184 299 222 258 97 44 238 72 145 393 228 258 57 208 409 296 195 262 20 348 284 56 360 80 254 153 94 144 174 280 276 215 315 99 377 278 27 242 274 176 383 240
 202 137 131 115 1 91 56 108 79 133 288 69 101 103 57 220 299 181 61 57 163 133 129 231 73 280 221 146 21 97 74 242 192 203 208 173 139 114 44 234 81 306 82 145 115 43 145 211 220 104 189 252 357 248 137 325 55 127 262 135 273 54 127 191 185 353 239 112 33 129 50 173 100 170 230 91 28 58 154 92 338 229 98 262 192 234 231 255 251 128 249 211 107 239 275 274 262 200 174 181 328 320 35 290 165 221 84 65 128 71 42 167 349 143 126 210 111 53 201 254 309 235 181 104 143 279 351 69 342 169 189 334 287 187 55 142 119 143 313 234 279 42 90 254 218 150 259 25 97 178 172 116 321 235 257 352 281 95 255 197 252 87 169 92 220 126 115 231 211 180 269 82 67 170 316 189 265 208 117 198 111 299 97 89 124 143 207 296 257 145 77 261 345 247 157 150 99 259 302 143 303 36 244 192 27 186 99 224 316 178 299 110 316 165 101 131 160 92 283 234
 270 203 220 124 91 1 118 188 115 154 379 142 90 124 132 309 378 250 87 107 254 206 101 301 129 353 281 173 72 162 63 302 245 272 298 109 222 184 134 260 71 391 171 146 194 126 233 287 290 194 279 342 446 337 211 394 88 66 350 210 363 41 216 239 270 440 325 184 61 153 131 217 122 198 285 177 110 137 199 96 427 305 9 323 257 321 309 310 312 126 267 301 146 296 353 362 324 290 224 232 411 405 64 375 254 289 148 106 218 152 76 255 436 149 216 295 199 131 287 309 397 288 270 117 156 368 441 144 427 260 279 424 377 198 145 167 209 143 403 318 341 129 66 335 253 238 322 72 19 245 261 110 412 314 316 442 371 135 289 247 340 88 252 182 292 153 206 321 299 268 352 161 90 251 406 250 338 261 207 275 144 365 167 130 171 186 259 373 328 199 69 320 434 338 245 177 106 341 379 112 393 93 328 256 102 248 60 314 383 267 385 178 405 205 99 196 200 69 358 317
 237 177 113 74 56 118 1 73 33 187 282 112 77 58 102 200 260 217 116 16 156 168 106 185 124 236 261 200 68 141 124 280 237 156 193 164 162 154 57 286 132 317 99 103 78 82 127 170 174 97 178 234 358 251 172 279 110 124 239 168 261 93 110 137 202 359 249 67 77 183 91 222 155 223 177 113 75 98 99 63 339 256 126 300 229 208 192 296 290 182 302 193 159 280 236 251 212 195 119 227 342 332 58 304 148 174 32 120 118 106 96 180 355 198 112 224 128 96 173 295 287 279 167 159 198 258 347 111 353 170 176 332 287 241 66 196 125 197 307 249 229 78 81 219 268 130 209 54 115 214 158 170 316 258 296 350 276 148 305 243 256 63 137 96 176 75 113 215 188 189 286 48 122 135 303 138 222 154 115 226 164 251 50 37 174 89 153 320 212 191 67 210 344 236 137 204 65 276 262 118 298 28 213 142 30 135 145 217 269 158 271 61 314 215 72 172 211 142 310 201
 224 178 51 127 108 188 73 1 93 219 217 129 144 110 124 130 192 205 163 87 98 161 170 126 152 173 253 227 127 154 181 269 239 100 125 232 139 157 75 304 188 268 88 148 7 107 61 103 116 55 114 165 297 196 164 219 157 195 168 158 194 158 49 115 165 304 202 23 139 216 113 235 194 246 139 103 111 116 92 128 280 228 196 286 220 137 124 289 277 227 324 124 188 273 168 179 161 135 98 232 294 283 126 257 82 117 51 160 63 115 148 140 299 237 54 182 105 118 101 288 215 276 102 201 234 186 284 128 303 119 111 269 227 273 72 225 88 239 242 207 178 100 151 148 281 63 157 119 186 205 93 218 251 225 285 287 213 179 315 247 202 130 65 70 114 108 70 146 117 144 245 28 169 64 235 95 159 120 71 201 195 194 31 85 193 92 121 284 152 201 138 164 283 170 69 231 126 235 195 180 234 96 141 95 88 92 206 154 212 90 199 33 252 231 136 175 228 199 279 129
 269 208 139 42 79 115 33 93 1 210 308 141 51 26 131 222 270 249 135 23 184 199 78 189 151 241 292 224 85 171 137 312 267 159 217 139 194 185 89 313 146 348 132 71 98 112 152 180 177 127 204 257 386 280 203 281 130 105 260 200 286 101 136 126 234 389 280 80 90 207 121 250 177 248 170 146 103 128 86 35 368 288 123 331 261 228 202 327 321 200 327 217 185 311 246 270 210 222 110 256 373 363 67 335 173 177 44 143 146 137 114 211 384 218 140 255 160 125 192 326 307 309 193 179 220 278 374 141 384 200 202 359 315 264 98 220 156 217 333 281 226 108 62 232 296 154 208 68 107 246 183 187 342 290 328 377 303 173 333 272 286 39 156 128 182 48 143 238 209 220 318 72 141 150 327 136 227 147 145 258 189 251 65 16 202 73 145 352 216 221 51 206 372 262 161 228 34 308 269 89 325 44 229 142 56 134 155 244 269 182 289 71 341 242 44 203 238 154 342 216
 144 92 216 242 133 154 187 219 210 1 321 93 219 232 96 290 395 130 78 189 221 110 242 343 68 386 142 20 127 77 93 163 103 319 272 262 146 90 147 108 85 294 142 271 225 114 226 315 333 184 247 312 367 265 113 433 82 218 330 116 319 127 213 320 187 348 241 232 126 5 107 69 36 44 354 134 114 104 284 216 347 190 155 183 129 311 333 165 172 40 119 279 33 153 371 344 380 245 302 89 307 305 150 277 239 336 212 68 204 109 99 186 347 26 208 211 150 102 286 163 371 142 246 38 17 344 371 94 327 211 251 353 307 56 149 13 173 35 342 226 396 121 200 346 100 233 376 145 172 124 239 52 348 206 173 370 311 41 136 102 266 208 264 164 330 257 184 292 287 202 249 199 72 272 359 311 372 333 185 166 25 411 220 221 44 274 333 255 367 68 193 382 358 296 239 24 224 240 402 255 331 167 330 312 158 308 101 268 429 254 373 233 335 56 223 86 51 88 235 324
 211 232 170 343 288 379 282 217 308 321 1 251 357 326 258 99 186 210 315 297 127 212 385 221 277 214 241 315 307 250 344 239 260 226 95 445 177 233 246 342 345 103 210 364 215 256 157 187 221 188 105 69 84 60 210 248 310 404 89 206 33 340 173 291 136 105 92 236 319 318 254 285 318 318 278 207 271 250 292 342 71 170 385 242 221 111 180 261 240 351 367 99 294 252 177 93 259 90 282 266 127 114 319 108 136 227 266 299 165 236 312 137 98 346 170 117 185 256 137 263 87 267 116 328 337 81 68 249 122 121 107 54 32 354 234 318 171 354 26 115 266 252 361 155 313 156 253 310 383 216 126 352 35 151 249 71 11 294 329 269 63 343 167 197 208 323 174 78 114 121 123 237 317 181 43 252 210 277 173 173 303 252 248 301 278 298 282 166 221 261 346 272 70 49 150 316 341 124 201 395 18 297 136 244 283 250 369 66 260 130 114 247 40 291 351 237 293 357 181 146
 134 69 125 180 69 142 112 129 141 93 251 1 168 166 13 204 305 114 65 119 137 66 196 252 28 294 153 99 78 30 95 174 126 228 188 237 82 47 60 179 95 251 51 210 135 30 136 223 242 93 164 230 311 202 71 341 60 191 246 70 243 102 121 235 130 301 187 143 86 89 21 112 74 119 266 47 42 15 202 159 291 164 147 194 124 223 241 188 184 108 197 193 61 172 280 259 289 167 217 116 270 264 101 234 151 244 130 49 114 18 68 118 298 113 117 156 68 17 196 186 289 169 160 83 108 261 309 3 286 133 166 292 244 145 59 98 87 117 274 178 305 35 157 255 159 143 285 92 153 110 153 105 282 173 189 309 242 54 195 132 205 154 172 73 238 186 95 209 199 134 210 111 67 180 285 223 280 246 96 134 69 320 134 148 67 195 246 233 276 81 145 292 300 218 149 103 166 200 311 210 264 101 241 223 87 219 119 192 337 166 287 146 273 106 169 63 103 107 218 233
 301 237 188 36 101 90 77 144 51 219 357 168 1 43 157 272 316 281 142 63 232 232 30 232 170 285 321 236 96 196 133 341 291 203 267 89 233 214 127 326 143 393 171 57 148 141 201 228 221 174 254 307 434 327 236 323 139 57 310 233 336 95 185 158 276 436 325 130 95 217 150 270 185 261 205 183 128 157 120 17 415 325 97 362 291 278 250 354 351 201 337 267 200 339 293 320 248 271 145 280 417 408 72 379 223 220 94 156 194 169 122 255 431 222 188 298 201 153 242 353 357 335 242 184 226 328 423 169 429 247 251 408 363 270 138 231 200 218 382 324 264 139 25 280 313 204 247 79 75 277 233 186 391 330 357 426 351 188 350 296 333 16 206 171 227 68 189 288 260 265 360 122 148 199 377 177 271 182 191 295 201 291 115 62 221 105 179 391 259 244 28 242 421 311 211 240 22 350 314 44 374 71 278 184 87 175 143 293 309 232 338 121 390 260 11 231 255 147 380 265
 294 233 158 18 103 124 58 110 26 232 326 166 43 1 155 237 274 274 156 48 204 224 63 190 175 243 317 247 106 195 155 337 291 162 234 127 218 210 114 336 164 371 156 46 113 137 170 187 179 149 223 273 405 301 228 281 152 99 273 225 303 117 155 117 257 410 303 93 110 229 146 275 198 271 164 170 127 153 78 30 387 313 132 356 286 241 209 352 346 220 350 233 208 336 252 283 206 242 103 281 395 386 85 358 191 178 61 165 167 162 135 234 405 239 160 278 184 150 205 351 320 334 211 200 241 292 393 166 406 221 220 378 335 286 123 242 179 237 351 304 222 133 63 240 320 172 206 88 112 271 202 206 360 314 353 396 321 196 357 297 307 38 169 151 186 30 165 255 224 243 341 93 162 161 344 135 230 141 167 283 212 249 80 27 226 64 138 376 217 245 56 201 392 279 178 251 22 331 272 71 343 67 239 142 80 133 170 263 267 198 300 83 360 266 33 228 262 171 367 226
 146 81 125 169 57 132 102 124 131 96 258 13 157 155 1 207 304 126 58 109 141 78 185 248 29 292 165 105 67 41 87 186 137 223 191 226 92 58 53 187 88 261 53 199 130 21 136 221 238 93 168 234 319 210 82 339 53 179 249 81 248 92 121 228 140 310 196 137 75 93 12 122 73 125 260 52 30 10 194 148 299 176 137 206 136 225 239 199 195 108 205 196 65 183 280 262 285 172 210 127 281 274 89 244 153 240 122 44 115 23 58 127 307 114 117 165 74 7 197 198 293 180 163 82 111 264 317 14 296 139 170 299 252 149 53 102 91 118 282 188 301 27 145 255 168 143 281 80 142 122 155 103 289 184 201 317 249 56 204 143 213 143 171 74 235 176 97 213 201 142 221 105 61 178 291 217 278 239 98 146 72 316 127 138 74 186 239 244 273 91 133 287 308 223 149 108 154 210 310 199 271 90 241 217 76 213 112 197 334 167 289 139 281 115 157 75 111 100 230 233
 222 213 90 253 220 309 200 130 222 290 99 204 272 237 207 1 122 212 261 214 70 191 298 127 232 134 256 290 240 214 286 262 261 128 22 360 153 204 178 341 290 182 155 271 125 198 77 91 126 118 45 37 183 108 191 177 255 323 43 185 70 273 94 193 138 200 133 145 253 287 199 274 277 300 181 159 210 198 195 256 169 198 316 272 226 25 88 285 266 311 365 13 259 272 103 56 168 60 184 261 209 196 246 178 56 131 179 250 94 187 252 120 194 313 95 134 141 202 39 286 89 282 45 286 306 60 164 202 210 85 41 152 120 334 168 291 118 319 122 151 178 192 279 75 313 72 162 238 310 215 52 308 131 185 276 168 98 255 339 270 115 259 71 135 112 230 111 22 16 109 180 153 265 83 108 154 126 179 110 185 268 172 159 213 251 202 183 226 133 243 266 180 168 52 65 292 254 174 134 307 117 220 53 146 208 152 312 55 183 43 84 155 138 276 264 215 276 302 232 57
 342 327 181 287 299 378 260 192 270 395 186 305 316 274 304 122 1 331 352 272 184 305 335 88 331 43 376 398 318 321 372 383 379 115 142 399 269 315 262 458 378 286 255 292 186 290 170 91 98 212 164 126 258 220 306 63 345 372 101 300 156 349 184 180 258 288 249 194 330 392 294 389 376 412 141 263 299 295 205 301 252 318 386 393 346 98 69 406 387 411 481 133 363 393 26 95 101 181 183 378 312 298 316 287 160 101 231 345 193 287 338 240 281 416 189 255 250 299 111 407 110 403 160 385 411 107 232 303 307 204 159 228 216 444 256 398 226 421 199 269 98 283 331 51 431 163 96 310 373 334 163 404 205 304 397 238 191 357 458 388 227 306 134 232 90 255 213 134 117 230 294 219 357 130 165 145 51 155 212 306 372 74 211 256 360 218 160 341 66 357 319 115 245 156 158 401 295 290 16 340 200 286 70 137 279 146 397 172 76 145 77 201 221 390 306 329 389 389 349 73
 22 48 173 289 181 250 217 205 249 130 210 114 281 274 126 212 331 1 165 227 150 50 309 306 122 335 49 117 191 89 193 65 52 289 191 349 69 69 161 134 189 167 122 318 209 140 176 270 299 152 168 222 243 151 46 382 163 303 245 50 217 212 171 319 78 221 121 226 198 128 132 77 143 113 338 107 154 125 293 271 223 61 254 84 16 236 281 85 74 167 159 200 115 69 310 258 349 155 302 57 179 177 214 149 177 303 227 145 156 113 175 92 220 154 164 95 102 129 224 84 277 74 173 153 143 254 250 113 198 128 174 233 190 148 153 122 122 163 227 102 363 143 270 282 105 182 343 205 263 7 171 175 232 77 82 248 200 122 128 61 150 266 218 137 290 289 140 205 215 104 121 199 163 232 251 296 323 323 140 40 121 368 223 252 89 290 324 128 324 63 257 355 236 198 184 117 276 112 342 323 216 212 262 293 197 292 212 172 383 190 288 232 216 86 280 55 88 198 110 261
 184 117 176 165 61 87 116 163 135 78 315 65 142 156 58 261 352 165 1 115 197 123 165 288 45 335 194 95 51 78 31 216 159 261 246 192 146 100 90 185 31 313 108 194 170 64 188 265 277 145 224 290 375 266 128 381 7 146 303 128 305 53 172 251 194 364 250 170 49 76 63 133 44 120 290 109 54 66 213 139 355 221 90 237 171 278 285 225 226 67 196 251 61 210 327 316 321 229 234 146 331 326 73 296 206 279 144 20 168 80 22 182 361 84 169 219 131 61 248 223 348 203 218 45 86 319 373 67 348 196 225 356 308 131 97 89 147 83 338 240 338 70 123 304 173 194 317 69 102 159 210 56 346 232 230 373 306 49 210 162 269 131 219 127 276 182 151 268 255 198 271 139 7 223 348 249 321 268 152 192 61 356 156 147 86 203 267 290 314 113 116 321 364 280 201 99 147 261 356 179 328 93 292 251 87 245 55 254 374 220 343 169 337 122 146 110 117 43 273 283
 248 186 128 63 57 107 16 87 23 189 297 119 63 48 109 214 272 227 115 1 171 178 91 195 129 247 270 203 66 148 120 290 244 166 208 149 174 163 69 291 128 332 112 92 92 90 141 182 183 112 193 249 372 266 182 288 110 110 254 179 276 86 125 140 215 374 263 79 73 186 99 228 156 226 183 125 80 106 101 48 354 268 115 310 239 223 204 305 299 181 306 208 163 289 248 265 219 209 123 234 356 347 51 318 163 183 42 122 133 115 94 194 369 198 127 238 141 103 187 304 301 287 182 159 199 272 362 119 368 185 191 347 302 243 78 198 139 197 322 263 236 86 66 231 274 145 217 49 102 225 173 168 331 271 306 364 291 151 311 250 271 48 151 110 186 69 128 230 203 203 300 62 121 148 318 146 232 160 129 238 167 260 62 33 180 89 158 333 222 198 52 217 359 251 152 207 51 290 273 104 313 23 226 150 33 143 139 232 278 173 285 72 328 220 58 181 216 137 322 214
 163 145 48 222 163 254 156 98 184 221 127 137 232 204 141 70 184 150 197 171 1 123 261 161 164 186 196 221 183 146 224 206 196 149 52 319 86 135 120 275 227 172 89 245 97 135 40 124 155 62 28 94 203 99 124 233 191 278 110 118 111 215 50 197 84 207 107 120 195 218 135 207 209 232 202 91 149 132 185 217 184 150 261 219 165 91 133 229 212 244 299 58 190 214 162 123 204 39 183 195 198 187 193 161 30 160 144 184 39 120 191 61 202 245 46 92 73 137 75 229 153 223 26 219 238 124 192 135 206 26 30 176 132 265 109 222 51 250 152 116 218 130 235 134 248 43 199 184 257 152 22 241 161 141 222 194 121 187 275 206 105 218 75 73 145 205 49 73 69 56 152 113 200 90 154 164 175 192 47 130 199 220 128 179 182 187 195 195 177 175 220 213 189 85 41 223 217 143 194 272 143 171 115 159 157 161 250 62 235 41 152 130 158 209 227 147 208 239 194 112
 71 23 135 239 133 206 168 161 199 110 212 66 232 224 78 191 305 50 123 178 123 1 260 270 80 304 96 105 144 47 154 114 80 250 171 303 39 25 111 154 151 192 75 269 165 91 140 235 261 109 146 208 260 156 5 351 121 256 228 7 211 167 133 274 78 245 134 180 151 107 83 85 112 111 296 60 106 76 246 221 240 99 211 133 63 213 249 131 123 142 177 179 85 115 282 242 311 140 257 76 209 205 166 175 147 265 179 105 119 64 131 78 243 135 126 103 60 81 195 130 266 117 148 122 126 240 262 65 227 107 151 245 198 146 104 107 83 143 233 120 326 94 221 255 128 147 306 156 218 48 144 146 239 109 130 262 202 88 158 88 157 217 182 92 254 240 100 189 191 94 149 152 123 195 250 253 291 280 100 70 94 335 176 203 67 242 281 168 290 53 209 316 251 189 151 106 227 139 314 274 222 163 237 251 147 250 175 161 350 161 271 186 227 87 231 26 87 161 153 233
 329 264 216 49 129 101 106 170 78 242 385 196 30 63 185 298 335 309 165 91 261 260 1 249 196 302 348 259 122 224 152 369 318 221 293 65 262 242 156 349 162 422 200 54 174 170 228 248 239 202 281 333 462 356 264 337 163 48 334 262 362 115 213 169 305 464 354 155 119 239 178 295 207 284 217 213 156 185 133 44 444 354 106 389 319 303 270 381 379 220 359 293 224 366 313 344 261 299 158 306 446 437 98 408 250 237 120 180 222 197 146 284 460 242 216 327 230 181 267 380 381 361 269 206 247 353 451 197 458 275 279 436 391 291 167 253 229 238 410 353 276 168 43 301 337 231 261 106 83 305 260 205 419 359 384 453 379 212 374 322 361 45 230 200 246 81 218 315 285 294 390 149 171 223 404 193 289 194 220 324 225 305 140 86 246 119 190 420 276 270 53 254 449 338 237 263 45 379 332 15 401 100 301 201 116 191 158 320 322 258 362 145 418 285 35 258 280 164 409 287
 321 290 136 201 231 301 185 126 189 343 221 252 232 190 248 127 88 306 288 195 161 270 249 1 276 54 354 350 248 274 304 365 348 30 141 313 238 273 200 421 311 308 205 205 120 231 131 39 12 164 154 152 302 233 272 95 282 288 136 266 189 277 138 93 244 325 255 120 259 340 237 351 319 367 61 217 236 240 118 218 291 309 309 379 321 111 42 388 372 352 442 133 311 373 70 138 44 177 96 344 335 322 242 303 132 13 154 285 152 236 272 221 318 361 145 249 211 242 94 388 170 379 143 326 358 151 280 250 336 186 148 271 245 395 196 348 188 364 240 270 58 224 249 73 396 125 39 237 294 308 141 343 249 300 381 285 222 303 427 357 240 224 89 183 17 169 170 147 114 216 302 150 294 76 215 58 40 69 170 290 319 69 136 174 314 132 74 348 28 317 239 54 288 177 123 353 211 295 84 254 237 211 88 50 208 59 327 180 87 123 139 124 259 349 222 289 347 322 351 76
 141 74 152 187 73 129 124 152 151 68 277 28 170 175 29 232 331 122 45 129 164 80 196 276 1 320 155 78 75 34 75 176 122 251 215 231 104 56 80 163 73 270 79 217 158 47 163 249 266 120 191 257 333 226 84 367 42 184 273 84 269 91 148 254 151 321 208 164 80 65 40 101 46 100 287 74 50 38 219 163 313 177 133 197 129 250 267 187 186 81 179 221 37 172 307 286 313 193 236 111 288 283 99 253 178 268 147 26 141 46 55 142 319 86 144 177 94 35 224 185 317 166 187 56 83 288 333 30 305 160 194 315 268 122 81 75 114 90 299 197 329 54 155 282 146 170 309 92 143 117 180 78 307 188 190 333 267 28 183 126 228 157 199 100 263 197 122 236 227 158 228 132 45 206 311 244 306 266 123 148 44 344 153 159 52 210 266 246 301 75 145 314 323 244 176 82 171 217 337 210 289 108 268 245 97 241 97 218 362 193 314 166 297 93 172 67 88 84 230 260
 348 325 172 254 280 353 236 173 241 386 214 294 285 243 292 134 43 335 335 247 186 304 302 54 320 1 382 391 298 313 353 391 380 83 153 365 269 310 246 457 360 310 246 257 167 276 165 72 65 203 172 149 290 240 305 49 329 341 126 299 182 327 175 142 266 318 266 171 309 382 282 387 364 406 100 256 283 283 171 271 282 329 361 402 350 112 55 413 396 397 479 144 354 399 38 123 59 192 147 378 337 323 293 309 159 66 206 331 187 278 320 245 311 405 181 267 246 286 112 414 146 408 164 371 401 136 266 292 334 209 166 260 242 437 241 390 222 409 229 284 57 269 302 62 430 158 55 288 347 337 165 389 237 317 406 271 218 347 460 389 246 277 124 223 61 222 206 151 125 237 312 199 341 115 198 110 16 116 206 314 362 39 187 227 354 184 121 359 28 353 291 73 277 177 154 394 264 307 33 306 229 262 83 103 258 112 377 188 50 146 113 176 251 386 275 325 385 371 365 78
 35 85 222 332 221 281 261 253 292 142 241 153 321 317 165 256 376 49 194 270 196 96 348 354 155 382 1 125 228 126 221 23 40 338 235 384 118 108 205 106 215 178 169 362 257 182 224 318 347 200 213 262 259 182 92 428 194 338 286 97 252 244 220 367 119 231 150 274 233 141 173 75 164 111 386 154 194 166 341 312 241 74 283 43 35 280 328 37 33 181 131 244 137 20 355 298 397 197 350 53 183 185 252 161 224 351 273 176 205 156 209 137 232 163 213 129 150 169 271 36 314 28 219 173 151 293 271 153 204 174 218 255 217 142 198 131 170 172 255 128 411 185 308 327 79 230 391 243 295 50 218 192 258 93 37 268 231 147 89 44 179 307 266 185 338 334 189 247 260 147 133 246 192 280 283 344 370 371 188 72 141 415 270 297 111 336 373 122 372 83 296 403 255 236 232 123 318 127 387 362 244 253 307 341 239 341 236 212 430 236 328 280 240 88 321 91 92 222 100 306
 130 84 220 257 146 173 200 227 224 20 315 99 236 247 105 290 398 117 95 203 221 105 259 350 78 391 125 1 143 79 112 146 86 326 271 281 142 87 156 91 103 283 146 287 233 124 229 320 340 189 246 310 357 258 106 438 98 237 329 111 315 145 217 331 180 337 233 241 142 21 116 51 53 26 363 136 126 112 295 232 337 177 174 165 115 311 337 147 155 57 104 278 41 136 374 343 387 242 313 73 295 293 166 265 241 342 223 83 207 115 115 181 336 39 211 203 150 111 289 145 369 124 246 57 28 342 362 101 314 209 250 345 300 47 157 8 174 48 335 216 404 130 217 348 81 236 383 161 190 111 240 70 341 194 156 361 305 52 117 84 258 225 268 169 336 271 187 290 288 197 237 208 89 277 354 320 377 343 187 155 36 417 230 234 40 287 343 241 373 57 209 390 349 292 241 5 240 228 406 273 324 181 332 321 171 317 120 265 434 256 372 242 327 38 240 79 34 107 220 326
 211 145 151 116 21 72 68 127 85 127 307 78 96 106 67 240 318 191 51 66 183 144 122 248 75 298 228 143 1 104 57 249 197 220 229 160 154 123 64 232 65 322 100 145 133 57 165 229 237 124 209 272 375 266 148 343 47 113 282 147 293 34 147 204 201 370 256 129 13 124 63 175 93 167 244 107 41 70 165 90 356 241 79 270 200 254 250 261 259 117 245 232 105 246 294 294 278 219 186 185 343 336 25 306 185 238 98 61 148 84 30 185 366 134 147 226 129 65 221 259 329 241 201 95 136 299 370 79 358 188 209 353 306 181 75 138 138 133 332 250 295 59 81 273 218 170 275 19 79 187 192 104 340 249 264 371 300 93 255 201 270 83 188 111 238 132 135 251 232 198 284 100 57 190 336 205 284 222 136 211 108 316 113 97 126 154 220 309 275 149 70 277 363 267 177 147 99 274 321 136 322 43 264 208 42 202 80 244 334 198 319 126 334 165 99 139 160 75 295 253
 109 42 142 209 97 162 141 154 171 77 250 30 196 195 41 214 321 89 78 148 146 47 224 274 34 313 126 79 104 1 108 147 97 251 196 262 75 23 88 152 105 238 69 239 159 60 151 243 264 112 172 237 303 197 51 361 75 215 254 51 245 123 139 262 121 290 177 169 110 74 50 84 69 94 291 59 70 44 230 188 283 144 166 167 98 235 259 159 156 102 171 203 46 144 297 268 312 170 244 87 255 250 127 220 164 267 159 59 129 40 87 114 287 100 134 146 74 46 211 158 296 140 170 80 93 268 304 31 272 136 175 286 239 124 86 78 97 107 272 165 328 65 183 271 130 159 308 119 175 85 164 103 279 155 161 303 240 46 166 103 199 182 191 91 259 215 109 216 211 130 195 138 78 200 286 248 300 272 110 115 55 341 161 177 41 223 272 213 297 51 172 316 293 221 164 81 194 185 328 238 261 130 255 247 116 244 130 194 358 179 297 173 268 79 197 36 76 116 197 249
 212 146 199 161 74 63 124 181 137 93 344 95 133 155 87 286 372 193 31 120 224 154 152 304 75 353 221 112 57 108 1 243 184 276 272 170 176 130 112 200 11 343 136 188 187 90 212 283 293 169 251 316 405 296 158 398 35 126 328 158 332 39 195 259 224 394 280 185 48 92 91 155 60 137 300 138 77 95 220 133 385 251 64 263 199 302 304 250 252 69 208 277 85 236 347 341 334 257 242 171 362 356 71 326 231 294 154 50 193 109 35 212 392 91 193 249 159 89 271 248 374 227 244 56 96 345 402 97 378 224 252 385 338 140 120 105 175 87 367 271 351 95 111 325 192 218 331 71 80 188 236 54 375 262 255 403 335 74 228 186 299 124 240 153 293 182 177 295 279 227 302 155 31 243 376 261 338 277 178 222 82 371 169 150 111 208 276 319 330 139 107 333 394 307 225 116 142 291 375 165 357 98 315 264 98 258 27 282 389 245 367 182 366 143 139 139 138 19 302 305
 47 106 235 352 242 302 280 269 312 163 239 174 341 337 186 262 383 65 216 290 206 114 369 365 176 391 23 146 249 147 243 1 61 351 242 406 132 129 224 118 237 168 187 381 272 202 236 329 359 215 220 266 250 181 110 436 216 359 290 114 253 266 233 383 126 220 148 290 255 163 193 96 186 130 400 172 215 186 358 332 233 70 305 22 52 286 338 24 11 202 141 251 159 16 363 302 408 203 366 75 170 173 273 152 235 363 291 198 218 176 230 146 221 184 226 131 166 190 280 25 316 33 227 194 172 296 264 174 191 182 226 249 213 160 217 152 184 193 251 126 422 205 329 335 93 242 403 264 317 67 227 213 254 89 17 261 229 169 95 63 177 327 277 201 349 353 203 252 268 155 125 264 213 292 281 358 380 386 202 78 163 425 287 316 133 354 387 107 382 105 317 416 247 238 243 144 338 120 394 383 241 274 314 355 259 355 258 215 440 246 331 297 235 108 342 112 113 244 84 314
 53 62 214 305 192 245 237 239 267 103 260 126 291 291 137 261 379 52 159 244 196 80 318 348 122 380 40 86 197 97 184 61 1 329 240 350 112 84 182 83 178 209 152 335 243 155 218 313 340 188 216 272 288 201 78 427 160 304 295 83 267 210 211 351 129 263 170 257 201 102 146 36 127 73 375 137 166 140 322 283 269 101 247 81 40 284 326 66 71 142 108 249 101 52 357 308 390 204 334 15 217 217 221 191 222 344 252 142 197 132 175 141 263 124 204 145 139 142 270 65 328 45 220 135 112 304 297 126 237 176 222 281 239 105 177 92 161 133 277 150 405 160 276 329 55 225 385 213 261 47 217 153 281 120 72 295 250 111 80 10 199 278 260 170 332 310 179 255 263 154 163 228 156 273 302 332 368 358 179 89 104 412 252 273 75 317 359 159 368 49 266 395 282 248 228 84 290 155 389 332 266 226 310 330 212 328 198 222 428 236 338 263 264 49 292 66 53 185 137 307
 305 270 117 173 203 272 156 100 159 319 226 228 203 162 223 128 115 289 261 166 149 250 221 30 251 83 338 326 220 251 276 351 329 1 139 285 221 252 174 400 283 306 183 178 94 206 116 40 19 143 147 158 309 231 253 124 255 259 146 247 195 248 119 72 232 328 249 92 231 315 212 330 293 344 55 196 210 215 91 189 296 298 280 365 305 117 56 372 357 325 421 132 287 357 94 151 63 171 70 324 334 321 213 300 121 19 125 259 134 212 244 208 321 336 126 240 192 217 92 372 185 362 135 300 333 163 288 226 336 175 141 278 247 371 171 324 169 338 247 263 79 199 220 90 375 110 58 209 265 290 131 316 256 290 366 293 226 278 408 338 238 195 76 162 27 141 151 149 114 205 296 123 267 60 226 33 69 53 152 276 294 96 108 145 291 104 57 341 57 296 209 67 294 180 110 329 182 289 112 226 243 183 99 23 180 33 299 178 114 114 157 96 264 327 194 269 325 294 342 86
 201 193 81 250 208 298 193 125 217 272 95 188 267 234 191 22 142 191 246 208 52 171 293 141 215 153 235 271 229 196 272 242 240 139 1 355 133 185 165 321 276 168 139 270 122 184 67 104 139 106 26 45 177 93 171 197 240 316 59 166 70 261 84 200 117 191 115 142 241 269 184 254 260 281 193 142 197 182 198 251 162 178 305 252 206 46 105 265 246 294 345 10 241 252 123 73 184 40 190 241 196 183 236 163 45 144 174 234 81 170 239 100 185 295 84 115 123 187 49 265 103 262 29 269 288 74 162 186 198 65 22 148 111 315 155 272 101 301 119 132 194 178 272 94 293 64 178 227 300 195 38 292 129 165 256 165 92 238 318 250 100 253 73 121 126 229 96 24 29 89 162 146 250 88 112 162 144 189 95 165 250 190 155 209 232 204 193 209 150 223 258 195 163 47 57 273 250 156 154 304 113 211 73 155 198 160 298 40 202 36 102 153 132 257 260 196 257 288 214 76
 370 303 276 113 173 109 164 232 139 262 445 237 89 127 226 360 399 349 192 149 319 303 65 313 231 365 384 281 160 262 170 406 350 285 355 1 310 282 208 368 178 476 251 111 236 214 289 313 302 260 341 396 520 413 307 399 192 48 398 305 424 141 273 229 356 520 408 218 153 261 221 323 229 305 277 262 198 228 196 105 501 400 109 426 358 366 334 415 416 233 374 355 252 401 377 408 322 358 220 337 498 490 139 461 311 300 182 210 281 242 177 336 516 256 276 380 281 223 330 414 445 394 330 225 264 417 510 238 512 332 339 495 450 305 219 274 284 250 470 405 337 214 87 366 361 292 323 148 91 345 321 217 479 407 420 513 439 240 397 353 417 103 293 255 310 145 275 377 348 348 440 210 196 287 466 256 352 255 276 370 250 366 203 149 277 182 251 468 339 303 101 314 507 399 299 285 108 430 396 60 461 152 365 264 167 255 166 380 383 320 426 208 477 312 97 296 307 176 454 351
 86 62 105 235 139 222 162 139 194 146 177 82 233 218 92 153 269 69 146 174 86 39 262 238 104 269 118 142 154 75 176 132 112 221 133 310 1 57 107 190 175 170 63 263 142 98 108 203 231 85 108 170 231 124 39 316 141 265 190 34 174 182 103 252 49 220 106 160 164 143 92 122 143 149 270 50 114 86 228 220 211 95 227 149 85 176 215 153 140 175 214 141 118 137 246 203 280 101 235 110 191 184 173 154 111 234 166 128 88 71 148 41 217 171 96 75 36 92 160 152 228 142 110 153 162 202 230 80 206 69 113 213 166 184 97 144 53 178 198 97 295 97 226 218 163 114 275 163 232 70 107 177 206 98 148 230 167 119 191 121 126 217 150 72 222 230 72 151 154 57 131 136 147 163 214 227 257 255 71 66 127 301 159 195 104 226 256 160 257 92 213 287 220 151 117 144 224 121 278 275 188 163 200 224 147 224 200 124 317 125 233 167 194 125 230 65 125 186 149 197
 89 24 139 224 114 184 154 157 185 90 233 47 214 210 58 204 315 69 100 163 135 25 242 273 56 310 108 87 123 23 130 129 84 252 185 282 57 1 99 149 127 216 70 254 162 74 146 240 264 110 160 224 283 178 29 358 97 235 243 30 230 145 136 269 101 268 157 175 130 87 66 79 89 98 295 57 87 58 239 205 263 122 188 149 78 225 256 143 138 120 171 192 63 127 291 256 313 156 251 76 233 228 146 199 156 267 169 81 124 49 109 97 266 115 130 126 65 62 204 142 283 126 160 99 106 256 285 46 251 123 164 267 220 131 94 89 90 122 254 144 329 78 202 264 125 154 308 137 196 65 154 123 261 133 144 284 223 65 159 91 180 200 187 91 258 228 105 204 202 113 173 145 100 198 270 251 297 277 105 93 72 339 169 190 49 233 277 191 295 45 190 317 273 206 158 90 210 163 323 256 243 146 247 250 131 248 151 179 356 171 286 180 249 77 214 20 76 137 175 242
 181 122 89 130 44 134 57 75 89 147 246 60 127 114 53 178 262 161 90 69 120 111 156 200 80 246 205 156 64 88 112 224 182 174 165 208 107 99 1 238 117 269 45 159 81 34 102 176 190 61 146 209 316 207 115 293 84 164 219 112 230 97 85 176 150 314 201 86 76 143 41 171 120 177 208 58 37 46 143 115 297 200 141 243 173 192 195 240 233 152 256 169 116 224 238 232 235 157 158 173 292 283 75 254 122 192 72 86 85 51 78 130 310 163 84 173 75 46 160 239 266 224 138 127 160 237 309 59 305 128 146 293 246 201 12 153 78 165 270 198 252 27 123 215 218 108 231 65 138 158 129 144 279 204 240 311 238 106 253 189 212 112 130 50 188 130 73 188 169 141 235 53 96 134 273 166 232 188 74 170 123 268 75 93 125 136 188 265 226 139 109 236 304 205 115 160 119 224 267 170 261 58 204 167 42 162 137 181 286 136 257 87 274 165 125 118 162 128 255 194
 133 133 287 347 234 260 286 304 313 108 342 179 326 336 187 341 458 134 185 291 275 154 349 421 163 457 106 91 232 152 200 118 83 400 321 368 190 149 238 1 191 283 218 377 309 207 293 388 412 258 297 354 365 283 153 504 188 325 377 159 350 235 284 413 211 336 252 320 232 110 198 71 143 66 442 205 212 193 380 321 346 178 260 129 122 365 402 104 123 137 26 330 129 103 435 390 461 286 395 81 287 289 256 266 300 415 308 172 271 191 205 223 337 113 278 227 212 193 349 102 410 86 300 145 105 386 376 180 308 257 302 360 320 67 236 97 236 121 358 230 477 213 307 408 30 300 456 250 278 129 296 152 362 198 118 373 332 141 36 74 281 314 335 239 406 359 252 337 343 236 238 289 179 346 384 398 444 423 252 170 126 487 312 322 114 372 423 224 442 105 299 465 360 331 304 87 330 232 467 363 347 270 389 398 259 395 204 305 503 314 420 324 344 74 330 133 78 193 201 386
 208 142 204 170 81 71 132 188 146 85 345 95 143 164 88 290 378 189 31 128 227 151 162 311 73 360 215 103 65 105 11 237 178 283 276 178 175 127 117 191 1 342 138 198 194 93 216 290 300 173 253 319 405 296 155 405 37 135 332 156 335 49 200 267 223 393 280 192 57 83 93 148 53 128 308 139 81 96 228 142 384 247 71 257 194 306 310 243 247 60 199 280 79 230 353 345 342 259 250 165 359 354 80 325 235 301 162 48 197 110 41 212 390 81 197 248 161 91 276 241 378 220 247 48 87 348 403 97 377 226 255 386 338 131 125 97 177 77 368 269 359 99 121 331 184 223 339 80 88 184 239 44 376 259 249 403 336 69 220 179 299 134 245 156 300 192 180 298 283 228 299 162 29 249 378 269 345 286 181 219 75 379 177 159 105 217 284 316 337 133 116 341 394 310 229 107 152 289 381 175 358 107 320 272 105 265 26 284 397 249 371 189 367 136 149 135 131 13 298 310
 157 206 219 388 306 391 317 268 348 294 103 251 393 371 261 182 286 167 313 332 172 192 422 308 270 310 178 283 322 238 343 168 209 306 168 476 170 216 269 283 342 1 225 413 268 266 210 271 306 223 163 163 84 77 189 348 309 431 187 187 132 351 220 364 122 55 69 290 332 292 261 241 302 277 360 216 283 255 355 379 67 108 397 163 171 201 269 187 165 330 307 176 275 183 275 193 349 139 352 218 28 16 340 19 194 311 312 295 207 240 317 140 55 319 215 97 196 261 216 189 189 200 176 313 308 182 101 249 37 151 168 88 72 312 257 288 194 328 102 74 358 265 390 250 256 212 343 330 400 173 182 336 101 90 173 96 97 279 262 216 70 378 237 223 293 374 206 162 195 129 47 279 314 252 139 328 304 355 205 129 282 349 297 345 252 358 359 71 313 227 376 361 82 134 208 283 381 56 301 435 95 325 229 321 309 325 366 129 358 196 216 300 79 251 389 212 254 352 91 237
 142 91 75 172 82 171 99 88 132 142 210 51 171 156 53 155 255 122 108 112 89 75 200 205 79 246 169 146 100 69 136 187 152 183 139 251 63 70 45 218 138 225 1 201 93 47 86 175 196 44 116 182 276 167 78 293 103 206 196 74 198 131 72 201 106 272 158 107 111 138 46 148 124 162 226 16 62 44 173 158 257 157 177 205 136 173 192 205 195 159 238 144 110 189 230 210 245 123 183 145 248 240 116 211 101 199 106 96 64 34 103 87 268 163 67 130 31 49 146 204 241 190 111 133 158 212 271 49 262 90 118 254 207 192 35 145 40 167 234 155 261 43 166 205 194 93 240 106 178 121 103 155 242 160 203 272 202 104 228 159 171 156 123 23 191 169 45 161 149 99 191 78 112 132 241 182 232 208 46 128 118 273 102 133 109 168 209 222 228 114 152 249 264 173 98 149 162 180 261 213 224 102 190 181 86 179 162 147 290 116 237 112 235 145 168 88 143 150 212 183
 339 277 197 31 145 146 103 148 71 271 364 210 57 46 199 271 292 318 194 92 245 269 54 205 217 257 362 287 145 239 188 381 335 178 270 111 263 254 159 377 198 413 201 1 150 181 208 210 195 192 261 306 444 342 273 289 191 100 304 270 338 150 195 119 301 451 345 128 147 268 190 317 237 311 167 215 170 197 88 57 427 357 152 401 330 272 231 396 391 256 389 268 249 380 271 313 212 282 111 324 438 428 122 400 229 193 102 205 207 207 173 278 445 276 200 322 229 194 237 395 349 378 249 237 279 323 430 210 448 263 258 416 374 324 168 282 222 273 388 348 227 177 81 264 362 209 213 127 130 316 240 241 397 359 397 433 359 237 399 340 348 65 201 195 204 42 208 290 257 285 385 134 200 191 378 148 245 145 209 327 252 257 118 69 268 75 141 420 231 288 82 204 430 316 215 291 48 375 288 52 381 110 266 157 124 147 199 301 273 234 327 118 399 308 50 272 304 203 411 252
 227 182 50 130 115 194 78 7 98 225 215 135 148 113 130 125 186 209 170 92 97 165 174 120 158 167 257 233 133 159 187 272 243 94 122 236 142 162 81 309 194 268 93 150 1 113 60 97 109 58 112 161 295 195 168 213 163 200 163 162 190 164 48 111 167 302 201 23 145 222 119 240 200 252 134 107 117 122 91 132 278 230 202 289 223 132 118 292 280 233 329 120 194 276 162 174 155 133 95 237 294 283 132 257 80 111 55 166 63 120 154 142 297 243 55 182 108 124 96 292 210 280 100 207 240 182 281 133 302 119 109 267 225 278 78 231 90 245 239 208 172 106 156 142 286 60 152 125 192 208 91 224 248 227 289 284 210 185 320 251 201 135 60 74 107 110 72 142 113 145 245 34 175 58 231 90 152 116 73 204 201 188 35 88 199 92 117 285 145 206 143 158 281 167 66 236 130 236 189 183 232 102 135 89 94 87 212 152 206 86 194 34 250 236 140 180 233 205 281 123
 161 97 113 151 43 126 82 107 112 114 256 30 141 137 21 198 290 140 64 90 135 91 170 231 47 276 182 124 57 60 90 202 155 206 184 214 98 74 34 207 93 266 47 181 113 1 125 205 221 82 162 227 321 212 96 323 58 168 240 93 244 86 109 208 145 314 200 118 67 111 10 141 88 145 241 52 17 17 174 131 301 187 132 222 151 215 225 216 211 122 224 188 83 200 266 253 267 169 190 145 287 280 76 251 143 223 102 55 105 29 57 129 311 131 106 170 74 15 185 215 285 198 155 96 128 256 317 30 302 136 163 300 252 168 36 121 86 133 280 194 284 8 131 242 187 132 263 67 135 137 147 115 288 193 217 318 248 74 224 161 215 127 157 64 218 156 88 206 191 143 229 86 69 163 287 198 262 220 89 157 90 300 107 119 94 166 220 255 257 110 119 269 309 219 138 127 137 218 296 183 270 73 229 199 58 195 116 193 317 157 280 120 281 134 141 92 130 105 242 221
 191 162 15 187 145 233 127 61 152 226 157 136 201 170 136 77 170 176 188 141 40 140 228 131 163 165 224 229 165 151 212 236 218 116 67 289 108 146 102 293 216 210 86 208 60 125 1 96 124 45 54 110 237 137 142 212 182 250 118 136 136 197 18 158 119 244 146 82 177 222 127 223 208 243 167 94 136 127 146 186 219 184 241 251 191 91 110 258 243 243 315 69 194 243 146 131 174 75 144 215 237 226 171 200 23 128 110 178 23 118 178 94 239 247 20 130 82 131 62 258 165 249 42 217 242 136 224 134 244 64 51 209 167 275 93 229 58 252 182 155 188 119 206 121 267 8 169 162 234 177 33 238 192 178 252 227 152 188 297 227 143 187 43 64 116 168 43 90 68 93 191 81 193 57 178 127 152 155 43 162 203 195 92 145 191 149 158 233 151 190 192 181 223 111 14 232 185 182 178 239 174 145 106 122 133 124 238 94 211 35 156 92 192 223 194 162 221 228 231 99
