NAME : domp60p20v1
COMMENT : (Deleplanque et al.) 
TYPE : DOMP
DIMENSION : 60
DISPLAY_DATA_TYPE: NO_DISPLAY
OPEN_FACILITIES : 20
COST_SECTION
 1 212 58 263 241 330 241 69 179 289 331 339 344 30 284 158 57 119 206 168 385 130 173 194 191 355 277 161 262 53 95 224 99 272 344 217 374 145 251 245 372 156 131 291 196 221 124 376 53 361 213 361 86 137 127 370 107 100 111 320
 212 1 171 160 212 144 31 215 151 212 179 129 276 189 111 325 218 111 144 312 174 95 140 280 97 146 168 110 125 180 159 19 285 82 252 240 274 71 210 263 202 235 207 118 219 115 141 176 240 153 11 206 128 283 204 182 108 190 246 212
 58 171 1 206 188 277 201 50 123 233 275 299 289 57 230 163 49 102 202 161 342 80 116 163 175 308 220 105 206 10 104 186 116 221 288 171 317 101 197 199 317 118 88 265 148 165 124 325 70 322 174 305 48 128 84 316 79 55 93 263
 263 160 206 1 82 122 174 221 88 54 81 221 117 256 87 295 231 226 296 267 238 149 92 202 249 190 15 105 44 212 266 174 286 113 96 135 122 158 72 144 129 177 168 268 128 51 263 177 258 248 170 108 195 249 169 148 203 180 222 61
 241 212 188 82 1 203 233 184 74 62 157 296 104 243 165 232 196 243 331 200 317 162 86 128 286 270 89 117 121 191 273 229 237 187 112 57 141 182 15 63 204 115 119 328 59 101 279 258 221 323 221 178 196 189 122 228 216 144 170 105
 330 144 277 122 203 1 134 309 189 163 67 122 208 314 49 401 316 250 280 377 122 201 186 319 236 75 117 178 87 286 298 146 379 64 171 255 180 191 193 265 64 287 270 205 245 126 282 56 342 144 150 80 247 355 270 41 239 271 323 134
 241 31 201 174 233 134 1 246 177 227 179 99 289 217 111 355 248 135 147 342 146 126 167 308 104 122 180 138 134 210 182 18 316 77 262 265 282 101 230 287 196 264 236 96 246 134 160 158 270 122 29 204 157 313 234 170 136 220 276 222
 69 215 50 221 184 309 246 1 134 238 297 342 287 87 261 114 13 151 250 112 383 121 131 126 224 347 235 132 231 42 146 231 73 257 292 153 322 145 196 180 342 89 68 314 133 188 170 360 38 367 219 326 97 79 64 346 128 43 46 274
 179 151 123 88 74 189 177 134 1 111 166 256 170 177 142 214 144 170 259 189 286 89 13 137 216 242 102 45 104 128 200 169 199 151 166 90 195 110 79 114 212 100 83 268 70 64 206 243 171 282 159 194 124 168 83 223 142 92 137 142
 289 212 233 54 62 163 227 238 111 1 106 271 66 287 135 293 249 269 346 261 282 189 120 189 299 235 50 143 96 238 306 227 295 164 56 117 85 203 49 115 150 176 176 321 120 100 307 214 275 296 222 122 231 250 178 180 244 197 229 44
 331 179 275 81 157 67 179 297 166 106 1 187 143 320 70 375 306 272 321 347 187 207 167 282 275 141 70 171 70 282 317 187 364 103 105 212 114 206 145 217 49 257 247 262 208 111 308 112 333 210 188 31 255 330 248 75 255 256 302 70
 339 129 299 221 296 122 99 342 256 271 187 1 324 315 136 450 345 230 214 434 51 222 248 391 182 58 222 225 178 308 275 116 413 111 289 339 301 199 289 356 179 351 326 105 323 199 251 106 368 28 127 200 256 406 324 139 234 314 370 250
 344 276 289 117 104 208 289 287 170 66 143 324 1 344 190 324 299 333 410 289 328 252 179 213 364 282 110 205 156 293 368 290 336 222 40 145 54 267 94 130 176 213 222 382 158 164 370 253 324 348 285 146 292 284 225 214 307 247 270 75
 30 189 57 256 243 314 217 87 177 287 320 315 344 1 268 185 77 91 177 193 362 115 169 211 162 333 270 152 250 56 66 200 127 254 341 226 371 125 252 255 359 170 142 263 203 211 95 357 80 336 189 350 67 161 137 353 82 108 132 314
 284 111 230 87 165 49 111 261 142 135 70 136 190 268 1 354 268 210 253 331 152 155 139 275 207 106 86 130 45 238 257 119 331 35 158 214 175 148 157 227 95 241 223 197 202 79 245 102 294 162 119 96 202 308 223 87 196 223 275 118
 158 325 163 295 232 401 355 114 214 293 375 450 324 185 354 1 116 262 359 38 488 230 216 113 336 448 307 229 317 155 250 342 63 356 342 181 370 256 246 196 423 120 132 426 174 276 277 455 106 475 330 402 210 47 132 435 241 137 81 335
 57 218 49 231 196 316 248 13 144 249 306 345 299 77 268 116 1 147 245 118 387 125 140 137 221 351 245 139 239 40 139 233 69 263 304 165 333 147 207 192 350 101 80 313 146 197 164 366 28 369 221 335 96 85 76 354 126 54 55 284
 119 111 102 226 243 250 135 151 170 269 272 230 333 91 210 262 147 1 102 262 279 82 158 257 75 256 238 129 206 110 49 118 210 187 319 246 347 69 247 275 304 210 178 173 222 175 39 286 161 250 109 301 59 229 174 290 29 148 194 285
 206 144 202 296 331 280 147 250 259 346 321 214 410 177 253 359 245 102 1 361 263 173 248 358 48 258 307 215 266 209 113 136 303 222 391 342 415 150 333 370 342 311 279 120 318 247 84 300 255 223 135 348 160 328 275 316 129 249 294 352
 168 312 161 267 200 377 342 112 189 261 347 434 289 193 331 38 118 262 361 1 469 219 193 77 334 428 278 211 291 153 256 330 85 336 308 146 335 246 213 160 395 91 110 419 142 252 281 431 117 460 318 372 206 34 112 410 238 124 70 303
 385 174 342 238 317 122 146 383 286 282 187 51 328 362 152 488 387 279 263 469 1 263 279 422 232 49 235 260 197 351 324 162 454 136 291 364 298 242 308 378 166 383 361 152 350 225 300 84 411 46 173 192 301 443 359 123 280 352 408 255
 130 95 80 149 162 201 126 121 89 189 207 222 252 115 155 230 125 82 173 219 263 1 77 194 132 229 162 48 137 89 118 112 192 143 241 170 269 29 166 198 245 148 117 202 147 101 119 247 149 246 100 237 49 189 114 240 56 96 152 209
 173 140 116 92 86 186 167 131 13 120 167 248 179 169 139 216 140 158 248 193 279 77 1 145 204 237 106 34 103 121 190 159 198 145 174 101 203 99 90 126 213 105 85 257 80 61 195 240 167 275 149 196 114 170 85 221 131 90 138 148
 194 280 163 202 128 319 308 126 137 189 282 391 213 211 275 113 137 257 358 77 422 194 145 1 322 377 212 171 233 159 265 298 140 287 233 73 260 222 142 84 329 48 80 394 76 198 284 374 151 418 287 305 199 80 84 349 229 110 86 232
 191 97 175 249 286 236 104 224 216 299 275 182 364 162 207 336 221 75 48 334 232 132 204 322 1 220 259 171 218 183 105 91 284 176 343 301 367 107 288 328 297 275 243 104 278 200 76 259 235 196 88 302 129 301 239 273 97 216 265 305
 355 146 308 190 270 75 122 347 242 235 141 58 282 333 106 448 351 256 258 428 49 229 237 377 220 1 188 220 150 317 303 139 418 93 245 318 253 211 261 331 125 341 319 159 305 180 282 49 376 74 148 149 270 403 318 83 253 313 368 208
 277 168 220 15 89 117 180 235 102 50 70 222 110 270 86 307 245 238 307 278 235 162 106 212 259 188 1 119 47 226 279 182 299 115 85 143 110 170 77 150 118 189 181 273 138 64 276 171 272 248 178 95 209 262 182 140 216 193 236 48
 161 110 105 105 117 178 138 132 45 143 171 225 205 152 130 229 139 129 215 211 260 48 34 171 171 220 119 1 102 112 164 129 203 128 195 133 224 66 120 158 213 128 102 227 111 61 166 229 166 251 118 201 91 184 100 215 103 95 150 165
 262 125 206 44 121 87 134 231 104 96 70 178 156 250 45 317 239 206 266 291 197 137 103 233 218 150 47 102 1 214 250 137 299 70 129 170 151 139 113 183 112 201 186 227 159 43 243 142 266 205 134 101 186 271 186 120 187 191 240 89
 53 180 10 212 191 286 210 42 128 238 282 308 293 56 238 155 40 110 209 153 351 89 121 159 183 317 226 112 214 1 108 195 107 230 292 171 322 110 200 199 325 115 87 274 148 172 130 334 61 331 183 312 57 120 82 325 87 53 86 268
 95 159 104 266 273 298 182 146 200 306 317 275 368 66 257 250 139 49 113 256 324 118 190 265 105 303 279 164 250 108 1 165 192 235 358 267 386 112 279 296 351 220 190 209 243 217 32 334 145 293 156 347 78 223 185 337 64 157 192 326
 224 19 186 174 229 146 18 231 169 227 187 116 290 200 119 342 233 118 136 330 162 112 159 298 91 139 182 129 137 195 165 1 301 87 265 258 286 87 227 281 207 253 225 100 238 131 144 173 255 138 13 213 142 300 222 183 119 207 263 225
 99 285 116 286 237 379 316 73 199 295 364 413 336 127 331 63 69 210 303 85 454 192 198 140 284 418 299 203 299 107 192 301 1 328 347 193 377 215 249 215 409 124 120 379 179 257 220 431 50 437 289 392 162 62 119 416 192 110 67 334
 272 82 221 113 187 64 77 257 151 164 103 111 222 254 35 356 263 187 222 336 136 143 145 287 176 93 115 128 70 230 235 87 328 1 191 231 209 130 180 247 122 249 227 163 216 90 220 105 288 137 89 128 188 311 226 103 177 222 277 151
 344 252 288 96 112 171 262 292 166 56 105 289 40 341 158 342 304 319 391 308 291 241 174 233 343 245 85 195 129 292 358 265 347 191 1 162 31 252 99 153 137 226 229 353 170 146 357 214 330 313 261 107 285 300 232 176 296 251 281 41
 217 240 171 135 57 255 265 153 90 117 212 339 145 226 214 181 165 246 342 146 364 170 101 73 301 318 143 133 170 171 267 258 193 231 162 1 190 195 70 30 259 70 87 357 25 141 280 310 187 366 249 234 192 140 91 282 218 119 128 160
 374 274 317 122 141 180 282 322 195 85 114 301 54 371 175 370 333 347 415 335 298 269 203 260 367 253 110 224 151 322 386 286 377 209 31 190 1 279 129 179 137 255 259 371 199 172 384 218 359 323 284 108 313 328 261 178 324 281 311 63
 145 71 101 158 182 191 101 145 110 203 206 199 267 125 148 256 147 69 150 246 242 29 99 222 107 211 170 66 139 110 112 87 215 130 252 195 279 1 185 222 241 176 145 175 172 108 106 234 170 223 75 236 60 215 142 231 50 124 179 217
 251 210 197 72 15 193 230 196 79 49 145 289 94 252 157 246 207 247 333 213 308 166 90 142 288 261 77 120 113 200 279 227 249 180 99 70 129 185 1 74 191 129 132 325 73 97 284 247 233 316 219 165 203 203 134 216 220 155 183 91
 245 263 199 144 63 265 287 180 114 115 217 356 130 255 227 196 192 275 370 160 378 198 126 84 328 331 150 158 183 199 296 281 215 247 153 30 179 222 74 1 263 95 115 380 54 159 308 319 213 383 272 236 221 159 119 289 246 147 152 158
 372 202 317 129 204 64 196 342 212 150 49 179 176 359 95 423 350 304 342 395 166 245 213 329 297 125 118 213 112 325 351 207 409 122 137 259 137 241 191 263 1 305 294 267 255 154 338 83 377 197 210 31 293 377 294 44 290 301 348 110
 156 235 118 177 115 287 264 89 100 176 257 351 213 170 241 120 101 210 311 91 383 148 105 48 275 341 189 128 201 115 220 253 124 249 226 70 255 176 129 95 305 1 33 348 57 163 239 342 120 377 242 283 152 75 37 320 182 65 59 217
 131 207 88 168 119 270 236 68 83 176 247 326 222 142 223 132 80 178 279 110 361 117 85 80 243 319 181 102 186 87 190 225 120 227 229 87 259 145 132 115 294 33 1 318 67 146 207 324 103 352 213 274 120 86 5 305 150 35 56 214
 291 118 265 268 328 205 96 314 268 321 262 105 382 263 197 426 313 173 120 419 152 202 257 394 104 159 273 227 227 274 209 100 379 163 353 357 371 175 325 380 267 348 318 1 336 228 179 206 330 108 110 282 218 387 315 232 188 297 351 312
 196 219 148 128 59 245 246 133 70 120 208 323 158 203 202 174 146 222 318 142 350 147 80 76 278 305 138 111 159 148 243 238 179 216 170 25 199 172 73 54 255 57 67 336 1 126 256 300 169 350 228 232 168 131 70 274 194 97 113 162
 221 115 165 51 101 126 134 188 64 100 111 199 164 211 79 276 197 175 247 252 225 101 61 198 200 180 64 61 43 172 217 131 257 90 146 141 172 108 97 159 154 163 146 228 126 1 213 180 224 226 125 141 148 230 145 161 154 149 199 111
 124 141 124 263 279 282 160 170 206 307 308 251 370 95 245 277 164 39 84 281 300 119 195 284 76 282 276 166 243 130 32 144 220 220 357 280 384 106 284 308 338 239 207 179 256 213 1 315 173 267 136 337 89 248 203 322 65 175 215 323
 376 176 325 177 258 56 158 360 243 214 112 106 253 357 102 455 366 286 300 431 84 247 240 374 259 49 171 229 142 334 334 173 431 105 214 310 218 234 247 319 83 342 324 206 300 180 315 1 392 120 180 111 292 409 324 41 279 323 376 181
 53 240 70 258 221 342 270 38 171 275 333 368 324 80 294 106 28 161 255 117 411 149 167 151 235 376 272 166 266 61 145 255 50 288 330 187 359 170 233 213 377 120 103 330 169 224 173 392 1 391 243 362 115 86 100 380 143 80 66 311
 361 153 322 248 323 144 122 367 282 296 210 28 348 336 162 475 369 250 223 460 46 246 275 418 196 74 248 251 205 331 293 138 437 137 313 366 323 223 316 383 197 377 352 108 350 226 267 120 391 1 150 220 279 431 350 156 255 339 395 274
 213 11 174 170 221 150 29 219 159 222 188 127 285 189 119 330 221 109 135 318 173 100 149 287 88 148 178 118 134 183 156 13 289 89 261 249 284 75 219 272 210 242 213 110 228 125 136 180 243 150 1 214 130 288 210 189 108 196 251 222
 361 206 305 108 178 80 204 326 194 122 31 200 146 350 96 402 335 301 348 372 192 237 196 305 302 149 95 201 101 312 347 213 392 128 107 234 108 236 165 236 31 283 274 282 232 141 337 111 362 220 214 1 285 356 275 71 285 285 329 81
 86 128 48 195 196 247 157 97 124 231 255 256 292 67 202 210 96 59 160 206 301 49 114 199 129 270 209 91 186 57 78 142 162 188 285 192 313 60 203 221 293 152 120 218 168 148 89 292 115 279 130 285 1 173 116 287 33 90 138 255
 137 283 128 249 189 355 313 79 168 250 330 406 284 161 308 47 85 229 328 34 443 189 170 80 301 403 262 184 271 120 223 300 62 311 300 140 328 215 203 159 377 75 86 387 131 230 248 409 86 431 288 356 173 1 86 389 205 93 38 291
 127 204 84 169 122 270 234 64 83 178 248 324 225 137 223 132 76 174 275 112 359 114 85 84 239 318 182 100 186 82 185 222 119 226 232 91 261 142 134 119 294 37 5 315 70 145 203 324 100 350 210 275 116 86 1 305 146 30 55 216
 370 182 316 148 228 41 170 346 223 180 75 139 214 353 87 435 354 290 316 410 123 240 221 349 273 83 140 215 120 325 337 183 416 103 176 282 178 231 216 289 44 320 305 232 274 161 322 41 380 156 189 71 287 389 305 1 279 308 358 144
 107 108 79 203 216 239 136 128 142 244 255 234 307 82 196 241 126 29 129 238 280 56 131 229 97 253 216 103 187 87 64 119 192 177 296 218 324 50 220 246 290 182 150 188 194 154 65 279 143 255 108 285 33 205 146 279 1 121 169 263
 100 190 55 180 144 271 220 43 92 197 256 314 247 108 223 137 54 148 249 124 352 96 90 110 216 313 193 95 191 53 157 207 110 222 251 119 281 124 155 147 301 65 35 297 97 149 175 323 80 339 196 285 90 93 30 308 121 1 57 232
 111 246 93 222 170 323 276 46 137 229 302 370 270 132 275 81 55 194 294 70 408 152 138 86 265 368 236 150 240 86 192 263 67 277 281 128 311 179 183 152 348 59 56 351 113 199 215 376 66 395 251 329 138 38 55 358 169 57 1 268
 320 212 263 61 105 134 222 274 142 44 70 250 75 314 118 335 284 285 352 303 255 209 148 232 305 208 48 165 89 268 326 225 334 151 41 160 63 217 91 158 110 217 214 312 162 111 323 181 311 274 222 81 255 291 216 144 263 232 268 1
LAMBDA_SECTION
1  19
2  20
3  33
4  21
5  23
6  31
7  55
8  53
9  37
10  15
11  47
12  51
13  32
14  35
15  19
16  34
17  51
18  25
19  36
20  48
21  16
22  38
23  59
24  42
25  48
26  56
27  27
28  46
29  50
30  32
31  30
32  54
33  44
34  55
35  23
36  53
37  26
38  18
39  53
40  48
41  25
42  47
43  46
44  42
45  29
46  51
47  16
48  20
49  16
50  38
51  15
52  17
53  23
54  21
55  52
56  56
57  18
58  26
59  49
60  15
