NAME : domp40p13v4
COMMENT : (Deleplanque et al.) 
TYPE : DOMP
DIMENSION : 40
DISPLAY_DATA_TYPE: NO_DISPLAY
OPEN_FACILITIES : 13
COST_SECTION
 1 108 261 118 290 241 264 157 370 310 295 139 483 231 115 212 353 155 282 110 213 359 109 327 374 42 288 216 214 78 316 160 167 330 147 359 309 73 136 197
 108 1 158 141 304 139 209 56 303 323 188 47 398 235 75 145 246 75 191 49 111 318 26 225 269 74 191 109 108 94 212 56 61 279 40 257 224 109 74 211
 261 158 1 287 421 118 267 134 318 438 51 156 360 352 167 211 115 171 178 189 49 373 153 68 117 231 161 64 98 214 134 126 100 326 128 100 218 231 142 339
 118 141 287 1 176 216 172 154 279 196 303 131 405 114 197 140 347 123 230 99 245 250 161 352 384 97 244 226 204 181 289 162 190 229 160 384 243 184 208 81
 290 304 421 176 1 318 184 294 249 21 420 276 382 70 368 216 444 254 294 256 389 168 327 479 492 272 315 358 325 356 371 303 338 184 308 507 280 358 375 96
 241 139 118 216 318 1 152 86 204 333 104 104 271 253 195 103 134 96 66 137 111 256 153 166 177 201 57 69 37 229 77 85 99 209 101 192 107 246 178 248
 264 209 267 172 184 152 1 169 109 196 253 164 236 133 283 66 266 135 113 169 249 112 233 316 318 226 134 210 172 295 191 177 211 71 190 340 97 306 277 148
 157 56 134 154 294 86 169 1 255 312 151 24 345 224 121 104 202 41 136 59 96 280 74 199 233 118 137 73 58 148 160 10 46 238 23 231 171 164 111 208
 370 303 318 279 249 204 109 255 1 253 288 257 136 220 374 162 275 229 141 270 314 94 326 349 331 331 158 272 236 394 202 261 290 66 277 366 101 406 365 245
 310 323 438 196 21 333 196 312 253 1 436 295 385 90 388 232 458 272 307 275 407 169 347 496 508 292 328 375 342 376 384 322 356 189 327 524 291 378 395 116
 295 188 51 303 420 104 253 151 288 436 1 174 317 354 210 205 66 181 151 209 91 352 189 64 82 261 131 81 100 256 91 144 129 305 153 89 189 273 186 346
 139 47 156 131 276 104 164 24 257 295 174 1 354 207 120 100 225 30 148 36 116 274 70 222 256 98 151 96 80 139 180 32 63 234 33 253 179 154 114 188
 483 398 360 405 382 271 236 345 136 385 317 354 1 356 463 273 277 331 210 376 374 219 417 367 327 442 214 335 307 491 228 348 368 201 365 373 176 506 447 379
 231 235 352 114 70 253 133 224 220 90 354 207 356 1 301 151 382 184 236 187 319 161 258 412 428 208 256 289 257 292 310 234 268 158 239 441 229 296 307 37
 115 75 167 197 368 195 283 121 374 388 210 120 463 301 1 218 274 149 254 120 121 391 50 227 282 105 251 143 159 49 259 117 97 353 100 258 291 66 26 274
 212 145 211 140 216 103 66 104 162 232 205 100 273 151 218 1 232 71 93 109 188 177 169 266 278 172 110 150 114 234 162 112 147 136 125 293 104 246 212 150
 353 246 115 347 444 134 266 202 275 458 66 225 277 382 274 232 1 225 155 260 155 352 249 94 57 317 133 138 146 319 78 197 188 306 208 98 184 337 250 379
 155 75 171 123 254 96 135 41 229 272 181 30 331 184 149 71 225 1 128 47 136 245 99 234 262 114 135 108 82 166 171 51 86 205 59 264 156 179 144 169
 282 191 178 230 294 66 113 136 141 307 151 148 210 236 254 93 155 128 1 174 176 203 209 214 208 241 23 134 101 283 79 139 161 156 156 235 42 299 239 240
 110 49 189 99 256 137 169 59 270 275 209 36 376 187 120 109 260 47 174 1 146 275 73 255 291 68 180 131 115 127 213 66 92 239 62 287 201 138 122 164
 213 111 49 245 389 111 249 96 314 407 91 116 374 319 121 188 155 136 176 146 1 358 105 115 164 184 164 43 80 167 153 87 55 313 86 147 217 185 97 303
 359 318 373 250 168 256 112 280 94 169 352 274 219 161 391 177 352 245 203 275 358 1 342 415 407 325 224 318 280 400 276 288 322 48 301 437 170 409 387 193
 109 26 153 161 327 153 233 74 326 347 189 70 417 258 50 169 249 99 209 73 105 342 1 219 267 82 208 112 120 77 223 71 62 303 54 251 244 93 50 233
 327 225 68 352 479 166 316 199 349 496 64 222 367 412 227 266 94 234 214 255 115 415 219 1 65 297 194 127 156 275 149 191 166 368 195 33 251 292 202 401
 374 269 117 384 492 177 318 233 331 508 82 256 327 428 282 278 57 262 208 291 164 407 267 65 1 341 186 162 180 330 132 226 209 361 234 52 239 347 258 423
 42 74 231 97 272 201 226 118 331 292 261 98 442 208 105 172 317 114 241 68 184 325 82 297 341 1 247 181 175 85 277 122 134 294 110 330 268 89 121 177
 288 191 161 244 315 57 134 137 158 328 131 151 214 256 251 110 133 135 23 180 164 224 208 194 186 247 1 123 93 283 57 138 155 177 155 214 59 299 234 259
 216 109 64 226 358 69 210 73 272 375 81 96 335 289 143 150 138 108 134 131 43 318 112 127 162 181 123 1 39 184 119 66 51 272 73 158 175 202 121 276
 214 108 98 204 325 37 172 58 236 342 100 80 307 257 159 114 146 82 101 115 80 280 120 156 180 175 93 39 1 195 105 55 63 234 69 185 141 212 142 247
 78 94 214 181 356 229 295 148 394 376 256 139 491 292 49 234 319 166 283 127 167 400 77 275 330 85 283 184 195 1 298 146 136 365 129 306 317 19 74 261
 316 212 134 289 371 77 191 160 202 384 91 180 228 310 259 162 78 171 79 213 153 276 223 149 132 277 57 119 105 298 1 158 164 230 173 165 108 315 239 311
 160 56 126 162 303 85 177 10 261 322 144 32 348 234 117 112 197 51 139 66 87 288 71 191 226 122 138 66 55 146 158 1 37 246 18 222 175 162 105 217
 167 61 100 190 338 99 211 46 290 356 129 63 368 268 97 147 188 86 161 92 55 322 62 166 209 134 155 51 63 136 164 37 1 279 31 199 200 153 80 250
 330 279 326 229 184 209 71 238 66 189 305 234 201 158 353 136 306 205 156 239 313 48 303 368 361 294 177 272 234 365 230 246 279 1 260 390 124 375 347 184
 147 40 128 160 308 101 190 23 277 327 153 33 365 239 100 125 208 59 156 62 86 301 54 195 234 110 155 73 69 129 173 18 31 260 1 227 192 146 89 220
 359 257 100 384 507 192 340 231 366 524 89 253 373 441 258 293 98 264 235 287 147 437 251 33 52 330 214 158 185 306 165 222 199 390 227 1 270 323 233 431
 309 224 218 243 280 107 97 171 101 291 189 179 176 229 291 104 184 156 42 201 217 170 244 251 239 268 59 175 141 317 108 175 200 124 192 270 1 332 277 239
 73 109 231 184 358 246 306 164 406 378 273 154 506 296 66 246 337 179 299 138 185 409 93 292 347 89 299 202 212 19 315 162 153 375 146 323 332 1 91 264
 136 74 142 208 375 178 277 111 365 395 186 114 447 307 26 212 250 144 239 122 97 387 50 202 258 121 234 121 142 74 239 105 80 347 89 233 277 91 1 281
 197 211 339 81 96 248 148 208 245 116 346 188 379 37 274 150 379 169 240 164 303 193 233 401 423 177 259 276 247 261 311 217 250 184 220 431 239 264 281 1
LAMBDA_SECTION
1  29
2  13
3  38
4  30
5  38
6  22
7  34
8  12
9  33
10  36
11  13
12  20
13  38
14  17
15  27
16  22
17  11
18  33
19  13
20  16
21  27
22  32
23  12
24  29
25  35
26  31
27  14
28  16
29  18
30  15
31  21
32  38
33  10
34  11
35  20
36  31
37  16
38  36
39  33
40  31
