NAME : domp180p45v2
COMMENT : (Deleplanque et al.) 
TYPE : DOMP
DIMENSION : 180
DISPLAY_DATA_TYPE: NO_DISPLAY
OPEN_FACILITIES : 45
COST_SECTION
 1 344 124 161 324 341 262 87 100 376 274 339 133 221 183 319 211 282 411 99 371 371 245 438 380 310 384 189 233 280 307 209 17 211 291 274 279 187 190 279 187 89 226 115 190 60 37 153 308 111 232 387 127 177 330 209 232 246 252 355 69 193 232 144 78 41 366 388 335 57 197 8 264 387 160 180 178 260 281 293 83 226 256 75 252 255 211 258 256 54 413 168 212 336 172 207 226 41 274 259 31 339 110 75 225 174 104 82 138 184 141 139 324 250 168 107 313 47 292 155 271 354 199 258 68 227 234 216 306 269 331 152 61 41 228 197 322 225 190 334 242 118 314 354 268 279 226 320 195 281 224 326 232 234 219 260 320 449 321 129 268 331 70 69 139 206 273 282 250 102 295 248 347 54 279 171 160 262 78 382
 344 1 276 213 180 115 202 417 246 79 280 184 325 147 162 129 156 147 82 428 66 35 101 116 122 35 53 185 336 245 59 312 340 273 264 250 81 298 167 263 190 392 154 275 164 363 357 287 228 329 113 47 246 281 277 264 149 155 189 43 369 238 218 269 306 381 53 70 176 304 327 351 112 47 240 223 238 113 339 204 410 173 283 343 282 200 210 215 165 396 112 242 248 176 309 164 236 365 98 253 316 89 262 278 154 239 273 356 342 238 203 257 179 104 324 241 37 386 202 250 207 267 294 206 277 164 133 239 162 192 166 285 285 312 130 182 140 148 166 163 137 248 158 104 302 86 148 188 162 312 295 120 260 122 242 98 262 126 114 259 331 192 317 351 251 288 177 129 240 260 178 231 20 393 66 213 286 321 280 133
 124 276 1 174 209 313 144 161 79 330 319 223 220 131 126 299 193 175 353 168 321 295 191 385 348 242 324 187 307 310 226 277 133 262 168 151 198 253 110 316 89 126 129 172 166 179 112 36 187 204 178 311 34 56 207 256 136 142 137 300 107 227 112 198 160 162 282 334 221 135 274 128 234 312 44 205 213 171 347 305 151 120 305 181 130 137 230 278 253 165 369 49 89 222 245 115 104 164 238 136 116 245 154 64 211 54 25 88 70 63 109 22 323 172 70 115 241 168 303 35 286 231 261 139 101 125 208 94 300 153 323 34 105 126 196 196 305 132 169 222 222 149 306 321 323 196 208 204 174 337 105 223 110 155 96 180 197 397 220 175 333 333 161 180 179 87 275 181 127 142 180 276 286 150 217 66 223 325 56 354
 161 213 174 1 274 183 235 246 98 226 147 288 114 152 94 160 59 220 266 259 223 246 118 288 222 184 242 32 156 137 198 125 151 98 293 273 176 104 126 143 151 238 166 64 53 159 188 207 287 117 109 259 145 219 328 89 169 189 219 211 214 57 220 59 101 190 250 241 281 108 132 168 112 259 172 33 45 174 185 138 242 181 136 135 275 228 58 107 96 209 260 182 224 281 107 150 227 168 125 264 132 243 56 128 68 185 154 212 236 193 72 169 165 152 243 65 191 193 136 176 117 339 106 234 101 175 83 221 146 236 171 204 105 121 84 39 162 158 50 273 87 44 154 198 155 179 71 275 53 169 263 246 248 143 226 161 313 299 239 47 171 173 112 144 39 246 114 210 248 60 250 103 210 214 151 157 81 162 135 224
 324 180 209 274 1 283 67 368 236 258 399 16 374 124 181 288 242 55 253 375 245 173 182 287 299 165 227 261 428 372 128 398 328 366 98 93 124 377 153 387 141 331 111 316 227 369 319 196 55 367 181 185 198 177 99 357 107 87 73 222 314 324 100 328 328 364 146 248 14 312 406 329 236 187 167 301 316 107 450 342 358 102 395 361 135 73 307 337 288 371 290 161 131 15 379 129 114 360 228 104 306 96 296 251 253 155 223 293 250 147 217 190 334 133 218 257 154 370 340 175 335 87 379 72 274 104 234 123 311 57 324 195 282 310 221 265 298 118 231 23 247 284 311 278 415 118 246 10 232 428 162 62 126 135 123 127 87 295 68 307 438 347 334 364 305 165 309 69 99 288 30 346 199 357 172 154 353 428 247 309
 341 115 313 183 283 1 287 425 258 62 187 290 279 208 188 28 132 239 107 437 68 143 128 117 40 119 100 154 258 150 157 240 332 202 353 336 163 234 211 168 242 410 221 244 155 341 365 336 324 290 139 146 281 337 374 194 218 232 271 78 385 180 293 226 282 372 166 84 281 290 260 348 82 144 288 176 187 190 248 105 419 243 196 315 360 283 150 131 95 391 83 295 316 282 250 221 309 350 77 335 311 199 238 292 117 294 302 378 383 296 213 299 70 169 375 236 131 375 104 298 118 369 226 290 276 233 110 309 62 280 55 333 282 303 120 146 34 212 154 269 100 227 54 20 212 169 116 289 149 219 365 226 334 180 313 169 358 126 219 226 242 81 294 325 216 353 92 221 320 242 274 149 97 394 117 262 233 233 297 42
 262 202 144 235 67 287 1 302 180 276 372 82 325 90 143 285 216 57 281 309 264 206 168 316 310 177 253 229 390 350 144 359 268 331 67 50 127 336 111 363 88 264 75 268 195 310 254 130 53 316 162 220 136 111 95 322 75 57 18 240 248 290 33 284 275 301 183 271 80 255 364 267 224 222 103 265 279 98 418 327 292 56 365 305 82 9 277 314 270 307 312 96 65 81 336 87 48 299 220 52 246 134 248 191 230 90 159 227 184 82 170 125 326 121 152 206 169 308 324 110 316 105 340 6 217 63 214 57 302 13 319 129 224 252 200 234 295 84 199 84 229 237 304 286 385 121 224 61 201 399 102 102 65 113 57 120 80 326 103 262 405 339 279 307 261 102 293 74 40 238 41 320 219 293 171 95 310 395 185 320
 87 417 161 246 368 425 302 1 173 457 357 383 208 283 256 404 294 334 489 14 451 442 321 517 463 383 461 274 308 364 375 287 99 294 314 301 347 267 255 363 244 43 284 200 271 121 62 176 341 186 308 458 180 198 352 292 291 301 297 433 55 278 270 228 161 73 433 466 380 142 272 80 346 458 203 266 264 323 358 379 11 279 338 147 269 296 297 344 341 54 494 208 242 381 250 268 259 99 355 285 116 401 196 140 309 214 152 76 133 222 218 181 410 319 171 189 385 76 378 195 357 380 280 298 150 282 316 249 391 312 416 176 143 127 309 282 407 285 272 382 325 204 399 437 349 345 309 363 278 361 236 382 257 301 250 328 344 529 378 215 345 417 152 137 224 222 359 339 280 188 340 333 423 36 353 223 242 341 139 466
 100 246 79 98 236 258 180 173 1 285 241 251 150 124 85 239 129 189 317 184 279 273 149 345 295 213 289 116 231 234 208 200 99 185 225 205 181 176 92 239 96 154 131 97 103 134 112 113 231 138 136 289 55 130 263 178 137 153 167 261 129 150 155 121 95 139 267 294 246 77 199 106 177 289 90 128 135 162 270 233 166 135 227 126 196 173 155 204 184 152 324 100 147 247 170 112 155 128 185 193 75 242 77 35 146 105 57 122 139 114 46 78 256 152 148 37 215 144 231 90 213 281 184 178 39 134 148 147 234 185 258 111 47 76 140 125 244 129 105 243 160 72 241 268 245 180 144 234 111 259 177 230 171 135 151 161 250 357 225 97 256 265 100 129 102 159 206 187 179 66 208 200 252 147 182 87 147 247 41 299
 376 79 330 226 258 62 276 457 285 1 248 262 330 209 206 87 169 222 47 468 14 96 140 63 48 100 43 195 317 211 134 297 369 259 339 324 150 290 221 229 249 437 220 289 187 384 396 347 305 339 153 95 298 344 354 250 215 225 261 37 412 233 288 275 325 410 123 23 253 329 317 383 115 92 298 225 237 182 308 166 450 240 256 360 354 273 202 189 148 428 40 303 316 254 304 224 306 391 103 326 347 166 280 319 159 301 322 403 398 301 240 312 130 166 385 270 108 414 165 308 177 344 282 279 309 230 145 308 122 266 114 344 317 340 149 189 95 212 188 240 140 267 115 43 272 156 156 265 182 279 364 197 330 181 311 162 339 74 191 271 302 140 336 369 262 354 150 204 312 282 255 208 60 428 115 271 285 293 323 59
 274 280 319 147 399 187 372 357 241 248 1 411 155 284 231 162 159 345 294 369 253 313 219 300 217 264 283 145 82 38 294 80 260 64 434 414 282 93 264 20 293 361 299 162 178 242 308 352 422 175 219 322 291 366 466 67 300 321 355 255 338 92 362 132 197 287 330 269 403 220 102 279 174 320 318 115 107 293 62 83 355 318 20 213 420 366 97 66 118 308 265 328 369 404 112 286 370 261 187 406 249 343 173 266 147 331 297 343 377 338 218 315 123 267 388 205 276 287 84 323 74 474 80 372 232 310 167 365 126 370 139 350 233 236 180 139 154 290 174 393 155 173 134 206 26 287 154 402 172 33 409 357 392 266 370 274 451 309 349 151 56 118 206 224 144 392 104 332 390 185 379 54 267 321 240 302 115 48 275 210
 339 184 223 288 16 290 82 383 251 262 411 1 389 138 195 296 254 69 254 389 249 174 193 288 304 172 230 274 441 384 134 411 343 379 105 102 134 390 168 398 156 345 126 331 240 384 334 210 61 382 193 185 213 191 101 370 121 102 88 227 328 337 114 342 343 379 147 251 10 327 419 344 246 187 182 315 329 119 462 353 373 117 407 376 145 88 319 348 299 386 293 176 145 10 393 144 127 375 237 115 321 98 311 266 265 170 237 308 264 162 232 204 342 145 230 271 161 385 350 190 346 84 392 86 289 119 245 137 320 72 332 210 297 325 232 277 306 132 244 23 258 298 320 284 428 128 258 21 245 440 173 66 138 147 136 138 90 296 73 322 451 355 349 379 319 177 319 81 112 303 45 358 204 372 181 169 366 440 262 315
 133 325 220 114 374 279 325 208 150 330 155 389 1 252 197 253 170 322 373 220 329 358 231 392 317 297 351 142 101 172 310 80 117 96 373 354 287 63 222 165 238 220 264 59 166 89 168 255 377 23 222 372 203 275 411 98 269 288 310 320 201 101 303 57 62 137 363 347 382 89 65 137 220 371 239 106 94 281 151 200 208 275 136 62 345 318 130 163 185 157 361 249 296 383 44 246 304 110 234 342 117 355 79 157 175 254 196 212 260 263 158 225 239 261 282 120 304 135 199 238 178 428 76 323 120 271 194 296 227 328 250 253 116 103 197 145 251 258 163 376 193 91 237 297 143 290 180 374 166 155 323 354 319 250 300 271 398 402 347 70 138 241 66 72 76 305 193 315 328 88 347 147 322 173 265 234 49 134 166 316
 221 147 131 152 124 208 90 283 124 209 284 138 252 1 58 202 126 71 227 292 199 165 83 260 236 115 198 141 306 261 96 276 221 245 155 136 68 254 33 273 44 253 16 194 107 256 225 141 139 247 74 181 105 135 184 236 18 39 73 176 231 203 87 205 210 261 153 210 131 197 283 227 138 182 93 180 194 41 331 238 274 38 277 244 154 84 189 225 181 272 248 96 109 132 256 17 102 251 136 132 197 120 175 148 141 93 133 215 196 93 96 111 240 45 178 137 112 266 235 104 226 191 256 91 162 28 125 102 215 88 234 138 170 199 111 146 211 7 111 125 140 162 218 210 297 65 134 124 113 311 158 107 127 29 106 51 169 271 102 185 318 252 218 249 182 147 204 65 116 168 99 231 159 264 96 67 230 308 147 245
 183 162 126 94 181 188 143 256 85 206 231 195 197 58 1 175 78 128 234 267 199 188 67 265 223 128 206 87 249 211 126 219 181 189 204 184 99 197 34 222 65 233 72 139 54 210 196 149 194 193 54 204 94 153 237 180 75 96 126 179 209 147 132 148 159 222 184 213 188 150 225 190 109 204 103 123 137 86 275 194 249 89 223 195 193 136 135 176 138 236 245 111 143 189 199 57 142 208 113 177 157 163 120 117 96 111 117 198 196 116 45 111 204 70 189 87 130 227 192 112 180 247 199 143 118 82 86 138 180 143 202 146 127 155 73 93 182 65 58 181 101 107 185 196 243 99 90 182 61 257 188 159 165 56 143 80 222 276 152 128 263 216 168 200 125 173 161 120 161 114 156 180 168 232 98 79 172 253 119 228
 319 129 299 160 288 28 285 404 239 87 162 296 253 202 175 1 112 240 133 416 92 160 121 143 65 127 123 131 231 125 163 213 310 175 351 334 165 208 201 143 233 391 216 219 137 317 344 324 326 265 130 166 266 326 374 167 214 230 269 97 366 154 288 201 258 349 181 108 287 268 233 326 67 164 277 151 161 190 222 80 398 238 170 291 355 281 124 104 70 368 110 284 309 287 223 213 303 327 67 332 290 209 215 273 96 284 287 360 368 287 196 286 51 166 363 216 139 352 79 286 91 372 199 287 255 228 93 303 37 279 38 321 261 280 104 123 12 207 136 275 81 204 31 47 186 171 96 293 130 194 357 233 328 175 307 167 359 153 225 201 216 63 270 301 192 344 65 223 316 219 276 122 113 372 118 252 206 207 279 65
 211 156 193 59 242 132 216 294 129 169 159 254 170 126 78 112 1 188 208 306 166 190 67 231 170 129 184 29 192 135 148 164 203 129 279 260 130 147 111 148 142 280 142 122 28 216 234 221 264 175 63 203 161 228 310 119 143 163 198 153 255 88 208 114 157 243 196 183 246 161 177 218 55 202 178 69 85 137 209 117 288 162 154 192 271 209 66 100 61 261 205 187 221 247 156 131 219 223 67 253 181 196 112 163 19 188 178 249 261 193 86 182 131 111 260 105 137 246 115 185 102 316 145 216 145 153 26 216 107 213 131 218 152 173 28 27 116 133 26 237 33 99 114 145 174 134 17 244 20 187 265 204 243 109 220 119 294 243 196 105 198 141 168 202 97 250 85 175 237 114 221 106 153 263 98 156 131 187 168 173
 282 147 175 220 55 239 57 334 189 222 345 69 322 71 128 240 188 1 226 342 210 149 130 260 259 124 197 207 374 319 89 344 284 312 118 104 77 323 102 333 95 300 60 264 173 322 281 171 86 316 128 164 158 156 136 302 55 37 48 186 280 270 81 275 279 322 127 216 61 264 352 287 185 165 132 247 262 54 396 291 325 57 341 312 139 57 252 284 235 331 258 129 114 62 325 79 99 315 178 109 261 79 245 208 200 124 184 262 228 118 165 155 285 80 200 206 115 328 288 142 283 133 324 62 227 56 180 105 261 46 276 169 235 264 167 210 250 65 177 55 194 232 262 236 361 71 193 58 177 374 157 50 120 81 107 75 120 270 49 255 384 298 286 316 252 153 257 19 96 237 36 292 164 320 124 113 299 373 205 269
 411 82 353 266 253 107 281 489 317 47 294 254 373 227 234 133 208 226 1 500 44 81 169 36 86 113 31 235 363 257 140 343 405 304 341 329 162 334 244 275 269 466 235 329 223 422 428 367 304 380 182 72 323 361 351 296 230 235 269 57 442 277 299 317 364 447 109 27 246 366 362 418 155 70 319 268 281 194 354 212 481 254 302 400 362 280 246 235 193 463 47 322 329 246 349 243 317 428 142 333 382 158 319 350 200 319 349 431 421 319 272 335 175 183 404 305 117 450 211 329 223 338 327 285 344 244 183 320 168 271 159 364 351 376 186 230 140 228 224 233 181 306 161 89 318 167 196 261 219 325 376 192 340 200 323 178 337 46 187 312 348 185 375 409 303 368 195 208 320 320 255 253 69 462 138 292 328 339 352 96
 99 428 168 259 375 437 309 14 184 468 369 389 220 292 267 416 306 342 500 1 462 452 332 529 475 394 472 286 320 377 385 299 112 307 318 306 357 279 265 375 252 46 293 212 283 133 73 181 346 198 319 468 188 203 355 305 300 309 304 444 63 291 276 241 174 85 443 478 387 155 284 93 358 469 211 279 277 332 370 392 19 287 351 159 272 302 310 357 354 65 506 215 248 388 262 277 265 111 367 290 128 410 208 151 321 221 161 82 135 229 229 189 423 329 173 201 395 87 390 202 369 384 292 304 162 291 328 255 404 318 429 181 155 140 321 295 419 295 284 389 337 216 412 449 361 355 321 369 289 373 239 390 262 311 256 337 348 540 387 227 357 429 164 149 237 226 371 347 285 200 347 346 434 49 364 231 255 353 149 478
 371 66 321 223 245 68 264 451 279 14 253 249 329 199 199 92 166 210 44 462 1 84 132 68 60 88 33 193 320 216 122 300 365 261 327 313 139 291 213 234 240 430 209 286 183 381 390 337 293 337 146 83 290 334 342 252 205 214 250 25 406 233 277 274 322 406 111 19 241 325 318 378 112 81 289 224 237 170 313 171 444 229 260 357 343 262 203 193 150 423 50 293 305 241 305 215 295 387 100 315 342 153 277 313 157 291 315 396 390 291 234 304 138 156 375 265 96 410 170 299 181 332 284 267 304 220 141 297 128 254 122 335 312 336 145 187 100 201 183 228 138 264 121 51 277 145 153 253 178 285 353 185 319 171 300 152 327 79 179 269 307 148 333 367 260 344 153 192 301 278 242 211 47 423 106 262 285 298 316 71
 371 35 295 246 173 143 206 442 273 96 313 174 358 165 188 160 190 149 81 452 84 1 131 115 142 63 58 218 371 278 70 346 368 307 263 251 98 332 189 296 208 415 169 307 196 393 382 303 224 362 143 17 268 294 271 298 163 165 195 67 392 272 226 303 337 409 29 80 166 334 362 378 146 18 257 257 272 127 373 236 434 185 317 374 287 205 244 249 199 424 121 258 258 166 343 181 244 394 132 257 344 78 293 303 188 254 295 378 359 252 231 275 210 125 338 270 59 414 235 267 240 257 328 210 305 177 167 249 194 195 195 301 313 341 163 215 170 165 198 153 171 279 190 130 336 101 182 181 194 346 303 112 267 142 251 117 258 123 108 291 365 222 347 381 284 298 210 133 245 291 176 265 48 419 96 231 319 355 304 154
 245 101 191 118 182 128 168 321 149 140 219 193 231 83 67 121 67 130 169 332 132 131 1 198 159 69 141 93 259 191 82 231 240 195 234 216 64 213 85 206 115 299 97 178 66 263 260 210 212 233 14 146 159 210 260 185 95 112 151 113 275 155 169 176 207 282 133 147 185 204 243 252 57 146 162 135 151 77 273 162 314 119 217 243 236 163 131 156 107 298 179 168 190 186 221 94 184 265 54 213 216 130 163 182 74 167 183 264 260 170 105 174 159 51 249 141 75 286 160 172 154 262 212 170 178 109 53 183 135 163 153 207 186 212 42 93 129 87 69 174 66 149 137 132 237 69 67 186 66 250 238 139 209 56 187 56 244 209 131 163 262 172 217 251 156 226 128 114 197 161 165 166 104 295 36 136 195 252 185 166
 438 116 385 288 287 117 316 517 345 63 300 288 392 260 265 143 231 260 36 529 68 115 198 1 85 146 65 258 373 263 174 356 431 317 376 363 196 349 276 281 302 496 269 351 249 446 456 400 338 401 212 104 355 395 385 310 263 270 304 87 472 293 333 337 388 473 142 52 280 391 375 445 177 102 352 287 299 228 360 219 510 288 311 422 397 315 263 246 209 490 36 355 363 280 365 276 351 453 166 368 408 192 342 379 221 353 380 461 453 352 300 367 179 217 437 332 151 476 218 362 233 371 341 320 371 278 207 354 177 306 163 397 378 402 211 251 149 262 250 267 202 329 168 98 325 201 218 295 244 331 410 226 375 233 357 211 372 12 222 333 356 186 399 432 324 402 207 243 354 344 289 265 102 489 169 325 346 347 382 93
 380 122 348 222 299 40 310 463 295 48 217 304 317 236 223 65 170 259 86 475 60 142 159 85 1 136 89 193 291 180 173 275 371 237 375 359 184 271 243 197 273 447 248 283 193 380 403 369 344 329 171 141 315 368 393 230 245 257 295 79 422 218 320 265 321 411 169 68 295 329 295 387 118 139 321 215 225 214 276 135 457 270 227 354 386 307 188 165 134 430 50 326 345 295 287 250 336 389 111 360 350 209 277 329 156 325 338 415 417 327 250 332 95 195 408 274 146 414 135 330 151 385 262 313 314 260 148 337 95 302 79 366 321 341 156 185 68 240 192 282 139 265 86 28 242 190 155 306 186 247 393 239 361 208 341 193 378 93 233 265 272 102 333 364 255 382 127 241 345 281 293 183 102 432 142 294 270 263 334 12
 310 35 242 184 165 119 177 383 213 100 264 172 297 115 128 127 129 124 113 394 88 63 69 146 136 1 83 157 315 231 39 289 306 251 241 226 52 274 134 248 157 358 123 245 133 331 323 255 209 300 80 78 213 249 258 241 118 127 163 64 335 214 190 241 275 348 69 97 163 272 304 317 92 78 207 197 212 83 322 193 376 143 266 311 256 175 187 199 148 363 137 210 219 163 283 131 208 332 79 228 282 84 231 244 130 207 239 322 309 207 170 223 175 71 292 208 13 353 191 217 193 251 271 180 244 134 108 210 155 168 164 252 252 279 102 155 137 116 136 150 115 217 153 113 285 58 123 172 132 296 266 108 232 89 214 66 243 157 101 229 313 188 285 319 222 258 163 106 214 229 158 213 45 359 34 180 259 303 246 146
 384 53 324 242 227 100 253 461 289 43 283 230 351 198 206 123 184 197 31 472 33 58 141 65 89 83 1 212 348 246 111 326 379 287 314 301 133 316 215 264 239 438 205 306 198 398 400 337 277 358 154 53 294 331 325 279 200 206 240 32 414 257 270 296 340 420 86 24 221 341 344 391 132 51 289 247 260 164 343 202 453 224 289 375 334 252 227 222 176 437 65 293 299 221 330 213 288 402 119 304 355 133 294 322 178 290 320 402 391 289 244 306 169 154 374 279 88 424 200 300 210 313 310 257 317 215 160 291 158 243 153 335 325 350 161 207 131 199 199 208 159 281 152 83 307 137 173 235 194 315 347 166 311 171 294 148 311 75 161 288 337 180 351 384 280 339 182 180 291 295 228 239 40 435 109 263 308 327 324 101
 189 185 187 32 261 154 229 274 116 195 145 274 142 141 87 131 29 207 235 286 193 218 93 258 193 157 212 1 169 128 174 140 180 106 290 270 154 121 120 137 149 263 156 94 35 190 215 218 279 147 87 231 156 227 322 97 158 179 211 181 238 65 217 86 131 220 224 210 266 137 151 196 82 230 178 43 59 157 191 119 268 174 137 165 277 222 50 94 70 238 230 188 226 267 128 142 227 198 95 262 159 221 86 148 38 189 169 235 253 196 79 179 141 133 256 87 165 222 117 184 101 331 121 228 126 167 53 222 120 227 145 215 132 150 56 10 134 147 31 258 56 74 128 168 157 158 41 263 31 171 268 227 249 127 226 142 307 269 220 77 178 150 142 175 69 252 91 195 246 89 238 95 181 242 125 159 103 168 155 194
 233 336 307 156 428 258 390 308 231 317 82 441 101 306 249 231 192 374 363 320 320 371 259 373 291 315 348 169 1 115 338 32 218 65 446 426 321 56 281 99 305 321 320 137 203 188 269 342 441 123 254 381 285 360 481 75 323 344 373 318 301 106 373 111 159 236 383 337 434 185 37 237 226 380 317 128 113 325 52 157 308 336 66 162 424 383 129 129 173 256 339 328 373 435 64 304 378 210 240 416 214 387 155 247 187 332 284 310 355 340 222 308 199 301 374 196 325 234 158 319 142 494 51 389 209 330 209 371 198 390 214 340 208 200 218 167 225 313 198 426 202 161 206 277 59 326 194 429 199 65 407 395 397 295 376 310 467 382 388 135 41 196 165 172 132 389 168 363 401 167 404 110 327 273 286 307 85 40 256 286
 280 245 310 137 372 150 350 364 234 211 38 384 172 261 211 125 135 319 257 377 216 278 191 263 180 231 246 128 115 1 262 106 266 77 413 394 253 112 244 19 275 365 276 166 158 255 312 342 398 190 192 286 280 353 444 75 277 297 332 219 341 89 342 137 204 298 295 232 375 224 128 286 142 284 304 107 104 266 98 46 362 296 50 226 403 344 81 37 86 319 229 314 352 376 131 265 352 272 154 387 253 312 174 262 121 316 290 343 372 323 204 304 86 240 379 199 243 298 47 310 40 449 99 350 231 288 140 348 89 347 102 339 233 240 153 120 117 267 154 365 126 170 97 169 63 258 128 376 151 70 395 327 375 241 352 246 428 272 320 152 93 82 215 237 144 378 69 304 371 184 353 35 232 330 209 286 127 84 270 174
 307 59 226 198 128 157 144 375 208 134 294 134 310 96 126 163 148 89 140 385 122 70 82 174 173 39 111 174 338 262 1 311 305 274 206 192 29 294 121 279 138 347 100 255 145 334 316 234 172 310 89 87 199 225 221 264 94 97 131 98 324 235 160 256 281 346 60 128 125 274 324 314 121 87 187 216 231 57 350 226 367 117 293 317 224 142 210 228 177 360 170 189 191 126 301 112 178 333 110 195 281 51 239 237 152 185 227 309 290 183 169 206 211 58 269 210 28 351 224 198 224 214 292 147 243 108 130 182 190 134 200 232 251 279 121 174 174 95 149 113 140 225 189 151 313 31 145 134 146 325 237 71 202 75 185 49 207 184 63 241 340 224 290 324 235 231 195 71 181 235 122 241 76 353 54 162 276 329 238 183
 209 312 277 125 398 240 359 287 200 297 80 411 80 276 219 213 164 344 343 299 300 346 231 356 275 289 326 140 32 106 311 1 193 40 415 395 293 25 250 94 273 297 290 107 173 168 244 312 410 102 226 357 254 329 450 49 293 313 342 296 276 77 342 81 133 215 357 317 404 158 23 213 201 356 286 98 83 296 74 144 286 305 61 141 393 352 103 111 151 236 322 297 342 405 38 274 347 189 215 384 188 359 125 218 160 301 254 284 327 309 191 278 186 272 344 165 299 214 144 289 126 463 20 358 180 299 182 340 181 359 200 310 179 174 191 138 208 282 169 396 176 130 190 259 65 297 167 399 169 76 376 366 366 265 345 280 436 365 358 104 61 185 140 151 101 358 149 333 369 137 373 93 303 252 259 276 55 55 227 271
 17 340 133 151 328 332 268 99 99 369 260 343 117 221 181 310 203 284 405 112 365 368 240 431 371 306 379 180 218 266 305 193 1 197 300 282 278 172 190 265 190 104 227 101 183 48 52 163 315 96 228 383 132 187 339 195 234 249 257 349 85 180 238 130 64 43 364 381 339 44 181 21 256 383 167 168 166 260 266 281 97 229 242 60 262 260 200 246 245 60 406 175 220 340 156 209 233 32 267 268 25 339 98 78 216 181 112 97 152 191 138 147 313 249 181 101 310 47 280 162 259 362 184 264 64 229 226 224 295 274 320 162 56 31 221 188 312 226 183 337 234 108 304 346 253 278 217 325 188 266 234 327 241 233 227 259 328 443 322 117 253 320 55 54 126 217 262 284 257 92 299 235 343 65 274 175 146 247 83 373
 211 273 262 98 366 202 331 294 185 259 64 379 96 245 189 175 129 312 304 307 261 307 195 317 237 251 287 106 65 77 274 40 197 1 390 370 257 36 222 70 248 299 260 100 140 181 246 297 382 115 191 318 236 312 424 11 263 283 314 257 276 43 317 70 134 225 319 278 372 157 59 217 162 317 266 67 54 263 88 109 292 277 46 152 371 324 65 74 112 246 284 277 320 372 55 245 323 199 176 360 187 323 113 207 123 280 240 281 318 288 167 260 151 238 331 148 261 225 109 270 89 435 26 331 171 270 145 317 144 331 164 294 172 173 154 103 170 252 136 363 138 115 153 220 61 262 130 368 136 76 357 331 344 233 322 246 409 327 324 91 75 151 144 163 85 340 111 300 345 125 343 56 264 259 222 253 53 65 216 234
 291 264 168 293 98 353 67 314 225 339 434 105 373 155 204 351 279 118 341 318 327 263 234 376 375 241 314 290 446 413 206 415 300 390 1 21 192 391 171 425 143 273 140 318 257 345 276 142 45 361 228 276 173 118 40 381 140 123 84 303 262 349 74 337 318 328 238 333 109 296 417 294 290 278 137 324 337 164 477 392 304 119 425 344 49 72 338 378 335 330 374 127 81 110 389 149 70 331 286 33 281 187 298 226 294 122 189 239 185 112 224 155 392 187 147 255 232 334 389 140 380 67 396 66 258 128 279 79 368 75 385 142 265 290 265 296 361 149 261 120 294 288 370 351 445 186 288 89 264 459 82 153 60 179 75 186 31 385 156 314 463 405 321 345 315 93 358 136 46 287 88 383 281 312 237 141 363 454 219 385
 274 250 151 273 93 336 50 301 205 324 414 102 354 136 184 334 260 104 329 306 313 251 216 363 359 226 301 270 426 394 192 395 282 370 21 1 176 372 151 406 123 261 121 298 237 327 261 127 45 342 209 265 155 104 58 361 122 105 66 288 248 329 54 318 299 312 227 319 105 277 398 278 272 267 119 304 317 147 457 373 291 99 406 326 44 54 319 358 316 314 360 109 63 106 369 130 51 314 268 17 263 177 278 208 275 103 172 226 173 94 205 137 374 169 137 236 217 318 370 122 361 81 377 48 240 109 260 60 350 59 368 127 246 271 246 276 343 130 242 114 275 269 352 335 426 170 269 84 244 440 74 143 45 161 57 169 46 373 146 295 444 387 302 327 295 82 339 122 27 268 77 363 267 297 220 121 344 434 201 369
 279 81 198 176 124 163 127 347 181 150 282 134 287 68 99 165 130 77 162 357 139 98 64 196 184 52 133 154 321 253 29 293 278 257 192 176 1 275 93 268 111 319 74 231 124 307 288 207 162 286 68 114 171 200 212 248 69 76 112 115 296 217 139 234 255 319 88 148 125 247 304 286 113 115 160 196 212 33 336 220 338 93 280 291 205 124 194 218 167 332 188 162 168 126 281 85 157 306 104 177 253 69 214 209 137 159 198 281 263 158 142 179 210 30 243 184 46 324 218 171 215 208 274 130 215 83 116 159 188 118 201 205 224 252 105 156 175 68 127 114 128 200 188 160 300 7 130 129 125 312 216 76 181 47 163 20 196 207 68 218 325 223 264 298 212 207 187 59 163 210 112 229 96 325 48 134 255 315 209 194
 187 298 253 104 377 234 336 267 176 290 93 390 63 254 197 208 147 323 334 279 291 332 213 349 271 274 316 121 56 112 294 25 172 36 391 372 275 1 227 103 250 275 268 83 153 150 222 288 388 84 207 344 230 305 427 42 271 292 320 286 254 61 319 56 110 197 342 309 383 135 31 192 188 343 262 79 64 276 97 144 266 283 74 122 369 329 90 109 142 217 317 273 318 384 20 252 324 170 202 361 165 342 100 194 145 277 230 261 303 286 168 254 186 252 320 141 283 196 144 265 124 440 14 335 156 277 167 317 178 337 198 285 156 151 174 121 204 260 149 375 162 106 187 253 83 278 152 377 150 95 352 347 342 245 321 261 413 359 339 80 83 186 118 133 77 334 144 313 346 112 352 91 291 232 243 252 31 77 203 268
 190 167 110 126 153 211 111 255 92 221 264 168 222 33 34 201 111 102 244 265 213 189 85 276 243 134 215 120 281 244 121 250 190 222 171 151 93 227 1 256 33 227 43 164 87 224 196 127 162 216 73 205 80 127 204 212 48 67 94 191 204 180 99 177 178 230 179 226 161 165 255 196 135 206 78 156 169 71 308 226 247 56 256 212 161 104 169 209 169 242 261 85 111 162 228 25 109 220 136 144 166 150 144 118 127 84 107 190 178 87 65 92 234 65 165 106 133 235 224 88 212 214 231 110 130 51 116 106 209 111 230 124 138 167 102 126 209 38 92 156 131 132 214 216 276 91 122 153 94 290 158 139 133 47 110 74 189 288 133 155 295 246 186 217 154 144 193 97 128 136 127 213 177 234 108 52 202 285 118 250
 279 263 316 143 387 168 363 363 239 229 20 398 165 273 222 143 148 333 275 375 234 296 206 281 197 248 264 137 99 19 279 94 265 70 425 406 268 103 256 1 286 365 289 166 169 250 312 349 411 184 207 304 287 361 457 71 290 310 345 237 342 91 353 136 202 294 313 251 390 224 116 285 159 302 313 112 106 281 80 64 360 308 35 221 413 356 89 51 103 315 246 323 362 391 123 277 363 268 171 398 253 328 175 266 135 325 295 345 376 332 213 311 104 255 386 204 260 294 65 318 57 463 91 363 233 300 154 358 108 360 119 346 235 240 167 130 135 280 165 380 141 173 115 187 45 274 142 390 162 51 404 343 385 255 363 261 441 290 336 153 75 99 212 233 145 387 87 319 382 186 367 44 250 327 225 295 122 67 274 191
 187 190 89 151 141 242 88 244 96 249 293 156 238 44 65 233 142 95 269 252 240 208 115 302 273 157 239 149 305 275 138 273 190 248 143 123 111 250 33 286 1 212 42 181 118 229 188 99 140 229 104 224 65 96 178 239 48 60 73 217 191 207 70 197 189 228 194 251 151 172 277 193 167 225 51 182 195 83 335 258 234 40 284 221 130 80 198 240 201 237 288 55 79 152 249 27 78 221 168 114 167 158 161 114 159 53 93 174 153 55 84 69 266 86 137 119 154 233 256 61 244 192 255 86 134 41 148 74 242 91 262 96 142 171 134 156 241 44 122 148 163 150 246 247 304 108 154 139 125 318 126 140 101 69 79 93 163 313 136 175 322 278 195 224 175 112 225 97 98 151 112 243 201 227 135 24 223 312 111 280
 89 392 126 238 331 410 264 43 154 437 361 345 220 253 233 391 280 300 466 46 430 415 299 496 447 358 438 263 321 365 347 297 104 299 273 261 319 275 227 365 212 1 253 200 256 139 54 136 301 199 286 431 149 158 310 295 259 267 260 411 26 277 232 230 166 95 404 445 343 143 284 85 330 432 168 262 262 293 369 374 34 245 343 161 227 258 292 341 332 81 476 172 203 344 260 237 220 116 338 245 113 369 192 119 296 178 121 39 91 185 199 146 402 291 129 177 358 99 373 159 353 339 287 260 139 249 300 210 382 274 407 137 134 126 292 272 395 255 257 345 311 198 389 421 356 317 295 325 262 369 195 348 217 274 211 300 303 508 345 213 356 410 158 152 222 181 351 306 240 183 303 332 400 59 330 190 248 351 115 451
 226 154 129 166 111 221 75 284 131 220 299 126 264 16 72 216 142 60 235 293 209 169 97 269 248 123 205 156 320 276 100 290 227 260 140 121 74 268 43 289 42 253 1 206 122 264 228 135 124 258 89 186 106 127 169 250 8 25 58 186 231 218 73 218 220 266 155 219 119 205 296 232 153 186 89 194 208 44 345 253 275 23 292 253 140 69 204 240 196 276 258 90 98 120 269 20 89 258 150 117 204 118 186 152 156 86 133 215 191 85 107 109 254 55 170 147 119 272 251 99 242 176 270 76 169 13 140 90 230 73 249 133 177 206 126 161 225 10 126 114 155 174 233 223 312 70 150 111 128 326 146 101 114 42 93 59 154 279 96 197 333 267 227 258 195 136 219 58 101 178 85 246 168 267 107 64 243 323 150 257
 115 275 172 64 316 244 268 200 97 289 162 331 59 194 139 219 122 264 329 212 286 307 178 351 283 245 306 94 137 166 255 107 101 100 318 298 231 83 164 166 181 200 206 1 113 99 148 207 320 56 168 321 151 225 355 96 211 230 253 274 177 80 247 31 41 135 310 304 324 59 103 121 175 321 185 71 66 224 179 182 197 217 145 73 292 260 101 146 152 156 322 195 242 325 74 188 249 111 188 287 88 298 21 112 131 200 148 182 221 209 100 174 216 205 238 64 251 137 180 186 159 371 93 266 74 213 147 241 200 271 224 204 74 75 147 100 220 200 110 318 150 33 209 259 159 233 134 315 114 173 273 296 266 193 245 215 341 362 290 19 165 221 52 83 29 254 165 257 272 32 289 134 273 165 212 178 53 158 121 283
 190 164 166 53 227 155 195 271 103 187 178 240 166 107 54 137 28 173 223 283 183 196 66 249 193 133 198 35 203 158 145 173 183 140 257 237 124 153 87 169 118 256 122 113 1 201 211 194 245 167 57 210 134 201 289 131 124 145 178 168 230 98 185 112 144 224 199 199 232 144 183 197 76 209 151 76 91 124 225 143 265 141 171 180 246 188 83 123 88 242 224 160 196 233 158 109 195 205 85 230 160 191 99 137 46 161 151 224 234 167 60 155 158 100 233 84 140 228 141 159 127 297 154 195 123 133 46 191 134 194 158 191 130 154 39 40 142 113 5 224 58 85 141 167 191 127 43 229 9 205 240 195 218 94 196 109 274 260 187 97 212 168 154 188 91 224 111 161 214 98 204 127 164 242 100 130 132 202 143 197
 60 363 179 159 369 341 310 121 134 384 242 384 89 256 210 317 216 322 422 133 381 393 263 446 380 331 398 190 188 255 334 168 48 181 345 327 307 150 224 250 229 139 264 99 201 1 92 210 358 68 251 408 175 233 384 180 270 286 298 367 124 173 282 121 60 49 392 398 379 61 152 61 270 408 210 168 161 293 238 276 122 268 223 30 308 302 198 240 249 69 418 220 265 380 132 245 278 24 282 313 65 372 105 121 227 225 157 140 198 235 166 191 313 279 227 125 335 47 275 206 254 406 163 306 96 267 240 268 297 316 321 208 88 59 238 197 317 261 200 376 245 118 306 356 231 308 229 366 205 243 281 362 287 264 271 289 372 457 357 116 226 317 48 18 126 263 263 320 302 104 340 226 363 87 298 216 129 222 127 381
 37 357 112 188 319 365 254 62 112 396 308 334 168 225 196 344 234 281 428 73 390 382 260 456 403 323 400 215 269 312 316 244 52 246 276 261 288 222 196 312 188 54 228 148 211 92 1 135 297 147 247 398 124 159 315 242 235 246 247 372 34 225 223 177 113 56 375 406 331 90 232 33 286 399 153 210 210 266 317 323 55 225 290 110 234 248 241 289 283 55 434 159 199 332 207 211 214 70 295 245 60 344 140 80 249 165 98 49 110 174 157 130 353 259 143 129 325 62 322 145 301 341 234 250 90 227 256 204 333 263 358 135 84 74 249 223 347 228 211 330 265 147 341 377 303 287 249 314 217 316 203 327 217 242 207 269 305 468 323 161 303 360 105 103 170 187 301 284 237 131 290 280 363 40 293 169 195 298 80 406
 153 287 36 207 196 336 130 176 113 347 352 210 255 141 149 324 221 171 367 181 337 303 210 400 369 255 337 218 342 342 234 312 163 297 142 127 207 288 127 349 99 136 135 207 194 210 135 1 167 239 198 319 63 25 180 290 141 143 128 315 122 261 98 233 195 188 287 349 209 169 309 156 257 320 49 238 247 177 382 335 166 121 339 215 100 124 262 310 281 189 386 46 68 210 280 125 85 193 260 111 148 246 189 99 239 50 60 100 58 54 139 40 350 184 40 150 251 195 333 39 317 207 296 125 136 128 233 75 327 141 349 4 140 159 221 226 330 140 197 212 248 184 332 342 357 204 235 190 202 371 72 220 83 167 76 190 171 411 218 209 368 361 195 213 214 54 304 180 105 177 169 308 299 171 233 76 258 360 90 375
 308 228 187 287 55 324 53 341 231 305 422 61 377 139 194 326 264 86 304 346 293 224 212 338 344 209 277 279 441 398 172 410 315 382 45 45 162 388 162 411 140 301 124 320 245 358 297 167 1 367 208 237 184 144 50 373 123 103 69 269 287 341 78 336 325 347 199 297 66 305 415 312 268 239 149 317 330 138 468 373 331 107 415 355 87 60 327 362 316 351 339 141 100 66 387 138 84 346 262 60 294 148 299 239 278 135 205 266 216 125 222 170 369 163 180 257 199 353 370 155 363 53 392 55 267 113 261 94 345 53 361 166 274 301 247 284 336 133 249 77 275 288 347 321 435 156 272 46 251 449 118 113 87 159 92 160 35 347 117 314 456 382 330 356 313 125 339 104 62 290 52 369 247 335 209 145 361 446 233 354
 111 329 204 117 367 290 316 186 138 339 175 382 23 247 193 265 175 316 380 198 337 362 233 401 329 300 358 147 123 190 310 102 96 115 361 342 286 84 216 184 229 199 258 56 167 68 147 239 367 1 223 376 189 259 399 116 263 281 301 327 180 114 292 65 45 115 365 355 376 71 87 115 227 375 225 115 105 278 173 216 186 267 156 40 331 308 142 179 196 135 371 236 283 377 65 239 292 88 240 329 97 353 73 141 182 241 180 191 241 250 152 211 254 259 264 112 306 114 215 224 194 418 97 313 105 264 199 284 241 319 264 236 100 83 201 152 264 253 165 371 201 87 250 307 165 288 186 366 169 176 308 350 306 247 288 269 386 412 344 71 160 257 46 51 79 290 206 310 316 80 340 164 327 151 267 223 65 156 149 328
 232 113 178 109 181 139 162 308 136 153 219 193 222 74 54 130 63 128 182 319 146 143 14 212 171 80 154 87 254 192 89 226 228 191 228 209 68 207 73 207 104 286 89 168 57 251 247 198 208 223 1 158 146 199 255 181 88 107 145 126 261 150 161 168 196 269 143 160 185 192 237 239 65 158 150 129 145 75 271 166 300 111 215 232 227 157 128 157 109 285 192 157 180 186 214 84 175 253 64 205 204 136 152 169 73 156 170 251 247 159 91 162 166 49 237 129 85 273 163 160 156 258 206 163 165 102 54 174 142 158 161 195 173 200 41 88 138 80 60 175 68 138 145 145 236 72 66 184 58 249 228 142 200 50 178 57 239 223 134 153 260 179 206 240 147 215 132 114 189 150 162 166 117 282 48 124 188 250 171 178
 387 47 311 259 185 146 220 458 289 95 322 185 372 181 204 166 203 164 72 468 83 17 146 104 141 78 53 231 381 286 87 357 383 318 276 265 114 344 205 304 224 431 186 321 210 408 398 319 237 376 158 1 284 310 283 309 179 180 210 70 408 284 241 316 352 425 39 76 177 349 373 393 157 3 273 270 284 143 382 243 450 201 326 388 301 220 255 258 209 439 115 274 273 177 355 198 260 409 143 271 359 90 307 319 200 271 311 394 375 268 247 292 214 141 354 285 75 429 242 284 249 268 339 224 321 193 180 264 200 209 200 317 329 356 176 228 175 181 212 164 183 293 195 131 345 117 194 193 208 354 319 125 282 159 267 133 270 112 121 305 374 226 362 396 298 313 219 148 259 306 190 274 55 435 111 247 332 364 320 153
 127 246 34 145 198 281 136 180 55 298 291 213 203 105 94 266 161 158 323 188 290 268 159 355 315 213 294 156 285 280 199 254 132 236 173 155 171 230 80 287 65 149 106 151 134 175 124 63 184 189 146 284 1 77 212 229 112 123 126 269 127 199 108 174 146 167 257 303 209 124 253 132 201 284 37 177 185 145 322 273 170 101 278 172 143 129 200 248 220 175 337 47 94 210 224 89 105 164 205 141 111 222 131 55 179 52 29 111 103 62 77 25 290 144 101 90 212 173 271 36 255 233 237 133 86 104 175 96 267 143 290 60 92 118 163 164 272 107 136 208 189 125 273 288 296 169 175 194 142 310 123 204 118 126 99 152 200 366 200 151 309 301 149 173 154 105 243 161 129 120 169 246 255 163 186 46 200 300 50 321
 177 281 56 219 177 337 111 198 130 344 366 191 275 135 153 326 228 156 361 203 334 294 210 395 368 249 331 227 360 353 225 329 187 312 118 104 200 305 127 361 96 158 127 225 201 233 159 25 144 259 199 310 77 1 157 304 133 131 111 311 145 275 79 250 215 212 277 345 190 190 327 179 260 311 51 251 261 169 398 343 188 110 353 237 76 106 274 320 288 213 383 43 47 191 298 120 64 217 262 88 171 233 206 119 246 44 80 123 74 43 150 52 356 179 45 165 245 218 341 44 326 184 313 106 156 118 238 55 332 122 354 26 160 181 225 236 334 134 205 194 253 200 337 342 372 196 241 170 209 386 50 206 60 163 55 184 148 405 204 226 384 367 216 235 230 32 312 167 83 194 151 320 294 195 230 76 275 375 111 375
 330 277 207 328 99 374 95 352 263 354 466 101 411 184 237 374 310 136 351 355 342 271 260 385 393 258 325 322 481 444 221 450 339 424 40 58 212 427 204 457 178 310 169 355 289 384 315 180 50 399 255 283 212 157 1 415 168 149 113 318 300 383 110 374 357 367 245 345 108 335 454 334 316 285 176 358 372 186 511 420 342 149 458 383 84 102 371 408 363 368 387 166 120 108 425 181 108 370 311 72 320 194 335 265 324 161 228 277 221 151 260 194 417 211 183 292 248 373 418 179 409 33 432 95 297 157 307 117 394 99 410 181 303 329 294 328 384 178 293 120 322 325 395 370 479 205 318 91 295 493 117 160 99 206 114 208 17 394 165 351 498 430 360 384 351 130 386 154 84 325 101 414 295 351 258 178 400 488 258 403
 209 264 256 89 357 194 322 292 178 250 67 370 98 236 180 167 119 302 296 305 252 298 185 310 230 241 279 97 75 75 264 49 195 11 381 361 248 42 212 71 239 295 250 96 131 180 242 290 373 116 181 309 229 304 415 1 253 274 305 248 272 34 308 66 132 224 309 270 362 154 67 214 153 308 258 58 45 253 97 104 290 268 51 152 363 315 56 68 104 245 276 269 311 363 60 236 315 198 167 352 184 313 108 201 113 272 233 277 312 280 159 253 145 228 325 141 251 224 104 262 83 425 33 321 166 261 135 309 137 322 158 287 167 170 144 94 163 242 126 353 128 108 146 213 68 252 120 358 126 83 350 322 335 223 313 236 400 319 314 85 84 146 142 163 78 332 104 291 336 119 334 51 255 257 212 244 52 74 210 227
 232 149 136 169 107 218 75 291 137 215 300 121 269 18 75 214 143 55 230 300 205 163 95 263 245 118 200 158 323 277 94 293 234 263 140 122 69 271 48 290 48 259 8 211 124 270 235 141 123 263 88 179 112 133 168 253 1 22 57 181 238 221 76 222 225 273 148 215 115 211 300 238 151 180 95 197 211 38 348 253 282 26 294 259 143 69 205 241 196 283 254 96 102 115 273 26 92 264 148 119 210 111 191 159 157 92 140 221 197 90 112 115 253 51 176 153 113 278 251 106 242 174 274 76 175 16 140 94 229 71 247 139 183 212 126 163 223 12 128 109 155 178 231 219 314 64 150 107 130 328 150 94 117 40 97 54 153 274 90 201 335 266 232 263 199 140 219 51 103 183 82 248 163 273 103 71 247 325 157 253
