NAME : domp220p73v8
COMMENT : (Deleplanque et al.) 
TYPE : DOMP
DIMENSION : 220
DISPLAY_DATA_TYPE: NO_DISPLAY
OPEN_FACILITIES : 73
COST_SECTION
 1 184 162 224 173 119 93 132 204 100 88 201 253 174 163 142 113 48 272 114 203 202 176 155 66 148 165 182 125 115 249 139 245 146 250 62 65 254 279 201 259 174 104 303 106 222 181 75 239 230 64 126 59 234 126 127 104 218 262 159 51 230 123 150 141 264 195 69 144 113 104 257 283 120 194 56 170 158 197 193 92 167 245 260 67 166 288 287 206 269 151 140 148 106 138 183 276 258 217 223 120 137 99 35 182 181 97 185 210 150 80 89 158 122 97 122 150 167 86 138 63 241 66 100 139 254 96 94 196 227 68 32 151 88 163 178 171 15 59 280 136 102 255 181 235 47 251 87 23 168 150 203 290 126 103 224 118 201 135 61 176 22 123 212 127 78 125 88 191 158 235 88 217 177 124 189 124 313 110 180 146 80 149 257 193 195 171 255 277 121 83 66 54 141 165 217 219 184 133 119 137 203 141 219 147 194 88 114 127 168 196 254 213 254 169 135 99 215 41 207
 184 1 103 129 175 296 266 231 270 98 135 138 100 104 318 143 259 138 100 110 171 102 217 202 156 207 169 281 127 136 279 177 68 217 80 224 198 278 282 284 174 161 281 120 129 82 362 242 88 51 234 293 216 280 301 189 283 259 204 244 194 289 133 114 101 194 77 197 157 292 84 80 100 201 102 199 278 223 376 270 141 19 304 209 128 338 249 241 380 222 46 100 176 192 106 249 93 190 267 278 282 158 281 161 220 92 267 54 294 168 122 206 58 127 143 173 198 310 164 74 212 137 241 147 314 277 116 233 178 277 181 209 114 214 260 90 133 170 160 98 304 169 150 10 54 207 186 243 180 106 122 124 108 221 282 93 277 210 315 190 240 189 297 83 292 111 274 190 247 258 95 269 254 124 90 10 189 296 80 263 59 155 250 75 270 98 284 259 103 171 224 214 153 322 309 206 297 227 314 247 311 378 317 393 261 15 216 289 59 157 106 90 45 78 295 298 206 135 151 279
 162 103 1 224 73 279 254 148 320 133 78 223 202 186 322 203 192 132 196 158 250 43 273 107 173 114 68 316 181 184 344 228 125 260 118 220 141 346 358 327 269 59 234 191 61 183 334 191 93 145 187 287 165 339 285 231 263 319 294 154 197 343 185 18 167 286 48 208 61 272 80 172 178 118 34 203 308 269 353 315 77 101 204 298 141 327 336 330 365 310 120 166 231 223 25 297 167 282 323 333 280 65 244 157 277 179 214 149 199 226 146 225 138 179 179 217 104 322 191 42 214 235 196 76 299 345 67 243 252 334 196 193 17 147 295 23 32 150 111 172 245 93 248 109 144 161 277 185 147 185 24 213 174 253 262 193 277 278 268 135 144 155 283 182 232 91 206 213 299 291 84 231 315 25 44 99 103 379 116 169 51 94 163 149 174 189 198 333 197 215 161 217 163 277 320 281 200 283 289 173 298 362 300 379 288 99 149 275 80 226 35 190 146 172 317 296 133 226 149 327
 224 129 224 1 291 302 272 322 193 130 224 35 72 51 296 96 330 183 111 111 68 230 143 309 165 310 284 223 103 116 178 126 169 163 189 232 269 174 168 215 46 280 326 177 228 57 375 297 210 119 287 289 277 189 306 146 296 169 77 342 204 203 107 231 84 65 205 195 267 304 168 120 156 296 230 206 227 162 381 199 233 124 415 84 159 332 124 115 374 96 106 86 117 164 219 178 160 62 180 192 275 266 314 191 141 49 320 77 395 108 146 191 88 106 134 135 304 278 155 186 216 18 289 242 318 173 208 220 81 189 180 236 231 291 207 215 254 214 234 161 359 262 32 121 127 265 59 306 234 57 238 24 177 183 295 45 267 117 354 261 345 240 300 49 350 186 343 175 170 207 219 306 163 247 196 137 287 173 131 363 174 240 341 153 373 36 373 149 120 134 295 217 173 358 278 101 400 149 327 326 313 373 320 384 220 140 292 295 151 83 234 90 97 115 254 288 291 17 184 204
 173 175 73 291 1 279 259 99 361 184 92 287 274 249 333 256 156 162 268 211 309 97 319 46 208 57 10 348 233 232 393 274 194 300 183 234 126 396 412 363 336 17 213 258 77 254 321 172 154 217 172 293 151 384 285 273 262 365 358 94 219 386 236 62 225 352 115 234 31 269 131 244 248 76 90 224 338 310 343 353 85 171 132 360 180 327 398 392 361 373 186 224 280 259 73 338 236 347 368 376 289 37 231 183 324 245 190 218 130 277 189 254 204 231 223 261 46 339 229 106 234 303 183 75 297 396 97 265 309 379 226 202 62 120 328 92 45 166 115 241 212 74 317 180 216 152 341 159 152 247 55 278 241 287 260 263 289 331 245 124 77 158 285 252 200 127 167 246 343 323 141 218 362 57 97 171 63 437 171 104 120 94 109 219 107 256 141 387 269 259 136 237 195 255 337 337 130 329 282 132 298 358 299 374 316 172 121 276 142 281 87 263 218 245 340 304 101 291 177 366
 119 296 279 302 279 1 32 207 193 201 203 271 348 258 69 208 155 160 374 203 258 320 197 249 146 240 272 150 202 189 251 184 360 161 366 75 154 258 291 176 325 284 93 414 222 317 74 115 357 338 111 29 131 227 7 163 18 222 314 233 105 216 198 267 228 323 314 109 253 13 220 364 393 211 312 101 135 170 82 178 206 278 314 308 170 49 324 327 87 314 257 228 194 141 255 181 387 317 214 213 39 245 62 136 203 270 111 285 270 201 177 113 259 200 172 170 245 90 150 257 89 319 101 212 20 259 214 86 246 220 125 89 267 166 143 296 285 132 171 391 128 206 332 291 345 128 309 134 134 251 266 280 402 134 20 316 48 232 90 156 257 125 10 306 130 196 156 129 194 139 353 71 223 293 242 302 220 332 217 250 264 191 216 369 263 282 220 272 381 171 152 88 145 86 88 255 281 200 28 177 20 85 22 101 119 307 165 9 242 227 313 354 318 360 112 41 185 289 146 189
 93 266 254 272 259 32 1 196 175 171 179 242 318 227 76 178 150 131 343 172 230 294 172 233 115 224 252 135 172 159 231 155 331 137 337 44 137 238 270 161 296 263 95 383 198 286 104 106 329 308 99 35 116 209 37 135 26 201 287 222 74 199 167 242 197 295 286 78 232 33 192 333 362 195 286 70 120 146 113 160 183 248 306 281 139 74 299 302 116 288 227 197 166 112 230 161 357 289 195 195 33 225 66 106 179 239 109 254 264 173 147 84 228 169 141 141 229 89 119 229 58 289 90 190 50 239 188 59 218 201 95 62 243 152 125 270 262 105 148 361 134 187 302 261 314 110 281 125 110 220 242 249 372 109 26 285 36 207 103 137 245 103 32 275 133 169 153 99 173 121 326 69 202 269 215 272 203 310 187 241 236 169 207 339 254 251 215 250 350 141 139 57 114 102 87 229 275 176 56 169 47 114 52 129 101 277 151 25 212 198 288 323 287 329 104 46 170 260 116 173
 132 231 148 322 99 207 196 1 335 195 101 307 326 273 271 259 62 150 330 220 319 184 305 55 191 44 96 311 238 232 380 265 270 277 264 185 68 384 407 331 363 112 126 336 103 299 235 93 239 280 98 227 82 365 213 256 190 349 376 28 182 362 239 131 242 374 194 200 90 196 158 309 321 31 176 186 298 289 259 324 93 221 114 376 175 253 409 406 281 387 223 241 274 236 131 314 311 369 348 354 228 84 150 158 312 274 103 260 79 274 188 220 238 235 216 249 54 283 212 159 191 337 108 85 223 384 119 221 315 358 199 152 132 46 293 170 131 133 91 316 117 63 352 234 281 91 362 75 111 269 124 304 319 257 188 306 230 327 154 73 51 111 215 294 105 137 71 219 322 289 229 139 347 144 142 231 45 439 192 49 174 83 20 292 62 288 54 382 333 247 57 193 176 165 281 340 88 314 204 36 225 278 224 294 276 234 47 207 180 287 174 319 273 308 292 240 35 317 158 338
 204 270 320 193 361 193 175 335 1 189 270 160 262 176 147 128 307 200 299 166 127 348 54 353 154 348 352 48 145 139 60 95 333 62 348 159 268 68 101 26 189 357 266 360 285 238 255 262 356 289 252 167 258 36 193 90 198 35 160 362 155 27 140 317 170 175 329 136 331 202 241 302 338 322 343 151 62 52 248 16 278 255 448 150 182 195 149 157 229 150 226 171 95 103 301 24 339 171 24 22 154 325 239 182 54 192 274 228 413 103 176 116 213 146 142 104 348 121 133 281 148 205 247 288 198 69 266 123 113 28 139 188 317 291 51 325 342 205 254 341 305 298 211 261 298 247 165 280 226 171 320 176 356 79 199 229 146 78 277 263 378 225 186 226 302 236 315 118 24 55 360 239 39 342 277 279 323 143 207 384 278 273 351 326 396 196 370 88 308 106 284 146 167 275 122 100 421 46 220 319 192 229 200 234 75 284 291 186 245 119 346 277 264 297 91 158 302 177 185 12
 100 98 133 130 184 201 171 195 189 1 101 113 154 80 221 73 201 55 175 28 128 160 141 190 58 189 175 190 51 52 213 96 165 130 175 128 140 215 229 198 170 176 203 214 110 123 271 170 175 138 160 197 148 207 207 101 190 187 183 217 98 212 54 132 48 180 143 100 155 199 55 163 192 170 155 103 185 138 283 185 110 81 295 183 34 242 218 214 284 194 57 47 100 98 117 166 188 175 191 201 186 152 196 70 145 84 194 87 271 95 25 109 60 48 49 86 185 213 67 93 116 147 164 121 220 214 89 135 127 202 83 119 132 162 169 137 158 88 106 191 233 138 161 93 145 137 168 178 106 75 137 111 203 128 189 125 180 148 234 131 224 113 202 113 223 61 214 94 168 166 176 186 183 156 92 106 164 255 21 238 90 114 214 170 249 98 245 204 181 84 165 118 58 239 211 155 277 151 222 197 216 282 222 297 167 112 163 194 58 99 159 156 118 160 200 201 163 124 61 196
 88 135 78 224 92 203 179 101 270 101 1 212 227 176 250 171 126 71 233 128 228 119 230 90 117 89 84 257 149 146 304 185 183 209 182 148 68 307 326 272 266 90 159 247 20 200 257 117 164 184 112 212 90 294 209 182 187 276 282 119 129 295 151 65 147 279 118 144 62 196 58 213 230 73 111 135 247 219 276 262 10 123 195 283 90 251 318 314 289 294 123 146 192 168 54 247 221 273 278 286 206 56 168 92 235 176 141 161 173 190 101 163 139 146 134 171 85 252 138 67 145 239 121 21 222 307 20 176 227 288 135 118 65 81 237 97 84 78 34 226 175 39 253 136 187 85 267 113 70 173 64 207 232 196 185 206 204 244 194 60 124 79 208 194 162 41 141 155 252 232 157 155 273 91 49 136 65 354 94 140 81 22 120 202 150 189 153 300 237 169 92 148 103 202 251 253 178 239 213 113 222 286 224 302 225 140 82 199 80 198 112 221 175 212 251 222 73 220 86 275
 201 138 223 35 287 271 242 307 160 113 212 1 103 39 263 65 309 163 141 90 38 235 109 299 138 300 279 189 76 88 150 92 188 129 207 202 251 148 147 181 59 276 300 204 218 81 344 274 223 139 264 257 256 158 275 113 266 138 72 329 175 172 79 229 66 68 212 165 261 274 159 146 183 282 234 177 193 128 349 166 221 129 405 75 138 299 114 107 341 88 105 67 83 132 215 145 185 63 149 161 243 258 286 167 108 47 297 85 383 74 124 159 87 80 107 103 295 244 125 184 186 50 265 231 286 147 197 188 49 158 151 209 228 273 173 218 253 191 218 186 335 250 61 129 148 244 56 285 213 41 235 17 202 149 265 71 234 86 327 242 335 218 268 70 326 173 322 144 137 173 231 279 133 247 191 146 276 159 119 350 173 226 327 176 361 43 357 125 149 102 275 187 148 330 244 73 389 116 297 308 281 340 289 351 186 150 274 263 146 49 238 119 115 141 220 255 275 20 161 171
 253 100 202 72 274 348 318 326 262 154 227 103 1 95 353 151 346 207 40 146 138 195 210 301 204 305 268 289 149 162 249 186 113 226 134 275 284 246 238 283 102 260 356 106 224 32 420 321 160 65 312 339 297 260 353 205 339 240 141 341 245 273 154 214 121 125 170 241 256 348 170 54 87 297 197 249 291 227 429 268 234 106 404 150 187 383 187 177 426 161 106 122 179 218 205 246 93 124 251 263 326 256 349 222 210 81 346 69 392 170 176 242 96 151 178 191 297 337 200 172 260 67 316 242 366 245 208 271 151 260 224 271 213 303 271 187 232 240 246 92 384 263 72 95 71 287 124 326 257 102 221 87 108 242 339 36 318 188 387 275 339 265 347 44 373 195 360 225 239 270 172 339 234 222 187 104 285 238 145 360 157 246 345 91 368 71 379 220 48 190 310 262 208 392 337 172 395 218 371 337 361 425 368 438 281 104 304 341 147 147 201 20 56 49 316 340 298 87 214 273
 174 104 186 51 249 258 227 273 176 80 176 39 95 1 259 57 279 133 128 61 68 199 123 263 116 264 241 197 56 70 177 92 160 133 177 185 219 176 180 194 91 239 276 186 182 66 330 247 191 114 236 246 226 181 262 111 250 160 110 294 157 192 61 191 34 104 176 150 224 258 122 128 163 247 197 159 198 136 337 179 185 93 369 113 108 290 152 145 333 125 68 35 86 124 177 158 164 99 169 181 233 221 265 141 124 17 270 54 348 77 95 148 50 59 87 97 258 243 109 146 170 68 239 195 274 175 161 178 75 179 134 187 190 241 179 181 215 163 184 166 309 214 82 95 123 215 93 256 184 8 197 32 181 147 249 61 225 109 305 210 299 190 256 53 300 137 292 132 153 177 198 257 155 210 153 113 240 196 83 315 136 192 293 151 325 26 323 156 136 95 244 171 123 309 242 103 353 132 282 276 269 332 276 344 187 117 242 250 109 58 201 106 89 123 222 247 241 45 134 186
 163 318 322 296 333 69 76 271 147 221 250 263 353 259 1 204 222 193 383 214 241 360 168 308 164 299 326 100 206 193 206 172 385 137 394 103 212 214 248 125 310 336 161 432 268 323 111 180 390 355 174 45 191 180 65 151 84 180 291 297 128 166 200 312 235 303 350 122 305 82 253 377 410 270 353 123 87 142 102 132 254 300 380 283 194 50 292 297 84 287 276 234 181 135 298 143 406 297 170 166 45 298 131 167 173 273 179 297 337 189 197 114 273 204 180 163 304 28 157 293 110 312 164 262 63 215 256 87 227 173 139 133 312 227 103 336 333 173 220 409 196 261 323 312 363 185 290 199 183 252 312 274 422 115 86 318 46 205 157 212 320 176 61 310 198 233 224 131 156 100 388 138 183 339 281 326 278 290 239 315 298 241 281 389 328 283 287 233 391 164 214 107 168 151 26 229 348 168 89 242 58 83 64 91 82 331 227 67 271 215 355 362 332 373 57 32 245 282 176 141
 142 143 203 96 256 208 178 259 128 73 171 65 151 57 204 1 253 111 184 46 62 226 75 260 77 258 248 143 23 28 142 37 206 79 222 138 197 144 157 143 121 249 239 239 182 122 281 215 229 165 204 194 199 140 211 55 202 119 121 283 112 147 22 204 43 124 205 101 227 210 127 182 217 237 222 113 143 82 286 128 180 128 364 119 85 237 151 148 280 129 99 44 34 70 188 107 216 118 125 136 180 223 223 109 78 72 236 103 337 26 73 96 87 26 46 41 255 187 62 163 122 113 205 191 223 143 161 125 57 136 87 147 203 221 124 205 229 134 169 218 275 207 125 135 174 187 110 227 157 51 209 73 233 92 201 116 172 76 264 190 292 161 205 109 266 132 265 80 105 122 234 216 114 227 163 152 233 184 88 305 156 181 278 202 316 81 305 132 192 40 221 123 89 267 187 83 344 85 233 255 218 278 225 290 131 158 221 200 125 28 226 162 140 177 166 193 225 83 105 137
 113 259 192 330 156 155 150 62 307 201 126 309 346 279 222 253 1 148 357 221 314 232 286 115 178 103 152 276 235 226 357 251 308 254 306 150 63 363 389 299 367 167 67 372 137 317 175 47 284 309 56 178 55 339 160 237 139 326 374 83 156 333 234 175 247 375 238 175 141 143 178 338 355 81 223 159 262 265 200 295 121 246 160 371 173 198 400 399 222 381 241 245 261 215 171 288 346 369 323 327 181 134 95 146 292 284 45 278 117 263 186 194 253 232 208 234 113 237 198 192 160 346 62 119 169 363 145 187 308 332 179 121 176 47 261 214 182 120 101 351 57 100 361 260 312 67 361 29 98 274 170 309 357 230 137 321 185 312 94 72 109 93 163 309 45 152 15 197 298 256 275 85 325 194 174 261 96 425 203 97 206 106 64 327 109 298 67 365 361 233 37 162 165 104 235 329 127 293 147 27 172 219 169 236 241 265 45 156 203 280 223 343 298 336 251 191 60 322 150 308
 48 138 132 183 162 160 131 150 200 55 71 163 207 133 193 111 148 1 225 74 171 169 162 156 47 152 153 189 90 83 236 118 201 139 207 92 89 240 260 203 221 159 150 257 87 176 226 116 199 184 106 162 95 225 166 113 147 207 229 174 66 226 90 124 100 229 158 77 132 156 62 211 237 129 162 72 179 150 240 192 79 121 257 228 26 205 260 257 246 239 105 99 126 99 109 178 230 223 209 216 153 126 145 27 167 138 140 139 228 125 40 95 112 87 68 103 151 191 69 101 84 200 110 89 179 240 69 112 167 219 66 73 124 112 168 145 148 35 60 234 179 101 214 134 189 83 216 124 52 127 126 163 244 127 145 179 149 179 182 81 185 59 162 167 169 42 161 85 183 164 197 134 204 151 90 143 127 291 63 196 106 75 168 211 208 152 196 235 231 101 113 87 34 188 190 191 235 171 177 147 177 244 182 259 158 149 112 154 82 138 164 208 166 208 186 169 116 176 18 205
 272 100 196 111 268 374 343 330 299 175 233 141 40 128 383 184 357 225 1 172 177 181 247 300 229 305 263 324 179 192 288 219 88 261 108 300 295 285 277 319 140 253 373 68 228 63 445 336 138 52 327 366 311 298 379 238 364 278 179 343 270 311 184 210 150 163 158 268 253 373 180 26 50 300 185 274 325 262 455 304 240 112 399 188 208 411 225 214 454 199 121 150 213 249 203 283 58 162 288 301 354 255 369 243 247 113 361 90 392 204 198 271 116 180 206 223 296 369 228 173 286 106 333 246 392 283 214 300 189 298 251 293 209 312 306 178 225 259 257 57 399 268 109 98 54 302 162 339 273 134 217 124 72 274 363 71 347 226 405 286 338 281 374 76 388 207 371 254 276 304 151 358 272 214 189 101 288 276 163 361 157 254 348 62 367 105 383 259 10 222 321 288 231 412 369 211 394 255 395 346 388 453 394 466 314 98 314 367 155 182 189 23 61 24 349 369 305 126 234 310
 114 110 158 111 211 203 172 220 166 28 128 90 146 61 214 46 221 74 172 1 102 183 116 217 58 216 203 172 24 28 187 72 176 110 189 130 162 188 202 177 148 203 216 219 137 115 275 187 192 142 177 195 167 182 208 81 194 162 157 242 100 188 28 159 28 156 164 96 183 203 82 164 197 196 179 103 169 116 284 164 137 93 321 157 49 240 192 188 283 168 65 27 74 83 143 144 193 150 167 177 183 179 206 81 120 69 210 84 296 69 36 101 60 22 35 65 212 203 58 118 115 128 179 147 221 188 116 129 100 178 79 128 158 184 152 161 184 104 129 197 249 165 142 103 150 156 143 196 124 55 163 90 210 112 193 114 176 121 245 153 250 130 202 104 240 88 234 84 144 149 195 197 157 182 118 118 191 228 43 264 113 140 239 177 275 83 268 177 180 63 186 117 64 250 202 127 303 126 226 219 217 281 223 295 153 124 185 196 81 71 182 152 119 160 187 198 187 103 74 174
 203 171 250 68 309 258 230 319 127 128 228 38 138 68 241 62 314 171 177 102 1 265 78 317 138 316 301 160 82 90 113 75 224 105 242 193 259 111 113 149 70 300 298 241 237 118 330 276 257 175 265 240 260 122 261 96 254 103 61 343 170 136 82 253 85 66 243 156 282 262 179 183 219 297 263 170 165 101 332 134 238 160 422 58 146 281 91 87 322 68 134 86 64 118 238 113 222 60 113 125 226 278 280 170 76 81 297 120 397 58 133 146 116 85 107 90 312 220 121 209 177 79 265 248 271 110 216 173 15 122 145 206 253 282 146 247 278 195 229 223 335 265 86 162 185 248 52 288 218 67 259 54 239 128 254 107 217 50 322 251 351 222 254 107 327 189 326 133 104 146 265 275 97 274 214 180 291 130 139 364 200 240 338 212 376 79 366 90 185 90 282 177 150 324 220 37 403 84 284 316 266 321 273 331 162 184 282 250 171 35 267 155 151 178 194 237 286 52 166 137
 202 102 43 230 97 320 294 184 348 160 119 235 195 199 360 226 232 169 181 183 265 1 298 138 207 147 95 348 205 210 367 254 100 289 87 258 183 367 376 357 274 81 275 163 102 181 375 233 57 132 229 326 207 364 326 260 304 343 304 187 234 370 210 58 186 294 26 244 96 313 111 156 154 156 10 240 341 297 395 344 119 107 225 309 174 367 348 340 406 321 133 185 256 255 67 325 142 290 349 359 319 101 286 195 302 189 256 154 227 250 177 259 150 204 208 245 136 359 223 70 252 238 238 117 339 367 107 280 270 360 230 233 58 188 327 25 56 190 153 147 286 133 250 110 129 203 286 226 188 199 63 223 146 285 302 193 315 299 310 176 173 197 324 184 273 128 245 247 326 323 46 273 339 42 80 95 141 393 141 199 71 136 199 126 203 197 233 352 180 243 202 255 198 319 357 299 226 308 331 212 338 403 341 420 321 93 190 315 103 246 11 180 141 158 352 335 173 234 186 355
 176 217 273 143 319 197 172 305 54 141 230 109 210 123 168 75 286 162 247 116 78 298 1 316 117 313 311 82 94 90 76 46 279 37 295 144 239 80 104 73 145 314 254 307 243 185 266 242 304 236 232 175 233 67 198 51 197 47 124 331 131 73 90 271 117 136 279 113 289 203 195 249 285 288 294 128 88 28 264 58 238 202 416 116 141 212 128 132 251 120 173 118 43 72 256 37 286 131 51 62 161 285 232 148 8 138 259 174 384 50 131 95 161 96 97 60 311 146 94 233 130 156 229 249 207 80 223 114 64 63 109 167 271 263 69 277 297 174 219 287 294 261 163 209 245 222 124 258 196 118 275 124 303 64 198 177 152 37 272 233 345 197 191 173 288 193 296 90 31 70 308 229 44 296 231 226 287 141 159 353 228 236 323 273 365 143 345 81 255 61 258 129 131 272 146 61 392 11 224 294 201 250 209 259 88 232 263 189 196 66 298 225 210 244 118 169 271 127 149 64
 155 202 107 309 46 249 233 55 353 190 90 299 301 263 308 260 115 156 300 217 317 138 316 1 201 12 45 335 238 234 391 273 231 293 222 214 97 395 414 353 352 61 175 296 82 278 284 138 195 249 140 266 119 379 255 268 232 362 370 50 203 379 240 91 235 366 152 221 47 239 142 277 284 39 130 209 323 303 308 344 81 196 107 371 178 296 407 403 327 383 204 234 280 251 98 331 273 361 363 370 264 46 197 172 322 261 152 240 93 278 189 241 222 235 222 258 6 317 223 130 216 322 150 70 266 395 103 248 316 373 215 181 92 85 316 128 84 150 100 278 170 56 337 207 248 124 354 122 132 260 84 293 280 276 230 286 265 333 206 98 39 137 256 274 158 130 125 236 337 311 183 184 359 97 116 200 32 443 181 63 145 82 64 255 69 274 97 389 301 256 100 219 187 216 315 342 95 326 249 89 268 324 268 341 301 202 86 248 159 287 128 292 246 277 322 278 66 307 169 357
 66 156 173 165 208 146 115 191 154 58 117 138 204 116 164 77 178 47 229 58 138 207 117 201 1 197 199 144 63 51 191 75 222 93 232 73 126 195 217 157 196 205 163 271 132 172 217 139 229 195 128 140 124 179 151 68 137 162 197 216 43 179 60 167 85 200 193 42 178 145 96 219 249 173 201 46 136 103 227 146 125 138 300 195 34 185 223 222 227 204 114 84 85 53 152 132 245 194 163 170 128 172 150 34 123 126 160 140 269 86 35 54 114 60 32 59 196 157 23 138 59 182 129 135 164 195 114 78 131 173 26 72 167 149 123 183 192 60 103 248 199 146 195 150 202 112 186 152 83 110 170 142 261 81 136 172 122 137 190 119 229 86 146 161 190 84 190 41 137 119 229 142 159 194 130 163 172 250 77 238 139 121 208 227 250 139 233 193 236 58 147 61 15 194 155 152 277 126 168 182 160 226 166 240 116 169 149 139 110 103 203 209 173 215 147 144 157 154 34 159
 148 207 114 310 57 240 224 44 348 189 89 300 305 264 299 258 103 152 305 216 316 147 313 12 197 1 55 329 237 232 388 270 239 288 231 206 89 391 411 347 354 71 164 304 84 281 273 127 203 254 130 257 110 375 246 264 223 358 370 41 197 374 238 98 235 367 160 215 54 229 143 283 291 30 139 203 317 299 297 339 80 200 107 371 175 287 406 402 317 383 207 234 277 247 103 326 280 361 359 366 256 51 186 167 319 262 141 243 88 276 187 235 224 234 219 254 12 309 220 134 209 324 140 70 257 391 104 241 314 369 210 173 99 75 310 136 93 145 95 285 159 53 339 211 254 115 355 111 126 260 91 294 287 271 221 289 256 330 195 90 36 129 246 277 147 129 113 231 333 305 192 174 355 106 119 206 27 441 182 57 149 78 53 262 64 275 87 386 307 253 89 212 183 205 307 340 92 322 239 78 258 314 258 331 294 208 76 238 162 285 137 297 251 282 314 269 56 308 165 352
 165 169 68 284 10 272 252 96 352 175 84 279 268 241 326 248 152 153 263 203 301 95 311 45 199 55 1 340 225 224 385 266 190 291 180 226 119 387 404 355 329 17 207 255 68 247 315 166 151 212 166 285 144 376 278 264 255 357 350 94 210 377 228 55 217 344 111 226 23 263 123 239 244 72 87 216 329 301 337 345 76 165 137 353 171 320 390 385 354 365 178 216 272 251 66 330 232 339 359 368 282 29 225 174 316 237 185 212 133 268 180 245 197 223 214 252 44 331 220 99 225 296 176 66 290 387 89 257 301 370 217 194 56 114 320 87 41 157 107 237 208 67 310 174 211 145 333 154 144 239 48 271 238 278 253 257 281 322 240 117 79 151 278 245 195 119 164 237 334 315 139 212 354 54 89 165 58 429 163 105 113 86 107 215 109 249 141 378 264 250 130 228 186 250 329 329 133 321 276 128 291 351 292 368 307 166 116 269 134 273 85 257 213 240 332 296 96 284 169 357
 182 281 316 223 348 150 135 311 48 190 257 189 289 197 100 143 276 189 324 172 160 348 82 335 144 329 340 1 155 146 107 107 346 65 360 128 245 114 148 27 226 346 229 381 274 262 209 231 363 307 222 123 231 81 149 93 157 81 201 338 133 67 149 311 183 215 332 116 318 160 238 323 359 301 343 127 16 63 201 33 264 264 424 192 176 149 195 202 182 194 236 184 112 94 295 48 358 210 71 67 112 312 201 167 85 213 240 245 386 121 172 96 227 155 142 109 330 74 126 279 121 237 215 274 154 115 256 91 145 74 123 160 310 266 22 325 335 186 237 360 268 281 245 273 315 221 203 249 204 191 313 204 375 64 158 254 104 115 237 241 357 202 142 249 266 228 283 104 60 26 366 203 85 337 273 289 304 190 210 359 279 257 326 344 372 220 341 135 332 110 257 119 156 234 75 139 396 78 176 291 147 182 155 188 37 295 265 143 247 143 345 302 282 319 44 113 279 207 172 42
 125 127 181 103 233 202 172 238 145 51 149 76 149 56 206 23 235 90 179 24 82 205 94 238 63 237 225 155 1 14 164 51 192 91 206 130 178 166 180 158 134 226 225 230 159 118 275 199 212 154 188 191 181 160 207 64 195 139 140 262 102 166 7 181 30 140 185 94 205 203 105 174 207 216 201 104 153 97 282 144 158 111 342 138 65 236 171 168 279 149 82 30 52 72 166 124 205 134 145 155 178 201 212 92 98 69 221 93 316 46 52 94 73 4 32 48 233 192 54 141 115 120 190 169 219 165 138 123 79 156 78 134 181 201 135 184 207 117 148 208 260 185 134 119 162 169 127 210 139 49 186 80 222 98 194 115 170 98 252 170 271 143 201 106 251 109 248 77 123 133 215 204 135 205 141 136 211 206 66 284 135 160 257 190 295 81 286 154 186 46 202 116 73 256 191 105 322 104 226 236 214 277 221 290 139 141 202 195 103 50 205 157 130 169 174 192 205 92 87 154
 115 136 184 116 232 189 159 232 139 52 146 88 162 70 193 28 226 83 192 28 90 210 90 234 51 232 224 146 14 1 162 45 202 82 215 117 170 165 181 150 146 226 214 242 157 131 262 188 220 166 178 178 172 156 193 54 182 136 148 256 89 161 10 183 43 150 191 81 203 190 106 186 219 211 205 91 143 89 269 136 155 120 338 146 58 222 178 175 265 157 91 43 49 59 167 117 217 144 141 151 165 199 199 82 95 82 210 105 310 45 46 81 83 12 20 38 229 180 40 144 102 133 179 165 206 164 136 110 84 152 65 122 182 194 125 188 208 107 142 220 249 181 146 129 174 160 137 200 130 63 187 93 234 87 181 128 157 99 240 162 266 134 187 119 240 107 238 64 118 122 223 192 132 207 142 145 207 210 69 278 140 155 251 201 290 94 278 156 199 36 193 103 62 244 179 109 317 100 213 228 201 264 208 276 127 151 194 181 107 56 209 170 142 182 162 179 198 104 78 147
 249 279 344 178 393 251 231 380 60 213 304 150 249 177 206 142 357 236 288 187 113 367 76 391 191 388 385 107 164 162 1 120 335 104 353 211 313 9 43 82 160 387 320 353 318 230 314 313 366 288 302 226 306 27 251 125 255 32 124 406 202 44 160 344 182 141 346 184 364 260 267 295 331 363 363 199 121 93 307 75 313 266 490 113 215 254 100 109 287 109 237 183 114 145 328 72 334 139 38 41 213 359 295 223 70 191 327 230 458 119 205 165 222 166 171 134 386 179 169 304 199 185 299 324 257 10 297 177 103 34 182 238 343 336 109 346 369 248 294 335 360 336 187 269 297 294 134 330 270 174 348 167 351 129 256 219 204 69 334 307 420 270 244 219 356 267 366 162 61 113 372 294 34 368 304 288 362 85 229 427 298 311 397 325 440 191 418 37 296 136 331 197 206 332 181 78 466 67 278 367 251 287 259 292 133 292 336 244 266 123 367 266 263 290 150 217 346 163 224 66
 139 177 228 126 274 184 155 265 95 96 185 92 186 92 172 37 251 118 219 72 75 254 46 273 75 270 266 107 51 45 120 1 241 43 256 120 200 123 143 108 142 269 227 275 199 157 256 209 262 201 198 167 197 112 187 22 180 92 133 290 99 117 46 226 78 140 235 84 245 188 149 218 253 246 250 98 107 47 259 94 194 161 374 128 96 209 152 152 250 136 132 78 12 44 211 73 252 134 96 106 153 240 207 108 51 107 228 139 343 19 86 72 122 52 52 18 268 154 54 188 104 141 197 205 197 123 178 98 64 108 74 136 226 224 88 232 252 134 177 254 265 218 152 169 209 185 126 223 157 86 230 104 269 58 180 151 144 63 249 193 303 159 180 144 258 148 261 60 73 86 266 203 89 251 186 186 244 176 114 312 184 192 283 238 324 116 307 118 227 19 221 104 89 250 153 80 351 56 210 256 192 249 199 260 97 191 224 176 152 45 253 197 176 213 131 165 231 111 108 103
 245 68 125 169 194 360 331 270 333 165 183 188 113 160 385 206 308 201 88 176 224 100 279 231 222 239 190 346 192 202 335 241 1 282 22 289 250 334 334 348 209 178 338 66 172 113 425 297 51 52 290 359 271 340 366 255 347 319 245 278 260 350 198 142 165 232 80 264 185 356 143 64 55 240 106 265 344 287 440 333 188 86 323 253 193 403 292 282 445 265 112 164 239 259 140 312 43 229 327 339 349 189 341 225 281 145 322 107 322 231 189 273 121 192 209 239 228 377 230 117 278 172 298 190 379 333 165 299 233 338 247 273 141 263 326 104 150 232 213 48 357 211 180 75 44 263 227 295 239 163 148 172 50 288 346 126 343 268 372 242 268 248 362 122 345 170 322 257 309 323 65 329 313 138 135 60 226 342 147 293 104 204 287 28 298 146 322 312 85 237 274 281 219 380 375 260 323 289 377 292 377 443 381 458 328 55 264 354 120 216 109 95 74 67 362 365 251 180 215 342
 146 217 260 163 300 161 137 277 62 130 209 129 226 133 137 79 254 139 261 110 105 289 37 293 93 288 291 65 91 82 104 43 282 1 296 110 211 110 138 69 174 296 220 317 224 198 231 210 301 242 199 140 203 88 163 30 161 73 157 304 99 87 85 256 119 167 271 80 270 167 181 259 294 262 284 95 66 12 231 56 217 201 389 149 122 178 164 167 218 154 172 119 48 42 241 40 294 161 72 78 126 264 196 122 43 149 225 181 355 58 115 61 162 91 82 45 288 116 72 221 96 178 196 227 172 110 205 78 91 82 80 134 256 234 46 266 281 146 194 296 259 238 188 209 251 191 154 226 168 127 259 143 310 28 162 192 117 72 237 205 319 168 156 186 254 175 263 59 46 45 304 194 72 282 217 226 262 176 149 325 219 212 294 279 338 157 315 116 269 47 228 95 107 237 116 95 364 42 189 263 166 218 174 227 58 231 233 153 187 82 287 238 217 255 91 135 244 148 125 68
 250 80 118 189 183 366 337 264 348 175 182 207 134 177 394 222 306 207 108 189 242 87 295 222 232 231 180 360 206 215 353 256 22 296 1 297 249 352 353 363 230 167 339 77 170 133 430 298 33 72 291 367 271 357 372 268 353 336 265 270 268 366 212 135 179 252 71 273 178 362 147 84 70 235 94 274 357 302 446 348 186 97 311 272 202 410 312 302 452 285 125 179 254 271 135 328 58 249 344 355 357 182 344 232 297 163 322 124 312 246 198 284 136 206 221 252 220 387 242 117 287 192 300 187 386 351 165 309 251 354 257 278 134 260 339 96 140 236 214 63 356 207 201 88 64 264 247 295 242 180 141 191 60 300 351 146 352 285 374 242 258 251 368 141 344 173 320 268 325 337 47 331 330 127 134 72 220 361 156 284 106 202 280 47 288 165 315 331 104 251 272 289 228 382 386 278 312 305 382 288 383 450 388 465 340 66 261 360 126 233 97 115 93 87 374 373 248 199 222 357
 62 224 220 232 234 75 44 185 159 128 148 202 275 185 103 138 150 92 300 130 193 258 144 214 73 206 226 128 130 117 211 120 289 110 297 1 120 217 246 150 258 235 111 341 166 244 146 104 290 265 95 71 104 192 79 101 66 180 252 212 31 185 126 209 155 258 249 38 205 74 153 290 320 178 251 27 115 120 156 146 153 206 298 247 97 115 269 270 157 254 184 155 131 77 196 141 315 252 176 179 62 198 89 66 151 197 117 212 259 136 104 50 186 128 99 104 209 106 78 192 17 249 89 161 93 218 154 38 183 184 53 34 210 139 113 234 231 71 120 318 150 162 262 219 272 95 244 123 83 179 210 209 330 84 65 242 58 176 130 117 232 78 74 232 146 131 157 61 151 108 287 86 180 237 179 230 183 285 145 232 197 141 199 297 245 209 214 224 307 104 130 17 72 132 104 197 269 150 97 164 89 155 95 170 93 236 139 67 172 160 253 280 244 287 109 78 154 220 76 159
 65 198 141 269 126 154 137 68 268 140 68 251 284 219 212 197 63 89 295 162 259 183 239 97 126 89 119 245 178 170 313 200 250 211 249 120 1 318 342 265 308 132 94 313 82 255 198 51 230 248 49 170 26 298 161 190 137 282 317 95 115 295 178 125 187 317 184 133 102 145 116 277 296 60 174 119 232 222 219 258 65 185 181 315 114 202 347 344 236 326 179 185 209 170 118 248 287 311 281 287 168 94 107 93 246 223 74 216 146 210 128 154 191 175 153 183 93 221 147 134 124 285 59 67 172 318 86 155 253 291 132 86 126 25 227 162 138 67 39 292 108 55 300 198 251 28 304 46 44 214 122 249 298 190 135 260 169 262 128 10 113 45 161 248 96 90 77 152 256 222 223 94 281 148 116 201 67 375 142 116 147 48 85 268 129 237 109 317 300 182 27 127 112 138 219 276 154 248 158 59 173 233 174 250 210 205 25 152 141 225 174 281 236 275 228 182 36 263 94 271
 254 278 346 174 396 258 238 384 68 215 307 148 246 176 214 144 363 240 285 188 111 367 80 395 195 391 387 114 166 165 9 123 334 110 352 217 318 1 35 90 155 390 327 350 321 228 321 318 365 286 308 233 311 35 259 129 262 39 119 410 207 52 162 346 182 136 346 189 367 267 269 293 329 367 364 204 128 99 315 83 316 266 495 108 218 262 93 102 295 103 237 184 117 150 330 79 332 133 45 49 220 362 302 227 74 190 333 229 462 121 208 170 222 168 175 138 390 187 173 305 205 181 304 327 265 2 300 183 102 42 187 243 345 341 116 347 371 252 298 333 366 340 183 269 295 300 129 335 275 173 350 164 349 135 263 217 212 69 341 312 424 275 252 217 362 270 372 167 67 120 372 301 39 370 306 287 366 77 231 432 299 314 401 323 444 190 423 31 293 140 336 203 210 339 189 76 471 71 285 372 258 295 266 300 141 292 341 251 267 123 368 263 261 288 157 224 350 160 228 74
 279 282 358 168 412 291 270 407 101 229 326 147 238 180 248 157 389 260 277 202 113 376 104 414 217 411 404 148 180 181 43 143 334 138 353 246 342 35 1 124 141 405 356 343 337 224 355 345 369 284 335 266 336 69 291 153 294 70 102 432 234 86 177 359 192 119 354 216 383 299 283 288 323 388 374 231 162 127 348 117 335 271 516 91 237 296 66 77 329 83 245 193 135 175 344 110 327 118 79 83 253 379 332 250 98 192 361 231 485 137 226 198 228 182 193 159 409 221 196 317 233 172 332 345 298 34 316 213 107 76 212 270 359 365 149 357 385 276 319 328 396 360 171 273 293 325 116 361 298 178 364 163 344 164 294 212 244 83 371 335 445 300 284 214 391 287 399 193 98 153 376 330 69 382 319 291 386 43 243 454 309 334 425 320 466 189 448 26 285 161 361 231 232 371 222 78 493 97 318 397 291 329 299 334 173 296 365 283 278 133 378 256 261 283 191 258 373 156 250 108
 201 284 327 215 363 176 161 331 26 198 272 181 283 194 125 143 299 203 319 177 149 357 73 353 157 347 355 27 158 150 82 108 348 69 363 150 265 90 124 1 213 361 254 379 288 258 235 254 369 306 244 149 252 56 175 98 182 60 185 358 151 42 153 323 185 200 340 133 333 185 248 321 357 320 352 146 42 62 226 16 280 268 444 175 188 174 174 182 206 175 239 185 110 106 307 38 357 195 48 42 137 327 226 183 74 210 264 245 408 119 182 113 228 159 150 113 348 99 137 289 142 227 238 290 179 91 270 113 135 49 139 182 323 286 39 334 348 203 254 359 293 298 234 276 315 242 189 272 223 189 326 197 374 78 184 249 130 102 262 260 376 221 168 245 291 240 306 119 46 44 372 227 64 349 284 293 322 166 217 379 287 273 347 343 392 215 363 112 328 115 278 139 170 260 100 124 417 66 202 313 173 206 181 211 61 298 286 169 255 138 355 297 281 316 69 139 299 199 187 17
 259 174 269 46 336 325 296 363 189 170 266 59 102 91 310 121 367 221 140 148 70 274 145 352 196 354 329 226 134 146 160 142 209 174 230 258 308 155 141 213 1 325 358 207 271 98 397 332 252 158 322 308 314 176 328 164 320 160 40 384 232 193 137 276 122 24 250 221 312 328 211 155 188 338 275 233 233 170 400 198 275 170 458 50 196 349 86 75 390 60 151 124 132 185 264 179 194 24 171 183 294 310 343 225 142 93 355 122 438 125 182 213 133 137 165 156 348 289 182 231 242 39 323 285 339 154 251 240 83 178 207 266 276 331 213 261 299 249 274 194 393 305 32 165 167 302 27 343 271 96 283 60 210 197 320 85 285 112 384 300 389 276 321 92 384 228 380 198 168 214 262 336 154 292 240 181 330 137 173 405 219 282 383 190 416 81 413 126 148 155 333 242 206 387 289 90 443 149 351 366 333 389 341 399 230 184 331 317 196 99 279 122 139 150 262 305 331 47 219 199
 174 161 59 280 17 284 263 112 357 176 90 276 260 239 336 249 167 159 253 203 300 81 314 61 205 71 17 346 226 226 387 269 178 296 167 235 132 390 405 361 325 1 221 242 73 240 328 180 138 202 180 297 157 379 290 268 267 360 348 109 218 381 229 49 216 341 99 233 32 275 123 229 232 87 74 224 337 306 350 350 84 159 147 350 175 332 388 383 367 363 174 215 274 256 63 334 220 336 363 372 292 40 239 181 319 234 200 206 146 270 183 252 193 224 218 256 60 341 225 94 234 291 190 75 302 389 92 265 301 374 224 204 50 129 326 76 29 166 117 225 223 79 305 167 201 158 331 169 154 237 43 268 225 284 265 250 291 324 255 129 93 161 289 239 211 122 179 243 338 321 125 226 356 41 87 157 73 429 163 120 107 96 123 203 123 245 156 379 254 254 144 237 192 264 339 329 146 324 289 144 303 364 304 381 315 157 130 281 131 273 71 248 204 230 340 307 111 280 175 362
 104 281 234 326 213 93 95 126 266 203 159 300 356 276 161 239 67 150 373 216 298 275 254 175 163 164 207 229 225 214 320 227 338 220 339 111 94 327 356 254 358 221 1 399 174 325 110 43 322 329 49 118 70 299 98 210 79 289 357 149 129 291 222 218 243 362 276 145 192 81 198 357 380 138 267 130 214 230 134 252 157 265 225 353 170 133 377 378 156 362 253 242 238 186 211 249 372 356 284 286 124 184 31 136 261 284 24 287 181 242 183 160 261 222 195 210 172 180 178 223 125 343 41 159 104 327 175 145 289 292 154 93 219 94 217 254 230 116 126 377 41 146 357 279 333 76 348 54 102 270 215 304 385 193 77 327 130 286 36 100 175 93 101 315 39 171 65 169 260 212 315 27 289 241 206 285 151 395 212 163 235 140 130 353 175 298 129 334 378 210 78 127 154 45 178 305 191 260 82 92 108 153 105 170 194 289 92 95 223 264 267 356 313 355 198 132 112 316 144 265
 303 120 191 177 258 414 383 336 360 214 247 204 106 186 432 239 372 257 68 219 241 163 307 296 271 304 255 381 230 242 353 275 66 317 77 341 313 350 343 379 207 242 399 1 237 124 481 359 108 77 352 410 333 362 419 292 402 341 246 343 311 374 236 207 201 230 145 312 251 411 202 59 23 306 169 316 381 320 495 364 252 137 387 255 245 455 292 281 497 266 158 200 271 300 205 342 28 229 351 363 398 254 400 279 308 170 384 138 387 262 238 318 160 231 253 276 294 420 275 181 329 173 359 255 432 349 228 346 252 361 295 328 206 327 362 169 215 289 276 24 420 276 176 124 70 325 229 358 299 191 214 188 18 327 400 134 392 289 433 305 333 308 414 136 408 230 387 302 337 360 122 388 336 202 199 116 292 343 198 358 167 268 352 47 363 165 388 325 60 275 338 331 270 440 419 276 387 316 433 357 429 495 435 510 368 111 328 407 178 242 172 88 101 64 402 414 316 190 269 370
 106 129 61 228 77 222 198 103 285 110 20 218 224 182 268 182 137 87 228 137 237 102 243 82 132 84 68 274 159 157 318 199 172 224 170 166 82 321 337 288 271 73 174 237 1 199 274 132 149 178 128 231 106 308 228 197 205 290 289 118 147 310 162 46 155 285 103 161 47 214 61 207 221 73 94 153 264 234 294 278 18 119 188 291 104 269 327 322 307 302 124 153 205 184 37 263 211 280 292 300 225 43 185 109 249 180 156 161 170 202 113 180 141 157 147 185 78 271 153 58 163 242 137 19 241 320 22 194 236 303 152 137 47 91 254 81 66 96 52 216 188 41 256 132 179 102 273 127 89 179 45 212 221 212 204 207 223 256 209 75 119 97 226 195 175 52 151 171 267 249 142 172 286 72 40 129 62 364 100 138 72 35 122 192 147 193 156 312 231 183 104 166 120 218 269 264 174 253 231 121 240 304 243 321 243 132 93 218 79 208 94 217 171 206 269 241 80 225 103 291
 222 82 183 57 254 317 286 299 238 123 200 81 32 66 323 122 317 176 63 115 118 181 185 278 172 281 247 262 118 131 230 157 113 198 133 244 255 228 224 258 98 240 325 124 199 1 389 291 155 62 281 308 267 239 322 176 308 218 133 316 214 251 124 193 90 120 157 210 233 317 143 66 102 271 183 217 263 200 398 242 208 83 382 140 156 352 180 170 395 152 78 91 151 188 183 221 105 117 228 240 295 233 317 191 185 51 315 40 368 142 145 211 65 120 147 162 273 308 169 149 229 60 286 216 334 227 181 240 129 238 193 240 192 275 244 171 213 209 217 106 354 237 70 75 71 257 115 296 226 72 200 65 122 212 307 14 288 166 356 246 315 234 316 14 343 166 331 194 215 242 166 308 213 205 163 88 260 230 115 336 135 219 318 97 344 43 352 204 71 160 281 231 177 361 307 153 371 193 340 309 330 394 337 407 252 90 276 310 121 121 187 41 43 61 287 309 271 69 183 248
 181 362 334 375 321 74 104 235 255 271 257 344 420 330 111 281 175 226 445 275 330 375 266 284 217 273 315 209 275 262 314 256 425 231 430 146 198 321 355 235 397 328 110 481 274 389 1 149 417 407 150 92 173 289 70 235 82 286 386 257 176 275 270 320 300 395 372 182 298 73 284 433 461 247 367 172 194 239 27 239 258 345 327 379 238 63 393 397 56 384 326 300 267 214 310 246 455 389 277 274 106 290 91 203 272 342 133 356 282 274 247 186 330 273 244 243 281 138 222 316 161 392 140 262 60 322 271 159 318 281 198 154 320 202 207 353 335 195 224 459 127 251 404 359 413 174 381 163 190 323 317 352 469 204 83 388 115 302 83 202 283 181 77 377 135 258 169 201 259 203 412 104 288 344 301 368 259 397 285 269 326 241 238 436 280 354 230 338 451 243 186 160 215 73 137 325 293 268 50 200 66 53 58 67 183 373 200 82 306 299 368 425 387 430 167 99 221 362 213 250
