NAME : domp280p93v7
COMMENT : (Deleplanque et al.) 
TYPE : DOMP
DIMENSION : 280
DISPLAY_DATA_TYPE: NO_DISPLAY
OPEN_FACILITIES : 93
COST_SECTION
 1 107 84 392 192 121 227 315 182 360 144 239 179 333 256 395 294 283 294 169 242 131 207 177 431 197 267 82 266 238 266 347 308 118 130 209 171 158 231 146 294 259 385 211 94 254 97 287 385 166 337 282 373 175 250 175 160 305 227 321 114 366 310 200 232 325 334 239 200 376 378 124 321 124 109 154 144 313 312 285 77 318 442 322 188 261 180 168 407 84 258 170 236 258 194 153 281 338 162 147 207 237 69 372 240 155 191 83 356 319 139 98 339 268 178 267 127 274 221 230 297 179 185 265 277 236 178 224 217 391 289 368 90 62 175 297 304 293 207 212 298 307 310 377 217 129 112 258 75 133 249 356 223 212 248 179 354 337 4 350 212 171 241 144 287 71 293 297 217 339 199 320 227 319 222 280 232 408 54 261 378 116 286 424 192 154 67 288 312 219 167 240 175 138 233 226 221 166 402 280 119 422 154 214 359 183 220 218 87 163 229 201 432 214 150 234 157 261 352 284 167 117 298 217 188 284 147 221 400 130 167 184 72 225 248 83 346 343 261 247 216 161 166 208 170 131 181 111 10 326 190 240 114 157 263 35 409 204 332 409 342 408 168 120 355 147 102 287 423 81 212 321 207 238 86 375 218 164 43 104
 107 1 146 287 88 56 170 236 86 267 115 133 131 257 154 290 208 178 243 99 167 102 107 115 325 179 161 30 170 149 198 241 206 37 101 130 73 188 174 45 188 153 279 186 74 217 11 181 323 166 241 218 267 158 159 104 147 202 189 223 111 260 205 103 149 252 228 137 135 313 275 22 260 173 158 133 113 208 245 179 53 216 337 218 96 195 103 170 304 97 177 68 134 163 90 132 202 283 125 56 198 153 130 283 183 196 99 28 250 242 130 174 257 200 77 190 151 211 115 140 232 120 86 192 177 132 111 133 112 285 206 264 46 85 124 219 202 190 174 113 221 220 204 274 120 117 133 152 104 96 145 254 129 107 147 158 254 266 105 264 107 89 164 145 196 48 187 240 126 235 176 219 192 224 126 213 192 303 112 164 313 71 205 318 115 122 94 192 207 114 118 149 70 96 143 157 120 149 299 174 46 318 118 108 295 191 148 144 127 100 157 195 326 142 193 130 63 155 256 179 150 188 220 123 163 239 203 157 296 165 192 109 37 168 153 148 270 241 170 145 132 107 60 103 73 71 86 124 104 229 103 194 87 128 211 74 341 107 232 306 236 303 96 117 252 213 116 204 318 157 134 219 124 194 32 271 205 124 84 44
 84 146 1 406 231 124 299 289 190 348 107 270 146 304 297 425 279 317 247 157 306 100 216 245 457 278 297 117 315 293 334 369 347 173 205 195 184 79 303 191 321 286 402 155 168 200 139 307 341 102 386 246 402 120 304 161 241 344 304 367 194 386 323 208 218 293 353 249 176 334 416 167 279 41 27 107 220 347 275 311 143 323 472 334 191 229 242 102 442 165 319 213 248 309 216 232 259 291 126 160 141 296 18 354 312 72 193 134 383 290 220 30 314 237 222 331 57 237 246 225 260 155 231 238 321 251 160 221 240 410 349 376 106 62 145 273 345 331 285 258 272 364 331 415 265 85 50 289 157 109 264 395 275 249 257 126 353 302 82 329 234 229 220 84 277 99 313 253 271 373 279 362 305 312 272 247 310 438 38 309 337 108 264 450 254 117 148 337 342 255 240 294 212 211 228 200 233 113 406 309 178 458 230 243 317 111 285 198 29 146 205 134 456 194 68 272 208 283 347 319 113 43 272 217 136 232 65 290 434 51 88 172 124 297 298 5 316 384 254 289 275 231 201 233 218 125 188 58 77 323 187 194 189 234 218 92 368 253 334 446 362 421 232 201 363 70 184 268 450 21 197 361 198 314 141 409 154 130 68 165
 392 287 406 1 211 284 307 193 218 124 311 162 281 203 171 83 164 135 279 253 264 311 191 295 79 376 138 311 191 226 287 58 137 289 336 220 226 401 309 256 109 140 17 323 338 307 297 107 275 355 181 240 77 330 216 250 368 138 348 167 362 37 84 199 202 214 62 158 248 265 122 273 258 414 405 321 336 116 237 117 332 87 105 73 216 234 269 360 113 366 246 235 159 199 199 353 195 280 298 250 355 239 394 148 309 420 214 313 71 201 365 435 182 228 229 258 377 244 174 187 239 265 227 216 167 158 254 190 176 28 240 38 309 353 277 194 147 140 352 211 199 226 86 127 213 331 368 146 378 302 145 128 218 194 150 323 80 225 390 165 181 264 211 351 154 324 102 265 228 106 366 149 356 122 215 231 346 87 382 193 259 299 189 75 266 305 371 186 103 185 314 220 224 321 185 234 175 329 45 124 294 127 332 182 256 376 274 226 379 265 228 357 70 231 419 176 256 134 101 136 330 443 196 190 319 297 439 291 106 396 399 240 323 308 201 409 206 136 165 179 244 307 231 186 243 282 219 356 388 107 221 284 336 343 274 359 263 220 86 123 55 18 280 364 48 458 376 181 76 423 220 141 215 340 314 101 349 293 361 307
 192 88 231 211 1 117 140 217 81 222 172 51 169 239 67 204 179 92 255 126 115 164 78 101 241 186 77 117 89 81 150 160 118 79 129 132 73 260 144 48 106 73 201 229 128 246 98 106 317 228 158 220 182 211 86 128 168 115 174 138 153 181 136 82 139 239 150 88 154 306 188 69 261 254 240 190 132 122 242 97 124 155 251 148 92 198 74 232 217 155 115 25 82 84 48 151 187 287 173 86 251 90 215 244 149 272 93 110 166 225 160 259 232 199 19 131 225 216 45 120 232 151 22 187 91 77 138 114 50 205 138 195 126 170 161 202 115 102 168 35 206 146 126 187 44 183 209 68 168 155 83 167 57 20 98 209 196 255 190 233 51 62 159 211 164 134 110 248 60 148 178 133 181 179 52 212 175 217 198 83 304 136 188 234 78 175 161 110 122 28 117 78 20 115 122 166 78 205 231 91 84 231 130 34 289 253 106 149 208 135 162 249 242 150 269 43 46 80 204 93 206 272 204 102 210 259 282 122 209 242 262 126 121 139 74 233 251 154 140 59 75 106 31 41 34 125 82 199 190 179 106 219 126 142 228 160 328 35 174 219 158 228 80 156 184 296 166 183 233 243 136 132 123 172 108 184 253 169 171 98
 121 56 124 284 117 1 223 197 67 240 61 149 77 216 181 302 174 197 191 51 215 50 94 169 334 235 176 51 204 191 248 246 228 93 155 89 60 144 228 89 198 164 279 131 126 162 59 184 276 115 273 170 279 104 199 56 202 225 244 252 163 263 201 86 112 209 229 127 86 266 295 70 212 140 128 79 168 225 199 188 99 203 349 212 70 148 154 119 320 143 222 105 126 199 93 187 163 232 69 36 144 197 111 251 236 157 73 72 260 201 184 154 220 154 113 236 110 163 123 110 185 68 123 148 205 127 62 105 117 287 249 256 33 71 69 179 227 211 229 149 180 260 207 295 157 68 95 167 147 42 141 275 169 133 135 103 237 222 118 230 111 139 122 97 167 52 190 190 168 251 231 245 248 199 164 166 247 315 99 198 267 20 167 326 165 67 136 226 220 137 174 190 98 151 113 110 110 96 288 186 101 336 174 122 248 140 199 100 99 48 112 141 332 97 154 154 110 160 233 198 97 164 179 99 108 186 169 209 312 127 147 65 73 222 189 128 229 265 141 174 177 162 87 111 115 16 66 84 114 208 70 141 141 183 159 90 296 145 216 325 238 299 149 169 243 184 164 167 326 141 93 243 87 249 80 287 150 68 83 98
 227 170 299 307 140 223 1 356 215 353 284 169 293 378 140 263 317 174 392 253 45 271 217 56 303 78 180 192 117 83 44 250 173 134 99 268 204 354 5 138 204 186 293 352 134 376 172 220 456 335 160 358 248 326 92 257 91 172 41 157 121 272 252 220 278 378 251 225 286 445 226 154 400 333 317 302 86 193 381 199 157 278 302 263 228 336 72 339 259 148 66 133 219 109 186 85 326 425 291 206 367 69 281 376 14 360 229 170 242 364 104 321 369 337 128 61 317 354 180 259 370 278 120 326 142 212 266 252 186 290 88 305 213 243 285 341 164 169 50 114 345 110 230 223 108 287 299 175 161 264 215 206 97 142 234 325 318 393 227 368 189 88 298 314 301 208 221 385 88 210 67 169 50 311 102 350 40 274 262 116 443 240 326 297 64 290 164 127 205 149 61 88 148 90 261 301 217 318 340 191 127 266 75 169 428 360 37 285 286 259 299 364 310 286 356 147 117 201 331 174 319 338 343 240 329 393 361 19 255 329 359 257 178 3 108 300 390 192 279 134 70 69 154 179 118 237 216 291 231 309 240 351 114 77 363 209 466 108 298 256 255 324 76 118 296 367 139 322 296 303 272 176 259 35 161 236 372 289 232 137
 315 236 289 193 217 197 356 1 154 78 183 195 144 23 237 261 42 219 89 147 326 192 143 315 270 398 199 244 270 285 360 199 248 262 328 109 167 253 360 236 194 186 200 158 309 127 244 167 104 205 309 55 242 179 284 141 374 246 390 287 345 199 148 142 89 26 179 133 116 92 283 236 66 280 277 184 337 229 45 190 288 121 295 147 143 63 290 208 290 332 319 230 139 273 173 357 35 90 165 181 189 299 284 71 365 274 140 261 224 10 360 315 26 54 232 335 242 62 178 101 49 138 238 52 252 146 138 108 171 214 332 156 228 257 146 19 254 236 383 244 18 329 177 286 252 205 241 199 339 186 147 274 265 215 126 172 114 41 312 44 168 276 75 212 60 248 171 75 271 242 391 269 397 74 259 49 391 269 280 267 89 200 32 265 295 174 328 281 212 210 329 281 213 318 99 91 140 183 166 196 270 306 338 189 77 218 321 98 262 153 87 193 262 101 275 217 251 170 94 221 184 315 18 120 164 108 298 338 281 259 247 133 266 355 266 293 35 273 78 237 289 317 211 178 245 185 154 232 307 88 134 111 318 350 92 286 111 249 111 299 185 199 293 350 148 320 351 36 265 309 105 262 113 389 267 264 179 160 274 276
 182 86 190 218 81 67 215 154 1 182 105 93 92 175 133 240 122 140 177 50 194 101 27 168 269 248 117 102 162 160 229 181 174 109 176 54 14 198 219 84 136 104 213 151 157 166 96 119 247 159 225 145 216 138 165 50 221 170 245 203 192 197 134 20 67 171 164 60 74 236 237 83 187 202 191 120 185 167 169 127 139 138 286 146 13 122 145 163 260 182 195 84 60 160 38 205 120 212 100 35 175 171 178 197 226 214 15 113 197 160 208 219 173 125 89 211 167 140 66 55 158 73 98 114 157 62 59 48 58 221 217 190 94 137 84 137 174 157 235 115 139 223 143 238 124 122 155 110 189 91 76 218 137 90 69 134 173 187 179 179 51 130 85 146 111 112 126 171 140 192 241 192 251 139 132 138 247 252 165 157 235 83 122 262 152 104 180 181 159 90 179 158 69 166 58 87 44 134 222 126 118 276 187 69 218 183 184 70 163 60 85 175 267 71 212 105 102 97 172 142 135 228 138 38 134 180 229 198 251 186 198 46 120 214 150 193 188 209 84 128 155 167 63 56 99 66 2 144 176 146 26 139 166 198 149 149 262 115 152 265 173 233 146 197 177 246 199 120 262 207 58 189 45 246 117 227 176 96 147 124
 360 267 348 124 222 240 353 78 182 1 243 185 206 82 219 201 70 191 166 195 316 249 162 321 203 407 178 283 250 274 347 147 214 284 347 155 195 322 356 254 162 168 135 231 335 203 277 138 152 274 272 132 187 248 269 190 388 212 390 252 368 140 109 165 132 95 130 137 173 141 231 261 139 345 340 248 352 191 121 162 319 79 229 102 174 134 294 278 231 361 304 241 142 255 186 371 96 159 226 216 262 288 341 27 359 343 171 294 171 84 379 376 61 126 239 320 306 138 178 131 126 195 243 118 228 147 190 137 174 149 310 90 271 308 205 87 222 206 388 240 90 303 138 235 246 265 302 181 370 241 141 228 257 214 127 241 49 104 357 42 174 284 129 277 74 290 139 151 266 197 399 233 398 45 252 124 391 207 333 249 136 248 89 198 296 235 360 255 174 206 338 269 225 334 128 151 152 250 91 170 292 247 351 190 133 290 317 151 321 204 146 266 194 156 343 207 264 153 28 193 251 379 88 146 234 185 365 334 223 325 317 180 301 352 251 352 83 230 100 222 284 327 226 184 254 232 183 292 353 45 171 186 340 363 169 328 142 247 60 241 133 127 302 371 87 387 377 84 199 368 152 224 155 387 298 211 254 221 322 301
 144 115 107 311 172 61 284 183 105 243 1 196 40 199 233 342 174 244 152 60 275 15 128 229 370 291 221 101 260 249 309 281 277 152 211 93 105 94 288 149 240 208 309 74 178 113 116 221 243 56 326 143 319 43 257 62 257 273 303 305 215 295 230 119 115 189 263 158 71 235 341 131 179 105 98 19 225 271 172 230 150 225 388 240 100 124 214 61 363 191 281 163 159 256 140 242 153 196 20 88 84 256 102 248 296 111 102 124 299 185 237 134 209 132 172 296 67 134 170 125 158 49 182 132 257 164 58 122 162 319 308 278 77 83 39 167 277 260 288 206 166 317 244 341 214 23 60 214 191 20 177 322 227 187 164 44 251 199 141 223 155 199 115 43 172 92 227 154 227 296 288 295 306 208 222 143 307 354 100 254 237 45 158 363 225 12 180 280 262 189 233 248 155 209 127 94 144 35 306 230 160 380 231 171 218 82 259 93 80 48 99 81 367 88 110 206 170 200 243 246 36 137 167 122 50 141 129 270 354 86 94 72 122 282 245 111 211 313 151 227 237 221 144 158 175 49 104 50 135 220 92 98 196 240 120 122 268 203 234 368 272 324 209 221 266 149 212 162 363 127 94 292 97 308 134 330 91 24 102 155
 239 133 270 162 51 149 169 195 93 185 196 1 183 216 45 158 154 49 249 142 133 191 75 141 193 226 29 161 78 92 166 110 81 129 176 133 93 288 172 97 57 23 151 242 178 249 143 57 298 251 134 210 135 231 90 142 212 78 207 111 202 131 89 84 132 218 101 65 160 286 148 116 248 288 275 213 178 78 227 47 173 111 205 101 101 190 114 255 174 205 125 75 59 79 58 196 170 274 192 114 267 106 255 208 175 303 100 158 118 204 207 299 205 189 68 141 256 208 28 110 219 164 67 176 66 52 150 105 37 155 139 147 165 211 176 183 82 65 205 57 187 139 76 148 62 211 242 20 217 181 49 128 73 34 71 227 153 234 237 202 43 106 151 238 137 177 61 239 82 104 217 100 215 143 68 201 207 171 239 74 283 167 168 186 114 196 211 93 74 25 159 87 65 162 110 164 65 226 184 42 133 189 175 28 270 275 133 148 245 153 160 267 194 151 301 23 95 34 164 51 227 310 184 95 226 256 316 150 165 274 289 136 168 168 72 273 227 118 119 43 100 150 74 39 82 153 95 231 236 141 113 222 175 187 226 206 304 65 132 177 108 179 123 204 136 332 215 162 185 284 136 97 123 203 157 140 267 188 214 147
 179 131 146 281 169 77 293 144 92 206 40 183 1 160 224 319 137 229 118 44 279 50 110 241 344 310 205 125 253 248 313 257 263 167 231 62 97 121 297 156 220 191 280 61 201 86 135 198 207 75 316 105 297 51 254 42 277 259 317 294 238 269 203 101 81 150 237 135 35 198 323 142 143 140 135 43 243 253 134 211 174 195 364 212 83 85 222 80 343 217 282 165 138 250 129 262 114 161 21 89 85 257 141 210 305 141 84 147 276 146 259 172 170 93 173 298 101 96 156 95 120 20 182 93 247 143 34 94 147 291 306 247 102 119 9 128 264 246 303 203 127 313 220 324 212 61 98 199 220 47 155 306 225 180 139 45 218 160 176 184 141 207 78 73 137 120 205 119 227 277 306 282 321 173 220 104 320 331 139 248 200 69 120 337 232 30 209 272 243 181 247 246 154 226 97 56 124 49 273 212 176 360 248 160 181 97 265 58 119 36 61 84 340 53 141 196 177 181 208 231 50 174 128 97 44 111 162 278 333 120 118 49 147 292 240 150 172 298 118 219 240 235 144 146 179 62 91 89 171 186 72 65 217 258 86 155 231 203 201 349 246 294 219 244 235 183 239 124 338 166 62 278 69 321 156 310 85 17 137 174
 333 257 304 203 239 216 378 23 175 82 199 216 160 1 257 274 63 239 87 166 347 209 165 337 281 420 219 265 291 307 381 214 267 283 350 129 189 264 382 258 213 206 212 166 330 131 265 186 84 217 328 62 257 191 305 161 395 265 412 306 366 212 165 163 110 15 195 154 134 72 299 257 57 293 291 198 358 247 41 209 309 137 306 163 164 76 311 220 304 353 340 252 161 293 195 378 56 78 180 202 196 320 300 68 387 285 161 281 239 16 382 329 23 68 253 357 255 71 200 123 51 156 260 69 273 168 156 130 193 226 353 167 247 275 163 40 274 255 405 266 37 350 194 302 273 220 255 219 359 203 168 291 286 237 147 184 124 23 330 42 190 298 95 225 80 267 189 73 293 259 413 288 419 89 280 59 413 282 297 288 69 218 54 276 316 189 349 301 230 232 351 302 235 340 120 109 162 196 172 216 292 320 360 211 58 227 343 117 278 172 106 201 272 120 286 238 273 190 103 240 196 328 39 142 176 108 309 360 295 272 257 152 286 377 287 308 14 291 100 258 310 339 233 200 266 204 175 247 325 102 155 120 340 372 98 305 89 271 125 313 200 208 315 371 160 332 372 58 277 324 125 280 134 411 288 279 186 176 292 297
 256 154 297 171 67 181 140 237 133 219 233 45 224 257 1 145 196 37 292 181 99 226 118 125 184 206 42 183 35 58 129 115 54 139 171 176 130 323 142 111 65 53 158 283 182 292 163 82 340 288 94 254 125 270 51 182 199 50 179 73 199 137 114 126 175 260 113 108 202 327 123 134 291 319 306 250 169 63 270 61 184 142 191 125 142 234 100 293 153 208 87 87 102 37 96 184 213 317 231 148 307 72 281 244 144 337 142 174 113 246 198 325 245 233 78 102 289 251 70 153 262 205 71 219 25 95 191 149 79 158 96 166 192 236 216 225 49 40 182 47 229 96 91 122 45 247 274 40 221 217 91 101 48 49 113 266 181 276 254 240 85 99 195 274 178 200 83 283 58 87 196 66 188 180 45 244 179 158 264 32 325 200 211 177 96 234 217 50 70 45 145 52 86 155 154 208 109 264 202 52 141 167 163 65 312 314 105 191 274 192 203 307 187 194 334 29 101 69 195 37 265 338 227 139 266 300 348 122 146 307 325 177 185 140 33 299 268 89 162 10 74 138 97 79 87 188 134 264 254 175 155 265 174 174 269 224 344 55 162 155 118 188 113 199 157 362 214 204 176 310 179 66 166 173 171 122 308 227 237 156
 395 290 425 83 204 302 263 261 240 201 342 158 319 274 145 1 226 114 342 284 219 339 215 265 41 338 130 318 151 188 234 65 95 281 314 260 244 435 264 251 105 140 69 370 326 362 300 123 351 393 114 302 24 369 176 282 338 98 303 108 342 63 121 224 246 284 86 185 289 340 45 272 326 440 429 356 311 84 304 115 326 142 48 117 243 291 243 397 31 352 198 227 184 160 211 324 254 350 333 267 400 199 411 226 262 452 241 313 44 269 339 454 254 285 219 207 406 304 180 227 303 301 214 272 130 180 288 227 186 56 184 112 322 367 314 258 103 107 311 191 263 165 100 50 189 360 394 139 366 329 166 60 189 185 182 364 153 296 393 239 193 243 260 384 212 334 116 329 199 59 327 95 312 187 188 292 300 14 396 155 335 320 249 35 236 339 361 137 85 177 285 183 221 299 226 281 199 367 128 118 284 47 304 184 330 416 234 269 400 296 275 401 48 274 450 162 244 144 175 113 367 465 260 223 361 357 468 249 23 425 434 273 324 264 166 428 279 73 214 154 210 280 231 193 230 304 241 382 392 174 251 337 318 314 331 363 342 200 150 41 78 91 256 342 116 485 358 241 34 440 261 89 252 292 312 28 396 328 371 299
 294 208 279 164 179 174 317 42 122 70 174 154 137 63 196 226 1 178 118 127 286 180 107 278 239 362 158 220 229 245 319 163 207 230 295 87 136 254 321 202 153 145 169 165 279 144 216 126 145 206 268 78 206 180 243 122 339 205 352 246 313 165 109 108 64 66 142 93 104 133 245 204 103 276 270 179 302 188 81 149 260 85 263 110 113 72 252 210 254 303 278 193 99 232 136 322 32 129 157 154 197 258 272 78 325 275 110 233 187 51 327 307 54 65 194 295 237 81 138 69 79 126 200 53 211 106 121 76 132 182 291 127 206 240 136 34 214 195 346 204 39 288 137 248 212 196 233 158 311 172 106 235 225 176 85 173 89 82 291 58 130 239 60 208 18 225 130 104 232 203 355 228 359 43 219 68 353 235 265 226 130 181 26 233 256 165 301 240 172 170 293 240 177 284 66 82 103 182 145 155 238 271 303 150 118 223 282 82 252 136 77 201 232 87 275 176 215 129 74 180 182 309 36 86 166 134 297 299 245 256 250 112 239 316 225 283 74 233 41 196 249 281 175 140 208 165 123 223 287 58 107 123 286 315 110 263 151 210 80 262 149 173 257 318 117 318 321 18 233 299 84 221 88 350 239 227 190 152 255 245
 283 178 317 135 92 197 174 219 140 191 244 49 229 239 37 114 178 1 283 188 132 239 120 161 151 242 25 207 61 92 160 78 35 169 206 175 140 336 177 138 32 39 122 285 214 289 188 55 321 298 93 243 92 277 84 188 235 32 215 70 233 101 84 129 169 243 77 100 203 309 100 160 277 336 323 260 204 31 255 31 213 113 161 93 147 225 136 302 126 241 117 115 96 68 106 220 199 304 239 162 312 106 302 217 178 351 146 201 78 228 233 346 224 223 107 132 304 242 75 147 250 210 102 209 38 89 196 144 83 122 120 132 212 258 222 209 38 19 218 80 214 113 58 100 80 259 290 31 254 229 80 80 84 72 102 272 150 258 281 217 90 133 188 285 160 223 53 272 94 57 232 55 223 156 81 233 213 127 286 61 306 215 196 144 132 243 249 65 34 65 181 87 109 190 147 204 107 273 166 24 171 142 199 76 294 322 140 189 293 199 199 312 153 192 349 50 132 53 167 3 273 358 211 136 271 293 364 157 118 322 337 181 212 175 67 320 248 70 149 45 110 174 119 87 118 201 141 279 280 149 158 262 208 210 263 251 323 89 133 130 82 152 148 234 123 380 248 189 143 331 177 50 165 208 199 94 311 234 260 186
 294 243 247 279 255 191 392 89 177 166 152 249 118 87 292 342 118 283 1 145 369 165 180 343 355 419 261 240 326 332 404 279 315 276 342 124 188 192 396 258 263 246 285 95 315 51 248 236 95 149 375 42 322 128 334 141 389 313 420 352 353 282 224 174 119 73 258 186 110 88 360 250 37 227 229 144 354 299 47 257 289 202 379 227 165 59 321 151 371 333 367 260 191 326 209 373 89 45 133 192 120 344 247 154 402 214 164 262 303 83 372 268 108 61 265 383 193 42 225 140 41 124 273 75 312 198 133 146 217 299 385 242 219 234 124 86 320 301 409 287 81 387 251 363 296 169 198 258 336 163 205 348 310 260 182 122 201 72 291 128 212 306 99 164 132 237 241 15 314 317 414 337 426 159 304 52 423 352 249 321 92 185 94 349 329 141 325 341 284 257 353 329 245 336 140 91 185 136 254 261 285 388 357 234 73 154 360 108 224 145 94 126 348 107 215 268 277 231 182 285 135 263 84 157 113 22 238 374 361 207 185 138 263 390 317 251 93 345 136 290 330 341 239 221 275 176 177 192 285 173 152 55 329 368 33 271 123 290 196 379 265 286 321 358 233 261 354 102 350 267 120 330 134 422 270 342 108 131 253 285
 169 99 157 253 126 51 253 147 50 195 60 142 44 166 181 284 127 188 145 1 237 60 70 202 311 275 165 100 210 206 272 223 222 131 198 41 54 152 257 116 182 151 250 104 172 124 104 162 227 111 274 121 260 90 211 6 245 218 278 252 209 237 172 61 64 159 204 99 37 217 284 106 163 162 153 73 209 214 149 173 147 168 329 182 43 98 182 116 305 192 239 123 101 207 87 229 113 185 52 48 127 215 148 204 264 170 44 119 241 151 228 186 170 104 130 255 125 114 115 69 136 26 140 98 205 105 14 65 106 260 263 221 82 114 36 129 222 205 266 160 130 270 185 285 169 79 116 158 196 50 118 266 182 137 105 86 197 172 166 181 99 166 72 101 122 102 168 143 184 238 270 241 284 156 177 117 281 296 140 205 217 55 117 304 191 57 185 230 205 138 210 203 111 191 71 61 86 86 251 173 140 322 213 118 199 135 224 50 130 13 62 126 308 47 169 154 137 142 191 190 86 192 130 63 86 143 187 237 296 144 152 16 122 252 197 161 179 257 98 176 197 198 102 104 137 39 48 105 162 167 34 99 185 224 114 140 247 160 178 311 213 267 180 214 209 207 212 118 304 176 44 237 42 281 127 272 128 47 129 141
 242 167 306 264 115 215 45 326 194 316 275 133 279 347 99 219 286 132 369 237 1 264 191 67 259 121 140 193 74 43 36 207 129 134 121 246 185 353 47 127 163 149 249 339 151 358 171 180 428 329 118 333 204 317 50 240 127 128 85 114 148 228 212 196 252 348 209 194 267 416 183 148 374 337 322 293 111 150 354 159 167 239 258 223 206 312 65 333 215 170 23 114 187 66 161 117 298 400 279 192 357 29 289 340 46 362 207 174 198 334 135 330 337 312 108 26 317 329 149 232 344 262 98 300 98 181 249 226 156 247 51 263 211 247 271 312 120 126 93 83 316 72 189 179 75 281 299 136 184 256 181 162 62 112 201 315 279 364 241 334 160 79 273 309 269 210 181 361 56 166 110 125 94 275 68 325 83 230 270 73 414 233 297 253 54 280 185 83 162 117 83 48 127 108 234 279 188 309 298 151 129 224 102 138 399 354 24 262 290 244 276 355 265 264 358 111 106 164 293 132 310 347 314 214 318 373 366 32 212 331 357 238 183 46 67 307 358 148 248 95 41 85 136 150 101 227 195 290 244 272 219 332 133 108 342 219 435 80 260 213 213 280 76 145 255 375 165 292 252 313 250 131 236 77 166 192 361 277 239 143
 131 102 100 311 164 50 271 192 101 249 15 191 50 209 226 339 180 239 165 60 264 1 126 217 368 277 216 87 251 239 297 280 271 139 197 96 99 99 275 138 236 203 308 88 164 126 102 218 256 66 319 154 316 57 247 63 243 268 290 298 200 294 230 116 119 199 261 157 77 247 336 119 191 104 95 32 211 266 183 227 136 227 385 240 98 134 203 70 360 177 271 153 157 247 134 229 160 209 32 80 97 246 93 255 284 114 100 111 296 194 223 128 217 142 162 285 68 145 164 127 169 55 172 141 250 161 61 123 157 318 298 280 63 70 47 175 271 254 274 197 175 308 241 337 205 22 57 209 177 11 174 317 217 179 163 58 255 209 128 231 150 187 121 48 177 78 225 167 217 291 274 289 293 213 213 153 294 352 90 246 249 32 166 361 213 25 166 272 258 182 219 238 146 195 129 102 142 48 309 226 147 376 218 165 230 91 247 99 73 48 106 93 365 94 112 199 159 197 247 240 49 133 175 122 64 155 130 258 351 87 100 73 108 269 236 104 221 308 155 220 226 208 135 152 164 40 99 46 122 224 91 111 182 226 133 108 280 194 236 365 271 325 197 207 267 148 198 169 361 120 98 286 99 295 120 326 104 35 89 141
 207 107 216 191 78 94 217 143 27 162 128 75 110 165 118 215 107 120 180 70 191 126 1 174 244 257 96 126 150 153 226 155 153 124 189 59 37 221 220 95 113 82 186 167 175 175 117 94 241 180 208 144 192 159 156 70 233 150 249 185 208 171 108 10 63 163 138 34 85 229 214 100 185 227 217 143 196 145 165 103 159 112 261 120 29 122 148 185 236 200 188 88 33 149 32 216 111 210 121 61 194 165 204 179 226 238 27 134 172 150 221 246 160 123 90 205 192 140 49 44 155 91 97 110 140 36 77 37 40 195 208 164 120 163 103 127 155 137 241 109 130 211 117 215 117 146 181 90 209 116 50 197 131 81 43 154 149 179 204 163 34 135 83 170 94 137 100 172 136 169 249 173 256 118 125 135 251 227 192 145 228 109 112 237 154 126 200 167 135 79 187 150 72 178 46 92 17 155 197 103 132 253 197 56 212 204 183 75 190 82 88 194 241 77 236 91 109 73 149 122 156 254 128 25 153 185 254 199 227 211 221 62 142 216 139 220 177 189 68 114 152 175 69 42 103 92 29 169 201 123 39 148 181 209 154 173 253 111 127 241 147 206 152 212 151 272 216 108 236 233 63 169 49 249 138 203 193 116 172 141
 177 115 245 295 101 169 56 315 168 321 229 141 241 337 125 265 278 161 343 202 67 217 174 1 305 87 159 137 115 79 90 238 171 79 56 221 156 299 60 86 187 161 282 298 85 325 117 196 413 280 177 312 247 272 92 206 75 169 78 167 83 261 228 176 233 335 235 188 236 402 234 100 354 279 263 247 48 186 336 180 104 251 308 241 180 289 28 284 267 104 86 87 182 106 143 60 284 379 237 154 312 71 228 343 69 305 182 115 236 323 76 268 331 291 85 92 262 307 144 216 325 227 80 281 136 176 215 209 149 282 116 286 158 189 233 299 163 161 69 86 303 136 212 232 83 232 244 152 118 210 182 212 78 109 197 271 292 351 177 332 150 40 252 259 263 153 199 338 68 208 78 174 84 278 81 305 81 277 209 111 401 185 285 298 30 236 118 133 194 118 21 83 103 42 218 253 177 264 322 172 72 277 40 133 384 305 44 237 232 207 251 309 309 237 301 122 67 173 302 161 265 286 301 197 276 343 307 46 261 275 304 207 123 54 100 246 349 198 239 117 56 19 107 140 72 183 168 236 180 278 192 300 67 50 313 156 425 77 271 266 241 312 23 82 275 314 101 281 297 251 225 178 212 81 107 239 318 235 178 83
 431 325 457 79 241 334 303 270 269 203 370 193 344 281 184 41 239 151 355 311 259 368 244 305 1 378 165 352 191 228 274 89 135 319 353 284 274 462 304 287 138 174 71 392 364 380 335 151 354 418 152 315 60 394 216 309 378 137 342 148 381 77 142 253 268 292 108 212 312 343 81 308 335 470 459 382 350 122 314 148 363 157 27 135 271 307 282 423 54 391 238 264 212 200 243 364 269 358 359 299 422 239 443 226 302 480 269 349 76 278 379 486 260 301 256 246 434 319 213 250 315 326 252 288 169 208 314 251 219 57 223 115 355 400 339 270 143 146 351 229 275 203 128 86 228 389 423 174 404 358 195 99 229 222 207 388 158 303 429 243 225 282 280 411 227 368 145 341 238 98 367 135 352 198 227 306 340 30 429 194 338 351 263 8 276 366 399 177 120 213 325 223 257 338 249 302 227 392 119 152 322 60 344 219 335 440 274 292 431 323 296 424 13 296 478 200 282 175 179 150 393 496 272 249 384 372 497 289 53 454 461 299 360 304 205 460 284 112 233 193 250 320 266 226 268 335 271 412 428 183 278 356 357 354 347 398 341 238 160 62 99 80 295 382 123 515 397 255 9 473 284 129 276 332 348 68 418 354 405 336
 197 179 278 376 186 235 78 398 248 407 291 226 310 420 206 338 362 242 419 275 121 277 257 87 378 1 243 191 189 153 117 319 246 145 81 299 235 344 78 164 270 246 363 363 116 395 177 281 494 336 237 391 322 333 164 280 38 244 46 233 84 341 313 258 314 418 318 273 311 483 303 170 433 316 300 308 67 264 416 264 144 337 378 325 260 368 114 339 335 114 142 170 267 180 227 49 366 457 302 228 372 140 261 429 84 346 262 168 314 406 59 294 415 371 170 138 309 385 230 298 404 298 165 361 213 262 288 291 235 362 165 370 215 231 302 382 237 240 29 171 385 187 295 299 167 288 291 236 123 272 268 282 159 195 283 334 378 433 198 417 235 125 332 313 347 203 283 415 149 283 12 244 40 364 164 384 51 349 243 187 482 247 367 372 114 299 131 202 274 203 71 158 186 85 301 330 261 324 406 256 136 343 63 218 465 358 105 315 272 278 329 368 384 315 341 207 148 259 388 242 325 313 383 279 340 417 342 90 331 317 351 283 171 77 177 278 433 268 323 199 133 82 189 226 156 250 248 285 203 364 271 372 97 52 388 190 508 163 357 332 323 393 107 78 360 343 96 364 371 277 304 250 292 60 158 311 380 302 215 138
 267 161 297 138 77 176 180 199 117 178 221 29 205 219 42 130 158 25 261 165 140 216 96 159 165 243 1 189 74 98 170 84 58 156 199 151 118 314 182 124 30 16 126 262 203 266 171 41 302 275 116 221 107 254 92 165 232 55 219 93 226 106 73 105 146 223 77 77 179 290 121 144 256 315 302 237 199 51 234 22 200 100 177 85 123 203 132 279 146 230 128 101 72 78 84 216 178 282 215 140 289 113 283 203 184 329 122 185 90 208 228 326 206 201 94 143 282 219 53 124 228 186 91 187 54 65 172 120 61 129 135 128 193 238 198 189 61 42 220 75 193 131 54 121 77 237 269 10 243 206 57 102 85 59 80 249 140 239 265 200 67 127 165 263 140 205 42 250 95 77 233 79 227 139 80 211 218 143 267 72 287 194 175 158 131 220 237 83 46 50 178 93 93 184 124 181 83 249 164 15 159 162 195 56 275 299 144 165 273 176 175 289 166 169 327 39 120 31 154 26 250 338 190 112 248 270 343 162 137 300 314 158 196 179 74 300 229 93 127 46 112 170 102 66 107 179 119 257 264 134 134 239 199 207 240 234 305 83 121 150 84 155 144 227 118 359 240 168 158 312 154 74 142 213 184 113 288 211 242 174
 82 30 117 311 117 51 192 244 102 283 101 161 125 265 183 318 220 207 240 100 193 87 126 137 352 191 189 1 199 177 223 267 234 60 112 137 90 163 196 74 215 180 304 174 78 209 23 207 325 147 270 220 295 142 188 106 157 231 206 252 115 286 229 120 158 258 253 158 135 316 304 51 261 146 131 117 126 237 248 205 51 237 365 241 109 197 128 150 332 94 204 97 155 192 113 143 210 282 114 68 182 180 101 296 205 170 112 25 278 249 138 144 267 203 106 216 126 212 141 153 235 118 115 197 206 155 112 147 137 311 234 287 25 56 118 227 231 218 190 142 228 248 230 303 149 98 108 180 97 83 168 282 158 136 167 144 274 271 79 276 132 115 170 125 210 19 212 239 154 263 189 248 209 240 155 216 210 331 83 193 317 58 214 345 140 109 86 221 234 143 136 178 99 111 156 160 140 134 321 202 66 347 133 135 298 170 173 148 99 98 161 178 353 146 167 159 91 180 273 208 134 159 227 138 150 234 175 180 324 139 168 113 24 190 182 119 278 270 184 174 159 126 88 128 102 65 101 100 77 247 114 189 96 141 208 49 346 136 252 335 262 327 120 121 274 185 115 214 345 128 140 248 133 213 34 299 190 114 55 57
 266 170 315 191 89 204 117 270 162 250 260 78 253 291 35 151 229 61 326 210 74 251 150 115 191 189 74 199 1 38 99 134 58 149 167 208 158 347 119 126 92 86 177 313 185 324 178 113 373 315 72 287 134 297 26 212 188 56 157 56 195 156 143 157 208 294 137 142 233 361 120 149 325 340 326 277 162 77 303 89 192 172 193 153 172 267 95 319 152 209 57 104 136 10 125 175 246 351 259 173 336 50 299 275 119 360 172 187 126 279 190 342 278 266 94 71 312 285 102 186 296 235 85 253 26 128 221 181 111 174 63 191 211 254 245 258 49 53 163 58 263 63 118 118 51 271 297 73 223 242 125 98 44 74 147 294 210 310 265 273 116 99 228 299 212 217 112 316 52 95 178 59 166 212 46 278 156 163 281 7 358 223 244 185 88 261 221 23 89 73 135 34 107 152 187 240 141 292 226 82 148 164 155 95 345 340 85 223 294 220 235 335 196 226 357 59 111 102 226 60 293 357 260 171 295 333 369 101 147 329 349 207 197 118 19 317 301 84 195 36 61 131 118 109 99 213 163 286 266 207 185 297 173 164 302 237 377 64 192 152 140 208 109 195 184 382 212 238 184 326 211 63 198 149 182 125 337 255 252 164
 238 149 293 226 81 191 83 285 160 274 249 92 248 307 58 188 245 92 332 206 43 239 153 79 228 153 98 177 38 1 75 169 95 122 132 210 153 333 86 105 122 107 212 308 152 325 156 139 388 304 102 295 171 289 14 208 151 93 123 90 160 190 170 160 215 308 169 154 233 376 157 129 335 321 306 267 126 113 315 117 163 198 230 182 171 274 61 308 189 176 36 87 147 29 125 138 258 361 251 163 329 15 277 298 87 343 172 162 163 294 153 320 296 274 79 52 297 292 109 194 306 231 68 262 61 140 217 188 117 210 59 223 193 233 240 272 86 88 127 47 276 72 148 154 38 258 280 94 190 231 140 135 24 73 161 287 238 324 237 293 122 68 235 286 228 195 139 324 24 132 142 96 132 234 30 287 122 200 258 35 374 210 257 222 52 252 188 56 123 77 99 6 96 116 195 243 149 283 258 109 120 200 118 99 359 330 49 227 275 214 240 327 233 229 340 70 87 122 251 92 284 335 274 177 289 337 351 66 184 313 336 205 172 83 26 295 318 120 208 53 25 95 106 112 78 201 161 270 238 230 185 298 139 127 306 211 394 47 218 188 173 242 75 159 214 361 177 252 221 303 214 100 200 116 156 162 332 248 228 135
 266 198 334 287 150 248 44 360 229 347 309 166 313 381 129 234 319 160 404 272 36 297 226 90 274 117 170 223 99 75 1 230 151 164 140 281 220 385 42 160 190 180 272 373 173 393 202 210 462 362 125 368 222 350 79 275 134 150 74 127 164 251 241 231 287 382 235 228 302 450 195 180 408 367 351 327 127 173 388 187 193 270 269 252 241 347 96 366 226 189 44 149 222 93 196 128 332 434 313 226 391 62 317 372 35 392 242 203 219 368 147 357 370 347 142 30 348 364 183 267 379 297 133 335 124 215 284 261 191 268 52 289 243 276 305 346 141 150 90 118 350 73 217 190 110 314 330 167 202 289 214 176 96 146 235 349 309 398 266 367 195 111 307 342 302 240 210 396 91 185 107 142 83 307 102 360 70 244 297 100 448 266 332 268 85 313 205 102 187 151 100 80 162 129 268 314 223 343 323 180 159 232 117 173 433 387 51 298 320 279 311 388 281 299 389 144 139 196 323 159 344 375 348 249 352 408 396 46 224 361 389 273 211 46 97 335 392 162 283 126 76 106 170 185 136 261 230 321 269 303 254 367 154 120 377 245 469 115 290 222 238 303 104 160 282 403 181 326 267 340 285 149 271 62 195 207 395 311 267 171
 347 241 369 58 160 246 250 199 181 147 281 110 257 214 115 65 163 78 279 223 207 280 155 238 89 319 84 267 134 169 230 1 81 239 282 197 187 374 252 206 55 89 44 306 287 298 251 63 294 331 131 238 45 306 159 221 312 82 290 114 308 23 57 164 182 223 22 124 225 282 86 225 264 382 371 294 281 59 242 64 283 79 108 53 183 227 213 335 93 314 189 184 123 142 156 297 191 288 271 211 336 182 356 173 252 392 181 266 26 208 310 399 195 221 177 202 346 240 128 164 240 239 174 208 109 120 227 164 132 46 185 65 268 313 252 195 91 82 294 156 200 171 39 90 157 300 335 93 326 270 106 82 162 142 119 301 99 236 345 182 138 209 196 323 148 282 57 266 172 54 309 95 299 126 158 228 289 76 342 135 278 262 186 82 210 278 320 129 46 133 258 163 174 266 162 217 139 304 95 70 243 110 276 134 271 353 217 206 343 235 211 338 87 210 390 122 204 88 120 79 305 408 197 161 298 293 408 233 83 365 373 211 276 250 143 372 220 87 150 122 187 251 182 140 190 246 182 324 343 113 190 273 282 287 267 314 288 165 91 101 15 75 225 310 63 426 323 178 82 385 197 87 189 282 266 66 333 266 319 257
 308 206 347 137 118 228 173 248 174 214 277 81 263 267 54 95 207 35 315 222 129 271 153 171 135 246 58 234 58 95 151 81 1 192 220 209 173 369 175 163 55 73 122 319 234 323 215 82 349 331 62 275 77 310 83 222 244 5 214 40 248 102 106 163 203 273 89 134 237 337 71 186 308 367 354 293 217 24 286 60 236 136 139 113 180 258 149 336 101 260 110 140 129 67 138 230 230 334 272 194 346 107 332 240 174 383 179 227 70 257 245 376 251 255 131 122 336 274 108 181 281 244 124 241 36 123 230 178 117 118 104 143 242 287 256 239 11 18 220 99 244 92 77 70 96 292 322 65 273 261 113 49 95 99 135 306 169 288 306 242 123 149 221 318 190 251 79 304 105 38 235 22 223 182 94 265 212 107 315 61 334 247 227 128 142 276 269 49 41 93 191 90 137 205 181 238 140 306 175 55 193 114 210 108 324 356 142 222 324 233 232 346 139 226 381 77 154 86 188 33 307 388 241 170 305 326 396 158 94 354 370 215 237 174 72 350 276 38 181 63 117 186 147 120 140 234 175 311 306 173 192 296 225 220 296 277 349 107 154 102 90 153 162 249 137 411 264 219 127 360 211 17 199 205 224 70 345 268 288 209
 118 37 173 289 79 93 134 262 109 284 152 129 167 283 139 281 230 169 276 131 134 139 124 79 319 145 156 60 149 122 164 239 192 1 68 158 96 221 138 34 185 151 279 222 52 252 39 183 353 202 220 249 260 194 134 136 115 189 152 203 85 259 210 123 175 279 228 150 167 342 261 27 291 204 189 169 79 199 275 175 46 226 328 223 120 225 70 206 292 79 147 56 145 141 100 99 228 314 161 85 235 124 156 302 147 229 123 41 244 268 100 199 281 229 63 158 184 242 117 162 262 154 69 220 160 142 144 155 117 283 177 270 80 114 159 245 187 177 138 94 247 193 204 260 99 153 167 147 90 133 152 239 106 98 160 194 266 294 117 286 114 57 191 181 217 77 187 272 100 224 140 202 156 240 104 243 156 294 137 143 342 107 230 312 82 158 83 171 200 107 82 124 66 61 165 188 134 186 306 170 10 305 83 108 324 226 115 173 157 134 187 231 320 172 225 120 39 156 270 170 187 215 246 144 199 273 233 122 284 198 226 140 51 132 131 175 296 226 190 130 103 70 61 107 53 107 109 158 118 244 130 229 58 94 244 89 369 87 243 293 236 306 61 89 258 242 93 228 311 182 162 204 151 158 35 260 241 159 107 19
 130 101 205 336 129 155 99 328 176 347 211 176 231 350 171 314 295 206 342 198 121 197 189 56 353 81 199 112 167 132 140 282 220 68 1 225 162 268 102 94 228 198 324 284 39 316 98 233 420 257 231 316 295 253 145 203 48 218 100 220 29 303 263 188 242 346 275 211 234 409 286 95 358 242 226 228 16 233 342 220 66 282 358 276 187 293 73 260 318 50 141 107 205 158 161 32 295 381 223 152 293 125 188 366 112 270 190 88 282 335 33 225 347 297 111 146 231 309 172 229 330 220 110 288 186 201 211 221 174 326 171 322 135 154 223 311 213 209 81 127 314 191 251 284 127 209 213 191 64 193 210 264 126 143 221 254 323 361 130 351 173 73 259 234 281 124 236 339 117 256 78 225 101 302 128 310 105 327 169 162 409 167 297 347 81 219 66 186 239 152 40 135 123 17 231 255 196 244 359 213 59 330 26 161 392 280 99 240 196 199 254 288 357 239 266 161 84 208 330 206 245 243 312 210 260 339 269 96 312 241 274 207 92 97 151 206 363 250 256 162 108 38 122 165 96 170 175 207 134 305 197 294 18 31 311 115 436 118 301 318 282 353 59 29 311 273 46 294 346 208 230 229 218 110 78 289 300 222 140 58
 209 130 195 220 132 89 268 109 54 155 93 133 62 129 176 260 87 175 124 41 246 96 59 221 284 299 151 137 208 210 281 197 209 158 225 1 66 182 272 136 163 136 220 113 203 117 137 139 196 136 265 92 237 111 213 36 272 205 298 242 240 208 143 52 24 123 177 77 30 185 265 132 135 197 189 102 235 197 118 154 181 135 304 151 42 69 198 140 284 225 245 137 81 207 86 255 75 159 79 75 141 221 187 164 279 201 40 153 217 114 257 224 131 72 141 261 159 87 107 34 106 45 150 63 198 87 36 34 98 231 265 187 121 154 58 91 211 193 288 165 93 269 160 267 174 114 152 146 231 88 98 249 187 138 79 105 160 138 206 142 92 183 35 132 82 140 145 118 191 220 293 229 304 117 182 86 300 271 180 203 185 95 78 277 205 86 221 225 185 137 232 207 122 217 36 34 69 110 214 156 167 301 238 114 167 158 236 18 168 50 32 142 279 19 200 149 155 124 152 177 111 228 92 40 102 128 220 251 274 178 179 26 158 267 197 199 142 243 60 172 207 219 116 100 152 79 54 141 201 129 29 90 214 249 97 179 213 167 142 290 186 233 199 245 175 241 244 79 277 215 5 224 11 299 160 252 139 74 169 170
 171 73 184 226 73 60 204 167 14 195 105 93 97 189 130 244 136 140 188 54 185 99 37 156 274 235 118 90 158 153 220 187 173 96 162 66 1 197 209 72 140 106 220 157 144 174 83 125 260 160 223 157 220 141 158 56 208 170 233 201 179 203 142 31 80 185 170 69 83 249 238 70 199 198 186 121 172 168 182 130 125 148 290 154 26 134 133 164 262 168 187 73 67 155 36 192 134 224 102 26 179 162 170 210 215 212 28 100 201 174 194 213 187 137 79 203 165 152 66 68 170 79 88 127 154 69 65 61 59 228 210 199 85 128 89 150 173 156 223 107 153 217 148 239 116 120 152 111 176 89 82 219 130 85 78 138 184 200 168 193 52 118 98 146 124 101 131 183 132 194 229 191 239 152 124 150 235 256 157 152 248 77 136 267 141 105 167 178 161 86 167 150 59 153 71 98 52 136 232 128 104 279 174 67 231 185 174 82 158 64 96 178 273 82 210 102 90 101 184 142 137 223 151 51 139 190 226 188 254 183 197 54 107 203 144 187 201 210 98 124 146 155 52 54 88 62 14 140 165 158 37 148 152 185 159 138 275 107 163 267 179 241 134 184 186 242 186 133 267 200 70 188 58 235 104 229 181 98 137 110
