NAME : domp20p6v3
COMMENT : (Deleplanque et al.) 
TYPE : DOMP
DIMENSION : 20
DISPLAY_DATA_TYPE: NO_DISPLAY
OPEN_FACILITIES : 6
COST_SECTION
 1 11 297 248 117 78 171 157 154 299 221 358 233 194 185 253 182 307 120 107
 11 1 287 244 117 79 165 147 144 292 213 348 223 195 179 243 175 297 117 107
 297 287 1 225 283 330 260 145 148 140 232 97 67 331 275 62 169 124 302 328
 248 244 225 1 150 320 342 160 207 110 354 320 207 141 361 237 91 326 336 341
 117 117 283 150 1 194 264 146 177 231 299 366 231 83 280 260 121 337 229 222
 78 79 330 320 194 1 134 204 184 359 192 374 264 270 141 277 246 311 64 36
 171 165 260 342 264 134 1 187 143 338 60 274 201 345 20 199 253 200 73 107
 157 147 145 160 146 204 187 1 48 159 195 221 87 211 205 115 70 194 196 212
 154 144 148 207 177 184 143 48 1 197 148 206 82 249 162 100 117 164 164 185
 299 292 140 110 231 359 338 159 197 1 332 232 154 246 356 176 119 259 355 370
 221 213 232 354 299 192 60 195 148 332 1 228 183 379 62 172 264 150 132 166
 358 348 97 320 366 374 274 221 206 232 228 1 135 421 284 108 260 80 332 363
 233 223 67 207 231 264 201 87 82 154 183 135 1 290 217 32 132 120 238 262
 194 195 331 141 83 270 345 211 249 246 379 421 290 1 362 321 163 404 310 301
 185 179 275 361 280 141 20 205 162 356 62 284 217 362 1 214 271 208 78 111
 253 243 62 237 260 277 199 115 100 176 172 108 32 321 214 1 162 90 244 271
 182 175 169 91 121 246 253 70 117 119 264 260 132 163 271 162 1 249 252 261
 307 297 124 326 337 311 200 194 164 259 150 80 120 404 208 90 249 1 263 295
 120 117 302 336 229 64 73 196 164 355 132 332 238 310 78 244 252 263 1 35
 107 107 328 341 222 36 107 212 185 370 166 363 262 301 111 271 261 295 35 1
LAMBDA_SECTION
1  12
2  15
3  7
4  9
5  14
6  14
7  13
8  10
9  13
10  11
11  19
12  7
13  5
14  10
15  11
16  6
17  6
18  10
19  14
20  13
