NAME : domp300p100v10
COMMENT : (Deleplanque et al.) 
TYPE : DOMP
DIMENSION : 300
DISPLAY_DATA_TYPE: NO_DISPLAY
OPEN_FACILITIES : 100
COST_SECTION
 1 139 94 195 34 136 155 113 106 78 108 102 196 140 154 258 202 132 179 239 174 133 242 190 56 186 229 177 156 208 210 202 260 21 214 108 181 185 128 193 145 162 193 223 68 120 241 41 105 192 154 124 117 202 175 150 84 140 177 204 110 210 212 129 92 254 104 154 154 224 201 160 141 204 62 210 115 135 114 171 92 92 134 254 146 217 168 140 222 220 170 52 149 213 179 95 24 216 233 232 134 175 129 139 182 105 124 157 172 188 245 128 96 256 29 201 253 154 167 92 93 139 34 248 51 138 123 236 222 105 57 74 121 178 101 155 245 183 244 229 31 137 288 162 175 246 202 152 136 234 161 74 85 90 108 160 200 66 17 155 204 52 149 148 115 96 181 277 176 224 136 213 71 150 196 94 206 292 208 222 196 162 197 201 72 186 81 157 220 143 141 137 230 167 118 56 184 77 212 164 201 183 169 131 94 121 116 213 164 108 262 211 206 69 182 226 105 106 56 262 226 228 115 194 115 177 128 98 151 180 141 257 178 88 178 65 212 158 18 237 158 110 188 80 239 90 176 71 59 105 147 135 213 183 208 190 169 275 251 129 198 178 192 141 90 240 162 166 218 191 167 218 275 109 235 265 180 218 158 193 133 225 171 238 225 131 194 132 96 184 187 163 260 194 203 96 14 189 141 208
 139 1 177 253 171 241 216 250 47 185 245 212 308 273 179 370 296 151 268 361 261 124 348 237 151 255 122 296 293 199 266 326 398 154 235 246 132 222 266 201 77 132 277 336 149 23 349 114 35 189 266 201 213 339 141 251 106 46 302 327 141 301 286 164 229 391 73 34 130 362 339 281 20 319 121 344 42 180 206 293 51 201 106 391 141 336 203 163 312 124 181 187 218 275 226 71 158 349 331 351 272 110 232 165 165 147 17 291 259 247 367 266 45 249 147 212 386 117 225 219 143 277 121 366 182 275 145 374 324 207 188 148 233 284 202 24 362 192 270 354 162 7 417 45 313 383 326 268 229 340 177 192 216 159 218 157 338 173 124 251 341 144 187 207 96 231 259 398 288 338 178 351 146 41 334 227 275 419 346 313 333 236 281 97 69 309 165 19 117 115 138 142 366 291 248 188 79 201 347 220 212 320 279 64 231 200 74 286 111 238 254 115 344 108 310 331 234 183 98 369 362 345 178 180 245 300 232 234 94 108 156 379 280 59 300 203 335 223 153 135 71 202 280 70 377 206 224 78 107 124 251 159 340 174 235 193 293 409 372 259 252 312 145 119 178 243 161 124 349 83 222 125 398 77 355 402 300 310 262 249 122 213 274 376 289 62 213 186 71 226 234 171 386 328 331 184 151 291 254 109
 94 177 1 102 87 216 62 126 131 164 145 45 134 186 76 195 283 69 95 295 260 90 172 283 39 276 216 125 188 298 301 158 278 80 307 134 141 278 142 285 215 117 277 290 32 165 310 127 147 282 93 32 38 228 128 231 72 152 137 260 54 128 122 55 111 277 177 173 110 225 206 225 188 145 152 190 138 50 30 232 146 175 216 273 93 279 261 232 139 200 96 82 56 303 87 107 80 193 156 292 165 149 210 231 270 197 161 141 258 94 196 150 138 347 66 294 287 235 259 160 39 166 124 193 71 140 214 240 149 190 130 167 199 109 188 182 189 275 337 186 74 172 330 176 195 263 257 223 221 164 86 155 81 20 188 97 204 34 95 238 231 146 65 56 196 102 268 330 246 290 53 230 164 205 211 91 114 337 209 140 197 251 281 193 132 141 15 191 207 107 89 81 258 125 98 127 181 153 195 257 293 180 105 132 137 29 114 123 242 93 354 195 210 70 149 155 87 197 135 193 210 290 208 283 97 132 58 105 131 157 75 312 255 120 238 107 268 65 105 219 154 26 270 148 248 169 269 103 144 66 75 227 174 273 301 282 127 304 306 105 290 162 147 224 181 332 251 128 260 189 260 198 326 184 183 284 129 137 87 284 219 315 249 251 315 198 287 43 168 276 280 93 309 176 252 9 88 115 83 195
 195 253 102 1 185 310 42 197 208 262 224 112 123 264 79 161 376 104 58 371 356 134 132 383 140 374 247 134 257 398 400 165 325 180 408 210 162 378 208 385 306 143 373 373 130 248 395 227 231 382 109 71 88 288 144 326 152 217 156 338 114 76 41 90 189 329 270 239 139 265 251 311 269 134 252 215 212 74 87 315 235 272 311 323 121 360 362 332 79 227 88 174 47 401 30 185 179 215 105 371 237 182 306 331 368 297 240 183 354 8 183 220 222 447 167 394 348 331 359 252 117 236 224 173 165 199 314 280 110 287 226 268 293 98 285 251 169 375 437 184 173 248 395 237 254 311 335 312 318 126 85 252 159 109 284 110 249 132 195 333 292 246 68 50 292 176 366 403 334 373 76 281 264 288 265 165 27 403 251 81 241 349 377 233 224 153 115 263 239 149 122 116 317 147 156 223 228 248 222 357 393 223 106 195 221 76 180 39 335 157 453 226 253 158 172 119 152 297 233 150 235 371 308 382 157 147 94 178 177 191 101 388 347 203 320 196 346 38 205 244 207 89 364 242 291 265 369 191 243 130 88 327 182 372 401 382 148 360 381 156 390 199 160 321 281 433 351 156 328 234 360 224 398 278 171 332 137 82 90 384 317 415 341 297 413 288 388 70 262 377 380 96 379 207 327 100 188 92 110 229
 34 171 87 185 1 130 148 80 135 79 79 81 169 114 158 230 197 140 160 220 173 148 216 201 57 191 254 148 128 230 217 170 230 19 230 76 199 198 96 212 177 178 191 208 70 152 228 72 137 213 128 115 100 173 190 145 103 169 146 184 119 188 196 133 59 225 136 184 170 192 169 144 174 175 89 177 145 134 99 153 124 89 164 224 159 200 184 161 201 244 176 20 139 218 174 121 15 183 209 214 105 197 124 159 206 126 156 124 171 178 214 97 128 276 33 220 226 183 176 76 100 109 64 218 23 105 146 204 197 104 44 92 113 153 102 187 215 203 257 198 16 169 264 192 144 215 182 139 135 208 166 69 53 91 102 170 168 55 49 151 175 71 149 141 145 63 183 256 163 209 136 183 89 183 165 61 192 269 176 201 163 166 195 227 105 155 77 189 246 160 154 148 202 137 86 41 211 67 179 175 219 150 143 157 66 110 141 198 194 76 282 236 174 89 150 200 74 116 88 235 193 211 128 218 83 147 107 65 173 203 149 238 170 118 159 34 192 148 28 261 184 97 184 113 208 83 188 100 89 119 125 156 181 207 222 211 138 247 231 98 207 145 209 169 99 258 185 183 193 218 178 242 254 141 205 235 151 197 135 201 161 247 164 207 229 164 212 129 129 196 198 170 238 161 180 86 21 165 115 233
 136 241 216 310 130 1 275 136 225 61 104 200 263 87 286 314 68 266 277 125 48 268 310 104 185 76 352 237 116 174 105 244 202 141 146 119 315 113 138 149 202 296 64 96 198 219 110 134 212 160 231 242 223 148 310 16 219 260 223 96 244 299 316 261 131 188 174 266 289 199 179 51 233 265 122 220 233 263 224 65 193 45 169 194 281 98 110 120 312 346 303 137 265 101 302 223 139 228 312 113 113 307 10 116 169 106 230 185 47 304 285 125 207 201 157 150 169 179 81 60 226 118 129 294 147 155 122 203 297 35 87 94 19 258 40 262 293 144 159 265 144 241 187 277 143 191 96 34 22 304 294 64 156 219 29 294 181 183 147 24 147 101 278 270 162 145 62 161 49 98 265 170 96 230 160 154 314 186 190 311 181 56 68 324 178 235 206 258 344 277 276 272 161 220 175 90 305 64 217 83 149 181 246 257 99 237 245 318 195 167 207 337 185 204 218 297 170 64 147 325 226 107 77 172 171 230 223 144 282 310 275 141 43 209 70 115 102 275 119 362 283 222 55 172 198 48 97 197 136 240 238 119 246 163 136 153 221 194 136 183 101 195 326 164 64 181 147 300 131 312 85 345 162 174 280 202 238 306 245 95 154 187 36 191 109 199 138 258 172 106 103 297 154 207 106 215 135 271 221 333
 155 216 62 42 148 275 1 171 170 225 195 82 125 236 52 176 342 71 64 345 320 101 148 344 100 337 223 129 232 357 362 163 310 141 368 182 139 339 184 345 266 116 337 343 90 209 365 187 192 342 98 34 59 268 121 290 113 182 148 310 76 94 72 54 160 312 230 204 111 252 236 280 230 137 212 207 175 37 55 285 195 236 271 307 92 331 322 292 102 204 69 139 15 364 28 146 141 209 125 343 211 155 270 291 328 257 202 167 318 34 190 195 183 407 128 354 328 291 320 218 77 211 184 183 130 177 273 267 124 250 190 228 258 98 248 215 178 335 398 186 135 210 373 203 234 296 308 279 281 141 62 215 129 68 248 85 234 94 155 297 271 207 37 10 251 148 329 378 302 344 40 264 225 249 247 137 60 381 237 103 226 312 341 205 184 148 75 227 214 118 91 84 298 138 133 187 198 212 214 318 353 208 101 160 190 39 144 71 295 132 413 201 239 118 163 133 126 259 193 169 227 343 269 341 134 140 71 151 146 164 70 362 313 164 291 163 318 10 166 221 175 55 329 201 278 229 330 151 203 92 75 287 180 331 362 341 139 342 355 135 351 186 139 281 242 392 310 129 305 205 321 201 373 237 177 317 133 102 81 345 276 374 307 282 376 248 348 31 222 338 341 73 355 196 301 62 150 97 95 203
 113 250 126 197 80 136 171 1 213 116 34 90 128 69 201 180 193 193 151 176 183 210 175 233 117 210 327 102 63 283 239 111 156 97 270 18 262 236 18 262 252 239 197 179 128 231 201 147 216 267 100 140 113 103 250 150 172 245 89 143 175 169 192 180 22 153 212 262 231 113 90 120 253 129 158 102 222 174 117 122 203 115 233 151 216 165 226 215 181 314 221 65 158 236 198 197 93 109 178 176 42 265 135 212 266 184 235 54 182 191 154 25 207 322 107 267 162 251 208 81 156 42 139 161 72 27 205 125 163 128 82 151 119 126 130 265 160 254 290 135 90 248 205 269 70 141 140 125 151 169 211 101 47 140 117 222 89 100 128 159 106 135 188 168 217 25 197 209 145 179 178 107 149 262 89 36 193 213 97 180 84 188 201 301 184 100 124 268 318 225 211 204 133 85 43 79 285 90 103 208 266 71 113 232 40 135 214 194 264 40 329 307 95 160 86 162 46 157 164 190 116 176 174 274 41 95 104 22 243 272 200 192 163 196 126 50 150 167 102 332 258 118 185 191 130 104 222 177 163 181 113 211 116 264 261 262 86 179 186 49 233 71 270 236 142 303 242 247 135 293 211 312 204 216 147 162 103 175 117 227 227 299 159 131 244 240 256 165 205 231 231 218 186 86 132 120 100 139 93 306
 106 47 131 208 135 225 170 213 1 166 212 167 263 244 137 324 285 108 222 339 252 84 302 241 107 252 128 251 261 219 268 282 364 117 247 210 107 228 229 216 105 99 270 319 104 41 334 92 26 207 221 155 168 307 111 237 60 36 258 304 96 255 241 120 192 358 81 50 96 324 302 259 61 273 107 303 10 136 160 271 42 182 123 358 102 316 209 170 266 123 141 149 172 275 182 25 121 308 284 330 238 90 216 171 185 145 32 250 250 202 322 231 23 270 108 226 357 140 225 193 97 243 97 321 143 236 150 337 278 191 159 135 214 239 186 54 317 206 282 310 124 42 391 58 278 349 303 248 217 294 136 169 175 113 199 119 301 129 90 239 309 125 143 162 107 192 253 377 270 320 133 317 133 81 299 186 229 394 308 267 295 231 273 100 49 265 119 61 120 79 98 100 334 247 206 159 82 176 306 220 226 281 234 36 199 154 35 240 139 197 276 114 307 62 267 285 192 173 80 323 321 326 173 201 204 256 187 195 67 91 114 357 266 18 278 168 312 178 122 138 59 156 270 62 342 184 227 36 92 79 205 165 296 193 245 209 249 379 351 217 254 272 120 136 165 261 176 95 322 88 223 122 376 88 310 369 255 264 216 250 136 234 260 341 289 87 225 141 75 231 238 131 362 287 305 138 116 245 209 109
 78 185 164 262 79 61 225 116 166 1 91 157 234 100 230 292 126 209 236 177 98 209 282 125 129 113 293 210 127 167 139 225 228 85 157 102 255 124 125 146 158 237 116 154 142 163 169 75 155 151 197 192 178 169 250 74 159 201 202 143 187 262 273 205 103 218 124 209 230 209 187 96 180 239 67 215 175 209 177 109 136 17 130 221 223 152 112 100 275 287 246 91 216 140 250 163 85 222 280 166 112 247 53 97 152 71 174 169 96 255 269 117 149 208 101 152 207 145 100 44 169 118 70 275 99 141 92 217 266 28 40 44 49 224 25 206 273 138 182 250 91 185 233 219 152 215 142 84 59 275 237 17 118 164 35 236 187 132 87 78 170 43 224 218 118 115 106 214 105 155 210 187 44 180 173 121 269 235 196 275 185 88 120 265 120 213 152 203 285 217 218 213 191 196 145 44 246 28 214 98 151 179 213 197 79 188 185 275 159 136 214 278 193 144 201 268 137 42 89 300 226 162 58 159 142 206 182 115 222 251 218 194 103 150 116 77 151 226 62 302 223 174 112 116 216 23 112 137 80 182 199 97 232 149 149 147 197 231 188 156 129 185 266 129 26 189 128 240 168 253 101 286 214 125 262 231 213 270 208 123 119 183 96 211 152 151 142 205 120 121 122 240 202 200 148 164 78 237 186 274
 108 245 145 224 79 104 195 34 212 91 1 114 160 42 220 212 161 209 182 151 150 221 207 202 127 178 332 135 50 257 207 142 154 97 240 17 273 207 36 234 238 251 164 150 140 225 172 136 211 241 132 163 138 96 263 117 179 246 120 116 189 201 222 198 36 147 199 261 243 122 99 89 246 162 142 125 222 194 141 92 196 87 215 147 230 137 198 190 213 321 240 70 183 204 222 199 93 132 211 149 27 273 104 187 242 161 231 83 149 218 183 27 203 294 110 239 149 232 177 51 169 32 128 192 80 53 182 132 196 98 63 130 87 158 101 262 191 227 259 164 92 243 189 269 69 139 114 93 120 201 230 76 67 156 86 238 99 115 124 126 98 117 209 192 200 49 165 186 113 150 197 107 129 252 90 60 223 194 108 212 96 157 168 305 177 132 140 263 323 235 225 219 124 117 75 61 288 64 124 178 238 89 146 235 15 158 218 225 246 70 300 313 105 166 116 195 74 130 153 223 136 149 147 249 72 127 132 47 250 280 217 169 131 195 97 46 124 193 93 339 262 141 152 181 134 76 192 177 150 192 143 187 145 239 231 236 118 169 162 81 202 96 282 216 116 274 218 258 117 296 180 319 182 202 178 158 136 207 148 195 207 272 126 132 212 227 228 186 193 201 200 236 165 110 109 140 97 171 124 311
 102 212 45 112 81 200 82 90 167 157 114 1 99 155 114 161 265 112 81 263 246 135 142 280 62 267 260 85 152 308 294 117 236 83 309 100 185 278 103 291 240 161 263 263 64 198 285 141 180 292 56 52 25 189 171 215 112 192 94 229 99 109 117 97 79 236 200 212 154 182 163 200 221 108 163 145 175 87 29 205 175 164 234 232 136 250 263 239 122 244 134 66 70 294 109 145 81 149 132 262 130 193 196 237 283 204 196 97 245 106 156 114 170 355 77 299 249 254 255 142 82 130 135 155 59 99 223 196 121 179 118 171 182 78 178 220 152 282 336 144 74 208 294 216 155 221 227 200 209 135 125 144 48 64 174 140 161 41 110 223 192 150 101 79 215 67 257 297 223 263 91 188 168 236 170 56 115 301 166 122 154 243 267 237 158 100 51 227 251 152 133 125 219 82 56 115 224 139 151 254 299 136 70 174 110 47 155 119 262 52 361 239 167 106 105 126 46 195 153 163 166 262 208 295 55 90 27 69 175 201 118 280 236 154 210 86 237 80 106 263 197 30 254 172 205 156 267 135 159 109 46 234 132 284 302 290 84 264 274 61 285 118 191 241 178 338 262 172 224 231 257 242 292 206 144 242 89 118 57 279 234 325 230 208 305 224 291 78 191 275 277 133 274 132 220 37 92 88 44 239
 196 308 134 123 169 263 125 128 263 234 160 99 1 191 176 64 319 188 66 285 309 216 49 356 160 336 342 27 172 396 365 45 214 176 391 144 260 358 130 378 338 237 324 298 160 295 320 236 278 380 44 118 97 189 244 276 205 285 47 257 182 57 94 169 134 221 297 306 231 152 144 244 319 13 256 98 270 154 105 244 273 237 329 213 212 281 345 327 65 324 193 150 114 362 142 240 173 97 53 289 160 274 261 325 374 293 293 87 308 122 66 143 268 440 173 384 245 349 331 206 171 157 229 60 147 114 313 166 37 251 195 259 245 29 252 315 56 369 414 62 167 304 294 309 160 202 254 251 277 42 186 220 118 153 242 208 141 139 206 285 193 238 160 130 310 121 323 311 270 297 158 176 256 333 163 115 104 304 141 63 134 313 327 322 256 38 145 323 333 233 209 202 215 45 90 192 312 211 106 330 383 118 30 265 165 116 247 98 358 99 446 320 144 202 60 35 99 275 249 68 116 291 290 385 94 37 77 121 260 283 190 299 289 251 247 158 263 117 196 343 286 109 311 269 179 227 344 232 254 196 60 323 61 374 382 377 45 253 293 81 358 92 263 335 258 422 352 249 235 319 333 322 304 303 53 222 27 58 49 352 328 413 285 187 371 321 375 144 288 354 354 197 285 94 242 126 184 32 56 322
 140 273 186 264 114 87 236 69 244 100 42 155 191 1 261 236 131 249 220 110 128 260 236 190 166 160 367 165 31 255 189 165 130 132 231 55 312 197 62 231 255 290 140 111 179 252 133 161 240 240 168 204 179 71 302 97 216 279 147 76 229 236 260 238 77 120 220 291 282 115 94 55 271 190 161 136 253 234 182 54 223 89 229 122 269 97 192 193 248 357 280 109 223 183 263 233 128 143 243 109 31 310 90 190 245 169 259 107 128 258 203 49 232 286 147 233 114 244 166 58 209 36 153 214 119 78 189 121 227 95 87 143 74 192 100 292 213 225 245 183 129 272 151 300 58 116 73 64 107 230 270 87 108 196 80 278 95 155 155 106 71 135 249 232 216 89 144 146 80 111 238 89 142 274 77 100 261 155 104 246 96 142 143 339 205 158 180 291 358 273 264 258 94 147 111 86 322 76 132 168 233 96 180 269 50 199 253 262 258 108 292 349 100 202 140 225 113 132 178 249 141 108 148 250 109 156 171 87 286 316 257 128 102 227 58 83 83 233 123 374 296 182 125 206 118 79 182 210 172 231 181 191 165 241 221 234 147 137 121 116 186 113 321 227 121 266 222 296 79 329 170 355 142 222 200 132 165 241 185 180 217 269 98 113 189 247 221 227 215 191 188 277 125 123 68 181 130 206 161 346
 154 179 76 79 158 286 52 201 137 230 220 114 176 261 1 227 353 30 115 370 327 57 199 341 102 339 172 177 263 342 362 211 349 146 359 209 88 333 216 333 239 66 345 364 89 177 384 177 161 327 145 66 95 302 70 301 87 140 195 335 48 144 117 26 186 349 207 162 62 294 276 299 196 188 202 252 139 28 88 306 169 243 250 345 43 354 315 281 151 153 21 156 63 366 50 114 147 254 175 367 240 105 279 281 310 248 167 208 325 74 240 225 154 393 130 343 361 269 319 233 62 241 176 233 145 213 261 309 175 257 200 223 270 148 254 175 229 323 392 235 143 174 405 160 268 334 332 295 288 193 12 223 156 68 258 34 274 108 149 306 305 203 17 47 231 177 334 405 319 364 24 302 220 216 284 166 104 412 278 153 266 315 349 156 162 196 82 188 163 71 44 39 332 183 169 198 150 223 259 316 342 249 150 118 212 70 106 116 271 165 399 150 279 98 209 184 159 258 179 219 273 365 266 325 169 187 113 180 99 114 24 388 326 135 313 181 343 61 169 170 129 86 340 180 318 239 327 127 190 61 122 276 228 315 354 328 185 378 381 174 351 228 88 261 243 380 295 79 335 157 319 150 401 215 227 356 181 152 130 345 258 358 320 322 379 221 338 38 199 333 338 22 384 240 328 82 153 148 139 153
 258 370 195 161 230 314 176 180 324 292 212 161 64 236 227 1 366 243 113 317 360 272 31 412 222 389 397 83 213 456 418 72 226 238 448 196 313 414 178 437 400 291 373 337 222 358 359 298 340 440 107 175 158 217 296 327 266 345 92 294 240 86 123 225 190 237 359 367 285 168 169 289 381 56 317 114 332 208 165 286 335 293 391 228 266 319 403 387 84 378 242 211 166 414 186 301 235 109 58 324 206 329 314 385 435 353 354 131 359 162 43 191 330 499 236 443 267 411 386 260 231 201 291 28 209 161 374 179 53 306 254 319 297 87 308 376 26 428 469 60 229 365 314 369 194 217 291 299 330 36 236 277 179 213 296 260 166 201 268 336 221 299 212 182 372 178 375 339 315 336 212 199 317 396 191 174 137 326 162 82 160 367 377 378 319 81 206 385 388 290 264 257 238 97 148 250 369 267 122 386 442 148 92 325 219 174 307 126 421 158 505 375 166 263 98 44 158 333 312 20 125 328 349 445 152 87 139 178 317 338 244 329 337 312 289 216 299 167 257 396 344 170 360 332 193 282 401 295 316 255 121 383 75 434 439 436 96 269 324 137 412 126 314 397 317 480 413 304 265 376 389 375 331 365 39 234 81 80 109 406 389 473 333 202 422 384 433 199 351 410 410 247 312 120 277 187 246 82 119 377
 202 296 283 376 197 68 342 193 285 126 161 265 319 131 353 366 1 333 340 105 36 334 366 98 252 60 411 294 157 181 78 295 214 208 138 177 379 114 191 157 245 362 25 65 265 274 64 196 270 172 292 309 289 172 375 53 284 319 277 95 311 360 379 328 192 198 225 324 355 230 215 78 285 320 179 263 293 330 290 84 250 111 209 206 348 79 122 150 373 407 370 203 331 67 368 286 207 270 370 89 162 370 75 146 190 151 287 237 38 370 333 178 266 192 224 153 170 214 87 125 293 166 192 344 213 207 160 230 355 99 154 151 85 318 103 318 343 156 136 313 211 297 169 335 180 207 97 69 70 360 361 131 220 286 96 361 217 250 212 49 170 163 345 336 208 206 45 132 53 67 332 196 154 279 192 216 378 164 225 372 220 65 24 384 238 288 273 311 404 342 343 338 174 276 234 157 365 131 259 93 152 224 305 319 159 304 308 382 230 228 197 398 220 269 270 354 232 114 207 379 265 81 120 187 232 285 287 205 345 373 342 115 31 270 84 181 96 342 186 422 344 288 16 229 222 115 99 260 195 307 301 151 295 181 129 164 276 192 112 241 84 243 391 201 122 172 172 364 137 371 92 407 137 223 330 212 294 367 307 81 192 190 36 213 67 247 141 325 225 106 98 364 136 252 113 281 201 331 283 393
 132 151 69 104 140 266 71 193 108 209 209 112 188 249 30 243 333 1 132 357 306 31 216 316 85 316 156 185 254 314 338 219 345 127 333 199 75 308 209 305 210 51 324 348 72 148 367 151 132 299 152 72 98 295 60 281 59 113 200 321 23 163 141 19 177 344 179 135 44 293 274 283 167 199 176 255 111 36 90 292 140 223 221 341 26 339 289 254 171 138 40 141 78 343 76 85 129 258 194 353 231 87 259 254 282 222 138 208 304 98 252 217 125 365 110 315 354 240 295 216 42 233 151 247 131 208 234 308 192 236 182 198 251 160 233 148 242 295 366 245 125 145 396 134 262 331 319 278 267 209 32 204 148 54 238 31 272 95 125 286 299 179 37 63 203 169 312 393 302 349 32 297 195 187 279 159 128 402 277 173 265 292 328 136 134 203 70 160 147 48 23 15 326 188 166 180 128 205 261 291 315 247 160 91 200 74 78 140 242 161 371 134 277 71 213 200 154 234 152 237 276 351 241 297 165 194 118 172 76 96 10 375 307 106 298 167 329 80 148 156 105 87 319 151 316 219 302 98 164 33 130 249 236 287 328 301 190 371 368 173 326 229 80 233 220 353 268 63 325 135 294 135 390 186 239 352 189 172 140 321 230 330 301 319 355 192 311 45 171 308 313 32 373 242 316 76 133 162 144 135
 179 268 95 58 160 277 64 151 222 236 182 81 66 220 115 113 340 132 1 324 323 162 85 359 130 346 286 77 208 386 373 108 269 161 389 166 202 357 160 370 309 179 340 330 125 259 352 217 241 370 55 68 63 235 184 292 163 238 99 292 132 34 41 114 149 274 270 260 174 209 196 270 281 78 240 157 228 97 68 272 240 243 308 268 154 315 343 318 45 267 131 146 55 373 78 198 160 158 64 325 191 218 273 316 360 283 253 130 322 57 129 173 231 434 152 378 295 328 335 218 126 189 212 120 139 149 301 223 61 258 197 250 259 41 257 271 116 361 416 127 152 263 342 261 203 256 289 273 287 78 125 223 122 111 252 148 194 114 184 300 239 229 100 70 288 135 335 354 294 330 101 227 247 298 211 125 44 352 195 46 186 321 343 267 226 96 109 281 276 179 153 146 264 91 109 194 259 217 165 333 378 168 49 217 182 69 200 44 335 113 440 263 198 163 115 70 109 275 227 106 177 326 288 372 111 90 55 136 207 227 132 339 310 213 277 163 299 55 185 285 235 72 329 241 235 234 346 196 235 148 40 313 125 362 382 368 92 306 333 106 364 143 202 316 257 417 340 192 278 266 336 264 348 277 116 277 80 43 36 358 310 403 305 241 383 292 370 88 262 355 357 136 329 150 279 89 170 35 60 266
 239 361 295 371 220 125 345 176 339 177 151 263 285 110 370 317 105 357 324 1 131 366 325 200 274 162 466 260 116 283 182 250 122 236 242 164 417 215 165 258 326 396 128 41 287 339 54 250 331 271 270 313 287 101 409 120 320 375 239 37 336 335 363 347 186 105 297 384 388 157 150 82 355 281 242 205 348 344 291 70 312 161 293 114 377 29 220 240 347 458 389 217 332 171 372 333 233 211 337 17 135 413 134 236 286 230 349 200 133 366 278 152 324 296 252 255 72 302 186 148 317 136 244 292 227 176 245 152 321 156 183 216 129 292 162 382 292 255 240 259 235 361 66 394 126 119 39 95 142 320 379 171 217 305 144 387 153 264 253 125 98 218 359 342 286 197 145 39 77 39 347 122 217 353 127 209 366 62 158 345 159 159 128 438 295 249 289 378 457 378 372 366 87 242 217 185 420 164 198 190 254 171 280 368 159 308 354 366 318 215 301 449 153 306 227 317 221 188 265 333 199 25 200 286 215 248 279 195 389 419 365 19 97 323 63 191 29 342 222 474 395 291 113 292 140 157 200 308 256 337 286 240 243 278 232 264 242 91 12 219 188 195 427 287 187 276 265 402 53 427 191 456 38 297 279 117 259 340 288 184 277 292 100 129 169 323 242 336 295 207 201 385 32 199 45 290 233 305 265 446
 174 261 260 356 173 48 320 183 252 98 150 246 309 128 327 360 36 306 323 131 1 304 357 71 226 35 377 284 157 152 62 290 230 182 114 166 348 85 183 127 210 332 19 93 239 240 97 164 236 141 278 287 269 181 345 34 255 286 269 113 284 346 362 302 178 214 190 290 325 237 219 81 250 311 146 263 260 305 269 91 216 85 174 221 319 104 90 115 359 374 343 182 310 55 346 254 181 270 359 116 157 338 51 111 157 116 252 231 3 349 329 171 233 170 198 125 190 179 55 107 266 162 161 339 191 200 125 239 344 71 131 118 66 305 74 283 338 125 120 310 187 262 196 301 182 221 114 66 40 350 334 106 203 261 73 333 220 227 183 25 180 131 320 314 172 192 18 162 63 95 307 204 120 243 198 201 360 192 229 358 222 30 23 350 204 281 249 277 370 312 314 310 189 266 222 134 331 108 260 60 124 224 293 286 146 282 276 364 195 214 175 365 224 240 264 344 217 80 174 372 267 108 84 156 218 276 270 191 313 341 315 144 37 238 94 162 116 320 159 388 310 267 22 195 232 92 69 229 161 278 285 116 291 149 104 133 268 214 140 229 62 239 360 166 90 149 138 334 154 337 60 374 166 188 325 229 285 353 292 57 157 162 36 224 63 211 112 301 190 77 71 337 162 251 128 259 175 318 268 360
 133 124 90 134 148 268 101 210 84 209 221 135 216 260 57 272 334 31 162 366 304 1 246 308 95 312 128 212 268 298 332 246 364 132 321 214 53 298 226 292 188 31 322 354 83 124 372 144 109 284 179 99 123 311 43 282 51 84 226 331 37 194 171 49 191 362 161 106 23 314 293 290 142 228 167 279 85 66 115 299 121 224 203 359 19 347 279 242 202 111 58 153 108 337 105 65 135 283 225 361 245 60 260 243 265 212 113 230 302 128 280 232 103 350 116 302 368 221 288 222 55 247 145 275 143 227 222 328 222 236 187 192 253 189 232 119 271 282 355 272 133 119 409 104 279 349 328 283 266 239 54 206 165 73 240 36 292 111 123 286 314 175 67 94 186 186 309 403 307 355 62 315 189 162 297 176 158 414 298 204 285 288 326 107 118 229 87 132 118 18 15 19 341 214 187 185 98 209 285 284 302 268 188 63 211 101 51 170 221 180 355 106 298 65 238 230 174 230 141 267 299 358 234 280 185 220 144 188 46 68 34 384 310 86 306 178 339 110 150 130 75 112 319 135 336 222 293 83 154 30 158 237 262 271 317 286 216 387 378 194 319 252 62 215 217 339 253 39 338 105 287 109 400 168 267 370 216 202 168 314 214 314 303 337 350 170 299 75 153 299 305 48 384 265 327 98 136 192 170 107
 242 348 172 132 216 310 148 175 302 282 207 142 49 236 199 31 366 216 85 325 357 246 1 404 202 384 370 74 215 444 413 76 242 222 439 192 286 406 175 425 381 263 371 341 200 336 363 282 318 428 89 150 135 226 268 324 243 321 90 299 215 57 94 198 182 251 341 342 258 181 178 290 359 47 302 126 308 181 143 288 315 285 375 243 239 323 393 375 55 351 214 198 139 410 157 278 220 122 28 330 205 302 309 372 421 340 332 130 355 133 64 189 308 488 218 432 279 395 379 253 207 201 275 50 194 159 360 194 25 299 244 306 293 65 300 352 46 417 462 75 213 343 327 344 199 231 296 297 325 9 208 268 166 190 290 232 175 182 251 332 230 286 184 154 356 169 371 348 315 340 185 210 304 375 200 163 107 338 173 52 169 361 374 351 299 79 184 361 361 263 237 230 249 91 138 240 343 259 134 379 431 155 74 300 213 149 282 97 404 147 494 348 177 241 99 18 147 323 294 22 140 333 338 432 142 82 118 169 291 311 217 338 336 290 291 206 304 139 243 368 318 147 358 313 208 275 393 273 300 230 99 370 85 421 430 425 90 284 332 129 406 130 286 382 306 470 399 276 274 350 381 348 341 347 54 250 73 51 87 400 374 461 331 216 418 365 423 172 332 402 402 219 322 128 283 165 230 58 102 350
 190 237 283 383 201 104 344 233 241 125 202 280 356 190 341 412 98 316 359 200 71 308 404 1 245 39 357 332 220 85 32 343 299 204 44 217 344 19 237 61 172 332 74 161 257 218 160 165 220 77 321 312 300 249 345 96 259 270 321 183 294 386 396 316 223 284 166 268 326 302 283 149 222 360 142 323 247 323 298 160 200 120 136 291 324 173 35 75 399 358 354 215 337 43 368 249 204 330 403 185 215 330 101 72 99 97 232 285 71 376 385 226 219 100 217 57 260 134 26 153 280 221 166 393 222 254 93 306 389 106 164 119 118 347 105 259 392 62 58 365 211 239 265 280 246 290 184 133 85 398 346 138 242 279 117 340 284 252 193 88 248 139 337 337 142 236 56 229 133 163 324 272 122 210 263 243 391 260 293 398 285 49 75 331 194 332 270 249 352 311 319 317 258 316 267 167 313 147 320 27 56 284 336 276 194 308 270 398 148 258 106 349 289 246 318 390 260 86 168 421 330 177 76 93 263 326 305 236 306 331 325 212 107 229 164 200 186 346 179 370 297 296 88 180 300 131 15 226 155 285 323 79 347 88 34 69 317 284 208 276 18 296 357 124 103 79 86 331 224 318 24 358 233 161 379 299 334 394 331 18 118 93 106 292 56 179 44 321 169 12 4 346 231 309 199 284 195 360 309 342
 56 151 39 140 57 185 100 117 107 129 127 62 160 166 102 222 252 85 130 274 226 95 202 245 1 240 211 146 174 260 265 176 272 45 269 120 147 240 134 247 181 125 244 264 14 137 284 89 119 244 117 70 69 218 137 199 57 135 152 238 64 162 160 78 98 269 141 154 117 225 204 200 160 169 114 198 116 80 63 208 115 142 179 267 104 255 223 194 174 198 120 59 94 267 124 87 46 203 188 269 151 149 178 193 232 159 135 146 224 133 217 139 109 309 29 255 274 199 222 132 44 154 85 216 49 137 175 239 180 156 99 129 168 137 153 161 213 237 299 204 42 147 315 159 186 257 236 195 187 194 110 122 74 36 156 114 202 23 57 205 221 108 95 93 159 94 234 310 219 265 82 223 126 175 205 85 152 321 209 175 196 216 248 186 98 159 26 167 202 109 99 93 248 141 102 96 171 122 202 220 255 180 131 118 117 67 100 161 206 93 315 191 208 47 161 185 88 161 98 223 217 267 170 245 99 150 85 96 127 156 93 292 225 93 214 84 246 103 69 217 144 59 238 113 245 137 232 74 106 66 104 189 190 235 263 243 143 294 285 111 254 168 156 187 145 294 213 132 244 179 223 196 307 148 205 278 150 171 115 248 181 277 219 246 279 164 249 77 133 239 243 115 291 183 233 43 52 146 105 190
 186 255 276 374 191 76 337 210 252 113 178 267 336 160 339 389 60 316 346 162 35 312 384 39 240 1 374 311 189 123 30 319 264 197 81 194 352 55 213 98 196 338 36 123 253 234 122 169 233 113 303 304 289 215 351 65 262 284 298 146 294 370 384 314 203 248 183 285 331 270 252 115 242 339 147 295 259 319 288 125 214 104 160 255 327 135 65 98 383 372 354 202 328 28 362 257 197 302 385 146 187 340 76 95 133 109 248 260 35 367 360 200 231 136 212 95 223 162 32 132 278 193 167 369 210 230 112 273 370 89 150 121 93 330 90 277 368 98 86 340 203 256 227 296 215 255 147 99 60 377 346 124 226 275 96 342 253 244 192 55 213 138 334 330 162 217 18 190 96 125 321 238 124 232 231 225 380 222 262 382 255 26 37 347 204 309 264 269 368 317 322 319 223 294 247 153 328 129 291 38 94 255 318 287 172 300 279 386 177 239 142 363 257 248 293 370 242 83 175 400 300 138 80 129 244 304 292 217 316 342 325 174 70 239 128 184 149 338 172 386 310 286 50 192 266 112 41 233 162 287 308 101 321 123 71 105 295 246 170 256 28 270 365 150 97 116 116 338 187 334 36 372 195 180 355 262 312 377 315 23 142 131 70 258 40 200 82 316 185 47 40 347 193 282 162 276 189 343 292 358
 229 122 216 247 254 352 223 327 128 293 332 260 342 367 172 397 411 156 286 466 377 128 370 357 211 374 1 339 381 317 386 373 481 236 355 328 86 343 344 321 194 107 394 445 202 141 461 219 142 308 306 226 250 426 104 363 156 93 352 430 164 316 287 174 307 477 193 90 113 435 414 385 138 354 233 405 119 190 242 397 162 309 226 476 132 442 324 284 322 22 160 265 232 395 218 135 240 408 347 457 358 69 343 286 283 266 127 354 375 243 407 348 146 365 223 332 479 235 345 319 179 361 224 401 257 347 265 449 346 318 284 261 341 315 312 99 397 312 390 399 241 119 516 78 395 466 429 375 343 363 164 296 284 197 326 139 413 231 214 365 428 252 187 216 217 304 377 503 397 447 186 433 259 154 415 296 273 519 419 324 406 354 398 29 175 356 211 111 10 110 134 142 455 340 310 283 47 302 410 339 332 390 315 99 319 228 115 285 227 303 369 23 419 168 364 354 297 298 206 390 424 453 295 298 308 347 271 307 86 61 154 483 392 144 404 287 438 232 246 15 72 238 396 183 456 311 344 159 217 152 285 279 389 293 355 313 342 500 477 319 372 376 89 239 291 361 281 95 445 41 342 25 502 197 394 487 343 323 295 369 243 329 386 456 409 182 334 200 190 347 354 153 488 390 430 224 237 317 297 22
 177 296 125 134 148 237 129 102 251 210 135 85 27 165 177 83 294 185 77 260 284 212 74 332 146 311 339 1 147 374 340 35 194 157 367 119 259 333 104 355 320 235 298 272 148 281 295 217 264 357 34 114 90 166 243 251 195 276 24 231 176 78 112 167 109 200 279 296 228 133 123 218 305 29 235 81 259 153 98 218 258 213 310 193 209 256 322 305 88 321 196 129 116 337 150 229 154 82 79 264 134 270 236 302 352 271 280 61 283 132 72 117 254 417 156 361 223 329 306 180 163 131 210 72 127 88 291 148 63 226 172 237 220 38 227 304 69 346 389 61 147 292 271 300 135 182 228 225 252 68 187 195 96 145 217 208 120 124 188 260 170 217 161 132 291 96 298 287 244 272 157 154 234 318 140 91 119 281 121 86 112 288 302 317 240 20 134 311 329 229 207 199 192 19 66 168 305 186 89 306 360 96 29 256 140 112 238 115 339 76 423 317 123 190 39 61 76 252 231 91 101 266 267 363 70 14 69 96 255 279 188 274 264 238 221 134 238 121 175 340 279 101 286 252 160 202 320 219 235 189 56 300 52 352 358 354 19 232 268 56 333 69 262 315 235 398 330 247 211 313 309 319 280 285 61 202 5 81 49 327 307 390 259 167 345 305 351 142 271 329 329 198 261 74 217 117 164 49 43 318
 156 293 188 257 128 116 232 63 261 127 50 152 172 31 263 213 157 254 208 116 157 268 215 220 174 189 381 147 1 285 218 142 106 146 261 56 321 228 50 261 281 298 167 127 186 273 149 182 260 269 155 202 175 47 310 126 227 295 127 86 235 221 248 242 78 99 244 309 290 85 64 80 293 170 186 108 270 236 180 75 244 118 256 99 276 110 222 223 232 369 283 118 220 211 259 248 142 115 224 118 24 321 120 219 274 197 279 87 157 252 177 39 251 316 159 264 101 271 196 84 215 22 174 189 127 61 217 92 208 125 108 169 104 177 129 310 189 255 274 157 141 291 143 317 28 91 83 92 137 210 273 113 108 201 110 283 65 160 172 135 49 160 250 230 242 87 173 147 104 126 239 61 169 297 47 98 251 150 74 231 66 172 170 354 225 138 185 311 372 283 271 265 75 128 102 107 337 101 104 198 263 68 165 284 63 197 267 251 285 102 322 362 70 214 117 206 108 161 200 227 111 120 178 280 101 136 164 84 298 328 261 132 128 244 77 94 92 229 141 387 311 180 152 228 90 107 212 226 195 239 171 220 140 270 251 264 129 121 126 103 215 88 329 255 149 296 251 306 73 345 200 368 142 246 175 110 147 226 173 209 245 299 125 86 217 272 251 227 238 221 218 280 124 97 72 182 146 191 150 360
 208 199 298 398 230 174 357 283 219 167 257 308 396 255 342 456 181 314 386 283 152 298 444 85 260 123 317 374 285 1 111 391 374 226 52 268 324 69 291 26 124 317 157 244 269 185 244 172 194 17 356 329 324 320 329 170 256 241 367 262 295 416 418 319 269 360 139 232 313 369 347 223 181 402 147 381 222 330 320 235 179 171 97 366 316 255 65 70 429 322 351 247 353 124 378 235 228 388 438 267 275 305 168 73 35 105 200 336 151 390 435 282 197 53 235 30 339 83 98 207 285 281 176 441 252 307 86 374 426 161 204 139 182 382 158 220 439 31 82 416 235 203 347 243 311 363 263 206 152 437 345 183 279 290 176 333 348 273 204 163 319 160 342 349 113 280 138 312 211 246 330 341 141 163 330 283 411 343 357 429 348 125 158 294 181 378 284 207 313 297 311 311 333 360 309 207 277 194 379 94 31 343 372 252 245 326 253 419 91 299 58 313 353 245 367 428 299 127 166 463 390 259 111 20 306 371 334 280 284 304 322 295 188 213 240 241 266 361 203 331 267 317 171 164 370 182 84 217 155 282 353 75 398 28 59 22 362 363 291 320 101 351 337 84 142 45 48 313 301 280 93 323 317 132 427 374 376 425 363 103 85 18 185 364 134 138 42 330 146 77 84 342 314 366 276 301 217 394 344 306
 210 266 301 400 217 105 362 239 268 139 207 294 365 189 362 418 78 338 373 182 62 332 413 32 265 30 386 340 218 111 1 348 289 222 63 223 371 49 242 89 202 357 57 142 277 247 138 189 248 106 331 330 316 242 370 93 283 299 327 170 317 398 411 338 232 273 195 298 351 298 280 142 252 367 166 324 275 343 315 152 228 131 166 281 348 156 66 105 411 386 377 229 354 14 387 275 222 331 413 166 216 357 105 102 128 124 261 289 62 393 388 229 247 115 236 83 247 164 45 160 301 222 188 398 237 259 122 300 399 116 177 141 122 358 117 289 397 92 60 369 228 269 246 309 243 281 172 127 89 406 368 151 253 299 124 363 281 270 215 84 240 160 358 355 171 246 46 208 122 144 345 265 144 240 259 253 407 240 290 410 283 53 56 360 221 338 289 279 381 336 343 340 248 323 276 180 342 157 320 49 82 284 346 303 201 325 297 413 178 268 120 377 285 269 322 399 270 105 193 429 328 158 99 121 273 333 319 245 333 359 347 192 96 256 154 212 172 364 197 399 325 312 73 208 293 140 43 251 180 309 336 109 350 118 54 98 324 269 189 285 15 299 384 155 121 95 116 357 212 347 46 387 213 190 384 287 341 405 343 19 148 116 96 284 25 209 72 340 198 43 34 369 213 311 187 301 214 371 321 371
 202 326 158 165 170 244 163 111 282 225 142 117 45 165 211 72 295 219 108 250 290 246 76 343 176 319 373 35 142 391 348 1 171 182 380 127 293 346 107 371 346 269 303 267 180 311 289 241 293 375 68 149 123 151 277 257 227 308 26 225 210 101 139 201 124 179 305 328 262 109 104 218 334 36 258 54 290 187 132 216 286 225 333 171 244 249 336 323 109 356 230 152 150 344 183 261 179 52 92 256 135 305 244 320 372 290 310 60 289 164 45 120 283 432 183 376 205 352 317 191 196 130 233 51 152 90 310 123 76 238 188 256 227 68 240 335 50 362 400 29 172 322 253 332 125 159 221 228 261 72 222 210 118 178 227 243 101 154 214 266 155 237 196 166 315 113 305 273 244 266 192 136 254 347 125 111 148 264 99 106 94 297 306 350 268 18 167 342 363 263 241 233 175 36 85 185 339 200 62 318 375 80 63 289 150 146 271 142 363 96 438 351 103 221 27 70 98 267 256 86 72 259 283 382 89 27 103 112 288 313 223 263 266 268 218 152 230 155 197 374 312 135 289 279 136 214 332 249 259 223 91 319 18 371 371 371 34 211 257 74 343 56 297 338 250 413 349 281 199 346 321 353 266 310 37 179 31 102 83 336 329 407 262 144 351 331 366 177 297 341 341 232 247 53 208 150 189 76 77 352
 260 398 278 325 230 202 310 156 364 228 154 236 214 130 349 226 214 345 269 122 230 364 242 299 272 264 481 194 106 374 289 171 1 248 342 155 416 311 139 349 384 392 233 157 282 377 174 287 364 360 217 284 255 60 403 206 327 398 171 121 329 269 305 331 175 18 348 413 385 62 75 153 398 206 290 117 374 322 262 140 349 216 357 9 369 139 310 318 278 469 369 218 296 279 335 350 244 120 261 135 127 419 208 314 369 297 383 144 230 321 184 135 355 398 260 350 52 371 279 186 310 123 279 199 226 138 316 49 245 220 213 271 195 231 225 415 201 344 348 168 242 396 92 421 87 16 119 169 223 239 359 216 200 293 205 374 77 254 276 213 59 264 335 310 345 179 246 126 168 156 326 49 271 402 68 189 312 105 75 275 85 252 234 455 330 177 278 416 472 379 365 357 42 179 181 212 439 204 109 282 349 103 221 385 168 280 368 308 386 186 404 462 73 315 156 239 192 257 304 244 102 142 273 373 182 181 240 177 397 426 352 125 194 347 137 197 120 304 246 487 412 264 217 332 35 207 295 329 299 335 239 316 158 363 332 354 178 45 123 176 291 127 423 355 248 377 346 401 78 447 284 467 117 350 189 9 192 271 236 286 345 387 195 29 280 376 337 312 342 303 299 368 102 121 103 271 249 241 217 460
 21 154 80 180 19 141 141 97 117 85 97 83 176 132 146 238 208 127 161 236 182 132 222 204 45 197 236 157 146 226 222 182 248 1 230 94 182 200 113 210 165 162 200 223 58 136 242 61 120 210 134 110 100 191 175 156 86 151 157 200 105 191 195 121 76 243 123 166 154 209 186 159 158 184 81 192 127 124 97 168 108 98 154 242 144 216 184 158 204 226 163 34 134 224 166 103 5 198 214 230 123 180 134 156 200 122 139 139 180 173 225 115 111 273 17 218 244 174 180 91 86 127 54 228 32 122 141 221 202 112 56 90 125 159 109 169 225 201 259 210 11 151 281 174 162 233 198 153 143 215 154 78 65 80 113 156 185 50 33 161 194 68 139 135 135 79 190 273 177 224 126 200 87 168 183 75 190 286 193 204 180 172 204 209 89 166 68 172 228 144 139 134 220 148 99 54 193 79 195 178 218 167 150 139 84 105 123 197 183 89 279 218 191 71 163 206 86 118 75 242 209 227 129 213 96 158 109 81 155 185 136 254 182 100 175 52 208 143 26 244 166 94 194 99 225 94 190 82 79 103 129 153 194 202 223 208 149 265 247 110 211 160 193 160 102 257 180 167 210 200 181 224 270 129 215 253 161 200 139 205 153 243 175 225 236 150 211 120 116 198 201 157 255 176 197 81 10 170 122 216
