NAME : domp260p86v2
COMMENT : (Deleplanque et al.) 
TYPE : DOMP
DIMENSION : 260
DISPLAY_DATA_TYPE: NO_DISPLAY
OPEN_FACILITIES : 86
COST_SECTION
 1 242 107 50 242 242 142 155 164 179 91 165 253 257 190 232 141 173 116 174 240 87 86 28 132 145 194 128 164 213 135 120 212 184 192 244 192 113 167 167 127 199 150 162 73 50 98 186 198 131 211 187 198 206 121 163 114 192 109 255 42 41 166 170 189 109 211 76 226 90 248 212 46 187 69 212 226 256 152 79 200 186 232 190 202 130 166 161 134 203 111 113 189 134 175 46 218 216 198 219 151 168 163 78 76 163 151 74 171 133 209 235 219 185 127 49 141 67 167 259 181 180 122 89 193 188 243 52 227 234 115 165 99 142 71 20 178 87 52 201 58 95 38 161 216 84 96 107 178 141 166 184 164 37 217 160 24 163 229 106 214 234 207 187 241 166 230 147 169 231 200 226 170 157 47 108 152 89 175 48 210 133 220 36 181 92 219 256 181 189 125 193 188 171 140 153 261 211 212 141 205 139 99 137 194 133 163 21 83 48 171 171 123 92 141 112 192 234 78 148 70 149 171 210 80 74 115 227 173 189 126 86 203 145 152 46 135 168 31 246 163 68 175 179 196 160 95 204 34 189 177 182 169 156 239 259 44 197 44 227
 242 1 299 248 475 355 257 131 79 366 235 404 494 498 418 472 327 397 148 132 314 208 197 233 373 292 387 169 302 374 271 181 410 281 58 6 57 155 405 226 356 439 226 342 284 289 289 415 437 298 327 428 97 308 339 291 227 420 350 376 207 244 89 261 116 321 427 318 421 257 319 261 281 196 237 417 392 386 151 284 86 280 448 354 399 337 121 402 256 444 351 256 333 178 76 211 417 341 53 274 172 409 142 317 197 98 358 308 222 373 46 11 451 401 201 283 178 228 371 494 100 418 316 157 397 378 379 242 367 376 314 196 339 381 311 260 332 189 283 440 244 166 254 328 457 165 289 330 384 354 372 65 164 268 296 99 264 370 355 231 384 352 349 291 20 351 300 372 366 398 399 388 344 306 200 141 217 160 376 228 379 375 398 273 410 332 425 491 283 210 336 336 371 74 273 134 335 317 332 382 302 320 207 176 377 259 266 256 308 287 345 255 312 247 376 146 391 396 251 368 206 376 410 376 300 314 155 462 408 168 365 201 87 371 160 274 373 104 267 363 208 192 218 102 435 152 149 332 241 430 226 88 389 97 6 385 266 88 265 366
 107 299 1 63 263 145 247 246 229 76 65 180 235 253 128 200 36 220 207 188 343 92 103 133 122 54 94 227 263 299 60 124 116 108 260 299 243 206 132 272 75 205 255 246 36 115 11 223 164 33 311 178 282 120 188 264 82 230 106 155 111 72 211 105 208 32 129 108 293 43 352 318 73 290 64 272 309 153 249 170 282 111 279 84 271 41 255 152 238 204 137 54 284 235 247 148 283 118 248 325 251 154 175 127 179 242 221 137 276 148 257 289 163 240 111 71 242 73 74 273 211 196 207 152 100 264 140 66 320 131 199 268 93 120 116 109 271 111 132 163 62 134 70 251 197 141 12 51 86 59 75 254 162 127 321 240 110 72 324 75 296 331 301 290 291 247 334 83 70 125 268 311 256 61 141 191 257 145 79 154 293 131 116 81 221 97 278 269 285 293 42 92 268 238 63 245 363 313 311 149 308 34 203 238 90 68 267 117 47 83 66 276 211 53 103 154 261 317 181 75 96 89 142 105 41 86 209 177 128 289 151 98 232 195 250 66 107 252 118 148 133 167 280 264 207 167 174 301 79 188 283 262 222 203 294 157 138 279 63 319
 50 248 63 1 263 193 191 184 174 138 46 181 257 267 171 229 98 204 145 155 288 55 60 75 134 96 156 165 213 259 87 93 176 136 205 249 194 144 160 212 109 212 196 207 37 80 54 212 193 84 260 193 222 158 158 212 71 219 111 207 49 10 164 123 173 77 183 91 265 41 297 259 44 228 24 249 271 208 186 124 222 138 264 144 242 95 194 165 182 214 128 65 237 173 190 87 257 167 199 267 189 171 143 103 117 183 190 106 216 147 209 240 204 219 91 45 180 28 132 277 171 197 167 95 159 230 196 8 275 187 159 207 98 139 93 60 226 65 91 194 11 85 16 208 218 85 52 83 144 110 132 198 137 80 266 181 63 129 277 62 259 282 255 236 243 210 278 125 131 187 240 272 216 109 79 130 197 90 139 95 255 139 178 43 209 96 255 273 230 232 92 145 232 183 91 183 309 260 261 152 254 95 143 175 153 86 211 66 60 55 127 218 169 44 130 105 232 279 127 122 46 129 166 166 53 77 147 215 162 227 144 58 193 175 188 33 128 192 72 198 125 105 220 204 211 137 114 252 18 199 223 203 202 154 244 211 90 219 23 275
 242 475 263 263 1 389 256 360 397 279 304 84 92 62 188 123 273 82 331 413 300 317 320 244 142 315 271 321 226 187 322 354 267 370 420 477 429 324 149 304 195 62 291 169 244 193 265 62 133 293 249 96 407 378 138 238 329 58 159 389 283 261 406 366 429 234 230 173 122 287 306 318 220 343 285 102 178 380 346 193 414 373 67 312 123 240 373 116 251 68 136 310 214 317 401 265 114 364 436 314 332 117 402 165 280 383 130 170 311 118 447 468 174 90 353 219 321 290 247 24 422 68 172 328 252 141 368 270 219 357 170 325 172 147 174 223 202 323 194 142 272 335 249 188 99 324 262 214 246 228 244 412 398 210 291 381 219 243 237 320 171 248 216 262 476 159 301 201 261 325 121 185 175 318 278 335 300 329 253 248 174 133 305 222 67 171 97 23 264 336 233 337 155 402 325 357 306 261 244 115 270 279 277 321 289 328 264 224 220 209 295 282 178 297 169 353 123 184 229 214 304 195 139 318 228 188 325 163 163 364 120 318 443 105 341 231 161 383 213 388 385 283 317 391 58 397 327 233 259 81 313 399 93 396 472 386 211 410 241 220
 242 355 145 193 389 1 383 350 307 113 160 311 338 364 213 297 121 360 316 223 480 182 193 268 251 99 126 344 405 444 110 185 142 76 337 352 303 318 242 401 197 328 385 391 179 259 150 359 267 114 452 296 374 48 332 404 149 366 242 23 229 203 272 97 241 165 182 251 435 154 489 449 217 410 178 414 454 36 360 312 370 76 417 78 414 153 356 275 374 324 276 134 427 355 329 277 425 28 304 457 368 274 214 271 304 334 365 281 404 283 310 345 243 381 164 215 362 184 145 394 256 326 352 249 148 408 37 192 463 44 343 390 231 244 260 250 414 200 275 261 186 221 206 395 305 238 153 183 148 162 148 332 191 269 458 333 251 148 467 152 441 473 444 428 340 392 470 189 130 85 411 455 401 87 264 294 385 239 140 287 438 261 102 223 358 237 419 390 422 417 160 55 413 316 106 351 502 453 452 281 446 117 331 356 106 116 403 257 190 227 96 410 355 155 222 233 404 462 319 176 198 195 254 79 185 230 322 259 231 402 289 188 270 336 364 208 230 347 259 10 148 290 407 359 332 204 277 443 210 310 411 351 363 268 350 33 279 368 203 463
 142 257 247 191 256 383 1 127 191 316 227 215 311 300 300 308 280 176 118 261 99 213 206 116 222 285 328 90 46 118 275 233 342 321 201 261 229 111 263 48 246 246 36 94 212 143 239 197 284 273 80 254 169 345 127 35 245 200 206 396 159 181 222 304 266 243 332 171 172 230 107 77 177 88 206 174 137 397 108 91 178 322 210 330 152 264 138 237 10 255 181 251 77 79 184 110 170 357 236 80 88 246 255 154 90 161 127 138 55 199 246 254 319 169 248 180 80 202 298 279 250 222 88 166 323 131 385 192 113 376 92 72 205 236 158 139 77 202 126 291 198 193 180 77 284 172 237 235 308 270 297 195 266 124 76 159 139 294 105 239 129 106 94 48 266 104 88 266 304 370 153 133 93 299 126 138 46 175 307 97 124 216 357 168 193 194 182 277 41 80 257 335 120 191 279 124 120 75 83 210 66 279 63 82 331 271 22 131 214 171 311 33 81 230 247 197 147 140 67 272 194 267 261 350 214 186 109 321 275 111 186 208 265 160 99 182 237 154 132 387 284 104 62 157 239 257 144 80 174 247 58 170 165 214 255 400 113 175 184 112
 155 131 246 184 360 350 127 1 74 321 196 298 394 392 343 380 280 280 40 167 191 171 159 134 281 263 339 41 172 244 245 169 359 277 76 135 110 43 319 98 281 333 97 215 219 191 236 299 348 259 198 330 48 306 223 161 203 304 259 369 136 176 115 257 165 258 363 223 294 212 197 140 200 77 186 292 263 374 22 168 55 278 326 321 273 278 14 306 126 340 250 223 203 49 60 111 291 329 117 152 43 314 166 216 86 37 236 203 95 272 125 128 372 280 190 203 49 177 315 381 145 311 193 102 342 252 364 181 237 358 193 69 251 293 213 167 203 152 179 352 185 131 182 200 360 113 235 259 327 291 315 70 185 166 171 36 170 312 226 201 255 224 219 162 141 224 177 300 314 366 273 259 216 278 110 58 88 112 322 121 249 280 360 190 294 243 301 379 154 90 274 314 243 71 249 4 213 188 203 282 174 276 84 46 335 236 137 160 235 201 306 126 188 206 294 122 266 267 132 300 157 303 321 344 231 226 41 379 326 57 262 164 154 256 31 197 287 28 169 358 218 89 93 32 328 172 75 203 170 328 101 44 270 110 130 376 161 51 192 236
 164 79 229 174 397 307 191 74 1 300 169 326 416 419 344 395 260 320 75 100 263 141 129 154 295 231 321 103 236 306 211 124 343 232 32 82 39 82 328 169 281 360 165 270 211 211 219 337 360 234 267 350 72 261 262 226 166 343 272 328 130 169 44 212 94 249 356 239 349 189 270 213 204 150 167 342 324 335 94 207 65 232 372 293 326 267 70 324 188 365 273 193 267 115 24 133 344 290 46 225 115 331 103 239 121 39 283 230 167 295 56 73 376 324 145 207 117 157 302 416 74 340 241 81 329 306 327 169 303 322 238 142 261 304 233 181 264 121 205 363 171 97 179 258 379 90 219 256 314 283 303 26 125 189 243 39 185 300 294 168 315 293 284 231 81 278 249 298 298 338 325 321 273 246 121 63 157 86 308 150 310 297 336 196 332 255 351 413 223 163 265 280 299 10 214 77 286 258 271 304 244 254 135 113 312 200 204 177 233 210 282 196 237 180 300 79 317 329 175 295 134 302 333 316 226 236 84 386 332 127 287 134 81 294 103 198 296 53 188 315 164 115 165 61 357 111 71 270 165 352 173 49 313 43 76 336 187 64 190 302
 179 366 76 138 279 113 316 321 300 1 133 203 227 252 102 185 42 257 282 245 411 161 173 206 144 80 23 302 328 354 99 186 47 121 332 365 310 281 131 345 90 218 328 302 107 177 86 253 155 69 374 185 356 115 238 330 140 260 139 111 186 147 278 130 265 74 78 159 335 112 419 389 140 364 137 313 361 103 324 233 355 124 311 36 316 54 330 165 307 213 176 110 345 310 319 222 325 90 314 395 326 163 233 179 253 316 270 193 349 178 322 356 134 279 168 137 317 146 33 282 273 217 266 225 41 313 91 141 378 79 257 342 131 135 170 179 331 180 195 150 137 205 144 310 193 214 87 87 37 56 36 325 215 194 390 314 179 37 385 136 348 392 360 357 356 301 402 79 19 56 312 364 313 69 216 265 330 217 28 226 346 155 42 149 252 140 316 279 353 367 62 65 320 309 98 320 430 378 374 174 375 47 277 312 16 111 336 187 103 147 26 346 270 121 112 223 306 370 250 66 168 84 142 41 103 138 284 150 119 364 186 168 292 235 325 136 122 326 185 110 177 242 354 338 222 223 248 363 154 199 355 335 262 270 361 109 205 352 136 378
 91 235 65 46 304 160 227 196 169 133 1 221 291 304 191 259 92 248 160 124 324 29 41 113 170 67 153 186 253 303 51 60 176 95 200 235 180 161 189 242 133 251 226 251 64 126 56 256 222 66 300 229 227 120 203 251 26 263 149 177 70 53 147 80 144 92 193 134 311 24 332 290 87 251 24 294 316 180 203 168 225 97 308 127 287 105 204 201 218 252 170 28 279 196 188 118 302 136 184 299 210 206 111 148 145 187 236 151 244 187 193 226 226 264 51 88 203 26 137 318 146 238 211 96 163 275 169 41 317 163 203 231 135 172 137 104 268 49 136 222 36 73 61 251 252 85 57 107 150 123 138 194 100 124 301 185 107 136 318 17 303 323 297 273 227 254 313 145 131 172 285 316 259 83 105 140 226 87 142 131 299 176 168 88 253 135 300 314 267 258 106 119 277 178 55 196 346 299 301 192 291 86 173 197 145 46 247 110 90 99 114 252 212 13 159 91 277 323 166 138 40 150 197 150 81 118 164 239 188 245 186 36 168 220 207 76 160 198 116 166 82 131 247 210 251 104 122 293 58 236 251 205 247 139 231 182 133 223 66 317
 165 404 180 181 84 311 215 298 326 203 221 1 99 95 126 97 193 64 265 333 282 235 239 172 61 233 199 261 197 186 239 272 200 287 351 406 355 259 81 260 116 36 245 146 161 117 182 53 83 211 233 43 345 297 89 206 246 59 75 313 205 179 330 283 350 152 168 92 143 204 289 286 138 296 203 119 185 305 288 134 350 290 109 235 130 160 311 42 208 43 55 226 197 260 333 195 133 285 362 285 277 48 321 88 215 317 102 98 267 35 373 397 126 87 270 137 266 208 172 97 344 17 129 253 182 137 293 188 217 281 124 276 89 69 95 147 182 243 122 92 190 256 168 163 71 248 179 132 174 150 169 343 316 138 267 314 142 168 230 237 174 241 206 234 404 140 279 125 185 253 126 191 156 236 205 265 253 253 179 180 175 51 234 141 53 88 121 94 234 292 152 257 149 331 242 296 293 243 230 32 247 198 219 264 215 245 227 150 136 128 217 244 137 214 92 275 123 194 170 138 223 120 72 243 145 105 261 121 97 312 40 237 366 60 284 148 82 319 138 310 302 215 273 328 32 316 256 218 179 33 271 334 74 320 401 311 140 347 159 217
 253 494 235 257 92 338 311 394 416 227 291 99 1 35 126 43 234 145 360 411 372 310 316 265 124 282 213 358 290 267 294 347 202 335 443 496 443 354 104 358 161 67 342 236 228 207 241 124 74 260 322 67 441 337 185 300 313 125 147 333 290 258 416 337 429 205 162 178 208 270 379 381 217 394 276 185 261 322 385 231 446 338 156 262 204 202 407 94 305 58 146 288 286 358 425 288 199 315 450 379 374 87 398 180 310 411 192 193 364 124 460 487 100 163 340 215 363 283 195 79 426 91 225 340 192 217 311 264 299 300 221 374 160 119 185 236 272 321 216 78 265 339 247 254 40 333 239 187 191 186 192 435 390 231 360 408 232 193 315 304 252 325 292 327 492 228 371 158 210 263 200 267 245 280 297 358 350 338 199 275 254 121 243 224 128 164 183 77 328 389 197 290 231 423 295 392 381 333 318 114 339 241 316 361 233 303 323 241 202 210 248 340 232 281 133 358 200 268 268 169 302 151 95 261 210 183 356 85 111 410 134 313 448 153 381 226 132 414 230 334 367 309 371 423 74 391 347 306 259 68 368 429 157 406 491 328 235 442 236 300
 257 498 253 267 62 364 300 392 419 252 304 95 35 1 153 74 255 127 359 421 353 321 327 266 135 302 240 354 275 244 312 359 232 356 445 500 448 353 125 347 180 60 332 219 242 210 257 106 98 280 303 77 438 360 175 286 328 105 157 360 296 268 422 356 439 222 192 183 182 284 360 367 226 385 288 160 237 350 380 225 444 359 128 287 180 223 404 104 294 55 147 304 267 352 427 288 173 341 455 364 368 100 409 181 308 410 176 191 354 126 465 490 131 142 354 224 357 294 220 46 435 82 213 345 220 196 339 275 276 327 210 365 170 134 188 239 254 331 216 104 276 347 256 238 60 339 255 203 217 208 217 437 402 231 343 408 235 217 293 319 229 304 271 311 497 210 354 179 235 292 177 243 227 302 299 359 341 344 225 274 231 130 272 231 110 173 157 44 313 379 217 314 210 425 314 389 361 315 299 118 322 262 311 356 260 320 310 243 215 217 272 328 220 295 151 366 178 243 262 192 312 173 114 288 224 192 354 116 134 403 133 324 456 141 376 236 147 412 232 361 383 309 360 421 65 403 349 287 268 70 357 428 139 412 494 356 234 440 246 277
 190 418 128 171 188 213 300 343 344 102 191 126 126 153 1 85 115 188 305 314 384 216 225 211 82 165 88 315 297 304 180 250 80 215 374 419 363 301 46 338 64 128 321 257 135 161 136 178 57 145 340 94 386 214 191 303 209 183 95 208 216 176 333 220 334 100 44 131 268 168 392 375 145 367 183 244 306 197 340 209 388 218 232 137 253 89 355 84 291 122 124 180 306 319 359 234 257 191 369 378 336 78 301 147 263 349 216 163 344 114 378 409 36 211 238 142 326 192 72 188 336 135 228 264 67 256 186 177 332 175 220 345 97 67 143 179 291 232 177 50 176 254 167 270 95 255 135 89 66 70 69 367 288 185 366 347 177 70 343 201 294 353 318 332 412 253 379 48 86 140 249 310 268 160 235 295 327 260 75 229 293 90 120 154 178 107 245 184 329 366 87 165 266 352 181 342 400 347 338 106 348 123 279 322 108 191 317 187 112 144 124 331 234 179 53 274 245 314 239 54 214 43 54 136 119 120 304 51 30 375 126 221 357 175 339 149 64 356 179 209 258 256 350 367 135 293 280 326 180 110 350 369 196 323 414 203 194 384 156 332
 232 472 200 229 123 297 308 380 395 185 259 97 43 74 85 1 195 156 343 381 378 280 287 247 100 244 171 345 293 280 257 317 160 297 423 473 419 338 71 353 127 77 337 243 197 190 207 138 37 223 329 56 425 297 184 302 280 141 124 291 266 231 391 300 399 170 120 158 228 237 386 381 192 387 246 204 277 280 372 223 429 300 181 221 220 165 392 75 301 66 132 253 293 346 406 270 218 274 425 381 363 66 368 165 295 392 198 180 359 111 435 464 58 177 308 190 352 253 155 115 398 96 225 316 150 230 269 236 311 258 219 366 134 92 168 216 279 293 202 39 236 312 220 260 29 309 205 153 150 148 152 415 358 214 364 390 213 153 326 271 266 336 301 330 468 236 376 120 170 221 216 283 252 241 277 339 344 314 158 260 268 101 201 200 141 141 203 112 330 384 161 249 243 402 259 377 390 339 326 100 344 203 305 350 192 267 322 222 171 186 207 339 232 248 100 332 214 284 258 131 274 114 63 219 179 159 340 43 73 401 124 284 420 156 369 200 101 397 212 293 333 293 366 407 85 361 326 314 233 66 363 411 167 381 468 286 220 425 209 312
 141 327 36 98 273 121 280 280 260 42 92 193 234 255 115 195 1 240 241 209 376 121 132 168 133 50 62 262 295 327 67 148 85 102 291 326 271 241 132 307 79 213 290 275 69 145 45 240 161 32 342 183 315 106 213 296 103 246 122 127 145 107 239 106 229 45 106 132 315 71 385 352 105 325 96 294 336 123 283 201 314 105 297 52 294 34 289 159 271 210 156 73 314 270 278 183 305 94 275 359 286 159 197 152 214 275 246 164 311 163 283 317 150 261 132 103 277 105 49 280 235 208 236 184 73 289 110 101 349 100 228 303 110 127 142 142 301 140 162 158 96 164 105 281 197 173 47 63 61 49 51 284 180 159 355 273 143 49 355 97 323 362 331 323 317 275 367 77 40 91 291 338 285 47 176 225 292 176 52 188 321 142 81 113 238 117 299 276 318 328 41 67 295 269 67 279 396 345 342 162 341 9 238 272 56 78 301 151 72 113 32 310 240 81 106 183 285 344 215 66 127 84 142 71 69 111 244 166 124 324 169 127 255 216 285 99 113 285 150 122 146 202 315 297 216 187 207 332 114 195 317 294 243 231 322 127 170 311 98 349
 173 397 220 204 82 360 176 280 320 257 248 64 145 127 188 156 240 1 252 346 228 255 256 171 114 274 256 240 149 125 276 291 259 326 341 400 354 245 143 223 167 81 210 93 194 126 220 23 146 253 178 104 326 340 59 159 273 26 119 364 214 200 333 319 360 196 230 116 81 235 235 240 162 262 227 57 123 358 265 114 333 329 61 286 67 209 292 104 171 92 85 259 142 236 323 189 70 333 361 238 251 111 335 101 201 304 50 101 230 80 371 391 189 24 293 162 240 230 227 105 351 60 90 256 241 75 345 210 156 334 89 244 130 127 112 155 128 258 123 155 214 267 189 111 128 254 217 177 231 202 224 334 335 139 216 302 150 223 171 264 112 182 148 185 400 84 228 181 239 310 63 128 101 280 204 258 219 258 235 171 113 104 291 162 18 125 61 103 187 255 201 306 88 324 279 277 237 189 174 85 196 244 197 240 270 280 184 154 174 150 267 202 97 243 148 283 60 131 149 193 240 177 135 297 181 136 245 184 159 283 72 255 372 30 260 173 137 303 143 360 328 206 237 311 73 332 252 162 196 91 232 319 13 323 394 363 137 330 183 157
 116 148 207 145 331 316 118 40 75 282 160 265 360 359 305 343 241 252 1 149 198 136 124 97 244 226 300 35 162 232 209 139 320 245 91 151 113 8 281 104 242 300 96 196 180 154 197 270 311 222 196 294 83 272 194 152 168 275 222 334 98 137 106 225 152 219 324 186 275 174 205 152 161 98 148 270 250 339 44 138 87 245 301 284 252 239 51 270 115 306 215 187 193 48 73 74 271 294 120 163 55 278 146 180 52 53 212 169 103 237 130 143 334 254 159 164 53 139 276 351 134 278 169 69 303 232 328 142 230 321 167 82 214 255 177 129 190 117 144 315 146 99 143 184 325 79 196 220 288 252 276 84 162 130 176 51 132 273 222 166 241 222 211 160 153 205 185 261 276 328 252 247 199 241 71 25 90 79 283 86 236 243 321 151 265 205 278 348 152 108 235 278 225 77 213 39 221 188 199 247 175 237 61 47 296 201 133 122 196 163 269 127 165 169 256 94 244 255 104 261 121 264 284 306 192 188 10 341 288 87 227 129 148 227 49 158 250 55 133 323 190 52 104 65 295 150 40 197 131 294 110 70 243 98 146 340 126 83 153 229
 174 132 188 155 413 223 261 167 100 245 124 333 411 421 314 381 209 346 149 1 347 102 96 180 288 168 268 183 301 365 147 65 291 150 123 130 84 155 311 252 256 365 243 320 184 222 179 359 344 179 340 347 171 177 292 293 108 365 265 245 133 155 58 131 21 216 314 242 393 147 354 300 197 242 136 381 382 255 184 243 164 149 404 228 369 227 166 319 255 368 279 138 331 196 123 167 386 210 83 312 201 324 14 250 174 137 320 247 252 299 88 122 349 357 79 198 201 129 257 429 34 349 284 98 281 353 249 148 370 246 279 229 252 292 240 193 325 91 224 345 147 81 166 313 372 96 181 229 269 246 258 121 33 209 324 136 197 256 365 114 371 366 350 306 118 327 333 268 248 271 368 380 326 181 149 126 238 92 260 186 366 292 273 192 354 249 389 425 298 253 229 208 350 108 149 169 369 334 343 305 322 202 199 195 254 135 278 193 211 206 222 275 283 136 281 67 360 388 222 261 111 274 319 250 202 230 158 362 311 222 295 98 49 318 192 187 281 151 204 232 77 161 251 160 364 23 118 339 155 353 258 148 342 58 127 254 212 162 176 369
 240 314 343 288 300 480 99 191 263 411 324 282 372 353 384 378 376 228 198 347 1 309 301 214 303 383 421 165 88 117 372 326 434 418 264 319 300 192 344 96 336 307 105 137 309 235 336 249 359 370 52 323 218 443 197 83 342 250 291 494 256 279 301 401 349 338 420 259 187 328 10 54 273 119 304 201 132 494 170 180 229 420 239 427 178 358 198 312 107 317 261 349 87 152 250 207 191 455 307 41 150 321 343 240 184 227 181 224 97 275 315 314 399 212 343 275 148 299 391 322 331 284 157 257 414 159 482 290 88 472 165 122 293 318 247 235 101 297 217 367 295 286 277 120 351 264 333 327 400 363 389 259 357 218 24 226 234 387 70 336 134 60 85 55 327 145 15 355 398 465 181 124 128 396 222 221 110 266 399 195 129 296 452 264 245 282 207 322 59 105 351 432 145 261 377 188 24 40 56 286 37 376 155 153 426 368 78 227 308 265 407 75 151 328 333 287 178 129 163 363 290 355 340 446 309 277 190 398 357 147 262 304 343 223 161 278 322 216 227 485 378 198 99 214 299 346 232 68 272 313 91 229 216 295 314 497 207 227 281 87
 87 208 92 55 317 182 213 171 141 161 29 235 310 321 216 280 121 255 136 102 309 1 13 104 187 94 182 164 243 298 75 39 205 112 172 207 152 137 210 223 156 266 209 247 84 130 83 265 244 94 289 246 200 139 206 239 34 272 165 200 55 57 120 94 121 117 220 145 312 51 317 273 98 230 35 297 312 205 179 165 198 113 315 154 288 132 178 219 205 268 182 54 271 174 160 104 304 159 156 282 187 224 89 156 127 159 237 156 225 201 165 198 250 269 40 99 181 28 165 331 121 251 208 70 191 275 194 48 310 188 201 210 152 191 145 104 261 21 137 244 46 45 68 245 271 59 83 129 177 149 166 165 83 123 286 158 108 163 309 31 300 313 289 260 199 252 298 169 159 199 286 312 255 109 88 114 208 60 170 120 295 192 196 96 261 150 304 328 253 237 131 145 275 149 79 171 331 286 290 206 278 115 155 176 173 67 233 107 110 109 142 236 209 41 181 63 278 319 156 164 20 174 218 177 101 131 141 262 210 221 198 8 143 227 183 87 180 171 116 188 77 113 228 183 265 83 97 283 60 253 232 178 253 111 203 206 130 195 77 309
 86 197 103 60 320 193 206 159 129 173 41 239 316 327 225 287 132 256 124 96 301 13 1 100 193 106 193 153 238 294 87 36 216 122 160 197 141 126 218 214 165 271 200 244 92 131 93 267 251 106 282 252 188 149 206 233 45 274 171 211 50 60 109 103 113 127 231 148 311 62 309 263 102 219 43 297 309 216 168 162 186 123 316 166 287 142 166 225 198 273 185 66 265 164 148 98 303 171 146 273 177 230 83 158 119 147 236 157 216 205 155 187 259 269 44 104 171 35 176 335 112 255 205 58 202 273 206 53 305 200 199 200 158 198 148 104 256 9 137 252 53 33 72 241 278 47 94 138 188 159 177 154 80 122 278 146 108 174 303 43 296 307 284 253 189 249 289 179 171 212 285 308 252 121 81 103 198 49 181 114 292 198 208 99 263 155 304 332 246 227 141 157 272 138 91 159 324 279 284 211 270 126 147 165 185 78 225 106 118 112 154 228 205 53 188 52 277 316 151 173 17 184 225 189 109 136 130 271 219 210 201 6 134 228 172 92 187 159 115 200 81 104 218 171 270 78 86 277 62 258 223 166 253 101 192 217 128 183 81 304
 28 233 133 75 244 268 116 134 154 206 113 172 265 266 211 247 168 171 97 180 214 104 100 1 148 170 220 104 141 195 160 133 238 207 180 235 186 93 185 140 150 207 123 145 100 58 125 186 215 158 188 199 179 231 115 139 134 192 126 281 52 66 163 192 192 135 235 90 215 115 222 186 70 161 92 203 209 282 130 64 183 209 227 217 191 156 146 174 108 213 120 137 168 109 162 24 208 242 192 193 126 182 170 86 52 147 141 76 144 142 203 226 239 179 143 73 116 88 193 263 182 186 107 87 219 175 270 77 206 261 101 139 118 159 81 33 158 99 51 219 82 101 65 142 229 85 123 132 204 166 192 172 174 36 191 145 36 189 206 127 197 211 186 162 233 150 204 170 196 258 189 209 152 183 35 94 125 90 201 21 193 147 247 60 181 109 211 260 156 163 151 220 173 160 164 133 235 187 189 152 180 166 72 112 221 157 137 26 108 69 198 144 106 115 161 115 181 216 54 172 85 172 188 237 106 93 95 246 193 165 134 101 203 143 128 72 154 151 36 272 180 47 149 161 203 168 85 181 59 199 151 165 165 154 229 285 35 179 71 206
 132 373 122 134 142 251 222 281 295 144 170 61 124 135 82 100 133 114 244 288 303 187 193 148 1 174 143 248 216 224 182 225 146 229 323 374 321 240 42 263 56 84 246 176 108 91 125 110 68 152 259 60 326 237 110 223 194 117 24 253 168 135 293 226 306 93 121 60 194 150 312 297 94 294 154 171 227 246 274 132 330 232 167 176 177 100 293 32 214 84 43 171 225 250 306 171 183 225 327 299 267 38 276 70 197 293 136 86 269 36 338 365 98 137 220 92 257 160 114 151 303 76 147 218 128 177 234 141 252 222 140 273 37 16 70 117 210 198 105 73 142 215 124 189 86 211 123 73 117 90 111 316 268 116 286 291 113 110 262 185 215 272 237 252 370 172 299 67 127 196 173 231 187 177 177 239 252 216 121 162 214 11 177 101 109 42 174 148 250 292 93 198 187 302 184 279 319 266 257 31 267 138 209 254 157 189 238 123 81 87 157 253 153 161 35 235 168 236 165 80 179 63 42 185 90 61 242 101 55 305 46 190 325 96 272 103 24 298 113 251 249 194 275 308 85 269 227 245 136 68 274 312 121 283 369 252 123 326 113 252
 145 292 54 96 315 99 285 263 231 80 67 233 282 302 165 244 50 274 226 168 383 94 106 170 174 1 102 252 307 348 22 111 126 55 262 290 236 227 179 305 124 257 289 295 84 164 56 277 210 23 354 228 292 67 239 306 66 284 159 112 134 105 204 56 188 82 153 160 345 57 392 353 121 317 82 325 359 115 269 216 290 58 333 63 323 80 270 203 277 255 190 40 330 261 251 180 335 73 240 361 276 204 155 179 208 252 272 187 308 201 247 282 200 293 92 120 268 89 97 324 196 249 256 162 118 315 103 95 367 96 248 296 146 171 168 152 318 113 179 207 89 137 108 299 245 151 59 102 108 97 100 256 137 172 361 250 154 98 370 64 346 376 347 331 280 297 373 125 86 108 320 361 305 16 168 206 289 153 99 190 343 183 108 127 274 150 331 320 325 323 86 53 319 240 20 263 404 355 355 202 349 43 235 263 88 34 306 160 101 133 56 313 259 59 152 153 313 367 222 114 107 132 189 86 94 139 230 215 172 311 204 101 215 248 273 112 157 263 162 103 99 195 311 275 259 146 189 346 112 239 315 270 275 197 287 117 182 287 106 367
 194 387 94 156 271 126 328 339 321 23 153 199 213 240 88 171 62 256 300 268 421 182 193 220 143 102 1 318 336 359 122 208 25 142 352 387 332 299 123 358 92 210 341 308 122 186 104 251 144 91 383 177 375 134 242 339 162 257 141 121 203 164 299 152 288 86 58 165 335 132 429 402 152 379 156 312 365 111 341 242 374 145 307 54 317 65 348 159 319 205 178 132 352 326 339 238 325 106 335 407 342 156 255 185 268 335 273 200 363 177 344 378 117 279 190 149 333 165 31 273 295 212 272 245 22 316 99 159 384 88 264 357 135 131 177 191 338 201 204 137 155 225 159 317 182 234 105 94 26 60 34 345 238 205 400 333 191 36 392 158 352 400 367 367 378 306 413 76 26 55 314 368 318 91 233 284 344 237 23 240 350 153 36 162 250 144 315 269 363 382 71 83 324 330 121 338 439 387 382 172 385 68 291 328 22 134 347 200 114 158 49 358 277 142 109 244 308 373 262 64 188 80 134 49 115 146 302 133 109 380 186 188 315 236 342 149 120 345 197 122 200 258 368 357 215 246 267 371 170 192 369 355 262 291 382 117 216 371 151 384
 128 169 227 165 321 344 90 41 103 302 186 261 358 354 315 345 262 240 35 183 165 164 153 104 248 252 318 1 135 206 236 171 338 274 112 173 141 30 287 70 253 296 63 175 197 158 218 260 315 245 165 294 87 301 184 124 197 265 227 361 119 156 137 255 185 235 338 190 255 198 172 118 173 67 171 252 225 365 27 130 95 275 286 307 233 256 53 272 88 303 215 213 166 14 95 83 251 321 148 130 25 280 180 181 53 72 197 167 70 237 158 165 342 240 190 176 19 164 293 342 167 273 153 100 320 212 354 163 202 347 153 49 220 261 179 137 165 147 145 320 168 130 160 161 325 109 216 234 304 268 293 106 195 133 143 71 139 290 192 194 217 191 182 129 177 184 152 273 294 351 233 221 176 266 87 58 57 110 300 88 211 246 342 163 255 211 261 340 121 75 251 303 204 103 240 38 188 156 169 247 143 259 44 14 317 229 102 129 210 172 290 95 148 193 264 127 226 229 93 275 147 275 289 329 207 196 26 348 296 63 226 157 180 217 25 172 257 67 137 350 222 61 70 72 290 184 72 168 149 292 77 83 231 131 167 367 126 91 169 200
 164 302 263 213 226 405 46 172 236 328 253 197 290 275 297 293 295 149 162 301 88 243 238 141 216 307 336 135 1 73 299 267 349 347 246 306 274 155 257 87 250 225 79 58 229 152 257 170 273 292 48 238 213 370 111 14 274 172 205 416 189 204 265 332 308 255 333 173 130 253 96 93 191 127 231 135 92 415 153 96 223 349 174 346 113 274 183 226 48 234 174 276 32 125 229 141 130 378 281 90 133 235 294 154 128 206 99 138 93 188 291 299 312 137 280 194 125 228 306 249 292 201 71 205 329 91 403 216 70 393 78 115 206 231 161 156 32 235 134 281 221 229 200 39 267 209 254 243 315 278 305 240 304 137 71 204 155 302 67 267 85 70 50 38 311 68 84 269 314 382 114 87 53 319 159 180 89 212 315 125 79 209 368 183 166 196 143 248 39 116 267 354 79 236 303 169 104 52 49 199 52 295 104 127 343 297 42 149 225 183 326 59 64 255 246 236 109 95 88 277 224 269 253 364 227 192 153 312 270 153 175 240 308 139 144 198 235 199 147 408 317 141 99 202 217 295 185 41 198 229 93 215 137 257 301 419 127 220 203 69
 213 374 299 259 187 444 118 244 306 354 303 186 267 244 304 280 327 125 232 365 117 298 294 195 224 348 359 206 73 1 344 326 367 394 317 378 344 225 260 156 268 205 150 54 266 185 295 144 268 330 68 228 285 414 118 84 325 143 219 453 245 251 333 381 374 284 344 197 72 298 122 148 228 195 280 87 20 450 224 136 294 396 125 378 65 302 255 223 119 215 184 322 43 196 300 201 76 417 351 140 204 231 358 176 193 277 89 164 162 190 361 371 310 105 336 230 197 279 328 210 359 184 94 268 347 51 437 263 33 426 102 185 225 238 186 200 43 292 171 277 268 290 244 54 252 271 292 269 335 301 326 311 365 180 113 276 197 324 50 318 18 61 33 94 382 54 121 286 338 409 68 16 44 359 219 248 160 275 337 182 14 215 393 222 141 216 93 209 100 183 294 391 39 307 348 241 120 82 62 199 95 329 173 199 369 343 111 194 256 217 358 126 91 302 257 300 68 24 145 296 279 284 253 393 260 218 223 307 275 222 179 295 376 130 216 237 246 271 189 446 373 205 167 274 196 358 251 53 245 215 160 287 114 325 372 454 171 291 244 34
 135 271 60 87 322 110 275 245 211 99 51 239 294 312 180 257 67 276 209 147 372 75 87 160 182 22 122 236 299 344 1 91 146 52 242 270 216 210 190 291 134 264 276 291 83 161 58 280 222 36 346 237 274 72 237 297 46 287 165 126 120 95 183 45 167 91 171 161 344 47 381 340 118 302 70 326 355 130 253 210 271 55 335 84 322 93 252 211 266 263 193 24 323 246 232 168 335 86 219 348 260 214 135 178 195 233 271 185 294 206 227 261 215 294 71 117 253 75 115 332 175 255 251 144 136 312 120 84 360 114 243 282 151 180 167 145 311 95 174 220 79 118 100 293 256 133 61 110 126 111 117 236 117 165 350 231 148 115 363 45 342 368 341 320 260 293 362 138 104 128 319 356 300 36 155 189 276 135 117 179 339 190 128 123 277 154 331 328 315 308 98 71 315 220 5 245 394 346 347 208 339 59 222 248 108 13 295 152 104 130 76 301 253 46 162 133 312 363 212 128 90 145 200 106 96 141 214 230 185 295 208 82 195 249 256 108 166 245 156 116 80 181 298 257 266 125 171 338 102 248 301 251 276 177 266 132 175 268 100 360
 120 181 124 93 354 185 233 169 124 186 60 272 347 359 250 317 148 291 139 65 326 39 36 133 225 111 208 171 267 326 91 1 231 111 154 181 126 142 247 236 192 304 223 277 120 166 115 302 280 118 311 284 190 139 240 262 47 308 203 205 82 94 94 90 85 151 251 182 345 83 334 285 135 236 72 331 341 213 181 195 186 111 350 173 321 164 174 256 226 306 219 77 296 183 145 127 337 167 129 296 193 261 53 192 144 150 270 191 237 238 137 172 285 304 23 137 189 66 195 369 88 289 239 72 219 306 204 86 335 200 232 219 189 229 182 138 287 35 171 281 84 42 106 273 308 63 116 165 207 182 196 149 45 156 303 149 142 193 333 52 329 336 315 280 171 282 314 204 187 218 319 340 284 126 109 115 220 62 199 145 325 230 218 133 298 187 338 365 272 245 165 158 305 133 93 170 349 307 313 244 297 141 172 183 196 79 252 140 147 146 164 253 238 72 217 49 311 348 182 197 52 209 255 196 138 169 146 298 246 223 235 37 109 262 187 125 217 163 150 193 53 130 239 175 303 45 100 307 96 290 244 167 288 87 177 213 162 184 114 335
 212 410 116 176 267 142 342 359 343 47 176 200 202 232 80 160 85 259 320 291 434 205 216 238 146 126 25 338 349 367 146 231 1 164 375 410 355 319 120 375 100 207 358 317 142 200 126 252 136 114 394 173 396 154 250 352 186 258 149 133 224 184 322 176 311 103 42 176 339 155 442 417 169 397 178 315 372 121 360 255 396 167 308 74 322 83 369 159 333 200 184 156 362 344 361 256 328 124 359 422 361 154 279 196 287 357 280 211 380 181 367 401 104 282 214 166 352 187 46 267 318 211 283 266 21 322 111 180 393 101 274 375 144 133 189 208 348 224 218 129 176 248 179 327 174 256 126 109 35 73 47 368 261 220 414 355 207 50 402 181 359 410 377 380 401 314 427 82 46 62 318 375 327 115 252 305 361 259 38 257 358 156 42 179 251 154 318 263 377 399 88 104 331 352 144 358 452 399 393 175 398 91 309 347 42 158 362 216 131 173 72 373 288 164 112 267 313 380 277 73 210 84 131 64 133 158 322 120 106 399 191 211 338 242 361 167 123 366 212 137 223 277 385 378 213 269 288 382 190 188 386 376 266 314 406 127 231 393 169 393
 184 281 108 136 370 76 321 277 232 121 95 287 335 356 215 297 102 326 245 150 418 112 122 207 229 55 142 274 347 394 52 111 164 1 262 279 229 247 232 334 178 311 319 341 134 212 108 330 263 77 394 282 300 29 288 345 78 337 213 97 163 144 198 22 169 137 198 211 395 97 426 383 169 340 117 376 406 106 288 259 295 4 385 92 373 134 283 257 313 309 243 73 372 285 255 212 386 61 230 392 298 258 140 229 237 260 321 236 336 255 236 271 250 345 89 168 292 120 146 379 182 303 301 177 161 363 99 133 410 98 294 321 200 225 218 195 361 128 225 259 127 148 150 343 298 166 111 156 154 150 148 257 118 215 395 258 198 147 412 83 393 417 390 367 267 344 407 178 132 128 370 407 350 56 198 222 318 167 145 225 390 237 135 173 327 204 382 375 361 347 140 65 366 241 48 278 440 393 395 256 385 95 265 286 123 52 341 201 153 181 95 346 303 93 206 158 363 414 260 167 130 185 243 109 146 191 250 265 225 330 258 118 198 299 293 159 211 273 206 84 74 223 339 284 313 130 205 387 151 294 343 276 327 193 276 105 225 293 151 410
 192 58 260 205 420 337 201 76 32 332 200 351 443 445 374 423 291 341 91 123 264 172 160 180 323 262 352 112 246 317 242 154 375 262 1 62 45 98 357 172 311 386 171 285 241 237 250 359 389 265 273 377 53 290 284 235 197 365 300 357 160 199 67 241 113 280 387 267 365 221 269 211 233 146 198 360 336 365 97 228 44 261 392 324 342 298 67 352 199 391 299 224 277 123 20 157 361 319 50 224 118 359 129 265 141 41 302 254 169 321 55 54 406 344 175 236 123 189 333 440 93 365 259 111 360 322 357 199 312 353 258 143 290 333 259 208 276 152 230 392 202 128 208 272 407 121 250 286 345 314 334 9 151 214 244 43 212 331 301 199 328 299 293 237 66 294 250 328 329 369 342 332 287 277 148 87 162 117 339 173 322 324 367 225 355 283 369 437 229 160 296 311 314 24 245 79 285 263 277 330 249 285 150 120 344 231 211 204 263 238 313 201 255 212 330 110 334 340 195 326 166 332 362 347 256 265 99 416 362 120 312 165 93 316 105 227 325 49 215 345 192 138 166 51 382 137 98 277 195 378 174 36 333 70 56 365 212 44 220 310
 244 6 299 249 477 352 261 135 82 365 235 406 496 500 419 473 326 400 151 130 319 207 197 235 374 290 387 173 306 378 270 181 410 279 62 1 57 158 406 230 357 441 231 346 285 291 289 417 438 297 332 430 102 306 342 295 226 423 351 374 208 245 89 259 113 322 427 319 425 257 324 266 282 201 238 420 397 384 156 287 91 278 451 353 403 338 125 404 260 446 353 256 337 183 80 214 421 339 52 279 177 411 140 319 200 102 362 310 227 375 44 10 452 404 200 285 183 229 371 497 98 420 319 158 397 382 377 243 371 375 317 201 340 383 313 261 336 189 285 441 244 166 255 332 459 166 289 331 383 355 372 69 162 270 301 103 266 369 360 230 388 357 353 296 15 354 305 372 365 396 402 393 348 305 202 144 221 161 376 230 383 376 397 275 413 334 429 494 288 215 337 335 375 77 272 138 340 321 336 384 306 320 211 180 376 258 271 258 308 288 344 260 315 247 377 146 395 401 254 368 206 377 411 375 301 315 159 463 409 173 367 201 84 374 164 275 374 108 269 361 206 195 223 107 437 150 152 337 242 432 231 93 392 97 7 383 268 93 266 370
 192 57 243 194 429 303 229 110 39 310 180 355 443 448 363 419 271 354 113 84 300 152 141 186 321 236 332 141 274 344 216 126 355 229 45 57 1 120 351 207 301 390 203 307 229 240 233 370 384 243 305 377 97 257 296 264 172 376 298 325 154 190 34 209 71 266 371 267 385 202 306 249 228 185 182 378 362 334 131 241 88 228 407 299 362 282 105 351 226 394 302 201 305 153 53 166 380 288 8 262 152 358 91 268 157 75 318 260 204 324 19 47 397 359 146 230 155 173 316 448 52 370 277 104 342 343 326 187 341 323 274 179 286 329 261 210 302 134 236 386 189 111 200 295 406 111 234 275 328 299 317 46 114 220 280 75 214 314 332 175 353 331 322 269 50 315 286 317 310 343 361 359 310 251 152 99 195 107 321 183 347 323 343 221 365 280 387 444 261 199 281 282 336 40 219 113 323 296 309 332 282 264 173 151 321 204 242 207 253 235 289 234 274 192 323 91 353 367 211 313 150 322 357 321 246 261 122 408 354 161 316 146 49 327 140 221 319 87 218 312 157 149 202 92 387 101 103 308 187 380 210 77 347 41 52 333 219 88 212 340
 113 155 206 144 324 318 111 43 82 281 161 259 354 353 301 338 241 245 8 155 192 137 126 93 240 227 299 30 155 225 210 142 319 247 98 158 120 1 277 98 239 294 89 189 178 150 196 263 306 222 189 289 88 274 187 145 170 269 217 336 97 136 112 227 158 217 322 181 268 174 200 147 158 95 148 263 243 340 44 132 92 248 294 284 245 237 55 265 107 301 210 188 186 42 80 70 264 295 127 158 52 273 152 175 46 60 205 163 98 232 138 150 330 247 162 161 48 140 274 345 141 272 162 72 301 225 329 141 223 322 160 78 209 251 172 125 183 119 139 311 146 102 141 176 320 82 195 218 286 250 274 91 167 125 170 58 128 271 215 167 234 215 203 154 161 197 179 258 274 328 245 240 191 242 68 30 84 82 281 80 228 239 321 148 259 201 271 342 146 104 233 279 218 84 214 41 215 181 193 242 169 237 54 42 295 203 126 118 194 159 268 121 158 169 252 98 237 248 97 259 121 261 280 306 189 184 5 337 284 86 222 130 155 220 47 156 246 60 128 324 193 47 99 70 289 155 43 190 129 288 105 76 237 105 153 341 120 89 151 222
 167 405 132 160 149 242 263 319 328 131 189 81 104 125 46 71 132 143 281 311 344 210 218 185 42 179 123 287 257 260 190 247 120 232 357 406 351 277 1 304 58 88 287 214 128 130 138 133 34 157 298 55 363 236 148 263 211 139 61 241 199 163 322 233 330 101 88 98 223 167 352 338 125 335 176 199 262 232 313 173 366 236 189 165 208 99 331 40 255 83 84 185 264 290 340 208 212 218 357 340 307 35 299 111 236 329 172 127 310 71 367 397 57 167 239 123 296 184 99 153 329 92 187 249 104 212 220 167 289 208 180 313 69 28 110 153 249 224 145 36 167 243 152 228 67 241 136 84 98 84 96 350 288 155 326 327 150 95 300 202 250 310 275 292 401 209 339 55 113 177 205 266 225 178 213 274 293 246 105 200 249 49 157 133 134 77 201 149 290 333 94 191 222 336 192 317 358 306 296 62 308 139 249 293 141 199 279 160 101 120 149 294 194 179 31 263 200 270 205 68 205 49 12 169 110 94 279 61 17 345 83 215 351 131 311 132 33 334 151 240 264 231 316 345 94 291 261 284 165 70 315 348 151 313 401 238 163 363 141 289
