NAME : domp30p7v7
COMMENT : (Deleplanque et al.) 
TYPE : DOMP
DIMENSION : 30
DISPLAY_DATA_TYPE: NO_DISPLAY
OPEN_FACILITIES : 7
COST_SECTION
 1 21 355 316 162 325 102 128 338 178 76 108 175 99 46 297 81 203 332 214 150 171 96 270 47 184 72 154 96 342
 21 1 350 329 182 333 104 139 350 181 96 122 193 80 63 289 96 183 343 195 170 187 90 261 65 199 70 157 77 340
 355 350 1 321 454 222 260 278 306 198 375 453 382 318 348 81 324 353 283 309 427 335 261 111 350 325 284 220 337 60
 316 329 321 1 277 107 246 193 34 203 265 344 183 371 275 335 236 471 50 453 253 154 288 337 274 138 281 210 382 265
 162 182 454 277 1 338 206 176 308 256 94 97 96 260 132 415 136 363 314 375 28 138 230 395 129 154 204 235 257 422
 325 333 222 107 338 1 233 199 86 165 297 383 244 352 292 251 254 439 63 412 311 201 267 259 293 184 271 183 368 164
 102 104 260 246 206 233 1 60 262 78 118 193 166 125 88 212 71 227 251 216 183 135 43 190 91 139 39 54 139 243
 128 139 278 193 176 199 60 1 213 81 105 191 115 180 94 244 57 285 205 275 150 78 102 228 95 80 90 61 190 249
 338 350 306 34 308 86 262 213 1 211 292 372 214 386 298 329 259 484 24 463 284 182 302 333 298 165 298 220 399 249
 178 181 198 203 256 165 78 81 211 1 180 263 190 188 158 168 129 277 196 253 230 146 104 155 161 140 113 26 205 171
 76 96 375 265 94 297 118 105 292 180 1 88 104 172 39 329 52 278 290 286 77 113 138 306 36 128 111 156 171 350
 108 122 453 344 97 383 193 191 372 263 88 1 167 198 106 400 136 288 373 309 105 192 199 374 104 208 174 238 188 433
 175 193 382 183 96 244 166 115 214 190 104 167 1 262 131 357 107 370 219 371 71 49 203 341 129 63 181 174 265 344
 99 80 318 371 260 352 125 180 386 188 172 198 262 1 135 246 156 110 375 116 247 245 86 215 138 254 91 171 21 321
 46 63 348 275 132 292 88 94 298 158 39 106 131 135 1 297 40 243 294 248 115 127 102 273 4 140 75 134 136 328
 297 289 81 335 415 251 212 244 329 168 329 400 357 246 297 1 281 274 307 230 391 312 202 33 300 306 227 184 266 116
 81 96 324 236 136 254 71 57 259 129 52 136 107 156 40 281 1 265 255 264 113 93 100 260 40 104 76 106 162 299
 203 183 353 471 363 439 227 285 484 277 278 288 370 110 243 274 265 1 470 49 352 353 185 243 245 361 197 264 108 374
 332 343 283 50 314 63 251 205 24 196 290 373 219 375 294 307 255 470 1 448 289 183 290 312 294 166 288 207 389 226
 214 195 309 453 375 412 216 275 463 253 286 309 371 116 248 230 264 49 448 1 362 348 174 200 251 353 191 245 122 334
 150 170 427 253 28 311 183 150 284 230 77 105 71 247 115 391 113 352 289 362 1 111 210 371 112 128 184 209 246 395
 171 187 335 154 138 201 135 78 182 146 113 192 49 245 127 312 93 353 183 348 111 1 176 299 126 18 158 132 252 296
 96 90 261 288 230 267 43 102 302 104 138 199 203 86 102 202 100 185 290 174 210 176 1 176 105 180 28 85 102 253
 270 261 111 337 395 259 190 228 333 155 306 374 341 215 273 33 260 243 312 200 371 299 176 1 276 294 202 168 235 139
 47 65 350 274 129 293 91 95 298 161 36 104 129 138 4 300 40 245 294 251 112 126 105 276 1 140 78 136 139 330
 184 199 325 138 154 184 139 80 165 140 128 208 63 254 140 306 104 361 166 353 128 18 180 294 140 1 165 129 262 284
 72 70 284 281 204 271 39 90 298 113 111 174 181 91 75 227 76 197 288 191 184 158 28 202 78 165 1 91 102 272
 154 157 220 210 235 183 54 61 220 26 156 238 174 171 134 184 106 264 207 245 209 132 85 168 136 129 91 1 186 195
 96 77 337 382 257 368 139 190 399 205 171 188 265 21 136 266 162 108 389 122 246 252 102 235 139 262 102 186 1 341
 342 340 60 265 422 164 243 249 249 171 350 433 344 321 328 116 299 374 226 334 395 296 253 139 330 284 272 195 341 1
LAMBDA_SECTION
1  7
2  14
3  29
4  12
5  17
6  29
7  8
8  13
9  12
10  24
11  25
12  25
13  15
14  26
15  10
16  20
17  9
18  22
19  29
20  9
21  28
22  18
23  16
24  28
25  15
26  23
27  26
28  10
29  18
30  28
