NAME : domp20p6v6
COMMENT : (Deleplanque et al.) 
TYPE : DOMP
DIMENSION : 20
DISPLAY_DATA_TYPE: NO_DISPLAY
OPEN_FACILITIES : 6
COST_SECTION
 1 178 133 76 336 177 185 249 31 158 19 148 243 97 208 161 287 244 215 249
 178 1 56 105 438 59 361 294 149 334 195 86 165 92 255 75 243 363 72 305
 133 56 1 58 385 93 313 247 103 286 149 99 146 70 206 44 216 309 85 257
 76 105 58 1 360 119 257 240 46 231 92 103 183 49 197 90 241 276 141 246
 336 438 385 360 1 473 285 165 341 287 323 462 344 406 191 370 297 96 416 148
 177 59 93 119 473 1 360 340 153 333 196 41 223 82 298 127 299 393 129 349
 185 361 313 257 285 360 1 300 213 28 168 328 386 280 275 331 400 200 389 288
 249 294 247 240 165 340 300 1 240 287 244 338 180 288 44 222 137 140 260 19
 31 149 103 46 341 153 213 240 1 187 47 128 216 73 198 131 265 253 185 243
 158 334 286 231 287 333 28 287 187 1 141 301 364 253 260 306 381 198 363 277
 19 195 149 92 323 196 168 244 47 141 1 167 251 115 204 174 291 231 230 243
 148 86 99 103 462 41 328 338 128 301 167 1 241 57 295 140 313 377 157 345
 243 165 146 183 344 223 386 180 216 364 251 241 1 214 157 104 81 298 103 196
 97 92 70 49 406 82 280 288 73 253 115 57 214 1 245 112 279 321 149 293
 208 255 206 197 191 298 275 44 198 260 204 295 157 245 1 184 134 143 226 51
 161 75 44 90 370 127 331 222 131 306 174 140 104 112 184 1 175 301 59 233
 287 243 216 241 297 299 400 137 265 381 291 313 81 279 134 175 1 272 183 155
 244 363 309 276 96 393 200 140 253 198 231 377 298 321 143 301 272 1 353 122
 215 72 85 141 416 129 389 260 185 363 230 157 103 149 226 59 183 353 1 274
 249 305 257 246 148 349 288 19 243 277 243 345 196 293 51 233 155 122 274 1
LAMBDA_SECTION
1  12
2  5
3  5
4  12
5  13
6  12
7  13
8  10
9  12
10  8
11  19
12  11
13  18
14  14
15  18
16  13
17  15
18  5
19  14
20  19
