NAME : domp160p40v9
COMMENT : (Deleplanque et al.) 
TYPE : DOMP
DIMENSION : 160
DISPLAY_DATA_TYPE: NO_DISPLAY
OPEN_FACILITIES : 40
COST_SECTION
 1 306 70 257 342 276 272 318 203 213 389 266 266 120 120 347 87 207 377 133 119 357 197 253 81 433 353 234 256 320 196 132 101 220 273 322 13 315 161 242 369 136 366 73 233 244 160 312 226 258 101 397 343 245 156 119 213 312 272 245 347 223 318 269 406 202 204 190 318 122 246 231 113 284 90 305 179 314 87 141 231 61 213 388 249 338 268 291 215 57 319 187 329 338 136 261 286 166 330 371 248 133 427 287 184 408 281 72 107 60 217 130 179 123 163 369 254 76 110 315 264 195 52 243 80 240 59 90 314 130 201 237 78 403 127 250 292 28 170 264 394 195 324 151 146 164 273 376 182 44 189 297 214 221 205 270 141 179 19 220
 306 1 292 141 154 135 267 104 144 331 113 213 121 207 249 114 258 101 301 266 251 73 178 174 367 128 175 97 269 314 158 308 315 295 68 296 302 130 228 86 121 388 225 234 271 106 257 132 273 77 254 99 257 300 418 397 205 53 279 64 59 196 39 67 103 227 156 236 167 385 300 198 291 146 267 213 349 276 272 403 149 353 247 94 232 42 79 164 115 293 269 365 54 242 292 151 169 334 74 76 146 213 124 94 272 107 32 295 311 278 198 289 173 344 400 257 75 272 376 88 250 124 273 74 228 216 285 302 10 329 278 162 254 107 253 292 109 298 152 166 109 153 31 180 228 145 299 294 276 320 167 73 193 319 237 132 290 254 308 89
 70 292 1 213 360 233 318 326 221 275 389 302 227 87 168 355 136 194 419 187 167 331 226 203 146 414 373 239 304 370 218 196 167 151 274 369 58 329 102 216 375 205 394 83 283 211 211 327 277 231 45 388 381 299 223 185 157 287 321 229 323 169 296 243 394 142 162 128 340 190 300 265 44 304 30 337 246 358 25 208 187 126 149 364 290 317 272 315 224 120 362 254 304 374 196 283 312 231 301 363 269 87 407 295 237 398 272 4 173 21 251 61 137 192 232 404 228 21 178 320 307 171 33 222 97 278 119 22 299 197 133 262 123 396 177 303 255 43 182 290 391 157 315 172 189 151 325 417 236 114 213 267 247 281 142 228 201 114 54 214
 257 141 213 1 282 21 346 232 202 371 252 300 22 138 260 250 250 110 410 283 261 139 234 34 334 228 302 173 341 401 212 319 310 162 177 387 248 252 119 68 260 376 346 195 333 43 288 253 332 68 169 229 364 361 402 370 75 103 355 105 137 63 119 75 225 99 54 112 284 366 361 271 194 253 184 316 370 369 189 386 27 315 115 171 308 141 184 271 177 270 366 384 119 351 306 245 273 353 105 213 234 128 220 210 312 234 145 215 310 207 264 185 79 341 396 373 73 195 355 217 329 85 209 85 197 291 264 213 142 333 150 242 240 239 267 357 48 238 179 260 246 63 170 200 254 123 371 404 314 288 216 77 258 366 108 16 308 133 250 133
 342 154 360 282 1 281 164 52 141 264 103 116 265 288 239 49 265 192 156 243 241 215 149 313 375 212 22 127 175 193 147 282 303 415 106 171 344 33 334 216 64 371 73 281 191 240 221 34 196 215 334 146 117 214 401 393 330 206 177 179 202 325 192 210 166 347 277 352 36 375 214 131 375 60 343 88 302 152 347 388 281 369 370 218 144 184 101 59 138 305 141 316 204 102 264 84 67 292 226 128 96 305 215 74 220 158 139 363 297 340 142 380 283 324 371 107 210 342 370 68 151 228 332 199 268 136 298 376 159 303 395 109 269 141 237 203 259 347 178 85 118 269 132 193 210 221 198 147 224 336 155 225 142 247 358 276 259 366 352 164
 276 135 233 21 281 1 354 230 210 384 244 307 18 157 275 246 267 120 414 298 276 124 243 46 352 213 302 178 350 408 222 334 326 177 178 394 267 252 138 73 254 393 347 213 343 50 301 253 342 68 189 218 368 372 420 389 93 92 364 107 123 80 108 72 213 116 73 130 286 384 372 279 213 256 204 320 385 375 209 404 47 334 131 155 316 129 186 274 184 288 371 399 106 355 322 250 277 368 90 203 239 147 204 210 325 222 143 235 326 227 273 204 98 358 413 375 74 215 373 215 337 99 229 88 215 299 281 233 135 349 166 249 257 229 282 367 32 257 190 265 237 82 164 213 267 138 380 407 327 306 226 66 267 378 125 8 323 151 270 140
 272 267 318 346 164 354 1 186 145 111 262 55 337 280 154 204 187 236 108 141 155 339 115 368 271 363 157 180 19 57 135 162 194 427 199 51 279 160 341 283 224 244 132 238 44 305 114 157 52 291 312 299 85 55 270 275 363 312 14 251 324 364 303 293 319 371 315 369 129 253 54 76 350 128 315 77 159 44 316 261 333 272 393 354 39 307 188 114 171 219 52 170 318 88 148 117 106 154 336 277 122 303 364 177 94 312 238 321 185 298 83 361 308 201 235 116 284 307 252 198 18 265 287 269 225 56 215 339 275 180 405 108 198 298 146 44 344 289 173 102 276 304 258 162 131 235 36 109 97 247 132 320 90 93 381 347 142 375 288 216
 318 104 326 232 52 230 186 1 117 273 83 132 215 249 226 31 247 147 201 235 228 167 136 263 360 178 73 88 193 225 127 276 293 369 59 204 318 29 290 166 54 364 122 251 203 191 216 32 208 164 297 115 158 230 395 382 283 156 199 130 154 278 142 159 134 301 230 307 67 366 230 133 338 60 307 119 304 184 311 381 232 351 324 175 158 136 57 73 104 287 176 319 155 143 258 78 80 292 176 92 83 264 179 32 222 128 89 329 287 308 140 341 238 317 368 154 160 307 359 17 171 182 300 150 240 145 279 341 109 298 350 101 249 114 226 220 208 319 149 88 95 222 83 169 198 181 220 193 226 318 136 174 138 258 312 226 254 322 325 121
 203 144 221 202 141 210 145 117 1 189 194 103 193 156 113 146 131 92 220 126 115 214 36 224 244 264 154 48 141 200 15 169 181 296 85 188 204 112 211 140 169 254 177 141 136 161 114 110 136 149 199 213 176 165 284 268 224 180 155 111 201 223 175 153 227 235 173 235 121 253 165 71 240 85 207 127 207 171 210 269 189 235 257 237 108 185 76 96 31 171 169 222 190 165 151 64 94 192 204 186 50 176 262 88 130 226 113 224 175 201 64 247 169 207 261 193 142 204 246 117 128 122 192 126 128 90 164 238 154 190 275 47 133 216 114 159 203 207 40 73 202 162 148 54 88 97 171 215 133 202 24 182 58 179 245 204 149 245 212 73
 213 331 275 371 264 384 111 273 189 1 355 149 368 268 119 297 144 269 208 95 118 402 154 386 184 444 261 235 95 132 175 82 115 410 267 145 224 252 330 319 319 143 242 210 75 337 84 249 68 332 285 386 194 58 165 178 366 367 102 296 388 371 362 337 403 367 329 361 229 155 59 141 315 215 282 184 52 149 282 159 352 192 386 424 121 372 256 207 219 158 159 61 377 198 81 196 200 55 391 360 194 291 443 255 61 399 300 278 108 258 136 329 313 108 128 226 325 271 157 282 117 287 246 309 199 130 158 296 340 91 388 176 157 386 110 69 383 237 196 186 367 317 331 172 118 249 88 212 58 176 167 367 141 19 375 377 76 360 231 258
 389 113 389 252 103 244 262 83 194 355 1 210 232 306 305 59 324 198 254 316 307 143 217 285 437 113 118 157 271 294 206 357 373 406 117 272 388 104 336 197 40 445 167 320 283 218 298 107 288 189 354 48 217 309 476 462 317 155 275 168 134 308 138 179 69 338 267 346 134 446 309 215 394 140 367 189 386 253 371 461 261 427 359 134 237 120 122 150 176 363 243 401 145 203 339 160 158 374 166 44 165 317 118 108 304 58 121 392 367 372 222 394 281 398 450 203 187 369 439 79 248 228 366 183 310 226 356 401 111 379 389 183 325 41 306 299 216 387 221 169 17 263 84 244 279 239 297 245 308 394 215 180 220 339 349 242 336 365 395 176
 266 213 302 300 116 307 55 132 103 149 210 1 290 251 149 152 181 192 120 145 151 285 80 325 280 309 113 131 62 103 96 177 204 396 146 88 271 108 309 235 173 266 104 220 76 259 119 104 82 242 289 246 80 100 294 292 325 260 68 202 271 325 250 243 265 335 275 335 81 272 100 38 329 73 294 41 189 70 296 283 290 278 358 299 30 253 135 61 125 218 68 203 265 73 160 63 53 181 283 223 70 273 310 123 110 259 185 305 196 282 52 338 270 219 262 104 235 288 268 144 40 223 271 220 206 28 213 322 221 198 374 59 189 245 144 90 295 278 137 48 224 264 204 134 121 198 90 117 115 249 97 268 57 133 346 301 155 343 280 169
 266 121 227 22 265 18 337 215 193 368 232 290 1 148 260 231 253 103 397 283 261 119 227 54 342 208 286 161 333 391 205 320 313 183 161 377 258 236 136 55 240 381 331 202 327 33 286 237 326 52 183 208 351 355 408 378 96 82 347 91 116 84 98 56 204 119 66 131 269 373 355 262 210 239 198 303 370 358 203 392 43 324 136 151 299 120 169 257 167 276 354 385 97 338 307 233 260 353 85 192 222 141 199 194 309 213 127 229 312 220 256 202 91 345 400 358 57 208 361 200 320 84 220 71 203 282 269 229 122 335 170 232 244 218 267 350 29 249 174 248 226 73 150 197 252 123 364 391 311 295 210 56 250 362 128 12 308 153 261 122
 120 207 87 138 288 157 280 249 156 268 306 251 148 1 150 277 129 110 370 174 150 246 172 136 197 328 304 163 269 335 158 200 183 148 195 329 111 256 64 130 296 243 332 64 253 128 189 255 248 146 49 303 328 275 268 235 103 202 285 144 238 111 210 158 308 100 85 94 273 232 276 214 90 237 62 281 253 315 66 252 112 179 119 278 246 232 194 250 151 139 316 266 218 319 192 218 248 237 217 279 204 25 321 219 216 313 188 89 185 75 202 93 60 214 266 347 143 67 221 241 266 85 74 136 71 231 133 96 214 210 126 201 116 311 159 275 174 102 117 228 308 76 231 119 158 69 295 367 216 152 156 183 196 268 108 151 195 96 114 132
 120 249 168 260 239 275 154 226 113 119 305 149 260 150 1 255 35 166 258 25 3 314 91 271 137 373 246 157 138 204 100 62 69 293 196 203 127 215 212 215 278 142 251 94 116 229 43 212 110 230 170 324 225 133 173 158 249 274 154 201 301 254 273 238 338 249 214 243 210 142 133 116 204 180 170 189 111 195 170 158 238 132 268 341 130 288 187 183 137 70 200 126 287 220 48 156 177 95 297 297 146 173 370 198 71 337 218 171 64 149 102 217 197 97 152 252 223 160 134 228 145 177 137 208 82 122 65 189 258 81 272 131 46 328 10 135 278 136 98 156 314 202 258 70 30 138 158 257 70 101 91 268 101 119 257 267 49 243 135 164
 347 114 355 250 49 246 204 31 146 297 59 152 231 277 255 1 277 173 204 263 257 169 165 282 389 164 68 117 213 238 156 304 322 393 84 217 347 46 316 187 24 393 120 281 226 210 244 49 231 182 325 99 164 251 423 411 306 165 217 152 157 299 150 176 119 324 253 331 78 394 251 158 366 83 336 132 330 197 340 409 253 380 346 171 179 140 84 92 134 316 187 345 161 150 286 104 100 319 183 80 111 291 167 61 248 111 107 358 316 337 167 368 263 345 396 155 179 336 388 37 190 207 329 170 270 168 309 369 117 326 374 128 278 95 255 241 222 348 178 112 73 246 88 199 227 209 239 195 252 347 165 186 164 282 335 242 282 347 355 147
 87 258 136 250 265 267 187 247 131 144 324 181 253 129 35 277 1 167 291 52 33 319 117 258 114 384 273 171 171 237 121 72 61 267 211 237 93 239 189 213 299 133 282 68 149 224 76 237 143 229 142 340 257 164 162 140 230 277 188 204 307 237 278 238 352 228 201 220 238 128 165 147 173 206 140 220 126 229 140 146 227 105 245 348 163 295 204 211 151 41 234 138 291 253 65 182 205 109 299 312 171 151 380 218 102 352 228 139 60 117 132 187 181 93 149 284 223 129 119 247 178 171 105 209 58 155 34 157 267 84 246 157 14 344 42 168 274 103 108 184 332 190 270 81 61 132 190 291 101 72 113 268 130 147 235 260 69 218 102 170
 207 101 194 110 192 120 236 147 92 269 198 192 103 110 166 173 167 1 304 188 168 154 125 134 271 227 210 69 231 291 103 228 227 224 90 278 202 160 144 51 190 299 248 135 225 71 187 160 224 65 157 196 259 253 329 303 141 111 246 40 142 138 113 72 202 157 88 161 186 294 253 162 197 151 170 210 275 260 175 312 99 256 180 184 199 132 92 168 68 199 257 290 126 247 213 140 169 259 132 171 127 120 221 119 209 206 79 196 225 178 155 198 92 258 314 271 58 174 284 137 220 37 174 43 130 181 191 205 109 246 204 133 161 203 172 248 116 198 74 154 199 79 123 99 154 45 262 299 211 224 108 103 148 261 168 113 213 176 208 28
 377 301 419 410 156 414 108 201 220 208 254 120 397 370 258 204 291 304 1 247 259 367 199 437 377 365 138 238 125 80 215 268 300 514 240 64 383 173 428 343 216 347 88 337 150 368 220 171 158 347 408 299 47 152 371 380 442 352 112 307 354 440 340 346 320 453 390 454 135 357 151 157 448 160 413 96 258 65 414 364 402 379 476 373 130 336 231 141 237 325 58 267 353 61 255 166 138 257 374 283 178 392 369 209 200 311 279 422 292 399 170 457 388 306 335 52 341 406 357 217 114 338 387 327 323 142 321 439 308 285 493 174 301 294 251 142 398 392 256 152 270 379 283 253 233 316 121 10 204 353 216 367 175 190 464 408 248 462 392 279
 133 266 187 283 243 298 141 235 126 95 316 145 283 174 25 263 52 188 247 1 25 333 100 295 136 389 248 172 124 188 113 44 61 316 210 190 141 222 236 237 287 130 249 116 101 252 29 219 94 251 192 338 217 114 161 151 273 294 140 221 320 278 292 259 352 273 238 267 213 133 114 116 224 185 191 185 89 184 191 147 262 134 292 359 122 306 201 186 153 79 190 103 307 215 27 162 179 72 317 311 153 197 386 209 52 350 235 190 54 168 103 238 221 83 136 246 245 180 127 238 134 200 156 230 105 118 76 208 276 65 295 137 65 341 17 118 301 153 118 159 325 226 273 90 39 161 141 248 50 107 104 289 103 96 281 291 26 266 150 183
 119 251 167 261 241 276 155 228 115 118 307 151 261 150 3 257 33 168 259 25 1 316 94 272 135 375 248 159 139 205 103 61 67 293 198 205 125 217 212 217 280 140 253 94 117 231 44 215 111 231 170 327 226 133 171 155 250 276 156 202 303 255 275 239 340 250 215 243 212 139 134 118 203 182 169 191 110 197 169 156 239 130 268 343 132 290 190 185 139 68 202 124 289 222 47 159 179 93 298 299 148 174 372 201 71 339 220 170 62 148 104 216 198 94 150 254 225 159 132 230 146 178 136 210 82 124 63 188 260 79 272 133 45 330 10 136 280 135 100 158 316 203 260 72 32 139 159 259 70 99 93 270 103 119 257 269 48 243 134 166
 357 73 331 139 215 124 339 167 214 402 143 285 119 246 314 169 319 154 367 333 316 1 249 169 424 90 235 168 341 385 229 375 378 300 140 366 351 195 250 117 167 451 286 286 343 123 326 198 345 101 289 105 324 372 481 456 213 46 351 116 15 201 42 90 94 236 176 249 233 446 372 270 321 216 304 282 418 346 309 465 159 408 253 34 304 33 151 233 185 351 339 433 29 309 359 223 239 403 35 100 218 246 82 164 343 105 104 333 375 320 270 316 199 408 464 320 105 311 436 151 322 164 318 114 282 288 344 337 65 394 288 234 314 116 319 365 93 345 217 237 131 178 85 245 296 195 371 359 346 376 237 67 265 391 246 125 358 270 356 152
 197 178 226 234 149 243 115 136 36 154 217 80 227 172 91 165 117 125 199 100 94 249 1 255 228 295 157 82 108 171 23 141 158 317 116 161 200 125 231 174 188 229 171 143 101 195 83 122 101 184 210 241 158 130 259 248 250 215 123 146 235 251 210 188 256 259 202 257 122 231 130 43 251 90 216 113 175 145 218 246 220 221 281 271 78 219 106 95 66 157 145 190 224 150 123 66 90 161 239 214 55 194 293 111 95 254 147 229 152 206 32 260 195 182 234 180 177 211 224 140 99 152 195 161 130 61 150 245 187 163 295 41 122 243 91 125 237 206 60 68 227 190 180 55 63 122 138 196 99 188 19 217 26 143 269 237 120 265 209 108
 253 174 203 34 313 46 368 263 224 386 285 325 54 136 271 282 258 134 437 295 272 169 255 1 332 258 333 200 362 424 234 328 316 132 208 411 243 282 103 98 292 378 376 198 353 73 303 283 350 100 159 261 392 380 404 370 51 135 377 135 168 38 151 108 257 74 58 88 313 368 380 294 177 281 174 342 380 394 179 387 36 313 87 200 331 173 214 299 202 274 391 394 150 379 317 272 300 363 135 245 260 121 249 240 328 266 176 204 316 200 286 167 78 347 400 401 104 186 356 249 352 104 203 115 202 313 267 200 175 341 122 267 247 272 279 376 77 232 198 286 279 70 203 217 269 138 392 431 330 288 237 109 280 381 81 46 319 110 245 159
 81 367 146 334 375 352 271 360 244 184 437 280 342 197 137 389 114 271 377 136 135 424 228 332 1 494 382 284 253 309 234 110 78 296 324 316 92 351 240 312 412 64 384 141 228 317 163 348 220 328 180 452 351 230 78 40 293 380 267 310 413 303 384 338 463 282 281 269 346 47 231 250 188 316 169 321 137 313 166 64 308 21 292 454 257 402 317 319 264 76 321 139 396 349 124 293 313 130 400 425 282 212 489 331 178 464 339 147 86 139 237 205 257 77 93 380 323 155 37 360 267 266 132 311 143 254 83 162 376 95 278 267 115 457 139 238 366 106 220 292 445 272 381 194 166 230 261 378 174 48 225 367 236 197 284 346 130 258 94 279
 433 128 414 228 212 213 363 178 264 444 113 309 208 328 373 164 384 227 365 389 375 90 295 258 494 1 228 218 369 401 278 431 440 389 180 380 428 205 338 200 150 514 279 361 378 210 377 208 381 185 373 67 327 406 544 523 302 131 376 188 94 291 120 173 46 325 263 338 240 511 405 305 407 236 387 294 469 360 392 529 247 480 342 59 333 97 190 250 237 420 350 484 114 313 414 251 257 454 124 87 252 331 11 190 388 56 157 416 436 401 309 403 285 469 524 315 187 394 502 166 348 244 398 193 355 319 412 421 119 452 377 269 381 73 376 396 182 423 278 263 97 264 117 305 351 270 397 356 392 447 287 155 305 431 335 214 412 358 434 216
 353 175 373 302 22 302 157 73 154 261 118 113 286 304 246 68 273 210 138 248 248 235 157 333 382 228 1 144 169 180 158 285 308 433 126 158 355 52 351 236 79 374 53 293 187 261 224 51 194 235 349 162 101 209 404 398 350 227 170 199 222 345 213 231 183 366 296 370 37 379 208 134 391 70 358 80 301 140 361 392 301 376 389 238 142 205 121 64 154 313 128 315 225 87 267 93 70 292 247 146 106 321 232 94 221 174 160 376 301 354 146 396 301 327 373 88 230 356 374 89 146 246 345 219 281 137 307 390 180 306 413 117 278 157 243 198 280 359 192 91 133 288 152 205 217 238 190 129 225 345 165 246 147 244 377 297 262 384 363 183
 234 97 239 173 127 178 180 88 48 235 157 131 161 163 157 117 171 69 238 172 159 168 82 200 284 218 144 1 179 233 62 215 224 290 41 217 233 95 208 107 138 298 180 165 178 131 161 94 179 113 210 170 193 208 328 310 209 135 192 73 154 206 129 114 183 224 156 228 118 296 207 107 251 83 220 144 254 199 224 313 166 272 247 190 143 138 35 100 21 209 194 269 144 180 197 74 102 239 159 142 62 179 215 57 176 182 66 242 220 221 105 255 159 252 307 203 106 220 288 83 163 105 213 91 155 126 201 254 107 235 270 73 170 174 159 201 165 233 65 88 163 146 102 91 134 95 210 232 180 239 71 140 99 224 235 172 195 241 240 42
 256 269 304 341 175 350 19 193 141 95 271 62 333 269 138 213 171 231 125 124 139 341 108 362 253 369 169 179 1 68 129 144 176 416 201 67 263 169 330 279 234 226 148 225 26 301 97 165 34 288 299 307 102 41 252 257 355 312 18 249 327 356 304 291 326 361 308 359 140 235 40 73 337 134 302 91 141 62 303 243 326 254 383 357 38 309 190 122 168 202 70 153 319 105 130 120 114 137 336 283 123 292 370 182 76 320 239 307 168 284 78 348 299 183 217 134 281 293 234 204 24 259 272 265 211 54 199 325 277 162 394 108 183 306 130 29 342 273 166 107 285 296 262 152 117 227 32 127 79 230 126 318 84 77 371 343 124 364 272 212
 320 314 370 401 193 408 57 225 200 132 294 103 391 335 204 238 237 291 80 188 205 385 171 424 309 401 180 233 68 1 191 200 234 483 248 23 328 198 397 337 256 273 141 292 89 360 162 194 95 344 367 336 85 80 296 308 419 362 51 304 371 420 352 346 356 427 371 425 162 285 79 131 404 170 369 108 183 42 370 290 388 313 449 397 94 353 237 154 225 265 53 191 366 96 190 165 147 184 385 315 172 359 403 222 137 348 287 373 226 351 139 415 364 235 259 113 337 360 286 239 73 321 339 322 278 111 263 391 322 215 460 161 249 332 196 72 397 339 229 149 309 360 302 218 184 292 49 86 140 291 188 371 145 116 437 402 183 430 336 270
 196 158 218 212 147 222 135 127 15 175 206 96 205 158 100 156 121 103 215 113 103 229 23 234 234 278 158 62 129 191 1 155 168 301 99 180 198 120 215 152 179 241 178 137 123 173 100 117 123 162 199 226 172 152 271 257 231 194 144 124 215 231 189 166 241 241 182 240 124 241 152 62 240 89 206 124 192 163 208 257 199 225 263 251 98 199 89 98 45 161 162 208 204 162 138 67 95 178 218 199 53 179 276 99 115 239 127 221 163 198 53 248 176 194 248 191 155 202 234 128 119 131 188 139 123 81 154 236 168 176 279 45 124 229 102 147 215 202 42 73 215 170 162 47 75 103 160 211 119 192 10 195 47 165 251 215 135 249 206 86
 132 308 196 319 282 334 162 276 169 82 357 177 320 200 62 304 72 228 268 44 61 375 141 328 110 431 285 215 144 200 155 1 35 336 253 207 143 262 259 277 327 91 280 138 119 290 62 258 111 291 209 380 243 122 120 116 302 335 157 262 362 308 334 299 395 299 271 291 250 96 122 152 236 225 205 217 54 204 204 108 296 114 316 401 151 348 244 224 195 77 213 67 348 243 19 202 217 38 358 353 194 222 429 251 70 393 278 198 27 179 141 251 252 43 94 273 285 193 93 280 159 237 167 270 130 151 78 217 318 23 314 177 85 383 57 129 339 156 159 197 367 259 316 131 82 198 152 270 66 95 146 329 141 92 305 327 23 287 150 225
 101 315 167 310 303 326 194 293 181 115 373 204 313 183 69 322 61 227 300 61 67 378 158 316 78 440 308 224 176 234 168 35 1 312 264 240 112 281 240 274 345 75 308 120 151 284 87 278 143 289 186 392 273 155 105 91 285 337 190 263 366 293 337 298 406 280 260 271 273 74 156 176 209 245 180 244 79 236 178 90 286 80 296 406 180 353 255 246 204 49 244 88 351 272 46 222 240 65 358 365 212 204 437 266 101 405 285 170 9 152 163 225 239 33 88 303 283 167 67 295 190 231 141 269 114 177 53 188 324 30 291 196 71 396 68 163 334 127 164 219 382 249 325 136 96 193 186 301 97 62 159 328 163 126 286 319 53 266 119 228
 220 295 151 162 415 177 427 369 296 410 406 396 183 148 293 393 267 224 514 316 293 300 317 132 296 389 433 290 416 483 301 336 312 1 311 476 208 383 87 210 407 355 468 201 400 190 334 383 395 219 127 388 471 422 373 334 91 264 433 242 298 101 279 229 386 70 141 64 407 340 423 360 109 371 133 423 388 461 135 358 147 276 49 331 392 301 315 387 284 264 461 398 279 460 331 356 386 372 266 369 342 125 380 341 362 394 289 150 316 162 348 92 133 339 382 487 221 146 328 357 413 188 172 225 213 377 260 135 298 341 23 343 254 398 302 422 208 193 260 368 403 148 324 266 304 201 442 511 362 263 300 237 342 412 59 176 335 53 204 251
 273 68 274 177 106 178 199 59 85 267 117 146 161 195 196 84 211 90 240 210 198 140 116 208 324 180 126 41 201 248 99 253 264 311 1 230 272 76 233 111 102 337 170 204 205 135 197 77 207 111 242 130 195 234 368 350 226 115 212 74 126 220 105 108 143 243 172 249 109 336 234 131 283 82 254 148 290 210 258 353 176 313 266 158 165 109 12 100 61 249 204 305 120 180 235 84 104 275 139 102 79 208 178 34 210 142 41 277 259 257 133 285 180 291 345 199 105 255 328 48 183 125 250 94 194 149 242 288 77 274 292 95 210 134 198 226 159 271 106 99 122 165 65 131 172 126 232 233 213 279 108 128 128 255 255 173 233 264 279 64
 322 296 369 387 171 394 51 204 188 145 272 88 377 329 203 217 237 278 64 190 205 366 161 411 316 380 158 217 67 23 180 207 240 476 230 1 329 177 389 322 234 284 119 289 91 346 163 174 98 329 362 314 63 89 308 317 409 344 51 289 352 410 334 330 335 418 360 417 140 295 88 119 400 151 365 87 195 21 367 301 376 319 440 378 84 334 219 134 211 268 31 204 348 74 195 148 128 194 368 294 156 352 382 203 141 326 269 372 231 349 129 411 354 244 272 91 322 357 295 219 64 309 337 307 275 100 265 389 303 223 453 146 248 311 196 79 382 339 219 132 288 349 283 211 181 281 58 69 144 295 178 354 135 127 428 388 188 423 337 255
 13 302 58 248 344 267 279 318 204 224 388 271 258 111 127 347 93 202 383 141 125 351 200 243 92 428 355 233 263 328 198 143 112 208 272 329 1 316 149 236 369 148 369 69 241 236 167 313 234 252 89 394 349 254 168 131 202 306 280 241 341 213 312 263 403 191 195 178 321 134 254 235 101 286 78 309 191 321 75 152 222 72 201 383 255 333 267 294 215 67 326 198 323 343 145 263 289 177 324 368 250 123 422 287 192 405 277 60 118 48 221 118 170 135 175 374 247 64 122 314 270 189 41 238 79 245 68 78 310 141 189 240 83 400 134 258 284 16 170 267 393 187 321 152 152 159 281 383 190 57 191 290 218 231 193 261 151 168 10 217
 315 130 329 252 33 252 160 29 112 252 104 108 236 256 215 46 239 160 173 222 217 195 125 282 351 205 52 95 169 198 120 262 281 383 76 177 316 1 302 186 68 351 97 251 181 210 201 5 186 185 303 140 130 207 381 371 299 182 174 149 182 294 168 182 160 316 245 320 39 353 206 114 344 39 312 91 286 157 316 368 251 343 338 203 134 164 70 48 107 279 148 301 182 115 244 61 55 275 203 118 70 273 206 44 204 153 111 332 275 310 123 349 251 303 353 128 180 311 348 45 146 196 302 169 239 124 272 345 136 284 363 86 243 138 214 196 231 318 148 68 117 237 111 165 187 189 195 165 208 311 128 198 121 237 327 247 240 334 323 133
 161 228 102 119 334 138 341 290 211 330 336 309 136 64 212 316 189 144 428 236 212 250 231 103 240 338 351 208 330 397 215 259 240 87 233 389 149 302 1 143 332 293 384 122 315 129 251 301 311 156 61 325 385 338 315 279 55 208 347 169 245 67 220 167 326 42 76 32 324 280 338 273 76 287 74 337 313 375 79 299 95 221 57 283 306 244 235 302 200 193 375 324 225 375 253 271 301 296 217 303 257 40 330 261 279 332 216 103 242 103 262 67 56 269 318 402 155 88 268 280 326 110 109 155 132 291 188 98 233 268 65 257 176 334 221 338 164 136 174 282 335 76 256 180 220 116 357 424 279 200 214 184 256 330 47 134 256 35 149 171
 242 86 216 68 216 73 283 166 140 319 197 235 55 130 215 187 213 51 343 237 217 117 174 98 312 200 236 107 279 337 152 277 274 210 111 322 236 186 143 1 199 345 279 172 274 26 237 186 273 17 174 183 298 303 373 346 121 72 293 38 108 114 81 28 184 142 71 150 217 338 303 208 209 185 189 249 325 304 194 357 67 295 163 149 245 103 117 203 113 242 300 340 89 284 262 179 206 308 89 162 168 132 193 143 259 190 81 218 272 204 203 206 88 305 361 305 14 196 327 153 266 48 202 18 170 228 234 222 91 294 193 177 206 192 222 297 65 229 124 194 194 68 115 149 204 83 310 337 262 264 157 56 196 312 153 66 262 169 240 68
 369 121 375 260 64 254 224 54 169 319 40 173 240 296 278 24 299 190 216 287 280 167 188 292 412 150 79 138 234 256 179 327 345 407 102 234 369 68 332 199 1 416 130 302 247 221 267 72 253 193 344 84 179 273 446 434 319 169 238 165 156 312 153 186 105 338 266 345 96 418 272 181 384 106 355 150 353 215 359 433 265 403 360 164 201 140 104 113 155 339 204 368 163 164 309 127 121 342 185 71 134 309 154 83 271 95 119 378 339 358 190 386 278 369 419 166 190 356 411 56 211 223 350 183 291 191 332 389 122 349 389 151 301 79 278 262 228 370 200 135 55 261 92 221 250 227 259 207 275 370 188 192 188 304 349 251 305 362 376 165
 136 388 205 376 371 393 244 364 254 143 445 266 381 243 142 393 133 299 347 130 140 451 229 378 64 514 374 298 226 273 241 91 75 355 337 284 148 351 293 345 416 1 368 182 201 353 151 348 193 360 234 466 327 196 32 39 343 409 237 336 439 352 410 369 479 334 324 323 339 18 197 242 247 314 225 305 92 285 222 18 351 82 347 479 239 426 329 313 278 106 295 87 423 328 108 291 306 91 430 438 282 261 510 338 157 478 358 206 79 195 230 264 301 48 30 358 354 211 29 367 244 301 186 341 179 240 113 222 397 69 336 266 140 469 140 206 403 163 237 287 454 314 399 210 167 263 227 350 152 94 232 399 231 159 338 386 113 314 152 301
 366 225 394 346 73 347 132 122 177 242 167 104 331 332 251 120 282 248 88 249 253 286 171 376 384 279 53 180 148 141 178 280 308 468 170 119 369 97 384 279 130 368 1 312 170 304 222 95 178 280 375 213 58 186 396 395 388 277 143 242 274 385 262 277 234 403 335 406 63 375 185 136 416 98 383 64 287 104 385 385 343 381 426 290 130 256 163 83 185 320 92 300 275 47 264 115 85 281 297 198 129 352 283 138 212 224 207 398 300 375 150 423 337 322 362 37 274 379 372 138 127 284 364 262 299 131 315 413 230 301 447 134 289 207 247 175 327 375 216 106 183 325 203 223 222 269 162 78 216 351 183 294 153 224 414 342 258 418 378 221
 73 234 83 195 281 213 238 251 141 210 320 220 202 64 94 281 68 135 337 116 94 286 143 198 141 361 293 165 225 292 137 138 120 201 204 289 69 251 122 172 302 182 312 1 205 177 136 249 200 188 77 326 298 225 208 177 166 242 242 174 276 174 247 199 335 162 144 154 260 172 225 183 113 224 78 255 192 277 79 191 170 124 179 317 208 266 199 234 148 77 280 203 258 291 132 202 230 175 261 300 188 85 355 220 163 337 209 87 122 63 169 125 121 151 203 322 183 70 161 247 226 126 53 173 15 196 70 103 243 147 179 180 55 332 103 226 226 69 104 208 324 133 253 90 109 92 248 335 163 94 131 227 164 212 168 207 136 151 76 148
 233 271 283 333 191 343 44 203 136 75 283 76 327 253 116 226 149 225 150 101 117 343 101 353 228 378 187 178 26 89 123 119 151 400 205 91 241 181 315 274 247 201 170 205 1 295 74 177 9 284 281 317 127 30 228 232 342 312 41 246 329 345 305 288 335 348 298 344 156 210 30 75 317 144 282 110 118 87 283 219 317 230 368 362 48 312 194 135 165 179 95 130 321 129 106 128 127 112 337 292 128 276 377 189 51 330 241 286 143 263 75 329 287 158 193 158 277 273 209 213 45 250 251 261 192 59 175 304 280 137 378 111 161 316 108 25 337 251 156 116 296 286 267 139 97 216 44 152 55 205 118 316 80 58 357 337 99 348 249 208
 244 106 211 43 240 50 305 191 161 337 218 259 33 128 229 210 224 71 368 252 231 123 195 73 317 210 261 131 301 360 173 290 284 190 135 346 236 210 129 26 221 353 304 177 295 1 254 211 294 30 168 200 322 323 381 352 100 80 315 63 117 92 92 40 199 122 55 132 242 346 323 231 199 210 183 273 340 327 188 365 45 300 142 156 268 116 142 228 135 249 324 354 97 309 276 203 230 323 91 180 192 125 202 168 277 206 104 213 283 201 224 194 77 316 371 330 33 191 335 177 288 54 200 43 176 250 242 215 109 306 174 200 215 209 236 318 51 228 142 218 213 56 135 166 220 93 332 362 279 270 178 57 218 330 133 43 277 152 240 91
 160 257 211 288 221 301 114 216 114 84 298 119 286 189 43 244 76 187 220 29 44 326 83 303 163 377 224 161 97 162 100 62 87 334 197 163 167 201 251 237 267 151 222 136 74 254 1 198 68 250 212 323 190 90 181 175 285 289 113 217 313 289 286 257 338 287 246 282 189 156 91 91 246 164 212 159 93 156 212 169 269 162 306 350 95 298 187 163 143 106 163 109 300 187 44 141 156 79 313 296 134 212 375 193 29 336 226 213 79 191 80 259 231 104 153 218 243 202 151 221 107 204 179 228 123 92 103 232 266 84 312 117 88 325 35 93 301 178 115 137 308 234 261 89 35 166 115 220 29 135 91 287 81 81 295 294 39 283 176 178
 312 132 327 253 34 253 157 32 110 249 107 104 237 255 212 49 237 160 171 219 215 198 122 283 348 208 51 94 165 194 117 258 278 383 77 174 313 5 301 186 72 348 95 249 177 211 198 1 182 186 301 144 127 203 378 368 299 184 170 149 184 295 170 183 164 316 245 320 37 350 203 110 343 35 311 88 283 154 314 365 251 341 338 206 131 166 71 44 106 277 145 297 184 112 241 58 52 272 205 122 67 272 210 44 200 157 113 331 272 309 120 347 251 300 350 126 181 310 345 47 142 196 300 169 237 120 270 344 138 280 363 83 240 142 211 193 233 316 146 64 121 237 113 163 184 188 192 163 204 308 125 200 118 233 327 248 236 334 321 132
 226 273 277 332 196 342 52 208 136 68 288 82 326 248 110 231 143 224 158 94 111 345 101 350 220 381 194 179 34 95 123 111 143 395 207 98 234 186 311 273 253 193 178 200 9 294 68 182 1 284 276 321 135 30 220 224 339 313 48 246 331 342 307 288 339 344 295 340 162 202 30 78 311 149 277 117 111 95 278 211 315 222 365 364 53 314 196 140 166 171 103 123 322 136 98 131 133 105 338 296 131 272 381 192 44 334 243 280 135 257 76 324 284 150 186 166 277 268 201 217 52 248 245 261 187 63 168 298 282 129 373 114 155 321 102 28 337 245 154 120 301 283 270 136 92 214 49 160 47 198 117 317 81 52 353 336 91 343 242 208
 258 77 231 68 215 68 291 164 149 332 189 242 52 146 230 182 229 65 347 251 231 101 184 100 328 185 235 113 288 344 162 291 289 219 111 329 252 185 156 17 193 360 280 188 284 30 250 186 284 1 190 171 302 313 389 362 130 56 302 41 93 121 66 13 171 151 82 161 219 354 313 217 224 189 204 253 339 310 209 373 74 312 172 133 254 89 119 207 121 257 306 354 73 288 276 184 210 322 73 151 174 147 178 143 272 178 77 234 287 220 212 219 102 320 376 308 8 211 343 150 274 64 218 24 186 236 250 238 80 309 203 184 222 181 236 307 54 245 137 199 184 81 106 163 217 99 319 341 274 281 168 40 206 323 162 63 276 180 256 77
 101 254 45 169 334 189 312 297 199 285 354 289 183 49 170 325 142 157 408 192 170 289 210 159 180 373 349 210 299 367 199 209 186 127 242 362 89 303 61 174 344 234 375 77 281 168 212 301 276 190 1 351 367 301 256 219 115 245 316 191 281 126 255 201 355 102 119 90 318 221 301 252 43 281 16 322 262 350 21 240 143 160 113 322 280 277 241 294 196 138 352 272 262 359 206 262 291 246 258 326 247 44 366 266 239 360 235 46 190 42 238 50 93 214 260 388 187 27 209 289 299 131 49 182 90 267 134 49 260 215 106 243 128 359 179 302 211 76 160 270 356 113 278 156 184 117 323 405 239 141 195 224 233 287 105 184 210 81 89 180
 397 99 388 229 146 218 299 115 213 386 48 246 208 303 324 99 340 196 299 338 327 105 241 261 452 67 162 170 307 336 226 380 392 388 130 314 394 140 325 183 84 466 213 326 317 200 323 144 321 171 351 1 261 344 496 479 299 127 313 160 99 289 111 161 22 321 252 331 175 465 344 245 388 174 364 229 414 294 369 481 242 440 341 90 272 90 138 187 190 377 285 429 114 247 362 191 194 400 133 28 193 311 71 132 332 14 118 391 387 373 251 387 270 419 473 249 171 368 457 105 285 221 368 171 318 259 370 399 93 402 373 211 338 12 327 334 188 392 233 202 32 250 74 259 300 239 334 290 336 406 235 154 247 371 331 217 360 350 401 179
 343 257 381 364 117 368 85 158 176 194 217 80 351 328 225 164 257 259 47 217 226 324 158 392 351 327 101 193 102 85 172 243 273 471 195 63 349 130 385 298 179 327 58 298 127 322 190 127 135 302 367 261 1 137 354 357 397 308 94 262 310 395 295 300 282 409 345 410 92 336 136 117 408 114 373 50 242 49 375 345 357 350 432 332 96 292 185 96 192 293 37 253 309 16 228 120 93 238 330 243 133 350 330 164 174 273 234 384 265 361 131 417 343 283 319 33 295 367 334 174 85 293 350 281 285 104 288 400 263 262 449 130 267 257 219 126 352 356 213 106 233 335 240 212 198 272 110 41 178 323 174 322 135 176 420 363 222 419 357 233
 245 300 299 361 214 372 55 230 165 58 309 100 355 275 133 251 164 253 152 114 133 372 130 380 230 406 209 208 41 80 152 122 155 422 234 89 254 207 338 303 273 196 186 225 30 323 90 203 30 313 301 344 137 1 220 229 368 342 45 275 358 370 335 317 363 372 324 368 180 207 2 104 335 171 301 130 108 92 302 213 345 235 392 391 74 341 223 161 194 189 102 117 350 142 112 156 153 106 366 320 157 299 406 217 63 357 270 302 147 280 104 348 313 157 184 169 306 291 207 241 64 278 268 290 212 87 187 321 309 137 400 140 177 343 124 13 366 265 183 143 323 312 296 165 119 243 32 156 65 213 146 345 110 40 381 365 106 370 262 237
 156 418 223 402 401 420 270 395 284 165 476 294 408 268 173 423 162 329 371 161 171 481 259 404 78 544 404 328 252 296 271 120 105 373 368 308 168 381 315 373 446 32 396 208 228 381 181 378 220 389 256 496 354 220 1 41 367 438 263 366 469 376 440 398 510 357 350 345 369 37 221 271 265 344 245 333 114 311 242 18 377 98 368 509 267 456 359 343 308 133 320 107 453 355 138 321 336 117 460 469 313 285 541 369 185 509 389 224 110 215 260 282 327 79 39 385 383 231 48 398 271 329 207 370 207 269 141 239 428 98 355 296 169 499 171 231 431 183 268 317 485 340 429 240 198 291 251 375 181 117 262 428 261 182 360 413 143 335 170 331
 119 397 185 370 393 389 275 382 268 178 462 292 378 235 158 411 140 303 380 151 155 456 248 370 40 523 398 310 257 308 257 116 91 334 350 317 131 371 279 346 434 39 395 177 232 352 175 368 224 362 219 479 357 229 41 1 331 413 269 341 445 341 416 372 491 320 318 308 363 24 230 265 226 335 208 332 128 317 204 29 345 60 330 485 267 433 342 336 290 106 326 125 428 358 133 311 329 125 433 452 302 250 519 355 185 491 368 185 98 178 253 243 294 75 65 388 356 194 25 384 274 300 171 344 177 266 114 200 406 96 317 286 144 483 158 239 402 145 247 309 470 308 410 221 185 264 261 382 181 84 248 401 253 193 323 382 138 297 132 309
 213 205 157 75 330 93 363 283 224 366 317 325 96 103 249 306 230 141 442 273 250 213 250 51 293 302 350 209 355 419 231 302 285 91 226 409 202 299 55 121 319 343 388 166 342 100 285 299 339 130 115 299 397 368 367 331 1 175 371 155 210 14 189 139 297 25 55 38 326 331 368 291 128 291 129 348 355 393 133 350 57 273 43 245 327 212 230 308 206 240 392 367 191 385 293 279 309 338 179 280 266 83 294 257 312 304 201 157 287 156 281 117 56 316 366 410 131 141 319 271 348 106 162 137 173 310 235 152 208 312 76 269 218 308 258 366 122 189 191 292 313 64 234 204 252 129 383 437 313 250 232 149 275 364 34 90 296 60 202 169
 312 53 287 103 206 92 312 156 180 367 155 260 82 202 274 165 277 111 352 294 276 46 215 135 380 131 227 135 312 362 194 335 337 264 115 344 306 182 208 72 169 409 277 242 312 80 289 184 313 56 245 127 308 342 438 413 175 1 324 74 38 164 18 45 123 198 134 209 219 404 341 240 278 196 260 262 380 324 265 422 119 364 216 78 276 39 126 214 150 308 318 395 18 293 319 198 218 364 25 113 191 202 123 144 307 131 76 289 334 275 239 273 156 367 423 308 60 267 394 140 295 119 273 70 238 259 300 293 49 354 250 205 271 138 279 335 62 300 177 213 147 135 78 205 258 151 343 345 310 333 201 28 233 357 208 91 319 230 311 112
 272 279 321 355 177 364 14 199 155 102 275 68 347 285 154 217 188 246 112 140 156 351 123 377 267 376 170 192 18 51 144 157 190 433 212 51 280 174 347 293 238 237 143 242 41 315 113 170 48 302 316 313 94 45 263 269 371 324 1 262 337 372 315 304 332 378 324 375 143 247 44 86 354 141 319 90 150 49 320 254 342 269 399 367 49 319 201 127 182 218 59 161 330 98 145 130 120 147 348 290 134 309 377 190 91 326 250 324 182 301 92 365 315 195 227 125 295 310 247 211 30 274 289 279 228 67 215 341 288 175 411 120 199 311 147 33 355 290 181 115 289 312 271 169 134 243 22 114 94 245 141 331 99 84 387 358 139 380 288 226
 245 64 229 105 179 107 251 130 111 296 168 202 91 144 201 152 204 40 307 221 202 116 146 135 310 188 199 73 249 304 124 262 263 242 74 289 241 149 169 38 165 336 242 174 246 63 217 149 246 41 191 160 262 275 366 341 155 74 262 1 104 148 75 43 165 174 102 181 180 331 275 177 229 149 205 213 307 270 209 350 103 295 196 145 214 94 80 167 82 237 266 322 88 248 246 144 170 291 97 137 134 152 183 106 236 170 48 232 261 215 173 228 115 294 350 269 35 209 321 117 234 62 211 21 168 197 229 239 71 280 224 144 199 168 206 269 94 236 104 159 167 96 88 132 185 83 280 301 239 262 131 72 167 287 185 102 245 198 246 40
 347 59 323 137 202 123 324 154 201 388 134 271 116 238 301 157 307 142 354 320 303 15 235 168 413 94 222 154 327 371 215 362 366 298 126 352 341 182 245 108 156 439 274 276 329 117 313 184 331 93 281 99 310 358 469 445 210 38 337 104 1 199 30 81 91 233 170 245 220 434 358 256 315 202 296 268 405 332 301 453 155 398 251 42 290 19 137 219 171 340 325 420 21 295 346 209 225 389 36 91 204 239 86 150 329 101 90 325 363 311 256 310 192 396 452 307 96 303 425 138 308 154 309 104 271 274 332 329 50 382 285 220 302 110 306 350 92 335 204 223 123 171 72 232 283 184 357 346 332 365 223 62 251 377 243 124 344 266 346 139
 223 196 169 63 325 80 364 278 223 371 308 325 84 111 254 299 237 138 440 278 255 201 251 38 303 291 345 206 356 420 231 308 293 101 220 410 213 294 67 114 312 352 385 174 345 92 289 295 342 121 126 289 395 370 376 341 14 164 372 148 199 1 179 130 286 37 51 51 322 341 371 292 141 288 140 346 361 393 145 360 48 283 53 233 327 202 225 305 204 249 391 374 180 383 299 277 306 344 168 270 264 92 282 252 316 294 194 169 294 167 282 130 59 324 375 408 123 153 329 265 348 103 172 130 180 310 243 164 199 319 87 268 225 299 263 368 110 200 192 290 304 62 226 207 256 130 385 435 317 260 233 138 276 368 46 78 301 73 213 165
 318 39 296 119 192 108 303 142 175 362 138 250 98 210 273 150 278 113 340 292 275 42 210 151 384 120 213 129 304 352 189 334 337 279 105 334 312 168 220 81 153 410 262 247 305 92 286 170 307 66 255 111 295 335 440 416 189 18 315 75 30 179 1 55 108 212 146 223 206 405 335 233 289 184 269 251 378 314 274 424 133 369 231 71 268 24 116 202 145 311 307 393 16 280 318 188 207 362 36 96 182 212 113 132 303 116 66 298 334 283 232 285 167 367 423 295 68 275 396 125 286 126 280 76 242 251 303 303 34 353 264 197 273 122 278 327 79 307 176 203 130 146 62 204 255 155 335 332 306 336 197 44 227 352 222 107 317 243 317 111
 269 67 243 75 210 72 293 159 153 337 179 243 56 158 238 176 238 72 346 259 239 90 188 108 338 173 231 114 291 346 166 299 298 229 108 330 263 182 167 28 186 369 277 199 288 40 257 183 288 13 201 161 300 317 398 372 139 45 304 43 81 130 55 1 160 161 93 171 216 363 317 219 235 187 216 253 346 311 221 382 83 322 181 122 256 77 116 205 124 267 306 361 62 286 284 184 209 330 63 141 175 159 166 140 277 167 72 245 296 231 215 231 113 329 385 305 17 223 353 145 276 75 229 30 196 239 260 249 70 317 213 186 231 170 244 311 53 256 143 199 175 93 97 170 224 109 322 339 280 291 173 31 209 329 172 68 284 191 267 81
