NAME : domp60p15v2
COMMENT : (Deleplanque et al.) 
TYPE : DOMP
DIMENSION : 60
DISPLAY_DATA_TYPE: NO_DISPLAY
OPEN_FACILITIES : 15
COST_SECTION
 1 74 179 325 112 312 62 375 304 233 274 320 187 295 45 35 90 86 258 454 213 295 185 187 211 62 186 206 425 354 420 461 468 138 91 324 263 333 199 294 313 202 159 320 260 203 124 43 76 207 375 77 255 221 358 387 192 243 189 308
 74 1 157 285 61 260 46 314 239 168 202 280 143 232 64 100 81 31 185 382 141 237 127 134 139 56 117 189 359 288 347 394 401 133 62 288 209 277 144 227 282 139 141 298 220 143 72 104 41 147 302 21 239 209 289 317 122 207 117 255
 179 157 1 152 101 162 125 242 196 277 264 147 58 339 135 171 90 128 236 363 186 163 258 272 223 121 147 33 305 242 345 343 349 50 218 149 123 186 278 316 136 120 21 143 93 269 96 166 197 114 337 137 83 55 256 292 221 73 204 158
 325 285 152 1 225 72 266 143 155 344 295 6 143 393 281 321 236 256 266 292 235 109 348 365 286 264 212 137 210 175 294 244 248 200 343 16 97 88 367 357 40 171 171 80 66 353 214 316 324 160 325 267 115 138 197 231 296 82 276 74
 112 61 101 225 1 203 52 265 194 189 197 220 83 253 76 123 53 32 174 350 122 184 161 174 143 57 86 133 316 244 320 352 359 90 121 228 153 223 181 237 222 92 87 239 160 174 14 123 101 97 289 43 183 155 250 282 134 146 120 199
 312 260 162 72 203 1 251 85 85 287 231 70 127 331 271 316 230 233 203 227 180 41 299 317 230 253 165 161 153 106 225 190 195 208 311 87 51 26 317 293 106 127 178 147 75 301 191 313 295 117 254 244 160 171 128 162 244 94 224 6
 62 46 125 266 52 251 1 315 245 210 235 261 127 275 26 73 39 34 215 400 166 235 172 179 175 11 133 155 367 295 369 403 410 92 101 266 202 272 189 266 257 143 106 268 201 188 64 74 79 148 331 32 205 173 301 332 160 185 152 247
 375 314 242 143 265 85 315 1 82 297 225 143 199 326 338 384 300 292 204 151 202 83 323 341 247 318 204 244 69 53 160 106 111 286 358 158 121 61 338 285 181 176 256 222 159 320 252 382 345 169 212 302 244 255 74 98 266 177 249 87
 304 239 196 155 194 85 245 82 1 220 154 153 143 255 269 316 236 219 128 168 121 48 243 261 167 250 125 208 123 51 153 159 166 234 279 169 80 79 258 215 186 103 206 226 136 241 182 316 267 99 170 229 224 225 62 97 186 148 168 82
 233 168 277 344 189 287 210 297 220 1 81 340 231 66 231 264 236 180 95 293 110 249 56 66 60 221 138 308 311 250 247 335 343 277 151 354 248 292 56 65 360 178 269 390 292 39 188 270 159 189 174 179 352 331 238 249 57 289 75 283
 274 202 264 295 197 231 235 225 154 81 1 292 210 103 259 300 249 202 31 213 80 191 127 142 64 244 119 291 232 176 169 255 263 278 207 307 201 230 133 63 318 148 262 353 253 115 191 304 208 157 104 205 327 313 161 169 86 255 86 227
 320 280 147 6 220 70 261 143 153 340 292 1 138 389 276 316 231 251 262 292 231 107 344 361 281 259 207 132 211 174 293 245 249 195 338 18 93 87 362 354 39 166 167 80 61 348 209 311 319 155 322 262 112 134 196 230 291 77 271 72
 187 143 58 143 83 127 127 199 143 231 210 138 1 291 145 190 104 114 181 310 132 118 221 236 175 127 96 82 259 192 290 296 303 91 201 146 80 149 240 264 142 64 64 165 78 229 72 187 182 57 280 125 121 104 204 239 176 66 157 123
 295 232 339 393 253 331 275 326 255 66 103 389 291 1 295 327 301 245 129 290 162 291 112 114 117 285 196 369 326 276 243 345 352 341 209 404 297 332 102 43 412 233 332 445 345 93 252 333 220 244 160 244 411 392 259 260 121 344 137 327
 45 64 135 281 76 271 26 338 269 231 259 276 145 295 1 48 46 59 239 425 190 256 189 195 198 20 158 162 390 319 394 427 434 95 109 280 222 292 206 288 269 167 115 276 217 206 88 49 88 171 356 55 212 178 325 356 182 199 175 267
 35 100 171 321 123 316 73 384 316 264 300 316 190 327 48 1 87 104 283 472 235 303 217 220 238 67 205 195 438 367 440 474 481 125 125 319 268 338 232 324 306 215 151 308 258 235 135 10 109 218 400 98 241 207 373 404 220 240 216 312
 90 81 90 236 53 230 39 300 236 236 249 231 104 301 46 87 1 58 226 397 175 218 202 212 194 32 138 118 356 286 370 393 400 54 139 235 182 252 221 288 224 136 70 232 173 217 61 84 117 138 341 63 168 136 294 327 182 155 171 226
 86 31 128 256 32 233 34 292 219 180 202 251 114 245 59 104 58 1 182 370 133 213 145 155 142 43 102 159 340 269 337 376 383 106 92 259 183 252 164 234 252 118 111 268 191 160 44 106 71 124 299 12 210 180 273 302 128 177 119 229
 258 185 236 266 174 203 215 204 128 95 31 262 181 129 239 283 226 182 1 211 53 163 131 147 56 223 92 261 218 156 170 244 252 252 199 278 171 204 141 92 288 118 234 323 223 123 167 286 197 127 118 186 297 284 145 158 80 225 73 198
 454 382 363 292 350 227 400 151 168 293 213 292 310 290 425 472 397 370 211 1 244 205 338 354 266 406 268 374 91 125 48 78 81 400 407 307 244 206 346 250 329 262 373 371 296 327 339 472 402 261 133 377 384 390 108 72 290 311 281 227
 213 141 186 235 122 180 166 202 121 110 80 231 132 162 190 235 175 133 53 244 1 143 123 141 52 174 40 213 232 163 207 264 271 200 166 245 139 187 140 133 252 72 183 284 184 123 115 238 159 83 168 139 252 235 158 182 66 183 48 175
 295 237 163 109 184 41 235 83 48 249 191 107 118 291 256 303 218 213 163 205 143 1 264 282 193 237 133 170 143 82 196 181 187 206 284 123 41 45 281 253 139 99 177 180 92 265 172 301 270 91 217 223 181 185 100 136 208 107 189 37
 185 127 258 348 161 299 172 323 243 56 127 344 221 112 189 217 202 145 131 338 123 264 1 19 78 182 137 290 346 281 295 374 381 249 99 356 255 308 21 119 358 178 247 384 290 19 164 224 110 189 226 142 338 313 272 288 58 283 77 295
 187 134 272 365 174 317 179 341 261 66 142 361 236 114 195 220 212 155 147 354 141 282 19 1 96 190 155 304 363 298 310 391 398 260 98 373 272 326 13 127 374 196 260 400 306 28 177 227 112 207 239 151 352 326 290 305 76 299 95 312
 211 139 223 286 143 230 175 247 167 60 64 281 175 117 198 238 194 142 56 266 52 193 78 96 1 185 80 253 269 204 225 298 305 229 145 295 190 236 92 96 301 119 217 332 233 74 139 242 145 130 167 144 295 276 195 212 25 230 24 225
 62 56 121 264 57 253 11 318 250 221 244 259 127 285 20 67 32 43 223 406 174 237 182 190 185 1 141 149 371 300 376 408 415 85 110 264 204 273 200 276 254 148 101 263 200 198 69 67 88 152 340 42 200 167 306 338 170 183 162 248
 186 117 147 212 86 165 133 204 125 138 119 207 96 196 158 205 138 102 92 268 40 133 137 155 80 141 1 175 244 173 236 278 286 160 155 220 119 177 156 170 224 42 144 253 155 142 77 206 143 53 204 110 216 198 174 202 86 151 66 160
 206 189 33 137 133 161 155 244 208 308 291 132 82 369 162 195 118 159 261 374 213 170 290 304 253 149 175 1 310 251 360 348 353 70 250 131 131 186 310 344 114 144 50 115 87 301 128 188 228 137 358 169 52 24 267 304 252 68 234 158
 425 359 305 210 316 153 367 69 123 311 232 211 259 326 390 438 356 340 218 91 232 143 346 363 269 371 244 310 1 73 115 39 45 348 396 225 183 129 358 284 249 225 319 289 226 340 304 437 386 220 187 350 312 323 75 68 291 244 277 154
 354 288 242 175 244 106 295 53 51 250 176 174 192 276 319 367 286 269 156 125 163 82 281 298 204 300 173 251 73 1 120 109 116 282 325 190 121 88 294 234 210 153 253 252 172 276 232 366 315 150 162 278 261 266 24 57 224 187 209 105
 420 347 345 294 320 225 369 160 153 247 169 293 290 243 394 440 370 337 170 48 207 196 295 310 225 376 236 360 115 120 1 115 121 378 368 309 232 207 301 203 329 236 352 371 287 283 310 441 364 237 86 344 376 377 98 65 249 300 241 224
 461 394 343 244 352 190 403 106 159 335 255 245 296 345 427 474 393 376 244 78 264 181 374 391 298 408 278 348 39 109 115 1 9 386 428 259 221 165 385 303 283 261 356 323 263 366 340 473 419 257 197 385 348 360 106 88 320 281 307 191
 468 401 349 248 359 195 410 111 166 343 263 249 303 352 434 481 400 383 252 81 271 187 381 398 305 415 286 353 45 116 121 9 1 392 436 263 227 171 392 310 287 268 363 327 269 374 347 480 427 264 203 393 353 365 114 95 328 287 315 197
 138 133 50 200 90 208 92 286 234 277 278 195 91 341 95 125 54 106 252 400 200 206 249 260 229 85 160 70 348 282 378 386 392 1 192 197 167 232 268 323 182 145 31 184 141 263 91 119 170 142 361 113 118 84 294 329 221 122 207 205
 91 62 218 343 121 311 101 358 279 151 207 338 201 209 109 125 139 92 199 407 166 284 99 98 145 110 155 250 396 325 368 428 436 192 1 346 262 327 110 215 342 187 201 358 278 117 130 133 23 196 310 82 300 270 323 347 122 266 128 306
 324 288 149 16 228 87 266 158 169 354 307 18 146 404 280 319 235 259 278 307 245 123 356 373 295 264 220 131 225 190 309 259 263 197 346 1 108 103 375 369 26 179 169 65 69 361 217 314 327 168 339 269 104 130 212 246 304 83 284 89
 263 209 123 97 153 51 202 121 80 248 201 93 80 297 222 268 182 183 171 244 139 41 255 272 190 204 119 131 183 121 232 221 227 167 262 108 1 71 273 263 118 79 137 155 58 258 141 265 245 68 244 194 145 147 138 174 201 69 181 46
 333 277 186 88 223 26 272 61 79 292 230 87 149 332 292 338 252 252 204 206 187 45 308 326 236 273 177 186 129 88 207 165 171 232 327 103 71 1 325 293 124 141 202 166 100 309 210 335 312 132 243 263 184 196 111 144 252 119 233 29
 199 144 278 367 181 317 189 338 258 56 133 362 240 102 206 232 221 164 141 346 140 281 21 13 92 200 156 310 358 294 301 385 392 268 110 375 273 325 1 116 377 197 267 404 309 20 184 239 124 208 229 160 358 333 285 298 74 303 94 312
 294 227 316 357 237 293 266 285 215 65 63 354 264 43 288 324 288 234 92 250 133 253 119 127 96 276 170 344 284 234 203 303 310 323 215 369 263 293 116 1 379 204 311 413 313 102 234 330 222 214 122 235 383 367 217 218 107 314 118 289
 313 282 136 40 222 106 257 181 186 360 318 39 142 412 269 306 224 252 288 329 252 139 358 374 301 254 224 114 249 210 329 283 287 182 342 26 118 124 377 379 1 183 156 42 69 364 212 300 321 172 355 263 82 110 232 267 308 78 288 107
 202 139 120 171 92 127 143 176 103 178 148 166 64 233 167 215 136 118 118 262 72 99 178 196 119 148 42 144 225 153 236 261 268 145 187 179 79 141 197 204 183 1 122 213 115 183 80 214 172 12 219 127 181 166 160 192 127 112 106 122
 159 141 21 171 87 178 106 256 206 269 262 167 64 332 115 151 70 111 234 373 183 177 247 260 217 101 144 50 319 253 352 356 363 31 201 169 137 202 267 311 156 122 1 163 111 259 84 146 179 118 340 120 100 70 266 302 213 92 197 174
 320 298 143 80 239 147 268 222 226 390 353 80 165 445 276 308 232 268 323 371 284 180 384 400 332 263 253 115 289 252 371 323 327 184 358 65 155 166 404 413 42 213 163 1 101 392 231 301 337 203 395 278 69 103 274 308 337 103 317 148
 260 220 93 66 160 75 201 159 136 292 253 61 78 345 217 258 173 191 223 296 184 92 290 306 233 200 155 87 226 172 287 263 269 141 278 69 58 100 309 313 69 115 111 101 1 296 149 254 259 104 300 202 90 97 191 227 240 21 220 73
 203 143 269 353 174 301 188 320 241 39 115 348 229 93 206 235 217 160 123 327 123 265 19 28 74 198 142 301 340 276 283 366 374 263 117 361 258 309 20 102 364 183 259 392 296 1 176 242 128 194 212 157 348 324 266 280 58 290 78 296
 124 72 96 214 14 191 64 252 182 188 191 209 72 252 88 135 61 44 167 339 115 172 164 177 139 69 77 128 304 232 310 340 347 91 130 217 141 210 184 234 212 80 84 231 149 176 1 135 111 84 281 55 177 150 238 270 132 136 117 186
 43 104 166 316 123 313 74 382 316 270 304 311 187 333 49 10 84 106 286 472 238 301 224 227 242 67 206 188 437 366 441 473 480 119 133 314 265 335 239 330 300 214 146 301 254 242 135 1 116 217 403 100 234 200 372 404 225 235 220 309
 76 41 197 324 101 295 79 345 267 159 208 319 182 220 88 109 117 71 197 402 159 270 110 112 145 88 143 228 386 315 364 419 427 170 23 327 245 312 124 222 321 172 179 337 259 128 111 116 1 180 311 60 279 248 314 340 123 246 125 290
 207 147 114 160 97 117 148 169 99 189 157 155 57 244 171 218 138 124 127 261 83 91 189 207 130 152 53 137 220 150 237 257 264 142 196 168 68 132 208 214 172 12 118 203 104 194 84 217 180 1 224 134 171 159 157 191 138 102 118 112
 375 302 337 325 289 254 331 212 170 174 104 322 280 160 356 400 341 299 118 133 168 217 226 239 167 340 204 358 187 162 86 197 203 361 310 339 244 243 229 122 355 219 340 395 300 212 281 403 311 224 1 303 385 379 139 122 189 309 187 251
 77 21 137 267 43 244 32 302 229 179 205 262 125 244 55 98 63 12 186 377 139 223 142 151 144 42 110 169 350 278 344 385 393 113 82 269 194 263 160 235 263 127 120 278 202 157 55 100 60 134 303 1 219 189 281 311 129 188 122 239
 255 239 83 115 183 160 205 244 224 352 327 112 121 411 212 241 168 210 297 384 252 181 338 352 295 200 216 52 312 261 376 348 353 118 300 104 145 184 358 383 82 181 100 69 90 348 177 234 279 171 385 219 1 35 280 316 296 78 278 159
 221 209 55 138 155 171 173 255 225 331 313 134 104 392 178 207 136 180 284 390 235 185 313 326 276 167 198 24 323 266 377 360 365 84 270 130 147 196 333 367 110 166 70 103 97 324 150 200 248 159 379 189 35 1 284 320 275 80 257 169
 358 289 256 197 250 128 301 74 62 238 161 196 204 259 325 373 294 273 145 108 158 100 272 290 195 306 174 267 75 24 98 106 114 294 323 212 138 111 285 217 232 160 266 274 191 266 238 372 314 157 139 281 280 284 1 37 217 205 203 127
 387 317 292 231 282 162 332 98 97 249 169 230 239 260 356 404 327 302 158 72 182 136 288 305 212 338 202 304 68 57 65 88 95 329 347 246 174 144 298 218 267 192 302 308 227 280 270 404 340 191 122 311 316 320 37 1 235 242 223 162
 192 122 221 296 134 244 160 266 186 57 86 291 176 121 182 220 182 128 80 290 66 208 58 76 25 170 86 252 291 224 249 320 328 221 122 304 201 252 74 107 308 127 213 337 240 58 132 225 123 138 189 129 296 275 217 235 1 235 21 239
 243 207 73 82 146 94 185 177 148 289 255 77 66 344 199 240 155 177 225 311 183 107 283 299 230 183 151 68 244 187 300 281 287 122 266 83 69 119 303 314 78 112 92 103 21 290 136 235 246 102 309 188 78 80 205 242 235 1 216 91
 189 117 204 276 120 224 152 249 168 75 86 271 157 137 175 216 171 119 73 281 48 189 77 95 24 162 66 234 277 209 241 307 315 207 128 284 181 233 94 118 288 106 197 317 220 78 117 220 125 118 187 122 278 257 203 223 21 216 1 219
 308 255 158 74 199 6 247 87 82 283 227 72 123 327 267 312 226 229 198 227 175 37 295 312 225 248 160 158 154 105 224 191 197 205 306 89 46 29 312 289 107 122 174 148 73 296 186 309 290 112 251 239 159 169 127 162 239 91 219 1
LAMBDA_SECTION
1  23
2  49
3  23
4  57
5  50
6  53
7  17
8  28
9  42
10  58
11  36
12  35
13  45
14  39
15  54
16  49
17  35
18  30
19  17
20  36
21  17
22  58
23  41
24  37
25  49
26  41
27  38
28  24
29  15
30  47
31  40
32  24
33  37
34  55
35  28
36  34
37  49
38  31
39  48
40  38
41  36
42  31
43  59
44  28
45  55
46  15
47  18
48  37
49  30
50  27
51  58
52  33
53  32
54  39
55  17
56  21
57  28
58  40
59  38
60  35
