NAME : domp260p130v8
COMMENT : (Deleplanque et al.) 
TYPE : DOMP
DIMENSION : 260
DISPLAY_DATA_TYPE: NO_DISPLAY
OPEN_FACILITIES : 130
COST_SECTION
 1 292 205 249 54 19 255 132 221 187 339 31 164 119 244 215 68 28 379 256 48 33 73 283 323 104 368 263 337 319 309 230 84 253 365 364 214 72 228 176 231 95 251 332 235 361 131 70 34 81 293 407 208 161 437 157 79 409 237 315 206 358 327 320 118 89 331 108 8 226 73 104 280 207 222 90 231 219 62 130 111 266 113 225 154 54 363 306 216 169 234 369 308 295 259 277 431 73 352 282 79 80 276 441 158 213 268 372 66 353 356 227 298 255 245 146 124 239 199 244 371 260 129 352 203 96 229 210 17 246 245 319 194 256 156 312 60 347 245 415 271 378 149 363 236 328 215 319 415 390 142 278 235 420 196 316 269 301 334 153 309 14 312 146 257 297 41 120 341 193 319 204 358 177 212 244 370 150 190 259 403 320 192 207 338 384 114 234 141 159 61 297 164 327 198 229 316 278 392 365 318 192 145 264 325 187 123 279 312 167 90 342 164 367 195 375 352 333 279 307 388 322 177 203 284 199 378 157 200 230 258 300 299 182 108 385 342 338 101 230 114 48 358 123 295 189 122 113 145 41 338 187 23 309 188 379 270 305 119 363
 292 1 161 275 319 284 150 162 198 167 278 312 196 247 150 189 306 312 88 189 327 279 258 15 71 196 212 105 86 86 277 191 341 210 224 84 125 223 223 261 162 231 47 249 157 199 310 223 276 298 119 125 230 225 147 145 216 132 258 88 171 138 291 300 340 265 303 187 299 218 226 195 178 251 238 265 210 146 242 238 212 217 333 192 177 294 210 14 78 132 79 103 234 150 41 213 140 300 80 172 278 262 68 150 147 153 256 83 309 94 86 66 69 98 152 149 248 113 98 172 147 280 194 168 116 352 65 225 290 130 266 274 113 105 258 61 322 140 67 125 150 87 161 139 59 95 83 93 126 107 172 89 59 129 153 73 48 149 191 145 207 303 118 230 134 20 253 198 268 276 239 135 90 119 197 245 310 242 240 144 113 93 170 291 302 138 200 257 160 138 242 153 147 56 307 191 229 206 120 94 57 134 175 86 40 149 177 52 216 180 293 102 176 295 150 87 106 78 191 35 100 102 260 213 150 116 317 228 178 209 261 94 190 278 296 101 202 207 200 66 328 333 153 174 131 154 311 302 174 281 48 125 313 175 160 98 168 210 284 104
 205 161 1 121 251 189 52 110 258 18 375 211 217 233 41 247 251 213 227 61 251 210 141 162 148 158 344 214 158 137 360 43 280 70 351 197 37 143 68 103 236 114 118 352 234 332 288 151 207 253 97 282 274 72 277 146 136 291 103 233 12 288 378 380 300 138 388 141 208 63 135 156 278 91 80 231 272 214 144 231 190 297 293 255 53 180 341 170 123 142 84 190 331 91 155 88 284 250 240 79 236 222 105 297 150 10 111 215 252 252 183 120 211 203 41 99 107 201 89 43 299 337 185 306 53 294 128 271 211 222 112 363 152 69 105 143 257 284 95 275 67 227 163 290 134 245 139 134 278 223 169 212 125 271 16 224 174 98 314 134 313 218 253 83 56 152 169 86 369 298 340 191 184 92 39 93 410 92 271 56 263 134 15 317 390 295 93 101 145 89 146 93 161 163 323 257 332 86 280 253 151 40 177 86 173 28 95 186 321 204 254 156 41 399 19 216 166 157 81 153 228 133 278 258 80 164 418 241 228 57 112 230 297 294 266 219 325 327 160 108 291 252 298 100 253 22 284 273 64 175 191 58 220 291 202 257 67 313 264 182
 249 275 121 1 302 231 130 210 368 123 490 240 320 320 128 357 311 243 328 93 295 268 178 278 245 248 464 334 248 229 471 85 332 71 470 292 155 213 54 74 351 163 235 469 350 452 364 224 266 319 178 391 379 97 370 255 210 402 20 353 110 407 490 491 363 161 499 233 249 59 200 246 395 45 42 308 382 329 199 322 282 410 357 367 142 203 460 283 243 254 201 277 446 153 275 81 384 313 354 124 307 297 212 397 258 126 35 315 310 368 275 239 330 322 126 204 126 320 209 106 418 442 282 426 173 344 247 377 262 339 10 476 268 173 94 244 308 404 211 378 137 329 268 409 254 363 258 222 383 315 272 332 244 370 133 342 294 159 433 242 431 261 373 109 146 264 226 159 485 394 456 306 275 207 83 32 525 101 372 137 368 223 117 412 502 412 166 22 249 198 201 151 270 264 413 369 448 89 392 367 253 158 280 192 280 143 186 306 438 310 324 239 133 515 137 315 249 251 104 261 325 218 373 364 145 280 533 339 338 68 22 350 414 387 340 313 445 446 250 227 357 290 418 193 373 136 357 346 154 210 298 175 255 410 313 368 119 430 343 267
 54 319 251 302 1 72 301 164 212 234 320 72 160 103 290 209 26 68 406 305 18 43 126 309 358 124 364 273 373 357 287 280 31 303 358 396 256 111 279 229 231 145 282 318 235 358 90 105 47 44 335 426 191 213 465 176 118 427 289 328 254 366 305 295 68 142 306 134 55 277 117 125 276 259 274 71 219 223 110 116 116 253 63 217 200 105 358 333 242 190 270 404 294 340 283 327 456 35 370 330 55 67 312 464 176 258 320 401 23 369 390 255 314 267 291 180 177 248 232 292 379 234 135 354 242 44 255 195 42 252 298 299 212 297 209 347 7 353 279 438 316 405 164 371 261 341 238 357 437 421 154 290 262 445 241 332 290 346 331 176 301 43 321 198 301 326 84 166 324 164 305 213 392 209 262 296 348 203 171 304 427 358 239 176 314 395 160 286 161 193 108 342 179 359 162 222 304 328 409 383 351 234 154 303 354 231 163 298 302 169 55 379 211 347 240 404 389 369 328 338 417 361 152 191 329 214 356 144 197 281 311 312 293 153 72 416 337 332 121 261 65 30 364 161 300 234 80 73 190 93 366 226 54 306 192 399 317 296 87 399
 19 284 189 231 72 1 240 123 227 172 347 29 169 128 229 220 85 29 370 239 66 46 55 276 311 102 371 262 325 307 317 213 102 236 369 354 200 63 210 158 234 78 242 339 237 363 147 64 46 97 280 401 216 144 428 153 70 404 218 312 190 356 336 330 136 71 340 103 20 209 61 102 283 188 204 101 237 220 47 139 115 272 130 230 139 38 366 298 209 165 223 358 314 280 253 259 424 90 346 266 93 91 264 434 155 197 250 363 83 349 345 219 294 253 229 137 106 237 190 228 370 270 131 353 190 115 221 218 34 247 227 328 190 243 137 302 78 346 234 408 256 369 148 361 229 325 209 307 408 380 142 275 227 412 181 312 264 286 337 148 314 31 311 128 242 288 33 105 348 204 325 204 347 167 195 226 378 132 199 244 396 307 176 220 347 381 99 215 137 149 47 281 162 317 212 234 322 261 387 360 307 179 145 252 316 172 112 274 317 170 105 329 149 375 180 366 340 322 263 298 379 309 188 210 269 196 387 165 204 213 240 297 303 195 124 375 345 342 100 221 131 64 358 113 295 174 138 128 131 23 330 175 32 311 190 373 254 310 133 351
 255 150 52 130 301 240 1 152 285 69 396 261 252 275 12 274 300 263 199 40 301 259 192 155 116 201 351 225 121 101 384 50 329 62 361 164 54 192 82 140 259 164 116 370 256 339 333 199 256 300 53 262 306 116 244 180 185 273 115 232 53 285 402 406 348 187 412 185 259 77 185 199 295 117 98 277 300 237 195 272 232 321 341 282 103 230 349 156 138 173 85 152 350 41 157 66 255 298 227 34 283 268 84 268 183 44 108 186 300 242 148 129 211 215 12 138 155 218 111 26 295 368 224 310 76 343 138 303 261 239 121 386 176 46 146 114 306 285 91 249 17 200 198 287 142 242 156 95 253 188 206 219 132 241 61 220 176 48 324 169 330 268 257 129 17 136 219 137 388 336 358 215 148 123 65 99 430 136 306 8 238 96 65 354 414 286 143 115 183 126 196 43 193 135 362 283 350 59 264 240 123 74 214 64 151 72 142 187 338 237 301 115 92 418 62 186 126 123 46 132 197 92 315 289 30 188 438 279 256 66 114 233 313 332 312 185 336 339 204 115 338 302 298 146 262 68 330 319 112 226 169 89 271 303 231 240 24 330 308 143
 132 162 110 210 164 123 152 1 160 97 285 151 112 124 142 150 156 151 248 170 170 122 104 154 195 50 278 153 210 194 264 150 189 177 280 234 100 61 165 156 149 83 121 267 149 267 182 63 118 154 177 280 170 119 307 49 55 284 192 196 118 245 283 282 200 117 291 35 138 161 66 48 197 168 170 127 174 129 83 122 82 204 193 160 69 136 273 175 86 54 106 241 243 187 131 197 301 153 226 184 135 119 149 311 52 113 212 241 158 230 227 97 177 143 143 17 116 132 69 152 258 234 76 250 82 202 99 168 130 147 202 269 77 137 142 184 168 237 116 286 166 247 60 249 107 209 89 195 286 260 63 162 104 290 96 194 144 192 244 37 232 143 202 113 147 166 92 60 281 190 253 106 230 46 138 189 319 126 164 153 274 195 104 208 295 266 56 190 41 31 82 190 64 197 214 163 247 195 267 240 189 79 71 141 194 83 28 155 238 101 153 216 80 311 93 245 226 205 190 177 257 199 169 155 177 87 328 133 130 159 208 184 217 185 162 255 254 253 53 99 190 174 250 20 191 89 179 169 57 121 208 66 152 218 106 252 173 230 157 236
 221 198 258 368 212 227 285 160 1 249 127 251 59 110 278 12 188 248 270 314 227 191 241 184 265 136 153 102 281 275 104 300 217 327 147 280 234 185 321 315 39 232 191 114 44 148 153 176 189 172 287 259 37 278 323 114 184 254 350 154 268 172 123 124 194 260 132 146 228 316 198 137 66 327 327 142 15 54 212 97 113 47 189 8 227 258 148 208 152 116 207 301 89 309 160 343 302 179 207 318 158 147 238 307 111 258 367 271 192 197 284 165 152 104 280 165 270 87 176 294 183 85 100 149 211 224 158 30 208 72 360 110 111 252 300 253 211 158 208 282 295 267 102 177 157 163 135 281 277 299 100 122 166 297 243 166 152 312 121 127 90 224 132 272 275 215 200 217 125 88 100 72 288 167 292 345 160 284 54 283 273 281 256 98 135 207 212 348 121 172 209 313 99 253 118 12 97 339 235 215 252 220 93 243 236 231 186 152 92 62 162 295 237 154 240 276 301 274 330 231 286 288 79 24 303 99 169 70 31 312 364 135 82 94 153 293 126 121 136 179 183 239 164 179 106 238 160 156 215 239 238 202 240 98 57 235 308 85 136 301
 187 167 18 123 234 172 69 97 249 1 369 194 206 218 58 238 234 195 237 75 234 193 124 167 161 143 342 212 171 151 352 54 263 81 348 209 44 126 73 95 229 97 122 347 228 330 273 134 189 236 113 290 263 60 289 136 120 298 105 235 22 289 370 372 284 121 380 127 191 68 118 141 273 89 82 215 263 208 127 218 176 290 277 247 36 163 339 177 121 134 89 204 324 109 157 102 295 233 245 97 220 206 116 307 140 27 119 226 235 257 196 120 213 201 58 87 92 197 87 59 301 327 172 306 54 276 128 261 194 217 114 356 146 82 93 155 239 285 101 284 85 237 152 292 135 247 136 148 287 235 158 212 126 281 15 227 176 116 311 124 309 200 253 69 73 160 151 69 363 286 334 184 197 85 44 98 403 79 259 73 273 149 8 304 382 299 75 103 134 78 128 111 151 174 309 249 326 100 286 259 163 37 166 98 183 21 80 188 316 193 238 170 24 393 18 228 181 170 97 163 240 148 265 247 98 158 412 228 219 65 117 231 292 281 250 231 322 324 146 110 274 234 299 85 251 15 268 257 47 158 200 53 203 287 193 264 84 308 248 196
 339 278 375 490 320 347 396 285 127 369 1 369 183 222 390 136 294 366 325 429 336 308 366 266 349 261 107 177 363 363 36 417 317 443 89 348 347 310 441 440 140 358 288 33 142 114 241 300 306 277 387 285 132 402 365 237 309 275 472 202 386 182 27 44 283 385 38 271 346 436 323 263 103 450 449 253 114 162 337 210 236 81 280 126 350 380 103 284 259 237 313 374 47 413 249 457 337 285 250 427 267 261 334 336 234 374 486 331 298 232 357 268 213 186 392 288 396 179 289 409 186 93 225 141 325 320 260 130 325 159 481 22 225 357 425 338 317 169 310 317 403 322 227 186 256 203 241 370 310 359 226 191 267 336 361 219 234 415 101 250 73 340 169 396 383 297 322 342 15 160 40 186 361 285 411 466 36 409 151 393 311 369 375 155 31 217 337 469 245 293 334 417 222 331 176 123 50 452 258 251 334 337 219 345 310 350 311 227 63 188 266 379 359 29 358 336 382 355 441 312 343 378 169 139 409 212 44 183 156 431 485 188 89 171 251 354 94 85 261 283 274 349 165 303 149 357 251 252 339 361 305 319 357 107 179 271 419 69 234 377
 31 312 211 240 72 29 261 151 251 194 369 1 194 148 251 245 92 5 398 258 60 63 71 304 338 130 397 290 351 333 338 232 99 252 394 380 225 91 225 167 260 98 269 362 263 389 157 93 64 107 303 429 237 159 456 182 97 432 229 340 211 384 357 350 138 82 360 132 24 224 88 130 309 199 217 119 260 247 72 160 140 296 134 254 162 38 392 326 237 193 249 384 337 301 281 276 452 98 375 287 108 110 290 461 183 219 262 390 89 377 372 247 322 281 251 165 119 265 217 248 397 289 157 380 216 110 249 240 46 274 237 349 218 267 147 328 78 374 261 436 277 397 176 389 257 353 238 332 436 407 169 303 255 440 203 340 292 308 363 176 339 32 339 143 265 315 61 128 371 221 349 231 374 195 213 239 400 145 220 266 424 333 197 236 368 409 123 226 165 176 73 303 189 344 226 259 346 278 415 388 334 203 172 277 343 196 139 302 342 196 117 355 171 397 203 393 365 348 281 325 406 334 206 233 290 224 408 187 229 229 251 325 328 211 135 402 371 367 127 248 136 52 385 140 322 197 147 139 155 37 357 200 18 337 217 401 274 334 147 377
 164 196 217 320 160 169 252 112 59 206 183 194 1 62 243 52 138 191 278 276 175 135 184 183 255 79 206 121 271 261 157 259 170 286 202 279 199 128 276 263 71 177 175 172 76 199 119 118 133 124 263 281 59 227 334 73 127 279 303 177 226 208 177 174 156 203 184 91 171 272 141 81 118 278 281 91 70 66 155 49 55 105 150 62 180 200 201 208 132 81 182 296 147 281 156 304 319 130 226 285 107 94 219 325 69 219 322 276 142 220 279 146 168 117 245 120 216 97 145 257 221 123 43 195 177 179 141 58 152 95 313 165 88 225 246 243 160 196 186 299 264 275 55 214 143 189 118 265 296 301 50 140 150 311 202 185 154 285 172 84 146 168 164 220 243 209 142 165 182 86 158 65 283 130 248 300 216 232 55 251 288 265 213 104 189 240 159 300 73 130 152 284 61 248 115 66 154 301 260 237 244 181 41 220 235 190 136 159 149 17 116 283 190 210 199 281 291 265 294 225 292 272 67 46 273 81 225 33 38 269 319 159 136 85 111 296 179 175 79 158 144 186 205 128 141 196 123 116 167 181 241 164 184 147 39 255 274 142 96 294
 119 247 233 320 103 128 275 124 110 218 222 148 62 1 266 107 79 146 332 292 118 87 159 235 300 76 262 181 316 303 191 271 110 298 256 329 223 109 282 254 131 162 219 218 136 256 64 98 86 64 296 340 91 224 390 107 112 339 303 237 240 269 210 203 96 180 213 93 125 279 123 78 174 276 283 33 117 127 130 15 44 152 89 115 187 164 257 260 176 119 218 343 193 309 207 319 376 70 285 308 48 40 259 383 105 237 328 329 83 280 327 190 227 177 267 138 202 157 179 275 282 143 56 254 203 118 187 94 104 156 313 202 136 256 235 288 102 256 225 357 289 330 89 275 191 249 166 306 354 353 78 200 195 367 219 244 210 314 229 113 199 119 225 213 270 259 109 162 225 79 204 123 331 159 257 304 252 223 73 276 346 306 225 96 220 301 155 301 98 151 128 312 102 296 95 120 203 318 320 296 290 202 73 256 286 207 140 215 200 74 55 326 199 250 217 333 334 310 313 273 345 312 61 89 300 133 260 42 98 278 322 220 191 70 51 347 235 230 74 200 84 130 266 134 202 212 65 56 174 145 294 188 136 205 98 314 296 194 38 340
 244 150 41 128 290 229 12 142 278 58 390 251 243 266 1 267 289 252 203 41 290 248 181 154 121 191 348 221 127 107 378 45 319 61 357 170 46 181 77 132 253 154 113 365 250 336 323 189 245 290 61 264 298 106 250 171 174 275 111 231 43 284 395 399 337 177 406 175 248 72 174 189 290 111 93 266 293 231 184 263 223 314 330 275 92 219 345 157 133 165 81 159 345 52 155 69 260 287 228 43 273 258 85 273 175 33 108 191 290 243 154 125 209 210 3 129 145 213 104 23 294 360 215 308 68 332 133 295 251 233 118 380 169 46 138 118 295 283 89 253 27 204 189 286 138 241 150 102 257 194 197 215 128 246 50 219 174 58 321 160 325 257 255 119 21 137 208 126 383 327 353 209 154 114 57 97 424 127 297 17 242 103 55 345 407 286 132 111 174 117 185 53 184 139 353 276 345 63 266 241 127 65 205 65 154 62 131 185 333 229 291 122 81 412 52 191 133 129 52 134 202 100 306 281 40 181 433 270 249 62 113 231 308 323 301 191 332 335 194 111 327 291 297 135 258 58 319 308 102 215 172 80 260 299 223 242 32 325 298 150
 215 189 247 357 209 220 274 150 12 238 136 245 52 107 267 1 186 243 262 303 224 186 233 175 255 127 156 94 271 265 115 289 216 316 151 271 222 176 310 305 32 223 180 122 37 150 154 168 184 170 276 253 43 268 316 104 175 249 339 148 257 169 134 135 194 251 143 137 222 305 189 129 68 316 317 139 27 44 204 94 106 56 189 11 217 250 151 199 141 105 196 291 97 298 150 332 296 177 200 307 155 143 227 300 100 247 356 263 189 191 274 154 144 95 269 154 261 77 165 283 181 96 92 149 200 223 147 37 203 65 349 120 100 241 290 243 208 155 197 275 284 259 92 174 146 158 124 270 271 290 91 115 155 290 232 159 143 301 123 116 95 219 128 262 264 205 192 207 134 93 108 61 278 156 281 335 170 274 58 272 266 270 245 106 146 203 202 337 111 161 201 301 89 244 124 15 104 328 229 209 242 208 84 232 227 220 176 143 98 53 160 285 226 163 229 268 291 264 319 221 278 278 82 28 292 88 179 68 21 301 354 129 85 98 152 285 129 124 128 168 183 235 163 168 102 227 160 156 205 231 229 191 235 99 46 229 297 91 135 292
 68 306 251 311 26 85 300 156 188 234 294 92 138 79 289 186 1 88 393 307 43 44 135 295 348 112 340 254 364 349 262 282 36 307 334 384 252 109 285 239 209 151 271 293 213 334 67 101 47 18 331 410 166 219 451 162 116 409 298 309 255 345 279 270 53 154 281 124 71 282 118 113 253 268 281 48 194 202 115 93 98 229 47 193 200 121 335 319 230 175 261 394 269 337 268 330 441 10 353 329 32 47 304 449 161 257 327 388 5 351 380 243 296 248 289 172 186 229 223 292 358 208 117 332 236 48 242 170 52 231 307 274 197 291 219 337 24 333 271 423 315 391 147 350 248 322 224 350 421 409 138 272 250 431 239 314 274 343 307 163 277 61 300 205 298 314 87 167 298 139 280 194 382 200 265 303 322 211 146 302 411 350 240 150 289 375 161 295 147 186 112 340 162 349 138 199 280 330 391 366 341 230 136 296 342 229 159 282 278 148 30 371 211 322 238 392 381 359 330 327 404 354 127 167 327 198 330 120 175 285 319 292 269 128 47 404 313 308 108 250 47 56 342 156 278 232 56 49 189 107 353 220 75 283 172 382 317 271 62 390
 28 312 213 243 68 29 263 151 248 195 366 5 191 146 252 243 88 1 398 260 56 60 73 304 338 129 395 288 352 334 336 234 95 254 392 381 226 91 227 170 258 100 270 360 261 387 153 92 61 103 304 429 235 161 456 181 97 432 232 339 213 383 354 347 135 85 358 131 22 226 88 128 307 202 220 116 258 245 73 157 138 293 130 252 163 41 390 325 236 192 250 384 335 303 281 278 451 95 374 288 104 107 291 461 182 221 265 390 85 376 372 247 321 280 252 165 122 264 217 250 396 286 155 378 217 106 249 238 43 272 240 346 217 268 150 328 74 372 262 436 279 397 174 388 256 352 237 333 436 407 168 302 255 440 205 340 292 310 361 175 337 29 338 146 266 315 61 129 368 218 346 230 374 195 215 241 397 147 217 267 424 334 199 232 365 408 124 229 164 176 73 305 188 344 223 257 344 280 415 388 334 204 171 278 343 197 139 302 339 194 113 355 173 394 205 393 366 349 283 325 406 335 203 230 292 223 405 185 227 232 254 324 326 208 132 403 369 365 126 249 132 49 384 140 320 198 143 135 156 39 357 201 15 335 215 401 276 332 144 378
 379 88 227 328 406 370 199 248 270 237 325 398 278 332 203 262 393 398 1 236 414 366 340 99 84 283 236 170 84 101 331 247 427 258 253 41 194 309 279 329 232 313 129 293 227 224 394 309 363 385 152 73 304 296 60 232 302 87 313 125 236 151 342 354 426 346 355 274 385 274 311 282 234 313 295 351 279 221 327 321 298 278 419 263 254 378 237 75 165 219 154 68 284 181 126 255 58 387 77 209 365 348 123 71 233 218 303 15 395 96 59 153 120 168 205 234 324 186 182 224 153 346 279 191 192 439 152 298 377 199 319 325 198 160 330 86 409 160 142 51 192 4 247 149 146 122 170 109 57 37 257 149 145 45 223 109 124 177 226 232 254 389 157 304 184 84 340 280 312 353 287 214 62 204 258 297 352 315 317 192 42 108 239 366 352 128 282 313 247 223 327 184 233 65 384 261 277 247 88 79 77 209 261 142 56 223 261 121 263 262 379 98 251 335 221 17 92 79 231 76 19 115 338 288 187 200 358 309 255 264 311 142 240 356 381 33 236 244 287 150 414 420 169 259 180 226 396 387 254 365 42 204 399 219 240 64 211 259 369 77
 256 189 61 93 305 239 40 170 314 75 429 258 276 292 41 303 307 260 236 1 303 265 188 194 153 217 388 261 156 137 415 27 335 23 397 200 82 199 49 116 290 163 154 404 288 376 347 208 262 310 86 300 332 102 279 205 193 311 79 271 54 324 433 436 357 179 443 201 259 46 190 215 329 87 66 290 329 268 197 291 250 352 350 311 109 224 386 195 172 200 121 185 383 63 195 30 292 306 266 36 294 280 123 305 208 58 69 223 307 282 183 164 249 250 39 158 143 252 141 21 334 395 244 348 104 348 173 329 264 272 84 417 206 85 127 152 311 323 129 287 45 237 222 326 178 281 189 130 291 223 228 255 168 278 75 259 214 69 361 193 364 269 295 117 56 175 222 141 422 358 392 246 183 149 47 62 463 121 330 47 276 131 69 376 445 325 147 80 205 148 198 62 218 173 382 313 384 26 303 279 161 96 236 104 189 88 154 225 372 262 312 148 97 451 78 223 158 159 24 171 233 126 337 315 53 219 471 300 284 36 76 271 347 354 324 221 372 375 220 151 348 302 337 160 298 82 342 331 121 223 207 114 269 339 259 278 28 364 323 176
 48 327 251 295 18 66 301 170 227 234 336 60 175 118 290 224 43 56 414 303 1 49 120 317 363 133 379 286 378 361 304 278 40 300 373 402 258 113 275 222 245 142 288 334 249 372 107 109 53 61 338 437 207 209 473 186 120 438 283 340 253 378 321 312 81 135 323 141 47 273 117 133 291 253 269 86 234 236 108 132 128 269 77 232 200 95 373 341 250 199 274 409 310 340 292 324 465 52 381 329 71 82 317 474 185 259 315 408 39 380 396 263 325 279 291 185 171 260 238 291 392 251 147 368 245 51 263 211 41 265 291 316 222 299 202 352 22 367 285 448 317 413 174 384 269 353 247 361 446 428 165 302 270 454 241 343 300 347 345 184 316 36 333 193 302 333 84 166 340 181 321 225 398 215 259 291 365 197 187 305 436 362 239 192 331 407 159 280 170 198 107 343 189 366 179 237 320 325 420 394 357 236 166 306 362 232 166 308 318 182 72 383 211 364 241 412 393 374 327 345 425 365 169 206 330 225 372 159 212 278 305 323 308 170 89 423 352 347 129 267 80 14 377 165 313 234 96 90 190 86 374 229 42 321 205 409 317 311 104 404
 33 279 210 268 43 46 259 122 191 193 308 63 135 87 248 186 44 60 366 265 49 1 92 269 316 85 340 240 331 314 277 240 71 264 336 354 214 68 241 196 204 108 240 302 208 333 102 62 5 53 293 389 176 176 425 138 75 391 254 294 213 334 295 288 97 112 299 93 39 239 76 85 252 224 238 57 200 193 71 98 84 235 90 195 158 83 335 293 202 151 227 362 277 298 244 287 417 47 333 288 48 48 270 426 138 217 284 360 44 333 348 215 278 233 249 137 143 215 190 251 347 228 103 326 200 85 215 179 18 221 263 288 175 254 176 305 48 323 237 400 274 365 128 339 221 307 199 315 399 380 119 256 222 406 199 296 252 304 306 136 280 34 289 162 259 285 44 125 310 160 288 180 351 167 222 260 338 168 158 262 388 315 198 175 306 362 119 251 122 151 69 300 142 318 167 200 286 288 373 346 309 191 120 260 314 189 121 261 282 140 61 337 170 335 198 364 347 326 288 297 376 318 145 172 287 178 346 126 172 242 275 278 270 150 79 375 314 309 81 219 90 56 334 119 270 192 93 84 148 67 326 183 50 281 162 361 276 275 88 357
 73 258 141 178 126 55 192 104 241 124 366 71 184 159 181 233 135 73 340 188 120 92 1 251 274 107 375 255 287 268 339 161 156 182 375 319 158 57 156 105 240 29 213 353 242 365 192 67 90 145 235 379 238 90 397 146 59 384 165 299 141 348 359 355 187 22 365 99 74 155 45 105 290 135 150 139 253 223 31 166 132 287 181 243 94 40 370 270 186 155 188 320 328 232 231 206 396 138 327 216 135 128 227 407 149 150 196 331 134 332 309 194 279 245 181 113 52 232 160 177 361 298 142 351 152 168 198 239 85 245 173 348 179 200 85 265 132 339 200 382 207 340 148 352 206 312 191 266 383 346 145 265 202 383 135 296 245 239 341 137 324 85 304 74 196 258 53 62 365 237 339 203 311 141 142 172 399 78 225 196 370 267 128 254 370 368 59 162 132 121 33 233 158 283 250 247 335 208 368 341 272 138 151 212 285 128 83 257 328 180 151 289 102 393 135 334 299 285 211 266 347 268 218 228 220 188 408 190 214 160 186 287 310 229 168 341 350 348 106 193 181 117 352 87 291 129 184 174 89 36 300 138 83 315 195 351 204 320 174 313
 283 15 162 278 309 276 155 154 184 167 266 304 183 235 154 175 295 304 99 194 317 269 251 1 84 186 202 91 99 98 263 195 329 214 214 98 126 214 226 260 148 226 45 236 143 189 297 214 266 287 128 129 216 223 158 134 208 135 261 79 172 132 278 286 328 260 290 177 290 220 218 185 165 252 240 254 196 132 235 225 200 203 321 178 173 287 200 26 69 121 79 117 221 158 28 219 149 289 80 179 267 250 76 159 135 155 261 95 298 91 101 58 59 85 156 141 244 99 92 176 141 266 182 159 114 341 56 211 280 116 269 261 100 110 256 73 311 132 68 133 156 97 149 133 49 88 72 105 133 120 160 76 51 138 153 66 34 158 179 134 195 294 107 228 139 33 245 193 255 262 226 121 104 112 198 248 297 240 226 149 121 105 170 277 289 134 194 260 149 131 234 162 135 70 293 177 217 212 121 94 70 132 163 93 54 148 170 39 204 167 282 115 173 283 150 100 119 92 198 49 112 114 246 199 157 103 305 215 164 212 265 84 178 264 283 114 190 196 189 61 316 324 145 167 119 153 299 290 170 273 60 122 304 162 146 102 175 197 272 118
 323 71 148 245 358 311 116 195 265 161 349 338 255 300 121 255 348 338 84 153 363 316 274 84 1 238 278 175 17 19 347 165 382 175 292 50 120 252 197 250 230 246 82 319 225 266 362 255 312 344 69 151 295 219 130 194 245 163 230 154 156 199 361 370 388 277 374 226 328 192 251 237 248 231 213 313 277 212 266 292 260 286 381 259 183 313 277 67 125 181 90 47 304 99 106 172 140 344 128 127 324 307 49 153 196 139 219 71 351 147 36 111 138 168 123 179 251 181 127 141 206 348 244 233 123 395 115 290 324 199 236 344 168 81 252 13 362 203 79 135 109 85 212 199 112 159 138 28 139 75 222 159 106 126 147 138 117 96 259 189 277 334 186 229 102 53 283 213 338 338 309 197 37 150 177 214 380 239 303 109 124 27 161 354 372 189 217 230 205 166 266 102 200 23 368 258 300 164 158 138 16 138 227 65 46 150 201 122 286 238 340 32 178 365 145 71 37 12 148 37 82 36 320 277 104 175 387 286 242 182 227 163 261 339 346 72 270 276 241 101 377 367 215 200 201 151 362 352 186 303 61 138 342 244 222 132 128 280 336 42
 104 196 158 248 124 102 201 50 136 143 261 130 79 76 191 127 112 129 283 217 133 85 107 186 238 1 272 161 253 239 236 196 146 223 271 273 149 50 208 187 136 98 160 248 138 263 133 42 81 107 225 306 136 153 342 54 49 307 231 212 164 255 255 252 153 125 262 17 111 204 63 3 186 205 210 78 148 120 78 76 35 182 146 137 112 127 267 210 119 67 152 283 223 236 160 244 333 107 250 233 88 71 194 342 55 162 254 278 114 251 269 133 195 152 192 65 138 136 112 200 268 198 38 252 131 159 132 136 98 145 241 244 91 185 169 226 127 245 160 316 215 282 47 260 138 225 115 240 315 299 41 175 139 323 144 213 168 241 238 53 218 112 210 144 197 204 71 90 260 146 234 103 272 90 182 231 294 155 126 202 304 241 150 165 267 281 84 229 38 78 75 239 60 238 168 141 229 242 290 263 230 128 46 188 232 132 66 177 223 75 105 261 124 288 142 282 271 249 238 216 294 245 126 124 226 96 303 92 109 204 249 197 206 141 113 294 247 244 5 139 142 140 256 59 193 137 131 120 99 109 243 115 126 212 91 278 221 215 108 279
 368 212 344 464 364 371 351 278 153 342 107 397 206 262 348 156 340 395 236 388 379 340 375 202 278 272 1 131 290 295 130 383 369 406 19 266 311 320 411 427 138 359 236 78 135 14 301 313 338 324 329 186 180 387 269 231 317 174 445 125 355 86 132 148 344 391 144 277 375 406 332 273 89 429 422 294 148 153 348 249 258 118 339 148 333 398 6 213 222 224 268 294 88 359 195 416 239 331 161 378 309 298 277 236 228 340 452 245 344 142 279 226 144 142 350 275 392 148 256 369 87 175 241 47 291 376 218 174 357 132 454 118 203 308 416 270 363 78 261 219 355 233 228 89 212 121 207 303 212 272 232 134 222 240 331 141 176 359 35 241 67 373 96 386 336 230 341 335 93 226 82 173 283 261 382 435 124 399 201 346 216 302 347 228 137 116 332 444 244 275 346 362 218 258 250 143 75 409 160 159 264 306 227 292 235 322 304 166 70 202 314 307 338 107 328 250 308 283 396 243 254 312 225 175 357 192 128 222 169 399 454 120 72 235 304 268 28 35 274 239 333 390 68 297 92 329 309 307 324 380 226 290 389 61 182 177 372 73 287 299
 263 105 214 334 273 262 225 153 102 212 177 290 121 181 221 94 254 288 170 261 286 240 255 91 175 161 131 1 190 188 173 254 288 278 138 182 181 204 281 297 64 236 113 148 58 120 238 200 237 242 211 162 136 258 223 111 200 159 315 58 225 95 188 196 275 269 200 161 270 276 213 161 75 299 292 208 111 56 231 168 159 113 269 95 203 283 128 112 92 101 141 205 131 238 73 289 203 246 108 254 223 208 159 208 109 210 323 172 257 101 188 97 51 12 223 148 266 26 126 241 109 179 139 98 162 297 89 130 255 30 324 171 77 184 287 164 274 85 136 183 231 167 115 100 84 69 77 195 179 199 122 22 94 196 201 67 58 240 101 119 107 271 50 257 211 123 230 209 167 186 138 61 192 131 252 306 210 271 150 221 173 194 217 199 199 123 207 313 126 146 229 242 101 159 217 92 129 283 140 118 160 176 121 170 140 192 178 54 116 108 234 205 209 196 198 177 209 182 271 139 186 203 174 120 235 68 217 150 90 270 324 40 90 191 230 194 112 115 163 111 263 295 98 172 40 198 242 236 195 266 139 160 285 79 84 137 247 109 215 207
 337 86 158 248 373 325 121 210 281 171 363 351 271 316 127 271 364 352 84 156 378 331 287 99 17 253 290 190 1 21 362 170 398 178 304 45 131 266 202 257 245 259 98 332 241 277 378 270 327 359 71 154 311 228 124 210 259 167 234 167 165 210 376 385 404 288 388 241 342 197 265 252 263 237 218 329 293 228 280 308 276 302 397 275 195 326 289 80 142 197 104 34 318 99 122 173 137 359 137 127 340 323 62 150 212 148 221 70 366 156 28 127 151 183 129 194 262 197 142 146 216 364 260 245 136 410 131 306 338 215 239 359 184 90 261 29 377 215 94 134 112 86 228 209 129 170 154 27 140 68 238 173 122 123 158 150 133 94 272 205 291 349 199 239 108 68 297 226 352 354 324 214 28 165 183 218 394 248 319 114 125 26 171 370 387 197 230 234 221 180 280 101 216 33 385 274 314 165 164 146 30 150 244 76 56 161 214 137 300 255 356 18 189 379 156 69 21 9 148 52 78 32 337 293 105 191 401 303 258 187 230 177 275 355 361 65 283 289 257 117 393 382 226 214 215 162 378 368 199 316 68 152 356 258 238 138 130 295 352 27
 319 86 137 229 357 307 101 194 275 151 363 333 261 303 107 265 349 334 101 137 361 314 268 98 19 239 295 188 21 1 359 150 382 159 308 64 111 249 182 237 240 240 87 333 236 282 366 253 311 345 52 169 304 208 144 197 242 181 215 170 144 217 375 383 390 269 387 226 325 177 248 237 262 217 198 315 288 222 262 296 263 298 383 269 176 307 294 83 131 185 88 54 318 81 117 154 156 344 146 109 325 309 46 169 200 128 203 88 350 165 48 116 153 180 109 178 242 192 127 126 224 358 248 250 118 395 121 299 321 211 220 357 174 70 241 26 361 220 80 152 93 103 216 217 120 176 144 10 157 88 226 173 112 142 138 155 130 78 275 191 291 331 202 219 88 67 280 207 352 345 323 206 48 149 163 198 394 228 310 94 142 9 151 362 386 207 211 215 208 164 262 84 204 42 375 269 314 147 177 157 33 131 232 57 64 141 197 136 301 245 342 24 169 380 136 87 33 23 130 53 97 18 327 286 86 182 402 292 251 167 211 179 275 345 348 85 286 292 242 105 379 365 233 197 216 142 365 355 180 298 79 134 338 259 229 151 111 294 340 46
 309 277 360 471 287 317 384 264 104 352 36 338 157 191 378 115 262 336 331 415 304 277 339 263 347 236 130 173 362 359 1 402 283 428 114 351 334 283 424 418 126 333 280 53 129 134 207 274 276 244 379 299 103 381 375 217 283 289 453 207 370 196 20 24 248 359 29 247 315 419 297 238 100 430 431 222 90 148 310 180 209 64 246 106 331 351 126 283 248 219 302 375 49 404 244 444 349 253 258 416 235 230 328 349 214 359 469 336 266 242 359 258 215 180 379 268 372 171 275 395 202 58 199 158 311 286 250 102 294 150 463 15 210 347 402 335 284 182 301 328 393 328 205 201 248 210 230 366 322 364 203 190 258 347 345 223 230 406 116 230 79 309 175 374 372 295 294 320 45 126 51 170 363 268 394 448 62 387 120 381 322 366 358 120 32 232 315 451 224 274 307 408 203 331 141 103 60 439 272 261 332 321 195 336 311 333 289 226 71 165 233 377 340 62 342 341 381 354 429 311 349 374 136 113 399 197 70 153 135 415 467 191 92 137 218 359 112 102 236 273 240 316 181 282 152 340 217 218 319 332 307 303 326 114 160 281 407 74 201 378
 230 191 43 85 280 213 50 150 300 54 417 232 259 271 45 289 282 234 247 27 278 240 161 195 165 196 383 254 170 150 402 1 309 28 391 213 74 175 33 93 278 137 152 394 276 371 324 184 237 286 102 308 316 76 293 188 169 318 68 269 34 323 420 423 333 153 430 180 233 28 165 194 319 68 49 267 314 256 171 271 229 339 326 297 86 197 380 199 163 185 118 201 372 83 192 49 304 282 270 60 270 257 129 317 192 45 70 235 283 284 197 158 247 243 43 140 117 242 130 25 334 379 225 345 94 323 167 313 239 263 75 405 194 89 102 162 285 321 128 297 61 248 204 325 173 280 180 145 301 237 210 251 163 290 58 259 211 90 354 176 355 243 291 91 64 180 197 116 411 339 381 233 197 134 20 54 452 95 312 57 286 146 47 357 432 328 123 67 187 130 173 83 203 183 362 300 374 49 309 283 171 82 218 109 197 70 132 223 362 246 288 164 74 441 61 235 175 172 51 178 246 142 318 299 73 206 460 282 270 18 72 268 338 334 301 234 365 368 198 145 324 276 335 138 293 63 319 308 98 196 215 100 243 331 244 285 49 355 300 192
 84 341 280 332 31 102 329 189 217 263 317 99 170 110 319 216 36 95 427 335 40 71 156 329 382 146 369 288 398 382 283 309 1 333 362 419 284 139 309 259 240 175 305 318 245 364 78 132 75 47 363 444 192 243 486 196 146 444 319 343 283 378 300 289 45 172 300 158 84 307 146 147 282 289 304 81 222 235 140 123 132 256 43 223 229 133 364 354 264 210 295 428 295 368 303 357 476 42 388 359 66 81 337 484 196 287 350 423 33 385 414 278 330 282 319 205 207 263 256 321 391 228 152 363 269 14 277 197 72 264 328 296 232 324 238 371 25 365 304 457 345 426 182 383 283 356 259 383 456 444 172 306 284 466 269 349 309 374 337 197 305 73 333 228 329 349 113 195 322 158 306 228 416 234 291 326 343 233 172 332 446 383 268 167 309 409 189 316 182 219 138 370 197 383 151 228 306 357 425 400 375 261 171 329 377 259 190 316 305 181 56 405 240 344 268 426 414 393 358 361 439 387 150 195 357 232 351 149 207 311 341 326 299 147 67 439 343 336 143 284 47 50 375 188 311 262 68 66 218 123 387 252 81 313 205 416 346 299 85 423
 253 210 70 71 303 236 62 177 327 81 443 252 286 298 61 316 307 254 258 23 300 264 182 214 175 223 406 278 178 159 428 28 333 1 415 222 98 200 32 101 304 159 173 420 303 394 350 210 261 311 108 322 343 94 300 215 195 333 58 290 61 344 447 449 358 172 457 207 255 31 190 221 345 70 47 293 341 282 195 298 256 366 351 324 112 217 404 216 188 212 140 207 398 83 214 25 314 307 288 55 296 283 144 327 219 71 48 245 307 303 205 182 269 267 59 167 135 268 156 39 354 406 252 367 119 346 190 340 262 288 62 432 220 106 115 174 309 343 148 309 67 259 232 346 196 301 205 152 313 245 238 274 186 300 85 279 233 90 378 203 380 265 314 110 77 196 221 141 437 366 407 259 205 161 43 40 478 111 339 68 298 153 75 384 459 346 148 59 214 158 196 82 230 195 389 326 399 28 325 300 183 108 246 125 211 97 159 244 388 273 314 170 100 467 88 245 179 181 38 192 255 148 345 327 75 233 486 309 297 24 54 290 363 361 327 242 389 392 225 168 349 298 356 165 316 90 345 334 125 218 229 126 264 356 271 300 49 380 327 197
 365 224 351 470 358 369 361 280 147 348 89 394 202 256 357 151 334 392 253 397 373 336 375 214 292 271 19 138 304 308 114 391 362 415 1 281 318 320 418 431 136 361 246 62 134 29 293 313 334 318 341 204 171 392 286 232 317 192 452 139 362 103 114 131 335 392 126 277 372 413 332 272 87 435 429 288 141 154 348 243 255 108 331 142 337 397 17 226 229 227 277 309 74 370 205 425 256 325 177 388 304 293 288 254 229 347 460 261 338 158 294 234 156 149 359 278 395 153 263 378 104 161 239 62 299 368 226 166 353 135 461 101 207 318 419 283 357 93 271 237 365 249 228 106 220 135 213 316 229 288 231 143 230 257 338 155 186 370 38 244 58 369 108 390 346 243 340 338 75 215 67 175 298 266 389 443 106 403 192 356 233 316 354 216 119 134 335 450 245 279 345 374 219 272 239 137 62 419 177 175 277 313 226 302 249 328 307 177 59 200 307 321 344 89 334 266 322 297 406 256 271 325 216 168 368 195 110 215 166 407 461 131 67 225 296 284 27 28 273 248 325 385 85 299 100 335 301 299 328 379 240 296 385 63 181 194 382 64 279 314
 364 84 197 292 396 354 164 234 280 209 348 380 279 329 170 271 384 381 41 200 402 354 319 98 50 273 266 182 45 64 351 213 419 222 281 1 167 293 245 298 243 291 115 316 237 254 392 295 351 378 115 113 313 267 82 225 286 127 278 147 205 182 363 374 421 323 376 263 369 240 294 272 252 279 261 346 291 228 309 320 292 294 414 273 229 357 266 73 156 212 132 30 305 143 125 217 93 379 107 171 358 341 94 106 227 188 265 27 387 126 19 142 137 178 171 219 298 194 166 189 186 360 275 220 168 431 144 307 363 210 283 346 195 129 301 56 399 189 120 91 156 44 242 181 139 148 165 71 97 28 253 163 136 79 195 130 129 138 252 223 276 375 180 276 150 72 324 258 336 359 309 218 22 188 225 261 377 287 323 157 82 70 210 374 374 164 261 278 238 206 309 145 229 38 390 272 299 209 126 113 48 184 257 112 45 196 243 129 286 263 374 58 225 361 193 25 52 42 193 58 34 77 343 295 149 199 383 311 261 230 274 161 261 361 377 23 262 270 277 136 409 407 200 242 200 199 393 384 231 347 44 182 384 242 243 101 174 280 366 37
 214 125 37 155 256 200 54 100 234 44 347 225 199 223 46 222 252 226 194 82 258 214 158 126 120 149 311 181 131 111 334 74 284 98 318 167 1 146 103 137 209 130 82 323 207 298 282 153 210 252 81 247 253 103 247 127 139 256 137 198 48 252 352 355 299 159 362 134 219 97 142 148 248 127 115 226 248 187 154 220 180 271 291 230 65 197 307 135 91 120 48 164 302 87 120 111 252 250 204 87 233 218 74 264 130 31 143 183 253 216 155 86 176 170 48 86 132 171 60 62 263 315 171 272 23 297 94 250 218 191 146 336 125 44 136 112 261 249 59 241 67 195 145 255 100 209 108 109 244 193 153 178 90 238 30 188 139 93 282 116 283 226 219 111 48 117 175 98 341 282 311 164 156 69 74 126 382 122 252 54 230 110 46 300 364 259 102 136 129 73 155 90 140 132 309 232 302 107 244 218 120 23 160 56 140 31 94 151 291 184 251 132 59 370 27 185 143 129 97 120 197 111 262 236 78 137 390 225 204 90 145 196 266 279 261 189 293 295 153 73 288 260 263 97 220 33 279 268 71 189 158 36 231 259 179 222 77 283 256 156
 72 223 143 213 111 63 192 61 185 126 310 91 128 109 181 176 109 91 309 199 113 68 57 214 252 50 320 204 266 249 283 175 139 200 320 293 146 1 180 146 185 54 181 297 187 311 153 12 65 112 226 340 182 118 367 95 8 343 198 252 147 298 303 299 159 77 309 45 77 177 15 49 235 169 179 96 197 168 29 114 77 231 152 186 92 80 316 236 147 105 163 298 272 230 191 223 362 108 285 221 97 85 205 372 96 149 225 302 110 288 286 157 233 195 182 76 94 180 128 184 312 243 86 298 133 152 159 183 73 192 207 292 130 188 127 242 115 289 174 346 207 308 93 303 167 265 148 250 346 319 89 216 165 350 132 251 203 237 286 88 268 83 254 106 191 226 32 60 309 186 283 149 288 106 158 201 343 115 170 195 334 250 132 203 314 321 53 195 79 88 26 233 105 256 202 190 279 223 326 299 247 124 95 195 255 121 54 213 272 124 115 272 103 337 131 305 282 263 222 237 318 253 166 172 220 137 351 135 158 179 218 238 255 178 129 314 295 293 49 160 150 116 301 53 239 125 147 136 81 63 268 117 92 260 140 311 209 264 131 293
 228 223 68 54 279 210 82 165 321 73 441 225 276 282 77 310 285 227 279 49 275 241 156 226 197 208 411 281 202 182 424 33 309 32 418 245 103 180 1 70 302 135 183 419 300 399 331 190 238 290 132 340 334 67 324 208 175 350 36 300 57 354 442 444 336 144 452 192 229 6 169 206 344 39 18 274 335 280 171 283 242 362 329 319 98 189 408 231 190 206 148 232 396 111 222 54 336 285 302 84 276 264 161 349 211 73 48 266 284 316 229 187 278 270 75 157 107 268 157 56 365 398 240 374 121 322 195 332 238 288 44 428 218 122 84 194 285 351 158 329 91 280 223 356 201 311 206 176 333 268 227 279 192 322 82 289 241 117 382 195 380 240 320 83 96 212 198 122 435 353 406 256 228 157 31 26 475 82 328 89 318 177 67 371 454 359 129 36 204 150 173 110 222 215 375 321 398 59 341 315 203 107 235 141 229 92 144 253 387 264 294 195 87 465 85 267 205 204 68 210 277 172 332 318 101 230 484 297 290 16 45 297 363 348 308 266 393 394 210 175 328 272 365 151 320 85 326 315 111 191 247 124 238 358 265 317 76 380 309 222
