NAME : domp300p150v6
COMMENT : (Deleplanque et al.) 
TYPE : DOMP
DIMENSION : 300
DISPLAY_DATA_TYPE: NO_DISPLAY
OPEN_FACILITIES : 150
COST_SECTION
 1 180 61 340 240 339 360 386 476 133 263 268 337 131 109 154 397 287 224 303 368 215 355 433 185 237 371 442 399 221 317 401 287 391 346 245 80 175 319 302 340 284 417 133 299 312 276 355 130 44 326 301 392 402 358 418 409 419 387 392 209 316 334 39 202 138 436 523 505 358 381 243 181 311 291 485 329 483 351 330 176 389 109 359 323 500 209 432 448 307 352 253 311 203 230 72 123 194 235 394 228 397 412 410 294 350 144 328 197 294 263 291 371 401 315 352 166 288 341 174 125 292 282 370 236 204 190 305 302 97 255 216 336 494 180 210 460 101 236 296 470 124 334 262 387 309 316 286 241 412 329 314 224 301 327 314 242 333 367 507 366 350 120 236 478 388 384 220 339 404 190 281 107 327 256 209 148 264 250 429 198 231 213 141 153 261 472 40 309 312 247 311 71 478 356 268 161 198 264 365 358 245 323 460 305 358 381 221 204 238 389 13 278 21 307 377 165 356 451 127 261 379 374 293 294 132 266 317 117 305 420 414 228 118 169 278 284 80 162 234 174 372 526 201 192 395 123 466 281 137 351 171 269 158 196 367 453 357 386 111 331 264 348 362 232 268 334 444 179 458 518 36 330 286 388 336 366 371 173 161 119 328 48 328 331 285 359 341 408 392 96 163 155 298 450 25 137 365 247 74
 180 1 164 243 67 226 272 211 301 51 157 174 167 52 166 50 251 113 156 126 262 63 186 255 14 178 294 273 259 80 175 225 122 251 232 103 115 133 140 175 243 182 243 108 122 213 162 244 143 175 155 159 315 223 179 239 230 240 257 275 76 220 217 190 136 43 257 344 327 179 203 96 17 177 146 308 231 306 231 261 159 294 73 226 221 321 46 267 276 195 177 163 212 108 183 142 95 61 57 223 126 219 244 236 137 220 44 168 35 116 182 137 239 223 139 195 41 113 180 66 149 113 105 294 178 34 17 136 127 150 146 128 269 315 34 94 290 146 109 160 295 151 181 154 230 166 137 133 78 244 231 165 153 241 154 150 81 263 219 328 197 173 157 104 302 223 292 84 170 239 111 192 115 154 168 139 123 118 173 251 154 110 37 60 93 90 293 151 209 155 79 147 165 299 225 94 25 141 162 256 202 115 145 283 175 223 259 61 90 120 233 175 152 195 146 219 54 236 272 159 82 247 225 153 125 131 90 224 86 195 252 250 103 146 62 161 177 142 131 186 156 194 348 39 78 237 92 287 167 125 222 100 198 59 94 204 274 267 208 82 226 203 229 206 120 166 163 265 9 279 340 163 185 222 232 187 254 226 108 127 109 215 137 152 158 131 181 164 229 252 142 73 43 121 275 193 44 195 70 125
 61 164 1 363 213 287 304 374 446 114 213 289 330 113 49 155 352 259 169 278 314 213 349 416 165 181 313 406 352 184 274 372 282 344 364 249 51 202 297 314 363 303 406 86 284 334 227 374 73 20 295 258 334 383 333 395 385 394 338 340 213 262 351 36 226 123 411 497 478 337 358 205 170 265 250 457 352 455 301 272 118 333 95 370 270 473 202 393 414 324 322 201 333 219 173 24 82 159 220 360 180 372 407 379 257 362 140 327 171 271 208 292 383 384 287 312 138 276 339 137 67 269 257 312 180 194 169 298 273 39 206 167 277 472 154 167 425 44 244 252 439 66 293 279 346 266 295 247 210 377 352 272 170 243 317 278 210 275 323 481 360 336 61 195 448 351 328 224 306 400 141 227 61 296 203 233 95 267 275 413 142 241 200 144 109 252 453 31 256 312 217 276 11 454 308 257 151 224 283 311 318 202 307 432 259 310 330 216 162 193 348 69 231 57 305 377 133 372 428 67 240 330 330 249 262 164 241 262 83 323 384 376 186 60 174 292 302 28 108 177 116 348 499 194 152 354 139 445 296 84 303 189 213 162 152 364 433 301 361 118 277 207 364 321 186 217 302 422 161 439 490 84 335 228 390 340 313 377 124 108 73 277 44 299 301 246 343 316 388 346 41 124 129 283 420 50 125 358 223 40
 340 243 363 1 267 442 496 216 379 274 387 75 179 273 387 219 427 280 397 265 477 183 177 270 254 419 522 392 442 310 373 328 167 436 35 146 321 166 251 79 2 63 228 343 217 32 387 31 375 364 305 363 542 263 281 296 297 307 452 480 168 446 44 371 139 264 321 383 380 256 285 316 228 384 349 375 13 370 440 495 399 512 279 75 443 369 201 402 381 51 306 399 32 147 425 348 325 301 222 349 363 300 196 343 329 69 237 145 270 254 418 137 76 255 282 367 282 200 149 308 378 252 260 523 420 214 254 173 282 369 377 367 503 341 275 332 398 366 136 369 379 380 365 90 392 366 248 332 288 372 13 359 394 478 193 325 292 496 400 368 181 219 384 332 378 367 513 160 321 178 353 425 339 302 404 132 360 136 91 260 396 135 220 225 333 190 306 337 434 140 281 321 369 337 425 197 238 143 84 470 373 342 222 355 386 419 462 188 329 351 397 329 372 360 149 145 296 48 315 388 243 442 403 361 298 209 261 451 312 51 381 391 334 373 198 84 67 353 371 428 396 284 391 207 319 397 225 313 78 360 424 175 435 209 335 160 300 491 294 247 447 443 47 378 354 397 313 305 251 300 391 306 106 460 146 115 466 107 350 367 338 432 321 289 300 330 235 279 276 436 361 315 282 215 362 363 256 186 255 331
 240 67 213 267 1 178 231 174 238 108 123 207 142 110 202 114 189 48 143 66 214 94 161 207 58 164 256 207 198 51 116 162 112 191 248 123 167 190 86 191 266 211 205 139 84 238 121 260 172 227 89 103 276 173 120 183 173 182 199 222 116 180 233 243 187 104 199 286 267 127 145 50 76 123 88 247 256 244 179 230 170 248 133 231 178 262 78 201 211 217 113 136 238 155 174 190 134 61 46 157 104 160 215 172 75 227 110 157 43 60 156 138 244 175 76 130 76 86 165 81 180 58 45 257 165 68 53 118 63 190 113 113 238 260 61 79 224 185 139 107 231 182 118 184 165 108 84 73 22 178 256 105 140 215 124 85 26 230 157 269 170 133 189 68 239 157 248 118 104 214 111 160 156 89 141 188 145 132 213 205 155 143 57 126 116 81 242 207 168 148 16 81 211 242 169 77 91 193 194 208 137 77 103 222 123 165 205 86 79 88 169 236 107 252 138 203 82 248 216 189 35 190 162 98 59 195 29 186 131 217 186 184 73 179 120 185 204 188 147 175 167 136 288 78 77 172 158 233 192 152 166 157 174 121 89 183 221 226 149 148 182 183 241 142 93 132 98 210 65 228 280 226 185 197 216 183 204 222 118 143 146 168 194 89 93 71 135 104 176 191 183 95 87 84 211 249 107 166 15 176
 339 226 287 442 178 1 60 295 245 237 78 384 290 239 247 274 91 166 119 187 37 271 304 295 213 114 89 185 81 148 73 199 279 75 420 300 262 358 208 365 441 388 317 206 234 414 68 432 215 306 155 80 104 266 204 250 239 241 58 54 291 34 405 322 360 241 248 310 286 230 222 133 240 59 94 262 431 264 20 83 176 71 257 398 22 289 253 163 204 392 173 87 414 330 127 269 219 170 223 168 114 223 343 194 115 395 262 316 192 194 82 308 409 273 174 105 203 246 320 180 223 195 185 90 116 242 211 278 168 249 87 124 89 308 198 140 204 244 316 73 236 225 93 362 115 79 210 111 158 167 431 88 118 93 270 127 154 81 82 299 310 261 231 124 249 143 72 295 146 350 151 64 233 159 85 362 193 307 390 300 148 321 232 281 188 253 311 299 33 312 163 130 279 288 42 246 246 365 371 31 105 112 239 246 57 51 45 263 146 111 112 341 75 342 302 352 194 418 273 226 200 55 88 82 148 351 182 39 228 393 168 150 126 229 287 362 381 262 180 124 177 215 306 251 160 119 309 295 368 204 37 325 86 284 150 330 291 55 218 290 17 99 412 101 114 71 152 274 220 298 295 343 351 89 364 346 29 381 167 180 220 12 295 173 164 113 252 193 259 78 247 186 212 235 226 335 248 304 189 266
 360 272 304 496 231 60 1 354 295 274 116 436 348 276 259 317 137 223 139 245 38 321 363 353 259 124 30 234 122 194 132 256 335 119 476 353 288 402 266 420 496 441 376 231 292 468 112 488 231 323 214 138 46 324 263 307 297 297 94 66 341 53 461 338 407 279 304 360 336 289 281 183 287 117 150 313 485 315 72 43 187 31 291 455 54 340 303 211 254 446 232 114 468 378 132 289 247 213 276 224 149 280 402 249 173 452 303 373 238 252 100 364 466 331 233 163 243 303 378 218 238 253 242 31 125 291 257 335 226 266 127 154 45 362 241 180 252 261 368 130 286 239 152 414 167 137 268 167 210 219 485 147 139 69 329 186 206 40 136 351 369 320 245 170 299 198 25 346 205 409 180 84 257 218 110 409 214 361 440 358 163 372 283 322 218 308 367 321 65 369 216 188 295 342 96 302 290 412 423 43 162 159 298 299 114 105 74 314 185 153 164 364 125 360 359 411 232 475 329 239 256 97 141 138 206 391 237 49 258 447 219 201 170 245 332 415 434 281 199 128 189 273 356 301 199 170 349 351 422 224 92 370 92 328 186 389 347 6 276 327 51 98 468 158 154 107 211 331 264 354 344 369 408 79 423 404 50 439 195 200 245 67 320 232 223 169 311 252 317 121 265 221 251 293 278 353 288 363 242 289
 386 211 374 216 174 295 354 1 165 261 274 205 53 262 371 234 247 146 309 120 324 174 43 59 211 327 383 186 264 222 224 124 103 261 182 155 325 261 96 154 215 195 33 309 92 202 265 191 343 385 141 222 398 49 94 83 86 95 282 316 186 313 173 400 239 253 107 172 167 66 83 211 206 241 213 160 210 155 286 370 343 360 282 145 306 156 178 201 172 180 125 293 203 213 340 352 301 234 155 153 269 94 49 139 189 148 242 81 209 119 310 113 150 41 126 196 241 99 71 253 351 120 134 385 329 183 207 84 136 358 267 281 377 132 226 249 189 353 174 232 166 353 204 186 208 221 95 198 188 173 210 209 306 364 59 171 191 369 228 157 36 42 360 231 163 177 363 177 150 58 283 308 323 138 297 234 317 140 227 51 325 181 176 248 288 125 100 361 302 95 178 169 374 125 264 119 227 248 194 318 199 236 72 141 246 256 298 167 251 250 213 379 247 402 93 76 250 173 101 360 141 274 227 225 158 291 148 320 295 182 180 194 239 350 222 172 187 352 320 340 340 87 180 185 249 210 272 102 176 323 266 239 328 232 261 57 88 350 91 277 307 340 170 204 256 281 144 91 215 90 178 362 113 349 82 103 312 115 291 316 314 289 346 124 133 197 45 103 62 260 350 266 249 93 149 401 252 32 160 336
 476 301 446 379 238 245 295 165 1 345 270 360 205 346 425 341 160 190 320 176 258 293 203 117 293 329 322 62 176 264 197 76 240 178 346 292 402 396 167 313 378 353 160 364 198 364 255 355 392 461 152 207 329 118 124 84 85 74 203 236 313 275 337 478 379 340 59 66 42 137 106 243 304 213 208 19 373 23 228 327 372 287 369 309 264 47 288 86 42 341 125 290 365 349 344 423 364 288 251 89 286 88 197 67 194 312 342 239 280 186 301 263 313 125 163 152 312 216 232 309 400 190 197 324 331 286 288 224 176 418 268 301 332 77 297 284 47 412 313 217 10 403 171 339 131 200 170 205 237 81 373 190 317 335 197 171 237 324 164 58 199 168 410 257 5 107 293 307 141 213 317 289 386 151 293 377 363 284 380 127 346 321 275 355 340 244 99 442 268 249 231 172 442 62 204 234 323 388 348 253 148 254 179 25 221 195 223 284 289 267 134 473 240 488 244 239 314 337 70 408 220 199 158 215 185 416 212 282 365 343 78 96 267 402 338 328 344 420 358 342 370 113 63 293 296 127 385 83 333 373 209 367 314 344 300 221 91 291 98 381 261 328 334 149 275 272 145 79 300 94 51 462 276 327 243 266 246 278 332 356 375 245 431 150 146 205 151 138 104 176 412 323 323 200 27 485 343 194 232 411
 133 51 114 274 108 237 274 261 345 1 161 200 217 3 120 56 278 155 144 171 271 104 236 305 53 164 293 312 283 97 198 269 170 275 267 142 65 136 188 213 273 212 293 70 172 243 170 278 103 125 195 182 315 272 226 287 278 287 276 289 109 224 253 140 149 11 304 391 373 227 250 119 58 196 170 354 262 351 245 256 129 300 26 267 227 368 91 304 317 228 220 161 242 129 166 92 53 70 107 263 126 265 294 279 168 260 38 216 66 163 177 182 280 273 183 226 38 163 228 58 107 160 150 293 165 81 58 185 170 103 151 121 264 363 50 98 330 99 143 180 338 108 210 185 262 189 185 161 111 283 262 192 142 232 204 185 113 258 246 375 247 223 113 118 346 260 297 120 209 288 97 192 69 195 165 154 89 160 194 301 133 142 87 54 65 140 343 102 214 201 116 182 115 346 244 144 40 151 191 266 233 129 195 329 192 244 275 105 92 128 265 129 166 146 193 266 44 273 320 117 130 267 253 174 163 118 134 227 41 228 291 287 113 102 77 195 209 93 101 169 126 241 394 83 78 270 76 336 200 87 240 108 191 67 89 252 323 270 255 54 234 193 265 237 124 170 204 313 48 328 386 120 228 213 279 231 265 270 87 98 66 226 88 196 200 160 231 210 278 276 95 55 27 171 318 144 18 245 115 75
 263 157 213 387 123 78 116 274 270 161 1 324 255 163 177 202 143 130 53 156 111 209 272 289 144 60 138 217 142 80 75 207 233 134 369 243 186 287 180 312 387 330 301 130 196 358 17 381 143 232 140 64 159 256 192 250 239 244 126 131 228 64 354 248 292 166 255 332 309 213 215 73 172 60 67 285 376 285 90 109 109 140 180 353 67 308 190 199 231 337 166 22 358 264 75 194 142 98 167 183 37 222 320 208 88 349 189 275 124 159 37 259 365 261 150 120 129 204 282 105 151 159 146 139 63 178 142 236 139 176 12 47 116 320 126 66 237 171 256 53 261 153 100 302 148 70 181 78 101 191 376 81 51 94 236 111 97 109 118 318 280 235 160 57 273 164 137 233 140 324 74 39 157 143 25 295 118 253 327 291 82 259 170 208 112 202 314 223 53 268 110 111 206 300 97 197 175 297 311 106 124 46 208 264 52 100 120 202 71 38 148 265 31 267 258 318 119 370 279 156 152 119 126 57 117 277 136 68 151 338 196 183 56 156 217 305 323 187 107 74 109 206 330 187 85 154 235 300 311 129 91 255 55 213 74 297 292 111 214 215 73 67 363 124 39 10 142 277 150 299 319 266 306 77 331 303 106 341 91 106 144 67 218 155 149 79 231 177 253 135 173 110 137 197 246 261 174 275 136 189
 268 174 289 75 207 384 436 205 360 200 324 1 157 200 313 146 382 229 328 219 420 116 163 263 185 350 461 361 395 245 320 298 125 388 80 86 246 96 211 55 75 17 227 270 175 45 326 87 301 290 261 307 481 247 248 278 276 287 401 427 99 385 69 298 67 191 303 376 369 227 258 254 158 328 293 359 63 355 384 431 327 454 205 101 383 359 135 367 354 42 268 333 44 73 356 274 252 233 162 314 297 275 202 314 276 92 163 125 203 208 352 99 112 241 237 320 212 156 135 238 305 205 210 461 351 147 186 138 234 295 313 300 439 336 206 266 371 292 69 312 359 306 315 24 349 312 208 277 228 338 63 306 326 413 164 275 232 432 352 360 171 194 310 268 360 328 454 92 278 186 284 361 265 258 338 60 288 84 26 254 326 66 155 151 262 138 303 263 373 113 222 271 295 328 372 147 166 73 15 414 326 279 188 337 329 367 409 123 262 287 354 258 312 288 117 151 226 91 303 314 188 391 356 304 247 139 207 390 239 40 347 354 270 299 124 34 22 279 299 359 324 254 384 139 251 355 151 306 30 287 370 101 369 135 266 156 292 431 267 172 388 376 84 332 289 333 269 293 182 294 381 235 97 394 158 107 410 125 279 295 265 374 248 247 257 275 210 242 259 388 287 244 210 173 339 291 183 174 197 257
 337 167 330 179 142 290 348 53 205 217 255 157 1 218 331 185 257 127 283 104 321 124 20 110 169 303 376 214 273 192 217 149 52 268 148 103 280 209 83 109 178 149 82 271 60 161 249 159 305 340 138 212 393 91 104 122 121 132 287 319 135 302 137 353 187 208 147 221 213 78 107 186 161 232 200 203 172 199 283 357 310 358 236 116 297 203 130 224 203 138 132 272 162 161 314 308 260 199 113 172 244 122 78 165 177 117 195 36 171 98 291 62 125 85 117 199 201 58 33 216 312 98 111 377 305 137 166 34 122 316 246 254 365 182 187 220 220 312 121 221 204 314 202 137 219 212 81 184 160 194 172 202 280 348 20 164 164 357 233 205 31 40 321 206 204 192 360 125 152 74 252 291 281 135 277 183 281 88 178 102 296 129 131 198 251 78 151 314 291 45 150 161 331 173 264 75 181 196 145 315 204 213 51 181 236 256 300 117 220 226 224 330 231 354 42 65 211 142 147 322 108 278 234 212 144 240 121 309 253 139 203 214 213 310 172 124 140 309 285 315 307 105 228 138 216 223 222 152 129 286 264 187 309 182 230 43 138 343 116 228 299 320 138 209 231 263 144 138 172 141 225 313 74 331 77 66 310 94 257 281 274 282 299 121 131 182 57 105 103 267 309 229 207 60 185 354 206 29 128 291
 131 52 113 273 110 239 276 262 346 3 163 200 218 1 120 55 280 157 145 173 273 104 236 306 55 166 295 314 285 99 200 271 171 277 267 142 64 134 189 212 272 211 294 71 173 242 172 278 103 124 197 184 316 273 227 288 279 289 278 291 109 226 252 139 147 11 306 393 375 229 251 121 58 198 172 355 261 353 247 258 130 302 24 267 229 369 91 306 319 228 222 163 241 128 168 92 54 72 108 265 128 267 294 281 170 259 37 216 68 164 179 183 280 274 185 228 40 164 228 60 107 162 152 295 166 82 60 186 172 103 153 123 265 365 52 100 332 99 142 182 340 109 212 184 264 191 186 163 113 285 261 194 144 234 205 187 115 260 248 376 247 224 114 120 348 262 299 119 211 288 99 194 69 197 167 152 90 160 192 302 134 141 88 53 67 140 344 101 216 202 118 184 114 348 246 145 40 150 190 268 235 131 196 330 194 246 277 106 94 130 267 127 168 145 194 266 46 273 321 117 131 269 255 176 165 116 136 228 41 227 293 288 115 103 76 194 208 93 103 171 127 242 396 83 80 272 74 337 199 88 242 107 192 66 91 253 324 272 256 52 236 194 265 239 126 172 205 315 50 330 388 119 228 215 279 231 267 270 88 99 67 228 87 198 201 161 232 211 279 278 95 57 29 172 320 142 18 245 116 75
 109 166 49 387 202 247 259 371 425 120 177 313 331 120 1 171 318 244 129 266 273 223 350 408 163 137 267 381 317 164 243 353 287 309 384 261 69 233 287 331 387 326 403 64 280 357 192 395 35 67 277 228 288 374 319 382 372 380 300 299 227 221 370 80 254 130 396 480 460 328 344 184 176 233 222 438 375 436 263 226 74 289 110 386 229 456 209 366 391 345 304 162 356 241 128 46 72 143 219 338 147 357 408 359 233 378 154 333 163 261 167 301 399 376 272 284 132 275 345 122 27 259 246 266 136 199 167 301 258 20 172 132 231 459 147 142 401 22 261 221 418 25 265 300 317 236 285 223 194 352 375 244 130 197 317 256 193 229 291 465 361 331 17 170 428 326 283 238 285 404 111 186 52 278 163 260 63 279 302 406 100 259 202 163 87 255 443 75 216 320 203 254 39 440 272 258 159 253 305 270 290 174 302 414 225 276 291 224 137 163 318 116 199 104 311 384 122 391 415 22 233 294 299 220 244 199 230 220 81 344 359 349 160 24 192 311 324 39 71 132 72 335 481 201 132 324 167 433 316 54 267 214 169 180 127 369 422 257 347 143 237 162 383 292 156 180 283 410 161 428 472 130 347 183 397 350 272 389 95 73 58 238 83 283 283 222 336 302 377 311 27 108 125 279 400 96 136 358 214 60
 154 50 155 219 114 274 317 234 341 56 202 146 185 55 171 1 300 158 193 167 309 62 202 283 63 215 338 318 308 127 224 267 134 300 214 95 107 86 176 162 219 157 265 125 151 188 208 225 157 161 200 208 359 254 218 273 266 277 306 323 59 265 200 173 95 46 294 380 365 213 240 145 40 226 195 347 207 344 279 303 184 340 62 217 267 358 58 314 319 175 220 206 188 74 218 136 108 105 91 267 169 256 259 278 186 209 19 176 84 156 223 140 230 252 182 243 76 138 189 102 160 153 147 338 215 56 66 152 171 153 191 168 311 348 77 138 334 149 91 209 336 162 230 130 278 215 173 182 127 289 207 214 191 281 175 198 130 305 268 364 213 199 166 151 342 269 338 70 215 251 147 236 121 199 210 99 144 114 139 278 186 89 67 15 119 110 323 134 254 160 127 194 158 333 274 117 29 98 136 304 250 163 174 322 223 272 308 68 133 165 282 146 200 171 154 225 88 221 306 170 122 296 274 202 171 82 134 269 94 174 298 297 149 155 22 142 154 139 156 221 180 231 385 51 119 285 45 319 147 142 270 55 238 12 134 214 305 313 246 45 273 242 213 255 164 211 209 298 56 310 378 130 182 262 237 186 302 224 139 152 120 263 118 195 202 180 210 204 261 301 145 104 71 150 315 171 39 212 114 118
 397 251 352 427 189 91 137 247 160 278 143 382 257 280 318 300 1 155 194 164 99 278 267 231 239 195 163 99 19 181 81 131 262 19 400 298 318 378 177 350 426 381 262 267 212 403 128 412 285 370 123 97 170 208 156 184 175 172 44 78 300 124 387 387 372 278 175 225 201 184 166 160 262 87 109 178 418 180 73 171 252 128 301 371 112 205 264 75 119 379 126 161 404 341 210 331 275 209 227 99 173 160 293 121 115 371 293 288 219 175 164 292 381 216 147 62 241 229 289 225 293 178 173 165 198 255 235 255 148 317 147 187 175 229 231 188 117 311 317 102 151 295 71 358 40 90 181 119 174 87 418 87 192 183 239 108 171 168 33 216 270 221 302 162 164 72 135 300 107 304 211 147 293 126 161 373 258 299 393 238 224 323 244 310 245 245 238 358 120 290 174 112 345 210 52 236 274 380 368 95 56 153 208 166 94 46 64 268 194 160 35 397 121 403 280 315 237 396 200 298 196 40 27 105 137 381 178 130 281 381 85 67 170 297 307 354 373 325 248 207 251 161 220 265 206 39 342 221 360 269 58 344 172 308 202 292 220 133 159 327 108 186 391 50 167 142 116 203 246 227 208 394 327 179 324 320 88 349 228 247 280 95 351 139 128 121 208 152 198 17 313 236 252 213 144 398 284 263 193 324
 287 113 259 280 48 166 223 146 190 155 130 229 127 157 244 158 155 1 165 27 200 125 144 169 105 182 251 161 167 82 95 115 115 160 256 145 213 228 51 202 279 230 174 181 69 253 123 268 212 273 42 87 269 135 76 139 129 137 174 202 148 176 241 290 220 151 153 240 220 88 102 68 120 108 74 200 269 198 162 231 203 236 180 233 171 216 113 157 163 230 66 148 254 188 195 236 178 102 75 110 125 115 191 125 52 230 156 151 90 30 166 144 244 138 30 93 123 82 156 124 220 31 20 252 184 107 100 113 16 233 122 138 239 216 108 109 177 228 164 95 184 222 87 205 125 89 51 58 51 132 269 81 162 222 108 48 52 231 124 224 151 106 230 87 192 113 237 147 58 194 143 166 200 42 153 220 184 147 240 169 183 170 95 171 157 92 201 254 165 147 42 44 256 197 146 84 137 228 215 193 100 91 79 175 111 140 184 116 111 105 130 283 105 299 137 191 127 254 172 229 43 164 128 87 20 238 26 183 177 231 140 140 96 221 161 202 222 233 183 195 201 92 242 116 114 132 202 191 209 192 145 195 185 164 122 169 180 218 104 194 174 196 247 106 112 138 51 167 112 186 233 274 186 206 203 181 189 217 154 179 189 157 241 42 45 56 103 59 136 161 227 137 133 70 164 296 155 146 45 222
 224 156 169 397 143 119 139 309 320 144 53 328 283 145 129 193 194 165 1 191 146 215 302 331 144 23 153 268 191 93 126 255 253 183 382 253 151 277 215 325 396 336 338 94 224 366 68 394 97 188 183 114 175 297 234 295 284 289 173 172 231 94 367 204 287 150 302 381 358 252 259 99 171 112 114 335 385 334 135 115 59 167 157 371 102 357 197 250 282 347 211 35 366 262 32 153 109 97 182 232 41 267 354 257 132 366 177 299 128 191 40 277 383 301 189 170 119 228 307 92 105 191 177 153 24 184 144 260 176 131 52 31 122 367 123 67 288 127 262 104 312 106 151 308 199 121 215 121 124 242 385 131 4 90 265 156 121 117 170 367 311 269 113 79 323 215 162 238 186 355 48 59 119 186 35 291 77 266 327 332 31 264 179 195 82 220 358 184 88 290 134 156 161 347 146 218 167 290 316 143 175 75 240 313 104 150 163 210 69 61 200 227 81 225 279 345 106 385 325 108 177 167 178 106 156 259 164 94 122 348 247 234 72 111 211 314 331 145 62 33 59 249 380 191 79 206 218 346 320 87 140 247 49 204 63 325 337 135 258 195 109 50 377 176 54 54 187 322 148 344 369 232 325 71 358 324 145 363 59 63 107 110 182 196 192 122 267 218 296 185 130 90 124 225 296 218 159 306 157 152
 303 126 278 265 66 187 245 120 176 171 156 219 104 173 266 167 164 27 191 1 219 125 120 144 119 208 273 154 179 107 115 101 99 173 239 137 232 229 25 187 264 218 148 203 49 240 148 251 235 292 43 109 290 110 55 117 108 117 189 219 146 200 225 308 218 166 134 221 203 63 80 93 129 129 97 184 255 181 181 255 228 256 196 213 194 198 116 154 154 216 56 174 240 186 221 256 199 124 78 104 151 95 166 113 74 212 167 130 108 13 192 129 224 113 19 103 141 65 134 145 243 16 22 274 210 112 114 94 20 255 148 163 263 195 126 134 169 250 157 118 171 245 102 196 131 109 26 81 74 127 255 100 188 247 85 63 76 255 136 205 127 80 253 113 177 112 258 144 60 169 168 191 221 40 179 217 207 136 232 144 209 164 101 180 180 83 178 271 188 129 65 59 276 177 163 74 148 226 205 213 109 117 54 159 133 156 200 115 136 131 136 299 130 316 119 167 147 236 151 252 45 179 139 110 41 244 39 206 196 217 136 139 122 243 166 191 210 253 207 221 226 71 224 120 137 137 211 168 197 215 163 198 210 171 147 145 157 240 84 206 196 222 230 115 138 163 51 145 125 163 216 288 167 231 179 162 208 195 178 204 211 179 258 31 40 80 77 39 112 172 248 159 151 51 150 314 168 121 58 241
 368 262 314 477 214 37 38 324 258 271 111 420 321 273 273 309 99 200 146 219 1 306 335 319 249 137 65 197 84 183 106 221 313 81 454 336 293 394 239 399 476 423 344 236 267 449 102 466 242 334 185 115 75 292 232 273 263 263 57 31 327 53 439 349 395 275 268 323 299 259 248 169 276 93 128 276 466 278 40 77 200 37 290 431 46 303 289 173 217 427 200 116 449 366 148 298 250 205 259 189 147 247 372 214 149 429 297 349 227 227 107 342 442 299 206 130 237 280 352 214 249 229 219 67 138 278 246 311 201 277 121 155 80 325 233 175 215 272 352 109 249 251 121 397 131 112 242 145 194 183 466 121 146 96 303 158 190 73 101 314 341 291 257 159 262 162 40 331 175 380 182 88 263 189 113 397 222 342 426 325 174 356 268 316 220 288 332 329 60 346 199 162 306 306 62 281 282 401 406 7 128 147 271 263 92 70 37 298 180 145 128 371 111 370 335 384 228 452 293 252 235 60 105 117 181 386 216 54 260 428 182 164 161 256 322 397 416 290 207 144 201 241 319 287 195 133 344 315 403 232 60 361 106 319 184 361 312 35 243 324 39 115 446 124 148 103 181 295 255 319 307 374 384 100 395 380 14 413 198 208 251 48 325 203 194 147 281 223 284 83 275 219 246 268 241 364 283 335 224 296
 215 63 213 183 94 271 321 174 293 104 209 116 124 104 223 62 278 125 215 125 306 1 141 225 73 237 346 278 289 130 209 221 73 282 170 41 164 105 128 113 182 123 204 169 97 152 210 182 203 221 164 196 366 197 170 220 214 225 292 315 23 270 155 233 96 94 243 327 313 160 189 139 49 216 182 298 171 294 272 316 221 340 119 165 269 306 19 278 276 134 179 218 152 64 244 193 154 119 52 227 182 207 198 235 166 158 74 115 88 113 237 80 178 195 143 217 103 81 128 127 208 110 109 346 238 32 72 91 135 206 198 186 324 293 94 151 292 202 48 200 289 210 209 95 250 201 124 166 114 251 171 197 212 298 116 171 118 317 247 310 152 141 216 153 294 235 340 25 181 190 172 246 172 162 223 96 184 57 121 219 216 51 40 76 155 52 266 195 258 100 109 167 216 279 262 61 65 103 104 300 224 164 119 273 216 257 298 11 148 172 254 208 198 233 93 165 116 174 252 218 84 282 252 192 143 124 101 275 143 134 260 262 155 205 50 100 117 195 193 246 218 182 332 25 137 257 100 263 106 186 259 74 255 60 153 153 249 316 196 106 273 261 166 230 174 218 173 243 70 253 326 190 125 279 177 128 297 167 170 189 168 260 179 155 163 164 154 158 206 282 198 135 104 95 269 233 89 151 86 175
 355 186 349 177 161 304 363 43 203 236 272 163 20 236 350 202 267 144 302 120 335 141 1 101 188 321 391 217 284 210 232 153 69 279 145 117 299 222 98 112 176 154 68 290 78 162 266 155 324 358 151 227 407 87 113 120 121 131 299 331 151 318 135 372 198 227 145 214 208 85 111 204 179 247 216 200 171 195 297 374 329 372 255 110 312 197 148 230 206 139 142 290 163 174 332 327 279 218 133 178 262 125 59 169 192 112 213 39 191 115 308 73 117 80 131 211 220 77 30 235 331 115 128 392 323 156 185 52 138 335 264 272 381 174 206 238 223 331 134 236 203 333 215 145 229 227 96 200 178 200 171 217 299 365 38 179 182 373 244 199 12 47 340 224 202 200 374 141 164 55 270 308 300 148 294 194 300 101 186 92 314 142 150 216 270 97 141 333 306 53 169 175 350 166 277 94 199 207 152 329 215 230 66 179 251 269 313 135 239 244 234 347 248 372 53 49 231 137 142 341 127 290 245 228 159 254 139 325 271 141 209 220 231 329 188 131 145 328 304 333 326 111 222 156 235 232 238 144 134 305 278 201 326 199 248 27 130 358 120 246 314 337 133 221 250 280 156 132 191 132 220 330 73 349 61 63 323 83 276 300 293 297 317 133 144 198 62 116 100 278 327 248 226 78 186 372 224 13 146 310
 433 255 416 270 207 295 353 59 117 305 289 263 110 306 408 283 231 169 331 144 319 225 101 1 253 346 382 152 249 250 228 101 157 247 236 211 368 317 122 211 269 253 44 345 135 259 278 244 378 429 150 230 394 35 98 49 58 61 271 306 240 318 228 444 296 298 64 115 111 82 75 235 253 246 224 108 265 103 282 375 371 354 327 197 309 100 227 172 134 237 125 309 260 269 360 394 339 267 199 134 291 74 81 112 202 202 290 139 247 148 325 171 200 33 143 191 280 147 129 288 386 150 163 383 348 230 248 139 156 396 284 305 381 74 264 277 150 391 230 241 120 388 204 245 193 227 124 212 217 148 265 215 328 374 112 180 219 373 219 100 93 85 395 255 115 161 358 232 153 98 311 319 361 147 313 292 351 197 286 11 350 238 221 297 322 175 42 405 308 153 208 179 415 68 259 167 273 305 252 313 192 257 111 94 252 250 289 217 279 271 197 427 260 448 151 126 287 225 48 395 177 264 217 235 176 346 180 325 335 239 153 170 263 386 274 231 245 392 351 359 369 84 123 234 281 193 324 45 234 358 262 293 342 283 290 111 31 348 78 327 309 355 224 197 278 295 149 39 257 32 122 412 170 361 129 160 307 166 322 347 352 291 391 136 141 211 75 114 37 246 389 301 289 136 108 447 297 90 196 378
 185 14 165 254 58 213 259 211 293 53 144 185 169 55 163 63 239 105 144 119 249 73 188 253 1 166 281 264 247 67 162 218 126 239 242 112 116 146 135 185 253 193 243 103 120 223 149 253 138 177 146 147 302 220 174 234 225 235 244 262 88 207 226 192 149 48 252 339 321 175 198 83 29 164 133 302 242 299 218 249 151 281 77 234 208 316 55 257 267 205 170 150 223 121 172 142 92 49 57 214 114 213 246 228 126 228 55 173 23 111 169 144 247 221 132 184 33 114 184 56 144 108 98 281 167 42 6 139 119 148 133 116 257 311 22 82 281 143 119 147 288 146 170 165 219 153 133 121 67 235 242 153 142 229 155 140 69 250 207 323 199 172 153 91 295 213 279 95 160 242 100 180 113 146 155 152 116 127 185 249 144 121 41 72 86 93 290 154 196 160 69 136 164 294 212 96 36 154 173 243 191 102 143 277 162 210 247 69 78 107 222 181 139 199 151 223 46 245 267 154 78 235 214 140 115 143 82 211 84 205 243 240 90 142 75 171 188 142 123 175 147 188 342 49 66 227 103 283 177 119 209 113 186 72 82 207 270 254 203 91 213 191 238 195 107 153 154 261 8 276 334 170 191 210 236 193 241 232 98 119 105 202 141 145 149 119 179 158 225 240 140 65 39 120 267 196 51 196 63 126
 237 178 181 419 164 114 124 327 329 164 60 350 303 166 137 215 195 182 23 208 137 237 321 346 166 1 136 275 190 114 133 267 274 183 404 275 167 299 233 347 418 358 355 110 244 388 75 416 108 200 198 123 158 313 249 308 297 302 170 164 253 85 389 215 309 172 315 391 368 268 273 118 193 117 125 344 407 344 131 96 65 154 176 392 94 368 219 256 290 369 224 40 388 284 16 166 127 119 204 242 60 281 372 267 146 387 198 319 150 210 33 299 405 317 205 179 141 248 327 114 115 209 195 135 3 205 166 281 193 143 64 52 103 379 145 88 295 138 284 113 320 116 159 330 205 130 233 135 144 250 407 141 25 70 284 169 140 99 174 378 330 287 122 98 332 223 148 260 199 374 69 51 135 200 37 312 92 287 349 347 40 286 200 216 102 242 372 198 82 310 154 169 172 359 145 239 189 312 338 135 183 92 259 324 109 151 158 232 90 79 205 241 90 237 300 365 128 407 338 117 197 165 182 116 172 280 183 84 140 370 254 241 92 122 233 336 353 158 77 14 66 264 390 213 101 211 239 359 342 102 140 269 33 226 85 345 351 121 272 215 102 30 399 182 73 58 200 336 170 358 379 248 346 51 378 345 137 384 79 78 124 106 197 212 207 136 284 233 311 185 142 112 145 244 306 230 180 325 178 167
 371 294 313 522 256 89 30 383 322 293 138 461 376 295 267 338 163 251 153 273 65 346 391 382 281 136 1 261 147 217 161 284 362 145 502 378 302 423 295 446 521 466 405 245 319 493 136 514 241 332 243 165 23 353 292 336 326 326 120 89 365 77 487 346 429 299 332 387 363 318 309 208 309 145 178 340 511 342 100 42 196 42 308 482 81 367 327 237 281 472 261 133 494 401 141 300 261 234 302 252 170 309 431 278 200 479 323 401 261 280 117 391 493 360 261 191 264 331 406 238 247 281 269 3 136 315 279 363 255 275 149 173 38 390 263 201 278 271 392 157 313 248 180 439 195 165 297 195 235 247 511 176 154 71 357 214 231 39 165 378 397 348 253 194 326 226 33 370 234 438 197 103 269 247 129 432 227 387 464 387 175 396 307 342 234 334 395 332 89 397 242 217 304 370 124 328 311 434 448 70 190 182 326 327 141 133 100 338 206 176 192 376 151 369 386 439 252 501 357 247 282 124 169 165 234 410 264 72 274 473 246 228 193 254 354 441 459 292 211 137 198 302 382 324 220 198 368 379 447 236 121 391 105 349 206 417 376 35 305 346 78 108 495 186 175 129 240 359 287 382 370 382 435 86 451 431 77 467 211 213 259 96 332 261 251 197 340 281 346 147 276 239 270 320 306 362 307 391 268 302
 442 273 406 392 207 185 234 186 62 312 217 361 214 314 381 318 99 161 268 154 197 278 217 152 264 275 261 1 115 223 143 65 238 117 361 285 365 382 153 320 391 357 191 322 189 373 202 371 347 422 119 156 268 139 114 107 102 94 142 176 299 216 349 439 370 309 90 127 103 137 108 201 279 159 160 80 384 82 168 267 322 226 337 326 205 107 269 25 22 349 100 237 373 338 290 383 325 250 231 52 237 94 226 50 150 328 316 248 247 166 246 264 333 147 137 99 277 208 245 270 355 169 172 263 277 265 259 225 147 375 217 252 272 134 263 240 21 369 306 165 53 357 119 339 73 148 157 160 202 30 384 139 266 276 201 129 201 264 105 118 216 174 365 213 66 55 232 296 104 241 271 233 346 120 239 368 318 280 378 161 296 313 253 330 298 233 148 406 210 255 197 132 401 116 144 223 296 378 348 192 94 207 175 71 167 136 162 268 245 219 74 439 188 452 247 260 277 353 112 362 197 138 99 164 150 396 185 222 327 350 23 36 222 358 319 330 348 379 312 288 321 109 123 273 254 67 362 131 336 328 149 351 258 323 256 239 133 231 99 354 201 272 349 94 227 218 110 118 270 139 111 431 287 269 267 278 185 298 287 309 333 186 395 124 117 161 158 122 126 115 369 283 288 191 50 448 313 210 204 373
 399 259 352 442 198 81 122 264 176 283 142 395 273 285 317 308 19 167 191 179 84 289 284 249 247 190 147 115 1 187 86 149 277 9 415 311 321 388 193 365 441 395 279 268 226 417 127 427 284 371 138 102 153 225 173 202 193 190 28 61 311 114 402 387 383 284 193 241 217 201 183 166 271 89 115 194 432 197 63 158 249 111 306 387 103 222 274 91 136 394 143 157 418 352 204 332 277 214 238 116 174 178 311 139 124 387 300 304 226 189 158 306 397 233 161 76 246 243 305 229 292 192 186 149 192 266 243 270 162 316 147 187 162 246 237 191 132 311 330 105 167 294 82 371 58 95 196 127 183 105 432 95 189 172 255 120 179 155 44 233 287 237 301 167 180 90 118 312 122 322 212 141 295 141 157 384 258 313 405 256 221 335 254 318 247 258 256 360 112 305 184 124 346 227 46 249 282 390 381 80 71 157 224 183 95 43 48 280 197 162 53 400 122 405 295 331 241 411 218 297 208 28 40 110 149 389 190 120 284 395 103 84 173 297 317 368 387 326 247 201 249 179 236 275 210 57 349 239 374 269 52 354 165 317 204 309 238 118 176 334 97 178 406 65 168 139 131 221 254 244 224 398 342 169 341 336 73 365 229 246 282 87 353 154 144 129 224 168 216 8 313 239 257 228 161 399 291 280 204 326
 221 80 184 310 51 148 194 222 264 97 80 245 192 99 164 127 181 82 93 107 183 130 210 250 67 114 217 223 187 1 102 191 161 179 293 165 143 211 130 236 309 251 252 102 133 280 83 305 131 200 114 86 238 216 157 220 210 218 181 197 149 142 278 217 214 98 233 318 297 169 183 23 94 101 74 275 298 274 153 187 123 215 121 279 142 294 112 212 231 260 142 90 280 185 124 161 103 29 91 177 56 195 264 197 75 274 116 206 45 104 109 186 292 219 110 132 61 136 215 48 140 103 89 218 116 99 64 168 96 155 69 63 195 296 52 29 242 149 177 84 256 142 115 224 168 93 129 66 34 194 298 96 90 170 174 95 32 188 150 302 220 180 150 25 266 169 214 154 123 264 63 117 124 115 95 216 103 176 248 249 105 180 92 135 78 129 282 184 130 197 44 93 180 277 149 126 100 219 232 178 139 37 151 251 98 148 182 123 30 43 170 219 74 230 187 253 57 295 253 148 85 172 157 78 81 206 74 147 105 260 201 195 26 141 140 227 245 157 102 125 120 173 319 108 33 175 165 272 233 111 145 178 127 137 41 233 261 189 185 148 148 135 287 142 45 89 120 248 73 267 309 214 233 151 266 232 176 271 73 98 112 137 174 121 121 65 181 140 217 180 149 61 71 134 238 226 105 216 65 151
 317 175 274 373 116 73 132 224 197 198 75 320 217 200 243 224 81 95 126 115 106 209 232 228 162 133 161 143 86 102 1 138 209 78 350 235 239 304 135 296 373 322 247 189 162 347 60 362 209 292 83 17 177 197 134 185 174 177 84 108 231 91 335 308 302 199 187 259 236 159 154 81 187 19 30 212 363 213 68 148 181 142 221 326 83 236 193 126 158 324 104 95 347 271 148 253 196 129 159 111 98 157 272 137 45 324 215 244 141 123 105 238 337 203 102 46 162 176 248 146 218 124 115 162 136 183 159 207 96 240 75 112 155 250 152 109 164 234 252 24 188 220 27 296 75 10 137 44 99 118 363 16 123 147 198 54 95 147 50 247 238 188 227 83 200 91 144 233 77 278 134 95 215 87 97 303 182 240 328 231 154 257 172 233 166 185 248 279 81 241 101 57 268 230 53 177 197 309 306 99 50 74 167 192 26 50 90 200 114 82 76 317 46 324 231 280 157 348 212 224 133 74 58 26 77 304 114 98 201 325 122 109 90 221 233 295 314 247 173 146 180 146 258 193 127 82 264 233 301 192 52 271 120 232 123 258 227 127 151 249 84 134 342 51 89 77 81 211 169 234 246 314 280 135 291 275 94 309 151 171 202 66 271 101 92 47 180 122 192 79 235 156 172 164 174 319 206 232 124 245
 401 225 372 328 162 199 256 124 76 269 207 298 149 271 353 267 131 115 255 101 221 221 153 101 218 267 284 65 149 191 138 1 175 147 296 224 327 325 94 255 327 293 133 291 128 309 194 307 320 387 78 145 295 79 53 54 45 43 171 207 242 225 285 403 310 265 50 128 107 73 44 171 229 156 142 86 320 84 185 281 303 254 294 262 215 105 214 78 57 285 50 228 309 279 281 349 291 214 177 34 218 31 167 17 125 264 267 184 205 112 241 201 269 88 88 96 237 147 180 236 329 115 122 286 269 212 213 161 100 345 204 233 287 114 222 213 74 339 246 156 70 331 112 276 93 139 98 136 163 50 320 127 252 283 137 101 163 279 121 114 153 110 339 187 78 61 260 237 70 180 247 232 313 77 231 308 292 218 316 108 279 253 200 280 267 173 113 368 216 191 156 102 369 93 161 163 248 319 285 215 96 185 112 62 163 152 190 211 217 198 97 397 177 413 184 197 240 289 75 337 145 165 117 151 111 343 137 232 290 286 57 72 196 330 265 267 284 346 288 280 302 45 129 219 223 93 311 97 272 301 164 295 256 270 228 176 92 251 35 306 214 270 285 99 206 211 72 76 225 99 120 387 223 272 205 214 208 235 260 285 301 196 356 74 72 136 93 64 69 146 338 249 248 130 50 410 268 147 157 336
 287 122 282 167 112 279 335 103 240 170 233 125 52 171 287 134 262 115 253 99 313 73 69 157 126 274 362 238 277 161 209 175 1 271 142 55 233 161 88 89 166 122 133 228 52 142 229 154 263 291 140 200 381 133 124 161 157 168 286 315 84 286 128 304 142 161 185 265 254 105 136 160 113 221 186 241 157 237 275 339 273 349 188 121 282 245 81 243 231 118 144 247 142 113 284 261 216 162 73 190 215 153 126 190 165 118 145 48 132 89 266 31 133 129 116 201 158 35 59 177 269 87 95 363 275 90 123 19 116 271 223 223 347 228 145 188 248 267 75 207 238 271 199 102 228 202 84 169 133 214 157 194 250 326 47 159 137 339 234 249 80 76 278 179 240 205 350 76 156 119 216 270 236 137 252 138 240 44 142 151 261 83 86 148 210 34 199 265 274 37 124 156 284 216 259 36 133 150 111 307 207 188 64 218 223 253 297 68 187 199 233 280 213 305 27 98 170 140 190 279 81 276 237 198 133 190 99 292 207 120 223 230 184 267 121 94 113 262 246 285 269 131 271 89 180 233 171 198 100 244 259 137 285 132 195 83 183 330 145 178 286 294 134 213 204 241 148 180 127 187 267 262 74 308 111 72 302 111 219 242 230 270 250 125 136 167 92 118 144 270 263 188 163 50 218 304 158 79 98 244
 391 251 344 436 191 75 119 261 178 275 134 388 268 277 309 300 19 160 183 173 81 282 279 247 239 183 145 117 9 179 78 147 271 1 410 304 313 380 187 359 435 388 277 260 221 411 119 421 276 363 132 94 152 223 169 200 191 189 26 61 304 108 396 379 376 276 192 243 219 197 180 158 263 81 107 196 426 198 57 153 241 110 298 382 97 223 267 93 137 388 138 149 412 344 197 324 269 206 231 115 165 176 308 138 117 381 292 299 218 183 151 300 392 231 156 70 238 237 300 221 284 185 179 147 185 258 235 265 156 308 139 179 158 247 229 183 135 303 323 97 169 286 74 365 56 87 190 120 175 105 426 87 182 166 250 114 171 150 37 234 282 233 293 158 182 88 117 305 117 318 204 134 286 136 149 376 250 306 399 254 213 328 247 310 239 251 255 352 106 299 176 118 337 228 39 243 274 383 374 77 65 148 218 184 87 35 46 272 189 154 51 392 114 397 289 327 233 406 217 289 201 23 35 102 142 381 183 114 276 389 103 85 165 289 309 361 380 318 239 194 241 175 238 267 202 56 341 239 367 261 44 346 158 309 196 304 237 115 174 326 91 172 400 59 160 131 125 220 246 244 226 390 337 163 337 330 70 360 221 238 273 80 345 149 138 122 220 164 214 3 305 231 249 222 162 391 283 276 196 318
