NAME : domp300p100v2
COMMENT : (Deleplanque et al.) 
TYPE : DOMP
DIMENSION : 300
DISPLAY_DATA_TYPE: NO_DISPLAY
OPEN_FACILITIES : 100
COST_SECTION
 1 233 305 268 104 69 221 365 203 325 317 168 332 214 297 246 305 336 109 171 190 305 108 145 261 127 101 310 223 192 208 145 121 204 275 199 176 208 233 392 166 285 241 154 120 250 306 282 439 115 366 176 340 16 159 212 157 232 344 433 289 116 241 363 279 134 344 309 300 284 368 341 223 387 261 284 103 125 305 326 127 120 363 143 313 189 243 265 166 249 349 22 154 297 248 357 334 319 288 351 97 174 350 109 209 58 73 118 166 306 261 274 174 300 291 347 253 109 328 150 112 72 208 429 220 363 185 199 70 296 354 180 213 294 101 132 149 409 383 300 181 196 275 354 104 108 367 232 169 235 240 203 118 337 291 129 191 159 248 230 291 341 328 266 297 52 318 417 107 353 253 328 245 223 242 33 354 298 152 49 326 135 21 66 394 418 349 332 56 289 375 371 311 71 95 198 331 250 302 378 274 199 329 243 265 184 216 330 273 47 347 383 371 273 128 41 177 22 193 267 169 99 100 239 379 247 45 155 280 307 311 381 240 233 343 362 302 208 214 437 212 330 145 356 106 116 197 258 294 273 173 193 248 350 275 63 419 310 128 81 58 257 277 272 283 331 66 39 347 249 358 245 240 368 376 330 19 134 181 117 225 202 273 123 199 355 160 325 254 227 217 140 153 287 230 140 172 117 32 275
 233 1 147 371 178 217 254 251 378 343 119 217 113 208 149 391 268 216 248 73 216 293 203 117 363 148 298 352 26 132 248 122 128 97 408 167 65 301 228 290 70 179 34 94 172 181 318 335 370 208 261 134 305 248 107 380 309 317 261 368 225 118 307 165 54 237 297 160 331 280 258 355 343 357 276 69 138 248 109 226 111 182 133 136 82 333 229 243 102 20 164 227 119 124 238 305 317 201 76 243 209 281 330 143 334 192 199 205 68 76 172 141 234 90 261 289 23 135 200 92 186 242 159 363 234 156 326 194 181 291 196 188 269 116 156 240 163 344 298 163 277 161 362 238 261 134 295 85 125 272 274 331 221 323 185 119 315 160 77 392 95 222 180 135 96 242 95 330 275 337 403 118 114 81 198 207 346 212 196 258 333 140 249 178 345 332 326 180 241 227 296 246 267 223 193 317 209 388 101 246 409 301 102 369 290 94 175 120 407 190 192 281 147 251 207 212 163 216 53 398 355 209 205 29 291 336 190 81 384 221 357 327 331 376 129 344 70 309 375 384 28 288 92 272 254 253 45 313 164 264 113 89 331 161 278 183 360 146 320 217 189 195 413 370 339 355 198 223 115 163 320 251 86 246 343 306 218 108 293 297 238 240 209 316 215 158 143 95 246 118 64 269 201 190 343 299 220 128 228 196
 305 147 1 322 210 258 198 108 375 248 57 195 98 153 13 364 159 74 361 151 179 193 223 162 315 271 327 270 172 118 200 249 243 103 370 130 194 265 159 147 189 62 114 160 294 96 226 263 231 327 119 133 188 320 238 372 306 270 128 230 114 208 251 75 114 237 176 15 247 189 115 255 311 234 199 94 243 254 56 92 220 304 145 164 132 319 153 154 142 155 52 309 153 26 160 180 208 63 87 102 323 261 217 256 307 287 303 218 178 131 77 36 208 79 159 163 134 199 57 213 210 278 116 226 176 86 312 152 237 196 53 161 222 35 268 241 169 208 159 27 252 128 304 95 280 242 161 81 138 211 210 307 340 214 63 236 294 159 76 376 62 80 34 43 66 335 104 188 294 224 377 78 62 90 121 274 236 92 189 345 234 172 325 274 215 190 211 34 286 118 160 100 155 326 306 291 67 357 64 100 373 269 120 335 214 125 121 79 370 260 48 138 125 159 213 270 146 297 138 361 365 234 320 120 152 286 262 173 331 97 276 197 284 351 88 230 153 275 363 249 140 172 178 136 271 265 181 249 34 175 134 117 278 56 192 279 225 9 342 324 284 104 376 318 267 261 299 279 155 80 199 178 74 100 221 195 297 180 272 317 177 196 107 338 171 69 150 135 166 80 104 268 192 73 306 304 196 241 315 90
 268 371 322 1 216 210 126 294 120 126 371 156 407 174 310 66 190 290 375 305 158 158 190 261 9 362 182 92 381 243 128 365 339 280 54 211 354 73 164 293 340 264 353 287 368 227 130 74 284 377 284 239 195 270 370 107 115 56 251 276 220 299 72 396 385 151 209 314 104 149 291 137 47 210 128 375 321 151 363 265 326 372 454 241 420 86 170 173 271 390 370 288 256 335 163 220 171 283 373 283 360 101 180 336 61 311 332 184 329 416 246 291 139 376 180 225 379 265 297 344 203 198 222 274 149 407 88 183 241 150 341 185 106 340 337 150 211 261 270 299 100 216 26 292 165 325 248 305 247 112 113 67 382 168 265 342 78 213 324 95 357 291 318 287 364 318 404 290 163 177 77 391 289 302 203 255 168 243 178 309 140 239 278 308 234 290 184 325 213 217 258 310 198 337 352 71 291 55 367 322 57 76 421 39 114 279 210 393 55 262 333 289 442 172 176 240 210 282 320 47 144 192 361 355 271 38 265 310 14 245 86 233 41 64 404 182 427 67 95 264 345 199 301 257 164 155 364 76 290 156 259 284 45 376 141 309 260 330 165 345 308 219 60 9 71 121 324 234 454 245 204 146 309 306 207 179 280 283 91 160 146 135 219 168 161 390 230 429 159 272 314 131 174 255 38 131 152 333 299 235
 104 178 210 216 1 49 131 262 202 239 232 76 255 114 201 220 206 234 192 106 93 209 28 63 208 150 125 232 179 94 119 150 125 115 242 96 144 145 135 289 129 183 173 85 160 147 217 206 339 178 263 78 242 117 155 205 133 167 241 333 187 84 167 275 211 67 244 212 217 189 265 255 179 292 169 210 108 73 220 223 111 166 293 50 248 160 144 166 83 197 257 115 66 206 150 257 239 217 212 248 164 117 255 124 167 114 136 33 121 242 159 177 88 221 191 246 192 51 227 130 14 71 106 329 125 277 154 97 38 202 256 79 131 205 128 68 46 309 280 201 117 93 214 251 85 112 265 146 75 148 153 163 187 243 189 127 147 56 164 217 209 239 229 169 215 147 244 315 98 259 231 247 151 138 139 74 262 195 54 150 237 43 123 106 295 316 254 234 77 187 273 269 210 151 152 151 229 219 219 277 242 141 258 204 177 99 113 249 241 67 248 280 295 174 41 65 74 103 127 232 179 32 164 172 277 185 70 103 229 204 234 281 179 205 262 268 245 150 201 338 152 230 92 253 77 77 158 181 195 177 82 108 183 259 181 109 320 216 145 156 111 154 246 217 208 247 129 71 283 147 260 150 153 265 280 233 103 73 127 121 130 111 170 141 101 267 61 259 156 132 139 95 57 185 181 122 80 119 124 172
 69 217 258 210 49 1 153 305 170 258 279 101 301 149 248 200 239 278 172 147 123 237 42 108 202 157 81 244 215 141 140 165 138 162 226 140 174 145 167 329 160 228 216 126 160 190 239 216 373 168 304 125 273 78 174 176 108 169 281 367 226 109 175 322 255 67 277 259 233 216 307 274 167 320 193 255 119 61 267 266 132 163 338 97 291 140 177 199 128 236 305 86 112 254 181 291 266 262 257 291 151 112 282 132 154 102 123 51 155 285 204 224 106 267 224 282 233 83 272 154 50 26 150 363 153 325 134 135 40 228 303 117 145 252 131 66 91 343 319 248 117 138 214 294 52 123 302 193 122 167 172 149 174 269 234 143 134 101 211 191 255 283 276 216 262 118 289 352 63 285 210 293 199 185 179 47 286 237 86 116 258 89 86 99 327 353 282 281 29 226 310 313 245 131 143 141 274 202 266 321 226 137 303 190 197 146 155 295 224 53 295 321 340 207 61 32 118 77 169 217 142 32 152 215 316 185 56 138 223 245 245 314 178 185 308 294 286 146 174 369 192 263 127 292 49 56 191 192 241 206 129 155 185 307 207 101 353 263 105 139 99 196 229 213 218 264 115 31 326 193 290 178 200 309 309 262 75 110 120 83 158 134 211 100 132 315 108 303 187 179 184 80 86 228 173 94 104 133 96 214
 221 254 198 126 131 153 1 190 189 109 245 56 282 49 186 168 97 177 320 194 42 86 115 154 119 277 180 105 267 123 14 272 250 159 173 88 248 70 40 201 234 142 232 178 290 103 88 83 227 308 184 122 125 230 273 183 130 73 153 220 107 204 56 272 262 91 132 191 87 66 189 124 115 168 41 251 235 105 238 155 231 296 329 135 296 131 49 62 158 272 248 237 146 210 46 146 115 166 248 177 294 79 130 251 113 244 266 106 222 292 123 166 48 251 82 141 258 171 180 244 119 157 99 217 24 283 125 60 167 77 223 69 26 214 257 93 105 198 184 176 67 94 112 184 136 238 164 182 133 20 23 115 317 117 144 249 104 102 200 183 232 179 198 162 239 270 279 214 145 133 181 266 164 180 79 196 134 128 79 268 107 136 238 236 178 214 130 205 172 104 174 203 105 279 282 99 176 160 241 214 175 77 296 138 47 162 85 268 173 194 214 195 317 66 95 182 94 227 205 163 189 124 294 235 183 90 198 203 137 133 108 168 87 155 279 142 305 80 172 220 228 118 197 162 129 117 254 61 168 59 144 166 83 253 56 239 205 206 181 284 240 96 179 123 86 117 258 183 329 121 142 32 185 199 158 112 225 180 85 161 22 21 101 180 40 266 118 305 46 147 193 103 76 134 109 135 52 244 247 115
 365 251 108 294 262 305 190 1 378 189 158 216 196 164 104 350 106 37 439 239 193 139 265 233 289 360 358 219 276 178 199 341 330 184 347 167 290 257 154 40 283 84 218 241 381 116 172 224 125 411 16 193 114 378 333 371 318 252 45 125 85 289 230 148 220 262 98 94 198 147 9 189 299 144 170 200 325 280 160 40 306 390 239 227 236 320 143 129 218 260 124 374 222 133 145 94 139 53 193 15 403 267 141 340 300 361 380 257 270 236 106 113 222 185 116 81 239 270 53 304 256 320 158 121 173 165 314 173 297 147 78 190 214 142 351 266 217 106 56 90 256 170 272 15 311 325 67 175 203 194 191 303 424 145 78 325 293 207 176 370 168 30 76 121 171 404 207 82 323 148 363 176 146 182 129 334 161 69 221 410 172 234 385 349 119 83 135 80 331 87 61 18 98 401 387 287 43 340 169 30 350 265 220 318 182 205 151 177 348 324 74 32 212 127 249 326 189 362 232 339 378 276 401 224 49 263 327 260 300 61 226 103 264 339 181 151 259 267 360 147 240 102 262 45 302 292 281 220 90 141 205 199 254 131 155 353 123 112 365 401 358 111 353 288 227 200 374 332 255 119 116 160 170 14 134 127 361 258 274 342 172 198 97 363 183 147 207 237 146 154 199 286 223 80 290 321 215 326 382 92
 203 378 375 120 202 170 189 378 1 237 413 181 443 225 363 62 279 364 304 307 197 255 176 262 118 322 103 206 380 270 181 333 307 303 92 247 342 122 227 385 328 325 370 286 320 283 234 181 393 318 370 259 295 199 343 14 72 132 339 385 295 278 155 448 407 146 307 371 212 239 376 251 86 321 212 403 287 132 403 342 301 321 486 245 444 59 237 249 280 398 425 224 262 380 234 320 275 352 403 364 299 115 287 298 81 258 275 175 321 438 302 340 168 410 265 320 392 249 366 323 193 148 261 382 208 455 65 224 209 245 407 216 164 382 295 142 222 367 365 356 125 250 142 372 120 292 344 333 262 185 189 77 319 274 328 312 86 229 353 34 394 366 381 334 401 247 435 391 109 286 61 431 327 327 261 204 279 315 193 232 249 239 206 260 342 391 290 387 157 292 354 391 287 272 297 92 363 72 404 402 89 114 451 82 204 293 255 433 90 218 399 380 482 252 174 191 236 223 327 89 37 171 302 370 366 130 220 303 127 320 202 337 126 57 446 292 444 112 26 376 352 295 292 347 126 126 358 171 348 240 274 301 138 430 229 260 369 382 76 282 256 280 91 128 180 235 268 182 479 297 308 219 339 387 316 279 220 274 106 90 208 184 288 81 206 441 244 455 233 307 333 112 189 319 98 81 180 301 233 300
 325 343 248 126 239 258 109 189 237 1 304 164 344 141 237 190 91 196 427 292 148 56 222 257 124 384 267 36 360 215 121 378 356 248 177 181 348 131 119 178 335 188 317 279 397 167 26 57 159 416 176 220 78 332 377 227 204 111 145 151 135 310 92 316 340 192 93 237 28 65 183 17 152 85 73 324 342 203 299 169 336 404 392 239 369 188 116 102 257 360 290 342 248 268 107 102 52 194 320 180 402 160 56 358 160 351 373 213 323 366 181 225 154 319 90 111 343 278 208 347 226 257 186 149 119 330 185 158 275 55 251 172 113 275 364 194 211 136 152 223 150 187 101 191 231 345 131 263 232 92 87 166 425 47 187 355 165 206 278 218 299 194 234 226 305 375 346 168 237 53 202 325 238 264 147 302 43 158 186 372 18 241 341 344 110 167 61 240 273 132 141 206 97 386 390 156 199 179 306 218 181 141 363 160 63 257 170 326 179 301 244 176 373 95 202 288 194 333 299 171 253 230 401 320 156 109 305 304 127 155 42 110 114 186 336 57 384 137 214 140 320 88 299 146 225 214 351 73 215 80 242 258 101 296 67 347 135 256 260 392 348 154 183 118 58 13 366 288 399 187 82 96 264 201 82 63 331 285 159 245 114 128 144 261 143 312 220 376 99 227 280 194 184 177 140 216 160 350 353 161
 317 119 57 371 232 279 245 158 413 304 1 233 41 198 67 408 215 127 356 149 220 248 250 175 363 260 354 323 144 145 246 235 235 118 417 167 177 309 208 197 176 116 90 164 283 145 280 315 282 319 171 158 244 332 221 411 343 317 183 282 170 209 300 49 72 270 232 71 301 243 166 311 356 290 251 52 239 286 13 148 213 294 89 183 80 359 203 207 153 119 47 317 168 37 211 235 264 119 44 154 317 302 273 249 350 289 301 247 168 79 127 82 248 31 214 219 99 209 110 201 234 302 154 278 223 47 352 193 252 250 87 198 268 32 262 274 196 262 212 83 293 164 354 146 310 237 216 87 159 260 260 350 332 270 118 227 335 188 70 417 27 132 83 84 24 339 50 238 324 280 421 22 87 96 170 287 292 148 222 352 289 191 336 275 270 240 267 79 307 173 214 147 211 325 300 333 121 401 19 144 419 313 64 380 266 135 163 24 417 271 87 189 73 213 244 286 178 305 130 407 399 259 314 95 205 334 273 169 381 153 330 252 332 394 35 286 104 319 403 303 121 228 177 191 301 296 160 299 90 229 151 126 327 43 245 280 279 50 372 322 286 156 422 367 319 316 298 296 99 126 255 229 80 149 277 251 306 185 312 347 225 240 161 368 214 41 175 80 217 107 101 303 226 128 351 338 235 234 321 144
 168 217 195 156 76 101 56 216 181 164 233 1 265 53 184 178 140 194 266 151 24 137 61 108 147 223 143 157 226 93 44 220 197 129 193 67 202 85 68 235 187 150 201 133 235 108 143 133 274 253 213 86 173 178 222 179 112 102 186 267 133 152 96 268 235 47 177 192 142 117 217 180 128 220 95 228 181 65 224 177 179 241 310 87 271 127 79 100 117 236 246 183 101 200 82 191 167 180 227 202 239 70 183 197 120 189 211 52 176 266 125 160 18 232 125 183 225 118 193 194 64 109 81 263 53 275 120 46 112 129 231 36 58 203 202 51 57 244 222 178 63 70 148 207 96 184 204 157 93 73 78 119 262 170 154 197 104 58 176 186 215 198 204 154 222 216 259 255 108 186 192 252 147 152 89 142 188 148 25 216 162 86 186 181 227 255 182 210 123 132 213 226 146 224 227 103 192 174 225 236 194 85 275 154 102 125 76 254 192 139 222 228 303 107 41 129 58 173 166 182 171 71 239 202 220 121 143 157 168 156 160 214 116 164 267 195 276 93 171 269 190 164 149 197 87 77 210 108 170 106 105 131 117 250 108 184 253 202 152 230 185 108 198 155 135 172 203 131 306 118 191 78 162 222 209 163 172 131 81 128 58 36 120 149 34 261 75 281 87 128 162 74 21 146 127 111 5 191 193 128
 332 113 98 407 255 301 282 196 443 344 41 265 1 234 108 442 255 166 359 162 254 288 275 195 400 260 379 363 136 174 281 234 239 143 452 200 177 344 246 234 179 156 93 180 284 183 320 354 320 320 209 186 285 348 219 442 373 353 223 320 210 219 337 62 60 299 272 111 340 282 204 351 390 330 290 49 246 315 46 187 219 294 49 206 49 391 241 247 174 107 76 330 190 77 250 275 304 158 45 193 321 334 313 253 384 298 308 274 174 51 166 120 281 35 254 259 91 226 149 203 259 325 188 316 259 48 384 227 271 290 121 230 303 70 266 303 223 300 250 123 326 197 391 184 336 243 255 112 184 297 297 383 333 311 158 230 368 216 92 450 51 171 122 122 44 348 20 275 350 321 455 21 120 119 207 303 333 188 252 364 329 214 350 284 309 277 308 117 328 213 253 184 251 332 304 367 160 436 41 179 454 347 27 415 305 157 198 20 452 287 123 226 40 252 272 304 209 318 141 442 427 284 317 97 243 371 288 179 417 193 369 292 368 427 20 326 75 353 435 341 125 268 189 230 327 323 157 337 130 268 175 148 363 69 284 289 317 91 398 327 295 194 458 404 357 356 306 315 60 164 295 267 105 185 317 291 320 200 345 373 262 275 201 394 249 58 202 45 256 139 118 332 256 168 386 367 267 238 333 184
 214 208 153 174 114 149 49 164 225 141 198 53 234 1 141 211 93 143 304 152 31 100 107 118 166 248 196 145 223 78 48 240 219 113 220 42 209 113 24 183 195 101 185 139 264 60 116 128 227 287 160 80 130 225 238 221 159 120 134 221 81 173 104 227 214 100 131 147 125 82 164 155 159 181 70 203 207 117 190 125 198 271 281 101 248 168 31 53 118 226 203 227 108 163 38 145 130 129 200 149 274 111 145 223 155 225 247 99 183 244 79 120 61 203 79 134 211 143 143 208 104 160 51 217 27 237 161 19 151 94 183 36 70 167 231 103 75 197 171 133 101 48 160 155 148 209 154 134 92 66 67 155 297 134 105 218 142 69 152 224 184 146 157 116 191 259 231 204 161 150 225 218 116 133 38 185 155 96 63 261 134 104 233 216 183 205 143 164 173 79 162 174 98 263 260 139 141 205 194 184 222 117 248 183 83 118 37 220 219 179 175 175 270 62 89 174 54 216 161 210 219 118 273 188 169 137 183 165 185 103 150 168 135 198 232 159 257 122 211 226 183 118 160 145 139 130 212 107 124 67 102 121 131 208 76 220 207 161 203 267 222 57 225 171 132 151 240 178 281 75 148 45 137 170 168 122 215 146 121 180 31 43 68 201 21 221 81 257 46 99 147 124 63 96 154 160 52 214 236 77
 297 149 13 310 201 248 186 104 363 237 67 184 108 141 1 352 149 69 355 147 167 182 213 155 303 268 317 258 174 108 188 246 239 97 358 118 192 253 147 143 186 50 116 154 290 84 214 251 225 323 115 124 179 312 236 360 295 258 121 224 103 203 239 87 119 226 167 14 235 177 111 245 299 225 187 99 238 243 65 84 215 300 156 156 140 307 141 143 135 158 63 302 145 33 148 171 198 56 93 97 318 250 207 251 295 281 297 208 175 138 65 25 196 87 148 154 137 192 52 210 200 268 105 220 164 98 300 140 229 184 58 149 210 42 263 230 159 202 153 17 240 117 292 90 270 237 154 77 129 199 198 296 336 204 52 233 282 149 75 364 68 75 35 33 73 328 113 183 284 214 365 88 54 86 109 266 226 82 178 338 223 164 317 268 207 185 201 37 276 107 154 98 144 320 301 279 62 345 72 99 361 258 129 323 202 118 109 90 358 252 52 134 137 147 203 262 135 289 135 349 353 224 315 121 147 274 255 168 319 87 265 189 272 339 99 220 160 263 351 243 139 162 173 130 261 254 181 237 23 164 126 111 266 68 180 273 219 21 331 319 278 92 364 306 255 250 293 270 165 68 190 166 71 98 212 185 290 174 260 306 165 184 96 327 159 81 141 144 154 71 101 256 181 62 294 293 184 236 308 79
 246 391 364 66 220 200 168 350 62 190 408 178 442 211 352 1 246 341 352 321 188 218 193 275 67 356 149 157 396 270 164 363 337 306 32 242 363 100 207 352 349 309 377 300 358 269 192 136 348 360 340 263 256 244 371 48 93 98 308 340 270 302 121 438 412 156 269 357 167 205 347 202 53 275 181 405 318 148 399 317 327 360 487 256 449 62 215 223 290 410 414 267 272 373 210 281 234 332 404 337 342 111 243 331 59 296 316 189 340 443 288 330 162 409 235 284 401 270 346 348 209 182 255 338 189 447 68 216 237 208 389 213 143 377 330 154 229 324 330 342 117 246 91 346 149 322 308 334 268 158 161 60 363 231 311 341 77 233 354 32 391 343 364 326 398 294 436 352 142 241 15 427 323 330 245 241 232 293 196 281 204 252 253 297 298 352 247 371 194 267 318 364 255 316 337 76 341 12 401 376 30 96 453 33 169 300 246 429 30 251 381 348 479 224 185 226 236 264 339 28 94 191 344 378 331 88 254 321 69 296 151 296 87 16 441 246 452 90 39 328 364 259 311 314 152 147 376 132 334 210 280 307 97 418 196 297 324 371 126 326 295 263 32 74 134 186 308 218 483 285 267 193 339 360 271 240 261 292 99 131 188 169 267 130 195 431 250 459 208 304 339 126 192 301 61 108 176 331 277 281
 305 268 159 190 206 239 97 106 279 91 215 140 255 93 149 246 1 106 396 228 117 36 198 202 185 335 276 117 288 151 109 324 306 177 242 121 285 158 73 108 273 100 238 220 352 88 70 120 135 377 95 160 40 316 320 271 225 150 63 129 47 260 127 226 257 183 39 147 95 42 102 97 198 93 67 240 295 199 212 80 283 360 303 188 284 222 63 41 196 283 200 319 191 180 59 53 51 104 235 94 365 174 63 311 199 317 339 189 260 281 98 139 140 232 16 45 264 232 118 290 196 247 121 125 88 240 217 110 243 42 162 128 119 188 320 186 166 105 88 134 162 127 167 104 230 297 68 185 172 95 91 203 388 57 98 303 195 158 197 268 212 106 143 141 218 351 259 118 241 70 260 236 157 188 77 277 80 68 155 353 76 192 324 307 91 118 59 150 261 44 78 122 9 355 351 188 109 237 218 134 246 167 276 215 78 190 106 238 244 271 154 103 283 34 179 266 141 308 230 234 283 208 364 243 88 159 275 244 196 65 124 76 161 237 246 78 300 167 259 134 247 26 242 69 222 211 283 115 127 40 180 189 150 206 51 311 115 167 277 359 314 74 249 183 123 103 331 269 311 106 57 66 184 117 80 39 307 230 179 257 84 111 60 276 108 222 167 289 54 151 206 199 154 88 188 231 137 301 328 75
 336 216 74 290 234 278 177 37 364 196 127 194 166 143 69 341 106 1 406 204 173 142 238 201 284 325 336 222 240 146 183 306 296 150 342 139 255 245 138 75 247 52 183 207 346 89 176 223 158 377 47 162 126 349 297 358 301 244 59 157 72 255 222 125 186 240 112 60 200 145 44 199 289 166 163 166 291 258 128 27 271 356 212 195 204 306 128 119 185 225 99 343 190 99 132 112 149 18 159 29 370 251 155 306 288 329 347 232 235 203 76 78 202 152 113 96 204 238 18 269 229 294 129 153 157 141 300 150 267 147 57 165 201 108 317 244 189 136 86 54 240 141 269 23 288 291 90 139 171 184 181 290 390 155 46 290 279 179 141 359 134 7 45 85 138 372 175 116 301 162 355 146 111 146 106 304 175 49 197 380 179 203 355 316 144 117 149 51 305 75 88 37 100 368 354 274 8 332 136 44 345 252 190 310 177 170 124 147 342 293 50 66 187 120 224 297 161 331 196 333 361 250 368 188 79 257 296 225 297 46 229 127 256 330 153 166 226 255 348 177 204 111 228 65 279 270 245 215 54 135 172 165 248 106 151 321 153 79 345 369 325 87 348 284 226 207 342 304 225 88 133 149 134 34 154 136 331 225 259 321 157 181 77 343 163 122 177 206 134 120 164 266 198 50 281 302 193 292 351 67
 109 248 361 375 192 172 320 439 304 427 356 266 359 304 355 352 396 406 1 211 285 401 206 207 368 101 204 415 228 262 307 128 122 260 381 280 184 314 326 470 181 356 269 202 78 328 407 387 528 43 443 247 433 108 144 314 264 339 426 523 373 154 346 404 300 238 434 368 403 381 443 443 330 483 359 312 119 231 344 402 144 69 377 215 327 296 335 357 223 258 396 88 218 346 341 447 431 389 318 426 40 281 446 108 317 80 60 215 188 321 334 335 274 332 382 436 270 170 395 157 204 179 286 519 316 398 292 287 155 393 412 269 315 340 95 237 232 498 466 362 287 275 382 427 212 120 453 281 237 336 341 311 32 434 362 130 298 240 291 333 329 412 389 327 333 59 341 501 214 450 357 361 302 272 326 126 453 376 245 73 427 208 100 92 486 502 445 391 164 373 459 442 401 42 56 306 401 356 338 447 380 306 348 350 365 238 297 363 379 127 406 461 394 365 226 141 258 96 227 373 268 199 43 264 462 354 124 189 388 385 416 471 347 338 374 459 308 315 318 529 236 421 183 438 214 223 204 362 358 368 235 246 355 395 372 87 510 363 229 39 84 338 382 380 389 434 66 143 356 322 451 341 288 439 471 425 98 183 288 222 321 301 355 224 293 396 235 339 347 289 259 247 247 361 338 247 269 123 78 352
 171 73 151 305 106 147 194 239 307 292 149 151 162 152 147 321 228 204 211 1 153 247 132 46 297 122 227 296 77 79 186 103 93 56 339 112 58 234 174 275 47 157 72 22 144 142 267 276 346 177 246 73 266 187 96 309 237 252 237 342 190 60 244 197 110 166 262 160 276 231 245 305 274 319 221 114 93 177 137 207 69 154 194 66 145 262 178 196 36 92 187 170 50 136 186 272 274 187 118 228 173 212 288 105 264 141 154 134 34 139 141 129 167 130 217 257 88 66 191 66 115 172 109 338 176 194 255 136 113 243 203 126 205 131 117 169 95 318 276 156 209 106 298 226 190 92 268 71 62 212 215 262 190 279 164 87 245 94 82 321 123 211 181 121 128 190 147 311 203 294 333 158 95 62 152 143 302 185 128 204 284 70 189 127 313 312 285 183 172 192 272 239 229 178 156 247 198 318 133 243 340 233 159 300 234 39 125 160 338 126 197 266 200 204 136 145 101 158 23 329 284 138 170 69 271 271 127 22 318 194 300 295 266 306 173 302 140 241 304 355 46 251 29 248 183 182 61 253 153 215 51 42 266 186 226 132 332 153 250 175 138 156 344 305 279 302 151 156 181 129 283 197 79 237 306 264 159 40 224 226 181 178 173 245 154 189 77 158 194 87 50 198 133 165 275 227 154 90 173 164
 190 216 179 158 93 123 42 193 197 148 220 24 254 31 167 188 117 173 285 153 1 117 82 113 150 237 166 146 227 86 33 231 209 123 200 55 207 91 45 212 193 130 196 137 250 88 126 124 251 270 190 83 152 200 232 194 130 103 163 245 110 163 92 252 229 70 155 174 128 97 194 164 137 200 77 219 194 88 211 155 190 257 300 93 264 141 56 77 118 234 229 204 105 186 60 169 147 159 217 179 256 84 163 211 131 207 229 73 181 259 106 144 31 222 102 160 222 130 172 202 82 132 67 241 32 261 134 28 130 109 212 29 54 189 217 74 64 221 199 160 74 59 147 185 119 197 181 149 93 61 65 131 279 150 134 208 116 61 168 199 204 176 185 139 211 237 249 232 131 167 202 240 135 145 67 162 170 126 40 237 145 94 208 198 205 233 162 191 145 109 190 204 123 243 244 114 170 183 214 214 201 94 266 162 87 123 59 242 199 158 203 205 291 85 63 150 54 193 166 190 190 92 256 198 197 122 162 162 170 133 149 192 118 175 254 175 270 100 185 248 190 141 155 174 110 100 213 100 152 85 105 128 116 234 89 202 231 186 173 248 203 87 205 156 127 157 221 153 298 100 169 58 153 200 188 142 192 139 94 150 37 26 98 171 11 246 77 273 65 117 157 95 38 125 133 131 22 203 214 107
 305 293 193 158 209 237 86 139 255 56 248 137 288 100 182 218 36 142 401 247 117 1 198 216 154 348 263 82 311 169 99 338 319 199 211 136 304 136 78 135 291 133 265 236 363 114 35 86 143 385 128 176 42 314 336 246 207 124 95 136 80 272 101 261 286 176 53 181 60 22 135 64 171 84 48 270 306 190 244 116 297 370 337 200 315 200 71 52 213 309 235 320 206 213 63 66 31 139 265 129 372 158 46 323 175 323 345 188 279 312 127 170 133 264 35 67 291 242 153 306 198 242 139 133 86 275 195 118 247 11 197 135 102 220 330 179 174 115 113 167 146 142 135 139 221 308 91 211 188 77 73 179 395 35 131 317 174 168 225 241 244 141 179 171 250 352 291 137 230 51 231 269 185 213 97 278 56 103 156 352 42 203 322 313 94 137 46 185 257 76 101 156 43 360 359 166 144 208 251 168 215 146 308 186 52 210 123 271 213 275 190 132 317 43 178 265 153 309 252 204 263 207 371 269 114 131 278 261 163 100 89 85 133 210 280 60 330 145 234 134 271 42 257 99 213 202 304 87 160 34 197 210 122 241 32 317 121 201 262 364 319 100 218 152 90 69 337 267 344 134 57 60 212 151 73 27 308 244 161 243 81 104 90 261 109 257 179 321 56 176 230 187 155 121 161 216 134 313 330 106
 108 203 223 190 28 42 115 265 176 222 250 61 275 107 213 193 198 238 206 132 82 198 1 87 182 174 106 212 205 107 102 175 150 134 215 100 171 120 126 288 156 190 196 111 182 150 202 185 332 197 264 93 233 119 181 178 107 143 240 326 185 111 145 291 234 40 236 223 198 177 267 238 152 280 155 231 132 47 239 226 137 187 315 71 271 133 136 158 105 223 272 123 88 222 141 250 227 222 233 251 181 90 243 147 140 131 153 10 148 265 165 189 69 241 183 241 217 78 234 156 18 57 112 322 113 295 127 93 55 189 266 76 111 221 150 42 55 302 277 211 92 99 190 254 62 136 261 165 92 131 136 136 205 230 195 153 120 65 184 191 227 243 239 181 234 156 265 311 76 247 205 265 166 158 138 82 248 196 45 156 221 65 127 124 286 312 242 244 68 184 269 273 204 165 170 124 235 192 238 281 215 115 280 177 160 121 116 268 214 81 258 280 315 166 21 69 80 113 152 205 155 12 181 196 275 160 84 129 203 205 213 273 154 178 281 255 269 124 174 329 177 222 119 251 53 51 184 160 204 166 102 129 159 274 168 127 312 229 124 171 128 155 219 192 187 229 145 72 306 154 250 138 172 269 269 223 111 100 101 99 118 96 170 120 91 283 76 282 146 146 161 69 45 189 155 97 65 144 133 174
 145 117 162 261 63 108 154 233 262 257 175 108 195 118 155 275 202 201 207 46 113 216 87 1 253 134 187 258 122 57 145 123 104 60 294 82 95 190 141 265 81 150 111 26 152 124 233 236 329 180 237 44 241 160 121 264 192 209 222 324 171 59 202 220 149 121 239 167 239 199 238 271 229 294 186 149 95 132 163 197 82 161 232 21 185 217 146 167 22 137 205 148 12 153 154 250 245 183 151 221 171 167 260 111 219 129 148 89 69 179 129 132 124 161 190 237 130 39 190 91 70 132 84 320 139 220 210 100 79 211 212 87 164 150 121 124 51 299 263 159 164 76 255 221 147 96 252 89 32 173 176 217 192 250 157 102 200 53 106 276 150 207 186 124 156 175 183 297 160 266 287 188 101 80 127 114 271 171 84 185 251 24 164 116 291 299 257 190 135 172 257 236 205 169 155 202 195 273 161 242 295 188 197 255 197 40 98 190 293 99 205 256 234 175 91 112 65 136 65 284 240 94 169 110 258 227 102 50 274 181 261 274 222 260 203 274 183 196 259 334 90 227 43 234 139 138 104 212 154 184 30 50 223 206 193 121 313 166 207 169 126 136 299 261 239 267 142 122 221 116 258 162 97 234 281 236 136 29 179 184 144 137 153 203 116 212 38 197 162 85 78 153 89 155 230 183 111 99 154 148
 261 363 315 9 208 202 119 289 118 124 363 147 400 166 303 67 185 284 368 297 150 154 182 253 1 354 177 91 373 235 120 357 331 272 59 203 346 64 157 289 331 257 345 278 360 220 126 70 282 369 279 231 191 263 362 106 109 48 246 274 214 291 65 389 377 143 205 307 101 143 286 136 41 208 122 367 313 143 355 259 317 364 447 233 412 81 163 167 263 382 364 281 248 327 157 217 168 276 365 277 352 93 177 328 54 303 324 175 321 408 239 283 131 369 175 221 370 257 291 335 195 190 215 272 141 400 82 175 233 145 335 177 98 332 329 142 203 258 266 292 92 208 25 287 158 317 244 297 239 105 106 61 375 166 258 334 71 204 316 95 350 285 312 280 357 311 396 287 156 175 79 383 281 294 195 247 166 237 170 302 138 231 272 300 232 287 181 319 205 210 254 305 193 330 344 63 285 56 359 317 62 68 413 37 109 271 203 386 60 254 327 285 435 166 168 232 202 275 312 51 141 184 353 347 267 30 257 302 22 239 86 230 33 63 397 180 419 59 94 263 337 195 293 252 156 148 356 71 284 150 251 276 38 369 136 302 258 323 160 338 301 212 65 13 68 120 316 227 446 238 201 139 301 300 205 175 272 274 83 154 139 127 213 163 153 383 222 421 152 264 306 123 165 248 31 125 144 325 292 228
 127 148 271 362 150 157 277 360 322 384 260 223 260 248 268 356 335 325 101 122 237 348 174 134 354 1 222 380 128 189 266 28 31 176 382 215 85 293 271 394 85 277 171 121 25 256 361 354 461 61 365 177 374 138 44 329 264 316 354 457 304 77 316 308 201 212 372 280 363 329 365 399 321 426 313 214 43 213 248 326 55 35 277 149 227 295 278 299 144 158 302 110 145 254 285 384 377 308 220 348 64 262 392 27 309 70 63 181 94 221 258 250 236 234 323 370 170 107 312 60 163 176 217 453 266 301 290 230 122 341 323 214 280 247 28 213 175 432 394 277 265 209 362 346 207 41 384 191 165 295 299 304 74 381 283 36 288 181 198 345 234 331 301 242 237 109 242 428 216 397 365 263 216 183 260 118 402 302 200 129 380 145 134 63 424 430 390 303 166 305 389 360 338 84 49 294 319 357 242 364 381 287 249 345 322 156 231 265 380 106 318 385 294 308 190 132 196 106 134 372 289 171 59 166 389 333 103 101 375 312 382 408 327 341 276 406 209 296 328 467 139 360 99 366 205 211 105 330 274 314 159 161 332 300 322 65 446 273 249 75 70 268 384 364 357 393 66 141 256 246 391 291 198 358 414 369 109 106 272 233 272 258 286 244 242 300 170 239 293 207 168 234 203 284 326 249 228 36 106 279
 101 298 327 182 125 81 180 358 103 267 354 143 379 196 317 149 276 336 204 227 166 263 106 187 177 222 1 245 295 212 168 235 210 238 180 201 252 138 208 376 239 290 296 206 219 248 254 216 405 216 355 198 303 97 247 112 69 161 327 398 275 187 177 396 334 97 311 327 241 244 359 283 136 342 216 334 190 79 343 320 208 219 417 174 371 98 219 238 207 316 376 122 190 327 220 325 290 321 336 344 197 108 305 200 123 156 173 110 234 365 265 293 138 345 260 320 314 163 333 231 121 57 214 395 190 399 96 187 118 253 369 172 162 326 195 93 160 376 361 314 120 201 195 350 49 195 342 269 197 187 192 117 217 291 294 216 109 169 288 131 332 340 342 285 338 146 368 392 36 306 155 370 271 262 231 105 304 290 142 133 273 166 105 160 356 393 306 347 60 274 351 368 283 170 195 118 333 155 343 378 178 128 382 152 215 223 214 372 177 120 360 369 418 244 115 94 183 121 249 172 69 96 200 295 360 170 122 219 194 298 243 346 164 137 385 314 366 134 115 396 272 297 207 338 58 67 270 195 307 238 206 232 175 379 233 159 383 334 28 181 155 250 180 188 216 270 166 83 406 255 319 210 276 365 334 290 118 190 109 24 193 165 263 23 176 388 181 382 223 251 263 78 139 287 147 54 145 205 131 270
 310 352 270 92 232 244 105 219 206 36 323 157 363 145 258 157 117 222 415 296 146 82 212 258 91 380 245 1 367 222 115 376 353 257 143 187 351 108 126 210 338 209 328 281 391 182 48 30 193 407 207 224 110 316 377 195 179 85 175 185 157 308 71 340 354 178 125 259 24 82 214 46 122 119 77 340 337 187 318 196 334 397 411 238 385 160 126 117 261 370 313 329 249 287 117 135 85 219 336 209 392 140 90 353 131 341 364 203 325 381 198 243 145 336 112 143 354 274 233 348 219 241 194 183 121 353 158 161 265 76 277 172 102 294 358 179 209 171 185 244 131 193 67 219 212 340 164 275 235 86 82 137 415 81 208 353 139 206 291 185 316 222 258 243 323 361 364 202 216 87 168 344 252 275 159 290 77 181 181 356 52 239 325 335 144 202 96 265 257 154 174 235 124 374 381 130 225 146 324 248 146 118 381 127 63 263 179 346 144 291 270 208 394 112 193 275 196 320 306 137 224 218 392 331 188 79 295 307 92 180 8 144 85 153 356 91 398 112 182 173 328 119 300 177 207 196 356 53 236 96 246 265 72 320 80 338 169 277 235 381 338 170 149 84 29 30 355 273 416 202 116 103 277 231 117 95 318 284 137 222 116 123 163 236 143 335 221 392 110 239 290 174 178 198 110 192 153 347 339 180
 223 26 172 381 179 215 267 276 380 360 144 226 136 223 174 396 288 240 228 77 227 311 205 122 373 128 295 367 1 146 259 101 111 113 415 181 48 310 243 314 58 202 59 97 151 200 335 349 393 187 285 145 325 238 85 383 311 327 284 391 245 110 318 189 77 241 318 185 347 297 283 372 350 377 291 94 124 251 134 250 97 161 150 142 100 337 245 261 110 31 189 215 126 150 254 327 336 225 101 267 190 288 350 127 340 177 182 208 61 94 193 165 243 115 279 310 46 133 224 76 189 239 175 386 248 180 330 208 177 309 221 199 280 141 139 244 171 367 321 187 285 176 373 262 261 120 317 106 135 285 288 337 200 342 208 102 321 169 100 395 120 246 205 158 121 227 117 353 274 356 408 142 135 101 216 199 365 234 204 244 350 145 238 165 367 355 345 205 237 248 319 271 287 206 174 323 233 394 126 271 416 308 122 376 305 106 191 144 414 182 218 305 168 269 212 206 174 205 63 405 355 210 186 54 315 346 182 78 393 243 372 349 341 381 153 364 83 317 379 406 41 309 89 295 255 255 27 326 188 281 124 103 341 186 294 169 383 171 319 199 175 214 419 380 352 371 182 217 129 183 341 266 109 270 364 325 207 107 299 296 252 252 229 314 227 182 152 112 262 138 83 272 209 212 350 300 230 113 215 217
 192 132 118 243 94 141 123 178 270 215 145 93 174 78 108 270 151 146 262 79 86 169 107 57 235 189 212 222 146 1 118 175 159 38 284 36 136 175 98 209 124 95 111 70 208 68 191 204 273 236 181 17 189 207 170 269 199 189 166 269 116 114 177 185 144 126 186 119 201 153 182 228 220 242 146 136 151 142 134 141 135 217 218 51 179 218 101 118 47 150 166 199 46 115 109 197 196 129 135 165 227 162 211 167 212 184 203 103 111 174 73 84 109 141 140 182 137 93 137 140 93 162 31 265 103 189 211 63 124 165 164 60 139 116 176 130 53 244 207 109 155 30 232 166 166 152 196 65 26 141 143 211 248 201 102 155 196 44 84 277 125 152 137 76 132 227 167 241 180 217 284 162 60 60 75 161 224 115 78 235 207 58 212 172 237 243 207 141 169 117 201 182 152 224 212 195 141 266 135 188 285 177 183 246 160 42 47 164 283 149 156 200 213 127 100 155 36 187 85 274 255 117 225 113 202 207 152 95 255 125 227 220 203 256 177 225 185 184 262 280 107 174 93 178 157 152 137 182 103 138 31 44 202 168 149 176 258 123 228 225 181 81 289 242 208 226 197 164 214 60 206 121 70 179 229 186 187 84 173 203 107 110 98 224 84 177 34 189 118 40 72 159 82 99 218 194 95 154 206 92
 208 248 200 128 119 140 14 199 181 121 246 44 281 48 188 164 109 183 307 186 33 99 102 145 120 266 168 115 259 118 1 261 238 154 172 84 239 66 46 212 225 146 228 169 278 106 101 92 240 296 193 115 138 216 263 176 120 73 163 233 115 193 60 275 259 77 145 194 99 79 198 137 112 182 54 248 223 92 237 162 220 284 328 125 294 124 57 72 151 266 250 224 137 210 55 158 128 172 246 185 281 69 144 240 108 231 253 93 213 289 125 167 35 250 94 153 253 160 186 234 106 143 96 230 27 284 117 56 154 90 228 61 23 215 245 80 95 210 195 179 58 89 115 192 123 226 176 178 125 31 35 109 304 131 149 238 97 93 197 178 231 186 202 163 238 256 278 226 133 147 178 266 163 176 82 183 148 135 67 255 120 125 225 223 191 226 144 209 158 113 185 211 116 266 269 93 182 157 241 222 174 71 294 136 59 155 84 268 172 181 219 205 317 77 82 169 86 214 198 162 180 110 281 230 194 91 185 194 139 140 118 180 88 151 280 155 301 75 166 233 222 131 187 173 115 104 246 68 171 71 137 160 85 255 69 226 218 208 170 272 228 101 178 125 95 129 245 170 327 122 155 44 182 207 171 126 212 170 77 149 28 9 107 169 35 268 110 303 57 145 188 91 64 139 106 124 39 233 234 120
 145 122 249 365 150 165 272 341 333 378 235 220 234 240 246 363 324 306 128 103 231 338 175 123 357 28 235 376 101 175 261 1 27 158 388 204 59 294 262 377 61 259 146 105 51 241 354 352 446 87 348 164 362 157 17 339 272 316 338 442 289 69 314 282 175 215 359 259 358 320 347 392 326 415 306 188 47 218 224 308 42 61 250 140 200 302 268 288 129 131 278 131 133 231 276 370 367 289 195 330 91 265 382 37 313 90 87 182 72 194 242 230 234 209 312 356 144 103 292 38 163 186 204 438 259 275 296 222 127 333 301 207 277 224 46 216 168 418 378 256 266 198 363 328 216 42 369 170 152 291 294 309 101 372 266 24 293 173 175 355 209 312 280 222 212 134 216 412 226 387 373 238 197 162 248 131 393 286 196 153 372 138 155 80 411 414 379 281 178 291 373 340 326 110 76 298 300 364 217 344 387 289 222 350 317 139 219 239 386 116 296 367 267 297 190 143 187 124 112 378 302 175 86 141 372 334 115 83 378 296 378 394 328 348 250 396 181 298 338 454 114 347 83 350 212 217 78 327 254 305 145 143 332 276 314 83 432 250 262 102 89 254 391 366 354 387 89 154 229 230 380 283 177 339 402 358 127 95 275 244 265 253 272 257 235 275 160 212 284 188 146 240 200 267 329 258 224 33 127 264
 121 128 243 339 125 138 250 330 307 356 235 197 239 219 239 337 306 296 122 93 209 319 150 104 331 31 210 353 111 159 238 27 1 147 362 185 64 269 242 365 60 247 148 91 51 226 333 328 431 85 336 147 345 135 39 313 246 291 324 427 274 48 290 283 180 189 342 252 336 300 336 371 300 397 285 191 21 192 223 296 25 62 259 120 209 276 249 269 114 141 276 109 116 227 256 354 348 278 197 318 83 239 363 16 288 69 72 157 68 203 229 221 210 211 293 340 150 80 283 37 138 160 187 423 238 277 270 202 101 313 295 186 254 221 29 190 146 402 364 248 241 180 338 317 190 16 354 163 135 268 272 283 98 352 254 10 267 152 171 329 209 302 273 213 213 117 221 399 199 368 347 240 188 155 231 106 373 272 173 135 351 117 133 58 394 400 360 275 152 275 359 331 308 96 67 272 290 338 218 335 361 264 229 324 295 126 201 242 360 90 290 355 274 278 165 117 167 101 107 352 276 149 80 143 359 309 89 72 352 282 355 378 303 322 253 377 193 273 312 437 115 330 69 336 186 191 86 303 245 286 129 132 307 275 293 61 416 245 236 90 67 238 365 341 331 365 72 128 240 216 362 262 170 329 384 339 104 76 250 218 243 231 256 231 214 275 141 221 264 177 141 214 176 254 304 231 201 7 107 250
 204 97 103 280 115 162 159 184 303 248 118 129 143 113 97 306 177 150 260 56 123 199 134 60 272 176 238 257 113 38 154 158 147 1 320 72 111 212 132 220 101 102 74 59 197 90 223 240 291 229 191 45 215 219 151 303 232 226 182 288 137 107 213 162 107 158 209 109 235 185 190 260 256 268 180 101 144 173 106 151 123 207 184 66 144 252 133 148 40 114 146 207 52 94 142 219 225 132 101 173 223 197 238 157 248 185 202 132 88 138 86 76 145 109 168 203 100 97 137 122 118 185 64 283 139 163 245 100 137 196 154 96 176 92 169 162 82 263 221 103 191 66 269 171 194 143 214 32 43 177 179 247 242 230 109 141 231 75 51 311 95 156 130 68 101 232 134 255 209 245 319 133 43 25 104 173 253 130 112 243 238 74 223 172 259 257 234 133 190 139 217 185 177 224 206 231 144 302 105 189 322 213 149 282 194 23 79 135 320 158 147 210 182 157 130 170 71 195 54 310 286 143 220 77 216 244 161 77 292 139 262 242 240 291 148 253 148 220 296 301 73 199 79 193 186 182 108 219 99 169 34 16 238 147 182 177 278 107 256 223 182 103 325 278 243 259 197 180 179 74 231 155 39 183 254 214 195 78 208 232 143 147 120 252 121 154 60 154 150 31 35 192 116 110 254 225 131 143 213 109
