NAME : domp40p20v2
COMMENT : (Deleplanque et al.) 
TYPE : DOMP
DIMENSION : 40
DISPLAY_DATA_TYPE: NO_DISPLAY
OPEN_FACILITIES : 20
COST_SECTION
 1 204 126 63 99 97 125 84 164 119 281 181 183 184 131 203 195 229 163 182 185 244 182 65 74 119 185 219 205 137 167 199 208 47 164 122 183 113 188 290
 204 1 302 161 279 299 205 234 135 320 402 279 366 369 315 393 50 214 199 51 375 359 46 268 276 96 100 156 408 329 256 169 379 200 361 224 246 96 330 421
 126 302 1 187 169 106 123 188 289 123 169 115 65 210 21 93 306 353 163 293 201 142 292 104 109 234 245 250 151 166 119 220 83 105 78 103 147 207 77 172
 63 161 187 1 119 147 159 78 102 165 336 227 245 210 193 265 141 172 188 128 216 297 130 117 124 67 172 219 257 170 210 207 270 94 224 164 219 87 245 347
 99 279 169 119 1 70 218 51 192 71 337 260 200 91 162 208 255 221 259 244 98 308 246 67 61 185 279 317 160 54 252 297 236 141 160 211 273 200 244 339
 97 299 106 147 70 1 186 107 239 25 273 210 131 109 95 139 286 283 229 274 104 247 275 33 24 211 276 301 111 62 207 277 167 120 91 172 231 209 182 273
 125 205 123 159 218 186 1 207 243 210 200 77 183 292 142 213 225 325 45 213 288 156 211 162 173 170 128 127 267 243 55 98 185 79 199 23 61 123 128 217
 84 234 188 78 51 107 207 1 142 115 353 262 231 137 186 243 208 177 244 197 145 320 199 88 88 140 247 290 207 104 250 274 264 130 196 205 266 163 259 359
 164 135 289 102 192 239 243 142 1 253 432 317 345 274 294 365 90 89 260 86 284 392 90 212 217 77 202 260 346 245 297 259 371 191 322 253 300 130 343 445
 119 320 123 165 71 25 210 115 253 1 286 231 137 88 110 140 305 290 253 293 81 263 294 55 45 230 300 326 94 44 229 301 175 144 92 196 254 231 198 284
 281 402 169 336 337 273 200 353 432 286 1 125 159 369 178 176 423 507 207 412 357 45 409 272 278 365 315 285 277 330 148 256 122 244 209 184 161 321 95 27
 181 279 115 227 260 210 77 262 317 231 125 1 155 318 134 185 301 397 86 289 311 81 286 196 205 245 193 172 263 271 24 141 141 137 188 65 45 199 73 144
 183 366 65 245 200 131 183 231 345 137 159 155 1 214 53 32 369 403 220 356 201 148 355 143 144 296 308 308 120 179 167 278 40 168 51 162 195 271 91 152
 184 369 210 210 91 109 292 137 274 88 369 318 214 1 195 209 344 284 335 333 18 349 335 131 120 274 367 401 123 50 315 378 253 220 165 280 340 290 284 365
 131 315 21 193 162 95 142 186 294 110 178 134 53 195 1 78 317 355 182 304 185 155 303 99 103 244 262 268 131 153 139 239 80 117 58 122 167 220 89 179
 203 393 93 265 208 139 213 243 365 140 176 185 32 209 78 1 393 418 250 380 194 171 380 157 156 319 337 339 102 180 197 308 56 194 49 192 225 297 118 165
 195 50 306 141 255 286 225 208 90 305 423 301 369 344 317 393 1 165 227 14 352 380 15 255 263 77 140 199 396 307 278 207 387 202 357 241 273 104 344 440
 229 214 353 172 221 283 325 177 89 290 507 397 403 284 355 418 165 1 346 165 298 469 170 262 264 165 289 348 380 269 378 347 433 265 372 333 384 217 416 517
 163 199 163 188 259 229 45 244 260 253 207 86 220 335 182 250 227 346 1 217 332 164 214 205 216 185 108 90 309 286 64 59 216 119 240 62 48 133 152 228
 182 51 293 128 244 274 213 197 86 293 412 289 356 333 304 380 14 165 217 1 340 369 6 243 250 64 133 192 383 296 267 199 374 189 344 229 262 92 332 428
 185 375 201 216 98 104 288 145 284 81 357 311 201 18 185 194 352 298 332 340 1 338 343 128 118 281 369 400 106 49 309 377 240 218 151 275 334 293 273 352
 244 359 142 297 308 247 156 320 392 263 45 81 148 349 155 171 380 469 164 369 338 1 366 242 249 323 271 243 267 306 104 214 117 205 195 141 118 278 67 66
 182 46 292 130 246 275 211 199 90 294 409 286 355 335 303 380 15 170 214 6 343 366 1 244 251 65 128 188 384 298 264 195 373 188 344 227 259 90 330 426
 65 268 104 117 67 33 162 88 212 55 272 196 143 131 99 157 255 262 205 243 128 242 244 1 12 180 245 273 142 82 190 250 176 91 112 151 212 177 178 275
 74 276 109 124 61 24 173 88 217 45 278 205 144 120 103 156 263 264 216 250 118 249 251 12 1 188 256 284 134 71 199 260 179 102 110 161 222 186 185 280
 119 96 234 67 185 211 170 140 77 230 365 245 296 274 244 319 77 165 185 64 281 323 65 180 188 1 131 187 320 235 224 184 316 131 282 182 226 54 280 379
 185 100 245 172 279 276 128 247 202 300 315 193 308 367 262 337 140 289 108 133 369 271 128 245 256 131 1 60 375 321 170 70 313 159 315 150 155 86 254 336
 219 156 250 219 317 301 127 290 260 326 285 172 308 401 268 339 199 348 90 192 400 243 188 273 284 187 60 1 392 353 151 32 306 183 325 148 128 138 240 308
 205 408 151 257 160 111 267 207 346 94 277 263 120 123 131 102 396 380 309 383 106 267 384 142 134 320 375 392 1 113 269 364 155 218 76 249 297 315 207 266
 137 329 166 170 54 62 243 104 245 44 330 271 179 50 153 180 307 269 286 296 49 306 298 82 71 235 321 353 113 1 268 330 218 171 132 231 291 245 241 327
 167 256 119 210 252 207 55 250 297 229 148 24 167 315 139 197 278 378 64 267 309 104 264 190 199 224 170 151 269 268 1 120 158 122 195 47 29 177 91 167
 199 169 220 207 297 277 98 274 259 301 256 141 278 378 239 308 207 347 59 199 377 214 195 250 260 184 70 32 364 330 120 1 275 160 296 118 98 132 209 279
 208 379 83 270 236 167 185 264 371 175 122 141 40 253 80 56 387 433 216 374 240 117 373 176 179 316 313 306 155 218 158 275 1 187 90 164 184 286 70 113
 47 200 105 94 141 120 79 130 191 144 244 137 168 220 117 194 202 265 119 189 218 205 188 91 102 131 159 183 218 171 122 160 187 1 163 76 137 104 153 255
 164 361 78 224 160 91 199 196 322 92 209 188 51 165 58 49 357 372 240 344 151 195 344 112 110 282 315 325 76 132 195 296 90 163 1 179 223 266 133 202
 122 224 103 164 211 172 23 205 253 196 184 65 162 280 122 192 241 333 62 229 275 141 227 151 161 182 150 148 249 231 47 118 164 76 179 1 63 138 107 200
 183 246 147 219 273 231 61 266 300 254 161 45 195 340 167 225 273 384 48 262 334 118 259 212 222 226 155 128 297 291 29 98 184 137 223 63 1 176 116 183
 113 96 207 87 200 209 123 163 130 231 321 199 271 290 220 297 104 217 133 92 293 278 90 177 186 54 86 138 315 245 177 132 286 104 266 138 176 1 241 337
 188 330 77 245 244 182 128 259 343 198 95 73 91 284 89 118 344 416 152 332 273 67 330 178 185 280 254 240 207 241 91 209 70 153 133 107 116 241 1 103
 290 421 172 347 339 273 217 359 445 284 27 144 152 365 179 165 440 517 228 428 352 66 426 275 280 379 336 308 266 327 167 279 113 255 202 200 183 337 103 1
LAMBDA_SECTION
1  34
2  39
3  11
4  29
5  38
6  32
7  29
8  17
9  39
10  30
11  20
12  20
13  10
14  17
15  17
16  28
17  25
18  11
19  17
20  38
21  33
22  28
23  38
24  22
25  20
26  24
27  34
28  35
29  20
30  39
31  17
32  15
33  30
34  10
35  26
36  21
37  32
38  15
39  28
40  32
