NAME : domp200p66v6
COMMENT : (Deleplanque et al.) 
TYPE : DOMP
DIMENSION : 200
DISPLAY_DATA_TYPE: NO_DISPLAY
OPEN_FACILITIES : 66
COST_SECTION
 1 293 251 254 188 339 153 228 99 279 202 149 227 150 159 344 380 28 326 211 276 204 318 115 287 364 325 207 243 189 362 289 259 161 290 245 164 61 104 330 28 126 245 166 146 408 49 389 278 94 138 358 221 169 205 151 205 211 214 292 126 108 107 175 360 233 164 273 273 356 403 231 155 310 271 320 341 226 234 46 68 257 384 367 230 218 136 178 179 421 176 389 389 73 133 144 365 371 219 250 334 298 210 63 407 242 46 257 399 350 408 218 340 367 137 222 333 204 71 388 267 169 131 423 257 90 310 295 47 19 51 274 229 329 148 343 209 311 120 235 298 211 320 229 351 278 111 382 159 98 354 255 117 213 224 207 91 315 171 389 270 62 353 199 395 251 333 336 234 220 181 32 175 201 400 221 366 128 404 334 211 397 223 190 76 29 228 160 100 280 235 368 397 410 17 121 145 304 191 296
 293 1 213 308 333 139 173 124 248 15 355 198 206 197 185 93 173 299 341 86 118 283 42 357 296 180 407 111 235 264 197 309 357 153 348 123 165 302 190 59 283 324 321 142 261 221 320 358 195 217 322 263 160 125 361 238 299 85 217 15 197 207 189 394 247 72 144 186 31 418 235 238 418 307 119 379 112 398 291 249 235 215 263 287 335 248 170 128 401 429 341 154 239 240 189 169 388 407 361 384 126 357 358 281 231 137 255 79 353 103 428 376 213 198 166 72 79 141 229 143 218 317 399 211 328 290 316 307 281 281 243 312 319 278 315 411 92 210 391 299 368 226 154 395 227 38 222 291 380 228 87 384 185 156 86 140 347 353 181 142 196 303 115 384 312 323 101 395 107 359 231 269 335 209 242 261 361 261 373 105 119 188 316 117 294 304 66 344 359 24 89 154 221 176 299 208 198 248 149 144
 251 213 1 100 160 139 252 94 155 207 178 276 25 276 271 184 167 236 131 165 102 98 201 238 84 142 196 124 27 89 130 97 155 127 137 91 253 215 190 199 226 190 118 225 121 175 243 164 38 163 180 108 297 173 184 105 113 168 39 201 134 151 207 244 110 154 135 40 183 206 163 37 297 97 99 167 164 218 89 229 189 7 134 120 140 55 226 220 252 225 177 194 145 180 250 235 178 196 176 190 144 146 177 198 169 77 208 135 167 183 221 195 97 135 149 183 183 266 233 202 17 154 288 200 123 185 105 95 211 253 215 101 123 87 166 199 210 65 285 97 157 45 108 213 105 176 267 133 236 155 204 188 160 70 226 269 244 141 277 204 29 215 177 216 148 118 164 183 110 173 75 221 171 51 157 65 157 136 180 162 110 180 122 220 197 241 185 190 252 191 243 164 162 207 245 134 272 57 263 93
 254 308 100 1 92 236 308 185 161 300 101 327 102 327 326 283 258 231 73 247 201 52 299 195 46 231 101 206 75 70 214 41 57 189 45 187 313 201 232 298 227 149 23 288 110 254 228 141 132 190 135 155 366 241 106 114 52 250 93 296 172 182 251 179 169 243 200 138 277 120 235 70 243 66 198 79 263 133 23 250 209 101 187 149 51 63 280 288 185 169 113 288 213 196 300 290 114 123 92 96 242 55 96 192 244 172 221 230 154 282 158 111 174 218 202 266 283 335 263 298 104 100 242 284 24 168 62 49 209 263 235 22 38 108 120 110 287 146 243 20 62 85 204 126 175 271 307 166 176 174 303 93 204 154 305 338 211 63 334 300 126 201 275 140 169 20 263 96 202 88 95 228 108 104 225 50 114 128 154 261 194 268 41 291 182 234 270 132 216 285 323 258 239 298 243 166 323 106 328 191
 188 333 160 92 1 296 283 215 116 323 23 296 148 296 298 333 326 163 159 257 247 64 336 107 136 301 138 223 136 75 287 132 74 188 112 224 290 129 203 339 163 66 73 273 76 331 152 230 197 155 53 241 350 237 29 97 49 259 131 324 153 155 221 89 253 262 199 199 304 170 316 124 152 157 243 138 317 65 83 198 164 164 273 238 48 106 255 277 96 243 22 352 295 149 270 266 188 189 35 65 299 119 27 128 323 211 167 262 244 334 228 44 251 292 189 276 329 321 219 358 171 23 151 359 82 101 152 140 145 201 186 112 56 197 41 156 287 220 154 78 115 122 266 63 255 301 268 255 85 137 351 70 182 183 306 325 127 140 309 361 188 129 330 57 260 79 314 151 231 35 105 170 18 132 307 97 199 85 241 313 215 339 52 283 113 164 281 41 129 312 323 323 317 365 174 143 291 188 312 248
 339 139 139 236 296 1 271 112 258 143 315 299 149 298 288 60 44 333 242 157 64 234 105 360 207 41 323 138 165 223 59 220 291 180 266 94 267 322 246 93 319 315 255 237 243 86 347 238 104 246 307 137 285 194 321 222 251 159 166 126 215 232 256 377 117 131 178 100 122 324 97 175 421 208 69 290 35 356 227 303 272 137 129 162 278 192 255 226 384 314 311 57 101 269 280 260 283 304 314 328 14 273 315 301 94 99 294 96 229 55 317 332 86 60 205 163 69 259 294 64 133 287 408 88 258 297 219 215 309 334 292 231 261 166 295 321 197 97 404 235 286 176 33 351 97 111 308 161 366 247 81 326 225 131 203 259 360 261 288 66 111 322 44 352 182 254 43 304 108 311 198 308 305 169 104 203 250 253 251 39 130 61 260 219 307 338 161 322 370 124 214 31 83 74 338 222 297 143 262 50
 153 173 252 308 283 271 1 177 169 159 303 29 231 28 20 251 313 170 369 115 215 263 209 254 322 307 402 142 259 242 315 330 338 126 351 192 12 191 81 225 157 241 310 35 212 354 196 415 260 129 247 347 71 83 308 198 273 113 228 178 137 131 63 307 340 141 118 251 165 426 359 253 304 341 212 385 258 339 286 110 126 257 362 365 309 250 30 47 313 469 280 308 353 139 22 19 416 429 317 347 261 361 309 175 359 198 133 176 417 259 461 324 310 319 107 112 236 52 84 301 265 262 281 357 321 198 346 333 165 136 114 323 299 338 249 415 82 290 270 291 366 231 266 340 325 175 53 376 291 147 252 350 106 185 88 55 234 369 27 301 255 192 267 317 394 315 248 403 171 316 214 142 276 213 361 261 403 199 431 250 155 330 294 58 193 175 116 273 245 169 93 297 348 331 166 146 27 306 39 245
 228 124 94 185 215 112 177 1 152 116 236 204 84 203 195 126 154 223 224 74 49 161 122 258 177 140 284 36 114 143 143 189 234 69 226 19 176 214 137 126 209 217 198 145 148 186 238 253 88 135 213 174 211 95 242 125 177 77 94 113 105 122 149 285 165 61 69 79 94 298 187 116 320 190 44 258 117 279 168 192 161 98 187 193 212 125 155 138 292 318 226 163 179 159 181 162 272 289 241 262 108 235 238 193 189 23 183 48 252 130 314 256 135 147 95 91 118 180 185 164 103 200 305 197 205 193 199 188 199 223 181 190 196 172 203 290 120 116 299 176 245 102 97 276 149 89 205 203 272 138 141 262 114 33 135 182 255 233 199 165 85 215 130 268 222 200 111 274 18 238 111 198 219 86 187 138 249 153 268 111 22 171 193 134 200 228 93 231 265 102 151 141 178 184 228 113 201 140 179 73
 99 248 155 161 116 258 169 152 1 236 136 181 132 181 183 276 298 82 231 165 197 110 263 110 190 278 243 143 145 93 273 194 177 96 200 167 177 65 89 271 73 79 155 161 52 319 91 292 185 42 82 261 237 134 140 53 115 166 117 243 53 45 107 150 264 179 105 181 222 271 312 133 172 213 192 233 268 172 139 90 51 161 288 269 147 120 141 167 156 329 113 312 296 37 155 152 273 281 149 180 256 209 141 45 317 160 61 192 301 280 317 156 247 278 86 182 267 209 106 314 171 94 155 338 167 43 214 199 57 105 76 180 141 231 81 258 184 217 149 142 211 113 235 172 257 223 154 285 134 24 290 184 72 129 203 213 104 223 194 316 176 65 280 151 297 161 261 249 163 149 83 70 108 105 307 124 271 34 307 261 141 313 135 176 50 87 188 107 115 230 219 288 308 331 91 42 177 207 199 212
 279 15 207 300 323 143 159 116 236 1 344 185 199 184 172 102 179 285 336 72 116 274 52 344 290 183 400 100 228 254 199 303 349 141 341 117 152 289 176 69 269 311 313 128 250 226 306 355 191 204 310 263 150 111 351 227 290 71 209 21 184 194 175 382 247 61 131 182 25 412 239 231 405 302 116 372 118 387 283 235 221 209 264 286 325 240 156 114 389 425 330 162 242 226 175 155 383 402 351 375 130 350 347 268 236 131 241 73 351 111 424 365 213 201 153 58 87 130 215 152 213 305 386 218 320 277 311 301 267 267 229 305 310 275 303 405 79 208 378 290 360 217 155 384 228 36 208 291 368 215 98 375 171 147 74 129 334 347 168 151 192 289 122 373 311 315 107 389 99 349 221 255 324 200 245 253 357 249 370 110 109 194 306 103 281 290 52 332 345 20 78 160 225 185 285 195 185 244 137 143
 202 355 178 101 23 315 303 236 136 344 1 315 168 316 318 353 344 176 162 279 268 82 358 110 145 318 128 245 153 95 304 139 69 210 112 245 311 142 224 360 178 77 80 294 98 347 163 233 215 176 65 253 370 258 7 119 66 281 151 346 175 176 241 80 266 284 221 217 325 162 331 141 148 165 263 133 337 44 96 216 182 181 286 248 51 124 276 298 86 239 27 370 309 168 290 287 186 184 18 49 319 117 9 144 338 232 185 283 248 354 223 22 266 309 211 298 349 342 237 378 187 43 150 375 86 116 158 147 160 216 204 119 64 208 57 148 309 236 154 90 111 141 285 41 270 323 286 265 80 158 372 54 203 204 328 346 133 140 329 380 206 142 350 41 268 85 335 145 253 21 126 186 29 153 321 114 201 106 244 333 237 356 62 305 128 177 303 45 134 334 345 341 333 383 187 164 311 201 333 267
 149 198 276 327 296 299 29 204 181 185 315 1 254 2 15 278 341 170 391 143 243 280 236 256 343 335 419 170 282 260 343 351 354 150 370 219 35 194 97 251 158 249 328 63 227 382 195 438 286 143 257 374 75 110 320 215 290 141 251 204 156 147 77 312 366 169 143 277 192 444 387 275 302 363 239 404 286 349 305 110 134 281 389 391 324 271 51 75 317 490 291 336 381 148 28 43 437 449 329 360 289 380 321 181 387 225 138 204 442 287 482 335 337 346 129 140 264 67 84 329 290 274 279 385 339 205 368 354 169 131 117 343 316 362 260 433 109 316 268 310 384 253 294 351 351 202 39 402 296 160 279 364 124 211 113 70 235 389 25 329 280 195 295 326 420 333 276 421 199 329 234 144 287 235 388 281 425 213 454 278 182 358 310 85 199 173 144 282 245 196 115 325 376 359 163 163 5 331 55 272
 227 206 25 102 148 149 231 84 132 199 168 254 1 254 249 188 181 213 145 150 103 87 199 218 97 157 202 109 32 75 148 108 154 105 143 85 233 193 166 199 203 171 117 205 101 194 221 185 56 139 162 132 279 154 174 83 104 153 19 194 110 127 184 229 133 143 114 54 176 215 183 33 278 113 99 175 170 209 87 205 165 31 157 143 135 46 204 201 237 242 164 205 166 156 228 214 193 209 168 186 152 153 168 175 189 71 184 128 188 188 237 186 117 153 127 169 185 248 209 211 41 139 268 217 124 163 120 108 188 229 191 108 118 110 149 207 193 87 265 95 163 28 120 205 127 170 244 157 220 131 207 185 137 55 210 251 223 151 256 213 46 193 183 204 172 118 169 192 100 165 55 197 157 28 178 58 174 115 201 167 95 195 116 202 175 218 172 175 232 184 228 176 181 219 222 110 251 80 243 101
 150 197 276 327 296 298 28 203 181 184 316 2 254 1 14 277 340 171 390 142 242 280 234 257 343 334 419 169 282 260 342 351 355 150 370 219 34 194 97 250 159 250 328 62 227 381 195 438 285 143 257 373 74 109 320 215 290 140 250 203 156 147 78 313 366 168 143 276 191 444 386 275 303 363 238 404 285 350 305 111 135 281 388 390 324 271 51 74 318 490 292 335 380 149 28 42 437 449 330 360 288 380 322 181 386 224 138 203 441 285 482 336 336 346 129 139 263 65 85 328 290 275 280 384 339 206 368 354 170 132 118 343 316 362 260 433 108 316 269 310 384 253 293 351 351 201 41 401 297 161 278 364 124 210 112 68 236 389 23 328 280 195 294 326 419 333 275 421 198 330 234 144 288 235 388 281 425 213 454 277 181 357 310 83 199 174 143 282 246 194 114 324 375 358 164 163 6 330 53 271
 159 185 271 326 298 288 20 195 183 172 318 15 249 14 1 266 330 178 388 132 233 280 222 263 340 325 419 161 278 259 333 348 355 145 369 210 22 200 97 238 165 254 327 52 228 372 203 433 279 144 261 366 64 102 323 215 290 130 247 191 155 147 78 319 358 158 137 270 180 443 377 272 311 360 230 403 274 353 304 118 138 276 381 384 325 268 47 63 324 487 295 324 371 152 29 37 434 447 332 362 278 379 324 186 377 217 144 193 436 274 479 338 329 337 125 128 251 53 91 317 284 277 288 373 338 210 365 351 175 141 124 341 316 357 263 432 96 309 277 309 384 250 284 354 343 189 51 395 302 162 266 366 123 204 99 56 243 387 13 316 273 201 283 330 413 332 264 420 189 331 232 151 290 231 379 278 421 215 449 266 174 347 310 72 204 182 131 286 253 182 101 313 366 347 172 162 17 325 41 263
 344 93 184 283 333 60 251 126 276 102 353 278 188 277 266 1 83 342 298 141 86 274 53 383 259 96 375 138 209 259 117 272 338 186 317 112 245 337 244 37 328 341 301 217 271 132 360 297 153 255 336 196 250 183 359 248 290 142 203 82 227 242 249 408 177 115 181 146 87 379 149 218 445 263 91 343 26 395 271 304 279 183 187 221 321 232 241 204 415 373 346 62 158 279 263 242 340 361 355 372 48 325 354 316 144 123 300 88 288 10 375 372 145 117 208 139 16 228 290 52 181 321 430 119 305 317 273 268 321 336 294 281 304 224 325 375 170 153 424 280 337 213 88 391 157 77 294 221 396 261 22 370 228 154 171 228 379 315 264 52 158 338 23 388 241 301 21 358 114 352 230 315 339 202 158 245 308 277 311 24 136 96 302 195 324 348 135 353 390 86 178 65 134 84 346 236 277 198 234 93
 380 173 167 258 326 44 313 154 298 179 344 341 181 340 330 83 1 373 253 199 106 264 134 396 224 29 338 180 192 254 50 236 313 222 283 136 309 361 289 119 360 350 278 279 279 50 387 236 130 287 342 135 324 237 350 258 279 201 199 160 256 273 299 409 114 173 221 129 160 334 69 203 457 220 111 304 62 384 252 345 313 164 117 159 303 221 298 268 417 313 343 38 82 310 323 302 289 311 341 352 53 290 343 341 63 140 335 138 224 74 319 360 90 47 247 204 96 299 337 53 158 319 445 45 280 335 232 231 349 376 334 250 286 174 329 333 238 113 441 260 303 208 63 378 96 148 351 154 400 288 99 349 267 170 243 300 398 274 330 56 139 362 61 382 173 277 73 316 150 338 233 350 336 203 79 231 253 290 248 69 172 18 286 260 345 379 201 355 408 161 252 19 53 41 379 263 339 157 303 87
 28 299 236 231 163 333 170 223 82 285 176 170 213 171 178 342 373 1 304 215 270 181 321 90 266 356 299 206 226 169 352 268 234 158 266 240 181 35 111 331 16 100 221 179 125 398 26 368 266 89 112 343 240 174 178 134 181 215 199 296 118 102 118 149 345 235 163 261 277 331 392 213 134 289 265 296 338 199 212 61 65 242 369 350 205 199 150 190 153 398 149 385 377 65 151 159 342 347 193 223 329 274 183 41 397 235 45 256 379 348 384 192 328 357 137 228 332 220 88 385 252 143 111 415 233 65 289 274 26 44 60 252 204 311 122 317 218 298 101 213 273 194 312 203 338 281 133 366 133 87 354 229 116 204 234 224 67 291 190 386 256 35 350 172 377 227 330 311 231 194 164 31 148 186 388 201 344 107 383 331 208 390 199 201 51 7 233 133 77 284 247 362 387 405 13 112 166 288 207 288
 326 341 131 73 159 242 369 224 231 336 162 391 145 390 388 298 253 304 1 294 226 124 325 264 49 225 89 252 114 139 204 40 97 246 52 221 373 273 297 320 299 220 87 346 182 235 300 72 149 258 206 126 422 297 165 183 124 297 143 328 237 249 316 240 145 284 256 158 312 83 212 118 308 36 224 55 274 183 93 320 278 128 156 109 112 121 342 344 246 101 179 288 190 266 364 352 49 66 148 138 252 51 156 264 222 207 292 264 88 295 93 165 164 208 263 312 301 391 332 300 125 170 309 269 77 240 26 38 281 334 305 53 105 80 191 81 337 146 312 92 63 139 212 175 159 304 374 124 240 243 319 132 268 198 354 394 282 27 395 303 146 273 285 198 119 81 278 65 240 145 159 300 176 158 200 112 42 200 83 274 239 258 110 345 255 307 315 199 286 319 371 258 221 292 315 232 387 101 386 207
 211 86 165 247 257 157 115 74 165 72 279 143 150 142 132 141 199 215 294 1 103 214 109 273 246 194 347 43 181 193 203 257 291 71 290 85 111 217 108 121 200 241 257 81 183 241 236 326 161 132 241 245 138 44 285 161 229 4 156 82 114 123 111 312 234 27 61 152 63 364 247 180 333 261 100 323 146 321 228 168 151 169 255 266 265 185 101 70 319 389 263 196 242 155 125 104 342 358 287 313 147 300 283 196 246 95 171 62 325 148 385 300 203 206 82 21 128 109 151 190 175 239 315 243 266 206 269 258 197 201 161 256 251 245 235 355 47 187 306 235 308 163 154 319 217 69 155 274 297 144 147 314 100 97 62 111 263 300 133 190 158 218 155 306 294 259 135 340 63 286 160 185 257 144 249 198 321 180 341 138 56 216 247 64 209 220 25 264 274 70 79 183 235 218 216 124 141 213 109 134
 276 118 102 201 247 64 215 49 197 116 268 243 103 242 233 86 106 270 226 103 1 189 101 301 183 94 297 76 127 173 101 196 255 117 238 32 213 260 183 98 256 258 218 182 187 141 285 241 78 183 252 149 239 135 274 165 205 106 118 105 153 169 194 323 136 80 116 69 91 305 145 134 363 191 6 267 73 310 188 240 209 103 155 172 237 148 197 172 330 312 261 116 140 206 222 202 271 291 270 287 60 247 268 239 145 39 231 47 236 88 311 287 102 104 142 114 83 210 232 118 103 235 349 150 223 237 201 193 247 271 229 202 220 161 241 299 148 93 344 196 258 128 52 306 117 82 249 178 311 185 105 286 162 71 158 212 299 240 235 120 81 261 86 303 198 218 69 282 46 267 145 245 254 116 147 160 243 195 256 67 67 123 218 167 246 276 114 269 310 97 172 94 134 136 275 160 241 130 211 31
 204 283 98 52 64 234 263 161 110 274 82 280 87 280 280 274 264 181 124 214 189 1 282 154 87 238 141 176 73 22 225 88 79 150 92 168 268 152 185 283 177 106 48 245 60 269 179 189 134 141 93 183 323 202 88 66 17 216 71 273 126 135 204 150 192 214 161 136 253 165 254 61 208 110 185 125 257 123 31 199 159 101 214 183 53 44 234 247 157 220 82 290 234 145 254 245 164 172 82 102 238 101 81 142 262 154 170 208 200 275 208 99 188 230 159 234 271 293 214 297 108 61 202 296 60 119 108 94 158 212 185 72 39 141 78 153 250 158 202 33 105 62 204 118 194 249 259 199 143 125 293 102 158 129 269 297 167 114 289 299 126 152 270 119 207 53 255 142 178 79 55 178 75 76 246 34 164 78 202 253 166 276 34 251 133 185 238 97 173 261 286 260 255 303 192 119 276 128 286 187
 318 42 201 299 336 105 209 122 263 52 358 236 199 234 222 53 134 321 325 109 101 282 1 372 283 144 396 121 226 264 163 295 352 168 338 115 202 321 215 18 306 335 315 176 268 183 341 334 177 236 331 236 201 151 364 245 298 109 212 33 212 224 218 404 218 87 161 169 47 404 199 231 434 290 103 367 74 400 285 276 257 202 232 261 332 243 203 163 411 408 347 113 205 260 224 203 370 390 362 382 92 346 359 299 194 129 277 75 327 62 408 378 185 164 185 101 39 181 258 102 203 321 416 171 321 305 300 293 301 308 268 301 315 257 323 399 128 186 409 293 357 222 125 397 198 41 256 263 390 245 46 382 206 154 125 180 364 339 219 101 180 321 75 390 283 316 64 382 106 359 232 292 340 207 207 256 340 271 348 68 124 148 313 152 310 327 96 351 376 42 129 116 184 135 323 222 235 228 188 121
 115 357 238 195 107 360 254 258 110 344 110 256 218 257 263 383 396 90 264 273 301 154 372 1 238 374 237 252 219 152 365 235 178 205 218 272 263 64 183 379 100 49 178 256 118 411 68 335 273 143 62 334 324 239 110 139 146 274 201 352 162 152 195 61 342 288 214 271 331 271 400 205 63 260 296 242 373 119 181 147 132 243 365 335 154 187 230 265 64 348 87 415 381 123 236 240 294 293 128 154 359 225 118 81 406 263 121 300 348 386 332 119 333 370 193 289 375 301 173 418 252 97 51 434 188 68 256 243 89 133 141 216 161 294 77 257 288 302 50 178 220 193 334 125 341 332 220 352 46 130 398 161 176 232 306 305 27 246 275 420 263 63 386 92 360 184 367 254 271 130 165 114 90 194 393 184 305 108 347 367 250 411 156 275 66 88 295 67 24 339 320 389 398 432 99 151 252 278 289 311
 287 296 84 46 136 207 322 177 190 290 145 343 97 343 340 259 224 266 49 246 183 87 283 238 1 196 117 205 66 98 177 14 95 198 61 175 325 237 251 279 260 191 67 298 142 214 265 104 107 213 177 111 374 249 150 139 93 249 95 284 191 204 269 223 127 237 207 115 267 123 195 70 287 24 181 85 237 177 58 277 235 82 144 104 96 74 294 296 230 148 157 257 172 223 317 304 97 113 136 137 215 67 141 226 204 161 250 218 114 257 141 155 137 181 216 265 261 343 287 268 81 142 285 247 63 204 26 12 242 293 262 29 82 64 162 117 289 113 286 60 80 91 176 169 136 259 328 121 220 200 280 132 221 150 306 346 252 58 348 270 103 237 248 185 125 63 239 101 193 132 113 259 152 110 184 67 83 160 118 236 191 232 86 297 218 269 268 176 258 274 324 227 200 264 277 186 340 68 338 167
 364 180 142 231 301 41 307 140 278 183 318 335 157 334 325 96 29 356 225 194 94 238 144 374 196 1 310 170 166 230 24 209 286 208 256 123 304 341 276 130 343 327 251 274 256 48 368 211 105 271 319 109 324 228 324 236 253 196 175 166 239 257 287 385 88 168 208 104 162 307 57 178 434 193 99 276 72 358 226 331 297 138 94 133 277 196 290 263 392 288 318 64 63 293 315 295 262 284 315 325 54 262 317 322 54 123 319 133 199 89 293 334 62 22 234 201 107 298 324 78 132 294 423 61 253 315 204 203 331 361 319 223 260 146 305 306 235 85 420 233 275 183 45 352 69 151 342 130 376 270 115 322 253 152 242 298 376 247 326 81 114 342 75 357 149 250 81 289 140 312 210 333 311 181 64 205 227 268 223 77 160 39 260 256 325 361 199 330 386 165 253 37 43 69 362 245 333 130 300 69
 325 407 196 101 138 323 402 284 243 400 128 419 202 419 419 375 338 299 89 347 297 141 396 237 117 310 1 307 173 162 290 104 67 288 60 285 408 266 324 394 299 203 94 385 194 322 289 145 223 278 189 213 463 340 128 205 131 350 193 395 266 273 343 196 233 343 299 230 377 36 300 170 265 118 294 35 353 129 121 331 293 195 243 196 98 163 374 386 199 120 153 371 277 279 393 385 78 66 111 85 331 51 121 264 310 271 300 329 164 373 102 120 249 293 299 367 376 432 349 383 195 157 273 356 83 237 107 109 281 337 318 96 104 167 178 22 387 228 278 114 40 186 292 121 245 370 396 211 201 261 396 78 297 254 405 436 260 65 428 386 218 265 364 152 204 90 355 29 301 109 192 304 153 205 288 150 111 210 149 352 294 344 110 389 250 301 370 172 260 384 422 342 308 378 311 258 415 182 425 283
 207 111 124 206 223 138 142 36 143 100 245 170 109 169 161 138 180 206 252 43 76 176 121 252 205 170 307 1 140 156 175 216 252 49 249 51 141 202 110 129 191 216 217 110 151 217 224 285 122 118 213 208 177 61 251 128 191 45 115 103 92 106 119 285 199 40 44 113 82 323 219 139 314 220 72 282 135 288 188 168 142 128 221 228 228 145 122 103 292 348 231 184 212 142 147 128 300 317 252 276 131 259 248 180 220 57 163 51 285 144 343 266 169 179 71 61 128 146 158 183 134 207 297 224 226 185 227 216 184 200 158 215 213 205 205 314 87 150 290 195 268 122 127 285 183 82 173 237 271 125 150 277 91 55 103 149 245 259 164 183 118 203 147 274 256 220 127 299 31 250 122 178 225 103 220 158 279 152 301 128 15 198 209 100 191 211 65 234 256 90 120 166 209 206 209 102 167 172 145 104
 243 235 27 75 136 165 259 114 145 228 153 282 32 282 278 209 192 226 114 181 127 73 226 219 66 166 173 140 1 68 153 77 129 134 114 114 262 202 192 224 217 171 92 234 105 197 230 158 63 160 160 119 309 184 159 93 88 184 33 223 133 148 210 222 125 173 144 66 205 185 183 14 276 83 124 145 190 193 63 226 184 29 148 125 114 33 232 232 229 212 154 219 164 174 256 242 162 178 151 164 170 123 152 186 190 99 202 157 163 209 206 169 117 157 154 200 209 278 232 228 36 131 269 224 97 170 89 77 201 247 211 78 97 88 145 177 224 86 267 71 133 33 134 187 123 199 270 141 214 149 230 162 162 86 242 281 227 120 285 230 55 202 203 192 153 92 190 161 130 148 63 213 147 48 175 40 145 122 173 188 126 204 96 232 183 230 203 168 235 213 259 190 183 232 235 131 278 63 273 119
 189 264 89 70 75 223 242 143 93 254 95 260 75 260 259 259 254 169 139 193 173 22 264 152 98 230 162 156 68 1 218 101 100 128 111 151 247 141 164 266 163 103 69 224 44 263 169 201 126 121 92 184 302 180 102 46 37 196 57 254 105 114 183 156 192 195 140 127 234 186 250 55 209 121 169 145 243 138 48 182 141 94 214 187 73 37 213 225 163 237 90 278 231 128 233 224 182 191 99 121 226 121 96 129 257 138 154 190 211 260 226 115 184 223 138 213 255 272 195 285 102 66 201 289 80 108 122 107 145 197 167 88 60 146 78 174 229 153 200 51 126 48 194 134 190 230 239 203 147 106 277 122 137 111 248 275 161 132 268 287 117 141 256 131 213 74 241 162 160 96 34 162 83 59 243 34 178 63 215 239 146 268 55 230 122 172 217 101 169 242 265 250 250 293 179 98 256 128 264 174
 362 197 130 214 287 59 315 143 273 199 304 343 148 342 333 117 50 352 204 203 101 225 163 365 177 24 290 175 153 218 1 189 268 209 237 126 312 336 278 150 340 318 235 282 248 48 363 188 93 269 308 86 336 234 310 229 240 205 165 183 238 255 291 373 65 179 211 95 177 286 45 165 425 172 104 256 92 342 210 331 296 125 72 110 261 183 296 272 380 265 305 86 43 290 321 302 240 262 300 309 72 242 302 317 47 124 317 143 177 110 270 319 42 6 235 212 127 309 326 101 118 282 415 72 235 308 184 183 327 360 318 204 244 125 294 285 246 69 412 218 256 173 50 336 47 166 347 107 365 267 136 305 253 150 254 310 369 226 335 104 103 336 97 343 127 233 101 268 145 297 201 331 299 172 48 192 204 260 200 97 164 56 245 266 319 357 211 319 378 180 267 60 36 89 359 242 340 111 310 72
 289 309 97 41 132 220 330 189 194 303 139 351 108 351 348 272 236 268 40 257 196 88 295 235 14 209 104 216 77 101 189 1 85 207 48 187 334 238 258 292 263 189 61 307 144 226 266 102 120 219 175 121 383 258 144 144 91 260 104 296 197 210 276 218 138 249 217 128 279 110 206 79 283 26 193 72 250 168 57 281 240 95 154 112 89 81 302 305 224 140 153 269 183 227 324 313 87 102 129 127 228 55 134 228 215 173 254 231 114 270 132 147 149 194 224 276 274 352 293 280 93 140 282 258 55 205 22 9 244 297 267 21 77 73 160 104 300 125 283 58 67 100 189 161 147 272 335 128 215 205 293 122 229 162 317 355 251 45 356 283 116 238 261 178 130 56 252 88 205 125 120 262 148 119 195 73 78 163 116 249 202 244 81 307 219 271 279 172 256 286 334 239 211 277 279 192 347 80 347 180
 259 357 155 57 74 291 338 234 177 349 69 354 154 355 355 338 313 234 97 291 255 79 352 178 95 286 67 252 129 100 268 85 1 228 46 238 344 201 259 351 233 139 38 323 129 307 225 168 188 213 125 205 401 280 71 142 67 294 142 346 202 209 278 145 221 290 239 193 327 98 288 122 215 109 251 66 318 87 68 265 227 156 237 195 31 110 310 324 150 171 92 344 266 213 328 321 118 117 53 43 297 50 62 198 297 224 234 281 185 337 155 69 228 273 236 311 337 371 283 353 159 92 218 339 34 171 100 92 215 271 251 66 41 157 113 84 328 202 222 60 43 133 260 79 229 322 330 211 147 196 358 39 234 203 347 374 199 74 365 356 181 200 330 102 211 38 318 78 251 50 133 238 90 150 277 97 135 144 178 315 241 323 46 329 184 236 315 111 201 335 364 314 293 354 246 194 350 160 363 247
 161 153 127 189 188 180 126 69 96 141 210 150 105 150 145 186 222 158 246 71 117 150 168 205 198 208 288 49 134 128 209 207 228 1 233 87 129 154 70 177 143 172 195 101 113 254 176 289 139 70 170 226 178 53 216 92 163 73 104 148 45 58 84 242 221 83 12 131 127 308 253 129 267 216 112 267 182 251 168 124 94 132 245 242 200 128 100 100 249 345 193 230 242 94 125 109 293 307 219 246 175 243 214 132 255 86 116 99 292 191 338 231 195 214 27 90 176 147 118 229 141 169 249 265 205 138 222 209 136 155 113 202 187 213 165 298 102 171 242 174 250 108 164 250 209 128 144 254 228 78 198 247 46 64 121 150 197 247 152 230 132 155 194 235 271 199 174 284 75 218 96 131 187 89 251 140 278 110 305 174 52 239 183 103 143 163 95 193 209 135 138 209 244 251 162 55 147 182 141 140
 290 348 137 45 112 266 351 226 200 341 112 370 143 370 369 317 283 266 52 290 238 92 338 218 61 256 60 249 114 111 237 48 46 233 1 226 356 234 275 335 263 176 46 332 149 273 259 123 165 232 162 166 409 285 115 156 86 293 135 336 215 225 294 190 184 285 244 172 318 76 252 111 259 68 236 35 296 132 66 289 249 137 198 154 65 106 323 332 195 133 132 316 229 235 343 334 78 82 98 87 274 11 106 227 261 212 259 270 139 315 119 114 196 241 246 309 318 379 304 327 137 126 261 305 34 202 58 54 244 300 275 37 62 118 148 66 330 172 264 61 21 128 235 124 194 312 349 169 191 215 338 81 247 196 349 382 237 29 378 330 160 233 307 147 168 40 297 52 243 94 139 266 129 148 240 94 90 167 133 294 237 291 68 335 216 268 313 152 240 326 366 286 258 324 277 208 366 127 372 225
 245 123 91 187 224 94 192 19 167 117 245 219 85 219 210 112 136 240 221 85 32 168 115 272 175 123 285 51 114 151 126 187 238 87 226 1 190 230 154 117 226 230 201 160 160 169 255 245 79 152 225 161 223 110 251 137 184 88 98 111 122 139 166 297 151 67 87 69 93 296 170 118 334 186 27 257 101 287 171 210 178 94 172 182 218 129 172 152 304 312 236 147 162 176 197 178 268 286 248 268 91 236 246 209 171 15 200 45 242 115 309 264 120 130 112 100 106 193 203 148 97 211 320 179 208 208 195 186 216 240 198 190 201 164 214 289 131 103 314 179 246 107 79 284 134 86 222 190 284 155 129 268 132 43 144 195 270 231 213 149 77 231 114 278 210 203 96 273 23 246 120 215 229 93 170 142 243 166 260 95 39 153 198 147 216 245 101 243 281 100 160 124 160 167 245 129 217 131 192 55
 164 165 253 313 290 267 12 176 177 152 311 35 233 34 22 245 309 181 373 111 213 268 202 263 325 304 408 141 262 247 312 334 344 129 356 190 1 200 88 218 167 250 315 32 218 351 206 417 260 136 256 347 62 83 316 204 279 109 231 170 143 137 72 317 339 137 120 251 159 431 356 256 314 344 209 390 253 347 291 121 135 259 361 366 315 254 36 42 322 472 288 303 351 147 32 25 420 433 324 354 257 366 317 184 356 197 143 172 419 253 465 332 309 316 111 107 230 41 94 296 267 269 291 352 326 207 350 336 175 147 124 327 305 339 257 420 75 290 281 296 372 235 264 348 323 168 63 376 300 154 246 357 112 186 80 45 244 373 24 295 255 201 261 325 394 320 243 407 169 323 218 152 284 216 358 265 406 206 433 245 154 326 299 51 202 185 110 281 255 162 83 292 345 326 176 152 35 307 28 242
 61 302 215 201 129 322 191 214 65 289 142 194 193 194 200 337 361 35 273 217 260 152 321 64 237 341 266 202 202 141 336 238 201 154 234 230 200 1 121 330 39 66 190 194 99 383 29 339 247 86 78 320 261 180 144 111 150 218 177 298 111 97 132 120 324 235 161 243 278 298 374 189 118 260 255 263 330 166 182 85 71 221 347 325 172 173 167 203 125 366 116 375 358 63 172 177 310 314 159 190 319 242 150 22 379 223 58 252 350 342 352 158 309 341 137 232 328 238 111 377 231 110 98 401 201 34 259 245 26 76 78 222 172 286 89 284 228 279 90 182 241 172 299 170 319 280 158 341 104 78 350 195 118 192 245 242 47 260 212 378 237 2 343 140 352 196 323 278 225 161 141 51 115 166 369 174 314 81 353 324 202 377 167 214 20 36 238 100 59 285 259 351 370 395 46 102 189 264 226 275
 104 190 190 232 203 246 81 137 89 176 224 97 166 97 97 244 289 111 297 108 183 185 215 183 251 276 324 110 192 164 278 258 259 70 275 154 88 121 1 227 96 164 232 75 132 322 134 348 206 49 169 293 148 66 228 120 194 108 160 189 61 51 20 232 289 131 69 199 170 349 322 183 238 271 179 309 243 260 210 61 51 195 313 308 229 177 53 83 238 397 201 293 311 62 70 64 343 354 237 267 239 285 229 102 324 155 67 158 353 250 387 244 264 283 44 119 231 122 49 290 205 182 217 332 244 121 275 261 97 94 54 248 220 275 169 337 108 239 208 215 289 161 232 261 277 175 79 320 216 67 252 270 31 132 125 126 167 294 107 291 199 122 255 238 337 237 234 326 139 236 139 81 196 144 321 186 333 119 364 236 117 306 215 93 119 116 124 194 179 176 139 275 313 315 111 67 92 245 111 208
 330 59 199 298 339 93 225 126 271 69 360 251 199 250 238 37 119 331 320 121 98 283 18 379 279 130 394 129 224 266 150 292 351 177 335 117 218 330 227 1 317 341 314 192 273 168 351 326 173 245 337 226 218 164 367 250 299 122 213 49 220 233 231 409 208 98 170 165 61 400 185 230 441 285 101 363 60 403 285 288 267 199 220 251 332 243 218 179 416 400 350 96 192 269 239 218 364 384 364 383 79 343 362 308 180 130 288 81 318 46 401 380 175 151 196 115 24 198 272 85 199 325 425 154 320 313 295 289 311 320 280 299 316 249 327 395 143 179 418 293 355 222 115 399 187 53 271 252 396 253 29 382 216 157 141 197 373 335 235 83 176 330 59 393 273 315 51 378 111 361 235 303 344 209 193 256 333 277 340 55 131 132 313 168 319 337 111 356 384 57 146 101 170 118 334 230 251 222 205 114
 28 283 226 227 163 319 157 209 73 269 178 158 203 159 165 328 360 16 299 200 256 177 306 100 260 343 299 191 217 163 340 263 233 143 263 226 167 39 96 317 1 103 218 165 119 386 40 363 254 74 114 333 227 159 181 125 178 200 189 281 105 88 103 158 335 220 148 249 261 330 380 205 148 283 251 294 324 204 207 48 50 232 359 341 204 191 136 175 162 394 152 371 366 51 138 145 339 344 195 226 315 272 185 37 385 222 30 241 372 334 382 195 317 345 122 212 317 206 75 371 242 143 125 402 230 64 283 269 20 39 45 247 202 303 123 317 203 287 115 208 272 185 299 207 327 265 122 357 141 74 339 231 101 192 219 210 78 288 177 372 245 40 336 178 369 224 316 309 217 196 155 17 150 176 377 194 339 101 377 317 194 377 196 186 51 22 218 137 89 268 232 349 375 391 20 99 153 279 194 275
 126 324 190 149 66 315 241 217 79 311 77 249 171 250 254 341 350 100 220 241 258 106 335 49 191 327 203 216 171 103 318 189 139 172 176 230 250 66 164 341 103 1 134 238 73 364 87 289 226 118 15 286 311 212 79 95 99 243 154 317 129 123 180 72 294 253 181 225 296 236 352 157 108 213 253 203 330 102 134 144 117 195 316 287 112 139 215 245 78 308 51 371 333 104 226 226 253 254 94 125 315 183 85 71 358 220 114 261 302 345 293 93 285 323 164 259 335 285 168 375 204 51 99 387 145 45 210 196 86 141 134 170 116 246 30 222 262 254 98 132 180 146 288 105 293 296 217 304 57 102 357 131 150 189 281 289 63 203 265 377 216 66 343 77 312 140 325 217 231 96 118 112 51 148 345 135 261 65 302 324 211 365 111 253 53 100 265 35 68 304 297 344 350 387 111 118 245 230 274 267
 245 321 118 23 73 255 310 198 155 313 80 328 117 328 327 301 278 221 87 257 218 48 315 178 67 251 94 217 92 69 235 61 38 195 46 201 315 190 232 314 218 134 1 292 105 275 216 157 152 188 120 177 370 248 84 113 42 259 105 310 174 182 251 158 191 254 206 157 291 118 257 85 224 86 214 78 281 111 31 245 205 119 209 170 30 74 282 293 164 177 94 308 235 191 301 292 122 127 70 75 261 55 75 183 266 187 215 244 172 300 164 89 195 239 206 276 300 340 260 318 123 84 224 306 13 158 80 69 200 255 231 40 19 130 105 106 295 167 226 23 58 97 224 104 197 285 306 187 156 172 321 72 205 166 313 343 196 71 336 320 145 189 294 119 190 7 281 95 215 66 100 221 90 115 247 61 128 122 169 279 205 289 24 297 171 224 280 114 200 298 331 278 261 319 233 166 324 127 332 210
 166 142 225 288 273 237 35 145 161 128 294 63 205 62 52 217 279 179 346 81 182 245 176 256 298 274 385 110 234 224 282 307 323 101 332 160 32 194 75 192 165 238 292 1 199 320 204 388 230 121 242 317 79 52 299 182 257 79 204 145 122 119 63 307 308 107 92 221 132 407 326 229 310 317 178 366 224 332 267 121 125 230 331 336 294 228 32 15 312 445 272 274 320 136 48 28 393 407 306 335 227 342 299 176 326 167 138 142 390 225 438 315 278 285 87 78 203 49 97 268 237 252 289 323 303 195 322 309 169 151 121 301 283 310 241 396 50 259 279 272 348 208 233 332 293 141 81 346 290 138 219 338 92 157 61 53 239 347 55 267 225 195 233 311 364 296 214 383 138 305 194 149 267 189 328 240 378 189 404 216 124 296 277 26 193 184 83 267 251 136 70 263 314 297 177 131 62 278 41 211
 146 261 121 110 76 243 212 148 52 250 98 227 101 227 228 271 279 125 182 183 187 60 268 118 142 256 194 151 105 44 248 144 129 113 149 160 218 99 132 273 119 73 105 199 1 294 127 244 156 85 66 223 276 161 104 24 65 185 84 253 78 82 151 137 229 190 124 154 233 221 283 92 179 165 183 182 259 139 89 141 101 127 252 228 98 76 183 202 145 278 81 299 265 87 200 194 223 231 109 137 244 159 102 85 289 150 111 194 254 274 267 119 217 253 114 202 265 247 156 304 136 57 168 316 117 66 165 150 101 154 127 130 91 188 55 209 212 186 165 91 161 77 217 138 225 231 203 244 125 68 288 140 108 119 231 251 124 172 238 305 146 99 272 124 255 111 255 199 163 108 48 119 75 77 277 77 221 19 259 254 145 293 85 208 80 129 207 84 132 241 248 272 281 316 136 68 222 167 238 195
 408 221 175 254 331 86 354 186 319 226 347 382 194 381 372 132 50 398 235 241 141 269 183 411 214 48 322 217 197 263 48 226 307 254 273 169 351 383 322 168 386 364 275 320 294 1 410 206 139 315 354 111 370 275 353 275 283 243 211 208 283 301 334 418 91 215 255 141 207 314 26 210 471 206 145 288 111 384 253 376 341 171 84 131 302 228 337 310 425 282 350 81 47 336 362 342 265 288 342 349 98 277 345 363 17 169 363 180 191 123 290 361 82 43 280 248 145 344 370 97 162 327 461 36 275 355 217 219 374 405 364 242 286 156 340 315 281 112 458 259 291 219 91 378 80 195 389 122 410 313 147 345 298 196 288 344 416 259 373 100 149 383 110 386 138 273 121 298 186 339 247 377 343 219 39 236 228 307 215 117 207 39 287 303 366 404 245 363 425 208 298 68 16 71 405 288 380 149 347 115
 49 320 243 228 152 347 196 238 91 306 163 195 221 195 203 360 387 26 300 236 285 179 341 68 265 368 289 224 230 169 363 266 225 176 259 255 206 29 134 351 40 87 216 204 127 410 1 367 275 107 100 348 265 197 164 139 177 237 205 317 134 119 142 128 352 255 182 271 297 321 402 218 109 288 280 288 354 181 210 86 86 249 376 354 197 202 175 214 131 391 137 400 386 83 176 184 336 339 180 210 344 267 170 48 407 249 68 274 378 365 377 177 337 368 157 250 350 245 113 401 259 134 86 428 227 62 287 272 41 67 84 249 198 314 113 307 241 307 76 209 265 200 325 186 347 301 157 370 112 101 372 216 137 218 258 249 43 286 215 403 265 29 367 154 380 222 347 302 248 182 169 56 137 194 397 202 341 110 381 348 225 403 193 225 48 22 255 119 52 304 271 377 398 420 33 126 190 292 232 302
 389 358 164 141 230 238 415 253 292 355 233 438 185 438 433 297 236 368 72 326 241 189 334 335 104 211 145 285 158 201 188 102 168 289 123 245 417 339 348 326 363 289 157 388 244 206 367 1 167 314 275 103 460 337 236 241 192 329 189 344 289 303 366 311 124 311 298 177 331 123 181 166 379 81 241 115 273 254 158 378 337 160 123 79 184 175 388 384 317 78 250 273 160 325 412 398 70 90 219 208 250 120 227 328 191 232 352 284 20 292 85 236 154 190 310 343 304 429 387 288 152 240 380 241 148 306 81 95 344 396 364 120 175 82 260 129 371 150 382 159 131 188 212 246 143 321 426 85 311 301 318 201 319 233 386 432 351 96 440 291 169 339 281 269 70 151 278 116 266 216 214 362 246 205 168 170 35 263 17 275 271 237 180 383 320 372 344 270 356 337 403 246 193 272 379 286 435 114 426 215
 278 195 38 132 197 104 260 88 185 191 215 286 56 285 279 153 130 266 149 161 78 134 177 273 107 105 223 122 63 126 93 120 188 139 165 79 260 247 206 173 254 226 152 230 156 139 275 167 1 187 216 89 298 179 221 138 150 164 73 182 156 174 222 281 84 145 144 11 167 229 129 74 333 114 77 192 132 255 124 252 214 35 108 107 175 92 236 224 288 235 214 158 113 206 261 244 194 214 213 225 111 173 213 228 134 67 234 119 165 151 234 231 63 98 164 177 155 268 252 167 30 191 323 164 155 217 124 117 240 278 239 129 158 86 202 224 207 34 320 132 185 81 73 249 74 158 282 117 273 182 174 223 178 76 222 270 278 164 283 169 10 247 144 253 135 151 133 207 101 209 109 247 208 82 124 102 167 169 182 130 108 143 158 221 229 271 179 227 287 173 237 128 126 170 274 159 283 54 266 61
 94 217 163 190 155 246 129 135 42 204 176 143 139 143 144 255 287 89 258 132 183 141 236 143 213 271 278 118 160 121 269 219 213 70 232 152 136 86 49 245 74 118 188 121 85 315 107 314 187 1 122 270 196 97 180 77 149 133 129 213 32 15 67 188 269 150 76 181 193 305 310 149 202 235 178 265 250 212 168 67 28 169 294 281 183 140 101 127 194 357 153 297 297 25 116 112 302 312 189 219 242 241 181 65 314 149 49 169 321 260 347 196 248 274 52 148 245 169 75 298 179 134 183 329 199 78 238 223 67 92 53 207 175 246 122 292 146 220 175 172 245 128 227 213 260 195 119 296 172 19 267 223 34 120 165 173 131 252 154 299 179 87 262 191 310 193 243 282 143 188 101 64 148 114 308 147 295 71 329 243 120 304 169 136 78 94 154 147 143 200 180 275 304 318 93 30 138 218 159 203
 138 322 180 135 53 307 247 213 82 310 65 257 162 257 261 336 342 112 206 241 252 93 331 62 177 319 189 213 160 92 308 175 125 170 162 225 256 78 169 337 114 15 120 242 66 354 100 275 216 122 1 274 316 213 67 89 85 243 145 315 129 125 185 73 282 251 181 215 294 222 341 146 118 199 247 189 324 94 121 153 123 185 305 275 98 128 220 248 80 293 39 363 322 110 232 231 239 240 82 113 308 169 72 81 348 214 122 257 289 339 279 82 275 313 165 259 330 290 176 368 193 37 111 378 130 53 196 183 97 152 142 156 102 233 17 208 264 244 110 118 166 136 280 96 282 294 225 291 61 105 353 118 153 183 283 293 77 189 272 370 207 78 337 71 299 126 319 203 227 83 110 122 37 140 334 124 247 62 288 318 208 356 97 256 64 113 264 26 82 302 299 336 340 379 124 118 252 218 279 259
