NAME : domp220p110v1
COMMENT : (Deleplanque et al.) 
TYPE : DOMP
DIMENSION : 220
DISPLAY_DATA_TYPE: NO_DISPLAY
OPEN_FACILITIES : 110
COST_SECTION
 1 197 250 8 151 189 111 242 147 197 192 60 245 267 276 187 237 119 33 53 99 166 52 322 314 295 133 256 310 15 129 262 155 145 186 218 209 188 284 155 131 312 299 167 358 230 136 87 110 269 229 297 143 88 67 280 212 187 83 193 283 156 122 216 134 172 291 80 213 144 147 77 138 121 242 170 238 164 215 277 282 144 271 301 94 66 171 41 283 262 82 158 163 98 334 163 120 69 132 284 211 161 61 52 105 250 232 174 83 131 233 240 335 134 105 115 48 222 88 208 216 103 285 209 144 213 131 108 259 154 190 181 104 78 137 54 225 265 87 246 108 215 110 367 139 91 172 295 61 116 94 257 270 95 208 159 94 147 172 341 28 112 70 200 228 201 159 163 302 266 151 163 15 154 301 199 187 163 73 255 156 121 99 172 275 227 345 143 138 96 280 226 325 151 323 183 123 286 212 143 337 249 176 167 166 94 64 116 195 306 93 112 124 168 24 71 259 354 359 180
 197 1 288 193 167 90 104 302 263 23 371 228 291 378 381 100 384 121 194 182 160 357 195 211 263 422 294 160 406 185 74 233 43 332 301 311 31 368 288 337 141 401 330 222 286 153 307 260 168 362 59 300 141 281 262 272 323 156 116 350 400 347 287 337 70 254 252 198 320 193 67 261 122 120 336 51 277 206 359 352 174 242 273 187 152 254 238 236 293 252 150 352 317 104 425 358 163 182 254 221 112 338 167 188 291 181 291 102 256 128 342 294 433 77 235 311 241 264 249 101 374 280 344 114 283 383 317 300 340 174 297 123 112 266 329 195 223 308 119 298 98 304 127 268 291 227 368 181 257 97 290 304 197 139 98 307 237 336 114 275 173 271 264 369 319 104 62 296 241 144 108 359 185 349 385 335 360 356 156 214 110 265 181 360 344 113 255 311 333 121 170 112 437 291 241 290 250 422 95 339 279 362 26 358 262 276 254 291 34 215 286 207 149 299 216 127 360 283 274 25
 250 288 1 244 128 352 294 32 122 269 248 308 13 133 127 191 189 185 280 295 167 277 199 206 128 181 187 175 137 255 239 92 272 254 113 81 269 246 51 239 341 126 50 86 174 159 205 328 154 100 262 60 154 253 256 64 108 133 257 190 154 273 191 128 239 84 107 171 102 115 298 313 336 185 88 238 13 94 170 76 193 112 51 204 177 233 80 250 46 67 189 345 175 230 149 341 149 309 135 136 379 229 199 296 330 144 31 187 205 171 110 24 160 227 155 283 277 29 334 199 203 215 58 186 150 232 245 258 74 121 101 166 292 307 338 300 70 22 275 21 224 74 186 212 169 167 323 202 278 216 272 19 147 187 369 163 170 353 356 159 235 183 290 222 79 193 307 140 136 207 337 317 255 300 109 149 226 292 298 108 180 162 156 265 65 388 190 200 315 205 194 387 176 152 170 102 143 194 369 308 146 125 290 364 97 222 294 209 258 176 305 139 156 137 241 251 108 171 191 264
 8 193 244 1 145 189 110 236 143 192 192 67 239 263 272 181 234 113 38 57 93 168 46 315 307 292 130 249 305 16 124 256 152 146 181 213 204 189 277 155 132 307 293 161 351 224 135 94 103 265 224 291 137 91 70 273 207 180 80 192 279 158 120 212 129 166 285 74 208 137 145 84 139 114 237 165 232 157 213 272 276 139 265 294 88 67 165 44 277 256 76 163 161 94 330 167 113 73 128 277 210 161 54 57 111 243 227 168 81 125 229 234 331 129 100 118 53 216 94 202 214 102 280 203 141 212 132 110 254 147 185 175 103 84 142 59 218 259 86 240 103 210 104 360 137 86 176 289 66 110 97 251 263 88 208 157 90 153 172 335 23 109 76 199 223 195 157 159 295 259 151 167 16 157 296 196 187 165 75 249 150 117 93 174 269 227 339 142 142 90 273 226 322 147 316 178 119 283 211 147 330 245 173 173 160 94 70 115 190 300 99 106 118 165 25 68 255 347 352 176
 151 167 128 145 1 226 168 137 110 151 245 210 129 214 216 83 231 59 175 184 53 251 107 182 164 259 164 120 240 151 112 113 146 224 142 146 154 242 145 219 217 235 175 56 208 93 182 237 43 196 156 159 28 194 186 136 160 43 134 206 236 243 161 177 113 90 141 85 157 31 171 226 210 58 170 117 116 40 206 186 147 86 130 165 60 166 72 169 147 116 73 288 176 104 259 288 32 196 107 135 252 215 91 187 250 105 126 73 148 44 178 130 267 100 102 228 191 101 237 101 228 170 180 92 139 246 210 208 174 8 135 60 167 223 273 192 79 148 152 135 97 138 60 220 153 103 282 160 199 89 211 142 123 66 242 163 113 286 229 191 128 146 211 232 154 92 180 145 152 141 210 274 151 259 219 180 228 259 180 105 59 130 58 246 179 262 198 183 260 81 145 261 272 146 175 130 108 262 242 258 187 198 165 302 101 171 209 174 141 162 231 67 32 147 152 130 194 204 210 143
 189 90 352 189 226 1 80 360 299 110 379 196 353 422 427 179 412 169 172 153 198 354 210 300 347 461 312 247 457 176 114 311 83 333 340 359 121 376 361 343 78 454 398 276 373 236 320 225 210 412 148 375 199 276 254 348 364 228 116 372 442 344 303 376 114 302 333 225 363 244 57 231 61 169 385 125 340 262 388 408 263 283 346 276 188 254 289 229 365 327 181 326 340 130 478 334 210 145 287 305 28 348 187 158 259 264 349 176 266 182 386 354 484 127 263 299 224 326 209 186 396 288 405 197 312 398 319 296 393 232 339 198 87 239 301 163 294 372 105 359 132 353 171 357 314 251 352 270 240 138 279 367 282 175 20 332 259 305 32 362 174 289 244 385 368 186 47 327 326 233 43 344 176 338 439 367 373 349 124 294 176 289 218 361 402 40 343 326 314 155 259 39 483 319 328 332 281 456 24 324 365 405 72 328 305 281 231 301 120 303 264 244 199 332 212 128 407 370 362 103
 111 104 294 110 168 80 1 297 225 113 301 128 293 350 356 149 335 111 98 82 130 277 133 287 313 386 234 225 387 98 69 269 66 255 267 290 127 297 311 264 52 385 342 212 347 206 241 159 143 343 154 325 145 199 177 300 292 183 40 294 369 266 224 302 72 233 295 149 291 181 41 162 43 112 315 104 281 200 311 342 247 212 296 263 120 176 223 151 313 280 110 256 262 65 409 263 146 79 212 274 103 269 111 87 191 233 286 141 187 127 313 292 413 82 187 223 149 266 147 164 318 210 342 171 235 319 241 218 326 174 267 159 9 168 232 94 244 312 26 297 73 284 109 341 236 175 278 257 165 82 203 306 253 108 99 255 182 237 68 333 95 211 170 306 299 161 52 252 294 221 47 269 98 262 371 291 294 272 54 255 132 212 147 283 337 119 324 248 241 89 243 117 410 242 304 260 205 380 102 249 333 332 79 260 234 202 158 222 117 282 191 173 138 256 134 51 336 344 341 98
 242 302 32 236 137 360 297 1 104 283 220 298 20 102 97 208 158 192 273 289 168 252 191 236 159 151 164 201 111 248 247 122 282 230 86 51 285 219 82 214 342 102 64 86 205 182 181 316 155 71 281 89 164 235 239 95 78 151 259 161 124 248 169 98 248 71 138 164 72 117 305 300 338 192 57 251 34 99 140 52 220 99 83 232 178 217 75 237 76 98 189 325 149 234 127 320 152 304 118 166 387 203 196 290 315 170 12 203 188 180 79 10 136 236 141 262 264 40 323 219 173 195 46 206 128 202 222 238 45 130 74 183 294 293 319 293 94 30 277 12 230 45 191 243 146 154 299 230 264 223 254 22 175 190 377 138 156 335 361 190 230 163 275 193 48 211 315 115 167 232 341 294 248 277 86 120 198 268 295 137 193 142 153 239 43 397 221 176 295 209 221 396 149 128 201 78 126 163 378 286 178 94 301 343 80 203 281 188 273 206 288 132 162 112 230 252 78 203 222 277
 147 263 122 143 110 299 225 104 1 250 142 200 113 125 132 192 123 143 179 198 105 161 100 277 228 163 68 222 165 156 194 177 231 136 42 72 256 140 168 124 264 166 166 69 276 196 87 215 96 123 262 180 130 132 137 173 68 148 186 97 145 155 71 78 197 41 203 77 67 80 245 198 264 143 96 215 113 81 98 131 248 25 161 265 114 114 57 136 165 163 120 224 69 171 189 220 102 214 16 215 325 117 115 198 212 199 97 181 86 138 89 105 191 188 43 162 163 100 224 210 119 94 143 201 34 138 125 137 113 105 44 169 221 191 218 200 135 131 202 111 172 69 137 303 52 57 204 260 162 169 152 122 213 127 318 56 56 233 293 259 142 61 173 125 81 201 257 36 225 247 272 197 156 181 155 73 123 174 210 181 163 40 83 152 130 338 280 85 194 147 247 337 186 39 256 37 25 161 320 187 250 108 254 243 27 101 179 89 242 251 185 57 116 39 132 176 114 273 286 239
 197 23 269 192 151 110 113 283 250 1 363 232 273 363 365 80 372 109 197 187 149 352 189 191 242 407 285 139 389 185 69 211 49 327 287 296 14 360 268 330 155 383 310 205 265 131 299 265 155 345 42 280 124 278 260 252 308 137 118 339 385 343 278 323 65 239 231 189 305 178 79 264 137 108 320 36 258 190 347 334 153 228 252 166 142 250 222 234 272 231 142 353 306 100 408 358 149 189 242 199 133 331 160 193 294 159 273 82 249 113 327 276 416 68 225 309 242 246 255 80 363 274 325 93 272 374 312 297 323 157 282 103 120 268 331 200 203 289 124 280 92 288 116 247 281 217 366 161 257 89 288 285 176 130 119 296 228 339 132 254 171 262 265 360 303 83 77 283 220 124 124 357 185 347 367 322 351 353 163 193 93 255 170 354 326 135 234 303 333 113 149 134 421 280 219 276 238 408 117 338 258 347 41 361 247 270 256 284 12 194 288 195 135 287 214 128 344 262 253 18
 192 371 248 192 245 379 301 220 142 363 1 210 237 164 177 321 92 259 215 237 219 51 177 418 366 159 82 362 209 205 298 317 332 53 136 171 373 4 298 38 320 221 280 210 415 335 66 203 217 191 385 307 259 109 131 307 145 286 267 62 165 56 87 129 302 180 342 176 150 216 333 185 329 260 177 331 242 222 91 218 388 165 294 405 224 126 198 154 293 301 223 143 76 268 233 133 226 251 140 357 401 33 205 234 177 340 218 308 117 260 154 226 225 296 145 105 168 233 219 341 62 92 242 334 109 35 64 93 201 241 148 302 293 174 154 232 275 249 276 231 274 176 250 444 93 149 101 401 155 275 116 241 354 235 398 89 138 167 362 398 207 103 159 33 176 332 345 113 366 385 342 101 205 87 220 103 23 71 262 323 289 116 199 34 224 418 420 64 121 251 387 416 200 104 397 148 138 139 402 106 387 154 355 163 164 99 172 81 358 393 152 180 240 114 169 255 175 411 426 349
 60 228 308 67 210 196 128 298 200 232 210 1 302 313 323 238 272 173 38 47 158 173 110 376 373 336 170 310 358 61 169 321 186 158 235 270 245 207 343 174 123 362 357 226 416 285 167 34 169 319 269 356 200 102 81 339 261 244 116 227 327 163 159 262 174 228 350 138 262 203 167 36 137 174 293 212 296 223 254 330 336 200 330 354 152 96 229 67 342 321 139 131 201 142 383 139 179 52 185 341 211 184 119 42 65 306 289 225 123 186 282 297 382 177 159 112 44 281 29 258 247 134 341 260 190 237 147 118 312 213 241 235 120 45 106 35 284 322 110 303 153 268 164 423 181 145 160 348 56 162 96 314 326 150 213 201 145 111 171 399 83 154 54 226 280 251 178 209 360 316 154 151 61 149 352 242 212 162 75 314 209 168 159 184 329 229 402 175 121 147 333 228 369 195 379 235 176 323 218 132 395 296 204 134 220 123 40 148 233 362 70 170 182 215 69 108 308 412 416 216
 245 291 13 239 129 353 293 20 113 273 237 302 1 121 116 196 176 186 275 290 165 266 194 217 140 170 176 184 127 250 240 103 274 244 101 69 273 235 63 228 340 117 55 83 186 167 195 322 152 89 267 72 155 244 248 76 96 138 256 178 143 262 181 116 240 77 118 166 90 113 298 306 335 185 77 241 17 93 158 67 202 105 63 214 175 225 75 243 58 78 187 336 164 229 141 332 148 305 126 147 380 218 195 292 323 153 19 191 197 172 98 12 151 228 148 274 270 28 328 205 191 206 53 192 140 220 235 249 63 122 89 171 291 300 330 296 78 21 274 10 224 62 185 224 159 160 313 212 271 217 264 14 157 186 370 152 163 345 356 171 231 173 283 210 67 198 308 129 147 215 337 307 250 290 100 137 215 282 295 118 183 153 152 254 57 390 202 190 306 205 203 388 166 142 182 91 135 183 370 298 158 113 292 355 88 213 287 200 262 187 297 134 156 126 235 249 97 183 203 268
 267 378 133 263 214 422 350 102 125 363 164 313 121 1 14 294 77 260 298 319 225 209 223 337 258 50 147 299 48 278 314 223 351 196 84 69 367 164 178 175 388 58 141 159 303 278 157 321 215 37 367 182 240 225 238 194 59 240 311 107 24 209 157 53 316 126 238 202 60 187 367 303 389 260 48 329 135 175 75 68 320 140 182 333 235 219 143 247 171 198 243 297 118 294 73 289 217 335 139 267 449 162 240 319 309 269 108 286 191 252 38 111 70 306 166 242 272 137 333 308 104 185 96 297 124 136 194 220 60 207 84 269 345 294 300 319 193 121 326 112 293 78 256 343 133 180 261 330 266 289 242 117 275 249 441 115 175 315 417 288 266 160 275 132 63 300 379 105 267 329 396 258 278 242 58 75 144 229 334 237 272 148 205 193 78 461 321 148 269 269 320 460 61 119 302 92 147 63 442 257 275 19 373 317 119 195 285 172 354 307 281 179 230 100 249 301 25 300 321 354
 276 381 127 272 216 427 356 97 132 365 177 323 116 14 1 295 90 264 307 327 230 222 231 332 251 56 158 297 36 286 318 218 355 208 92 71 369 177 170 188 395 45 132 161 295 276 168 332 219 28 368 173 242 236 249 187 66 239 317 119 29 222 168 63 320 128 232 209 66 189 372 314 395 264 47 331 131 177 88 59 317 145 176 329 240 229 145 257 164 193 248 309 129 299 62 301 221 343 146 262 454 175 246 327 320 266 105 287 201 255 44 106 61 309 174 254 282 134 343 308 117 196 87 296 134 149 206 231 54 209 90 270 352 304 312 328 189 114 333 107 297 79 260 336 144 187 273 326 276 293 253 110 271 253 446 126 183 327 423 281 273 170 286 145 63 300 384 115 261 327 402 271 286 255 46 86 157 241 341 233 274 157 210 206 69 466 315 160 282 274 317 465 57 128 296 97 155 72 447 269 268 28 376 329 123 206 295 183 356 302 292 185 234 109 258 307 22 292 314 357
 187 100 191 181 83 179 149 208 192 80 321 238 196 294 295 1 313 70 201 200 105 320 160 141 170 340 240 77 316 181 82 134 98 293 224 226 79 318 189 292 199 309 231 136 200 59 256 270 105 273 74 201 63 254 240 173 242 59 131 287 317 311 235 260 79 172 155 149 238 113 132 263 186 69 249 55 181 120 288 259 100 168 173 118 103 224 153 218 193 152 111 341 255 99 334 343 95 207 187 128 205 290 133 204 292 87 198 14 214 63 259 200 342 68 177 287 233 170 265 22 309 238 248 24 219 325 279 270 249 89 217 26 152 264 322 211 125 212 146 203 88 218 80 193 231 173 344 112 245 78 268 208 106 97 192 243 184 333 193 186 160 219 256 311 233 14 136 227 149 79 179 336 181 322 293 262 305 325 184 116 34 206 123 318 250 209 175 258 316 92 97 208 350 226 156 212 186 344 190 318 188 279 109 352 183 237 250 245 69 134 278 142 82 229 197 135 273 196 193 79
 237 384 189 234 231 412 335 158 123 372 92 272 176 77 90 313 1 264 266 288 225 140 203 383 315 70 105 335 120 249 314 272 350 132 92 110 378 92 238 111 365 133 209 182 362 311 106 273 217 109 384 245 253 174 192 251 83 266 297 46 74 142 116 62 316 146 292 190 89 201 360 255 370 265 104 337 187 197 26 140 359 146 239 374 233 177 166 207 232 251 237 231 75 288 143 222 224 303 131 315 437 98 227 286 255 308 159 302 155 260 80 165 135 308 151 183 229 183 288 330 31 139 167 321 102 60 135 164 126 225 101 290 329 244 238 286 235 183 310 169 290 118 257 398 100 162 191 371 219 288 188 176 319 246 431 81 154 253 401 346 243 126 227 60 110 321 372 89 320 363 380 190 249 175 135 52 74 160 308 282 285 124 203 123 148 451 375 98 206 266 359 450 110 95 353 105 135 53 434 192 334 72 373 251 132 150 239 125 364 354 227 178 238 86 215 285 94 359 377 360
 119 121 185 113 59 169 111 192 143 109 259 173 186 260 264 70 264 1 136 139 41 254 91 204 209 302 179 138 291 114 56 162 92 227 181 194 116 256 201 228 161 287 233 108 248 113 194 203 48 246 127 215 35 185 170 191 203 77 79 232 282 244 173 218 58 136 189 84 201 77 114 195 153 2 220 74 173 94 239 240 165 122 186 183 36 155 122 148 203 170 41 271 199 47 312 274 44 149 134 173 196 227 64 143 223 136 181 57 148 17 223 186 318 47 118 218 165 158 200 91 255 173 237 91 165 267 212 202 226 65 178 64 111 196 253 149 134 205 97 191 40 187 11 251 173 111 275 177 176 32 198 199 156 27 186 188 122 264 172 233 92 157 187 253 203 84 124 176 193 148 153 267 114 254 272 215 246 257 129 150 38 148 63 253 234 206 231 197 247 28 162 205 320 172 209 171 131 302 187 249 231 243 114 283 142 170 182 180 101 191 209 87 31 180 128 78 243 245 246 97
 33 194 280 38 175 172 98 273 179 197 215 38 275 298 307 201 266 136 1 24 123 184 82 338 338 325 162 272 341 26 133 287 152 165 217 250 210 212 312 178 107 344 329 196 380 248 163 71 135 301 233 326 164 107 85 307 243 208 80 222 314 174 151 247 137 203 316 110 244 171 137 68 117 137 274 175 268 192 245 309 298 175 299 316 117 91 201 62 312 289 104 159 193 105 366 166 144 39 164 306 191 185 85 22 98 269 263 188 112 150 265 271 367 140 137 128 53 252 65 220 244 129 317 223 175 238 152 126 290 178 222 198 90 73 136 22 251 295 77 277 116 246 127 386 170 123 181 311 69 125 108 288 290 114 191 190 125 143 151 364 48 142 73 226 259 214 148 194 324 279 132 172 26 166 333 230 213 177 50 279 171 152 127 193 306 209 365 171 144 110 295 207 356 181 343 215 155 316 195 152 360 281 171 165 197 119 62 143 197 325 95 142 146 200 52 71 290 376 380 181
 53 182 295 57 184 153 82 289 198 187 237 47 290 319 327 200 288 139 24 1 133 206 100 339 345 347 184 274 361 43 126 295 141 188 237 269 201 234 324 201 84 363 344 210 386 250 186 79 146 320 225 338 170 130 107 318 263 214 73 244 335 196 173 268 131 219 324 127 264 183 122 81 96 140 293 169 282 204 267 327 299 193 310 317 125 114 216 85 324 299 112 176 215 102 386 183 154 17 183 311 170 208 97 6 111 273 279 188 134 154 285 287 387 136 156 149 73 266 69 219 266 152 333 222 197 261 175 148 309 188 241 200 74 88 151 14 261 311 65 292 113 265 132 389 191 142 201 311 89 123 129 303 294 120 171 211 145 157 130 370 60 164 92 249 278 213 132 215 330 278 111 192 43 187 352 251 236 198 30 286 173 173 140 215 324 188 369 193 163 112 296 187 377 203 347 234 174 338 175 172 367 301 158 179 215 142 79 166 188 328 112 158 154 220 74 66 310 382 384 171
 99 160 167 93 53 198 130 168 105 149 219 158 165 225 230 105 225 41 123 133 1 216 59 228 216 266 139 163 259 99 91 165 128 189 144 162 157 216 192 188 176 257 216 83 259 136 154 185 14 215 167 206 48 151 139 185 168 90 92 192 246 207 133 181 93 105 193 45 166 53 143 175 172 42 188 115 155 74 200 213 190 86 178 208 11 121 94 120 193 167 23 242 159 70 281 243 22 146 95 186 225 187 39 136 200 153 157 92 110 43 189 163 286 84 77 185 140 139 185 126 215 134 213 122 125 227 174 167 197 56 142 91 128 173 225 141 129 185 110 169 68 155 34 270 133 71 241 203 150 65 166 178 172 24 217 148 82 237 196 243 77 117 161 213 171 117 154 137 203 178 176 233 99 219 243 176 205 221 132 157 72 107 23 214 207 237 248 157 215 45 188 236 285 132 225 135 91 264 218 215 239 208 150 255 108 133 159 141 142 210 182 49 27 141 102 85 210 256 261 136
 166 357 277 168 251 354 277 252 161 352 51 173 266 209 222 320 140 254 184 206 216 1 165 430 388 208 94 370 255 180 285 336 316 28 167 205 363 50 326 39 289 266 314 226 436 342 75 160 217 233 378 336 260 79 101 332 181 293 247 104 212 11 93 168 289 201 363 172 186 225 312 144 300 255 215 321 270 235 135 257 397 181 320 415 219 104 216 126 322 323 214 93 104 254 279 83 227 218 154 373 374 50 194 202 132 351 248 307 107 258 194 256 273 286 150 62 134 259 178 341 110 83 280 336 129 85 42 60 240 248 179 304 269 133 104 198 294 281 253 262 261 209 244 461 111 149 53 410 119 265 78 273 368 228 373 115 139 117 334 419 187 107 120 81 211 332 324 139 384 390 315 51 180 37 264 142 67 21 233 339 287 126 199 18 262 391 438 78 71 241 395 390 249 126 414 176 149 189 377 56 410 197 339 113 186 84 134 78 348 407 109 185 240 141 145 235 217 433 446 337
 52 195 199 46 107 210 133 191 100 189 177 110 194 223 231 160 203 91 82 100 59 165 1 285 268 256 103 220 264 58 123 216 156 139 140 170 199 174 233 143 166 265 248 117 313 193 113 134 66 222 215 247 106 95 82 230 166 147 95 163 241 155 94 173 126 121 245 29 167 95 159 121 169 92 195 157 187 114 180 228 248 94 221 266 58 65 120 63 233 214 51 184 131 92 288 185 77 115 86 241 235 144 30 100 144 210 182 146 61 99 188 189 290 122 58 128 85 171 137 181 187 86 235 179 104 191 124 112 210 108 143 148 127 118 167 103 177 214 108 195 98 166 81 326 104 45 185 261 93 101 109 206 229 65 229 124 51 180 199 297 43 80 104 177 179 173 172 122 258 235 178 177 58 164 253 160 167 167 111 211 127 81 52 166 225 250 304 119 158 77 245 248 283 111 281 136 77 249 232 159 291 205 179 197 116 82 104 97 184 267 125 61 85 127 46 83 213 310 316 174
 322 211 206 315 182 300 287 236 277 191 418 376 217 337 332 141 383 204 338 339 228 430 285 1 96 386 340 67 340 317 221 115 229 403 294 277 181 416 170 396 336 327 219 209 88 93 359 406 222 305 155 174 181 375 365 150 301 140 271 370 359 422 339 322 217 242 106 266 296 206 264 398 320 203 291 185 203 198 360 280 42 254 160 26 230 346 223 346 177 141 241 468 345 239 348 468 210 347 280 71 322 391 263 344 425 80 230 152 329 191 310 227 361 208 281 409 366 203 403 125 389 351 257 118 310 413 390 389 279 184 283 142 291 398 451 350 149 222 285 226 228 268 213 58 326 284 463 31 376 217 391 224 65 228 308 332 294 464 321 85 295 324 387 400 279 128 264 309 77 68 311 455 317 440 311 335 399 439 324 102 168 306 238 424 269 321 50 358 441 229 45 320 380 315 49 281 283 397 304 439 97 327 231 482 258 352 384 353 182 31 409 246 201 310 328 275 313 86 69 200
 314 263 128 307 164 347 313 159 228 242 366 373 140 258 251 170 315 209 338 345 216 388 268 96 1 306 295 106 254 314 246 54 267 362 232 206 236 364 82 351 364 240 129 164 50 112 314 400 205 224 216 82 177 346 342 66 233 133 286 311 279 381 296 254 244 188 26 243 227 176 300 388 352 208 215 223 129 159 295 196 105 208 78 106 222 320 172 329 89 67 235 442 291 253 259 440 195 356 235 44 372 343 254 349 411 84 156 175 298 193 237 151 273 232 245 380 353 135 400 163 327 314 170 151 260 354 350 357 199 162 221 155 315 385 430 354 96 138 304 148 243 198 215 86 278 252 428 107 359 233 365 143 67 226 359 278 260 444 362 33 291 284 371 343 206 162 305 255 24 133 347 421 314 405 224 272 345 400 337 60 182 263 218 378 185 375 65 311 413 236 108 374 295 264 50 220 241 320 357 408 24 252 276 458 204 319 371 313 231 68 390 216 193 253 313 286 234 46 64 246
 295 422 181 292 259 461 386 151 163 407 159 336 170 50 56 340 70 302 325 347 266 208 256 386 306 1 167 348 67 307 355 272 392 201 122 116 412 160 225 180 421 83 185 205 350 327 171 339 256 83 414 228 284 240 257 242 100 287 347 112 28 211 177 86 358 170 286 237 103 231 406 321 423 303 97 373 184 221 83 113 369 181 230 382 275 240 189 270 219 247 281 300 135 333 83 290 260 363 175 316 486 167 275 346 322 318 157 332 215 295 83 160 72 348 200 251 293 186 353 355 99 203 140 344 153 126 203 231 108 253 126 316 381 311 307 346 242 169 362 161 333 125 297 391 157 212 259 379 284 330 255 165 325 289 479 137 206 321 453 336 297 185 293 128 111 347 418 135 316 378 432 258 307 244 92 97 143 228 365 286 317 177 245 191 123 500 370 163 275 309 369 498 43 146 350 132 181 24 481 261 322 63 415 320 161 214 304 189 398 356 294 218 273 130 275 336 74 347 368 397
 133 294 187 130 164 312 234 164 68 285 82 170 176 147 158 240 105 179 162 184 139 94 103 340 295 167 1 282 193 145 222 244 257 69 81 121 294 79 234 58 262 200 227 134 343 255 20 176 136 160 305 245 178 79 93 240 101 205 197 62 158 88 12 97 225 108 270 97 105 136 262 157 267 180 137 252 178 144 85 179 309 88 228 326 145 75 123 104 231 230 145 162 32 193 219 157 146 199 62 281 336 52 130 182 164 261 159 228 51 180 120 167 216 219 64 101 128 166 188 260 85 39 197 254 37 90 59 77 160 161 91 221 228 148 160 182 201 192 209 173 197 122 171 369 19 69 137 321 120 198 97 184 277 157 331 33 59 175 299 326 141 24 130 75 129 251 274 51 292 304 278 132 145 115 193 74 67 107 204 247 208 35 119 85 181 351 345 19 133 174 307 350 201 36 322 87 58 155 334 123 317 130 280 182 93 50 140 27 279 316 135 99 159 55 111 185 146 340 353 272
 256 160 175 249 120 247 225 201 222 139 362 310 184 299 297 77 335 138 272 274 163 370 220 67 106 348 282 1 311 251 158 91 170 343 245 234 132 359 153 337 275 300 202 156 127 28 300 340 157 271 111 162 115 311 301 134 256 78 206 318 322 362 279 276 154 191 100 202 251 146 205 332 260 137 253 126 169 142 312 250 28 198 139 47 165 282 171 281 159 117 175 403 290 174 323 404 146 282 223 64 271 333 198 278 360 33 193 87 267 125 268 192 334 144 221 346 300 164 337 64 338 289 231 54 254 359 329 326 245 122 235 76 228 332 386 285 108 194 221 193 162 225 147 117 269 222 401 41 310 152 327 194 40 162 257 277 232 398 265 116 229 264 322 346 238 65 208 256 83 33 253 392 251 378 283 286 343 378 259 71 102 247 174 365 240 273 100 300 377 163 26 272 349 260 82 231 225 357 255 376 120 287 176 416 206 290 318 292 128 58 343 185 136 257 262 209 276 124 118 145
 310 406 137 305 240 457 387 111 165 389 209 358 127 48 36 316 120 291 341 361 259 255 264 340 254 67 193 311 1 320 346 227 382 243 125 98 392 210 173 222 427 17 128 186 294 293 203 367 247 46 389 173 267 271 284 192 99 259 348 153 48 256 203 98 347 156 237 241 98 215 401 349 427 291 73 356 143 201 121 62 328 176 181 339 269 264 170 292 166 201 278 344 165 328 26 336 249 377 179 270 483 209 278 361 355 279 120 310 236 281 77 120 28 336 207 289 317 150 379 328 149 231 85 316 168 179 241 266 68 233 122 291 383 340 347 362 204 120 364 119 326 105 287 338 179 221 307 337 312 321 288 118 282 283 475 161 217 362 453 282 306 205 321 177 90 320 412 149 267 342 433 305 320 289 31 121 190 275 374 244 298 191 240 239 73 495 318 195 316 303 329 494 42 164 300 129 188 89 476 304 268 64 403 364 153 242 331 219 379 310 327 215 261 144 292 338 52 292 315 382
 15 185 255 16 151 176 98 248 156 185 205 61 250 278 286 181 249 114 26 43 99 180 58 317 314 307 145 251 320 1 119 262 143 158 196 227 198 202 287 169 118 321 304 171 356 226 149 90 110 278 219 300 140 102 81 282 222 185 70 206 294 170 135 227 123 178 291 86 222 146 133 83 125 115 251 160 243 166 228 285 277 151 274 296 92 80 176 55 287 264 80 169 176 89 344 174 120 58 141 282 197 175 60 43 113 247 239 168 96 127 243 246 345 124 114 128 58 227 88 201 229 116 292 203 155 227 145 121 267 154 199 176 90 85 147 46 226 271 74 252 99 223 105 363 151 100 184 290 73 107 107 263 267 91 195 171 104 156 158 340 23 124 80 214 236 194 146 174 300 259 137 175 1 167 310 211 201 176 60 254 150 132 102 186 282 213 342 156 149 89 274 212 336 162 320 192 133 298 198 156 336 260 164 177 173 108 72 130 184 303 103 117 122 179 38 59 269 353 356 169
 129 74 239 124 112 114 69 247 194 69 298 169 240 314 318 82 314 56 133 126 91 285 123 221 246 355 222 158 346 119 1 204 38 260 234 249 81 295 250 264 119 342 285 163 279 139 234 202 101 302 102 264 86 210 192 238 257 119 55 278 335 275 214 271 5 191 229 127 255 132 60 199 107 56 275 43 227 149 289 296 180 176 235 197 82 182 177 167 253 217 78 286 245 32 367 291 99 131 184 206 141 266 94 131 229 166 236 73 183 69 278 241 373 15 164 241 175 213 194 97 302 208 291 104 213 310 245 229 282 119 231 92 72 202 264 139 183 259 66 246 26 242 60 274 219 155 299 191 189 27 220 253 186 69 131 236 165 273 120 266 103 199 198 296 258 93 69 226 227 156 103 289 119 279 327 265 287 285 106 189 66 193 112 287 289 151 256 239 265 49 176 150 374 220 237 225 179 354 132 270 266 297 60 294 197 203 189 218 66 215 221 138 87 230 146 63 298 276 273 53
 262 233 92 256 113 311 269 122 177 211 317 321 103 223 218 134 272 162 287 295 165 336 216 115 54 272 244 91 227 262 204 1 229 311 186 164 208 315 63 300 320 215 113 112 101 83 263 348 153 191 193 72 128 294 289 44 190 87 240 264 245 330 245 211 203 138 30 190 184 123 261 336 310 161 177 188 89 106 251 166 104 157 50 113 171 267 121 276 70 28 185 389 242 207 237 387 144 307 184 45 337 293 203 298 359 60 116 136 245 146 197 113 249 190 193 327 300 90 349 133 281 262 145 120 210 307 299 304 165 110 174 115 270 332 377 304 44 108 257 112 198 156 167 128 228 199 376 112 306 188 312 110 57 176 324 229 207 391 322 84 240 232 318 295 166 129 267 206 50 122 306 369 262 353 198 227 296 348 289 21 139 212 165 328 156 342 105 260 360 188 105 341 267 214 83 173 189 284 323 355 77 214 242 405 154 266 318 261 200 85 337 163 142 205 261 238 199 98 111 212
 155 43 272 152 146 83 66 282 231 49 332 186 274 351 355 98 350 92 152 141 128 316 156 229 267 392 257 170 382 143 38 229 1 292 271 286 62 329 279 297 110 378 317 198 296 156 269 219 138 338 89 292 119 240 220 266 294 146 74 314 372 306 249 307 36 228 252 163 292 168 36 219 93 92 311 45 260 184 326 331 189 212 264 204 119 213 213 195 283 244 115 310 281 65 403 315 135 142 221 225 110 300 128 146 249 184 271 94 216 103 314 275 409 47 200 269 199 246 208 108 338 241 325 118 249 346 277 259 317 153 268 115 73 224 287 154 212 292 77 280 61 278 97 284 255 191 326 199 215 64 248 287 203 105 98 272 201 294 96 283 131 234 222 332 294 107 39 263 246 161 84 317 143 308 363 302 322 315 116 212 94 229 149 320 324 117 268 273 291 86 185 116 411 257 251 261 216 391 98 297 285 334 24 316 233 236 212 252 52 227 244 175 123 267 174 85 334 292 287 33
 145 332 254 146 224 333 255 230 136 327 53 158 244 196 208 293 132 227 165 188 189 28 139 403 362 201 69 343 243 158 260 311 292 1 145 184 337 51 302 22 271 252 293 200 411 316 50 150 190 216 352 313 233 59 81 308 162 266 224 91 201 20 67 151 264 176 337 146 166 198 289 133 281 228 197 296 246 208 123 239 370 155 296 388 192 80 191 105 298 298 188 102 84 229 267 95 201 200 128 347 354 35 168 184 126 325 226 280 80 231 177 234 262 260 123 53 117 234 167 314 103 56 260 309 105 84 16 41 221 221 157 277 247 122 107 181 268 259 230 240 236 188 218 435 86 122 70 383 103 239 64 251 341 202 352 94 112 122 314 394 163 81 106 76 191 305 301 116 358 363 294 66 158 49 248 125 61 39 214 313 260 100 172 29 243 371 411 55 75 215 368 369 240 103 388 154 123 183 356 62 385 182 315 122 161 58 120 52 322 380 100 158 213 120 122 211 201 407 420 312
 186 301 113 181 142 340 267 86 42 287 136 235 101 84 92 224 92 181 217 237 144 167 140 294 232 122 81 245 125 196 234 186 271 145 1 41 292 135 163 129 305 128 148 91 281 220 97 247 134 85 296 172 165 157 166 172 27 175 228 80 104 163 88 38 236 55 209 118 28 112 285 230 306 181 59 252 107 107 68 99 269 60 159 284 154 144 75 170 158 167 160 242 64 212 150 236 139 253 56 228 366 118 156 237 240 218 83 214 116 175 49 91 151 226 83 181 196 99 257 240 97 116 117 231 48 123 138 157 80 136 13 200 262 221 240 239 146 115 243 96 212 43 175 313 64 97 215 281 192 208 176 107 230 167 359 53 93 255 334 264 183 86 203 111 49 232 297 31 234 272 313 210 196 193 118 43 115 183 251 194 198 69 123 154 101 379 290 91 213 188 268 378 144 46 267 14 64 122 360 203 253 66 293 262 42 125 211 107 278 266 212 97 153 27 169 217 74 277 294 277
 218 311 81 213 146 359 290 51 72 296 171 270 69 69 71 226 110 194 250 269 162 205 170 277 206 116 121 234 98 227 249 164 286 184 41 1 299 170 131 167 331 97 111 91 253 212 137 284 150 54 299 139 172 196 204 143 28 172 251 111 92 202 128 48 251 59 183 145 23 120 304 267 330 195 27 262 78 107 91 61 256 79 130 270 172 182 75 206 126 142 181 282 102 231 121 276 152 284 87 208 386 156 181 269 279 205 51 218 153 185 35 58 125 240 114 221 233 75 294 240 123 155 77 229 87 153 178 196 42 139 31 201 286 259 279 271 129 79 267 62 229 10 191 289 103 128 254 267 230 224 215 71 213 185 378 92 126 294 356 238 212 124 241 143 10 232 315 71 211 264 335 249 227 232 84 70 149 222 279 176 204 106 143 192 62 398 267 130 252 206 256 397 127 85 245 37 96 123 379 242 226 55 307 301 56 164 248 146 286 247 251 118 164 66 203 242 49 250 269 287
 209 31 269 204 154 121 127 285 256 14 373 245 273 367 369 79 378 116 210 201 157 363 199 181 236 412 294 132 392 198 81 208 62 337 292 299 1 370 265 340 168 386 309 209 257 126 308 278 162 348 29 277 129 289 271 249 313 137 131 347 389 353 287 329 76 243 226 198 310 182 93 277 150 115 323 43 258 193 353 336 144 234 250 156 150 261 225 246 270 228 151 365 314 112 410 370 156 202 249 193 142 340 170 206 307 154 275 84 259 119 331 278 418 78 233 320 254 247 268 75 370 284 326 89 280 382 322 308 325 161 287 104 134 281 343 213 203 290 137 281 103 291 124 238 289 226 378 151 269 99 299 286 169 138 128 304 237 351 144 246 182 271 277 368 307 80 90 290 213 114 137 369 198 358 369 328 360 364 176 189 96 263 178 364 327 143 225 312 345 123 140 141 425 287 211 281 246 414 125 350 251 351 54 373 252 280 268 293 16 186 300 202 141 294 225 140 347 254 244 31
 188 368 246 189 242 376 297 219 140 360 4 207 235 164 177 318 92 256 212 234 216 50 174 416 364 160 79 359 210 202 295 315 329 51 135 170 370 1 296 35 317 221 279 208 413 332 63 200 214 191 382 306 256 106 128 305 144 283 264 61 165 54 84 128 299 178 340 173 149 214 329 183 326 257 176 327 241 219 91 217 386 163 293 403 221 123 196 151 292 299 220 142 74 265 233 132 224 248 137 354 398 30 202 231 175 338 217 305 114 257 153 224 226 293 142 102 165 231 217 338 63 89 241 332 107 36 61 90 200 238 147 299 290 171 152 229 273 247 273 229 271 175 247 441 91 146 100 398 152 272 114 239 352 232 395 87 135 165 359 396 204 100 156 33 175 329 342 111 364 382 339 99 202 86 220 102 22 69 259 320 286 113 197 32 223 414 418 61 119 248 384 413 201 102 395 146 136 141 399 104 386 153 352 162 162 96 169 78 355 390 149 178 237 112 166 251 175 409 424 346
 284 288 51 277 145 361 311 82 168 268 298 343 63 178 170 189 238 201 312 324 192 326 233 170 82 225 234 153 173 287 250 63 279 302 163 131 265 296 1 288 361 160 51 118 126 144 253 366 179 143 253 15 167 297 297 21 158 135 278 240 198 321 238 178 250 128 65 206 152 142 309 351 353 200 136 241 57 121 220 114 165 154 17 172 201 274 119 289 8 39 214 390 224 247 180 387 172 337 179 101 388 278 228 326 371 122 81 188 248 186 159 74 193 237 196 328 315 69 370 192 253 260 89 178 198 282 292 303 118 139 150 166 311 346 382 331 68 58 296 70 240 124 204 167 217 206 370 172 318 231 316 63 118 209 376 212 211 397 369 111 265 228 330 272 129 187 316 188 95 185 352 364 287 347 143 199 276 340 323 83 186 207 186 314 103 395 146 249 361 225 167 394 214 200 128 152 186 240 375 354 98 172 294 408 142 267 333 256 256 139 346 174 176 186 277 274 154 123 144 266
 155 337 239 155 219 343 264 214 124 330 38 174 228 175 188 292 111 228 178 201 188 39 143 396 351 180 58 337 222 169 264 300 297 22 129 167 340 35 288 1 283 231 276 190 399 310 39 169 188 197 354 298 231 73 95 294 143 260 231 70 180 36 59 132 268 164 326 145 148 192 297 151 292 229 178 298 232 200 102 220 364 145 282 382 193 90 180 117 284 286 190 123 66 234 246 115 198 214 118 338 365 14 171 198 146 318 210 279 82 230 157 218 241 263 118 74 132 221 185 312 82 57 242 307 92 65 28 58 202 216 141 274 257 140 128 195 258 243 239 224 240 171 218 425 73 119 88 377 119 242 82 235 333 203 362 77 108 143 326 383 171 74 124 56 174 303 309 101 348 359 305 85 169 68 228 105 40 56 226 304 259 91 170 29 224 381 402 41 96 218 363 380 219 89 379 138 115 162 366 83 373 162 320 143 148 63 137 48 325 372 120 153 211 103 132 219 181 396 409 316
 131 141 341 132 217 78 52 342 264 155 320 123 340 388 395 199 365 161 107 84 176 289 166 336 364 421 262 275 427 118 119 320 110 271 305 331 168 317 361 283 1 427 390 258 398 257 266 149 189 384 196 375 195 213 191 351 331 234 85 323 406 279 251 338 122 277 346 188 330 227 76 157 20 162 356 152 329 248 343 386 296 253 346 312 166 195 268 167 363 330 154 252 292 115 451 261 193 73 250 325 90 290 151 88 184 284 332 191 213 177 352 338 454 133 223 231 156 313 133 213 345 232 388 221 269 343 258 231 369 223 306 210 51 167 227 92 294 360 67 344 123 326 158 390 267 210 281 306 172 133 212 353 304 155 94 287 216 229 50 384 124 240 174 330 340 211 80 287 345 269 38 273 118 269 414 325 317 281 59 306 183 245 191 298 381 108 374 273 243 138 292 107 448 276 355 299 242 413 99 253 384 370 116 252 276 223 160 246 161 332 192 214 187 292 154 92 376 394 391 141
 312 401 126 307 235 454 385 102 166 383 221 362 117 58 45 309 133 287 344 363 257 266 265 327 240 83 200 300 17 321 342 215 378 252 128 97 386 221 160 231 427 1 113 181 280 283 211 372 245 44 382 159 261 278 290 178 102 252 346 163 62 266 209 104 343 153 223 241 101 211 398 354 426 287 72 350 133 196 131 52 317 175 168 327 267 269 166 296 153 189 276 353 172 325 26 345 245 379 181 258 480 219 277 363 362 269 112 303 241 276 81 111 35 332 208 297 322 141 383 320 160 237 72 308 173 192 249 274 62 228 123 284 382 345 355 365 194 108 363 109 323 103 284 324 184 222 317 326 317 317 295 107 271 280 472 167 219 370 452 267 307 210 327 189 88 313 409 154 254 332 431 315 321 299 18 129 201 285 375 232 292 195 239 250 62 492 304 203 325 300 318 491 57 168 287 130 190 104 473 313 253 71 398 373 152 247 336 225 373 297 334 214 256 148 295 337 55 278 300 376
 299 330 50 293 175 398 342 64 166 310 280 357 55 141 132 231 209 233 329 344 216 314 248 219 129 185 227 202 128 304 285 113 317 293 148 111 309 279 51 276 390 113 1 135 168 191 244 376 203 105 299 47 200 297 302 71 137 174 306 220 159 311 233 154 285 131 114 220 131 164 344 360 384 232 107 281 63 143 196 74 215 159 64 223 226 278 129 297 44 87 238 388 211 278 131 383 198 358 180 151 425 265 248 345 377 171 71 229 250 218 131 62 145 273 202 326 324 79 382 237 229 258 46 223 191 260 285 301 84 169 137 207 340 354 382 349 107 36 324 56 271 106 233 212 209 214 362 222 325 263 317 45 168 236 414 200 217 398 403 155 285 226 337 252 105 231 353 178 144 234 384 357 304 340 98 178 258 331 347 132 224 205 205 301 64 433 193 239 358 253 217 432 169 192 177 141 188 203 414 349 141 140 334 407 141 266 341 251 299 189 350 188 204 174 289 300 119 165 188 307
 167 222 86 161 56 276 212 86 69 205 210 226 83 159 161 136 182 108 196 210 83 226 117 209 164 205 134 156 186 171 163 112 198 200 91 91 209 208 118 190 258 181 135 1 212 130 153 248 70 141 209 132 82 184 182 117 107 85 174 163 182 219 134 125 164 37 140 89 103 32 220 234 254 108 116 172 73 17 158 133 181 46 107 197 93 159 18 172 117 103 105 279 136 149 205 277 67 225 73 148 303 184 114 212 254 131 75 128 135 96 124 81 212 152 82 217 198 57 253 151 183 151 131 141 102 205 188 193 120 49 83 112 210 229 268 216 70 103 192 86 145 83 106 236 119 91 265 193 201 138 203 96 145 105 293 123 97 283 276 195 151 121 213 192 99 143 230 102 160 182 256 258 171 241 165 132 191 237 213 114 114 101 71 218 127 313 213 151 250 124 180 312 217 107 190 78 78 209 294 245 187 144 219 296 51 156 216 150 196 184 230 57 77 103 160 168 139 209 221 197
 358 286 174 351 208 373 347 205 276 265 415 416 186 303 295 200 362 248 380 386 259 436 313 88 50 350 343 127 294 356 279 101 296 411 281 253 257 413 126 399 398 280 168 212 1 142 362 444 250 268 234 123 217 394 389 112 281 173 324 359 323 430 345 301 277 236 74 289 275 222 330 432 384 247 261 251 176 206 343 238 115 257 124 107 265 367 221 374 132 115 277 489 340 290 297 487 239 396 284 76 397 391 298 389 457 115 203 207 345 233 283 197 311 266 293 427 397 183 443 189 374 362 211 179 309 402 399 404 243 206 269 190 350 430 476 395 144 183 340 194 280 246 255 49 327 299 476 111 405 269 412 188 95 267 383 327 308 490 390 18 334 332 416 391 253 190 333 303 57 145 378 469 356 453 264 320 393 448 376 104 217 312 263 427 227 398 40 360 460 275 119 397 336 313 47 269 289 365 380 456 29 297 302 505 252 367 416 361 254 72 436 262 235 302 358 324 279 5 25 271
 230 153 159 224 93 236 206 182 196 131 335 285 167 278 276 59 311 113 248 250 136 342 193 93 112 327 255 28 293 226 139 83 156 316 220 212 126 332 144 310 257 283 191 130 142 1 273 315 130 252 111 154 89 284 274 126 233 51 185 292 301 334 252 252 136 166 100 175 228 120 190 307 244 112 232 112 151 116 287 232 56 172 129 74 138 255 146 255 149 106 149 376 263 152 306 377 119 259 196 70 261 306 171 255 333 29 174 67 240 100 246 174 317 125 194 319 274 144 312 53 313 262 216 40 228 333 302 299 226 95 211 51 209 306 360 261 90 179 201 175 141 203 122 139 243 195 373 69 284 130 300 177 48 137 248 251 205 372 251 128 204 237 295 320 217 50 194 230 91 53 237 365 226 351 266 261 317 350 238 64 79 220 147 338 222 264 120 273 350 139 54 263 330 234 99 207 198 334 246 349 130 265 165 390 180 263 292 265 120 79 317 158 110 232 236 187 255 138 136 134
 136 307 205 135 182 320 241 181 87 299 66 167 195 157 168 256 106 194 163 186 154 75 113 359 314 171 20 300 203 149 234 263 269 50 97 137 308 63 253 39 266 211 244 153 362 273 1 169 152 173 320 264 195 70 87 259 116 223 206 61 166 69 22 108 238 128 289 111 120 155 271 151 273 195 151 266 197 163 89 193 327 108 247 344 159 73 143 103 249 249 158 146 40 205 229 140 162 200 81 300 343 34 141 183 154 280 177 244 55 196 133 185 225 232 81 87 124 185 183 276 82 35 213 270 56 79 42 64 175 179 108 238 235 141 146 182 220 210 216 191 209 139 185 388 37 84 119 340 115 211 86 202 296 170 339 46 73 161 305 346 147 38 123 66 144 267 284 68 311 322 284 114 149 97 206 83 55 89 208 266 224 54 135 66 196 359 365 10 117 187 325 357 207 54 341 105 77 158 342 107 336 141 292 166 112 45 134 21 293 334 125 117 175 71 113 194 158 359 372 285
