NAME : domp300p100v3
COMMENT : (Deleplanque et al.) 
TYPE : DOMP
DIMENSION : 300
DISPLAY_DATA_TYPE: NO_DISPLAY
OPEN_FACILITIES : 100
COST_SECTION
 1 313 184 150 269 309 192 172 159 46 243 149 307 312 58 331 178 199 177 116 292 168 287 220 196 237 47 106 188 194 49 29 210 30 110 251 289 245 164 56 129 268 140 215 151 201 233 211 65 289 102 93 120 199 119 76 244 117 279 162 76 136 311 142 126 38 118 106 66 54 145 274 129 160 189 84 158 122 65 268 171 174 164 119 49 152 231 73 189 255 109 76 318 103 328 281 41 115 77 162 134 92 107 66 108 202 100 111 154 226 35 30 141 174 195 78 122 228 145 90 314 95 153 82 199 289 154 189 258 255 151 303 202 132 103 159 229 293 95 302 301 92 248 184 72 87 55 232 309 299 43 83 183 215 46 221 183 149 160 222 121 205 115 145 34 370 132 300 46 76 229 219 300 276 347 133 117 10 174 102 140 125 224 202 240 148 285 165 287 344 146 59 170 256 246 147 187 195 139 172 157 194 188 353 113 159 160 275 82 325 359 51 193 315 192 171 207 193 177 133 7 105 251 94 182 304 277 135 35 225 152 172 338 295 276 267 250 209 195 219 176 29 301 188 195 121 78 197 162 126 317 86 186 128 239 155 194 53 324 120 60 41 309 225 204 120 163 141 93 258 125 320 99 295 175 197 178 271 206 252 262 292 59 344 134 88 102 151 177 94 249 204 239 172 189 335 28 321 270 150
 313 1 153 165 165 189 289 142 264 356 167 239 50 85 280 108 140 433 210 257 83 240 96 239 126 94 355 348 386 220 295 285 188 333 287 73 145 133 202 290 342 198 183 282 281 276 82 201 253 54 249 351 391 404 221 383 115 295 90 298 350 389 235 172 249 341 330 353 296 365 386 225 385 325 397 238 210 192 356 254 143 212 328 280 287 166 161 328 163 65 284 324 142 261 207 203 349 219 328 379 181 382 374 343 384 285 230 237 181 159 346 334 422 174 173 369 259 270 170 295 37 337 163 365 193 54 289 411 143 114 164 90 407 183 214 288 121 24 267 265 204 384 216 213 361 273 318 135 114 87 271 384 419 269 354 166 422 264 362 218 252 430 241 372 292 240 182 247 333 335 132 195 94 162 250 252 248 316 202 310 231 218 216 150 131 327 63 290 86 228 212 319 395 65 72 258 171 252 310 431 425 169 365 212 320 356 252 68 391 46 135 264 151 58 443 358 250 387 320 356 308 259 63 349 361 140 159 418 343 277 333 297 98 46 170 210 275 187 120 228 323 317 224 235 263 382 326 119 417 195 109 385 131 325 98 242 361 339 158 326 338 322 112 184 264 372 167 398 395 105 305 100 391 156 385 234 180 89 122 65 177 227 296 252 198 294 307 201 183 220 113 372 88 337 125 191 304 51 45 378
 184 153 1 53 210 143 251 49 116 228 77 89 169 193 138 219 85 282 65 182 111 93 105 112 32 122 218 198 236 82 184 160 182 197 136 81 111 65 158 147 190 114 45 147 223 137 77 194 120 155 163 249 242 254 143 259 152 217 97 242 204 293 165 78 98 204 245 203 150 229 296 134 288 175 246 133 59 73 213 149 58 177 265 204 175 44 61 181 141 117 203 176 229 177 165 127 223 73 181 300 86 268 225 199 277 145 87 156 32 171 214 198 273 137 37 254 107 142 56 204 169 240 48 254 60 155 230 260 81 161 73 188 336 83 109 232 47 130 118 176 143 269 111 71 246 125 208 52 127 117 143 242 268 135 218 56 270 207 287 215 100 279 164 287 156 210 80 164 216 188 47 195 188 212 197 101 97 189 167 160 170 68 215 23 161 257 108 237 172 185 154 174 313 89 83 107 27 224 159 280 274 32 216 187 168 283 203 98 254 182 251 143 130 180 291 208 116 237 266 204 181 109 103 200 297 125 104 270 209 147 182 246 218 122 107 121 155 61 54 220 267 179 153 95 233 232 224 47 265 107 209 243 85 246 60 191 213 223 147 243 194 181 126 191 128 222 22 247 253 76 229 138 276 120 234 98 32 159 109 90 98 148 152 197 52 202 219 50 36 102 155 224 66 188 73 165 167 181 121 293
 150 165 53 1 175 196 199 23 137 194 129 109 166 181 117 204 47 285 101 130 148 120 145 155 50 103 191 191 246 122 141 123 137 170 137 102 161 114 108 128 192 166 29 181 170 169 84 148 89 150 112 203 231 263 90 223 124 166 135 189 188 247 217 26 106 178 195 196 135 201 248 185 241 188 255 86 85 29 193 196 25 126 213 152 132 12 114 167 96 111 152 164 205 126 217 179 188 64 168 250 34 227 215 181 233 176 70 104 46 132 183 171 261 89 86 213 114 181 6 154 171 192 7 212 106 149 178 266 132 135 22 173 285 31 60 180 91 144 112 225 195 229 161 109 205 116 165 101 171 155 108 220 270 172 191 108 271 154 236 168 106 285 112 238 128 262 28 215 176 175 96 150 172 178 250 112 100 154 118 157 118 68 168 75 129 205 138 185 157 238 103 157 264 107 97 125 75 173 168 276 267 82 230 239 168 232 151 128 228 183 236 103 89 176 290 219 154 248 213 205 146 106 104 190 245 173 156 257 180 184 192 194 207 146 160 172 197 110 46 172 215 153 205 130 181 224 178 48 262 54 192 222 52 195 94 139 229 183 197 193 176 158 170 148 163 216 38 242 231 118 177 178 236 171 241 136 74 141 78 102 151 200 134 249 50 153 170 70 76 59 128 241 91 203 47 217 140 180 124 244
 269 165 210 175 1 322 151 165 311 300 271 283 121 93 267 92 129 448 271 166 226 294 233 321 182 96 315 349 415 291 230 243 63 297 305 177 277 241 107 278 357 311 203 353 164 342 154 67 233 112 172 261 380 431 152 317 63 193 223 174 334 286 358 159 278 306 227 352 289 321 277 335 284 360 422 188 258 187 331 355 157 102 203 179 226 185 258 318 86 121 188 317 58 176 343 321 294 234 321 262 160 303 365 325 295 349 235 161 218 46 301 298 406 100 245 294 285 350 178 208 135 245 179 286 269 113 169 430 259 58 156 84 278 164 178 165 216 168 278 378 330 306 316 278 286 279 246 234 260 232 238 352 432 343 314 257 432 150 243 71 278 449 159 261 266 384 167 364 266 325 227 58 79 8 384 286 272 268 98 320 136 241 69 224 50 209 202 165 82 365 125 305 278 171 164 299 236 115 338 431 419 240 401 356 332 237 134 199 348 135 106 223 88 118 448 389 324 418 189 368 263 275 138 343 232 279 282 401 303 355 362 168 106 193 291 320 364 269 158 81 193 287 346 301 125 377 242 165 418 155 78 354 127 217 197 131 401 269 302 221 319 297 258 49 334 371 207 397 361 223 198 253 311 289 408 306 240 78 102 161 290 345 285 385 223 208 211 243 243 194 62 413 183 374 138 333 276 128 137 266
 309 189 143 196 322 1 391 186 173 352 69 167 233 267 255 293 218 333 135 324 107 153 95 111 155 227 333 282 279 122 321 290 312 315 223 146 47 86 297 261 261 46 184 150 365 154 169 325 249 228 305 386 327 295 285 383 260 359 104 384 303 431 49 220 190 319 386 288 258 345 435 59 425 225 291 274 153 214 318 90 194 314 408 346 312 186 84 280 272 204 345 275 320 319 23 36 348 196 278 441 228 399 313 302 411 161 212 299 164 293 334 316 357 272 118 385 197 131 198 344 224 378 190 386 111 227 372 310 67 265 213 268 478 225 251 374 112 172 222 84 20 400 73 128 378 230 344 97 78 103 273 346 324 138 334 92 327 349 429 346 195 325 307 427 277 68 222 65 348 286 103 324 271 321 63 185 197 316 304 247 312 186 345 122 274 399 129 379 257 45 295 280 454 153 159 178 128 362 224 347 349 120 254 45 248 425 344 129 365 234 322 278 259 243 351 254 129 276 408 274 308 210 186 291 439 51 42 356 327 139 238 388 285 146 37 53 121 102 178 353 410 296 41 134 371 314 362 170 334 249 290 347 214 388 126 332 245 356 41 384 299 294 80 317 141 302 162 322 357 100 371 96 407 35 285 126 135 251 230 163 49 49 262 65 181 342 360 160 135 242 261 252 140 231 200 27 287 238 192 434
 192 289 251 199 151 391 1 207 307 202 326 284 255 237 222 241 176 390 291 84 321 301 323 346 237 197 230 295 375 313 143 177 104 219 276 266 353 307 97 228 313 364 218 362 42 348 239 91 194 241 105 137 310 387 113 207 176 77 312 34 267 147 414 174 268 226 96 295 241 230 135 382 147 334 378 142 271 188 255 391 198 81 56 74 145 209 311 261 130 228 84 263 208 96 413 377 197 229 264 115 166 182 298 257 166 353 219 105 239 134 213 219 327 124 283 177 270 367 197 104 268 122 205 167 302 241 39 379 326 181 179 227 127 171 155 34 281 282 250 421 393 185 357 300 172 247 145 295 352 329 183 266 374 356 228 305 373 49 96 81 265 396 96 118 207 458 174 412 165 265 289 99 222 158 447 277 258 185 92 280 82 240 83 272 162 68 302 28 218 434 97 246 130 265 254 293 272 39 311 362 346 279 369 433 292 90 49 294 253 273 256 166 143 256 382 354 341 379 40 320 186 254 238 284 82 362 350 321 219 368 331 24 255 300 355 370 387 307 216 71 44 218 402 317 28 311 129 224 352 147 227 269 182 83 274 60 374 164 386 91 251 230 350 111 345 311 235 332 273 302 73 352 189 363 363 324 270 207 176 255 348 397 235 446 231 105 95 257 272 171 179 385 263 348 195 410 212 266 248 122
 172 142 49 23 165 186 207 1 150 216 122 121 145 162 139 186 38 304 107 143 129 130 127 158 33 85 213 212 263 127 161 145 134 192 155 81 148 102 112 150 211 161 46 189 181 178 62 147 111 129 127 222 252 281 103 244 110 180 117 201 210 265 211 39 122 200 212 216 157 223 265 181 260 204 272 105 94 51 215 196 10 130 226 167 152 26 107 188 93 90 167 185 190 141 208 173 210 83 189 266 48 248 236 203 253 186 91 118 55 124 205 193 283 89 84 234 131 187 28 172 149 211 22 232 107 128 189 284 120 120 30 155 300 47 79 191 77 122 132 223 188 250 159 114 226 137 185 90 154 136 130 242 289 179 213 102 291 165 252 168 123 303 126 254 151 252 45 211 197 196 84 147 154 168 242 128 118 176 121 176 128 85 167 68 117 219 117 195 138 229 110 179 280 85 75 139 74 178 185 296 288 80 246 228 187 247 159 107 250 161 218 125 83 155 310 235 160 265 225 224 168 125 82 211 258 159 145 278 202 191 209 204 188 124 150 168 201 109 23 173 227 175 199 137 187 245 197 26 282 68 175 244 39 211 75 148 244 204 183 209 198 180 153 143 170 236 43 263 253 101 192 159 257 158 259 142 76 123 65 80 143 195 156 242 65 170 186 81 79 80 114 256 71 218 30 205 163 158 102 261
 159 264 116 137 311 173 307 150 1 196 122 30 284 307 103 332 183 173 56 225 206 26 195 67 146 233 170 109 123 55 189 151 270 155 54 192 172 145 233 104 90 128 109 58 270 43 192 279 118 270 204 249 155 141 197 226 259 249 192 287 133 293 161 155 41 158 264 115 97 182 301 125 287 62 134 167 58 129 150 112 157 250 301 241 182 128 117 111 231 231 235 106 339 215 188 139 193 82 109 315 157 248 141 133 266 47 89 204 96 268 175 156 185 221 93 235 40 70 135 225 284 247 134 240 78 269 276 150 147 269 157 301 355 152 155 280 146 241 66 146 160 248 103 56 230 73 207 136 205 209 137 177 161 57 171 108 164 259 309 298 44 168 212 299 126 224 149 147 204 117 137 282 301 315 197 32 50 168 244 75 229 73 298 116 265 288 212 286 285 198 221 115 325 201 196 15 95 292 52 179 179 97 102 213 76 306 262 203 198 297 365 150 225 295 187 95 51 124 308 104 161 58 218 119 326 189 155 184 166 67 72 295 332 228 148 123 92 87 165 300 309 138 154 41 298 142 230 160 165 170 322 177 187 271 168 252 98 211 201 265 132 132 206 282 46 130 109 151 186 170 260 222 255 172 124 49 86 271 213 203 132 143 103 193 89 223 242 70 82 138 263 109 178 74 179 200 133 296 236 304
 46 356 228 194 300 352 202 216 196 1 287 190 347 350 99 368 219 199 219 138 337 207 332 259 241 277 36 121 201 235 71 72 239 42 144 295 333 290 194 94 148 310 185 249 163 236 276 238 110 330 130 77 116 208 152 32 281 127 324 170 84 111 351 184 166 42 114 118 100 30 123 315 104 185 199 122 201 166 66 306 214 201 164 133 76 196 275 94 224 296 123 99 352 126 370 323 8 159 98 145 176 56 109 77 77 236 144 141 198 259 23 41 128 208 239 45 161 264 189 101 355 87 197 53 242 330 164 194 302 291 193 340 184 174 143 170 274 337 134 340 344 55 289 226 43 126 59 277 354 344 87 66 185 251 34 265 183 166 148 247 161 208 143 128 76 412 175 340 38 93 273 247 338 307 388 172 158 41 203 130 166 168 248 246 276 147 330 175 325 385 176 84 149 300 290 185 231 213 167 167 149 238 206 396 138 149 180 320 52 366 395 92 229 355 187 190 245 206 179 148 49 145 294 106 173 349 321 122 32 261 175 180 376 339 319 309 286 252 238 241 177 59 342 228 211 122 75 241 159 165 353 69 228 127 284 177 214 39 368 118 74 65 354 254 241 126 207 141 72 303 131 365 61 339 186 237 222 309 245 295 305 333 94 385 179 100 108 195 221 137 286 222 283 195 232 378 66 361 313 132
 243 167 77 129 271 69 326 122 122 287 1 108 201 232 190 259 157 293 73 257 92 98 80 76 94 177 270 227 240 68 253 223 253 251 165 104 51 36 233 197 211 41 116 120 298 118 120 266 182 192 238 318 273 257 218 318 210 291 81 317 245 363 90 154 129 256 318 233 196 282 367 65 357 181 251 206 88 146 258 89 131 251 341 279 244 119 16 221 212 160 277 215 279 252 90 52 282 129 219 373 162 332 258 242 344 126 145 231 96 237 269 252 304 210 50 318 138 106 131 276 196 310 123 319 48 191 306 269 28 217 148 230 410 158 183 308 57 145 159 108 67 333 50 69 311 168 276 39 85 94 206 286 281 106 271 24 284 283 361 287 133 286 239 359 212 135 155 93 281 227 45 265 232 272 122 126 135 250 241 190 246 120 286 55 223 332 106 313 217 110 230 219 386 113 115 122 60 299 173 300 299 52 216 113 194 357 279 100 303 208 291 210 200 213 308 213 90 239 341 224 242 148 142 234 372 68 36 302 263 113 192 322 254 124 34 50 109 38 118 293 343 232 78 83 308 261 294 110 286 182 253 287 154 320 79 267 209 289 84 316 239 231 86 260 105 250 95 272 297 63 303 103 340 54 243 79 67 208 173 121 23 75 199 121 113 274 292 93 67 174 212 218 94 190 141 93 222 210 154 366
 149 239 89 109 283 167 284 121 30 190 108 1 257 279 93 304 155 196 36 203 185 20 175 72 118 205 168 120 148 47 173 137 242 150 58 167 158 125 206 97 107 123 81 79 247 65 165 252 99 242 181 236 166 166 173 221 230 229 171 265 138 281 163 127 25 154 247 126 92 180 288 126 274 87 158 144 31 102 152 120 128 224 281 220 165 99 100 114 203 204 215 109 311 193 184 135 186 56 113 299 130 240 151 136 256 71 66 180 67 240 170 151 198 193 71 226 31 86 106 207 257 232 105 230 61 242 254 173 130 240 128 273 339 125 130 258 123 216 57 154 157 240 101 40 220 65 193 115 189 189 121 181 182 74 169 91 185 236 292 271 29 192 189 283 116 224 122 152 193 121 115 255 273 286 199 19 34 158 217 83 205 46 271 92 237 269 189 264 257 197 195 114 310 176 170 19 70 267 72 197 195 74 128 210 88 289 238 180 199 270 337 132 197 268 207 120 61 149 287 121 150 46 191 127 308 175 142 195 162 86 95 272 304 205 138 120 107 71 136 273 288 132 154 40 273 155 215 132 183 144 294 181 158 252 144 227 125 200 190 247 133 128 189 254 63 144 81 167 191 148 240 205 247 161 147 49 61 243 184 177 122 144 97 196 61 205 223 42 57 114 234 137 152 100 150 193 124 269 209 289
 307 50 169 166 121 233 255 145 284 347 201 257 1 37 282 61 130 447 232 235 127 261 138 269 140 72 351 356 404 245 282 278 152 330 298 99 187 166 175 293 354 236 189 309 253 302 93 165 251 18 230 332 396 421 203 372 80 271 130 268 353 367 277 167 263 339 307 361 300 360 362 263 364 343 413 227 227 192 356 290 142 182 299 256 275 170 193 332 137 56 261 329 94 241 251 242 341 227 333 353 174 367 380 346 366 310 235 218 193 122 340 331 426 150 197 355 272 300 171 276 15 317 166 350 219 19 260 426 180 75 159 41 377 177 206 258 149 62 276 304 246 370 251 236 347 281 304 166 160 132 267 383 432 297 350 196 434 236 335 179 265 445 221 347 291 287 177 287 321 340 161 158 46 116 294 267 260 309 173 320 207 228 177 172 94 300 104 260 40 273 188 322 369 90 91 275 192 217 325 440 432 192 384 258 331 329 222 106 387 20 91 257 126 12 454 375 278 405 288 367 302 269 67 355 331 184 199 422 339 307 349 266 54 89 210 248 307 215 125 189 292 315 265 260 228 389 308 127 426 183 60 385 122 301 125 214 381 326 204 303 340 322 158 146 291 380 179 407 394 141 280 148 376 199 401 261 200 49 103 84 215 267 299 297 208 275 285 217 203 215 77 392 112 356 121 237 303 15 50 354
 312 85 193 181 93 267 237 162 307 350 232 279 37 1 293 28 139 465 257 229 162 284 173 297 162 79 358 371 423 271 283 284 136 337 316 129 222 198 168 304 371 268 206 336 241 328 118 147 261 41 228 327 409 441 202 373 71 263 164 254 365 359 310 176 282 346 299 375 313 366 353 295 356 363 432 230 250 203 366 321 157 171 285 248 276 186 222 345 131 77 255 342 58 237 286 275 344 243 346 341 182 365 393 357 362 336 249 215 213 107 346 338 438 146 223 354 291 328 185 271 49 312 182 348 246 42 247 444 212 62 169 12 362 185 211 245 178 97 292 337 279 368 281 262 346 296 303 195 196 167 274 391 449 324 357 225 451 224 323 158 283 464 217 337 300 322 186 320 321 352 190 139 17 88 329 287 278 313 163 336 200 246 157 199 81 288 139 246 26 308 183 334 357 120 119 297 217 200 345 455 446 218 405 294 347 317 210 140 393 45 60 262 123 29 470 395 305 425 273 384 307 285 93 368 316 219 232 433 346 334 369 251 27 124 243 280 337 243 144 169 277 324 299 285 211 403 305 148 441 188 25 393 132 291 155 203 403 326 240 294 351 331 194 128 317 395 199 421 402 173 271 183 374 233 420 287 224 43 108 113 247 300 311 331 226 271 279 238 227 223 67 415 141 377 134 272 311 38 79 343
 58 280 138 117 267 255 222 139 103 99 190 93 282 293 1 315 155 182 121 139 248 111 241 163 157 215 82 83 156 138 89 50 213 62 58 212 237 196 168 12 95 212 99 160 181 146 199 218 35 265 119 147 117 170 124 130 230 154 234 196 73 191 254 118 69 68 164 86 23 94 199 218 184 114 161 86 103 91 77 211 141 183 205 150 83 115 179 53 183 227 142 51 309 126 273 225 95 66 55 213 113 148 101 65 164 147 52 124 107 222 80 63 146 169 143 134 65 172 112 128 287 145 118 138 145 264 186 166 207 241 125 285 254 109 90 191 183 258 39 245 246 148 192 129 128 32 105 183 261 254 40 105 166 159 82 169 166 174 208 233 65 184 131 197 24 314 108 243 102 60 181 224 283 272 291 77 60 66 180 60 153 73 234 154 230 191 244 197 269 288 152 41 223 219 210 91 136 215 91 165 154 143 149 298 72 206 182 234 117 299 346 56 183 291 182 134 150 160 215 104 58 48 220 77 228 254 225 141 74 170 110 205 320 256 222 211 194 154 161 232 215 43 245 132 218 111 128 161 152 114 302 107 163 172 197 173 153 109 272 165 60 44 261 227 148 105 118 131 117 212 164 274 155 243 146 141 127 252 186 216 208 236 19 288 87 126 144 99 125 75 235 165 199 128 162 281 33 295 240 202
 331 108 219 204 92 293 241 186 332 368 259 304 61 28 315 1 161 488 283 242 187 310 198 323 188 102 377 393 448 298 299 303 144 357 340 156 247 224 180 326 395 295 230 362 249 354 144 153 282 68 242 340 431 465 218 389 88 274 190 261 386 370 336 198 306 365 310 397 335 384 363 321 367 388 457 248 275 226 386 347 181 181 291 260 293 210 249 367 146 103 267 364 43 251 311 301 361 267 368 349 203 380 415 378 374 362 272 230 238 116 364 358 460 161 249 369 315 354 208 285 71 324 205 362 272 69 255 468 239 78 192 32 367 207 231 252 205 122 315 363 305 382 308 288 361 319 319 222 220 192 294 411 473 350 376 252 474 233 330 161 308 488 231 346 320 346 208 346 337 374 217 144 33 85 354 312 302 331 174 360 212 270 159 225 94 296 164 252 48 333 196 355 365 147 146 322 243 204 369 478 468 244 430 318 371 324 218 165 412 64 34 281 139 51 493 420 331 450 278 408 325 309 119 391 322 244 258 454 365 361 394 257 16 149 269 306 363 269 169 171 282 344 325 311 215 425 318 173 464 207 16 413 154 301 182 213 428 342 264 304 372 352 218 133 344 417 224 444 421 199 281 207 388 259 444 313 250 64 130 140 273 327 333 357 250 284 291 263 253 243 83 440 167 402 158 297 331 58 105 352
 178 140 85 47 129 218 176 38 183 219 157 155 130 139 155 161 1 329 144 123 148 165 149 195 64 61 222 233 292 164 156 149 98 201 182 94 178 133 81 166 236 196 75 225 156 214 68 110 123 113 111 212 271 309 84 244 79 161 138 175 227 252 246 38 152 209 195 237 175 231 250 218 247 234 300 99 129 66 228 233 29 98 202 146 148 56 142 207 56 79 149 204 160 124 240 208 212 109 208 247 45 243 255 218 245 221 113 100 90 88 211 202 300 55 121 230 160 223 50 158 137 199 50 226 144 113 164 310 152 89 31 131 278 48 77 164 107 124 156 260 221 245 195 151 222 159 179 122 177 156 137 254 314 215 221 138 315 138 231 131 152 329 106 238 162 284 48 247 194 214 116 110 129 133 276 158 146 180 87 200 102 114 131 104 83 198 131 168 114 262 83 195 262 95 84 171 111 145 213 318 308 117 276 259 212 226 130 123 258 148 192 128 46 138 333 264 197 294 198 249 172 151 78 231 235 186 177 295 210 227 238 177 165 134 183 204 238 146 41 137 201 186 234 173 155 265 187 50 304 56 148 256 10 192 99 119 275 200 211 192 212 193 176 106 206 257 79 284 265 126 172 179 252 189 286 178 113 98 33 87 178 230 173 276 96 156 170 115 116 85 83 287 89 248 20 236 174 144 96 244
 199 433 282 285 448 333 390 304 173 199 293 196 447 465 182 488 329 1 228 312 378 199 367 224 310 387 166 100 56 226 247 217 394 172 150 361 341 317 349 172 94 290 260 185 349 181 357 398 216 431 295 276 84 42 304 214 407 315 364 360 124 305 306 294 186 166 310 98 160 170 319 277 299 113 44 266 225 265 137 251 309 363 359 317 246 279 289 133 363 393 307 133 487 299 342 298 203 223 130 343 291 247 93 134 270 174 217 302 255 402 183 172 82 349 265 240 176 205 281 288 449 284 284 250 250 431 352 25 318 417 299 457 380 286 271 357 317 410 174 276 317 245 262 228 240 171 249 308 376 382 216 136 17 197 168 280 17 346 347 413 184 14 307 326 188 369 285 287 232 127 309 405 456 453 336 182 188 206 360 130 331 220 414 287 408 343 383 363 441 346 332 147 345 370 363 178 265 391 125 40 57 268 81 367 118 347 356 375 159 462 520 232 362 457 26 81 207 59 374 82 205 180 381 108 371 358 323 87 174 197 103 370 491 399 315 281 219 259 324 411 372 173 304 210 392 80 270 321 42 294 476 133 335 322 338 349 91 236 367 314 140 161 377 408 193 80 270 60 135 342 322 394 247 340 51 215 255 425 361 370 299 293 165 331 240 286 299 233 252 255 411 87 347 104 331 358 181 460 401 329
 177 210 65 101 271 135 291 107 56 219 73 36 232 257 121 283 144 228 1 213 151 30 141 56 96 186 200 155 178 23 194 160 237 181 93 138 123 91 206 127 141 92 76 83 257 73 141 248 120 219 192 258 201 196 179 250 215 243 138 276 172 304 136 123 57 186 265 161 124 212 309 100 298 117 189 156 22 104 186 102 116 224 295 233 186 90 65 149 196 181 229 143 294 205 153 105 215 69 147 319 129 267 186 170 281 81 83 189 56 230 200 182 233 189 38 253 65 81 100 224 231 253 96 255 26 218 264 205 95 224 122 252 357 124 138 268 91 187 88 134 126 268 74 10 246 97 215 82 154 155 143 214 215 73 200 56 218 244 309 268 61 223 197 304 144 194 121 128 218 155 82 250 253 274 173 54 63 184 216 118 210 57 268 62 223 283 157 273 236 168 198 147 330 147 143 52 41 270 105 231 229 42 156 178 123 306 244 148 232 244 316 151 188 243 240 150 54 178 299 155 176 77 166 162 323 140 108 230 193 85 126 282 282 173 104 92 98 36 118 272 300 163 126 31 277 190 236 111 217 146 274 215 145 269 113 232 151 225 156 264 167 160 154 247 64 178 66 202 225 115 255 170 275 126 179 36 34 223 171 150 88 118 128 170 61 221 240 35 31 124 218 162 124 128 135 161 154 244 184 310
 116 257 182 130 166 324 84 143 225 138 257 203 235 229 139 242 123 312 213 1 269 220 269 267 175 166 159 215 293 235 70 97 104 145 193 216 290 243 63 146 232 292 143 280 46 266 190 101 111 219 23 99 235 306 41 153 159 39 258 64 190 133 342 107 185 153 74 216 159 162 129 308 129 251 297 59 193 113 181 314 136 65 85 24 68 139 242 181 100 193 27 182 220 14 346 305 132 148 184 125 97 139 222 180 134 271 137 26 164 128 143 145 256 86 210 129 188 287 127 44 246 83 135 122 227 219 52 300 261 168 114 218 157 100 77 56 219 244 167 345 323 142 282 222 122 164 82 230 296 276 100 196 296 276 158 235 296 36 110 109 183 317 19 116 127 390 103 338 103 186 225 110 215 172 376 195 176 112 70 198 31 159 111 204 150 77 253 62 205 366 48 166 140 217 206 211 199 80 228 287 272 207 287 368 210 104 45 244 188 254 265 84 110 240 306 272 261 298 87 239 110 171 198 205 116 301 285 250 148 287 248 71 252 256 288 296 307 233 159 104 88 141 330 237 81 235 78 166 276 77 227 199 131 70 217 40 291 105 325 70 174 152 295 118 265 233 163 256 205 243 50 300 148 299 282 245 195 190 137 209 278 324 153 375 154 43 51 179 197 90 164 302 210 265 142 345 132 248 213 122
 292 83 111 148 226 107 321 129 206 337 92 185 127 162 248 187 148 378 151 269 1 180 14 167 99 134 328 303 327 154 288 267 228 307 239 55 63 62 226 257 291 118 153 211 303 208 83 242 229 124 254 350 348 345 229 367 166 306 15 321 313 393 152 166 201 314 339 308 260 339 393 144 388 266 338 232 158 175 323 174 134 241 349 292 279 143 91 289 193 106 293 284 216 268 125 121 332 183 289 392 176 374 332 308 380 216 197 245 142 204 323 308 380 198 115 360 211 197 153 299 118 339 144 358 129 123 310 355 66 169 158 164 425 175 207 311 66 66 226 183 121 375 139 151 352 233 312 71 36 9 251 351 365 198 328 99 368 285 377 262 204 373 251 382 265 162 173 165 322 296 71 238 167 224 168 201 203 298 230 264 249 177 261 97 181 344 25 315 154 147 230 284 407 58 68 202 117 287 255 381 378 113 304 134 271 372 276 28 364 128 216 249 179 137 391 299 181 327 345 305 289 215 90 307 382 58 77 376 319 205 276 323 179 39 89 130 198 121 111 270 347 289 142 170 297 337 325 104 367 195 185 353 141 337 55 265 298 329 79 336 304 291 34 230 195 326 131 351 362 38 318 32 383 74 329 167 128 151 147 68 98 145 261 171 162 298 314 155 130 205 166 308 60 277 129 111 277 132 90 388
 168 240 93 120 294 153 301 130 26 207 98 20 261 284 111 310 165 199 30 220 180 1 169 53 123 212 184 131 149 32 192 155 255 168 71 168 148 119 221 114 114 108 93 63 265 50 169 266 118 247 199 254 177 167 189 238 239 247 167 283 152 299 145 141 43 171 265 137 109 196 306 109 293 87 160 162 37 117 167 101 138 239 299 238 184 110 92 129 216 209 233 123 319 211 168 120 204 73 127 318 144 258 162 151 274 57 84 197 77 251 187 168 208 207 68 244 48 68 119 225 260 251 116 248 52 246 271 176 122 249 141 279 357 139 147 275 121 216 74 135 141 258 84 30 238 82 211 111 180 184 140 195 186 57 185 83 189 253 310 285 47 194 206 302 134 207 136 134 211 135 112 268 279 297 182 36 52 176 232 95 221 62 285 91 247 287 186 281 263 181 211 130 329 177 172 26 70 283 77 204 203 72 127 194 98 307 254 178 214 273 343 150 209 272 212 121 42 149 305 128 168 63 194 139 326 165 131 206 179 68 97 290 309 203 125 104 88 62 143 288 306 150 137 22 289 165 233 138 190 159 300 195 168 271 143 243 122 218 178 265 148 145 181 267 46 153 89 175 205 144 258 197 265 149 149 31 62 250 194 179 109 127 114 179 74 223 242 51 58 131 243 133 153 99 159 179 142 272 212 308
 287 96 105 145 233 95 323 127 195 332 80 175 138 173 241 198 149 367 141 269 14 169 1 155 96 140 322 293 316 143 284 263 233 301 230 60 50 51 228 250 281 105 148 199 304 196 87 247 223 134 253 348 339 334 229 362 173 306 12 323 305 391 140 165 192 308 338 299 252 333 391 131 386 255 327 230 148 171 315 161 133 244 350 292 276 140 79 281 196 114 293 276 227 267 114 108 327 176 280 392 175 370 323 300 377 204 191 244 135 210 317 302 371 200 106 356 201 184 150 298 130 337 141 355 118 133 312 344 53 177 156 174 425 173 204 313 59 78 218 170 109 371 126 140 348 226 308 61 29 15 246 344 355 185 322 88 358 286 377 267 195 362 251 381 259 152 171 152 318 288 62 244 177 232 157 192 194 293 233 255 250 170 266 89 188 344 35 316 164 136 231 276 406 64 72 192 109 290 245 371 369 104 293 124 262 372 278 36 357 140 228 245 183 149 381 288 169 315 346 295 284 207 97 298 383 47 64 368 312 192 266 325 191 51 76 117 185 110 111 275 349 283 129 159 301 328 322 104 357 194 196 345 142 337 53 267 286 325 70 335 296 284 28 235 183 317 126 341 355 30 318 34 379 62 318 156 119 160 151 74 85 133 254 159 155 296 312 146 121 202 173 296 61 266 130 101 271 144 99 387
 220 239 112 155 321 111 346 158 67 259 76 72 269 297 163 323 195 224 56 267 167 53 155 1 141 232 235 174 170 34 243 207 290 219 120 171 120 108 261 166 152 66 130 45 311 45 180 302 169 257 246 306 219 187 233 290 263 296 155 330 199 351 95 178 95 222 316 180 160 247 358 60 345 115 182 210 76 159 216 49 167 279 348 286 235 144 79 177 249 222 282 171 338 259 123 76 256 121 175 369 183 310 205 199 326 53 134 243 110 282 239 220 248 243 77 296 99 32 154 275 265 302 149 300 53 256 318 201 102 271 176 293 408 178 192 322 121 216 126 83 96 310 39 47 291 134 263 105 157 168 191 243 214 32 236 74 218 298 361 322 99 217 252 354 187 158 175 82 263 182 109 303 295 323 131 88 104 228 271 141 265 109 322 100 272 336 179 327 279 133 253 180 380 180 179 75 86 325 114 237 239 82 145 149 141 357 298 173 264 278 356 201 240 280 242 145 19 168 353 165 220 116 205 184 376 136 101 247 230 39 128 336 320 197 92 59 44 55 165 326 354 201 88 33 332 206 285 158 224 201 316 243 196 321 145 287 137 270 143 316 198 196 158 300 32 193 118 212 252 136 308 176 317 117 175 24 83 267 220 186 77 78 166 128 115 273 292 90 80 178 265 146 158 122 184 137 194 279 220 360
 196 126 32 50 182 155 237 33 146 241 94 118 140 162 157 188 64 310 96 175 99 123 96 141 1 92 235 222 265 112 190 170 160 213 162 57 117 71 143 167 217 133 59 177 213 167 48 173 133 125 159 252 265 283 135 270 123 212 86 232 226 295 183 70 125 221 243 227 172 245 296 156 290 204 275 135 89 77 233 174 41 160 258 198 181 45 79 203 119 87 199 199 199 173 177 145 235 94 203 297 80 276 249 220 282 175 106 150 56 146 228 214 297 118 65 262 135 171 54 203 140 241 46 260 89 124 221 288 89 131 62 157 332 78 109 222 45 104 142 198 158 277 135 101 254 148 214 59 122 106 154 261 295 165 234 76 297 196 283 194 127 307 157 286 171 222 76 185 224 210 53 172 158 184 213 129 123 201 150 185 160 92 193 43 133 251 90 227 142 199 142 195 312 64 56 137 57 208 187 306 299 60 246 197 195 278 190 80 271 153 221 151 107 150 318 237 146 266 256 231 193 133 73 224 290 127 114 293 224 176 211 236 187 101 120 141 183 88 26 200 258 196 171 125 217 257 227 18 291 100 179 262 61 243 45 179 242 231 151 241 214 199 121 167 158 247 42 273 272 69 224 129 285 127 263 128 63 129 82 62 115 168 172 213 73 201 218 78 66 107 126 254 44 217 48 174 184 152 92 292
 237 94 122 103 96 227 197 85 233 277 177 205 72 79 215 102 61 387 186 166 134 212 140 232 92 1 282 293 347 203 211 208 98 261 239 83 181 145 109 226 294 216 129 268 189 258 59 112 184 54 160 262 331 365 133 301 35 203 129 205 287 298 263 99 206 269 239 297 235 290 294 241 295 288 356 156 177 125 289 263 80 120 235 188 204 109 164 267 71 32 193 264 108 171 248 226 270 166 268 287 105 297 315 279 296 266 171 148 138 72 270 262 360 82 156 284 215 262 107 206 81 247 104 280 180 54 196 367 163 41 91 71 314 108 135 195 121 85 214 284 235 299 223 192 276 218 233 139 168 141 197 314 372 257 281 164 373 171 270 131 207 386 151 280 222 289 108 269 250 274 133 107 70 96 289 212 201 238 109 259 139 169 129 133 49 235 111 197 55 270 120 256 303 77 70 222 148 161 269 377 368 151 330 262 270 264 159 106 318 91 134 187 58 79 392 319 237 349 227 307 232 208 45 290 268 185 187 355 270 268 293 204 105 106 196 226 274 178 70 140 231 247 251 216 172 325 238 76 363 113 90 316 54 233 102 149 328 255 209 235 273 254 166 98 249 317 125 343 325 128 213 163 306 194 343 219 153 39 33 67 195 250 233 290 149 205 216 164 157 146 36 340 87 302 57 238 234 85 52 287
 47 355 218 191 315 333 230 213 170 36 270 168 351 358 82 377 222 166 200 159 328 184 322 235 235 282 1 87 166 214 90 75 255 22 117 290 318 277 209 74 114 290 177 221 189 208 274 256 103 334 147 111 83 173 165 60 290 154 314 198 50 145 329 185 144 15 145 84 77 13 158 292 139 153 165 130 183 163 32 281 213 219 195 158 92 191 259 63 235 298 148 68 364 146 351 302 38 147 66 180 178 89 75 44 111 208 132 157 187 272 18 21 98 220 224 79 138 237 186 127 358 119 193 88 224 333 191 160 288 300 194 348 218 176 147 197 264 334 113 315 323 88 268 206 77 104 86 264 342 334 85 38 151 225 3 249 150 190 182 267 140 174 160 162 64 391 176 316 68 61 262 264 346 321 365 150 137 49 220 100 184 154 268 234 286 178 323 202 333 364 192 56 184 296 287 161 217 237 136 135 118 224 172 376 106 182 203 313 38 369 405 96 239 359 155 156 220 172 210 114 53 124 294 72 206 334 305 92 13 233 143 208 383 334 302 287 259 234 236 263 208 40 320 205 236 88 106 237 126 171 363 41 230 158 276 198 180 71 352 149 42 41 342 270 215 92 198 107 47 293 159 354 93 323 152 214 208 316 251 292 287 311 72 362 167 126 136 179 206 138 294 188 278 162 232 359 52 365 313 166
 106 348 198 191 349 282 295 212 109 121 227 120 356 371 83 393 233 100 155 215 303 131 293 174 222 293 87 1 83 162 153 119 295 84 64 277 277 244 250 73 29 236 168 149 253 138 268 299 117 340 197 193 47 94 205 145 310 222 288 266 38 230 267 197 103 80 222 7 61 96 242 232 223 72 84 167 146 169 57 215 215 264 269 221 151 187 220 35 264 301 212 34 390 202 296 248 122 130 31 262 193 174 32 45 197 135 123 203 168 304 100 84 78 250 189 164 93 168 187 194 359 198 191 172 180 339 257 86 250 321 203 363 302 189 172 263 238 325 82 247 269 173 211 159 162 76 159 233 308 307 117 76 84 156 88 210 84 249 263 314 99 104 209 245 89 331 188 251 146 31 232 306 362 354 302 103 101 114 261 39 233 131 315 207 311 253 304 269 346 305 233 50 268 284 277 106 186 293 62 85 78 191 86 321 34 262 259 294 101 372 425 134 264 366 101 70 157 88 282 28 111 90 292 16 286 294 261 76 90 162 60 276 397 318 255 231 188 190 233 312 281 78 261 149 295 36 182 231 71 195 381 75 240 233 257 251 95 151 308 225 49 66 308 309 147 26 182 52 83 266 230 324 178 279 70 157 176 330 265 284 239 250 66 298 150 193 207 150 173 156 314 103 263 78 238 308 84 369 311 249
 188 386 236 246 415 279 375 263 123 201 240 148 404 423 156 448 292 56 178 293 327 149 316 170 265 347 166 83 1 174 235 199 365 166 111 314 288 266 322 148 63 235 219 130 333 126 312 371 188 389 274 275 95 19 279 222 369 303 314 347 118 310 251 258 143 162 304 85 135 174 323 222 304 63 13 241 178 229 136 196 269 337 351 302 231 239 238 116 331 350 293 113 450 280 287 243 202 183 112 344 257 253 95 126 276 119 181 279 212 370 181 166 111 318 215 244 134 150 242 276 404 280 244 253 199 388 338 33 266 380 262 417 383 252 241 343 268 363 138 222 262 252 208 177 242 137 241 258 324 330 194 146 49 142 168 229 54 328 345 387 141 48 286 327 168 314 250 232 228 113 259 377 416 419 282 137 147 196 333 98 308 179 388 238 373 335 334 349 401 291 306 130 349 323 317 130 217 370 80 80 90 219 26 312 85 344 336 325 171 417 480 211 328 414 77 29 153 7 364 56 193 142 337 97 368 304 270 113 171 141 55 356 449 350 261 226 164 207 281 387 362 160 248 158 373 84 264 277 71 263 437 144 297 315 290 328 36 233 312 307 131 148 324 378 139 77 226 73 149 292 311 342 256 286 16 162 208 386 323 324 245 237 141 277 199 274 289 188 204 224 373 34 300 51 291 304 165 416 356 331
 194 220 82 122 291 122 313 127 55 235 68 47 245 271 138 298 164 226 23 235 154 32 143 34 112 203 214 162 174 1 214 179 258 196 102 149 117 93 228 143 145 77 98 66 279 58 155 269 140 233 214 278 208 192 201 266 233 264 141 298 183 323 117 145 71 200 286 168 138 226 329 81 317 114 185 178 43 126 198 80 136 246 316 255 206 111 65 160 217 196 250 154 310 227 138 89 232 90 158 339 150 285 194 181 300 66 104 211 77 250 216 197 239 210 49 271 77 61 122 245 243 273 117 274 27 232 286 203 93 242 143 267 378 146 160 290 99 196 103 113 111 285 55 14 264 111 235 86 151 157 163 226 214 54 215 56 217 266 330 290 75 220 219 324 161 178 143 108 236 166 89 271 268 293 154 65 79 202 238 126 232 78 290 74 242 305 163 295 252 151 220 160 351 158 155 57 56 292 107 234 233 54 151 164 129 327 266 155 245 255 330 171 208 256 241 147 35 174 321 158 194 91 180 170 345 134 100 237 208 65 125 304 296 180 94 74 76 34 135 293 322 178 108 17 299 196 256 128 220 168 289 226 165 290 123 254 145 244 147 285 179 175 152 268 47 184 86 206 236 119 276 169 292 118 177 17 52 239 189 162 78 99 143 151 83 243 261 57 49 146 236 155 135 124 154 148 170 256 196 330
 49 295 184 141 230 321 143 161 189 71 253 173 282 283 89 299 156 247 194 70 288 192 284 243 190 211 90 153 235 214 1 40 169 77 146 240 294 248 124 93 174 282 140 246 102 232 219 168 76 265 60 66 168 246 82 91 213 70 275 114 124 111 329 125 151 85 76 153 105 94 116 293 105 201 237 58 174 114 113 292 157 131 118 70 10 146 239 120 155 233 61 122 282 57 341 296 65 127 123 127 116 88 156 115 94 234 112 71 158 189 74 77 187 139 204 75 150 257 136 42 291 60 145 72 214 265 105 237 263 223 134 272 167 115 83 111 228 278 125 325 316 90 267 203 67 119 25 235 309 295 53 127 232 244 89 230 231 101 121 178 148 253 73 111 70 385 117 321 40 123 230 177 270 237 365 160 142 43 133 144 96 138 179 205 207 103 277 117 258 359 106 105 138 244 233 176 194 147 179 220 205 202 232 365 156 118 113 267 120 301 325 44 161 289 240 216 233 239 130 180 43 133 233 142 140 308 285 181 79 255 195 124 307 284 286 284 278 222 182 173 129 76 319 212 147 169 43 186 210 101 284 130 165 84 233 109 238 45 330 77 109 88 308 184 233 168 163 190 136 256 78 317 97 302 222 221 187 242 180 238 273 311 98 363 141 40 56 163 187 84 217 248 230 214 171 345 71 296 251 117
 29 285 160 123 243 290 177 145 151 72 223 137 278 284 50 303 149 217 160 97 267 155 263 207 170 208 75 119 199 179 40 1 184 55 107 224 267 222 138 54 138 250 115 208 135 194 205 187 42 261 79 100 141 211 93 101 216 106 254 149 95 145 295 114 114 64 115 120 67 83 152 259 139 163 202 57 140 95 89 255 143 150 157 104 34 126 210 85 162 226 95 87 291 83 310 263 66 95 89 165 106 110 127 85 122 196 79 87 131 199 63 56 165 146 174 96 112 219 118 80 285 97 126 97 181 261 140 204 236 227 122 274 205 104 74 145 205 266 86 289 284 111 233 168 89 80 57 209 285 274 18 110 201 207 74 201 200 131 159 199 110 221 92 149 32 353 104 286 59 91 205 194 272 249 332 122 104 32 149 106 116 105 200 179 213 142 259 151 259 326 121 71 175 229 219 138 165 175 140 193 179 173 195 334 118 157 141 249 110 296 331 23 165 286 212 179 196 204 167 145 24 94 223 109 178 282 256 159 63 217 157 159 310 268 256 251 241 190 167 197 166 46 285 175 176 140 80 170 181 97 289 112 158 123 213 134 200 67 303 116 79 57 285 199 195 137 138 161 120 234 116 295 118 274 188 184 157 242 177 224 242 277 60 329 112 77 95 131 157 66 221 211 213 176 161 315 37 292 242 154
 210 188 182 137 63 312 104 134 270 239 253 242 152 136 213 144 98 394 237 104 228 255 233 290 160 98 255 295 365 258 169 184 1 238 255 174 269 227 47 223 305 292 164 317 106 305 147 15 179 138 110 200 323 380 92 256 74 132 221 119 277 227 342 116 233 246 167 297 235 260 220 314 225 313 371 130 221 141 272 330 125 40 149 118 165 148 238 263 42 128 127 262 118 115 333 303 232 189 265 206 113 242 308 267 234 311 187 100 182 31 240 239 348 50 218 232 240 317 138 146 165 184 142 224 240 139 112 378 246 78 116 125 227 118 124 109 200 182 228 356 316 244 292 245 225 228 185 217 261 236 181 292 378 308 254 235 378 90 187 35 232 396 97 203 209 377 121 344 205 269 211 14 121 69 371 242 226 207 37 268 74 198 35 200 59 153 207 110 116 356 65 249 222 171 162 256 207 66 290 374 361 213 353 350 281 181 75 201 287 171 164 165 53 154 392 339 290 368 138 315 203 227 141 288 181 275 270 342 243 320 313 115 156 203 278 300 333 242 135 43 141 229 330 266 77 320 180 144 362 103 129 295 100 158 187 70 354 208 299 162 261 240 260 16 299 316 173 341 301 215 138 258 250 281 357 272 208 104 83 161 273 327 230 372 183 146 150 206 211 141 77 366 175 327 113 327 218 163 149 209
 30 333 197 170 297 315 219 192 155 42 251 150 330 337 62 357 201 172 181 145 307 168 301 219 213 261 22 84 166 196 77 55 238 1 103 269 298 257 192 55 109 272 156 208 178 195 253 240 82 313 130 110 92 175 147 72 270 144 293 188 50 149 312 164 127 10 140 82 60 33 160 275 142 145 166 111 164 142 37 266 192 202 188 146 77 170 239 54 216 277 137 59 345 131 333 285 41 126 58 180 157 96 80 41 117 195 111 140 167 254 21 2 112 201 204 84 121 223 165 116 337 115 172 91 205 313 181 164 268 281 173 328 219 155 127 186 243 313 95 300 306 96 250 188 81 86 78 244 322 314 65 55 157 211 22 230 156 177 180 251 122 179 144 162 43 373 155 300 63 55 241 247 326 303 348 133 119 35 203 89 168 134 252 214 267 172 302 192 312 347 174 43 185 275 265 145 197 223 126 144 129 204 168 358 97 179 189 292 59 348 386 76 219 338 164 152 204 171 202 111 36 106 272 70 203 314 285 106 13 220 136 198 363 313 283 270 245 215 214 247 201 20 303 188 223 94 100 216 134 151 343 58 209 152 255 183 176 68 333 143 36 24 321 253 200 95 177 114 66 272 151 334 102 303 152 197 188 296 230 271 268 294 54 345 147 115 128 160 186 117 275 185 256 156 211 341 31 344 292 167
