NAME : domp200p100v9
COMMENT : (Deleplanque et al.) 
TYPE : DOMP
DIMENSION : 200
DISPLAY_DATA_TYPE: NO_DISPLAY
OPEN_FACILITIES : 100
COST_SECTION
 1 239 34 70 151 351 46 137 97 182 31 121 146 93 114 242 306 321 288 238 171 103 244 374 65 110 196 235 68 79 146 39 89 349 142 174 309 365 279 334 143 265 184 362 95 409 86 156 244 135 182 290 348 278 128 297 185 154 243 370 273 256 274 259 297 180 70 210 252 221 294 248 214 61 426 258 48 407 281 142 220 337 199 128 335 288 222 121 124 237 318 86 290 250 289 272 210 323 250 336 113 250 271 83 299 125 203 318 267 207 322 129 70 282 119 90 53 274 334 344 259 370 236 280 135 316 291 133 235 264 219 179 225 175 317 307 92 319 135 197 233 213 254 222 226 39 215 149 295 254 175 240 69 142 272 121 233 344 212 99 182 65 270 383 211 199 244 181 103 152 214 131 211 232 295 184 215 294 159 274 50 390 156 229 182 384 22 261 144 329 252 259 205 33 218 339 286 264 121 200
 239 1 255 287 303 335 202 110 299 103 217 153 98 259 133 354 192 307 412 277 78 137 340 282 302 189 60 353 177 269 302 276 232 257 134 117 370 306 241 214 337 78 341 329 166 328 294 114 63 111 58 419 316 309 129 133 133 354 259 267 288 362 167 206 142 63 298 317 286 379 432 351 260 187 358 60 264 340 284 272 146 303 214 150 312 109 346 151 278 244 83 157 405 24 276 402 37 259 39 98 166 408 162 296 428 335 43 137 319 216 347 301 170 370 304 164 290 132 288 270 383 298 379 287 186 375 304 321 305 118 63 73 295 88 84 110 232 273 105 90 326 38 275 221 391 276 309 214 195 43 268 182 229 163 258 123 387 355 159 182 289 177 156 266 155 349 370 337 326 334 165 231 278 383 61 128 45 348 117 129 277 302 96 24 147 283 222 78 317 323 374 58 373 270 213 320 205 155 119 106
 34 255 1 88 178 384 54 160 64 209 40 150 160 122 125 270 336 353 314 270 193 119 274 406 63 142 218 263 80 106 173 46 69 380 170 201 340 397 312 364 162 288 208 395 124 441 106 162 267 158 200 315 380 310 154 324 214 170 276 401 306 284 304 290 324 200 80 240 284 244 318 277 246 89 458 280 72 439 314 172 250 370 232 129 368 313 249 122 153 270 337 110 317 269 322 297 229 356 270 352 143 272 300 101 324 139 218 343 298 240 354 155 93 312 86 117 53 302 367 376 285 403 261 312 167 346 324 154 266 291 242 191 256 200 336 331 72 352 154 222 263 227 287 255 247 31 246 181 326 266 207 272 102 172 305 134 256 376 242 94 212 90 299 414 241 224 271 206 114 174 245 163 243 255 309 213 227 325 186 301 23 422 179 243 212 416 37 285 168 362 279 281 227 30 251 372 317 293 141 227
 70 287 88 1 96 325 114 178 138 211 99 144 203 56 175 189 313 297 228 208 212 160 195 368 49 117 236 181 131 33 91 45 155 345 168 199 264 350 268 340 75 297 122 340 124 397 19 219 279 177 231 229 326 245 163 319 203 85 221 367 247 203 285 255 316 225 22 163 222 157 231 197 187 101 409 294 26 391 257 101 233 318 188 195 312 316 167 187 77 219 362 132 232 294 269 211 254 314 290 383 133 185 282 14 238 56 256 342 229 196 287 71 122 232 164 124 47 294 318 335 201 359 175 254 138 271 263 67 196 286 255 236 188 211 360 338 158 305 184 228 186 266 228 211 160 64 172 137 300 309 140 243 64 154 255 179 169 311 220 167 139 113 283 383 220 138 187 121 40 86 220 111 177 168 345 204 270 253 187 294 88 381 195 281 196 380 91 293 82 302 195 296 140 61 209 315 287 276 170 226
 151 303 178 96 1 242 185 199 232 207 175 152 242 62 224 94 267 217 138 128 227 205 100 303 143 116 245 86 193 74 7 139 239 284 170 193 170 276 203 291 58 289 40 260 146 325 80 269 276 198 253 141 247 159 178 294 186 75 148 307 166 108 246 202 288 244 115 68 141 79 147 101 113 146 332 292 108 315 178 34 203 241 134 256 233 298 72 248 30 152 365 171 140 304 194 123 267 248 295 393 140 110 245 88 150 82 284 318 139 141 197 28 171 137 258 152 142 268 245 269 109 289 89 175 120 176 180 46 106 264 255 272 101 217 362 323 242 235 214 224 92 294 150 152 90 158 79 98 253 335 64 198 95 143 184 224 90 222 187 238 52 160 248 325 189 52 94 36 102 43 185 75 95 87 363 189 300 160 188 269 182 313 210 305 174 317 167 285 26 219 102 294 71 154 154 234 235 241 202 215
 351 335 384 325 242 1 361 291 446 249 361 259 344 272 352 182 160 32 210 118 291 334 162 111 372 248 288 190 352 294 247 359 423 114 254 242 113 63 95 158 297 269 246 26 279 102 313 381 275 293 319 219 26 84 276 228 219 311 109 127 80 174 174 130 217 306 346 180 104 250 238 170 140 308 97 285 324 84 71 226 193 36 158 393 24 251 200 386 251 117 344 309 195 319 67 216 308 86 303 378 258 259 178 321 224 323 346 245 107 150 60 267 322 150 469 289 367 214 54 89 203 82 229 73 225 110 64 286 137 224 274 357 142 271 338 271 426 66 315 254 161 352 99 137 265 375 166 204 151 377 186 155 284 231 86 345 247 41 184 396 192 315 184 148 188 235 203 243 341 279 179 222 150 243 375 224 362 101 254 217 397 106 284 352 210 126 356 267 266 24 197 287 265 370 144 16 134 183 312 236
 46 202 54 114 185 361 1 110 105 162 17 110 106 124 72 272 294 329 322 252 141 66 271 370 108 114 166 266 26 116 180 84 64 344 126 156 332 366 281 323 185 237 220 369 85 408 129 111 216 108 147 325 354 293 108 276 172 197 253 363 285 285 262 256 277 147 115 237 266 259 331 276 228 54 428 228 90 409 291 169 208 343 204 83 342 264 253 75 156 244 283 62 322 216 296 306 176 322 217 298 107 289 258 126 334 169 164 294 286 212 338 166 45 309 120 77 96 256 337 342 292 370 272 290 137 338 303 173 255 243 191 138 245 150 283 281 66 321 101 174 259 173 266 226 265 78 240 159 286 213 197 234 93 136 278 81 271 359 203 55 207 48 256 374 201 235 277 217 148 192 206 148 229 269 256 170 174 315 140 254 76 387 129 190 172 379 25 234 182 340 285 229 245 73 221 348 279 250 89 181
 137 110 160 178 199 291 110 1 214 56 121 49 55 150 65 261 193 260 319 203 36 52 252 276 197 85 60 259 87 160 197 172 160 249 40 55 295 282 201 222 229 129 237 294 57 318 185 92 108 3 56 324 279 242 22 168 76 246 193 267 226 271 161 169 170 48 191 224 215 276 336 261 181 80 343 122 156 323 227 169 111 266 141 105 270 155 250 99 172 180 185 52 314 117 226 307 77 235 114 206 60 306 156 187 334 226 86 186 244 146 285 194 68 286 226 55 186 148 256 253 289 282 280 229 90 301 244 212 222 136 83 78 211 41 183 172 161 240 24 65 238 96 209 158 288 175 219 120 187 138 174 145 120 70 206 56 286 300 112 118 193 73 153 275 109 247 274 233 217 226 117 130 194 282 170 72 102 274 39 147 182 295 20 108 83 283 124 126 210 274 280 123 269 169 150 277 186 148 25 75
 97 299 64 138 232 446 105 214 1 266 96 210 202 181 167 325 396 416 364 332 245 167 330 468 95 205 269 317 128 162 227 94 72 443 229 259 398 460 374 425 206 341 258 458 185 504 155 193 319 212 247 364 443 371 212 380 274 209 339 463 368 339 364 353 381 249 122 297 346 291 365 332 308 150 521 331 128 502 376 231 310 433 294 156 430 368 303 152 209 333 381 166 369 315 384 347 277 418 318 392 205 317 360 148 373 178 258 399 359 303 415 207 149 368 27 177 93 360 430 439 337 465 310 375 230 405 386 202 326 348 295 229 317 254 381 384 73 415 204 278 320 266 349 318 291 76 304 244 387 302 267 334 164 234 368 177 303 438 304 120 271 149 359 475 302 275 323 257 150 220 306 225 304 302 347 273 264 385 243 358 52 484 233 283 273 478 97 337 218 424 332 331 272 80 314 435 379 353 192 285
 182 103 209 211 207 249 162 56 266 1 172 67 100 171 119 251 139 219 310 177 43 107 238 223 238 98 45 251 141 186 207 214 214 197 44 15 270 233 156 167 248 88 244 248 90 267 214 136 71 58 71 316 234 211 55 116 33 266 161 213 191 259 106 122 117 58 226 215 186 280 330 248 158 123 292 87 191 273 190 174 59 221 113 157 227 107 244 152 185 146 159 101 303 99 185 300 69 186 89 187 79 308 101 218 326 252 101 136 219 115 252 209 118 268 280 94 227 95 209 202 281 231 278 193 88 275 209 231 203 83 49 109 192 23 156 128 216 193 75 18 224 108 177 123 293 220 206 113 134 142 167 96 148 65 166 108 288 263 65 172 188 120 99 220 62 250 268 239 248 242 71 133 176 283 160 27 118 248 25 94 230 243 40 113 45 229 173 83 223 233 272 89 276 214 114 234 134 94 80 20
 31 217 40 99 175 361 17 121 96 172 1 116 122 115 88 264 302 330 313 250 154 81 264 375 92 115 179 258 42 105 171 68 67 349 134 165 327 369 284 330 172 250 210 370 90 412 116 128 228 119 161 315 355 291 117 286 179 183 253 369 284 278 270 260 287 161 99 231 264 248 320 269 226 56 431 241 76 412 291 162 215 344 205 99 343 275 245 91 147 245 298 72 314 230 297 297 190 326 231 314 111 278 265 112 324 154 180 306 282 214 336 155 54 303 113 83 80 265 340 346 283 374 262 290 139 334 303 161 251 253 204 154 241 161 297 293 69 324 115 185 253 189 265 228 254 62 234 158 293 229 192 240 86 141 279 96 260 357 209 69 201 54 264 381 208 225 268 207 133 180 212 144 226 258 271 178 190 311 149 264 62 392 141 205 179 384 10 246 171 340 276 242 233 57 223 348 285 258 102 190
 121 153 150 144 152 259 110 49 210 67 116 1 100 107 97 213 187 228 270 161 76 77 204 261 173 37 97 210 96 121 150 149 170 235 24 56 251 259 174 216 186 154 190 264 27 299 148 134 136 49 102 276 250 201 28 179 66 203 155 255 188 224 155 147 178 93 160 176 174 228 288 213 138 62 320 152 125 301 191 121 101 238 103 137 239 173 201 130 126 144 221 52 266 156 193 259 118 214 150 246 14 258 151 151 286 187 134 201 201 110 246 149 67 240 228 34 163 156 230 233 241 261 231 192 43 257 207 169 177 146 112 126 165 69 219 194 172 215 69 84 190 143 170 123 240 157 171 73 178 184 127 126 82 29 174 91 238 263 94 138 145 63 151 266 93 199 226 186 182 182 97 81 148 234 213 65 150 231 44 155 169 278 59 155 64 270 115 150 164 239 231 153 222 150 116 245 171 144 60 83
 146 98 160 203 242 344 106 55 202 100 122 100 1 187 36 311 235 313 368 257 60 44 303 321 210 132 78 308 81 191 239 185 136 295 94 104 349 332 252 262 263 148 281 345 97 365 214 38 126 54 48 373 331 296 75 197 127 279 247 311 280 322 203 220 201 55 211 274 269 320 383 312 235 104 391 135 178 372 281 215 158 318 195 61 322 179 298 59 213 234 180 74 364 115 279 355 78 284 120 193 109 351 198 214 383 255 59 210 298 200 339 232 81 338 208 91 198 183 307 301 338 330 326 282 141 355 298 248 275 169 105 34 264 79 181 190 137 291 32 102 289 68 263 211 330 182 270 172 231 109 225 194 154 124 259 27 330 354 162 88 243 91 194 316 159 292 323 277 241 264 168 178 247 327 150 122 69 328 91 181 182 341 61 85 135 327 128 145 249 327 329 135 311 177 204 329 233 190 41 117
 93 259 122 56 62 272 124 150 181 171 115 107 187 1 166 151 261 243 199 155 182 148 153 313 102 74 203 144 132 23 58 89 179 291 130 158 219 295 213 288 79 257 98 286 95 342 49 211 241 149 205 202 272 193 131 273 158 97 167 313 193 164 234 202 269 197 76 119 169 138 208 156 133 87 355 257 55 336 203 51 184 263 134 196 258 272 131 188 33 165 328 115 200 263 214 183 224 259 256 352 95 168 232 55 211 82 234 297 179 142 236 46 112 191 206 99 97 247 264 281 169 304 149 201 89 225 210 63 146 241 218 219 137 176 325 295 182 251 162 189 142 244 174 156 146 106 125 83 248 286 88 191 35 109 200 167 149 260 170 177 91 101 233 329 171 112 154 95 84 78 170 57 125 147 318 160 249 205 149 248 130 327 164 257 149 326 107 253 63 249 162 259 126 102 155 261 233 226 149 183
 114 133 125 175 224 352 72 65 167 119 88 97 36 166 1 301 256 321 355 257 85 21 295 340 178 122 107 296 48 167 221 153 103 313 99 119 346 346 263 285 239 179 263 356 85 382 187 46 157 63 81 360 341 297 78 225 140 254 251 331 283 312 224 233 228 85 180 263 270 302 369 302 233 80 406 167 150 387 286 200 175 329 198 42 332 209 285 35 195 238 215 55 353 149 287 342 111 299 153 228 102 333 219 186 370 229 94 240 296 205 342 212 56 331 174 76 166 208 319 317 325 346 311 287 137 352 302 225 270 195 134 67 259 100 215 222 104 303 45 125 281 102 266 217 312 149 262 166 251 142 216 208 132 124 267 12 313 358 176 56 232 67 216 338 173 275 310 259 212 242 180 167 242 310 185 136 103 326 103 206 147 359 79 119 146 347 95 176 228 334 317 167 291 144 210 338 250 211 42 138
 242 354 270 189 94 182 272 261 325 251 264 213 311 151 301 1 263 166 59 98 282 280 22 270 235 181 295 10 276 166 99 232 329 257 226 238 85 231 182 279 134 320 76 204 217 278 172 343 312 261 311 66 195 104 240 308 223 142 125 278 124 15 251 196 300 300 206 39 102 69 82 13 103 227 277 328 200 264 137 104 225 193 147 337 181 319 24 328 119 137 401 247 54 349 156 51 318 219 336 432 204 80 252 179 76 164 343 332 78 149 126 119 251 46 351 225 234 283 204 236 32 248 48 132 173 91 128 130 62 284 297 338 67 267 396 345 332 199 281 266 32 352 116 152 84 250 46 143 248 390 88 205 180 194 156 298 67 152 208 323 70 240 257 299 212 60 23 75 189 115 204 135 80 62 410 227 360 84 239 285 275 274 267 361 209 285 257 316 110 161 23 330 86 247 158 179 226 251 271 252
 306 192 336 313 267 160 294 193 396 139 302 187 235 261 256 263 1 141 313 165 176 244 243 90 351 200 162 267 276 282 270 330 350 65 169 141 236 117 86 30 322 118 293 148 213 137 309 270 131 195 196 322 137 174 188 70 123 340 138 77 149 264 34 68 58 185 332 237 163 317 340 254 165 248 167 136 300 149 139 237 87 126 134 294 138 94 268 290 258 127 187 233 301 173 121 311 175 76 156 220 194 338 38 315 330 337 216 86 196 127 194 282 250 256 413 220 342 62 108 81 293 107 305 144 177 238 157 306 202 75 139 235 197 158 180 112 352 96 213 134 232 219 149 118 333 340 222 179 16 233 207 71 252 165 112 246 320 192 95 310 225 249 42 82 96 291 284 289 344 309 94 207 189 315 222 125 229 215 157 65 355 111 178 214 124 94 301 117 291 156 284 138 323 334 115 147 37 46 217 120
 321 307 353 297 217 32 329 260 416 219 330 228 313 243 321 166 141 1 201 90 260 303 145 110 344 217 259 173 320 265 222 330 392 105 223 211 108 67 67 143 273 244 224 44 248 114 286 350 248 262 289 210 32 63 245 206 189 288 78 122 51 160 149 102 195 276 318 158 77 233 230 154 111 277 117 259 295 101 41 199 164 29 127 362 17 227 181 355 224 86 321 278 187 292 35 205 279 70 276 354 226 244 153 293 216 298 317 225 89 119 58 241 291 140 438 257 338 190 44 80 190 85 213 44 193 107 39 261 115 199 246 327 118 241 315 249 395 47 284 225 141 323 70 106 248 346 143 174 129 349 159 126 254 199 55 313 231 52 154 365 166 284 160 144 158 215 187 221 315 256 148 192 123 226 349 194 333 91 223 193 367 111 254 324 179 125 326 241 242 17 183 261 246 340 112 19 110 158 281 207
 288 412 314 228 138 210 322 319 364 310 313 270 368 199 355 59 313 201 1 151 340 335 75 309 271 237 353 61 328 210 143 272 376 301 283 296 99 266 230 328 161 377 107 234 273 311 210 398 370 319 369 10 228 145 297 363 281 164 177 320 168 53 305 249 354 358 243 96 151 77 29 63 159 280 304 386 243 293 180 156 282 229 204 390 215 375 71 382 167 190 459 301 16 407 200 18 376 262 394 490 260 63 306 217 18 191 401 387 120 205 151 160 304 62 390 281 272 339 243 278 31 285 55 175 230 103 167 163 115 340 355 395 123 326 454 400 379 241 338 325 88 410 165 207 83 291 104 201 299 449 146 259 230 252 204 354 66 173 265 374 126 293 311 342 269 91 46 109 219 145 261 191 137 65 468 286 418 111 297 341 315 311 325 419 267 325 304 373 147 193 40 388 98 288 214 211 277 306 327 310
 238 277 270 208 128 118 252 203 332 177 250 161 257 155 257 98 165 90 151 1 214 237 78 180 256 141 221 103 247 177 133 243 314 164 164 165 94 149 85 182 185 232 140 134 176 198 197 293 228 204 244 159 121 42 184 214 146 201 28 186 40 100 155 100 204 232 229 77 15 157 177 90 25 200 205 243 208 188 51 109 138 114 65 297 106 227 106 290 135 41 314 208 140 268 67 147 244 126 254 346 157 175 157 204 167 209 276 237 43 63 87 151 218 97 355 186 251 190 119 146 129 163 142 48 121 99 55 173 38 193 217 278 34 197 309 252 317 110 226 189 68 284 23 60 173 259 61 95 150 317 69 111 169 135 61 251 159 108 122 293 78 210 162 206 126 134 120 137 226 168 116 108 34 153 329 151 293 72 172 192 281 188 203 289 133 195 245 228 153 95 120 245 166 254 67 108 129 156 220 172
 171 78 193 212 227 291 141 36 245 43 154 76 60 182 85 282 176 260 340 214 1 79 270 262 232 112 26 280 118 192 225 206 186 236 58 51 308 274 197 203 260 97 265 290 90 306 219 96 76 37 31 346 276 250 52 140 73 277 200 251 231 291 144 164 144 19 225 244 224 303 359 280 194 115 333 88 190 314 231 196 101 263 150 120 268 125 272 116 201 186 150 86 334 83 227 329 43 227 80 172 89 332 139 221 356 259 63 156 256 154 292 224 102 303 255 89 221 124 251 242 311 271 304 233 111 313 249 243 237 110 51 67 227 20 149 140 187 235 43 43 256 72 217 162 315 209 238 140 172 110 195 138 153 89 207 74 312 304 107 141 215 107 135 257 103 273 296 261 251 257 113 155 210 308 138 68 80 286 44 122 215 282 18 80 84 268 157 94 239 275 301 89 297 203 154 276 174 131 53 58
 103 137 119 160 205 334 66 52 167 107 81 77 44 148 21 280 244 303 335 237 79 1 274 326 167 102 103 276 41 150 202 142 109 299 82 105 326 330 247 273 222 175 243 339 65 368 171 65 153 50 82 340 324 278 61 217 125 237 232 318 264 292 212 217 220 83 167 243 250 283 349 282 214 62 391 165 135 371 268 180 161 312 179 61 314 203 265 53 176 220 218 35 333 151 269 322 111 284 153 234 82 314 207 171 350 213 101 234 276 186 322 193 39 311 178 56 155 199 303 302 305 330 291 268 117 332 283 207 250 186 129 78 239 91 218 218 111 287 37 116 261 110 247 199 293 140 241 146 238 152 196 193 114 105 249 21 294 339 160 67 212 49 204 326 157 256 290 240 198 224 165 147 222 291 192 122 112 306 89 197 141 345 69 127 130 333 86 171 210 315 297 165 272 135 192 320 235 199 28 126
 244 340 274 195 100 162 271 252 330 238 264 204 303 153 295 22 243 145 75 78 270 274 1 249 242 174 282 29 273 170 106 237 330 236 215 225 71 210 161 259 146 304 89 184 211 258 179 336 297 252 300 83 175 83 231 290 209 157 105 257 103 23 232 177 281 288 214 35 81 89 100 13 85 224 257 312 204 243 116 103 209 172 131 332 160 302 39 323 122 118 385 241 66 335 135 70 305 197 321 416 196 101 233 187 92 175 332 314 57 132 108 126 246 39 356 219 241 265 183 215 52 227 69 111 163 78 107 140 42 267 283 329 49 255 380 327 333 178 272 253 15 341 96 133 104 255 34 133 228 378 79 186 179 184 135 291 87 133 192 320 65 236 238 278 196 76 44 87 199 128 187 129 64 82 396 213 349 66 227 267 279 253 256 349 195 264 257 300 120 141 42 314 104 251 140 159 206 232 263 238
 374 282 406 368 303 111 370 276 468 223 375 261 321 313 340 270 90 110 309 180 262 326 249 1 411 265 251 276 354 336 307 392 429 28 247 222 216 50 102 70 360 207 319 89 286 48 360 357 220 278 284 319 87 167 268 154 202 377 157 19 147 266 120 116 143 272 388 256 171 334 338 259 191 320 79 224 360 64 134 278 166 83 181 379 98 179 282 374 302 153 267 310 295 262 115 312 264 56 245 299 265 349 125 367 325 381 305 162 193 172 165 323 326 248 487 294 403 151 68 35 296 31 316 139 240 216 144 346 213 165 229 324 213 244 260 192 431 72 297 221 242 308 158 158 350 405 239 233 91 322 241 136 313 235 121 330 334 151 168 392 254 323 130 38 170 313 292 316 393 345 164 258 211 329 308 205 318 200 238 154 423 22 263 303 199 16 373 205 328 121 289 226 345 399 160 104 92 133 300 205
 65 302 63 49 143 372 108 197 95 238 92 173 210 102 178 235 351 344 271 256 232 167 242 411 1 152 257 227 131 80 137 27 130 387 196 228 312 395 312 379 112 323 165 387 149 441 64 218 303 196 245 271 373 293 186 351 236 115 268 409 294 249 322 297 349 242 30 210 270 197 271 243 234 118 455 318 52 437 304 149 268 364 231 188 359 345 212 181 124 265 381 147 276 313 315 254 272 358 311 399 163 222 318 56 279 84 267 373 277 240 335 117 133 279 121 146 13 327 364 379 244 404 217 301 175 318 310 108 243 317 278 243 235 234 379 365 132 350 198 254 234 277 275 254 197 33 219 179 339 318 188 283 100 188 300 185 209 359 257 155 187 126 319 424 257 182 231 164 56 126 258 155 225 208 358 236 278 301 214 327 52 425 216 293 230 423 84 319 126 350 240 319 178 36 252 362 327 312 184 255
 110 189 142 117 116 248 114 85 205 98 115 37 132 74 122 181 200 217 237 141 112 102 174 265 152 1 132 178 107 90 114 131 176 240 57 85 226 256 171 228 151 185 154 257 38 300 118 163 168 84 138 242 242 182 63 203 87 169 141 261 172 192 170 150 200 129 135 143 155 193 253 182 117 61 318 184 101 299 178 86 117 231 92 160 230 200 168 152 90 132 255 69 234 192 183 225 154 214 184 281 25 223 167 122 252 154 170 226 178 100 227 113 78 211 225 47 143 178 226 235 207 262 197 178 26 232 191 134 150 170 146 160 139 104 252 223 179 211 102 116 160 179 153 115 204 142 141 47 189 220 96 132 54 38 166 118 202 247 106 154 112 70 168 275 106 163 192 150 152 146 107 47 122 199 249 88 186 207 77 178 159 281 95 191 80 276 111 180 128 227 198 186 186 136 110 235 178 161 91 111
 196 60 218 236 245 288 166 60 269 45 179 97 78 203 107 295 162 259 353 221 26 103 282 251 257 132 1 294 142 215 244 231 209 224 76 58 314 267 194 188 281 73 283 286 113 296 242 110 51 62 35 360 272 255 74 120 77 299 205 239 234 303 132 160 125 24 249 258 230 320 373 292 203 139 324 63 214 305 233 213 96 259 157 138 266 103 287 136 221 189 127 111 347 61 226 343 24 220 55 150 109 349 126 245 369 282 59 134 263 159 294 244 127 313 279 113 245 107 245 233 325 262 320 235 128 319 251 265 247 92 28 74 237 29 124 116 210 230 66 35 268 65 221 166 333 234 250 155 160 98 209 134 176 104 207 96 328 305 106 162 230 132 122 242 102 290 311 279 275 277 112 172 220 324 118 72 75 292 58 104 240 271 42 69 90 255 182 70 260 274 315 64 315 228 158 273 166 119 78 53
 235 353 263 181 86 190 266 259 317 251 258 210 308 144 296 10 267 173 61 103 280 276 29 276 227 178 294 1 271 159 92 224 323 263 224 237 94 239 187 284 125 321 66 212 214 286 164 339 313 259 309 67 203 111 237 311 223 133 130 285 130 23 254 200 302 298 198 37 108 61 81 22 105 222 286 328 193 271 143 99 227 201 148 332 189 321 15 323 112 141 402 242 58 348 163 51 317 225 336 432 201 74 255 171 77 155 341 335 85 151 135 111 246 55 343 221 226 286 211 243 32 255 41 138 171 100 135 121 66 286 297 335 71 266 397 347 326 205 278 266 36 350 122 154 76 243 47 141 252 389 86 207 174 192 161 294 59 160 210 317 66 235 260 305 213 51 19 66 180 106 205 131 82 54 409 227 358 93 238 288 267 281 265 359 209 291 250 317 102 169 22 331 77 239 160 187 231 254 268 252
 68 177 80 131 193 352 26 87 128 141 42 96 81 132 48 276 276 320 328 247 118 41 273 354 131 107 142 271 1 128 189 106 76 328 109 136 331 353 268 305 200 214 230 358 73 394 145 89 192 85 122 332 344 288 89 254 154 213 246 347 278 289 243 241 256 123 135 240 261 269 339 279 223 50 415 204 107 396 283 173 190 332 195 66 332 241 259 57 163 235 258 45 328 191 286 313 151 309 193 273 95 299 239 144 341 186 139 272 283 202 333 176 31 311 140 64 120 235 325 327 298 356 280 283 128 337 297 187 254 222 168 113 243 127 258 257 78 309 77 152 260 148 259 216 277 102 241 153 268 189 196 219 99 123 268 56 281 352 187 48 209 39 237 356 185 243 283 226 168 205 191 146 227 278 231 152 149 312 120 233 102 372 106 165 156 362 48 210 193 331 290 205 256 97 210 338 263 231 66 160
 79 269 106 33 74 294 116 160 162 186 105 121 191 23 167 166 282 265 210 177 192 150 170 336 80 90 215 159 128 1 68 69 167 313 143 173 237 317 236 309 73 273 106 308 104 364 29 212 256 158 214 212 295 215 142 291 175 89 189 335 215 180 254 224 288 207 54 136 191 144 217 172 156 89 377 271 35 359 225 71 203 286 156 193 281 289 145 185 49 187 340 119 213 274 237 194 234 282 269 364 108 174 252 34 221 68 241 315 200 164 257 51 113 208 187 106 75 266 286 303 181 327 158 223 108 244 232 59 166 258 232 224 158 189 338 312 170 273 169 203 160 251 196 179 150 87 144 105 269 294 109 212 40 126 223 170 156 281 190 170 110 102 253 351 191 121 167 103 64 77 190 79 146 154 328 177 256 225 163 266 111 349 175 265 167 348 96 268 67 271 175 273 129 83 177 284 255 246 155 200
 146 302 173 91 7 247 180 197 227 207 171 150 239 58 221 99 270 222 143 133 225 202 106 307 137 114 244 92 189 68 1 134 234 288 170 193 175 281 207 294 54 289 43 265 144 329 74 266 276 196 251 146 252 164 176 295 187 71 152 310 171 113 248 205 290 242 109 74 146 82 151 107 117 143 337 292 102 320 183 35 205 246 137 252 238 299 78 244 27 156 365 168 145 303 198 127 266 253 294 392 138 113 247 82 155 77 282 320 145 144 203 22 167 143 253 150 136 269 250 273 114 293 93 179 120 182 185 41 112 265 255 270 106 216 361 324 237 239 212 224 98 292 155 155 92 152 85 99 256 333 68 201 91 143 188 221 93 228 189 233 57 156 250 329 191 56 99 39 96 40 186 75 100 91 362 190 298 166 188 270 176 318 208 304 175 321 162 285 22 224 108 294 73 148 157 239 238 243 200 215
 39 276 46 45 139 359 84 172 94 214 68 149 185 89 153 232 330 330 272 243 206 142 237 392 27 131 231 224 106 69 134 1 114 368 171 204 305 378 295 358 118 298 166 372 125 424 63 194 278 170 220 273 358 281 161 327 213 125 253 390 281 246 300 278 326 217 36 204 257 201 275 239 220 93 439 292 36 420 290 139 246 349 214 165 345 320 210 158 116 249 355 122 276 287 300 256 246 340 285 373 139 228 296 57 282 94 241 348 267 222 324 114 107 275 120 121 15 303 347 361 245 386 219 287 154 312 297 111 234 293 253 218 225 209 354 340 116 333 172 229 227 251 261 237 203 19 212 161 318 292 176 262 80 166 284 159 213 348 235 134 178 100 296 404 235 183 230 165 69 130 237 139 213 212 333 212 253 292 190 303 44 407 191 267 208 404 60 294 126 337 239 294 183 17 234 348 307 289 158 231
 89 232 69 155 239 423 64 160 72 214 67 170 136 179 103 329 350 392 376 314 186 109 330 429 130 176 209 323 76 167 234 114 1 403 183 211 392 428 342 379 229 281 272 431 146 468 172 123 259 157 183 378 416 355 163 325 229 238 316 422 348 343 318 316 328 187 148 296 329 309 382 334 290 116 489 269 135 470 353 227 265 405 266 85 405 310 309 82 211 307 314 120 378 250 358 360 213 383 255 323 168 338 313 168 387 207 191 341 348 274 401 217 104 368 73 137 121 307 399 402 347 430 325 353 200 399 366 220 317 294 236 161 306 199 315 324 4 383 145 224 318 198 328 289 313 99 300 221 343 232 257 294 152 197 340 114 321 421 262 50 266 109 311 431 260 287 332 269 182 239 266 209 291 320 278 226 195 376 194 305 80 447 177 215 231 437 74 278 232 402 340 269 293 98 283 410 338 306 136 233
 349 257 380 345 284 114 344 249 443 197 349 235 295 291 313 257 65 105 301 164 236 299 236 28 387 240 224 263 328 313 288 368 403 1 220 196 211 59 82 49 341 182 302 95 260 73 338 330 195 251 258 310 89 157 241 131 175 358 139 24 135 255 94 92 120 246 365 240 157 320 329 247 173 294 102 200 336 85 122 258 140 81 158 352 96 156 268 347 281 134 247 284 287 237 102 302 239 40 220 279 239 336 99 345 316 361 279 142 182 150 162 303 300 240 461 268 379 126 63 26 285 44 303 127 215 211 134 327 199 140 203 298 197 217 240 171 405 61 270 194 228 282 143 136 336 381 224 210 65 297 221 110 289 209 104 303 321 152 142 365 236 297 104 43 144 297 280 299 372 326 138 235 194 316 285 179 293 193 212 129 398 48 236 278 173 37 347 181 309 118 277 202 329 375 137 104 65 107 273 179
 142 134 170 168 170 254 126 40 229 44 134 24 94 130 99 226 169 223 283 164 58 82 215 247 196 57 76 224 109 143 170 171 183 220 1 33 257 249 165 198 207 131 208 257 48 287 171 130 113 41 87 290 243 203 23 157 47 225 155 239 187 235 137 136 156 76 183 188 176 246 302 224 142 82 310 129 148 290 189 139 83 230 102 140 233 150 215 134 146 141 199 65 278 135 188 272 98 203 128 224 36 275 133 175 299 209 119 178 206 108 246 169 82 249 245 53 185 134 221 221 254 250 247 190 54 262 206 190 184 123 90 115 173 48 196 171 186 205 63 61 201 128 170 119 258 178 182 84 161 167 139 112 105 32 169 92 255 262 80 147 159 81 131 249 77 216 240 204 205 202 84 98 156 251 193 45 136 235 21 133 190 265 42 137 49 255 134 126 185 236 245 130 240 172 112 240 156 125 59 60
 174 117 201 199 193 242 156 55 259 15 165 56 104 158 119 238 141 211 296 165 51 105 225 222 228 85 58 237 136 173 193 204 211 196 33 1 258 229 149 169 234 100 229 242 80 265 201 141 85 57 81 303 228 200 49 124 24 252 150 214 181 246 108 117 124 68 215 201 175 265 316 235 146 114 289 101 180 270 181 160 57 215 101 158 220 118 230 153 171 136 173 95 289 113 177 286 82 182 103 201 67 294 103 205 312 239 112 146 207 104 242 195 112 256 275 85 217 102 204 199 268 228 264 183 74 263 199 217 190 91 63 117 179 33 170 140 213 188 77 32 210 120 167 112 279 211 193 99 134 155 153 91 136 51 158 109 273 254 59 171 174 112 101 222 56 236 254 225 236 228 65 119 163 269 174 19 129 236 17 101 222 241 44 125 34 229 165 96 209 225 258 103 262 204 104 227 132 96 79 28
 309 370 340 264 170 113 332 295 398 270 327 251 349 219 346 85 236 108 99 94 308 326 71 216 312 226 314 94 331 237 175 305 392 211 257 258 1 171 152 245 216 321 159 137 263 214 249 384 319 296 338 108 132 65 275 295 239 226 113 229 90 73 235 179 284 325 283 103 86 151 127 74 115 282 206 333 271 195 99 169 228 135 159 385 120 312 107 377 190 128 402 294 84 360 116 107 337 174 345 435 245 152 238 256 112 246 369 317 52 156 54 196 302 43 423 272 310 274 150 187 97 190 127 94 210 8 81 210 78 279 309 371 88 290 396 336 395 151 318 282 79 377 97 151 164 323 95 181 222 411 136 197 242 226 126 341 145 75 213 378 129 293 244 251 217 144 101 157 269 198 207 185 105 141 421 244 386 24 265 276 347 215 296 382 226 232 320 317 190 97 94 335 169 319 159 115 201 239 311 265
 365 306 397 350 276 63 366 282 460 233 369 259 332 295 346 231 117 67 266 149 274 330 210 50 395 256 267 239 353 317 281 378 428 59 249 229 171 1 87 107 333 234 287 40 282 49 340 368 244 284 299 276 40 128 270 186 207 349 130 67 112 226 140 114 174 287 370 222 138 298 295 220 166 314 63 251 345 43 100 255 175 39 167 386 52 210 246 380 280 131 302 310 252 287 83 271 284 48 270 335 261 310 145 348 281 356 324 199 154 158 119 299 325 205 481 291 388 177 32 37 256 21 278 104 232 170 104 321 178 189 248 339 180 255 295 227 430 46 305 234 206 328 128 143 314 393 206 218 112 347 215 139 300 231 96 337 297 103 171 395 226 320 151 87 175 279 253 284 371 317 167 241 182 292 338 211 338 156 244 180 412 45 271 325 201 64 366 232 301 75 249 253 310 387 147 57 102 151 305 217
 279 241 312 268 203 95 281 201 374 156 284 174 252 213 263 182 86 67 230 85 197 247 161 102 312 171 194 187 268 236 207 295 342 82 165 149 152 87 1 99 260 179 222 94 197 131 260 289 183 202 225 239 80 89 187 146 127 277 59 104 64 181 87 36 135 212 289 161 81 241 257 172 92 229 148 194 261 129 54 178 99 67 82 304 72 165 190 298 202 53 258 225 218 227 38 229 214 47 210 291 175 260 90 267 247 281 252 167 112 73 113 223 239 171 395 206 305 127 58 68 211 93 226 59 146 154 73 246 122 134 180 264 118 178 251 187 345 42 224 160 152 258 66 59 257 308 145 134 72 283 141 61 216 146 27 255 243 116 91 310 156 234 96 123 95 217 204 218 293 245 86 158 114 238 284 131 268 130 163 129 327 114 192 258 119 115 280 176 228 82 202 196 249 302 62 80 50 93 223 143
 334 214 364 340 291 158 323 222 425 167 330 216 262 288 285 279 30 143 328 182 203 273 259 70 379 228 188 284 305 309 294 358 379 49 198 169 245 107 99 1 346 138 315 141 242 117 336 297 153 224 222 337 134 185 217 84 152 364 156 54 161 279 62 90 74 211 360 257 179 337 355 270 185 276 148 156 328 132 149 261 116 123 158 322 138 110 286 317 283 146 199 262 315 194 130 327 200 75 177 231 222 357 67 342 344 363 240 94 209 151 199 307 279 268 442 249 370 84 105 72 309 93 323 155 205 246 165 331 219 99 164 261 215 186 192 123 381 97 241 161 249 242 164 140 353 368 241 206 41 254 229 98 280 194 125 274 339 193 124 338 247 278 70 55 124 312 301 310 370 333 122 233 208 334 239 154 252 225 186 87 383 90 206 236 153 70 330 137 315 158 300 158 344 362 138 146 57 75 246 148
 143 337 162 75 58 297 185 229 206 248 172 186 263 79 239 134 322 273 161 185 260 222 146 360 112 151 281 125 200 73 54 118 229 341 207 234 216 333 260 346 1 333 59 316 173 382 58 285 318 228 283 161 304 214 210 343 231 19 205 364 223 147 299 258 339 276 85 119 197 87 160 144 170 161 388 334 97 372 235 86 253 298 189 265 289 345 111 256 66 209 405 191 168 341 251 144 302 306 334 430 173 112 297 62 169 31 312 368 192 196 249 41 185 179 232 176 115 318 302 326 137 346 108 231 162 223 235 18 161 312 295 296 156 254 402 369 232 292 240 265 142 322 207 208 87 135 133 147 308 364 121 252 111 184 241 242 98 275 238 239 108 174 300 382 239 75 125 60 59 19 236 120 152 98 397 234 327 210 226 318 159 371 243 335 221 374 163 328 33 275 134 335 67 134 209 290 291 293 226 259
 265 78 288 297 289 269 237 129 341 88 250 154 148 257 179 320 118 244 377 232 97 175 304 207 323 185 73 321 214 273 289 298 281 182 131 100 321 234 179 138 333 1 324 261 175 253 300 175 23 131 101 385 249 258 138 57 104 351 210 191 234 326 97 146 66 95 313 286 237 357 401 315 220 206 284 19 277 267 228 256 96 236 174 208 246 34 317 206 269 194 83 180 368 56 216 370 72 190 40 115 166 384 92 304 394 338 109 64 272 173 290 293 197 329 351 178 312 58 220 198 351 225 353 232 172 324 248 316 265 47 47 136 256 90 77 44 282 206 138 71 290 109 225 174 372 303 275 193 123 116 241 125 235 150 200 168 364 294 113 234 263 201 86 190 109 328 339 319 335 326 118 216 241 360 107 101 119 298 111 55 310 227 110 100 116 207 252 5 307 260 341 21 356 296 166 255 137 88 149 75
 184 341 208 122 40 246 220 237 258 244 210 190 281 98 263 76 293 224 107 140 265 243 89 319 165 154 283 66 230 106 43 166 272 302 208 229 159 287 222 315 59 324 1 266 185 336 104 307 312 237 291 108 255 163 217 325 221 68 164 325 176 89 274 226 318 282 137 67 150 41 112 86 131 184 339 328 138 324 189 70 235 250 162 294 240 331 53 285 69 171 401 210 112 341 206 90 305 265 331 429 178 71 273 111 117 90 323 349 140 167 195 55 209 120 284 191 166 299 258 285 80 302 54 184 157 165 186 58 110 296 292 311 108 255 397 356 275 249 253 261 87 332 162 176 51 184 82 132 278 373 88 226 132 180 200 263 52 221 218 274 69 198 277 344 221 18 67 5 115 41 215 112 109 50 400 225 339 154 226 300 209 327 248 344 209 334 201 319 41 224 76 330 33 182 179 240 259 270 241 250
 362 329 395 340 260 26 369 294 458 248 370 264 345 286 356 204 148 44 234 134 290 339 184 89 387 257 286 212 358 308 265 372 431 95 257 242 137 40 94 141 316 261 266 1 286 78 329 382 268 295 317 243 16 104 279 216 220 330 121 106 95 197 165 127 205 304 361 200 120 272 262 193 154 316 74 277 338 60 84 242 191 28 166 397 29 240 221 390 267 126 333 315 219 312 74 240 304 73 295 366 264 282 170 337 248 341 343 232 129 158 84 284 329 174 480 295 381 204 42 71 227 60 251 87 233 135 82 305 157 215 269 356 161 271 326 258 434 57 317 252 182 349 113 143 288 388 185 215 139 371 202 153 295 236 92 348 270 66 184 402 209 323 176 126 188 256 225 263 358 298 179 234 166 265 366 224 359 125 256 207 409 82 285 347 212 103 366 258 285 44 220 279 286 382 149 27 125 175 315 234
 95 166 124 124 146 279 85 57 185 90 90 27 97 95 85 217 213 248 273 176 90 65 211 286 149 38 113 214 73 104 144 125 146 260 48 80 263 282 197 242 173 175 185 286 1 324 130 127 156 56 111 278 271 217 40 204 91 190 173 280 206 229 181 171 203 104 138 180 190 225 288 219 152 36 344 171 103 325 210 119 127 260 122 123 260 196 203 115 118 163 238 32 270 172 214 260 132 238 167 261 23 255 177 133 288 170 140 225 214 130 262 139 44 248 202 10 138 181 253 258 243 286 230 211 56 269 225 157 187 170 132 127 176 88 236 217 149 238 69 106 197 150 187 144 235 131 178 83 203 193 133 151 65 52 195 82 235 281 120 119 149 39 176 291 119 196 228 181 163 171 123 83 159 231 225 91 156 244 66 180 144 303 72 163 90 295 89 171 155 259 234 173 216 125 138 266 196 170 57 107
 409 328 441 397 325 102 408 318 504 267 412 299 365 342 382 278 137 114 311 198 306 368 258 48 441 300 296 286 394 364 329 424 468 73 287 265 214 49 131 117 382 253 336 78 324 1 388 401 266 320 329 320 84 176 308 200 243 397 178 64 161 272 165 153 190 317 417 270 186 345 339 267 214 357 34 271 391 24 148 302 209 87 212 422 98 225 294 417 327 178 313 350 296 308 132 316 310 87 291 344 302 357 171 395 325 405 351 208 201 203 161 347 365 250 524 332 435 197 80 67 302 39 325 152 275 211 152 369 227 211 275 369 228 288 306 238 471 92 340 265 254 354 176 188 361 438 254 264 137 369 263 176 345 273 143 373 344 141 208 433 274 361 176 74 211 327 300 332 419 365 204 287 231 339 354 247 364 201 280 200 457 27 306 349 239 50 409 252 350 119 295 273 358 432 192 101 134 178 342 249
 86 294 106 19 80 313 129 185 155 214 116 148 214 49 187 172 309 286 210 197 219 171 179 360 64 118 242 164 145 29 74 63 172 338 171 201 249 340 260 336 58 300 104 329 130 388 1 232 283 184 239 211 316 232 169 319 203 69 211 361 235 186 282 250 316 233 35 147 210 139 213 180 177 111 399 299 40 381 246 88 231 307 181 210 301 317 150 201 63 210 367 142 215 301 259 194 261 306 296 390 136 167 279 9 220 43 266 343 215 190 273 54 133 216 181 131 64 294 309 327 183 350 157 243 136 255 251 49 182 287 259 247 174 216 365 340 175 296 193 231 171 276 217 203 142 81 157 131 296 318 128 239 67 154 245 191 151 297 218 183 125 123 281 377 219 121 169 103 36 68 217 104 165 150 354 205 280 238 191 294 106 373 201 290 195 373 107 296 64 290 178 300 122 79 202 304 281 274 179 228
 156 114 162 219 269 381 111 92 193 136 128 134 38 211 46 343 270 350 398 293 96 65 336 357 218 163 110 339 89 212 266 194 123 330 130 141 384 368 289 297 285 175 307 382 127 401 232 1 154 90 77 403 368 332 110 227 164 299 284 346 316 354 238 257 233 87 224 305 305 347 413 344 270 125 427 161 194 408 318 244 195 355 231 39 359 208 329 42 240 271 194 99 396 134 316 385 104 321 143 201 141 378 233 231 413 273 72 239 333 237 376 257 101 372 195 119 207 215 344 337 368 366 355 319 175 390 335 270 309 201 135 42 298 115 196 216 123 328 68 137 322 78 300 248 356 188 303 205 267 110 257 231 177 159 297 46 358 391 199 74 274 112 229 350 196 319 353 304 256 288 205 209 281 355 156 159 74 363 128 213 182 377 98 94 172 362 135 174 274 364 360 160 336 184 240 367 269 225 74 153
 244 63 267 279 276 275 216 108 319 71 228 136 126 241 157 312 131 248 370 228 76 153 297 220 303 168 51 313 192 256 276 278 259 195 113 85 319 244 183 153 318 23 312 268 156 266 283 154 1 110 79 378 256 256 118 75 92 336 207 206 233 319 105 148 83 73 294 277 235 346 393 308 214 186 296 17 259 278 229 243 92 243 168 186 252 54 308 184 255 192 91 159 362 45 218 362 51 198 28 121 148 374 100 286 387 321 90 85 269 167 291 279 176 324 329 158 292 70 227 208 343 236 343 232 158 323 248 301 259 56 26 115 250 70 87 66 260 212 117 54 283 91 223 170 360 282 267 180 133 104 231 126 217 135 201 146 354 298 108 212 253 180 94 206 104 317 331 307 317 311 113 202 235 349 103 88 101 296 93 67 289 240 89 84 105 221 231 20 293 264 333 19 344 276 162 260 144 94 128 62
 135 111 158 177 198 293 108 3 212 58 119 49 54 149 63 261 195 262 319 204 37 50 252 278 196 84 62 259 85 158 196 170 157 251 41 57 296 284 202 224 228 131 237 295 56 320 184 90 110 1 57 324 281 243 23 170 78 245 195 269 227 272 163 171 172 50 189 224 216 276 336 261 182 78 344 124 154 325 229 169 113 268 142 103 271 157 250 97 171 181 187 50 314 119 227 307 78 237 116 207 60 306 158 186 334 225 87 188 245 148 286 193 66 287 224 54 184 151 258 255 289 284 280 230 90 302 245 211 223 138 85 78 212 43 185 175 159 242 23 68 238 96 210 159 287 173 219 120 189 138 175 146 119 71 208 54 285 301 114 116 193 71 155 277 111 247 274 233 215 226 119 130 194 282 171 74 103 275 41 149 179 297 22 109 85 285 122 128 209 275 280 125 268 167 151 278 188 150 23 77
 182 58 200 231 253 319 147 56 247 71 161 102 48 205 81 311 196 289 369 244 31 82 300 284 245 138 35 309 122 214 251 220 183 258 87 81 338 299 225 222 283 101 291 317 111 329 239 77 79 57 1 375 303 280 76 152 102 300 230 272 261 320 165 190 157 14 242 274 254 330 387 310 224 131 357 88 207 338 260 223 127 290 180 108 296 133 301 106 227 215 137 100 364 70 255 358 31 252 73 155 114 360 160 240 385 280 33 164 286 184 321 248 113 333 254 109 234 140 277 266 340 295 332 262 140 343 279 267 267 126 60 41 257 49 137 143 184 261 49 66 286 42 246 192 342 220 267 169 194 83 224 165 174 118 236 70 339 333 135 135 244 121 155 276 131 300 325 287 269 281 141 182 240 335 116 97 50 316 74 138 222 304 45 53 114 288 166 99 264 303 330 88 323 214 184 304 198 152 63 84
