NAME : domp60p20v5
COMMENT : (Deleplanque et al.) 
TYPE : DOMP
DIMENSION : 60
DISPLAY_DATA_TYPE: NO_DISPLAY
OPEN_FACILITIES : 20
COST_SECTION
 1 134 320 386 209 272 292 254 392 103 365 303 116 299 328 62 191 116 315 72 351 216 148 243 366 184 376 457 292 399 280 382 273 351 108 92 91 397 221 58 243 277 131 266 355 108 323 147 150 307 102 171 179 355 192 274 288 155 75 378
 134 1 214 361 194 154 274 127 341 213 390 325 40 354 234 180 172 231 267 148 409 251 53 181 322 60 365 418 165 360 304 331 326 414 155 197 176 337 250 190 288 344 5 190 265 198 369 233 42 343 135 244 60 396 128 356 165 158 206 356
 320 214 1 252 194 67 213 111 194 352 355 304 210 375 41 378 190 371 155 289 422 282 176 119 193 156 279 273 90 227 296 186 352 432 265 336 306 175 275 366 316 388 217 87 69 323 372 338 179 340 251 328 155 385 140 419 76 218 377 255
 386 361 252 1 179 293 95 332 76 345 142 135 330 218 213 444 200 357 104 319 238 196 309 186 61 329 41 79 330 43 150 77 211 252 282 337 314 103 187 400 200 251 364 193 197 314 195 298 321 170 285 269 319 188 234 292 315 232 400 13
 209 194 194 179 1 191 86 213 186 188 200 137 159 189 177 269 23 205 112 146 241 89 146 76 159 179 176 249 231 191 120 177 163 249 110 176 148 195 83 231 125 196 196 109 190 156 193 157 159 163 109 139 168 215 82 226 217 55 234 172
 272 154 67 293 191 1 234 46 245 319 376 318 157 379 100 327 179 339 190 253 430 278 125 124 238 95 313 325 41 274 306 236 353 439 235 302 273 230 272 322 315 386 158 104 131 293 381 315 124 350 218 310 97 399 117 412 27 198 335 293
 292 274 213 95 86 234 1 267 119 256 143 94 241 175 181 350 108 269 68 226 215 115 224 113 89 250 92 168 275 113 93 112 157 226 188 247 222 137 105 308 132 198 277 133 180 224 164 213 237 133 191 187 239 174 151 236 260 139 308 87
 254 127 111 332 213 46 267 1 288 315 405 345 140 400 145 305 197 334 229 247 452 296 112 155 279 71 350 368 40 316 331 279 373 460 236 298 271 274 291 308 334 402 130 140 176 292 405 318 106 375 217 318 77 425 132 424 42 208 322 332
 392 341 194 76 186 245 119 288 1 370 214 194 316 279 154 452 203 385 78 332 306 233 290 162 31 300 114 81 279 37 202 11 267 320 295 359 332 29 224 416 247 308 344 156 132 338 260 330 300 232 293 305 292 258 216 348 264 240 419 85
 103 213 352 345 188 319 256 315 370 1 291 236 182 211 348 129 178 20 299 69 259 153 204 248 341 249 326 422 349 368 213 361 188 257 88 18 47 382 160 72 167 183 212 279 369 34 238 55 212 229 102 86 240 271 213 174 341 141 62 335
 365 390 355 142 200 376 143 405 214 291 1 66 353 99 321 412 221 296 203 294 100 150 344 252 191 378 102 206 416 184 88 213 109 114 262 290 277 241 147 359 125 138 392 275 315 267 68 237 358 63 274 206 367 49 280 176 401 234 352 131
 303 325 304 135 137 318 94 345 194 236 66 1 287 86 274 353 157 244 161 233 121 88 280 195 166 314 102 211 359 173 25 190 77 133 199 233 218 217 84 302 73 117 326 220 273 210 71 184 293 40 210 153 303 83 218 158 344 169 296 123
 116 40 210 330 159 157 241 140 316 182 353 287 1 315 223 171 137 200 240 115 371 212 35 156 295 70 332 391 177 332 267 306 287 375 117 165 142 314 212 169 250 306 41 171 253 164 330 198 35 305 98 206 64 358 102 319 173 120 184 325
 299 354 375 218 189 379 175 400 279 211 99 86 315 1 350 338 204 212 242 232 56 106 316 260 251 357 182 292 419 257 83 275 29 62 207 214 209 303 110 281 68 39 355 289 352 194 33 157 329 49 223 129 346 64 268 79 405 200 271 206
 328 234 41 213 177 100 181 145 154 348 321 274 223 350 1 388 177 367 120 289 394 262 190 103 154 179 241 233 129 187 269 146 327 405 261 333 303 135 254 370 294 365 238 71 33 318 343 329 196 311 249 314 176 354 139 398 114 210 379 217
 62 180 378 444 269 327 350 305 452 129 412 353 171 338 388 1 251 134 376 126 387 266 204 304 426 236 432 516 343 458 330 443 314 385 163 125 137 457 272 59 289 311 177 327 415 147 364 182 204 352 161 210 232 397 253 301 341 214 74 435
 191 172 190 200 23 179 108 197 203 178 221 157 137 204 177 251 1 196 127 131 257 100 124 74 176 159 198 268 218 210 139 193 177 264 95 165 136 210 95 216 138 207 174 107 193 146 210 153 138 181 91 139 148 233 66 234 205 39 220 193
 116 231 371 357 205 339 269 334 385 20 296 244 200 212 367 134 196 1 314 88 258 163 223 267 355 268 336 434 368 381 221 376 191 255 107 37 66 397 171 76 173 181 230 298 387 51 241 61 231 234 122 92 259 273 232 168 360 159 62 346
 315 267 155 104 112 190 68 229 78 299 203 161 240 242 120 376 127 314 1 256 281 173 215 87 56 229 125 152 229 94 161 68 224 293 220 287 259 84 164 341 196 264 270 90 114 266 231 263 226 200 217 240 221 239 140 302 213 165 345 104
 72 148 289 319 146 253 226 247 332 69 294 233 115 232 289 126 131 88 256 1 286 146 137 194 304 181 307 392 281 335 209 322 205 287 39 52 29 339 150 86 174 213 147 222 312 51 254 89 145 237 42 107 172 285 152 216 274 93 92 310
 351 409 422 238 241 430 215 452 306 259 100 121 371 56 394 387 257 258 281 286 1 161 371 309 281 412 199 305 470 280 126 304 85 15 261 264 262 332 164 330 123 78 410 337 393 245 51 207 384 83 279 181 400 52 321 101 456 255 318 227
 216 251 282 196 89 278 115 296 233 153 150 88 212 106 262 266 100 163 173 146 161 1 211 164 203 252 174 274 317 224 65 226 79 167 113 148 130 250 10 215 40 109 252 196 271 124 119 103 224 95 126 75 240 147 164 138 304 95 211 185
 148 53 176 309 146 125 224 112 290 204 344 280 35 316 190 204 124 223 215 137 371 211 1 129 270 46 315 366 148 308 260 280 288 377 130 187 161 286 209 199 250 311 56 140 220 183 328 213 14 301 110 217 37 354 77 328 142 117 213 305
 243 181 119 186 76 124 113 155 162 248 252 195 156 260 103 304 74 267 87 194 309 164 129 1 142 144 198 238 165 180 184 151 235 318 162 234 204 160 157 277 199 270 184 34 121 217 259 226 140 228 153 212 135 276 55 301 150 109 284 183
 366 322 193 61 159 238 89 279 31 341 191 166 295 251 154 426 176 355 56 304 281 203 270 142 1 284 95 96 274 39 173 25 238 294 267 331 304 53 194 388 218 279 325 142 137 309 233 300 281 204 266 275 275 233 195 319 259 213 391 67
 184 60 156 329 179 95 250 71 300 249 378 314 70 357 179 236 159 268 229 181 412 252 46 144 284 1 339 378 109 322 297 289 329 418 175 231 206 292 249 238 290 354 63 145 211 228 367 258 37 339 156 261 12 391 100 372 107 159 253 326
 376 365 279 41 176 313 92 350 114 326 102 102 332 182 241 432 198 336 125 307 199 174 315 198 95 339 1 111 352 83 120 115 178 213 270 320 299 142 167 385 172 216 368 211 229 296 157 276 327 134 276 246 329 149 241 258 337 226 383 31
 457 418 273 79 249 325 168 368 81 422 206 211 391 292 233 516 268 434 152 392 305 274 366 238 96 378 111 1 359 60 227 91 287 319 355 413 389 99 265 475 278 326 421 235 208 390 266 376 377 244 356 348 370 254 291 367 344 303 475 91
 292 165 90 330 231 41 275 40 279 349 416 359 177 419 129 343 218 368 229 281 470 317 148 165 274 109 352 359 1 310 346 271 393 479 267 331 304 262 312 345 355 424 169 143 158 324 421 349 143 390 249 346 114 440 154 449 17 234 359 331
 399 360 227 43 191 274 113 316 37 368 184 173 332 257 187 458 210 381 94 335 280 224 308 180 39 322 83 60 310 1 185 42 248 293 298 358 333 64 215 419 233 289 363 180 166 336 236 324 319 209 298 297 313 230 232 329 295 245 420 54
 280 304 296 150 120 306 93 331 202 213 88 25 267 83 269 330 139 221 161 209 126 65 260 184 173 297 120 227 346 185 1 197 66 137 175 210 194 224 60 278 52 107 306 211 271 186 77 161 274 45 187 130 286 96 201 147 332 148 273 138
 382 331 186 77 177 236 112 279 11 361 213 190 306 275 146 443 193 376 68 322 304 226 280 151 25 289 115 91 271 42 197 1 262 317 286 350 323 29 216 407 241 303 334 146 125 329 257 322 290 228 283 297 282 256 205 343 255 231 410 85
 273 326 352 211 163 353 157 373 267 188 109 77 287 29 327 314 177 191 224 205 85 79 288 235 238 329 178 287 393 248 66 262 1 90 179 190 183 289 83 258 40 42 327 265 332 169 51 134 301 49 196 105 318 84 241 82 379 172 249 199
 351 414 432 252 249 439 226 460 320 257 114 133 375 62 405 385 264 255 293 287 15 167 377 318 294 418 213 319 479 293 137 317 90 1 264 263 262 345 170 328 128 76 414 347 405 245 63 206 390 95 282 182 407 66 329 94 465 261 316 240
 108 155 265 282 110 235 188 236 295 88 262 199 117 207 261 163 95 107 220 39 261 113 130 162 267 175 270 355 267 298 175 286 179 264 1 73 43 303 116 122 144 192 155 192 282 59 226 84 141 206 21 90 165 256 126 203 258 57 126 273
 92 197 336 337 176 302 247 298 359 18 290 233 165 214 333 125 165 37 287 52 264 148 187 234 331 231 320 413 331 358 210 350 190 263 73 1 31 370 155 70 166 188 195 264 354 25 240 58 195 229 86 86 223 273 197 183 324 127 65 327
 91 176 306 314 148 273 222 271 332 47 277 218 142 209 303 137 136 66 259 29 262 130 161 204 304 206 299 389 304 333 194 323 183 262 43 31 1 342 136 88 154 188 175 234 324 24 233 61 170 218 56 82 197 265 167 189 296 97 88 304
 397 337 175 103 195 230 137 274 29 382 241 217 314 303 135 457 210 397 84 339 332 250 286 160 53 292 142 99 262 64 224 29 289 345 303 370 342 1 241 424 268 330 340 148 110 349 285 344 296 256 300 320 285 284 214 370 247 248 428 112
 221 250 275 187 83 272 105 291 224 160 147 84 212 110 254 272 95 171 164 150 164 10 209 157 194 249 167 265 312 215 60 216 83 170 116 155 136 241 1 222 44 115 252 188 263 131 120 112 223 94 128 83 238 147 160 145 298 94 218 177
 58 190 366 400 231 322 308 308 416 72 359 302 169 281 370 59 216 76 341 86 330 215 199 277 388 238 385 475 345 419 278 407 258 328 122 70 88 424 222 1 234 253 188 304 394 93 308 125 203 298 126 155 232 341 232 243 340 177 19 391
 243 288 316 200 125 315 132 334 247 167 125 73 250 68 294 289 138 173 196 174 123 40 250 199 218 290 172 278 355 233 52 241 40 128 144 166 154 268 44 234 1 73 289 230 301 143 83 113 263 65 160 82 279 113 203 107 342 133 228 188
 277 344 388 251 196 386 198 402 308 183 138 117 306 39 365 311 207 181 264 213 78 109 311 270 279 354 216 326 424 289 107 303 42 76 192 188 188 330 115 253 73 1 345 301 371 170 71 131 324 84 211 107 343 101 271 42 411 197 242 239
 131 5 217 364 196 158 277 130 344 212 392 326 41 355 238 177 174 230 270 147 410 252 56 184 325 63 368 421 169 363 306 334 327 414 155 195 175 340 252 188 289 345 1 193 268 198 370 233 45 345 135 244 64 397 131 356 168 159 204 359
 266 190 87 193 109 104 133 140 156 279 275 220 171 289 71 327 107 298 90 222 337 196 140 34 142 145 211 235 143 180 211 146 265 347 192 264 234 148 188 304 230 301 193 1 91 248 287 259 149 255 181 245 138 302 75 333 128 140 313 192
 355 265 69 197 190 131 180 176 132 369 315 273 253 352 33 415 193 387 114 312 393 271 220 121 137 211 229 208 158 166 271 125 332 405 282 354 324 110 263 394 301 371 268 91 1 337 343 345 226 311 272 329 207 351 164 406 144 229 403 202
 108 198 323 314 156 293 224 292 338 34 267 210 164 194 318 147 146 51 266 51 245 124 183 217 309 228 296 390 324 336 186 329 169 245 59 25 24 349 131 93 143 170 198 248 337 1 219 41 192 207 76 65 218 251 184 169 315 109 88 304
 323 369 372 195 193 381 164 405 260 238 68 71 330 33 343 364 210 241 231 254 51 119 328 259 233 367 157 266 421 236 77 257 51 63 226 240 233 285 120 308 83 71 370 287 343 219 1 184 341 33 242 155 356 34 274 109 407 212 299 183
 147 233 338 298 157 315 213 318 330 55 237 184 198 157 329 182 153 61 263 89 207 103 213 226 300 258 276 376 349 324 161 322 134 206 84 58 61 344 112 125 113 131 233 259 345 41 184 1 223 175 103 32 248 217 201 129 339 121 117 287
 150 42 179 321 159 124 237 106 300 212 358 293 35 329 196 204 138 231 226 145 384 224 14 140 281 37 327 377 143 319 274 290 301 390 141 195 170 296 223 203 263 324 45 149 226 192 341 223 1 314 121 228 30 367 88 340 139 130 217 317
 307 343 340 170 163 350 133 375 232 229 63 40 305 49 311 352 181 234 200 237 83 95 301 228 204 339 134 244 390 209 45 228 49 95 206 229 218 256 94 298 65 84 345 255 311 207 33 175 314 1 220 144 328 53 245 125 376 187 290 158
 102 135 251 285 109 218 191 217 293 102 274 210 98 223 249 161 91 122 217 42 279 126 110 153 266 156 276 356 249 298 187 283 196 282 21 86 56 300 128 126 160 211 135 181 272 76 242 103 121 220 1 110 146 271 112 222 241 54 133 276
 171 244 328 269 139 310 187 318 305 86 206 153 206 129 314 210 139 92 240 107 181 75 217 212 275 261 246 348 346 297 130 297 105 182 90 86 82 320 83 155 82 107 244 245 329 65 155 32 228 144 110 1 251 187 194 114 335 113 147 258
 179 60 155 319 168 97 239 77 292 240 367 303 64 346 176 232 148 259 221 172 400 240 37 135 275 12 329 370 114 313 286 282 318 407 165 223 197 285 238 232 279 343 64 138 207 218 356 248 30 328 146 251 1 380 89 361 110 147 246 316
 355 396 385 188 215 399 174 425 258 271 49 83 358 64 354 397 233 273 239 285 52 147 354 276 233 391 149 254 440 230 96 256 84 66 256 273 265 284 147 341 113 101 397 302 351 251 34 217 367 53 271 187 380 1 296 136 425 239 332 177
 192 128 140 234 82 117 151 132 216 213 280 218 102 268 139 253 66 232 140 152 321 164 77 55 195 100 241 291 154 232 201 205 241 329 126 197 167 214 160 232 203 271 131 75 164 184 274 201 88 245 112 194 89 296 1 296 142 83 241 230
 274 356 419 292 226 412 236 424 348 174 176 158 319 79 398 301 234 168 302 216 101 138 328 301 319 372 258 367 449 329 147 343 82 94 203 183 189 370 145 243 107 42 356 333 406 169 109 129 340 125 222 114 361 136 296 1 437 217 229 280
 288 165 76 315 217 27 260 42 264 341 401 344 173 405 114 341 205 360 213 274 456 304 142 150 259 107 337 344 17 295 332 255 379 465 258 324 296 247 298 340 342 411 168 128 144 315 407 339 139 376 241 335 110 425 142 437 1 223 354 316
 155 158 218 232 55 198 139 208 240 141 234 169 120 200 210 214 39 159 165 93 255 95 117 109 213 159 226 303 234 245 148 231 172 261 57 127 97 248 94 177 133 197 159 140 229 109 212 121 130 187 54 113 147 239 83 217 223 1 182 225
 75 206 377 400 234 335 308 322 419 62 352 296 184 271 379 74 220 62 345 92 318 211 213 284 391 253 383 475 359 420 273 410 249 316 126 65 88 428 218 19 228 242 204 313 403 88 299 117 217 290 133 147 246 332 241 229 354 182 1 390
 378 356 255 13 172 293 87 332 85 335 131 123 325 206 217 435 193 346 104 310 227 185 305 183 67 326 31 91 331 54 138 85 199 240 273 327 304 112 177 391 188 239 359 192 202 304 183 287 317 158 276 258 316 177 230 280 316 225 390 1
LAMBDA_SECTION
1  45
2  37
3  30
4  29
5  47
6  37
7  57
8  20
9  17
10  17
11  38
12  24
13  34
14  51
15  36
16  28
17  49
18  50
19  54
20  39
21  41
22  57
23  54
24  27
25  38
26  32
27  21
28  29
29  59
30  52
31  59
32  51
33  30
34  36
35  20
36  24
37  20
38  24
39  37
40  29
41  33
42  15
43  46
44  53
45  58
46  22
47  21
48  55
49  57
50  23
51  34
52  38
53  20
54  36
55  58
56  50
57  53
58  19
59  19
60  15
