NAME : domp200p100v5
COMMENT : (Deleplanque et al.) 
TYPE : DOMP
DIMENSION : 200
DISPLAY_DATA_TYPE: NO_DISPLAY
OPEN_FACILITIES : 100
COST_SECTION
 1 147 235 267 200 67 360 333 369 305 5 191 252 291 274 167 162 43 287 286 251 201 310 363 304 188 299 155 202 257 385 132 231 308 116 89 240 138 153 214 143 206 175 360 95 357 316 231 198 277 239 180 134 124 181 85 339 132 96 76 103 292 229 203 110 213 379 200 332 162 182 315 217 316 344 245 206 182 181 291 231 265 104 172 294 213 240 184 330 84 191 12 394 27 106 116 238 281 310 405 291 286 51 293 330 310 191 236 172 305 224 168 283 227 351 138 163 215 287 171 60 115 147 166 156 321 275 375 307 348 143 286 261 141 187 64 131 303 17 159 336 162 100 231 186 329 20 142 152 209 152 286 46 74 125 237 232 198 246 285 358 237 232 224 318 153 265 138 357 104 225 201 92 14 364 85 217 97 394 311 134 134 287 359 335 221 190 287 108 135 341 174 70 255 296 3 230 72 38 219
 147 1 313 278 334 100 246 246 353 226 148 124 335 366 249 287 59 183 226 170 115 335 278 247 205 107 363 288 300 205 403 97 318 338 231 126 152 206 121 229 245 308 59 313 55 277 344 341 296 333 212 44 174 79 43 78 288 88 208 153 128 313 318 314 42 74 273 53 312 140 283 228 242 300 236 318 269 273 37 216 174 287 51 296 303 127 299 198 340 214 80 145 411 173 210 113 348 208 243 423 232 244 186 268 215 193 202 99 183 251 111 128 160 134 278 94 21 277 262 241 107 252 13 138 10 286 356 271 312 288 67 278 177 255 180 89 61 298 164 193 314 224 206 210 301 246 128 50 105 138 87 180 122 134 257 161 352 279 216 321 248 169 301 337 251 37 276 277 250 181 348 336 169 150 385 73 127 101 392 289 20 217 345 317 291 262 274 209 46 120 363 311 207 294 346 150 364 210 152 326
 235 313 1 132 152 227 384 319 226 288 231 241 24 57 192 109 359 202 252 340 353 153 219 389 320 256 67 147 51 229 188 353 22 117 127 191 275 110 209 125 96 57 292 269 271 321 125 83 52 59 188 314 141 339 355 242 264 232 142 173 186 124 24 79 299 337 381 354 210 193 66 307 108 194 362 14 49 56 348 276 231 113 268 120 145 266 41 137 161 165 290 246 198 227 131 344 84 269 274 205 252 222 193 198 365 355 139 345 148 251 303 393 351 277 305 228 315 45 196 73 222 165 321 198 318 228 43 375 156 282 257 169 277 110 166 275 337 171 229 126 216 90 137 179 90 309 242 271 373 246 243 322 216 189 149 259 113 38 195 95 375 246 23 88 277 289 133 168 369 140 119 159 154 222 168 293 272 322 223 203 312 104 62 261 250 78 46 278 272 363 150 163 183 80 80 234 165 184 270 70
 267 278 132 1 271 225 268 197 109 169 263 167 149 148 67 216 334 251 132 240 274 272 88 273 209 186 128 251 170 118 127 349 152 66 201 187 181 138 158 55 176 179 235 139 256 193 70 212 169 97 81 261 134 331 316 230 133 192 200 192 175 38 154 201 282 272 259 303 82 139 173 189 52 65 246 123 101 154 305 160 134 22 246 231 28 183 92 87 65 231 224 277 135 271 188 350 215 155 150 147 130 98 244 68 255 250 81 271 102 125 223 389 256 190 176 186 272 97 67 122 225 251 289 141 279 97 154 252 41 152 212 38 173 199 99 278 321 44 269 109 88 118 192 77 206 186 264 229 366 163 192 218 229 197 239 163 241 134 84 60 257 148 110 216 151 245 3 265 250 167 246 278 178 254 108 289 189 327 128 72 285 153 108 131 119 64 141 163 249 366 86 273 245 55 95 267 290 247 303 198
 200 334 152 271 1 235 485 432 374 400 197 316 149 186 320 60 359 158 367 424 414 2 353 489 420 324 209 47 105 339 339 331 133 269 109 218 362 167 274 243 111 97 339 406 280 442 276 80 105 210 303 354 203 323 373 257 396 278 130 186 224 272 130 74 303 384 490 385 352 266 99 417 230 336 464 165 172 119 370 386 329 255 284 46 290 343 188 235 311 121 346 208 348 178 132 313 84 377 392 354 370 346 152 332 460 445 241 401 237 374 371 364 429 357 429 278 344 176 327 158 227 86 337 273 341 363 166 485 302 412 300 307 374 90 260 261 330 314 186 208 358 171 133 292 66 423 217 309 350 328 296 413 212 205 78 350 56 139 310 246 478 342 169 72 397 325 271 65 474 169 45 8 175 192 319 282 349 295 374 341 324 146 211 400 384 209 132 385 289 330 302 30 132 225 230 198 31 129 222 85
 67 100 227 225 235 1 294 269 321 241 65 127 247 282 220 189 135 90 225 221 190 236 256 298 238 122 283 189 206 197 350 130 228 276 132 41 175 118 91 172 149 213 113 303 48 293 283 245 202 256 184 122 97 114 140 23 280 67 109 56 52 256 228 217 75 155 313 151 281 103 188 250 179 267 279 233 188 181 136 227 169 228 50 198 253 148 220 140 290 117 127 71 358 88 112 126 252 218 248 369 230 228 91 240 265 245 146 175 125 245 159 170 219 161 288 73 110 196 233 155 9 154 104 106 107 266 269 309 264 288 79 238 197 157 135 54 111 257 80 121 285 141 108 177 203 265 52 80 149 144 87 221 26 39 159 173 254 191 190 255 293 173 218 240 256 94 224 179 292 88 249 237 75 62 329 68 152 104 351 260 92 125 268 303 278 191 184 223 55 143 306 213 111 226 273 68 265 114 92 230
 360 246 384 268 485 294 1 76 258 100 358 175 406 413 203 426 290 377 138 77 139 485 195 6 66 174 395 447 404 156 349 339 401 327 381 285 125 319 218 260 375 414 193 181 278 99 327 452 401 363 197 202 283 323 249 277 162 230 365 316 274 299 402 431 283 177 37 218 230 221 397 81 277 233 23 380 339 378 239 110 157 289 265 440 274 150 348 255 296 389 174 363 351 381 358 358 457 116 122 362 139 172 376 207 32 53 250 152 250 149 139 364 88 135 116 225 226 341 205 335 301 425 255 214 238 193 416 40 274 146 218 238 112 396 228 320 304 250 373 279 227 319 359 206 427 87 343 223 344 160 209 75 317 302 421 135 476 368 191 327 15 144 363 452 123 219 267 448 23 321 477 490 319 355 342 312 145 345 307 217 264 340 375 191 177 307 370 107 262 363 329 473 391 318 363 362 511 395 380 435
 333 246 319 197 432 269 76 1 184 33 331 143 340 344 131 373 299 343 68 95 162 432 120 81 45 150 324 397 344 94 274 341 337 253 333 250 97 267 182 196 322 354 188 109 264 35 253 391 341 293 133 205 235 323 262 256 88 203 320 277 237 226 338 373 276 190 63 233 155 178 339 19 213 158 55 313 276 320 250 47 107 218 251 387 201 125 281 197 221 347 166 338 276 351 311 355 395 56 48 288 68 100 340 133 75 85 192 170 196 75 136 372 114 114 46 197 228 276 132 277 274 380 257 172 240 118 348 57 200 74 200 165 73 344 174 304 305 176 344 225 152 263 313 143 371 12 319 210 350 125 185 72 288 267 374 97 417 307 126 255 63 98 297 392 49 213 196 402 56 275 419 437 276 326 266 301 123 339 233 143 262 288 304 118 102 242 310 49 249 364 254 423 352 249 291 335 457 356 359 375
 369 353 226 109 374 321 258 184 1 170 365 231 238 221 105 322 411 357 144 262 316 375 79 263 216 249 195 357 271 153 96 436 247 115 309 284 220 245 240 157 283 279 301 80 343 162 110 308 270 175 142 326 237 417 385 320 97 274 308 295 271 103 250 302 366 327 235 365 42 222 277 186 160 55 238 215 206 259 374 169 183 121 332 336 86 236 188 186 69 339 284 378 96 376 296 440 309 170 145 106 139 114 350 86 257 262 179 317 198 121 270 474 281 236 144 267 342 200 92 229 321 359 364 222 352 74 234 229 73 113 288 84 202 306 187 372 404 68 373 213 41 226 300 146 309 174 364 305 450 219 268 236 328 297 346 205 338 237 138 133 245 192 207 313 140 317 110 372 237 273 344 381 282 357 96 379 239 419 50 65 364 261 181 69 83 171 245 176 333 455 95 378 352 150 161 370 390 355 404 295
 305 226 288 169 400 241 100 33 170 1 302 116 309 315 103 341 282 313 39 94 155 400 99 105 47 126 297 365 312 62 256 321 306 228 302 220 75 235 152 165 290 323 168 102 240 54 229 360 310 265 101 188 203 302 247 229 78 176 288 247 207 200 307 341 254 177 94 220 137 147 307 20 182 137 78 283 245 288 235 15 76 190 227 355 176 102 251 165 199 315 147 310 259 322 280 333 364 25 27 271 40 74 309 109 90 92 160 161 164 52 120 354 114 93 53 170 210 245 107 245 246 349 238 142 221 100 318 88 176 70 176 139 50 312 142 279 285 153 315 193 135 231 281 112 339 26 291 187 331 98 159 68 259 237 342 70 385 276 95 228 89 69 267 361 33 192 168 370 82 244 387 405 245 297 246 277 101 316 219 121 242 256 276 110 89 211 278 19 225 344 232 391 321 220 263 306 425 325 332 343
 5 148 231 263 197 65 358 331 365 302 1 189 248 287 270 163 164 40 284 285 250 198 307 362 302 186 294 152 198 254 381 136 227 304 112 86 238 134 151 211 139 202 175 357 95 354 312 227 194 273 236 180 130 127 183 84 336 130 92 72 100 288 225 199 111 213 377 201 328 159 178 313 213 312 343 241 202 178 182 288 229 261 104 168 290 211 236 181 326 81 190 16 390 26 101 120 234 279 308 401 289 282 47 290 329 309 187 235 169 302 223 172 283 225 348 136 163 211 283 167 59 112 148 163 157 318 271 373 303 345 142 283 259 137 184 66 134 300 17 155 333 158 96 228 183 327 22 142 155 207 151 284 44 71 122 235 229 194 243 281 357 234 228 220 315 152 261 136 356 100 221 198 88 10 360 87 215 100 390 308 135 130 282 356 332 217 186 284 109 138 337 172 67 251 291 5 227 69 42 215
 191 124 241 167 316 127 175 143 231 116 189 1 264 284 128 259 182 204 107 109 114 317 155 179 115 20 274 276 247 83 289 213 253 232 210 111 51 153 44 128 208 257 71 192 126 169 236 295 244 241 93 97 115 194 155 114 167 61 192 142 100 204 254 271 143 106 189 138 190 52 236 125 144 179 157 241 193 220 144 103 52 181 113 272 189 28 214 105 225 215 58 196 295 210 186 222 300 94 127 307 112 121 202 147 147 130 105 107 94 130 63 249 116 42 166 55 112 198 140 178 132 251 135 45 122 163 280 185 197 170 63 160 71 227 78 164 179 180 203 119 192 160 186 93 264 140 177 77 225 19 44 101 147 129 249 47 315 215 95 219 171 50 223 293 135 88 165 275 169 149 314 320 145 184 272 164 34 203 272 167 136 173 255 195 169 172 215 98 112 234 252 302 217 197 249 193 344 221 217 278
 252 335 24 149 149 247 406 340 238 309 248 264 1 43 212 114 380 217 272 362 377 149 236 411 342 279 61 151 56 251 191 373 23 126 141 212 298 131 232 147 111 59 315 286 292 340 133 74 60 65 210 337 164 359 378 264 282 254 158 193 208 137 25 78 320 360 402 377 225 216 76 328 130 210 384 27 72 71 370 298 254 129 289 123 160 289 59 160 171 179 313 263 200 242 148 363 73 291 294 206 273 242 208 217 387 378 162 368 171 270 326 413 374 300 324 251 338 68 215 95 242 174 343 222 340 245 24 395 169 300 279 186 300 121 189 294 357 187 245 149 231 113 153 200 93 329 260 294 393 269 266 345 235 210 158 282 104 58 216 106 396 269 44 80 297 312 150 174 390 160 112 156 174 239 172 313 295 341 230 219 334 124 63 277 268 100 65 299 294 382 156 164 196 96 83 251 158 197 287 65
 291 366 57 148 186 282 413 344 221 315 287 284 43 1 213 155 413 257 277 377 397 186 233 418 351 301 27 192 98 259 161 409 64 107 182 245 313 165 257 160 151 100 341 278 326 340 112 108 101 52 219 364 193 395 408 297 277 282 198 229 240 126 67 118 354 385 405 405 215 239 117 334 143 202 391 49 98 111 400 304 267 127 321 164 151 307 71 180 153 220 336 302 169 282 187 401 105 298 297 173 277 244 248 215 397 390 180 390 193 271 346 449 390 317 322 278 367 90 214 127 277 216 374 244 370 240 22 399 158 296 307 183 311 162 207 331 392 178 285 175 220 143 193 211 133 333 298 322 429 287 292 357 272 244 199 296 136 94 224 93 403 282 66 116 298 340 149 215 396 196 145 193 210 278 143 348 313 378 205 213 366 161 42 268 262 114 103 307 326 419 132 203 237 96 61 290 191 238 326 103
 274 249 192 67 320 220 203 131 105 103 270 128 212 213 1 262 307 268 66 180 223 320 38 208 144 146 194 292 223 58 167 332 211 127 234 186 126 165 136 78 215 233 198 91 239 129 128 269 221 163 38 223 146 313 282 218 77 171 227 202 172 98 213 254 262 228 193 264 64 120 222 123 91 53 180 185 153 203 271 95 82 88 228 276 75 136 153 96 104 258 183 282 172 284 216 337 272 90 85 185 65 32 262 21 190 187 89 222 104 60 173 370 197 139 113 163 239 152 14 163 222 285 260 118 248 49 218 187 78 93 184 39 113 238 88 270 300 57 280 126 67 153 219 44 256 120 266 201 346 117 163 156 231 201 275 108 296 186 34 126 191 95 170 271 86 213 65 302 185 187 300 326 193 262 153 276 140 316 145 41 259 185 174 88 67 116 191 99 229 351 136 317 268 119 161 274 341 271 307 253
 167 287 109 216 60 189 426 373 322 341 163 259 114 155 262 1 319 126 308 367 360 61 295 431 362 268 173 39 60 280 295 298 93 221 58 166 304 109 217 185 52 56 287 349 235 383 229 66 58 167 244 303 145 288 328 210 338 224 81 136 170 221 90 41 260 333 432 336 297 209 46 358 173 280 405 122 117 64 323 327 270 202 237 16 237 286 139 176 261 84 292 176 305 149 79 282 73 318 333 312 311 288 117 274 402 387 182 348 178 315 316 334 373 300 370 224 296 123 270 100 181 65 291 215 294 306 134 426 249 354 248 251 315 34 201 223 291 259 155 149 303 112 82 233 24 364 181 257 317 270 242 355 168 155 49 292 67 86 251 197 420 283 121 59 338 274 216 61 415 114 62 66 122 156 275 243 292 263 326 284 280 88 170 343 327 153 78 326 242 301 256 58 100 174 187 165 86 99 196 58
 162 59 359 334 359 135 290 299 411 282 164 182 380 413 307 319 1 202 284 216 153 360 336 291 257 165 413 313 340 263 460 56 362 393 263 170 208 250 177 284 283 347 115 371 89 331 399 378 336 384 271 95 222 47 42 118 345 143 240 190 175 369 361 350 61 114 320 75 370 197 322 282 296 359 283 365 317 315 52 272 232 342 93 326 360 184 349 253 397 240 136 156 467 186 245 80 385 265 299 480 290 302 208 327 260 238 256 139 237 308 164 75 203 190 334 150 73 326 320 287 141 275 48 195 62 344 402 319 369 345 125 336 233 288 236 99 32 356 177 244 372 271 241 268 335 300 144 108 55 196 145 231 152 172 283 218 385 324 274 375 295 227 349 373 308 95 332 298 297 222 379 360 209 168 441 78 183 81 450 347 51 259 396 375 349 315 318 265 90 79 419 334 229 348 398 164 389 231 152 364
 43 183 202 251 158 90 377 343 357 313 40 204 217 257 268 126 202 1 290 306 278 159 305 381 318 205 267 113 165 260 363 174 195 285 78 95 255 116 163 201 108 168 202 357 128 364 293 190 161 248 237 210 123 166 219 111 338 150 61 68 107 273 194 163 148 243 393 235 322 167 145 325 200 306 360 212 179 147 217 299 238 246 135 130 278 229 212 174 312 43 215 52 372 26 73 158 197 289 315 382 295 284 10 286 349 330 181 264 165 306 246 209 306 243 355 154 196 188 280 144 82 73 184 172 191 316 240 388 291 349 166 275 273 101 184 104 173 290 31 145 327 138 67 227 146 337 60 169 194 221 170 303 65 77 83 249 190 166 244 261 375 246 202 183 322 182 250 97 373 85 183 159 76 35 342 125 234 139 378 303 171 106 257 355 332 199 157 295 140 176 319 133 28 232 268 41 188 30 72 179
 287 226 252 132 367 225 138 68 144 39 284 107 272 277 66 308 284 290 1 121 174 368 67 143 80 121 259 335 277 31 223 318 269 191 272 199 80 204 135 129 259 287 170 88 231 77 192 324 275 227 66 192 175 299 252 217 62 164 260 223 186 163 271 307 249 188 130 229 106 126 273 58 145 104 115 246 209 254 241 30 58 152 219 323 139 101 214 133 164 289 150 293 227 302 251 328 328 28 26 239 7 37 286 73 126 124 127 176 134 26 130 353 140 98 66 157 212 209 70 211 229 321 238 121 223 71 281 124 140 65 169 103 59 281 112 268 283 117 296 162 105 198 253 77 305 58 275 183 330 90 150 96 241 216 313 67 350 240 59 191 127 59 230 326 33 191 130 341 120 217 353 373 219 277 212 269 103 309 191 88 241 225 239 93 67 174 244 35 218 340 197 360 296 182 226 288 391 300 316 308
 286 170 340 240 424 221 77 95 262 94 285 109 362 377 180 367 216 306 121 1 69 425 187 80 51 103 362 384 352 124 343 264 354 304 318 215 66 260 152 218 316 362 117 195 202 129 306 400 349 329 161 126 223 247 176 203 170 157 299 247 206 275 355 377 206 103 105 146 226 159 342 83 235 223 68 338 292 325 166 93 110 259 189 380 254 82 308 204 282 321 97 289 347 308 294 282 405 93 119 359 125 155 305 191 47 25 202 80 196 142 63 291 21 68 138 154 150 296 187 282 228 358 179 152 162 190 376 104 257 161 144 218 68 335 176 244 228 234 300 223 225 265 294 168 371 101 269 147 270 98 137 26 244 232 356 82 421 318 157 299 80 95 320 399 126 143 238 382 82 257 421 428 253 282 331 235 76 269 310 207 188 280 342 203 181 265 319 87 186 288 314 410 322 283 333 288 452 325 304 383
 251 115 353 274 414 190 139 162 316 155 250 114 377 397 223 360 153 278 174 69 1 415 238 139 118 98 387 370 356 167 388 204 364 339 306 197 98 259 147 240 311 365 78 255 159 196 343 403 352 354 195 74 221 189 112 169 230 137 285 229 191 311 365 377 155 42 171 80 277 162 343 148 257 271 135 354 306 328 102 151 142 290 148 372 293 93 327 219 325 301 69 251 394 275 283 225 409 148 179 406 179 204 280 238 110 89 218 17 206 197 53 227 53 86 204 137 96 311 233 288 198 340 122 156 106 243 393 170 298 224 115 260 115 327 191 199 169 278 266 229 277 269 281 199 368 167 232 111 207 114 119 91 215 211 341 115 420 326 194 330 145 129 336 400 186 99 272 364 148 247 418 417 239 249 374 186 87 215 362 256 134 277 367 262 239 285 325 144 144 228 355 396 298 310 361 253 443 302 262 386
 201 335 153 272 2 236 485 432 375 400 198 317 149 186 320 61 360 159 368 425 415 1 353 490 421 325 208 48 105 340 339 332 133 269 109 219 363 168 274 244 111 97 340 407 281 443 276 80 105 210 303 355 204 324 374 258 396 278 131 187 225 272 130 74 304 385 491 386 353 267 100 417 231 336 465 165 172 119 371 387 330 256 285 46 291 344 188 236 311 122 347 209 348 179 133 314 84 378 393 354 370 347 153 332 461 445 242 402 238 374 372 365 430 358 429 279 345 177 328 159 228 87 338 274 342 363 165 486 303 412 301 307 374 91 260 262 331 314 187 209 358 171 134 292 67 424 218 309 351 329 297 414 213 206 79 351 56 139 311 246 479 343 170 72 398 326 272 65 475 170 45 8 176 193 319 283 350 296 375 341 325 147 211 400 385 209 132 386 290 331 302 31 133 226 230 199 30 130 223 85
 310 278 219 88 353 256 195 120 79 99 307 155 236 233 38 295 336 305 67 187 238 353 1 200 144 173 211 327 253 75 158 364 238 136 270 223 142 202 169 113 250 264 224 55 272 109 135 298 252 182 73 249 183 345 308 252 46 203 264 239 209 110 241 285 294 249 179 288 40 154 255 117 123 39 173 210 184 235 297 95 106 109 260 310 84 158 179 132 102 294 207 318 161 321 253 370 301 95 75 173 63 36 299 22 188 190 125 240 141 48 192 401 206 158 91 196 266 181 27 197 258 321 289 152 276 12 240 173 81 65 214 51 124 273 124 304 331 58 317 163 40 188 256 80 288 109 302 230 377 142 194 162 267 237 310 127 326 217 67 141 183 114 197 301 73 242 87 338 175 224 331 359 230 299 148 309 161 349 125 23 289 221 192 51 33 146 223 101 261 384 135 351 305 142 176 311 373 308 343 283
 363 247 389 273 489 298 6 81 263 105 362 179 411 418 208 431 291 381 143 80 139 490 200 1 70 177 400 451 408 161 354 341 405 332 385 288 129 323 222 265 380 419 195 185 280 104 332 457 406 368 202 204 287 324 250 280 167 233 369 320 277 304 407 436 285 178 40 218 235 225 401 86 282 238 29 385 344 383 240 115 162 294 268 445 280 153 353 259 301 392 176 366 356 384 362 359 461 121 127 367 144 178 379 212 34 55 255 153 255 154 142 365 89 139 121 228 228 345 210 339 304 429 256 218 240 198 421 43 279 151 221 243 117 400 232 322 305 255 376 283 232 323 363 211 432 92 346 226 345 164 212 79 320 306 425 140 480 373 196 332 19 149 368 457 129 221 272 452 27 325 481 494 323 358 347 314 148 347 312 222 266 344 380 196 182 312 375 112 265 365 334 477 395 323 368 365 516 398 383 440
 304 205 320 209 420 238 66 45 216 47 302 115 342 351 144 362 257 318 80 51 118 421 144 70 1 117 335 383 339 93 301 301 336 270 318 225 65 254 157 196 311 350 148 146 228 79 271 387 336 302 134 164 219 283 219 223 122 173 302 255 213 241 338 367 238 147 76 190 182 158 332 33 213 182 45 316 275 314 208 51 93 229 216 376 218 92 285 190 243 327 127 308 304 324 295 316 392 55 72 316 83 116 316 152 47 47 186 126 185 98 95 331 71 79 88 167 187 277 149 270 245 362 216 151 199 145 353 72 219 112 166 182 48 331 163 270 265 196 316 214 180 254 295 143 363 50 289 174 309 98 153 28 260 242 358 72 411 304 128 268 59 79 299 387 78 174 207 385 56 258 412 425 256 298 291 265 88 301 265 166 223 275 314 154 134 243 305 46 213 325 276 409 330 257 303 306 447 334 327 371
 188 107 256 186 324 122 174 150 249 126 186 20 279 301 146 268 165 205 121 103 98 325 173 177 117 1 292 283 260 99 308 198 267 251 217 113 54 164 52 146 218 270 53 207 115 178 255 307 256 259 112 78 126 179 137 107 182 57 198 145 104 223 268 282 130 87 192 119 208 65 248 132 162 198 157 257 209 232 125 114 68 200 102 281 208 26 231 122 244 219 39 192 314 209 194 209 313 105 139 327 127 139 204 165 145 126 122 90 109 145 49 233 106 40 177 52 94 214 159 191 129 256 118 59 104 181 296 188 216 184 51 179 78 235 95 155 163 199 201 132 210 173 193 112 274 148 172 63 210 32 37 99 145 130 255 57 326 229 114 238 172 63 239 305 148 71 184 280 170 156 324 328 151 182 291 153 30 191 291 186 121 183 272 211 185 189 228 108 101 220 271 309 220 216 268 190 353 223 211 290
 299 363 67 128 209 283 395 324 195 297 294 274 61 27 194 173 413 267 259 362 387 208 211 400 335 292 1 210 114 243 135 412 80 82 193 245 300 167 250 148 162 118 334 255 325 319 87 131 117 34 203 358 191 397 404 297 255 278 207 233 238 103 83 138 354 377 386 399 191 232 132 316 131 179 373 56 97 123 396 287 253 108 320 183 128 296 65 171 128 231 328 309 144 292 195 405 129 281 278 148 258 225 258 194 381 374 171 381 185 251 335 452 377 305 301 273 362 88 194 130 279 231 372 236 366 218 45 380 135 274 302 162 296 176 197 334 392 156 294 171 196 144 201 196 152 314 304 318 431 275 285 342 275 247 215 282 160 102 208 71 385 268 67 138 278 335 130 232 378 200 169 215 213 285 117 350 302 382 179 191 364 166 21 245 240 104 112 290 324 423 106 223 249 80 36 298 215 250 334 124
 155 288 147 251 47 189 447 397 357 365 152 276 151 192 292 39 313 113 335 384 370 48 327 451 383 283 210 1 97 306 333 286 131 258 67 175 323 132 233 215 78 93 295 381 234 410 267 95 95 204 271 309 165 278 327 212 368 234 86 142 181 257 128 75 257 340 455 339 331 227 83 382 205 314 427 160 153 100 324 351 293 237 238 29 272 303 176 203 297 75 303 163 342 134 90 268 101 342 360 350 338 317 106 306 421 405 209 357 202 344 329 320 388 317 398 236 299 159 301 131 182 41 291 234 296 337 171 449 285 383 256 284 336 55 225 215 284 293 141 174 337 140 91 260 59 390 171 264 305 289 254 374 167 161 32 313 84 123 279 234 441 305 159 87 366 280 250 26 437 128 75 49 133 146 312 236 309 250 363 317 278 111 208 376 358 188 114 350 244 286 293 27 86 210 225 153 77 84 178 92
 202 300 51 170 105 206 404 344 271 312 198 247 56 98 223 60 340 165 277 352 356 105 253 408 339 260 114 97 1 251 238 328 35 165 88 175 287 98 210 149 60 12 288 306 253 349 173 50 5 109 212 308 136 315 342 225 298 225 107 151 174 168 32 33 280 334 404 346 250 197 21 330 134 234 382 64 71 29 336 299 248 152 252 71 187 273 84 150 207 125 289 213 247 190 99 316 55 291 301 254 278 252 156 233 382 370 154 345 157 280 307 366 361 286 335 223 305 74 229 71 200 119 307 203 306 263 78 399 199 315 250 206 294 66 178 249 315 211 194 129 256 88 104 201 41 334 212 263 347 255 240 337 191 169 102 273 75 38 219 142 396 262 65 50 305 281 170 119 391 120 78 112 133 190 217 269 280 294 271 240 296 84 112 299 285 108 35 299 257 334 199 113 142 122 129 201 121 143 235 33
 257 205 229 118 339 197 156 94 153 62 254 83 251 259 58 280 263 260 31 124 167 340 75 161 93 99 243 306 251 1 223 294 246 181 243 170 70 175 107 105 230 262 150 110 205 106 183 299 249 210 42 174 145 275 234 189 86 137 231 193 156 152 248 280 225 175 154 213 113 96 246 80 122 106 134 225 185 227 223 49 32 137 193 295 131 84 193 105 161 259 133 264 228 272 221 303 304 41 56 240 35 41 256 72 139 133 99 167 105 50 119 331 141 84 96 130 192 186 67 184 200 291 217 92 203 82 261 148 134 92 144 96 57 252 82 241 260 113 266 133 113 170 223 51 278 85 246 159 307 68 124 101 212 186 284 53 324 215 36 177 147 40 208 300 63 169 116 311 141 187 326 345 189 248 210 243 87 283 197 91 218 196 222 113 87 152 218 50 193 315 192 332 266 164 211 258 364 270 287 283
 385 403 188 127 339 350 349 274 96 256 381 289 191 161 167 295 460 363 223 343 388 339 158 354 301 308 135 333 238 223 1 475 207 79 300 310 292 249 284 179 270 244 358 175 381 255 71 264 239 130 197 384 255 457 440 355 188 318 306 311 299 95 210 266 408 392 328 426 120 265 251 273 172 120 328 175 189 236 430 252 248 123 372 308 102 301 159 212 65 336 345 395 10 386 294 474 262 250 231 21 219 188 355 153 344 346 207 387 227 204 339 515 361 304 237 311 396 180 157 221 348 346 414 266 404 157 179 322 93 206 337 130 278 289 225 403 448 111 385 230 123 226 299 197 278 263 385 354 492 281 317 318 350 319 331 274 293 213 197 104 336 260 175 270 227 370 129 353 328 282 302 346 294 372 23 414 305 452 56 136 411 259 129 163 173 166 222 257 375 491 45 350 351 133 110 385 348 353 422 255
 132 97 353 349 331 130 339 341 436 321 136 213 373 409 332 298 56 174 318 264 204 332 364 341 301 198 412 286 328 294 475 1 353 403 244 169 247 246 197 297 269 333 154 403 95 372 410 360 324 385 295 139 225 20 96 121 379 162 222 181 179 381 352 332 71 164 368 128 395 215 308 324 305 382 331 361 316 304 104 310 263 354 105 303 376 220 349 264 413 216 176 124 483 154 230 26 368 302 336 495 324 331 182 352 309 287 269 190 249 341 207 42 253 229 373 170 115 325 345 283 134 246 86 215 103 373 395 366 387 381 151 357 272 270 253 80 37 376 146 249 398 269 225 290 316 341 118 136 21 229 171 276 139 166 257 254 363 317 299 383 343 260 346 354 344 130 347 268 345 214 356 331 200 143 455 63 221 37 471 372 80 250 397 406 380 320 310 303 104 25 432 304 201 354 402 134 360 203 113 348
 231 318 22 152 133 228 401 337 247 306 227 253 23 64 211 93 362 195 269 354 364 133 238 405 336 267 80 131 35 246 207 353 1 137 119 194 289 114 219 142 89 39 301 290 274 339 145 62 38 78 205 322 148 339 361 245 283 239 136 174 191 145 4 60 302 346 398 361 230 204 54 324 125 215 378 34 63 50 354 293 247 133 271 103 166 278 62 151 181 157 300 242 216 220 127 343 64 286 292 223 270 241 186 218 381 370 153 355 160 269 314 392 365 290 323 236 322 61 216 79 223 152 326 209 323 248 46 392 176 301 264 189 293 99 179 274 338 192 224 136 236 97 132 195 73 327 239 278 373 259 252 337 215 191 136 273 92 40 212 115 392 261 43 67 295 296 152 153 386 141 99 140 155 218 187 293 285 321 243 223 316 104 80 282 270 96 45 295 276 361 170 145 174 100 98 230 145 175 265 50
 308 338 117 66 269 276 327 253 115 228 304 232 126 107 127 221 393 285 191 304 339 269 136 332 270 251 82 258 165 181 79 403 137 1 222 236 246 172 219 110 193 173 299 175 311 244 9 197 166 62 146 324 181 386 377 284 178 252 228 235 226 30 140 195 338 337 313 366 111 199 176 247 99 100 305 105 111 160 367 220 199 52 303 234 53 248 83 142 47 258 288 319 88 308 216 401 197 216 207 98 189 156 277 121 316 313 138 336 157 180 288 444 320 255 226 245 333 103 123 143 274 269 348 202 340 141 120 307 56 197 273 90 237 213 160 329 378 79 308 156 117 148 221 142 205 242 309 290 421 228 254 281 275 244 254 227 228 137 148 26 315 213 101 203 206 306 68 277 308 205 235 276 218 295 57 342 254 379 107 114 344 181 67 165 163 88 146 224 306 418 36 277 273 55 47 308 281 275 345 186
 116 231 127 201 109 132 381 333 309 302 112 210 141 182 234 58 263 78 272 318 306 109 270 385 318 217 193 67 88 243 300 244 119 222 1 111 258 70 167 159 33 92 232 324 179 348 231 117 84 178 210 247 100 233 271 153 309 170 24 80 117 215 117 89 204 278 390 280 279 162 68 317 151 262 361 139 112 72 267 287 228 191 181 67 225 237 143 142 255 39 239 126 309 103 25 231 124 278 298 319 275 257 68 250 355 339 148 293 139 283 264 282 323 251 336 171 239 121 244 82 125 52 235 168 238 281 164 385 238 323 193 231 271 26 161 168 236 243 107 111 284 84 26 199 73 326 127 202 264 223 189 309 112 99 42 247 123 93 218 198 376 240 130 111 303 219 200 70 372 62 118 112 68 104 279 188 243 210 322 263 223 50 185 320 300 141 83 286 186 249 257 93 56 170 198 114 138 57 148 104
 89 126 191 187 218 41 285 250 284 220 86 111 212 245 186 166 170 95 199 215 197 219 223 288 225 113 245 175 175 170 310 169 194 236 111 1 161 82 69 133 121 183 122 272 82 271 244 217 171 218 151 138 57 153 168 53 251 61 90 34 15 216 194 190 110 167 299 173 246 75 158 232 139 231 267 196 150 148 162 206 145 189 78 177 214 136 182 101 251 107 130 97 319 103 88 166 224 196 224 330 204 197 92 206 257 238 107 184 87 217 157 210 217 151 264 63 132 158 199 119 39 145 133 79 132 233 233 295 226 260 83 202 180 133 100 94 148 220 97 82 250 103 86 144 178 244 81 92 188 128 81 210 45 18 145 155 230 156 158 216 281 152 180 213 231 109 185 170 279 56 226 222 45 79 290 107 141 143 313 225 123 92 229 271 247 152 150 202 83 183 267 200 107 186 233 90 248 111 122 201
 240 152 275 181 362 175 125 97 220 75 238 51 298 313 126 304 208 255 80 66 98 363 142 129 65 54 300 323 287 70 292 247 289 246 258 161 1 197 94 154 254 298 94 166 168 127 249 336 284 267 100 115 161 229 175 161 141 109 241 192 150 217 290 313 181 109 140 150 181 97 278 79 171 175 107 273 228 261 163 65 48 198 155 318 197 29 244 140 229 264 74 245 297 260 234 260 341 58 92 309 86 108 253 141 99 84 137 98 132 105 51 280 78 19 127 103 136 231 136 218 181 301 164 91 148 148 311 135 202 139 104 163 26 273 111 208 211 182 253 159 181 200 235 106 308 96 225 114 257 36 90 52 196 179 297 19 357 254 98 238 121 33 255 335 101 118 179 324 119 197 357 367 194 234 278 205 27 243 266 160 168 218 279 172 147 201 254 58 153 270 260 350 267 221 271 242 390 271 264 319
 138 206 110 138 167 118 319 267 245 235 134 153 131 165 165 109 250 116 204 260 259 168 202 323 254 164 167 132 98 175 249 246 114 172 70 82 197 1 113 91 58 108 191 256 162 279 180 145 95 142 141 211 39 231 248 134 240 128 64 67 78 158 113 119 190 237 325 249 213 102 85 251 87 196 298 116 71 71 241 221 163 132 159 123 164 180 105 73 197 95 192 148 258 137 52 239 151 212 229 269 207 188 108 181 294 280 79 248 71 214 212 287 267 193 268 126 209 80 176 38 114 120 213 109 211 213 152 319 177 254 153 165 208 79 94 168 228 179 137 43 218 25 56 130 112 259 140 166 265 163 143 248 110 81 111 185 163 75 149 148 312 176 101 142 235 184 137 139 308 35 162 172 48 125 228 185 186 217 263 196 204 22 152 252 232 85 70 220 163 257 205 158 108 118 159 138 194 111 175 128
 153 121 209 158 274 91 218 182 240 152 151 44 232 257 136 217 177 163 135 152 147 274 169 222 157 52 250 233 210 107 284 197 219 219 167 69 94 113 1 110 167 219 85 214 104 205 225 257 206 218 99 109 75 178 159 84 191 36 149 99 57 194 219 231 127 129 231 150 199 21 197 164 124 186 200 211 162 182 150 138 79 168 93 230 183 71 187 81 221 172 82 160 291 171 144 202 263 129 158 304 140 140 160 156 191 174 83 137 66 155 100 236 157 85 198 29 116 168 150 142 95 208 131 19 122 179 250 227 194 198 55 161 112 185 60 136 166 181 164 84 202 123 143 94 223 177 141 72 212 60 36 144 108 87 205 87 275 181 104 203 214 84 193 254 166 88 156 232 212 106 273 278 102 145 266 141 77 181 276 177 128 132 231 215 189 148 178 135 94 216 244 259 174 177 229 155 302 178 182 240
 214 229 125 55 243 172 260 196 157 165 211 128 147 160 78 185 284 201 129 218 240 244 113 265 196 146 148 215 149 105 179 297 142 110 159 133 154 91 110 1 138 159 191 167 203 202 116 196 147 115 65 216 81 279 268 177 154 143 154 140 121 86 144 179 230 232 258 259 123 90 146 184 19 106 238 122 81 127 259 152 108 59 195 200 82 149 92 34 119 185 183 224 187 220 142 296 200 145 153 199 130 104 194 92 241 232 29 234 49 132 188 337 231 158 187 136 225 82 87 86 171 209 239 93 231 124 159 252 94 170 164 75 154 161 52 225 270 90 217 57 128 76 146 55 179 187 211 181 314 128 145 199 175 144 199 137 222 112 71 94 251 124 104 198 157 197 53 226 245 117 225 249 126 202 159 236 155 274 181 105 235 110 128 162 144 49 116 154 197 313 137 240 197 71 123 215 265 200 250 180
 143 245 96 176 111 149 375 322 283 290 139 208 111 151 215 52 283 108 259 316 311 111 250 380 311 218 162 78 60 230 270 269 89 193 33 121 254 58 167 138 1 66 240 304 196 334 201 97 56 146 195 257 94 256 287 169 291 177 49 94 123 187 87 69 223 286 381 293 256 158 41 307 129 239 355 107 83 41 282 276 220 164 196 66 199 235 112 127 227 70 244 154 279 133 40 257 104 268 284 288 261 240 98 229 351 336 133 299 127 267 266 307 323 249 321 176 252 91 224 55 143 78 251 164 252 261 133 375 212 306 201 208 264 24 150 190 257 219 136 98 261 63 45 184 58 314 153 212 288 219 194 304 132 113 64 241 110 61 202 168 369 232 99 93 289 229 175 90 365 67 108 116 77 131 249 210 241 235 294 241 240 37 154 299 281 114 51 276 201 275 228 103 88 141 167 142 137 89 177 82
 206 308 57 179 97 213 414 354 279 323 202 257 59 100 233 56 347 168 287 362 365 97 264 419 350 270 118 93 12 262 244 333 39 173 92 183 298 108 219 159 66 1 297 316 260 360 181 39 14 115 222 317 145 321 350 232 308 234 112 158 183 177 36 24 287 343 415 354 260 207 26 341 144 243 393 70 81 38 344 309 258 162 259 66 196 283 93 161 215 127 299 217 253 193 105 321 44 301 311 260 289 262 159 243 392 380 165 355 167 290 317 371 371 296 345 233 314 84 240 81 207 118 314 213 314 274 80 409 208 325 259 216 304 68 188 255 322 221 197 140 266 99 110 212 35 345 217 272 353 265 249 347 197 176 101 283 64 49 229 150 406 272 74 39 315 289 179 116 401 128 68 104 140 194 224 275 290 300 279 250 304 92 117 309 296 119 45 310 264 339 206 107 145 131 135 205 112 145 239 22
 175 59 292 235 339 113 193 188 301 168 175 71 315 341 198 287 115 202 170 117 78 340 224 195 148 53 334 295 288 150 358 154 301 299 232 122 94 191 85 191 240 297 1 256 87 219 304 333 284 302 163 27 154 136 85 92 231 64 210 154 117 272 301 307 91 47 218 69 260 103 273 170 206 250 181 294 245 260 74 158 119 247 75 298 258 69 271 164 294 225 22 177 365 199 209 169 340 151 185 377 175 190 203 217 163 141 165 63 149 194 55 187 111 76 220 66 44 252 211 223 121 263 71 99 55 232 333 216 267 231 40 230 119 253 140 128 118 250 190 167 261 204 207 163 296 188 157 34 164 83 50 124 138 135 265 103 349 262 165 284 194 113 276 330 194 27 233 288 195 174 346 342 166 173 341 119 69 154 342 237 76 207 315 261 235 231 259 151 71 178 320 320 222 260 312 177 369 225 190 317
 360 313 269 139 406 303 181 109 80 102 357 192 286 278 91 349 371 357 88 195 255 407 55 185 146 207 255 381 306 110 175 403 290 175 324 272 166 256 214 167 304 316 256 1 314 83 172 350 305 228 122 279 236 384 339 297 27 246 318 291 258 153 292 338 334 274 156 315 65 201 308 114 177 77 162 260 237 289 327 106 141 158 302 364 128 188 229 186 133 348 237 368 175 372 307 412 352 110 78 186 82 76 352 76 183 190 179 260 193 63 216 439 215 184 66 238 299 234 81 251 305 375 325 198 310 45 287 150 121 36 253 102 143 327 175 349 369 101 367 217 60 242 310 131 341 99 351 268 416 176 234 169 316 288 365 154 379 270 115 186 167 145 248 353 70 277 138 392 159 277 383 413 283 350 171 352 190 392 128 68 327 275 237 12 26 199 276 113 302 425 165 405 358 191 219 361 426 361 392 335
 95 55 271 256 280 48 278 264 343 240 95 126 292 326 239 235 89 128 231 202 159 281 272 280 228 115 325 234 253 205 381 95 274 311 179 82 168 162 104 203 196 260 87 314 1 293 318 292 249 297 202 87 136 77 94 30 290 70 156 103 88 288 273 264 29 120 301 107 302 121 235 246 213 289 265 277 230 227 90 227 175 261 14 244 282 140 262 171 319 161 105 94 389 120 159 99 299 219 252 401 237 241 132 259 247 226 176 143 155 254 140 135 196 151 290 78 69 238 253 199 55 198 58 122 64 282 314 298 293 295 65 263 192 203 159 43 68 282 110 158 305 183 155 197 250 262 75 56 111 144 83 207 69 85 203 171 301 236 207 292 278 175 261 287 260 61 253 223 279 134 296 282 121 96 362 39 142 79 377 280 45 171 309 316 290 229 230 222 17 113 339 257 153 263 312 97 310 156 105 277
 357 277 321 193 442 293 99 35 162 54 354 169 340 340 129 383 331 364 77 129 196 443 109 104 79 178 319 410 349 106 255 372 339 244 348 271 127 279 205 202 334 360 219 83 293 1 243 396 348 289 141 238 250 354 295 282 68 229 336 297 258 218 341 380 306 224 74 267 139 198 347 50 217 145 82 314 280 327 283 67 127 214 280 398 192 154 282 208 207 364 198 363 256 374 327 386 400 77 51 267 74 99 360 126 106 118 202 204 210 71 169 404 149 145 19 222 260 280 127 285 298 396 288 193 272 104 346 68 189 50 228 158 102 356 188 332 336 166 367 238 135 273 329 151 380 32 344 240 382 151 212 107 312 288 389 123 423 313 133 249 86 122 299 398 46 244 192 416 77 292 426 448 294 349 250 330 153 368 210 131 294 301 300 94 84 244 317 72 278 395 240 436 371 247 284 358 466 374 384 380
 316 344 125 70 276 283 327 253 110 229 312 236 133 112 128 229 399 293 192 306 343 276 135 332 271 255 87 267 173 183 71 410 145 9 231 244 249 180 225 116 201 181 304 172 318 243 1 205 174 69 149 329 188 393 383 291 176 258 236 242 233 33 148 203 345 341 313 371 108 205 184 248 106 99 305 112 119 168 373 221 202 58 309 242 54 252 91 148 42 266 293 326 80 316 224 408 205 217 207 90 190 156 285 121 317 314 144 340 164 180 292 451 323 259 224 251 339 111 123 151 281 277 354 207 346 140 126 307 55 196 278 90 239 221 166 336 385 78 316 163 114 156 229 146 213 242 316 295 428 231 259 283 283 251 262 231 235 145 151 34 315 216 109 210 206 312 72 285 308 213 242 283 225 303 49 349 258 386 99 113 350 189 73 162 161 96 154 226 312 425 28 285 282 63 52 316 289 284 353 194
 231 341 83 212 80 245 452 391 308 360 227 295 74 108 269 66 378 190 324 400 403 80 298 457 387 307 131 95 50 299 264 360 62 197 117 217 336 145 257 196 97 39 333 350 292 396 205 1 52 137 260 352 183 349 383 265 343 270 139 190 218 206 60 29 318 380 452 389 291 244 61 378 181 276 430 94 117 76 378 347 296 194 292 68 227 321 123 199 242 148 336 240 273 214 134 346 8 339 348 278 326 298 182 277 430 418 203 392 205 326 355 397 409 334 381 269 348 118 274 119 238 129 347 250 348 308 87 447 238 360 295 249 342 92 226 284 351 253 220 178 297 137 139 249 45 382 243 307 380 303 286 385 227 209 114 321 31 85 267 176 444 310 103 10 352 325 213 120 439 162 39 87 173 219 245 304 328 326 303 283 336 128 136 342 330 154 83 348 297 364 229 99 165 161 156 229 85 164 260 18
 198 296 52 169 105 202 401 341 270 310 194 244 60 101 221 58 336 161 275 349 352 105 252 406 336 256 117 95 5 249 239 324 38 166 84 171 284 95 206 147 56 14 284 305 249 348 174 52 1 110 210 304 132 311 338 221 296 221 103 147 170 168 35 34 276 331 402 342 249 193 17 328 132 233 379 66 70 25 332 296 245 152 248 69 187 270 85 147 207 121 286 209 248 186 95 312 58 288 299 256 276 250 152 231 379 367 152 342 154 278 304 362 358 283 333 220 301 73 228 68 196 116 302 199 302 262 82 396 199 313 246 205 291 63 175 245 311 211 190 126 255 85 100 199 40 332 208 259 343 252 236 334 187 165 99 270 77 37 217 142 393 259 66 52 303 277 169 117 388 116 80 112 129 186 219 265 276 290 272 239 292 80 114 298 284 107 32 297 252 330 200 112 139 122 131 197 122 139 231 35
 277 333 59 97 210 256 363 293 175 265 273 241 65 52 163 167 384 248 227 329 354 210 182 368 302 259 34 204 109 210 130 385 78 62 178 218 267 142 218 115 146 115 302 228 297 289 69 137 110 1 170 326 162 370 374 269 227 247 188 208 210 76 81 137 325 344 355 368 165 200 123 284 98 152 341 46 72 109 365 254 220 76 291 178 101 263 38 139 107 215 295 287 139 272 176 380 137 249 247 147 226 194 239 164 348 342 138 348 154 221 302 426 343 272 272 242 331 63 163 106 253 220 342 204 336 190 61 348 109 246 270 132 263 163 165 308 364 128 273 141 171 118 182 163 149 282 281 287 404 242 254 309 250 220 204 249 167 86 175 44 353 235 48 143 248 304 98 225 346 175 175 217 189 263 110 324 269 357 167 163 335 144 14 219 212 72 96 257 295 397 93 221 232 47 22 276 221 233 313 127
 239 212 188 81 303 184 197 133 142 101 236 93 210 219 38 244 271 237 66 161 195 303 73 202 134 112 203 271 212 42 197 295 205 146 210 151 100 141 99 65 195 222 163 122 202 141 149 260 210 170 1 189 116 276 247 181 103 133 200 170 137 117 207 241 225 196 194 230 101 83 208 120 81 89 175 184 144 189 236 89 54 99 191 258 99 105 153 69 133 230 149 247 203 251 190 300 264 82 91 216 68 49 231 58 179 172 63 192 74 74 144 333 176 110 128 126 203 145 52 146 186 259 224 81 212 83 220 188 106 115 147 68 94 217 54 233 263 88 246 100 104 133 193 12 240 123 231 164 309 85 127 139 195 167 251 82 285 175 9 139 187 68 167 261 96 177 79 279 182 158 288 308 163 229 182 239 110 279 181 79 223 162 183 121 97 111 178 91 192 314 162 297 239 124 173 240 326 242 272 243
