NAME : domp200p100v1
COMMENT : (Deleplanque et al.) 
TYPE : DOMP
DIMENSION : 200
DISPLAY_DATA_TYPE: NO_DISPLAY
OPEN_FACILITIES : 100
COST_SECTION
 1 12 153 71 74 255 107 301 294 14 266 393 72 264 156 287 407 194 240 252 74 139 172 249 301 264 352 201 282 338 85 121 248 178 281 312 302 384 193 83 113 292 208 185 270 264 285 345 184 221 250 146 169 282 197 210 180 381 192 151 366 101 188 257 178 183 424 127 58 254 410 239 389 221 87 324 283 251 27 342 232 377 79 88 329 194 271 63 282 428 422 101 338 393 393 309 183 85 21 395 305 239 227 382 310 362 337 313 257 240 119 132 95 338 363 395 195 373 323 112 228 31 96 360 277 122 324 360 181 78 251 360 391 155 311 322 419 426 217 372 86 89 390 364 223 102 129 59 362 278 128 86 244 190 424 242 199 61 176 153 227 201 343 393 146 159 171 303 293 289 184 339 70 409 131 385 81 185 341 340 77 160 216 311 145 340 185 295 278 157 71 346 248 249 387 279 19 217 267 124
 12 1 161 75 76 250 113 293 300 19 272 389 79 267 146 292 405 195 230 256 84 130 171 252 299 265 354 205 285 333 74 130 242 179 286 319 294 380 194 91 123 298 211 188 277 257 284 351 186 226 249 154 176 272 199 202 188 387 191 155 362 93 194 263 182 191 422 127 51 249 408 240 390 222 97 331 273 248 37 340 234 378 81 78 329 187 264 61 278 425 421 111 337 389 392 309 173 83 26 392 309 242 218 379 308 361 332 314 254 238 121 128 85 343 360 395 187 376 318 113 234 30 106 358 278 129 324 355 174 88 257 356 388 152 310 324 416 423 207 370 90 100 388 370 231 108 140 69 364 275 119 97 251 181 421 248 190 70 180 160 222 196 344 391 137 162 163 296 294 288 187 337 80 409 130 382 83 192 342 345 69 160 207 303 153 335 183 294 275 166 79 348 248 247 388 286 17 223 258 115
 153 161 1 96 109 269 54 347 148 161 120 370 84 154 260 158 350 137 338 130 95 223 146 140 262 189 243 90 180 337 210 59 270 133 140 163 336 359 132 71 78 151 113 97 123 301 233 198 112 101 191 10 24 374 132 264 34 239 164 78 343 192 48 114 84 37 373 110 164 264 354 170 303 150 72 176 379 228 127 291 142 283 102 215 254 256 296 140 268 381 349 138 265 363 315 237 287 141 165 343 172 136 302 339 271 293 338 228 242 209 87 167 220 198 336 315 262 256 328 98 93 141 124 308 195 38 259 344 241 138 109 333 340 165 261 224 383 387 306 326 87 126 329 222 71 61 66 129 254 240 227 122 97 278 380 102 270 93 74 27 249 219 262 337 237 92 242 339 208 241 98 281 141 327 128 342 103 35 244 196 187 121 302 354 13 331 166 237 251 21 83 247 183 218 295 130 170 71 338 224
 71 75 96 1 19 219 43 282 227 82 199 346 21 194 169 218 349 130 251 182 66 137 113 179 246 199 282 131 213 298 116 89 215 115 212 247 277 336 128 37 93 224 138 116 204 239 226 278 116 151 187 87 107 290 131 192 127 312 135 82 318 101 122 189 108 120 368 64 70 215 352 174 324 155 56 258 293 199 53 284 163 310 16 120 265 180 240 46 235 373 360 121 274 343 329 245 197 54 89 338 235 169 223 328 256 300 298 247 209 185 50 96 125 269 314 331 184 304 285 46 160 50 109 303 211 59 263 314 165 105 183 310 334 109 253 254 368 374 221 317 16 106 330 296 165 36 102 85 293 222 137 100 179 193 370 174 191 36 106 89 193 163 278 335 149 90 162 279 227 231 115 279 102 344 75 331 20 123 273 271 92 96 218 290 85 297 130 234 226 106 27 278 184 195 320 213 89 151 261 133
 74 76 109 19 1 202 56 264 233 86 206 331 39 193 153 220 338 122 234 183 83 119 102 178 234 192 279 133 210 282 104 107 198 106 217 255 259 321 121 55 111 229 136 114 211 221 215 284 112 153 178 100 117 273 125 174 141 316 123 81 304 85 130 195 109 130 356 54 58 199 341 167 317 149 74 264 276 186 62 273 159 305 8 108 257 162 223 32 220 361 351 137 266 330 321 237 181 37 93 326 237 167 205 315 243 291 282 240 194 172 47 79 112 273 300 323 166 302 269 39 165 47 125 291 205 72 253 300 147 119 189 297 323 93 242 249 355 361 204 305 23 121 320 300 176 49 120 99 290 210 120 116 187 176 358 180 173 53 108 99 176 147 271 324 132 87 144 261 220 220 113 269 115 337 62 318 9 134 268 276 79 87 201 273 98 281 117 224 212 121 45 273 175 182 314 221 91 159 243 117
 255 250 269 219 202 1 234 91 304 268 288 145 238 211 161 256 190 143 167 229 284 138 125 205 97 152 241 211 200 84 204 298 16 141 279 332 72 138 149 251 307 289 187 187 295 47 115 337 168 222 125 263 260 176 152 74 299 344 109 193 121 163 253 276 198 264 198 166 200 9 192 144 222 150 271 330 184 67 257 136 175 229 204 205 167 88 31 195 52 197 224 338 168 150 210 156 163 174 274 175 271 195 110 154 101 176 83 179 52 83 189 126 201 309 122 216 96 273 69 183 249 227 327 150 164 242 150 111 91 320 271 120 171 111 120 206 179 189 138 151 212 323 183 334 308 229 311 298 246 89 159 317 284 132 190 263 103 254 207 245 29 57 186 178 143 180 109 75 174 109 185 144 314 228 149 157 200 271 212 322 189 150 131 93 259 88 105 126 72 289 245 220 135 81 230 307 265 268 119 161
 107 113 54 43 56 234 1 306 188 116 160 349 36 167 208 184 342 120 287 151 69 172 116 152 245 184 258 101 190 308 157 65 233 109 175 207 297 339 116 31 77 187 115 93 164 260 220 239 100 119 179 46 65 325 118 219 86 276 137 60 322 140 82 151 82 79 363 70 111 229 345 161 307 141 46 218 328 203 83 279 143 291 49 162 252 209 259 87 241 369 348 124 262 345 315 233 235 89 122 332 201 144 254 325 254 289 309 230 215 186 46 121 166 233 316 316 215 276 298 53 123 90 110 297 195 17 252 320 194 115 145 313 329 125 248 233 368 372 256 313 34 109 322 259 123 8 78 100 269 221 175 104 139 228 367 136 222 51 77 48 211 181 263 328 186 73 194 300 209 226 92 272 115 329 87 328 51 81 252 234 133 92 252 313 43 305 135 227 228 67 38 256 173 196 302 173 125 111 291 171
 301 293 347 282 264 91 306 1 393 312 377 170 302 301 166 346 243 230 124 318 346 165 207 295 175 241 325 297 289 106 231 368 83 225 369 421 27 169 236 318 374 378 275 272 383 49 200 427 254 310 215 340 341 112 240 93 379 433 194 274 158 201 336 365 282 347 243 239 245 98 244 233 295 239 337 420 120 156 310 205 265 307 268 230 248 108 61 248 130 237 285 395 246 184 279 239 152 231 318 228 361 285 87 203 176 247 102 264 140 173 263 188 224 399 165 286 108 357 90 254 337 276 385 214 252 316 229 141 122 374 359 164 224 183 198 292 210 222 113 206 279 380 243 423 393 300 381 352 329 174 181 375 372 126 228 351 106 315 291 325 101 130 266 234 162 262 131 23 261 193 271 216 367 296 221 206 264 353 295 411 226 231 108 12 336 121 188 210 155 366 309 304 224 170 306 396 306 354 61 184
 294 300 148 227 233 304 188 393 1 303 29 348 223 97 363 56 295 169 427 76 242 322 201 100 247 161 144 110 118 341 333 203 312 180 26 29 374 337 164 214 221 19 124 136 26 347 213 52 152 91 183 153 128 455 159 333 137 93 205 158 325 302 107 39 134 113 320 202 289 296 299 162 221 155 219 32 461 241 270 254 129 194 226 337 200 331 334 263 277 331 275 282 210 335 241 191 386 254 308 294 52 110 378 301 253 235 344 168 258 222 191 255 341 55 316 238 340 140 341 203 70 276 269 265 156 173 214 333 319 284 45 313 292 237 233 148 345 344 392 286 214 272 272 76 94 194 205 276 153 234 333 267 52 368 334 55 350 236 130 142 296 273 196 285 337 160 328 378 156 222 138 240 288 246 214 303 226 114 163 50 307 184 387 396 153 330 214 210 252 155 224 160 173 227 208 23 312 79 406 331
 14 19 161 82 86 268 116 312 303 1 275 405 82 276 163 298 420 207 247 263 76 148 185 261 314 277 364 212 294 351 91 124 260 191 291 321 313 396 206 91 114 302 220 197 279 275 298 354 196 232 263 153 178 289 210 221 186 391 205 163 379 112 197 266 190 192 437 139 69 266 423 252 402 234 92 333 290 264 34 355 244 390 91 94 342 205 282 76 295 441 435 96 350 406 406 322 190 98 8 408 315 251 237 395 323 375 350 326 270 253 131 145 101 348 376 408 205 385 336 124 238 44 92 373 290 131 337 372 192 72 260 373 404 168 324 334 432 439 225 385 98 85 403 374 230 112 132 55 374 291 137 83 253 199 437 252 208 69 187 162 240 213 356 406 155 171 182 314 306 302 196 352 64 422 144 398 94 193 353 349 87 173 224 321 153 352 198 308 291 163 80 359 260 262 399 287 12 226 276 133
 266 272 120 199 206 288 160 377 29 275 1 343 194 89 338 59 297 149 404 63 214 297 179 88 239 152 154 86 115 331 306 175 295 159 27 51 358 332 144 185 194 34 104 113 8 330 205 80 129 69 171 125 99 433 139 312 110 120 186 132 319 276 79 13 109 85 321 176 262 281 300 149 228 139 190 60 439 227 242 251 114 202 198 310 199 310 318 235 265 332 281 255 210 331 246 188 362 227 280 294 64 95 357 299 246 236 334 168 244 208 164 231 314 80 310 244 318 155 329 176 45 248 242 264 149 145 211 326 297 256 19 307 292 214 227 150 344 343 370 284 186 244 274 103 71 165 178 248 164 224 308 240 24 345 335 29 328 208 104 113 278 254 198 286 312 135 305 362 153 214 114 237 260 253 190 301 198 86 168 77 280 161 364 380 124 321 194 203 241 128 196 167 161 214 216 20 284 50 386 306
 393 389 370 346 331 145 349 170 348 405 343 1 362 255 303 293 88 234 289 282 410 282 235 259 110 194 229 290 231 68 348 412 158 242 325 374 146 12 239 372 425 330 264 275 349 164 142 363 259 291 183 366 355 281 239 214 394 351 214 296 29 306 339 334 288 353 79 284 340 144 88 205 167 223 392 366 289 148 390 96 239 190 331 349 152 230 145 331 112 71 134 466 143 19 145 158 300 309 413 77 301 254 239 55 101 126 71 182 138 165 306 262 345 330 35 152 237 256 86 303 317 363 453 88 195 352 136 35 235 450 330 39 75 240 118 207 41 53 269 68 335 450 100 347 388 346 424 429 228 131 303 444 349 270 60 326 242 381 298 345 173 195 162 86 286 281 252 149 193 133 274 110 446 156 271 56 327 360 199 346 331 258 262 162 362 58 217 142 122 390 369 206 192 155 182 360 404 344 228 305
 72 79 84 21 39 238 36 302 223 82 194 362 1 199 187 218 362 141 270 184 48 156 129 184 262 209 288 133 220 316 130 70 234 128 210 241 296 352 139 18 73 221 144 121 199 259 240 274 125 152 200 76 98 309 142 212 114 310 151 87 335 120 116 185 112 112 382 79 85 234 366 185 334 166 36 253 312 216 49 298 171 319 36 134 276 200 260 64 252 388 372 104 286 360 340 257 215 74 87 352 235 174 242 343 271 312 316 256 226 200 61 116 140 267 330 342 204 308 304 61 158 59 92 317 221 51 275 332 185 90 180 327 348 128 267 262 384 389 240 331 28 89 344 294 154 31 82 72 299 238 155 83 173 212 385 171 211 20 108 82 213 183 289 349 168 98 182 299 236 245 121 293 88 355 92 346 39 114 281 268 109 109 238 310 75 314 146 247 242 92 8 286 195 210 329 208 90 145 281 151
 264 267 154 194 193 211 167 301 97 276 89 255 199 1 293 46 212 90 347 29 234 252 125 16 152 66 92 68 29 246 280 210 220 106 72 124 280 244 87 197 228 80 58 80 95 256 118 127 85 53 88 154 131 371 82 249 163 141 122 114 231 241 109 80 87 123 236 146 242 203 215 69 153 68 210 121 377 147 245 163 43 131 187 284 113 250 241 217 181 246 202 286 124 243 167 100 313 201 282 208 62 27 295 212 158 151 248 82 163 129 147 187 285 101 222 166 259 110 245 156 70 239 272 176 61 158 124 239 239 280 77 219 206 163 139 72 257 256 313 197 179 272 189 128 141 170 218 266 103 139 268 267 97 291 248 74 269 217 92 133 206 188 115 201 267 107 251 284 65 127 81 150 281 177 152 213 185 128 92 113 253 118 306 303 151 234 132 115 156 170 203 94 78 133 143 106 282 99 319 266
 156 146 260 169 153 161 208 166 363 163 338 303 187 293 1 333 347 204 86 297 218 42 170 281 246 258 358 254 298 238 74 255 147 189 342 388 175 296 208 204 255 354 243 228 344 144 248 409 214 274 233 251 264 127 213 90 293 432 176 208 281 69 271 326 230 275 358 164 107 164 350 237 364 229 220 394 129 197 173 289 252 364 159 71 303 74 159 124 207 357 378 256 307 310 358 286 29 120 168 333 351 269 81 313 252 323 235 302 193 199 180 109 65 390 282 363 67 388 219 167 294 140 250 305 273 223 290 268 72 233 320 279 329 132 265 323 338 348 63 308 174 243 338 418 324 200 267 213 367 228 34 240 324 41 350 310 63 192 235 245 136 128 322 335 28 204 54 175 288 247 226 292 225 376 150 316 158 280 336 398 82 180 64 176 248 245 165 260 218 273 192 344 237 204 368 356 155 298 118 37
 287 292 158 218 220 256 184 346 56 298 59 293 218 46 333 1 241 131 390 38 247 291 165 54 194 109 96 88 64 288 313 215 265 145 35 82 325 282 127 213 234 38 91 109 63 301 160 82 120 67 132 160 135 415 121 292 158 101 165 139 270 277 111 55 112 123 266 178 272 248 245 114 170 111 223 77 421 192 266 199 85 145 213 317 145 293 286 246 225 277 224 294 155 280 189 136 354 233 304 239 19 66 338 247 199 181 291 113 208 174 174 225 319 59 261 186 302 101 289 185 65 265 281 211 102 172 159 279 282 292 56 258 238 203 178 94 290 289 355 231 203 282 218 86 125 188 221 280 107 182 306 277 76 333 280 59 312 235 113 143 251 232 142 231 306 136 292 329 101 169 111 185 294 196 187 248 211 126 110 68 286 154 349 348 158 276 175 155 200 170 221 109 123 178 158 71 305 91 363 304
 407 405 350 349 338 190 342 243 295 420 297 88 362 212 347 241 1 223 351 240 408 318 237 220 107 163 160 263 184 138 378 400 205 235 275 318 217 83 227 369 415 277 238 255 302 223 124 300 244 258 164 348 331 351 225 263 368 280 215 283 87 334 312 289 268 326 26 286 360 185 5 183 87 203 387 307 359 159 398 66 210 114 335 380 100 276 202 345 141 37 47 464 89 70 63 115 351 323 427 16 245 219 297 41 99 62 142 131 158 168 303 281 377 267 79 70 284 182 154 304 280 377 451 47 157 340 93 104 277 452 287 80 20 254 97 149 61 54 326 40 336 449 24 280 352 340 411 432 156 130 340 443 308 321 43 285 292 382 278 326 212 224 100 15 326 270 294 220 148 119 255 71 449 71 277 38 332 333 135 283 357 254 319 237 344 123 223 116 134 369 369 139 170 159 103 311 421 309 295 341
 194 195 137 130 122 143 120 230 169 207 149 234 141 90 204 131 223 1 260 96 186 163 35 78 127 71 164 68 97 202 195 180 148 18 146 196 213 223 7 147 195 157 46 45 156 183 101 210 27 82 60 132 123 287 11 165 163 230 37 63 207 154 112 137 57 124 244 69 161 136 227 46 196 29 165 199 293 92 181 160 49 185 118 198 137 164 172 138 133 250 231 242 146 228 201 117 224 119 214 213 149 66 210 207 136 172 203 120 107 73 81 98 199 189 201 203 173 190 195 85 108 166 229 178 84 120 135 208 152 230 131 197 210 73 129 131 250 254 225 194 116 227 204 216 167 118 192 212 174 104 179 221 143 203 249 123 183 161 67 112 130 106 150 210 177 49 162 217 100 107 44 153 229 216 68 209 115 131 149 198 168 35 220 234 128 195 46 108 114 157 147 155 55 82 194 169 211 126 238 177
 240 230 338 251 234 167 287 124 427 247 404 289 270 347 86 390 351 260 1 356 303 116 227 337 263 300 398 319 345 222 157 338 152 248 404 453 145 285 265 287 339 415 304 292 411 129 276 470 276 337 273 330 340 43 270 102 371 487 226 279 272 151 344 392 297 350 356 235 191 173 353 283 387 280 303 457 44 223 258 302 306 393 240 154 331 98 150 207 218 352 389 340 332 300 376 316 58 199 251 336 407 324 58 313 267 342 219 338 213 233 255 176 147 447 277 382 89 429 204 242 360 225 334 315 314 302 314 257 109 317 386 275 332 191 285 362 328 340 36 313 254 328 347 474 399 280 351 298 404 251 117 324 392 61 344 377 79 276 304 321 153 162 350 341 103 272 100 142 328 272 291 310 309 394 219 316 238 355 371 457 167 244 42 134 327 235 216 288 236 353 275 380 280 235 395 423 238 369 64 121
 252 256 130 182 183 229 151 318 76 263 63 282 184 29 297 38 240 96 356 1 216 255 130 25 177 90 114 52 57 269 276 188 236 109 52 104 299 271 92 180 206 62 54 72 70 272 143 115 83 32 109 132 108 382 87 260 137 138 131 103 257 240 84 53 76 98 264 141 235 221 244 87 180 80 191 104 388 166 231 190 54 157 177 280 141 259 259 209 203 274 230 265 152 271 195 128 318 196 269 236 56 35 305 240 184 180 272 111 183 147 137 188 282 95 248 193 268 128 268 148 42 229 252 204 88 140 152 264 247 261 49 245 234 167 166 99 284 284 321 225 167 252 218 123 113 154 195 248 125 162 269 247 69 298 276 46 278 201 77 112 221 199 143 229 270 99 257 303 93 152 74 178 263 204 150 241 175 103 119 103 249 117 315 321 129 259 141 141 178 146 187 120 99 153 169 81 270 72 332 267
 74 84 95 66 83 284 69 346 242 76 214 410 48 234 218 247 408 186 303 216 1 192 176 220 308 252 325 167 257 363 152 49 280 174 233 256 341 399 183 40 40 244 183 161 217 303 285 293 167 185 245 90 116 344 185 255 115 333 198 128 382 154 139 207 150 130 428 126 113 281 411 228 375 209 26 270 346 263 49 344 211 359 82 156 319 241 305 100 299 434 415 58 329 407 383 300 247 116 78 398 263 212 281 389 317 356 363 298 273 247 106 161 163 291 377 384 244 342 351 108 184 80 45 362 263 77 319 379 227 47 202 374 394 175 313 301 430 436 276 377 75 42 388 316 161 69 57 35 336 284 187 36 191 248 432 195 250 31 144 106 259 229 331 394 203 140 221 343 277 291 161 338 48 397 140 392 85 129 320 290 137 155 274 354 91 362 194 293 289 92 41 324 240 257 370 224 87 165 320 183
 139 130 223 137 119 138 172 165 322 148 297 282 156 252 42 291 318 163 116 255 192 1 129 240 214 219 319 213 257 220 69 224 126 148 301 347 169 275 166 173 226 312 202 187 303 133 213 368 173 232 194 215 226 154 172 76 256 391 136 168 258 39 232 285 190 237 331 123 83 139 321 197 329 188 190 353 158 163 151 257 211 327 125 69 267 59 144 94 179 331 346 236 272 287 324 249 66 84 154 304 310 227 90 286 222 290 218 264 162 163 141 68 64 349 258 329 58 348 202 128 253 117 228 274 234 187 255 247 49 214 279 255 300 91 232 284 315 324 85 280 139 222 307 377 285 165 237 193 328 195 22 218 283 58 325 270 61 164 195 207 111 95 285 306 16 163 35 169 249 213 185 260 206 342 109 289 123 242 297 357 62 139 83 175 212 225 124 225 186 238 161 305 198 169 332 315 142 258 130 24
 172 171 146 113 102 125 116 207 201 185 179 235 129 125 170 165 237 35 227 130 176 129 1 113 134 98 196 95 131 194 163 179 127 22 178 227 193 225 39 138 191 189 77 68 186 159 115 244 51 111 80 139 136 255 45 134 175 264 23 69 208 121 131 167 77 141 256 51 132 119 240 74 221 61 158 231 261 88 163 172 83 212 100 166 159 132 152 112 127 261 251 232 167 232 222 140 190 92 192 226 183 100 179 215 143 191 195 147 100 73 71 64 167 223 203 225 141 223 185 69 136 142 219 191 113 120 154 206 119 217 161 199 222 39 141 162 256 261 193 204 102 216 219 250 187 112 192 198 205 110 145 211 170 169 258 152 150 148 85 121 107 79 175 223 143 56 129 196 129 119 67 168 215 239 42 218 96 148 178 231 137 26 187 212 135 190 21 124 114 165 135 185 79 83 220 198 187 149 209 143
 249 252 140 179 178 205 152 295 100 261 88 259 184 16 281 54 220 78 337 25 220 240 113 1 153 66 106 53 41 245 266 197 214 93 75 127 275 247 74 182 214 84 43 65 94 249 119 135 71 41 85 140 119 362 69 239 152 152 111 99 233 228 96 77 72 111 244 132 227 198 223 63 164 58 195 126 368 143 230 168 32 144 172 269 121 240 235 202 179 253 212 272 132 247 177 106 302 187 267 215 72 14 285 217 160 160 247 91 159 124 132 174 271 111 225 177 249 125 243 141 61 224 258 182 65 144 130 240 229 266 73 222 212 151 142 85 262 263 302 202 164 258 197 139 133 155 205 251 118 137 255 252 92 280 255 69 259 202 77 119 199 179 125 208 254 92 240 279 73 128 66 155 266 188 138 219 170 117 105 121 239 104 296 298 137 234 122 118 154 157 188 108 74 129 156 106 267 90 311 253
 301 299 262 246 234 97 245 175 247 314 239 110 262 152 246 194 107 127 263 177 308 214 134 153 1 88 153 181 131 96 272 306 112 136 223 274 150 98 132 270 320 230 155 167 246 141 35 270 152 184 74 258 246 272 132 166 285 267 112 189 83 228 231 229 180 245 124 183 254 91 111 97 126 114 289 269 279 53 295 44 131 134 232 274 74 177 120 239 48 128 133 365 72 102 115 67 253 217 321 95 205 147 206 82 10 80 100 93 54 63 203 175 272 239 75 121 186 184 100 202 210 271 352 62 93 246 55 88 175 350 225 72 91 148 24 121 124 129 233 72 234 349 94 260 280 242 318 331 156 25 235 343 243 223 125 220 195 280 190 237 113 120 92 94 223 175 192 154 96 26 166 48 347 133 173 85 229 252 122 253 251 154 226 173 254 84 118 40 29 282 268 130 84 53 134 257 315 236 214 236
 264 265 189 199 192 152 184 241 161 277 152 194 209 66 258 109 163 71 300 90 252 219 98 66 88 1 101 101 50 181 260 239 162 87 137 189 219 183 72 213 256 144 76 94 158 197 54 188 86 99 28 186 169 319 69 199 207 194 84 125 169 217 151 142 107 165 186 139 229 144 166 26 126 44 230 185 326 86 251 105 48 115 187 263 69 204 181 207 117 194 165 307 79 183 132 50 274 188 284 156 122 61 245 155 95 106 184 50 102 70 150 159 263 159 160 134 213 131 181 154 124 236 294 121 16 181 71 175 195 297 138 157 153 131 78 66 200 201 266 140 184 292 141 184 196 184 250 280 110 74 237 287 157 248 194 133 223 228 116 164 152 139 81 150 232 113 210 223 32 63 94 94 296 147 137 157 184 172 81 173 234 105 260 242 182 170 96 53 92 208 215 88 22 72 124 170 281 151 265 236
 352 354 243 282 279 241 258 325 144 364 154 229 288 92 358 96 160 164 398 114 325 319 196 106 153 101 1 159 70 244 358 301 253 181 128 163 301 219 163 288 319 127 146 168 157 286 127 141 169 143 127 244 221 414 158 297 249 123 184 202 211 316 197 150 177 211 184 229 323 233 163 123 79 136 301 151 421 177 334 137 121 51 274 361 82 302 267 300 196 196 133 377 88 213 101 87 374 282 370 162 93 115 342 176 154 105 248 62 190 166 234 258 361 109 201 97 312 33 250 241 154 325 363 142 86 249 101 225 295 371 150 199 162 231 130 37 216 212 365 162 267 363 138 121 220 260 308 357 12 153 337 358 171 348 201 152 322 307 182 224 246 238 68 153 332 194 310 305 72 133 169 123 372 103 231 177 271 216 32 125 331 197 358 324 241 229 196 116 171 259 293 24 122 164 65 163 369 182 358 336
 201 205 90 131 133 211 101 297 110 212 86 290 133 68 254 88 263 68 319 52 167 213 95 53 181 101 159 1 92 265 228 145 215 75 89 135 281 279 62 131 162 101 27 28 92 250 150 157 45 22 108 89 70 349 59 228 107 186 104 52 263 194 51 74 26 65 286 94 185 204 266 85 215 69 143 141 354 156 181 205 54 195 126 232 166 225 240 159 196 294 260 219 177 281 226 149 277 148 218 256 106 47 272 254 190 205 267 139 172 136 87 146 234 142 256 226 234 176 260 98 42 178 205 221 107 92 171 267 212 213 68 252 253 130 176 136 299 301 285 240 116 205 241 170 101 104 154 199 170 161 225 200 76 260 294 58 243 151 26 67 197 171 173 250 228 52 220 285 119 158 29 195 214 238 106 257 124 72 156 147 201 76 279 302 86 257 111 152 175 108 137 159 99 144 207 105 219 59 303 223
 282 285 180 213 210 200 190 289 118 294 115 231 220 29 298 64 184 97 345 57 257 257 131 41 131 50 70 92 1 226 291 236 211 114 95 144 267 220 96 219 254 101 77 99 120 246 98 141 100 80 76 180 158 366 90 245 191 145 123 133 208 250 136 107 109 150 208 160 255 192 188 63 125 70 234 139 373 134 265 137 52 104 205 294 85 248 229 231 165 219 174 310 97 218 139 74 316 214 301 181 75 47 291 186 137 124 229 54 150 118 165 194 295 111 198 138 258 94 228 172 98 256 296 150 40 182 98 216 239 303 104 195 179 168 116 45 230 230 311 171 198 296 161 135 170 191 244 288 81 121 274 291 125 291 221 102 268 238 115 159 199 184 87 173 271 124 252 271 39 107 100 124 304 149 163 187 202 156 65 124 264 129 305 290 177 214 134 93 139 197 224 68 68 121 116 130 300 127 312 273
 338 333 337 298 282 84 308 106 341 351 331 68 316 246 238 288 138 202 222 269 363 220 194 245 96 181 244 265 226 1 287 372 95 205 317 368 81 64 208 328 383 324 239 245 338 97 129 365 228 271 162 331 324 217 209 149 364 361 174 260 53 246 312 321 258 325 137 240 284 86 139 185 199 198 348 364 225 111 339 111 220 216 283 287 163 165 79 277 70 132 181 418 158 79 180 161 234 256 358 123 300 237 172 98 92 152 5 187 96 131 263 208 283 334 60 187 171 275 20 258 298 309 406 115 188 313 144 36 172 400 316 59 120 190 116 215 107 118 202 103 289 403 141 355 365 304 385 379 246 108 240 397 333 204 123 310 176 333 268 311 113 139 178 130 223 246 188 85 191 121 245 124 396 196 225 101 279 332 213 348 273 219 196 100 327 17 174 135 92 357 323 221 172 122 212 350 348 322 162 242
 85 74 210 116 104 204 157 231 333 91 306 348 130 280 74 313 378 195 157 276 152 69 163 266 272 260 358 228 291 287 1 194 193 178 315 356 236 340 196 146 190 327 224 205 312 200 265 383 196 249 239 202 220 199 202 144 242 412 178 177 323 46 232 295 203 233 392 136 47 205 381 236 379 223 158 365 200 220 105 315 241 373 111 5 317 127 212 73 242 394 402 185 323 352 377 298 100 81 95 365 331 254 150 348 280 343 285 308 221 215 143 103 11 369 322 381 125 384 270 131 264 75 179 333 275 174 307 313 117 162 289 319 361 131 287 324 379 388 136 341 125 173 365 397 279 150 205 143 367 251 51 170 288 111 388 280 126 130 205 201 176 156 334 365 70 178 103 237 291 267 203 316 153 395 129 351 111 236 340 374 28 163 136 241 200 291 167 277 245 220 133 347 240 223 380 322 82 261 189 48
 121 130 59 89 107 298 65 368 203 124 175 412 70 210 255 215 400 180 338 188 49 224 179 197 306 239 301 145 236 372 194 1 296 171 197 214 360 401 176 53 20 207 165 146 178 323 280 252 157 158 237 57 82 378 177 279 70 294 200 118 384 188 106 170 133 94 422 133 151 293 404 218 358 198 37 229 381 266 94 338 194 339 102 198 306 267 322 132 305 429 402 80 317 407 368 288 283 142 126 391 229 191 311 386 315 345 373 282 278 248 110 181 204 254 379 369 272 314 362 116 151 120 67 356 248 61 309 384 252 83 166 375 388 188 307 280 429 433 309 373 90 70 379 277 116 70 14 80 312 283 223 66 152 281 428 159 279 65 125 78 274 244 315 387 237 132 250 363 261 286 146 330 88 381 150 388 105 91 300 251 175 155 306 375 60 368 199 285 291 49 65 303 231 258 351 183 135 128 349 219
 248 242 270 215 198 16 233 83 312 260 295 158 234 220 147 265 205 148 152 236 280 126 127 214 112 162 253 215 211 95 193 296 1 144 287 339 67 151 154 248 304 297 192 191 301 37 128 346 172 228 136 263 262 162 158 59 300 355 113 194 135 153 256 283 201 266 213 164 192 22 207 152 237 157 268 339 170 78 251 151 183 243 200 193 181 74 27 188 67 212 239 333 182 164 225 169 148 168 266 190 281 203 96 168 116 191 93 192 65 93 188 121 189 319 136 231 82 285 78 181 255 219 322 165 175 241 164 123 79 314 277 134 186 109 135 218 192 202 123 165 209 317 198 344 312 227 309 292 259 103 146 312 290 117 204 269 88 250 210 246 23 53 200 193 130 182 95 71 186 123 189 159 308 243 147 171 196 273 225 331 179 151 116 87 259 100 107 140 86 289 241 234 145 92 245 314 256 272 105 149
 178 179 133 115 106 141 109 225 180 191 159 242 128 106 189 145 235 18 248 109 174 148 22 93 136 87 181 75 114 205 178 171 144 1 157 207 210 231 20 135 185 169 57 49 165 177 113 223 31 91 73 127 121 276 25 155 161 244 33 56 214 137 113 146 58 124 256 53 144 134 239 62 212 46 154 210 282 96 166 171 65 201 103 181 152 152 169 121 136 261 246 230 161 237 216 132 210 102 198 225 163 81 199 217 146 186 206 136 110 78 68 82 182 203 208 218 161 207 197 70 116 150 217 190 101 111 149 214 140 217 140 205 222 59 140 148 259 264 213 205 102 215 217 230 169 107 183 198 191 113 163 209 150 190 259 132 171 147 68 108 124 98 166 222 162 42 149 213 117 118 47 166 215 231 51 220 99 131 166 211 151 20 208 230 123 200 38 121 120 153 134 172 70 88 210 178 195 130 229 161
 281 286 140 212 217 279 175 369 26 291 27 325 210 72 342 35 275 146 404 52 233 301 178 75 223 137 128 89 95 317 315 197 287 157 1 53 349 314 141 202 216 13 101 115 30 323 189 69 129 69 158 145 118 431 136 309 134 102 181 139 301 282 96 28 114 105 299 182 272 272 278 137 204 131 209 54 437 216 258 231 105 177 210 319 178 308 309 246 252 310 257 277 188 312 222 168 365 235 296 272 38 85 355 279 229 214 320 146 233 198 173 234 322 59 292 220 317 129 316 185 53 261 263 243 132 161 191 310 296 277 32 289 271 215 209 127 323 322 369 264 198 265 252 85 96 180 201 267 138 210 313 261 48 346 313 40 327 225 111 130 272 250 175 264 315 140 305 353 133 198 116 218 280 229 194 281 209 107 144 60 288 163 364 371 143 306 190 186 227 150 212 142 148 203 191 37 299 70 382 311
 312 319 163 247 255 332 207 421 29 321 51 374 241 124 388 82 318 196 453 104 256 347 227 127 274 189 163 135 144 368 356 214 339 207 53 1 401 363 191 231 232 45 151 162 45 375 240 42 178 117 210 169 144 482 186 360 146 88 232 182 351 326 126 63 158 130 342 226 311 324 321 190 241 183 233 18 488 269 288 279 157 214 247 360 224 358 361 285 304 354 296 292 234 360 262 216 412 277 326 317 74 137 405 326 280 258 371 193 285 250 214 281 363 62 341 258 367 154 368 226 95 296 280 290 182 191 239 360 345 296 69 339 316 263 259 171 369 367 419 311 234 283 295 73 100 213 215 290 171 262 358 279 69 394 358 78 377 253 154 160 323 301 219 309 362 185 354 405 182 249 164 265 301 266 239 327 247 129 185 49 329 210 413 424 169 357 241 236 279 166 242 181 200 255 227 35 330 97 433 356
 302 294 336 277 259 72 297 27 374 313 358 146 296 280 175 325 217 213 145 299 341 169 193 275 150 219 301 281 267 81 236 360 67 210 349 401 1 144 220 311 368 358 257 257 365 39 176 406 238 292 194 329 328 136 223 94 367 410 178 261 133 202 322 347 267 333 218 229 245 79 218 213 269 220 331 400 144 134 308 179 246 282 262 235 223 110 42 246 106 212 259 392 220 159 253 215 165 227 319 202 340 265 100 177 150 221 77 240 118 153 253 181 230 377 139 260 113 333 64 245 319 275 382 188 230 306 204 116 122 372 341 138 198 173 173 268 186 198 129 180 272 377 217 401 378 292 373 350 305 150 186 372 355 137 203 334 113 311 277 312 88 118 240 208 167 248 134 5 238 169 255 191 366 270 212 180 258 340 271 390 228 218 123 24 325 95 174 186 131 355 303 279 203 148 280 377 308 338 83 189
 384 380 359 336 321 138 339 169 337 396 332 12 352 244 296 282 83 223 285 271 399 275 225 247 98 183 219 279 220 64 340 401 151 231 314 363 144 1 229 362 415 319 252 264 338 159 131 353 249 280 172 355 344 279 228 208 383 341 203 285 19 298 328 323 277 342 77 274 331 136 83 194 159 212 382 355 287 138 381 85 228 181 321 341 142 224 140 321 103 70 129 456 133 16 137 147 295 299 403 70 291 243 235 47 90 117 68 172 128 154 295 253 337 320 24 144 231 247 82 293 306 354 443 78 184 341 125 30 228 440 319 28 68 230 106 197 44 55 264 59 325 440 93 337 377 336 413 419 218 120 295 434 338 264 60 315 236 371 287 334 165 186 152 79 280 271 245 147 182 122 263 100 436 150 261 48 317 349 189 335 323 247 258 161 351 53 207 131 112 379 359 196 181 144 174 349 395 332 225 297
 193 194 132 128 121 149 116 236 164 206 144 239 139 87 208 127 227 7 265 92 183 166 39 74 132 72 163 62 96 208 196 176 154 20 141 191 220 229 1 144 190 152 41 39 150 189 105 206 21 76 63 127 117 292 6 170 157 226 43 58 212 156 106 132 51 118 248 68 161 142 230 48 198 29 162 194 298 98 180 164 46 185 116 200 139 169 179 138 138 254 234 239 148 233 203 119 228 120 213 217 145 62 215 211 141 175 209 121 113 78 79 101 201 184 206 205 178 189 201 83 102 165 225 182 85 116 137 213 157 227 126 202 214 77 133 131 254 258 230 198 113 224 207 212 161 115 187 209 173 109 182 218 137 207 253 117 188 158 62 106 136 111 152 213 181 44 167 223 101 112 38 157 226 218 69 214 113 125 149 193 170 35 224 240 123 201 51 111 120 152 144 155 58 87 195 163 210 120 243 180
 83 91 71 37 55 251 31 318 214 91 185 372 18 197 204 213 369 147 287 180 40 173 138 182 270 213 288 131 219 328 146 53 248 135 202 231 311 362 144 1 58 214 144 122 189 273 246 265 128 149 206 63 88 326 146 228 99 303 160 89 345 137 108 177 112 102 389 89 101 247 372 189 336 170 21 243 329 225 58 305 172 320 51 150 280 216 274 81 263 395 376 96 290 369 344 261 232 91 96 359 229 174 259 351 279 317 328 259 237 209 68 131 156 260 340 345 221 306 316 71 151 74 83 323 223 42 280 342 201 86 172 336 355 141 274 262 392 397 257 339 40 81 349 286 141 30 65 70 299 246 172 75 163 229 393 163 227 24 106 73 226 196 292 355 185 101 198 313 238 252 122 299 86 358 104 353 54 103 282 260 125 117 255 325 63 326 157 254 251 76 14 286 200 219 331 197 101 136 297 168
 113 123 78 93 111 307 77 374 221 114 194 425 73 228 255 234 415 195 339 206 40 226 191 214 320 256 319 162 254 383 190 20 304 185 216 232 368 415 190 58 1 226 182 162 196 330 294 270 172 176 252 76 100 379 192 284 87 313 213 133 397 189 124 189 150 113 437 144 149 303 419 234 375 214 38 247 381 278 88 353 211 357 107 194 323 272 330 133 317 444 419 62 333 421 385 304 283 146 116 406 248 209 314 400 329 361 384 299 290 261 121 188 201 273 392 386 276 332 372 126 170 117 49 371 265 76 325 396 257 66 185 388 403 197 322 298 443 447 310 388 97 52 395 296 133 80 20 66 330 297 223 49 171 282 442 178 282 63 142 96 283 253 332 402 238 147 253 370 278 301 162 346 72 398 160 403 111 110 318 270 174 168 308 382 78 380 210 300 304 67 67 321 246 271 368 201 126 147 352 219
 292 298 151 224 229 289 187 378 19 302 34 330 221 80 354 38 277 157 415 62 244 312 189 84 230 144 127 101 101 324 327 207 297 169 13 45 358 319 152 214 226 1 113 127 34 332 196 57 141 81 167 155 129 442 147 320 143 90 192 151 307 294 107 38 126 115 302 194 284 281 280 146 204 141 220 43 448 225 269 236 115 177 222 331 182 319 319 258 260 313 258 286 192 317 223 173 376 247 307 276 35 95 366 283 236 217 327 150 242 207 185 246 334 48 298 220 328 125 324 197 65 273 273 247 138 173 196 316 307 287 43 295 274 226 215 129 327 325 381 268 210 276 254 73 103 192 211 278 136 217 325 271 57 357 316 51 338 236 123 141 282 260 178 267 327 152 317 362 138 205 128 222 291 229 206 285 221 117 145 48 300 174 375 381 154 313 201 192 235 159 224 142 157 211 190 38 310 80 393 323
 208 211 113 138 136 187 115 275 124 220 104 264 144 58 243 91 238 46 304 54 183 202 77 43 155 76 146 27 77 239 224 165 192 57 101 151 257 252 41 144 182 113 1 24 111 227 123 167 30 36 82 111 94 331 36 210 132 191 82 58 237 187 77 92 34 91 261 90 185 180 242 59 195 42 159 154 337 130 190 179 30 177 130 228 143 208 216 160 170 269 238 237 153 255 204 125 265 145 226 231 109 32 255 229 163 181 241 118 147 110 90 135 230 148 229 205 217 167 234 99 63 182 223 196 84 108 147 240 195 229 86 226 228 115 150 119 273 276 269 215 123 222 217 176 127 116 175 213 157 135 216 217 98 245 269 78 227 163 41 89 175 151 151 225 217 50 205 261 97 132 24 170 229 217 98 231 128 98 139 156 197 64 263 278 107 231 91 126 148 132 149 143 73 118 188 123 225 84 283 214
 185 188 97 116 114 187 93 272 136 197 113 275 121 80 228 109 255 45 292 72 161 187 68 65 167 94 168 28 99 245 205 146 191 49 115 162 257 264 39 122 162 127 24 1 119 225 137 182 19 47 94 94 81 322 37 201 120 209 79 35 248 169 68 101 14 81 277 70 164 180 259 74 216 54 138 167 327 136 167 195 51 199 108 208 162 198 216 138 176 285 257 215 172 268 224 143 251 125 204 247 128 55 245 243 175 200 247 138 151 116 68 120 211 166 241 225 207 189 239 77 69 160 202 212 103 88 164 250 185 207 95 237 244 103 164 141 287 290 258 230 100 201 234 194 123 94 156 191 179 145 199 195 103 233 284 86 216 140 24 72 172 145 172 242 201 28 193 260 117 145 2 186 207 238 80 246 106 88 161 172 177 49 252 277 90 238 85 141 157 117 126 165 87 125 210 132 203 83 276 197
 270 277 123 204 211 295 164 383 26 279 8 349 199 95 344 63 302 156 411 70 217 303 186 94 246 158 157 92 120 338 312 178 301 165 30 45 365 338 150 189 196 34 111 119 1 337 211 77 136 76 177 129 103 440 146 319 112 118 192 138 325 282 83 20 115 89 326 182 267 287 305 155 232 146 194 55 446 234 246 256 121 206 204 316 204 316 324 241 271 337 285 257 215 337 251 193 368 233 284 299 66 102 363 305 252 241 340 173 251 215 170 237 319 79 316 248 325 157 336 182 51 253 244 269 155 149 217 332 303 259 26 313 297 221 233 155 349 349 376 290 191 247 279 101 70 170 180 251 167 230 314 242 27 351 340 35 335 212 110 118 285 261 203 291 318 141 311 369 158 220 121 243 263 257 196 306 203 89 172 74 285 167 371 387 128 327 200 209 247 130 200 170 167 221 219 14 288 54 393 312
 264 257 301 239 221 47 260 49 347 275 330 164 259 256 144 301 223 183 129 272 303 133 159 249 141 197 286 250 246 97 200 323 37 177 323 375 39 159 189 273 330 332 227 225 337 1 161 382 206 263 171 293 294 132 192 58 332 390 147 226 145 165 289 318 235 299 228 193 207 55 225 188 265 193 293 374 140 113 270 176 219 273 224 200 212 75 22 208 94 225 262 354 212 174 251 201 138 189 282 208 316 238 76 185 143 217 94 225 98 128 217 144 195 355 149 257 78 318 79 208 290 237 344 188 210 270 194 131 85 334 312 147 204 137 164 252 202 213 106 185 234 339 220 380 345 255 336 312 292 134 151 334 325 108 217 304 81 273 244 278 54 82 231 213 133 214 99 41 220 155 223 185 328 269 175 188 221 306 257 367 191 184 99 54 289 108 141 172 117 319 265 266 180 126 274 349 271 307 75 154
 285 284 233 226 215 115 220 200 213 298 205 142 240 118 248 160 124 101 276 143 285 213 115 119 35 54 127 150 98 129 265 280 128 113 189 240 176 131 105 246 294 196 123 137 211 161 1 237 124 150 44 229 216 289 104 176 254 236 94 162 116 221 199 195 150 213 144 163 242 108 127 65 117 84 265 235 297 54 276 60 98 118 213 268 56 184 142 225 71 150 138 342 60 133 113 42 259 203 306 113 171 114 220 107 42 79 133 66 65 51 180 165 266 206 108 117 194 159 131 181 176 256 328 78 59 220 43 122 180 329 191 104 110 137 29 93 151 154 245 94 213 326 106 228 247 218 291 310 132 27 233 321 209 231 149 186 203 259 160 208 124 122 75 110 224 148 196 180 64 10 137 54 327 130 155 110 209 220 98 221 242 131 238 199 226 117 103 13 46 253 246 106 52 45 122 223 300 203 233 234
 345 351 198 278 284 337 239 427 52 354 80 363 274 127 409 82 300 210 470 115 293 368 244 135 270 188 141 157 141 365 383 252 346 223 69 42 406 353 206 265 270 57 167 182 77 382 237 1 196 137 213 204 178 495 201 373 185 48 245 207 342 350 158 90 181 164 324 249 339 329 303 195 219 192 269 25 502 272 321 269 166 191 277 387 212 373 367 313 305 336 273 331 221 348 241 208 431 303 359 301 67 147 419 313 275 242 368 182 289 255 241 301 390 34 332 237 382 126 367 252 120 326 318 277 179 224 229 353 361 334 96 330 300 281 252 157 355 351 435 298 264 321 278 33 140 245 254 327 147 261 380 317 103 412 341 105 392 287 179 193 332 313 204 292 383 208 371 410 175 246 184 254 338 242 261 313 276 165 167 18 356 230 429 429 204 352 255 231 279 204 275 162 204 258 203 70 363 130 445 378
 184 186 112 116 112 168 100 254 152 196 129 259 125 85 214 120 244 27 276 83 167 173 51 71 152 86 169 45 100 228 196 157 172 31 129 178 238 249 21 128 172 141 30 19 136 206 124 196 1 62 81 107 97 305 21 184 137 220 61 41 232 158 86 117 31 98 266 62 158 162 248 63 210 43 145 182 311 118 168 182 49 195 107 200 153 181 197 133 159 273 249 223 163 253 217 134 236 117 203 235 138 59 228 230 161 190 230 132 134 99 67 106 201 177 226 218 190 192 221 74 86 157 209 200 97 97 154 234 168 213 111 222 232 87 151 139 273 277 242 217 101 208 224 205 141 99 168 195 179 129 187 202 120 217 271 102 200 144 41 86 153 127 165 231 188 28 177 242 112 131 18 174 212 231 69 232 104 105 158 185 169 35 236 258 103 221 67 129 140 132 130 163 75 108 206 148 201 101 258 185
 221 226 101 151 153 222 119 310 91 232 69 291 152 53 274 67 258 82 337 32 185 232 111 41 184 99 143 22 80 271 249 158 228 91 69 117 292 280 76 149 176 81 36 47 76 263 150 137 62 1 111 102 79 366 72 244 112 165 118 73 265 214 57 57 47 71 281 114 206 215 261 88 204 75 160 122 371 164 200 203 53 183 147 252 159 242 251 180 203 290 252 235 170 281 217 144 297 169 238 252 85 39 289 253 191 198 273 131 180 144 108 166 255 121 257 216 251 158 267 119 28 198 221 219 102 109 167 270 229 230 51 254 249 147 176 124 298 299 302 238 136 221 236 149 98 123 166 217 154 165 245 216 64 278 291 43 261 170 46 82 210 186 164 246 247 72 238 296 111 159 48 192 232 228 126 255 145 77 144 127 221 95 297 314 99 262 126 151 180 118 156 146 101 151 195 88 239 53 318 243
 250 249 191 187 178 125 179 215 183 263 171 183 200 88 233 132 164 60 273 109 245 194 80 85 74 28 127 108 76 162 239 237 136 73 158 210 194 172 63 206 252 167 82 94 177 171 44 213 81 111 1 187 174 292 61 172 212 220 62 120 156 195 158 160 108 171 186 125 211 118 168 24 142 41 224 208 299 60 239 102 59 135 175 242 80 177 155 191 95 192 174 301 89 174 144 61 248 170 270 155 147 77 218 150 83 114 164 71 77 43 140 137 241 185 149 147 187 158 160 142 138 221 287 120 43 177 76 160 169 289 155 145 152 109 71 91 194 197 239 137 174 286 145 210 207 177 248 270 135 55 213 280 172 222 191 149 196 219 118 165 124 112 96 151 207 107 183 198 57 51 94 94 287 160 120 152 172 178 104 198 214 92 233 216 183 152 73 49 71 210 206 112 11 46 142 189 265 163 238 213
