NAME : domp180p90v7
COMMENT : (Deleplanque et al.) 
TYPE : DOMP
DIMENSION : 180
DISPLAY_DATA_TYPE: NO_DISPLAY
OPEN_FACILITIES : 90
COST_SECTION
 1 98 204 74 90 265 62 266 219 267 297 210 181 267 42 257 56 350 86 338 322 307 344 259 216 98 14 126 102 247 293 142 298 46 111 375 282 84 217 236 96 146 28 132 75 231 397 241 243 244 318 351 49 322 290 407 240 39 220 173 234 292 93 180 272 254 244 132 133 221 290 304 102 202 209 281 314 87 361 219 98 50 302 196 50 193 327 417 337 73 108 217 267 257 230 46 255 251 142 229 49 240 326 392 141 255 306 224 169 8 371 173 91 304 177 283 117 190 249 298 349 276 378 214 190 185 342 299 62 226 88 328 68 198 230 290 260 260 259 107 53 196 253 137 141 326 93 366 260 345 351 294 239 314 311 56 278 158 125 221 235 114 88 44 299 234 275 71 258 259 39 310 134 57 225 223 149 291 269 236
 98 1 298 170 131 362 158 353 312 320 316 290 268 333 111 251 43 417 170 430 356 397 435 278 208 194 104 217 45 342 323 101 385 97 206 456 293 174 267 332 96 218 109 208 58 327 480 314 303 335 406 431 139 413 375 488 336 115 282 254 331 375 68 239 369 319 341 227 213 318 288 321 112 184 197 283 403 165 439 283 30 127 334 231 49 289 406 499 359 158 181 314 364 282 243 141 325 256 236 275 98 333 410 476 236 344 384 253 146 105 459 213 166 340 259 354 189 287 274 301 362 359 451 249 248 278 375 386 62 286 176 382 163 200 323 339 354 327 254 159 92 286 349 43 214 399 180 444 287 399 427 373 334 359 398 49 347 239 152 286 326 206 66 85 390 241 324 131 252 273 91 395 75 78 309 316 244 366 323 333
 204 298 1 142 201 79 150 88 20 202 305 92 159 166 215 323 258 221 178 137 286 110 145 280 301 125 196 139 288 46 277 299 111 208 125 197 309 160 189 41 246 127 205 120 257 79 214 130 174 156 130 182 161 123 112 230 50 186 155 87 61 123 265 157 94 160 97 73 109 63 338 311 237 307 303 327 122 191 199 151 301 201 278 217 251 85 162 236 326 179 139 56 88 265 274 170 147 300 63 206 232 137 149 207 64 170 153 240 296 197 177 199 148 272 83 160 138 65 262 336 353 112 225 224 161 22 303 110 262 166 166 241 151 277 134 231 139 157 324 181 240 34 54 339 125 183 167 203 265 254 193 136 118 254 122 259 165 93 217 150 152 94 262 218 102 288 220 183 324 289 211 133 308 231 75 23 58 152 203 60
 74 170 142 1 128 195 14 217 160 258 317 174 116 246 74 295 129 323 48 278 327 250 286 282 259 24 72 58 174 182 304 206 246 102 38 329 308 31 216 169 154 133 66 115 145 158 349 213 231 173 266 308 56 264 242 362 171 79 206 140 163 248 160 175 201 233 171 76 109 150 324 324 154 251 255 314 261 60 322 203 166 60 311 212 123 120 286 370 352 42 103 146 196 274 259 31 229 283 83 232 91 168 280 343 82 185 269 241 225 67 317 188 92 310 142 255 112 118 268 329 370 233 343 228 185 125 347 246 124 214 39 315 9 237 158 285 187 237 297 129 100 143 187 208 127 293 44 327 277 332 313 254 166 310 258 125 253 127 161 205 164 69 156 108 242 267 271 102 297 284 100 263 204 122 182 163 86 258 260 166
 90 131 201 128 1 276 117 235 210 191 208 167 242 204 131 171 108 288 162 319 236 284 323 170 133 145 79 185 101 246 206 98 268 47 162 332 193 152 139 241 48 93 117 89 75 254 356 186 173 293 288 306 73 301 256 362 247 56 152 136 249 253 73 109 288 190 272 139 97 241 202 215 36 125 128 193 287 168 311 153 149 136 216 109 99 226 281 374 249 150 64 235 282 169 141 115 196 162 147 148 137 283 288 353 147 306 257 136 102 91 341 88 55 219 141 225 68 216 161 210 260 237 323 128 118 181 256 270 135 156 159 253 127 112 275 212 299 198 173 29 140 180 255 171 91 270 165 316 172 271 299 248 276 233 281 118 217 121 36 156 285 114 72 56 278 146 197 27 172 170 56 273 111 56 191 213 159 239 194 250
 265 362 79 195 276 1 206 125 79 268 378 161 161 227 266 400 321 262 218 116 352 110 127 355 379 173 259 169 357 45 348 373 128 277 166 207 384 203 262 39 319 205 260 197 326 49 215 193 242 123 138 201 227 112 139 236 30 254 227 164 33 156 336 233 19 223 53 140 187 49 414 384 311 385 381 403 128 230 222 222 360 251 347 294 314 88 190 237 395 223 215 50 14 339 351 225 208 377 131 279 284 102 167 207 131 134 192 316 373 258 167 277 222 340 160 213 215 80 336 411 424 152 252 300 237 98 368 126 318 237 206 297 203 354 106 296 92 218 401 257 292 110 34 401 203 222 206 225 339 308 221 175 82 316 132 318 221 171 294 221 124 165 333 287 103 365 287 256 402 364 279 155 380 300 138 78 121 198 268 31
 62 158 150 14 117 206 1 222 167 255 310 176 128 245 65 285 116 324 52 286 322 257 294 273 248 37 59 71 161 192 298 193 252 89 52 334 299 38 211 179 142 129 56 111 132 170 354 213 228 186 272 312 45 271 247 367 182 67 203 140 175 252 147 170 212 232 184 81 107 161 314 316 142 240 244 304 267 63 325 201 155 53 305 205 111 132 289 375 345 43 97 157 207 267 250 20 229 273 90 227 82 181 284 348 89 198 271 234 212 54 323 180 85 305 143 255 106 130 260 320 362 237 345 221 180 133 342 252 113 211 46 313 12 227 171 282 200 236 287 119 91 149 197 196 123 295 51 330 269 330 316 257 179 306 264 113 253 127 150 203 178 71 143 94 249 257 267 91 286 276 87 268 190 109 185 171 94 259 257 177
 266 353 88 217 235 125 222 1 70 154 271 72 246 108 286 312 317 139 258 89 235 53 90 256 301 204 256 224 333 84 237 330 34 257 207 113 283 240 164 99 282 144 274 148 303 153 132 81 133 235 54 95 219 70 26 146 108 239 125 101 129 36 307 150 144 108 167 143 142 140 317 276 269 315 306 306 52 272 112 121 361 275 234 208 308 170 75 154 281 257 175 134 139 238 261 241 91 285 136 178 302 214 64 127 137 248 69 222 314 260 107 198 189 225 96 90 169 151 237 311 312 28 138 207 149 97 249 35 327 133 246 174 226 278 214 178 210 101 312 209 310 75 94 395 146 100 249 116 236 184 106 52 194 197 47 320 99 116 239 118 233 155 305 269 50 277 172 225 313 267 263 47 345 278 46 68 136 74 154 126
 219 312 20 160 210 79 167 70 1 193 300 84 177 154 232 323 273 205 196 120 277 92 128 277 304 143 210 158 300 38 271 308 92 220 143 178 306 179 184 43 255 130 222 125 269 90 195 119 166 170 111 163 174 105 93 211 52 199 149 87 68 105 276 155 97 149 107 88 116 75 336 306 245 311 306 324 103 210 181 144 316 218 271 217 265 102 144 217 318 197 147 68 90 261 273 186 135 299 79 201 248 150 130 188 80 184 136 238 302 212 159 200 157 264 82 146 145 82 258 333 347 95 207 221 159 36 293 91 277 159 184 228 168 279 148 221 150 145 324 188 257 33 50 353 129 167 186 185 260 241 175 119 131 243 103 274 151 96 223 143 167 108 273 231 84 288 211 193 324 286 224 114 318 243 63 5 75 136 193 67
 267 320 202 258 191 268 255 154 193 1 121 111 339 48 302 179 298 109 305 233 85 200 230 114 184 259 253 295 286 224 85 256 173 234 270 189 137 287 54 234 228 126 287 144 264 280 214 76 30 355 185 162 225 216 156 210 244 229 54 130 260 141 257 88 286 46 298 202 149 264 174 125 211 207 193 163 191 316 156 57 340 299 82 99 289 279 142 225 129 297 162 257 280 95 132 266 64 150 203 51 314 336 164 215 204 369 118 94 223 263 225 109 178 73 130 74 152 260 97 164 159 132 154 85 78 194 102 177 322 45 296 63 263 167 332 31 340 54 178 165 319 169 236 359 132 110 300 160 91 80 143 122 319 55 182 307 62 136 171 56 350 194 258 245 200 147 20 199 180 126 242 159 281 246 131 193 212 97 3 258
 297 316 305 317 208 378 310 271 300 121 1 218 419 168 338 88 308 209 360 353 66 319 349 39 119 326 285 367 273 335 39 225 293 254 341 303 30 346 118 342 223 195 324 212 263 382 327 191 140 449 304 277 269 335 275 319 351 261 152 222 365 260 249 154 396 164 401 284 222 366 64 8 208 148 131 57 310 369 268 157 341 341 49 106 300 372 260 334 45 349 216 358 389 44 73 314 182 66 288 100 345 432 283 329 288 463 237 77 180 297 343 131 226 61 224 193 208 355 51 49 54 251 258 91 147 292 76 296 339 142 354 140 320 118 427 104 440 173 86 194 347 272 346 347 200 224 360 271 43 150 255 242 418 101 302 320 182 221 175 159 442 267 252 262 319 78 104 228 88 44 263 279 255 257 243 302 299 216 121 364
 210 290 92 174 167 161 176 72 84 111 218 1 235 79 236 247 256 150 220 159 195 123 161 196 233 168 198 198 267 118 188 260 104 193 176 168 224 202 103 125 213 75 222 82 237 170 191 43 84 245 123 143 162 140 90 199 135 178 66 38 150 87 239 81 179 71 188 105 79 154 257 223 200 245 237 245 123 233 153 62 300 227 188 141 247 170 119 210 236 215 109 146 173 180 196 192 60 221 102 119 251 226 122 188 103 259 98 159 244 204 175 129 125 181 34 82 102 150 177 252 264 71 171 143 82 84 212 106 270 76 209 155 182 209 222 140 230 70 248 140 258 59 130 331 78 120 213 158 179 169 142 85 209 164 116 261 82 53 168 60 240 107 238 205 119 211 129 160 248 206 200 107 276 213 29 85 109 84 112 149
 181 268 159 116 242 161 128 246 177 339 419 235 1 314 158 407 228 377 100 272 417 257 283 386 372 99 183 59 282 176 400 320 265 216 82 351 413 98 308 158 269 225 161 208 255 113 365 277 310 72 281 338 171 264 269 383 153 194 287 210 134 281 272 267 155 304 113 138 199 118 433 425 270 366 369 423 272 105 357 283 255 142 405 316 225 79 320 387 449 111 206 121 153 376 367 137 294 392 137 325 172 78 305 357 136 78 311 344 340 175 321 292 201 401 211 313 213 97 370 436 471 270 383 329 276 155 437 264 210 297 94 389 119 350 69 368 101 304 409 240 180 182 173 298 220 341 89 361 377 403 351 294 90 393 274 220 316 205 274 284 63 153 267 220 248 376 355 217 408 390 213 289 314 234 228 179 128 308 340 137
 267 333 166 246 204 227 245 108 154 48 168 79 314 1 299 222 306 85 292 186 128 153 182 159 222 242 254 275 303 183 132 281 126 241 252 147 184 274 81 194 245 122 285 138 277 243 173 38 38 321 137 119 222 168 109 171 204 231 52 108 222 93 274 95 245 15 260 181 139 228 220 172 229 242 230 209 143 305 117 51 349 293 128 131 297 248 98 185 174 286 161 221 239 140 173 259 21 193 180 87 312 302 118 172 181 335 73 134 253 263 179 133 177 118 106 29 151 228 141 211 206 85 122 121 87 162 142 130 326 51 282 76 252 202 299 71 303 10 222 175 319 136 194 374 127 72 286 122 137 91 104 75 283 91 135 313 17 119 191 48 317 178 274 252 153 189 66 205 223 171 249 112 304 257 93 155 187 51 48 220
 42 111 215 74 131 266 65 286 232 302 338 236 158 299 1 297 72 381 60 350 361 322 358 300 256 94 54 109 129 255 333 176 316 87 103 397 323 67 254 242 135 179 16 163 108 227 417 270 278 226 336 375 79 335 310 429 244 78 253 199 235 315 126 216 271 286 238 146 161 220 331 345 142 241 249 323 331 56 387 252 99 18 342 236 70 186 351 438 378 49 141 217 266 297 271 46 285 292 154 267 18 226 348 412 153 235 332 264 208 42 388 212 125 343 203 312 151 188 290 340 390 299 405 254 226 197 381 316 54 260 67 363 65 239 216 327 247 291 300 147 27 213 259 142 173 354 71 391 301 380 377 318 228 351 329 62 309 185 166 255 217 133 121 84 314 275 312 111 299 300 79 331 163 95 247 235 158 319 304 237
 257 251 323 295 171 400 285 312 323 179 88 247 407 222 297 1 252 282 332 399 151 364 398 69 44 310 247 350 207 360 118 153 339 211 326 367 59 321 149 363 168 198 284 211 205 394 392 234 187 449 354 339 241 380 322 388 372 225 188 238 381 310 188 169 416 214 412 283 222 379 39 91 157 69 54 37 358 338 334 192 278 304 131 107 246 375 319 403 129 320 204 371 410 87 52 284 230 30 289 137 300 436 339 393 290 463 294 91 106 258 400 125 207 142 242 250 199 360 83 54 119 298 330 106 167 306 163 342 286 181 329 217 296 60 428 174 447 224 4 168 300 292 371 276 202 288 334 338 91 230 321 295 424 180 350 266 238 231 136 195 442 261 192 215 361 37 168 196 2 56 219 330 182 206 275 325 301 272 180 381
 56 43 258 129 108 321 116 317 273 298 308 256 228 306 72 252 1 390 130 391 342 359 397 270 209 152 64 176 60 302 310 113 349 66 164 422 288 133 245 291 87 187 68 175 49 285 445 283 278 294 369 398 100 374 340 454 295 79 256 220 289 341 67 213 327 292 299 187 178 277 289 314 101 189 200 282 366 126 407 255 46 88 321 214 10 247 373 465 350 118 149 272 322 271 237 99 296 253 196 255 62 292 375 441 196 304 351 239 153 64 422 194 132 325 225 324 157 246 263 300 357 324 421 234 223 239 361 350 35 260 135 359 122 197 282 319 313 299 255 134 58 248 308 81 182 369 140 412 275 377 395 340 293 340 362 15 318 204 136 259 285 167 62 54 352 237 304 101 254 267 58 360 96 53 274 276 204 335 300 291
 350 417 221 323 288 262 324 139 205 109 209 150 377 85 381 282 390 1 369 183 150 162 175 215 291 317 338 346 386 222 171 362 137 325 325 102 233 351 158 237 328 205 367 220 361 290 123 112 117 373 135 82 304 171 124 112 246 315 136 185 267 107 357 179 280 99 305 254 220 277 270 211 312 314 300 261 145 382 65 136 434 374 162 206 381 305 77 127 197 364 244 271 275 196 238 339 97 253 250 159 395 352 105 127 251 386 71 202 330 346 153 213 261 149 182 70 235 285 200 257 230 112 50 193 171 223 154 140 410 134 358 71 330 274 351 109 348 92 281 260 401 197 231 458 210 40 362 67 192 67 56 88 332 110 138 397 73 198 273 132 370 255 357 337 166 253 116 290 283 227 333 111 385 341 150 203 255 70 107 264
 86 170 178 48 162 218 52 258 196 305 360 220 100 292 60 332 130 369 1 312 373 287 321 324 293 55 91 53 185 214 349 227 286 127 55 370 349 20 262 198 179 180 63 161 160 175 389 260 278 167 305 351 93 299 283 403 198 109 253 186 186 290 178 221 220 280 184 118 156 171 363 367 183 283 288 353 299 14 365 250 158 43 356 255 127 134 329 411 397 14 148 169 216 318 299 49 276 322 124 278 74 168 321 383 123 176 313 284 252 81 354 231 136 356 189 301 157 139 311 369 413 276 387 272 231 163 393 286 112 261 13 362 43 273 158 332 190 284 334 169 83 184 216 201 174 338 14 370 320 379 357 297 172 357 297 121 299 174 197 252 158 115 173 128 279 306 318 138 334 326 121 304 218 141 226 200 124 303 307 189
 338 430 137 278 319 116 286 89 120 233 353 159 272 186 350 399 391 183 312 1 310 37 13 341 390 260 328 269 414 100 317 415 62 336 258 101 367 295 251 117 366 230 341 231 383 161 103 167 216 238 51 106 292 20 79 126 121 315 212 185 139 94 389 239 128 190 167 207 224 156 403 357 354 403 395 391 44 325 127 208 434 337 312 296 383 195 107 124 357 314 257 153 127 322 348 305 173 372 198 264 367 217 79 95 199 248 123 309 402 331 53 287 269 302 180 162 252 181 322 395 389 103 157 294 238 155 320 58 397 220 300 239 287 366 220 254 204 181 399 294 376 144 101 471 231 147 301 129 320 243 131 113 196 269 52 392 173 199 325 205 239 225 387 347 42 364 251 306 400 352 340 77 429 358 132 117 193 140 233 136
 322 356 286 327 236 352 322 235 277 85 66 195 417 128 361 151 342 150 373 310 1 279 304 88 176 331 309 370 316 308 36 274 251 282 345 248 94 357 112 318 261 196 346 215 301 364 271 160 112 437 260 224 286 293 234 261 328 284 133 210 344 218 289 153 370 130 382 280 222 348 129 66 245 203 187 122 267 383 212 137 379 361 23 128 333 361 209 276 49 363 226 340 364 77 122 330 146 126 282 96 370 419 235 274 283 451 189 104 231 320 293 150 239 18 211 149 217 342 85 114 82 212 198 109 144 277 21 255 370 123 365 80 331 168 415 58 423 136 149 215 373 253 320 391 202 171 370 214 72 87 200 198 402 43 259 353 138 214 207 137 432 268 291 291 280 133 67 251 151 99 291 233 302 289 215 278 292 171 85 343
 307 397 110 250 284 110 257 53 92 200 319 123 257 153 322 364 359 162 287 37 279 1 40 306 354 234 297 247 380 82 284 379 28 302 234 98 333 269 216 100 330 194 311 196 350 150 109 131 182 231 29 93 260 18 46 128 106 283 176 150 126 62 354 202 126 156 160 177 189 141 368 324 318 367 358 356 19 300 114 172 403 309 280 260 351 179 86 131 326 287 222 137 123 288 312 276 139 336 169 229 339 210 60 101 170 243 95 274 366 300 68 251 235 270 144 131 217 162 287 360 358 69 144 258 201 126 291 25 366 184 275 211 259 330 212 223 201 147 364 258 347 112 86 438 195 123 276 117 286 218 115 83 189 239 25 361 142 164 289 169 231 194 352 314 10 328 218 272 365 317 307 51 394 324 96 88 165 110 200 123
 344 435 145 286 323 127 294 90 128 230 349 161 283 182 358 398 397 175 321 13 304 40 1 339 390 269 335 278 419 110 313 418 60 341 267 90 364 304 250 128 369 233 348 235 388 172 91 165 214 249 46 97 298 24 77 114 131 321 211 188 150 90 393 239 140 187 179 214 228 166 400 354 357 404 395 389 41 334 117 207 441 345 308 296 389 206 99 112 352 322 261 164 139 320 347 313 170 370 205 262 375 229 72 83 206 260 117 308 404 338 41 288 274 297 183 157 256 191 320 392 385 101 147 293 238 162 315 57 404 218 309 232 295 367 232 250 216 178 398 297 384 150 111 477 234 140 310 119 317 236 122 108 208 263 49 399 169 203 328 204 250 232 391 352 46 363 247 311 399 350 346 72 433 363 134 124 201 135 229 147
 259 278 280 282 170 355 273 256 277 114 39 196 386 159 300 69 270 215 324 341 88 306 339 1 88 291 247 332 236 313 54 190 280 216 307 302 30 310 94 318 185 164 286 180 225 355 327 176 126 419 294 275 232 322 263 321 328 223 133 195 340 250 211 126 372 152 374 253 190 340 63 46 170 116 100 51 299 332 268 137 303 304 66 71 262 343 255 336 82 313 181 332 366 20 36 278 170 40 257 79 306 403 276 328 258 433 230 43 145 259 337 95 190 77 198 186 174 326 20 57 91 239 263 58 120 266 104 284 301 124 318 150 284 83 397 106 412 162 67 156 309 247 325 310 169 223 324 272 24 163 255 233 389 113 291 282 174 192 136 139 412 234 214 223 305 45 101 191 69 14 225 269 219 218 223 279 269 209 115 339
 216 208 301 259 133 379 248 301 304 184 119 233 372 222 256 44 209 291 293 390 176 354 390 88 1 275 206 315 164 341 141 111 331 170 291 368 92 284 144 342 125 175 243 185 162 368 394 227 185 418 347 341 204 371 314 392 350 186 181 218 358 304 145 153 394 212 387 254 195 353 82 124 115 29 13 77 350 299 338 185 235 264 154 95 203 346 318 406 163 281 173 346 388 102 56 246 227 54 261 137 258 406 335 393 262 431 293 91 64 218 396 105 174 164 222 250 170 333 96 95 159 291 337 102 153 283 191 334 243 176 291 232 258 26 398 186 419 222 47 134 258 271 352 234 177 292 297 342 107 246 325 291 396 197 342 223 239 209 99 188 410 231 149 174 350 44 177 158 45 79 178 325 140 164 261 306 273 271 186 358
 98 194 125 24 145 173 37 204 143 259 326 168 99 242 94 310 152 317 55 260 331 234 269 291 275 1 95 42 197 163 311 228 232 123 18 316 318 37 220 149 175 136 88 118 168 135 335 208 231 152 252 297 75 247 229 349 151 100 206 135 141 236 182 179 178 230 148 65 111 127 337 333 174 269 271 326 245 69 311 203 189 79 316 221 147 96 275 357 359 55 111 124 173 283 271 54 225 295 70 237 111 145 267 329 69 164 259 250 244 90 301 197 104 315 137 249 119 96 276 341 379 222 334 236 188 110 351 232 146 215 43 314 31 252 136 287 164 233 312 143 120 130 167 230 130 285 46 316 285 330 303 243 143 312 244 148 248 125 177 205 143 66 178 130 226 280 273 119 311 295 122 250 226 144 172 146 70 250 260 144
 14 104 196 72 79 259 59 256 210 253 285 198 183 254 54 247 64 338 91 328 309 297 335 247 206 95 1 127 103 239 281 138 287 37 110 363 270 86 204 229 89 134 39 119 74 226 385 229 230 244 308 339 38 312 279 395 233 26 206 161 228 281 90 167 267 241 241 124 120 216 279 292 94 193 200 271 304 94 349 206 107 59 290 183 56 189 315 406 325 78 95 212 261 245 219 47 242 240 133 216 62 239 315 381 133 255 294 211 162 13 361 160 78 292 166 270 104 186 237 287 337 265 366 202 177 176 329 288 74 213 92 315 67 188 229 277 258 247 249 95 66 186 246 144 128 314 97 354 248 332 339 282 237 301 300 65 265 146 114 208 235 104 85 38 289 223 262 59 248 247 31 299 133 52 214 214 141 279 255 230
 126 217 139 58 185 169 71 224 158 295 367 198 59 275 109 350 176 346 53 269 370 247 278 332 315 42 127 1 227 169 350 263 249 159 27 335 359 44 259 153 211 175 109 157 199 124 352 240 267 119 267 318 113 257 249 368 152 137 242 169 137 258 216 218 169 264 133 95 149 121 378 373 212 308 311 367 260 63 334 239 207 92 356 262 172 83 297 374 399 61 152 121 166 323 312 81 257 337 97 276 125 118 286 345 96 130 284 291 282 119 313 238 145 354 170 279 160 91 317 382 419 245 358 277 227 128 390 248 162 252 43 349 61 293 107 324 139 266 352 183 134 153 170 250 170 312 40 339 325 364 327 268 120 349 259 169 280 160 217 240 110 103 211 163 238 321 310 159 352 336 156 270 258 177 198 161 92 277 297 140
 102 45 288 174 101 357 161 333 300 286 273 267 282 303 129 207 60 386 185 414 316 380 419 236 164 197 103 227 1 333 282 58 366 81 212 432 250 185 232 325 59 193 122 186 32 327 456 287 270 345 386 406 131 396 355 463 330 104 251 233 327 353 30 208 366 289 342 218 193 316 245 279 75 140 154 240 384 183 412 252 73 144 294 192 60 291 381 474 317 172 160 311 361 241 201 147 296 213 228 238 121 341 387 453 228 356 358 213 103 109 440 177 146 300 239 325 166 286 233 258 319 336 423 211 216 268 334 368 92 253 189 346 169 157 331 302 360 298 210 130 117 272 340 76 190 370 194 417 246 363 400 348 339 322 379 73 317 218 116 256 336 195 30 71 374 198 288 109 208 231 79 373 36 59 289 303 237 339 288 329
 247 342 46 182 246 45 192 84 38 224 335 118 176 183 255 360 302 222 214 100 308 82 110 313 341 163 239 169 333 1 304 343 93 252 160 177 341 197 220 19 290 168 247 162 301 72 190 149 199 154 107 168 205 90 101 209 26 230 183 124 47 117 310 192 63 179 85 116 152 61 373 340 281 348 343 361 98 227 187 179 344 241 303 254 295 98 153 212 351 216 183 57 58 297 310 211 164 336 107 236 272 133 133 182 107 167 151 275 339 240 147 238 192 296 120 170 181 82 294 369 380 111 216 258 196 66 324 91 304 193 201 254 191 316 134 252 128 174 361 224 281 71 13 383 166 182 202 191 296 265 184 135 112 273 100 302 177 134 260 177 153 139 307 263 73 325 243 228 361 322 255 119 352 275 94 36 100 156 225 45
 293 323 277 304 206 348 298 237 271 85 39 188 400 132 333 118 310 171 349 317 36 284 313 54 141 311 281 350 282 304 1 239 257 252 325 265 63 334 93 312 228 176 318 194 268 355 289 158 107 425 268 239 260 299 239 281 322 256 123 196 337 224 256 134 366 130 373 263 203 339 100 42 213 169 152 91 274 359 229 127 347 334 14 98 302 349 222 296 50 339 203 331 360 42 87 305 147 92 266 76 341 408 246 291 267 439 199 72 196 292 306 122 215 25 198 157 194 330 50 87 77 216 220 80 125 266 53 261 340 113 342 103 308 133 403 66 414 138 116 187 344 244 316 357 182 186 347 233 38 114 217 205 392 64 266 322 145 198 175 128 419 249 259 261 284 98 67 223 118 65 261 242 268 258 211 272 277 179 85 336
 142 101 299 206 98 373 193 330 308 256 225 260 320 281 176 153 113 362 227 415 274 379 418 190 111 228 138 263 58 343 239 1 362 105 243 420 200 223 205 338 55 186 166 185 69 348 445 272 246 378 381 392 155 396 349 448 344 129 231 231 345 344 50 190 384 268 365 234 194 336 191 231 63 85 100 187 381 227 395 233 129 188 252 159 110 317 368 461 269 214 161 330 378 198 154 183 278 162 243 207 172 371 378 442 243 390 343 173 48 147 434 150 152 259 236 306 165 309 190 205 268 328 402 175 196 278 291 364 147 231 228 314 202 108 362 268 389 278 156 122 169 277 352 124 185 351 234 400 203 331 383 336 366 285 375 127 296 217 93 236 370 209 55 101 374 149 256 118 154 183 108 365 30 86 285 311 254 323 258 346
 298 385 111 246 268 128 252 34 92 173 293 104 265 126 316 339 349 137 286 62 251 28 60 280 331 232 287 249 366 93 257 362 1 290 234 87 307 268 191 111 315 177 305 181 336 164 104 106 156 246 22 75 251 43 19 120 119 271 152 134 140 35 340 181 146 130 176 172 175 153 342 297 302 345 336 331 20 299 95 148 393 305 253 237 341 188 63 126 298 285 207 148 142 262 288 271 112 311 164 204 333 225 41 98 165 258 69 249 346 292 75 229 222 243 128 103 201 170 262 334 330 43 124 234 179 124 263 5 358 159 274 184 255 308 226 195 218 121 339 242 341 105 100 427 179 98 276 99 260 191 93 56 204 211 14 352 114 149 271 145 245 186 338 301 31 304 191 258 340 292 295 28 378 311 78 89 163 82 173 137
 46 97 208 102 47 277 89 257 220 234 254 193 216 241 87 211 66 325 127 336 282 302 341 216 170 123 37 159 81 252 252 105 290 1 139 360 238 121 182 244 54 123 74 112 50 248 384 219 213 274 310 335 52 318 279 392 249 25 191 158 247 279 61 149 287 227 264 138 117 237 245 261 58 157 164 236 307 130 343 191 110 95 262 155 57 214 310 403 295 114 85 231 281 215 186 81 231 206 147 192 92 268 314 380 147 286 288 182 127 49 363 133 70 265 163 260 93 208 207 253 305 263 357 174 158 187 302 291 90 195 127 295 99 153 258 255 286 234 214 70 94 192 260 139 118 304 132 348 218 313 332 277 263 278 303 74 253 143 81 194 265 115 57 13 295 189 240 36 213 215 10 298 105 24 213 224 157 271 236 249
 111 206 125 38 162 166 52 207 143 270 341 176 82 252 103 326 164 325 55 258 345 234 267 307 291 18 110 27 212 160 325 243 234 139 1 319 334 39 234 145 191 150 99 132 183 125 337 217 242 136 253 300 91 245 232 352 145 116 218 145 134 240 198 193 169 241 137 72 124 119 353 348 190 285 288 342 246 68 316 215 199 86 330 237 159 85 279 359 374 58 127 116 165 298 287 66 234 312 76 251 120 130 270 330 75 147 265 266 260 104 300 213 120 328 146 257 134 87 292 356 394 226 339 251 202 111 364 233 155 227 43 325 44 269 121 299 150 243 328 159 129 134 162 242 144 292 43 321 300 341 308 249 129 324 245 159 257 136 193 216 127 78 193 145 225 296 285 136 327 311 137 253 241 159 178 146 73 257 272 136
 375 456 197 329 332 207 334 113 178 189 303 168 351 147 397 367 422 102 370 101 248 98 90 302 368 316 363 335 432 177 265 420 87 360 319 1 323 352 226 196 377 240 385 249 404 247 27 149 184 328 71 29 327 97 88 34 202 345 192 204 223 83 404 231 222 158 257 254 245 238 361 306 363 388 376 351 81 384 38 189 467 386 257 276 414 274 53 43 296 369 276 233 220 283 319 352 144 338 247 233 413 307 50 27 248 340 78 280 396 369 57 275 292 245 199 120 268 256 285 350 329 99 62 268 226 208 254 89 435 195 358 170 337 348 309 200 298 147 366 304 420 187 183 498 244 80 360 36 279 168 49 85 286 207 79 427 131 219 327 186 328 265 403 372 106 334 202 326 368 314 367 67 439 380 151 175 247 99 188 220
 282 293 309 308 193 384 299 283 306 137 30 224 413 184 323 59 288 233 349 367 94 333 364 30 92 318 270 359 250 341 63 200 307 238 334 323 1 336 123 347 202 192 309 208 242 384 348 203 152 447 319 297 257 349 289 342 356 247 160 224 369 275 227 154 401 178 403 281 218 368 39 33 189 120 104 29 325 357 289 165 319 327 75 99 281 371 278 356 72 338 208 361 395 46 53 302 195 39 286 107 328 432 300 349 286 461 254 71 154 282 361 123 217 87 227 210 201 355 48 29 70 265 281 87 149 295 105 310 320 151 344 165 310 94 426 125 441 187 57 181 330 276 353 322 197 244 349 292 48 176 276 258 418 126 316 301 198 221 158 167 441 262 230 244 331 53 122 215 59 24 246 294 230 238 251 307 297 233 138 368
 84 174 160 31 152 203 38 240 179 287 346 202 98 274 67 321 133 351 20 295 357 269 304 310 284 37 86 44 185 197 334 223 268 121 39 352 336 1 246 182 174 163 66 144 158 162 370 241 260 162 287 332 81 282 265 385 183 100 235 168 172 272 175 205 206 262 173 100 139 156 351 353 176 274 279 341 281 33 347 233 165 50 341 241 129 121 310 392 382 20 132 154 202 303 286 41 258 310 106 262 83 160 303 364 105 172 294 270 246 78 336 217 121 340 170 282 141 125 297 357 399 257 369 257 214 145 377 267 120 244 9 345 27 263 150 315 181 265 324 156 92 166 200 208 157 320 14 351 306 361 338 279 162 340 279 126 281 156 187 235 153 97 170 124 261 294 301 127 323 313 116 286 217 138 207 182 106 284 289 174
 217 267 189 216 139 262 211 164 184 54 118 103 308 81 254 149 245 158 262 251 112 216 250 94 144 220 204 259 232 220 93 205 191 182 234 226 123 246 1 226 174 85 239 104 210 265 252 86 44 333 206 198 177 232 174 251 235 179 40 105 248 163 204 42 280 69 284 171 111 249 155 124 158 163 151 143 210 273 197 44 287 252 98 51 236 257 176 265 143 253 116 242 273 78 98 221 84 122 174 19 264 316 193 251 174 347 150 59 174 214 253 57 130 95 107 108 106 239 75 150 167 150 200 44 33 176 132 194 270 33 254 115 221 123 311 75 323 80 149 113 269 155 231 306 91 151 259 201 77 133 184 149 301 98 202 255 97 106 118 47 327 157 205 192 213 114 60 148 150 104 190 183 229 194 129 186 184 128 56 247
 236 332 41 169 241 39 179 99 43 234 342 125 158 194 242 363 291 237 198 117 318 100 128 318 342 149 229 153 325 19 312 338 111 244 145 196 347 182 226 1 284 168 234 160 293 54 208 159 207 137 125 185 195 108 118 227 11 221 190 126 30 133 303 196 55 190 69 107 150 43 377 347 276 348 343 365 116 211 205 186 332 227 312 257 284 80 170 230 360 201 179 38 49 302 313 198 175 339 98 242 259 116 151 200 98 150 167 279 336 229 165 239 187 305 122 183 178 65 299 374 388 126 233 262 200 61 334 109 291 201 186 267 178 317 116 262 112 185 364 221 268 72 19 372 166 198 186 209 302 279 202 150 96 284 118 290 190 134 257 185 135 131 299 254 92 327 252 221 364 327 247 137 346 267 104 41 89 171 234 28
 96 96 246 154 48 319 142 282 255 228 223 213 269 245 135 168 87 328 179 366 261 330 369 185 125 175 89 211 59 290 228 55 315 54 191 377 202 174 174 284 1 139 123 135 41 294 402 231 212 326 334 351 101 347 302 407 291 76 194 182 291 299 31 151 330 231 311 180 143 282 203 229 18 108 117 197 333 182 356 195 120 145 240 136 80 263 326 419 266 166 110 276 324 188 151 134 239 167 189 180 134 318 334 399 189 337 302 158 75 100 387 120 99 245 188 268 115 255 180 214 272 283 365 154 159 225 280 316 120 196 179 288 151 111 309 245 335 240 170 74 134 225 299 133 137 314 185 360 192 306 343 293 313 265 328 100 259 168 58 198 317 155 32 53 325 151 231 64 169 181 59 319 65 41 237 259 200 283 230 292
 146 218 127 133 93 205 129 144 130 126 195 75 225 122 179 198 187 205 180 230 196 194 233 164 175 136 134 175 193 168 176 186 177 123 150 240 192 163 85 168 139 1 165 20 164 196 265 98 100 256 196 215 101 211 164 271 176 111 75 47 184 161 165 44 220 108 215 90 28 181 217 202 126 182 177 206 196 191 222 74 231 175 181 95 178 180 190 283 225 172 40 174 214 152 151 141 110 177 95 102 192 241 196 261 95 270 167 122 174 142 249 74 57 179 52 138 31 164 147 217 247 145 235 106 53 109 216 179 206 83 171 185 138 150 235 153 251 114 200 66 198 98 178 259 7 183 176 227 153 203 210 157 228 178 190 194 133 35 96 77 249 74 164 135 189 164 139 88 200 170 130 181 202 141 100 133 106 149 128 184
 28 109 205 66 117 260 56 274 222 287 324 222 161 285 16 284 68 367 63 341 346 311 348 286 243 88 39 109 122 247 318 166 305 74 99 385 309 66 239 234 123 165 1 148 99 222 406 257 263 227 325 362 64 326 299 417 237 64 239 186 229 303 117 201 266 271 235 135 147 215 317 330 130 229 236 309 320 62 374 238 102 23 327 221 65 183 338 427 363 51 126 211 261 283 257 37 271 278 144 252 29 225 336 400 143 237 319 249 196 27 377 197 111 328 190 299 136 183 275 325 375 287 392 239 211 187 366 305 58 246 68 348 58 225 215 312 246 277 287 132 37 202 252 144 159 341 73 379 286 366 364 305 227 336 318 62 295 171 152 240 218 121 112 71 304 261 297 96 285 286 66 320 156 83 235 225 149 305 289 231
 132 208 120 115 89 197 111 148 125 144 212 82 208 138 163 211 175 220 161 231 215 196 235 180 185 118 119 157 186 162 194 185 181 112 132 249 208 144 104 160 135 20 148 1 157 184 273 111 118 241 201 224 85 213 169 281 168 98 93 48 174 168 160 62 211 124 203 74 12 170 232 219 123 189 185 220 199 173 233 91 220 157 200 111 166 166 199 292 243 153 28 162 205 169 165 123 124 191 79 120 176 227 203 269 80 255 177 138 178 127 254 88 44 198 53 152 22 151 163 233 264 152 248 123 72 100 234 182 192 101 153 203 120 160 220 172 238 130 212 64 182 94 172 250 14 196 157 238 170 220 222 166 214 196 194 181 148 33 99 94 234 56 158 124 190 177 157 78 212 186 119 188 199 132 104 128 91 161 146 174
 75 58 257 145 75 326 132 303 269 264 263 237 255 277 108 205 49 361 160 383 301 350 388 225 162 168 74 199 32 301 268 69 336 50 183 404 242 158 210 293 41 164 99 157 1 296 428 259 246 317 356 378 100 366 325 435 298 73 226 204 296 324 20 183 335 263 311 187 162 285 242 269 57 142 153 235 354 160 384 227 80 121 279 174 43 261 353 446 306 147 130 280 329 228 191 119 270 207 197 218 104 312 358 424 196 328 330 197 105 81 410 157 116 284 209 298 137 256 220 253 311 307 396 193 192 236 320 337 82 229 163 325 140 150 302 282 331 272 208 103 101 241 309 98 161 344 168 389 232 342 373 320 309 303 349 62 291 188 96 230 308 164 15 40 343 191 268 79 206 221 48 343 60 27 259 272 206 312 266 298
 231 327 79 158 254 49 170 153 90 280 382 170 113 243 227 394 285 290 175 161 364 150 172 355 368 135 226 124 327 72 355 348 164 248 125 247 384 162 265 54 294 196 222 184 296 1 258 207 252 84 177 238 197 155 171 278 46 224 233 161 25 187 308 231 46 237 20 117 174 17 412 388 289 370 368 400 167 187 258 229 323 210 356 290 280 43 224 280 403 181 198 24 43 341 346 188 223 372 109 282 244 63 204 250 109 97 221 314 354 223 211 270 201 350 159 234 200 41 337 410 430 179 287 298 236 90 381 162 279 244 164 317 165 343 63 309 61 234 395 240 253 112 65 364 193 251 163 262 341 329 255 203 42 331 170 282 240 165 277 228 82 142 304 257 142 359 298 232 395 363 249 190 352 271 152 90 97 223 281 28
 397 480 214 349 356 215 354 132 195 214 327 191 365 173 417 392 445 123 389 103 271 109 91 327 394 335 385 352 456 190 289 445 104 384 337 27 348 370 252 208 402 265 406 273 428 258 1 174 210 337 85 54 349 104 108 24 214 367 217 227 234 106 429 256 229 183 266 274 268 249 386 330 387 413 402 375 93 402 61 215 490 406 281 302 437 287 78 24 319 388 300 245 227 308 344 372 170 363 267 259 434 316 71 9 268 348 103 305 421 391 52 301 315 269 222 145 292 270 310 374 352 122 79 293 251 226 276 104 457 221 377 193 357 374 319 225 305 173 392 328 441 206 194 522 268 105 378 58 304 190 73 109 295 230 93 449 157 242 352 211 338 286 428 396 117 360 227 350 393 339 390 87 464 404 173 192 266 125 213 231
 241 314 130 213 186 193 213 81 119 76 191 43 277 38 270 234 283 112 260 167 160 131 165 176 227 208 229 240 287 149 158 272 106 219 217 149 203 241 86 159 231 98 257 111 259 207 174 1 53 285 121 122 194 148 89 178 169 207 47 75 186 78 258 83 211 31 225 146 110 192 238 196 215 244 233 226 125 272 126 44 328 264 156 133 274 211 97 190 203 254 136 185 206 158 183 229 18 206 144 99 285 266 110 172 145 299 72 144 249 236 170 129 152 148 72 43 127 191 157 231 234 65 139 129 78 125 176 109 301 54 249 113 220 205 262 104 267 28 234 158 291 99 161 355 102 86 253 131 156 128 114 66 247 125 117 290 41 87 179 40 281 145 258 231 130 199 95 184 235 187 226 99 292 237 57 119 150 53 76 185
 243 303 174 231 173 242 228 133 166 30 140 84 310 38 278 187 278 117 278 216 112 182 214 126 185 231 230 267 270 199 107 246 156 213 242 184 152 260 44 207 212 100 263 118 246 252 210 53 1 326 169 156 200 198 138 209 217 206 26 101 233 125 242 65 260 28 271 174 122 237 187 145 196 205 193 176 174 289 154 29 320 274 106 94 269 251 134 223 153 270 138 229 254 107 137 240 45 158 174 51 290 308 153 209 175 341 109 98 216 240 214 97 154 99 101 66 128 231 107 180 183 114 158 85 56 166 130 159 300 19 268 86 236 165 304 59 312 38 186 145 295 141 210 343 106 109 273 159 105 104 141 109 291 83 166 286 54 108 157 28 321 166 242 224 181 153 47 178 188 137 221 145 269 227 106 167 183 87 31 232
 244 335 156 173 293 123 186 235 170 355 449 245 72 321 226 449 294 373 167 238 437 231 249 419 418 152 244 119 345 154 425 378 246 274 136 328 447 162 333 137 326 256 227 241 317 84 337 285 326 1 259 320 225 234 254 358 129 251 305 230 108 269 332 295 111 314 72 168 230 97 471 455 324 416 416 460 248 174 341 301 324 209 428 350 291 77 306 359 474 178 247 103 112 406 405 199 302 431 163 351 241 22 286 329 162 15 303 377 393 237 289 328 245 422 228 315 251 96 401 472 499 262 369 361 302 162 455 244 279 316 160 396 178 394 23 384 38 312 451 285 249 187 147 367 251 334 156 344 407 409 338 286 43 407 252 287 320 229 322 301 10 189 328 280 223 416 372 268 450 425 272 272 376 294 230 171 151 305 356 111
 318 406 130 266 288 138 272 54 111 185 304 123 281 137 336 354 369 135 305 51 260 29 46 294 347 252 308 267 386 107 268 381 22 310 253 71 319 287 206 125 334 196 325 201 356 177 85 121 169 259 1 65 271 36 34 103 132 292 168 154 153 45 360 198 155 143 188 192 195 167 355 308 321 363 353 344 12 319 86 164 414 325 263 253 361 204 59 108 307 305 228 163 151 275 303 291 125 326 184 218 353 238 32 78 185 270 73 264 364 312 54 246 242 252 149 112 221 186 276 347 340 57 116 249 196 143 270 21 379 174 293 189 275 325 239 205 229 133 354 261 361 125 113 448 198 98 295 89 273 194 87 63 217 219 9 372 124 169 290 161 258 206 358 322 37 319 202 278 355 306 316 27 398 331 98 108 183 90 184 150
 351 431 182 308 306 201 312 95 163 162 277 143 338 119 375 339 398 82 351 106 224 93 97 275 341 297 339 318 406 168 239 392 75 335 300 29 297 332 198 185 351 215 362 224 378 238 54 122 156 320 65 1 303 97 71 58 193 320 164 179 214 62 378 203 218 130 250 234 221 227 334 280 336 360 348 324 75 364 22 162 443 365 231 248 389 261 26 70 272 349 251 222 214 255 291 330 116 310 228 205 390 299 35 54 229 332 50 252 368 346 73 247 267 220 175 92 243 243 258 323 305 77 52 240 198 191 230 78 412 167 339 146 316 320 300 174 292 119 339 278 398 168 175 473 218 54 341 25 252 147 27 59 278 182 70 403 103 195 300 158 319 243 377 347 100 307 175 301 340 287 342 50 412 355 128 160 229 71 161 211
 49 139 161 56 73 227 45 219 174 225 269 162 171 222 79 241 100 304 93 292 286 260 298 232 204 75 38 113 131 205 260 155 251 52 91 327 257 81 177 195 101 101 64 85 100 197 349 194 200 225 271 303 1 276 242 359 200 28 175 125 197 244 112 138 236 208 213 89 85 186 271 276 100 196 200 261 267 101 313 174 144 76 268 165 92 164 279 369 306 81 63 181 231 227 207 46 209 230 99 191 92 218 279 344 98 237 258 193 170 44 324 140 48 269 129 236 73 157 220 277 322 228 331 182 148 141 306 251 110 182 89 285 55 183 208 250 235 214 244 77 98 149 212 180 96 279 94 318 230 302 303 246 213 274 263 102 232 110 106 177 217 68 108 61 253 214 235 47 243 234 53 263 156 74 177 178 108 244 227 199
 322 413 123 264 301 112 271 70 105 216 335 140 264 168 335 380 374 171 299 20 293 18 24 322 371 247 312 257 396 90 299 396 43 318 245 97 349 282 232 108 347 211 326 213 366 155 104 148 198 234 36 97 276 1 61 125 112 298 193 166 132 76 371 220 126 172 163 191 205 148 384 339 335 384 376 373 27 312 119 189 418 322 295 277 366 187 94 126 340 300 239 145 124 304 329 290 154 353 183 245 352 213 67 96 183 245 107 290 383 315 58 268 251 285 161 145 234 171 304 377 372 85 149 275 219 140 304 40 381 201 287 223 272 347 216 237 202 163 381 275 361 127 92 454 212 134 288 121 302 229 121 96 192 252 35 376 156 181 306 186 235 209 369 330 24 345 233 288 381 334 323 62 411 340 113 101 179 123 215 129
 290 375 112 242 256 139 247 26 93 156 275 90 269 109 310 322 340 124 283 79 234 46 77 263 314 229 279 249 355 101 239 349 19 279 232 88 289 265 174 118 302 164 299 169 325 171 108 89 138 254 34 71 242 61 1 121 126 262 135 122 147 19 328 165 157 112 185 167 164 159 325 280 289 329 320 313 37 296 89 131 384 299 235 220 331 192 53 129 281 281 196 154 153 244 271 265 95 294 160 186 326 233 39 103 161 267 54 232 331 284 86 213 211 225 117 86 190 173 244 317 313 25 117 217 163 121 246 22 351 142 271 167 250 292 233 178 227 103 322 229 334 100 109 417 166 84 273 93 242 175 85 39 212 194 29 343 97 138 257 128 252 179 326 291 47 287 173 247 323 274 285 23 365 300 67 91 160 65 155 144
 407 488 230 362 362 236 367 146 211 210 319 199 383 171 429 388 454 112 403 126 261 128 114 321 392 349 395 368 463 209 281 448 120 392 352 34 342 385 251 227 407 271 417 281 435 278 24 178 209 358 103 58 359 125 121 1 233 377 219 236 254 116 435 259 251 183 287 287 277 269 379 322 392 413 400 369 112 417 55 217 499 419 272 301 446 305 82 16 308 402 307 264 248 302 341 384 171 359 281 257 445 337 83 32 281 369 106 303 423 401 75 302 323 260 231 145 299 288 306 367 341 132 64 291 253 241 264 121 468 221 391 182 370 372 339 217 326 173 387 334 453 220 214 529 275 101 393 51 299 177 68 116 316 220 110 459 155 251 356 213 358 298 434 404 137 356 221 357 388 334 398 100 468 411 183 208 280 126 208 251
 240 336 50 171 247 30 182 108 52 244 351 135 153 204 244 372 295 246 198 121 328 106 131 328 350 151 233 152 330 26 322 344 119 249 145 202 356 183 235 11 291 176 237 168 298 46 214 169 217 129 132 193 200 112 126 233 1 226 200 135 22 142 308 205 46 200 60 112 157 37 386 357 282 356 351 375 122 211 213 196 336 229 322 266 288 76 178 236 370 202 186 34 39 312 322 201 185 348 103 252 261 108 159 206 103 141 176 288 344 233 169 248 193 315 131 193 186 62 309 383 398 135 241 272 209 68 344 116 294 211 186 277 180 325 108 272 103 195 373 228 270 82 21 375 174 207 186 216 311 288 210 159 87 293 125 294 200 142 265 195 128 137 305 259 98 336 262 227 373 336 252 144 352 272 113 51 93 180 244 19
