NAME : domp220p110v9
COMMENT : (Deleplanque et al.) 
TYPE : DOMP
DIMENSION : 220
DISPLAY_DATA_TYPE: NO_DISPLAY
OPEN_FACILITIES : 110
COST_SECTION
 1 332 175 401 229 116 109 310 131 285 248 209 228 218 328 124 169 341 70 53 80 167 331 265 228 391 141 344 275 247 390 165 126 219 408 113 400 392 253 73 331 135 347 376 241 126 153 75 387 353 372 155 145 333 417 108 385 156 249 277 288 403 331 277 271 239 170 202 82 380 223 329 324 133 152 262 240 379 436 290 17 175 130 143 32 363 230 231 306 232 188 336 133 103 286 370 154 263 359 188 311 261 338 300 357 131 232 138 273 276 348 320 274 371 177 183 331 153 401 250 335 58 336 360 84 307 114 99 154 438 219 344 220 322 87 161 164 96 235 325 377 110 114 250 270 147 143 318 228 93 379 259 180 235 128 310 353 257 267 203 167 335 145 67 89 304 223 263 217 355 157 258 281 112 264 283 363 117 180 133 382 210 174 118 63 149 73 374 307 156 205 371 263 240 311 254 277 311 242 341 204 366 128 186 202 157 235 202 338 145 286 122 123 232 225 241 354 157 188 222
 332 1 184 94 227 284 226 108 229 235 149 363 116 117 75 217 179 235 289 296 253 243 40 264 265 247 257 75 120 168 76 195 319 340 192 349 184 113 110 311 261 300 56 240 98 284 180 258 96 132 121 203 235 161 273 251 126 214 131 233 177 85 306 244 82 150 179 176 251 199 356 223 216 323 289 73 156 51 223 69 331 310 224 195 308 210 208 170 265 103 168 138 306 233 296 246 197 404 44 202 116 271 212 308 195 336 274 218 73 81 252 122 279 66 274 203 253 237 125 83 67 310 165 83 271 59 316 265 208 239 116 96 249 189 319 229 210 272 370 218 160 246 331 146 99 188 331 156 115 272 53 80 280 162 309 174 123 404 156 131 255 75 220 305 325 187 402 200 257 266 212 138 188 221 259 110 34 258 379 263 207 207 179 316 283 187 269 115 40 349 321 42 310 228 151 79 93 295 375 54 279 143 215 150 339 177 195 183 53 236 81 277 322 102 278 113 30 228 260 156
 175 184 1 234 223 189 101 214 49 269 182 302 69 101 212 112 17 306 116 128 108 189 199 273 250 344 74 175 101 196 255 12 226 293 326 241 316 276 84 189 314 117 182 331 124 196 63 110 264 260 199 22 52 260 374 74 278 150 76 262 236 240 340 269 157 174 121 30 101 312 305 291 284 140 217 115 66 234 358 172 180 247 133 45 162 307 210 183 301 88 17 250 123 78 306 330 125 356 199 169 137 275 291 322 295 153 258 40 152 162 320 230 288 206 222 165 310 55 287 108 168 136 265 241 152 185 133 158 140 368 76 235 233 268 204 171 27 163 321 286 290 144 148 182 169 86 244 246 124 161 236 135 229 62 218 251 179 353 94 93 199 166 145 180 144 253 333 230 237 332 148 184 238 87 269 110 209 164 296 181 318 59 10 133 115 50 138 201 150 263 272 216 300 233 238 116 172 321 327 213 243 274 115 51 283 84 205 165 174 53 175 94 226 109 256 143 199 166 219 48
 401 94 234 1 319 368 301 198 282 327 242 454 174 197 161 296 235 322 348 358 324 333 127 357 358 326 300 60 140 261 121 245 405 432 260 433 254 172 151 391 350 341 55 322 184 370 251 328 154 211 66 255 281 246 350 306 192 301 163 325 269 22 397 336 174 242 264 216 320 277 448 311 304 364 377 146 182 88 287 162 402 400 306 259 381 292 301 263 357 173 218 222 347 299 388 330 281 496 51 292 111 364 298 400 277 377 367 272 165 174 339 209 371 32 365 292 342 280 182 158 67 369 250 155 350 151 362 347 293 306 184 177 342 277 400 317 255 353 462 306 234 328 377 239 192 264 418 244 202 353 94 168 371 190 395 263 84 496 168 210 344 69 305 384 376 277 493 292 350 353 298 231 280 293 352 129 66 342 468 349 285 235 233 361 345 253 344 58 99 436 413 61 403 321 240 158 186 387 467 136 371 220 294 216 430 254 287 274 64 282 174 324 408 184 370 203 65 315 351 193
 229 227 223 319 1 120 151 138 227 57 79 145 204 148 173 130 207 113 239 232 178 64 199 51 40 164 267 285 265 60 243 224 137 117 197 172 190 218 234 166 104 298 273 149 147 112 162 182 223 162 331 223 250 127 190 230 202 84 250 49 77 310 119 51 146 78 103 245 184 163 133 102 98 313 97 193 263 253 220 159 217 101 112 187 198 141 19 58 83 182 219 142 301 189 84 142 104 179 269 56 292 54 114 100 139 320 48 222 157 147 120 137 66 290 69 61 103 259 221 183 274 250 128 199 147 172 295 131 92 217 181 174 25 104 162 71 241 134 147 99 175 123 305 82 128 141 138 115 131 137 249 158 72 264 127 99 322 179 287 145 66 280 95 167 284 87 184 43 34 128 85 90 65 163 47 264 257 113 172 98 163 281 214 298 225 178 161 327 230 149 101 265 87 12 111 176 135 99 151 198 59 170 125 179 121 141 33 61 266 251 147 271 141 155 52 121 256 75 53 246
 116 284 189 368 120 1 89 229 167 174 161 117 209 172 256 80 175 232 148 134 95 59 270 151 114 283 200 319 270 154 325 184 39 115 311 67 304 314 241 47 218 216 315 268 187 12 134 96 314 266 359 178 190 237 308 157 303 71 247 167 189 365 217 165 207 154 106 218 103 279 124 221 217 225 39 224 249 323 336 226 102 67 64 145 86 259 125 140 193 199 194 246 218 121 172 261 88 172 320 94 304 146 233 186 256 228 117 167 213 211 237 235 160 337 63 90 219 201 320 212 309 151 240 287 45 242 205 33 77 336 191 266 108 220 43 62 194 30 138 218 285 47 212 164 198 113 56 223 170 33 322 205 66 247 30 212 344 168 277 159 55 312 65 50 187 202 145 158 104 243 74 173 179 104 150 274 316 28 109 25 280 243 182 209 132 142 64 358 271 75 97 325 149 131 218 211 206 196 145 275 89 276 79 168 100 121 134 113 307 191 218 193 41 185 110 175 311 61 74 229
 109 226 101 301 151 89 1 205 83 205 146 203 131 111 220 23 88 255 92 88 33 100 224 198 167 302 121 247 188 150 282 96 125 197 307 142 298 285 161 93 253 148 246 287 133 96 52 38 279 249 282 91 107 233 330 81 279 68 164 198 193 301 267 201 163 137 66 130 36 283 208 241 235 162 119 158 163 272 337 182 106 149 41 57 83 269 145 134 233 129 108 233 151 40 227 283 53 258 256 99 224 197 247 243 261 170 174 81 165 168 265 216 211 270 129 93 251 117 294 146 237 106 237 252 53 199 145 57 61 341 117 237 153 228 106 85 108 62 223 237 275 44 156 148 163 39 144 218 120 61 272 151 135 160 118 214 264 254 192 96 108 239 58 85 136 210 233 174 154 275 67 155 189 17 195 194 258 65 196 84 286 156 95 147 78 56 45 282 204 163 176 266 214 162 210 148 169 247 230 233 153 262 28 88 185 50 146 106 238 108 178 121 126 125 170 133 250 80 130 143
 310 108 214 198 138 229 205 1 245 132 69 281 157 114 39 187 202 128 289 290 236 176 72 165 176 146 282 180 197 81 106 221 258 254 113 293 103 86 173 267 154 323 162 137 91 225 177 242 87 47 228 227 261 56 174 260 76 162 196 131 73 184 200 142 59 76 141 221 238 103 270 116 109 345 221 118 218 120 145 52 304 235 183 202 281 107 121 92 160 131 201 38 328 229 194 141 157 314 151 136 209 174 105 205 93 355 183 235 68 55 145 18 179 172 199 140 146 266 93 117 171 307 61 62 233 52 332 222 160 156 141 38 162 82 270 168 240 228 283 110 77 205 346 66 46 171 265 49 93 229 116 83 204 223 247 66 226 315 231 126 185 178 172 264 332 80 321 102 171 159 160 57 86 207 161 191 133 209 306 205 110 259 206 333 278 190 239 222 130 280 238 139 214 136 44 107 43 190 286 65 196 61 183 165 258 162 108 117 158 262 43 297 262 107 188 75 135 169 183 209
 131 229 49 282 227 167 83 245 1 278 202 283 114 133 248 101 50 322 68 81 75 181 240 276 247 364 42 224 149 212 298 38 200 278 355 210 346 314 132 157 325 79 230 351 157 176 72 76 304 291 246 28 25 285 394 26 314 146 123 271 255 288 345 275 191 193 128 73 67 337 289 308 301 101 200 158 111 278 387 208 138 231 122 45 123 328 217 197 308 129 65 279 85 47 306 348 124 338 246 172 184 276 310 322 318 112 254 11 188 196 334 259 289 254 211 167 322 35 324 149 216 88 290 279 125 222 90 135 137 395 116 270 232 288 173 165 35 138 304 302 320 125 104 203 200 88 220 271 153 136 280 171 217 105 195 272 226 334 137 120 190 215 138 147 97 272 310 243 234 346 144 207 254 68 272 158 255 146 270 165 342 83 51 90 69 56 108 249 196 238 258 263 296 238 263 156 204 325 310 253 235 305 106 83 265 92 215 174 222 26 209 53 200 143 251 171 245 160 211 94
 285 235 269 327 57 174 205 132 278 1 98 172 238 182 170 184 253 59 294 287 233 119 202 40 70 112 319 302 296 79 234 271 186 142 157 221 152 199 266 220 49 351 287 96 174 165 210 237 208 140 349 271 300 99 135 283 179 139 285 9 60 314 76 14 162 103 152 288 238 120 157 51 50 367 146 218 301 251 175 169 273 143 167 236 254 94 62 88 34 214 262 121 354 243 63 88 155 192 279 108 318 49 67 74 97 374 72 272 173 161 64 124 49 300 118 113 47 309 199 210 292 306 98 188 203 177 349 187 146 169 216 163 69 67 215 127 289 190 166 50 143 179 360 99 141 191 183 92 161 193 246 180 118 303 177 73 344 195 322 183 120 298 149 222 339 57 210 41 75 72 139 103 48 217 36 293 263 169 208 153 118 325 259 352 280 226 217 345 248 191 132 269 87 46 93 202 146 62 168 196 98 143 179 222 152 189 65 105 281 301 156 323 190 185 81 146 263 131 103 285
 248 149 182 242 79 161 146 69 202 98 1 219 143 88 99 127 168 125 235 233 178 108 122 119 118 164 242 209 199 21 170 187 190 194 162 225 153 154 170 200 137 279 196 150 77 157 131 183 155 107 256 189 221 88 193 213 143 95 189 93 55 232 173 103 69 10 82 197 181 138 210 110 103 299 153 122 206 176 192 81 240 169 119 158 218 128 60 24 131 118 173 89 284 176 152 149 95 257 191 68 222 125 110 166 118 308 126 194 80 69 140 75 134 212 133 72 132 229 160 113 199 251 91 129 168 94 284 156 95 197 121 106 102 88 203 100 205 161 223 105 130 140 297 4 50 118 197 72 65 163 173 84 138 209 179 71 249 257 226 92 118 205 106 198 280 72 258 58 110 153 94 13 58 152 114 197 180 142 240 137 142 236 173 285 223 147 175 252 155 213 176 187 163 81 65 105 57 157 228 123 133 119 122 133 195 112 47 49 190 223 69 252 194 89 130 50 178 101 117 192
 209 363 302 454 145 117 203 281 283 172 219 1 311 265 316 191 288 225 258 243 210 125 340 134 109 275 315 413 375 202 386 298 87 32 329 100 324 361 344 140 198 328 404 261 273 108 243 211 366 304 456 293 306 266 291 272 344 162 354 168 218 447 170 159 282 216 200 330 218 291 21 221 221 334 87 316 360 394 345 297 193 58 171 258 187 265 161 196 170 297 306 284 329 237 129 251 187 57 404 164 407 125 238 135 269 336 103 283 291 284 223 280 130 424 91 164 203 316 364 304 402 257 266 342 160 312 314 149 172 338 291 318 120 237 125 142 310 146 27 221 313 160 319 222 267 221 68 255 255 148 391 288 85 358 90 238 443 52 387 256 113 406 163 149 293 223 41 184 112 222 165 231 205 219 137 377 395 139 45 122 289 358 295 318 243 254 178 454 360 55 44 403 96 148 253 301 274 155 34 340 87 310 189 275 25 227 175 182 397 307 286 307 89 276 96 252 392 146 104 340
 228 116 69 174 204 209 131 157 114 238 143 311 1 57 148 130 65 265 177 186 151 189 132 252 237 296 142 118 64 161 188 79 247 296 268 270 258 211 34 223 279 185 120 285 70 212 80 155 198 201 152 88 120 208 326 137 215 150 48 233 195 177 313 241 99 137 113 66 147 259 310 251 243 208 227 47 65 166 300 110 229 255 145 86 208 258 187 152 271 27 53 194 191 126 286 286 125 361 134 156 97 256 247 302 245 221 246 104 91 103 280 174 268 144 223 154 274 123 222 43 109 198 213 175 182 121 201 182 140 312 24 173 220 223 235 170 95 188 326 245 232 164 216 142 115 97 263 196 79 187 168 75 230 68 237 205 136 359 85 60 200 110 150 215 210 211 347 198 225 294 147 141 199 121 248 67 142 182 315 193 265 103 64 201 173 80 174 152 83 282 275 150 288 211 188 52 116 296 332 147 238 215 130 44 289 88 178 145 112 122 116 162 248 56 246 96 132 167 215 52
 218 117 101 197 148 172 111 114 133 182 88 265 57 1 117 101 89 211 183 187 139 141 115 196 183 245 169 150 117 105 174 108 209 247 226 237 216 183 87 196 224 211 144 233 26 174 69 145 175 160 192 113 147 160 275 150 182 106 104 176 140 195 257 185 60 81 68 112 138 212 261 196 189 232 183 53 120 162 258 77 216 209 110 91 193 207 132 96 215 35 90 150 216 124 230 233 85 312 150 104 146 201 194 246 195 243 192 123 58 65 226 129 212 166 175 103 218 153 193 41 139 203 164 149 156 93 221 151 97 267 35 139 166 170 205 124 127 157 277 190 190 132 235 87 69 73 223 146 24 157 162 42 182 122 199 152 180 311 141 16 153 143 109 190 223 157 302 142 172 239 103 87 144 108 192 117 149 145 274 153 217 151 93 221 175 80 153 190 100 241 226 157 234 155 138 40 72 240 282 126 187 174 99 52 242 62 122 90 136 149 77 185 212 15 193 43 142 121 165 105
 328 75 212 161 173 256 220 39 248 170 99 316 148 117 1 205 202 163 299 302 251 206 36 203 211 173 283 149 177 115 72 220 287 289 124 320 116 67 158 291 190 325 130 167 93 253 185 256 61 60 195 227 261 87 200 266 67 186 181 169 111 147 237 180 59 104 160 213 251 126 306 151 144 348 251 104 204 82 157 41 323 267 204 207 300 136 156 123 197 125 197 64 331 239 232 172 177 350 115 164 184 211 139 243 121 359 219 238 61 54 179 49 216 137 232 167 182 266 77 106 140 318 92 34 255 29 337 245 183 171 136 26 197 117 295 195 238 251 319 146 90 227 351 96 59 184 295 84 101 252 78 78 236 210 276 103 196 351 213 131 216 148 195 287 340 117 356 139 206 193 184 87 123 220 198 170 96 233 339 232 134 250 204 337 290 196 257 189 103 311 272 102 251 172 80 97 52 228 322 27 230 73 201 166 292 173 142 145 127 262 42 300 291 106 224 87 99 196 216 198
 124 217 112 296 130 80 23 187 101 184 127 191 130 101 205 1 98 233 113 109 53 81 211 177 147 280 140 244 191 130 269 109 118 182 288 141 279 269 162 96 231 169 242 266 122 86 54 58 264 230 281 105 125 213 309 101 262 47 168 176 172 294 246 179 149 117 47 140 57 262 194 220 214 184 105 151 170 261 317 168 119 136 22 69 96 248 123 113 212 124 116 214 172 60 207 262 32 245 249 77 226 176 226 223 241 191 154 98 152 153 244 197 190 265 112 71 229 135 277 139 234 127 217 237 55 185 167 53 39 321 114 221 132 207 106 65 122 59 209 215 255 35 178 129 147 34 135 198 107 58 261 140 119 168 110 193 265 242 198 87 90 236 38 89 158 189 223 153 134 254 46 136 168 35 174 195 249 54 188 70 266 169 105 169 99 64 54 281 198 155 161 257 195 141 191 140 153 226 216 219 135 243 6 89 171 44 124 85 233 126 163 142 120 116 150 118 242 60 111 150
 169 179 17 235 207 175 88 202 50 253 168 288 65 89 202 98 1 291 114 124 98 173 192 257 234 330 82 177 107 181 249 20 212 278 314 229 304 267 86 178 298 125 182 317 112 182 48 101 256 248 204 26 60 246 359 73 268 134 81 246 221 240 324 253 146 159 105 43 92 299 290 276 269 147 202 108 77 229 346 161 173 232 118 32 154 292 194 167 285 80 21 237 130 69 290 316 109 341 197 153 143 259 277 306 281 159 242 40 141 151 305 217 272 206 207 149 294 65 278 100 169 135 251 231 140 175 139 144 124 355 67 225 217 254 192 155 39 150 306 271 278 130 153 168 157 70 230 233 111 148 231 124 213 73 205 236 185 338 105 79 184 168 129 169 146 239 319 215 221 317 132 170 222 74 253 114 206 150 283 167 304 75 8 138 111 35 127 206 147 250 257 213 284 217 225 108 160 305 312 205 227 262 100 38 268 68 189 149 174 62 164 100 213 97 240 130 196 150 203 57
 341 235 306 322 113 232 255 128 322 59 125 225 265 211 163 233 291 1 345 340 284 176 198 93 127 53 362 307 316 111 215 310 244 194 110 279 107 171 289 277 35 397 290 38 196 223 251 289 185 116 355 312 343 77 78 329 150 190 310 66 72 307 84 71 175 133 196 321 289 72 208 16 23 415 205 236 329 239 121 176 329 200 218 278 309 44 113 126 58 239 297 102 401 290 102 30 203 237 277 158 333 102 26 105 55 423 129 314 186 172 17 115 96 299 176 163 26 351 169 230 298 358 74 172 258 179 398 242 196 113 244 148 127 47 272 181 328 246 215 21 107 233 410 125 155 235 241 80 188 249 234 197 176 332 235 64 353 240 346 216 177 305 201 279 390 55 261 82 133 32 190 125 70 265 91 312 258 224 264 210 67 360 297 400 331 268 271 349 256 248 187 263 133 102 86 221 157 83 216 188 156 113 228 257 206 231 110 150 286 344 164 370 249 210 137 170 261 185 161 315
 70 289 116 348 239 148 92 289 68 294 235 258 177 183 299 113 114 345 1 18 63 182 296 283 249 392 72 290 215 241 355 105 172 261 395 170 386 365 198 120 342 72 295 378 208 158 115 58 357 335 313 95 78 322 421 43 362 157 190 287 284 353 353 289 241 226 155 139 57 373 268 332 326 78 185 218 177 338 426 259 82 213 129 95 75 360 234 224 321 188 131 320 72 61 310 374 144 313 310 189 251 281 338 325 351 83 255 77 240 246 355 302 295 319 204 183 340 85 375 208 282 22 326 331 104 275 59 119 151 431 174 319 238 318 136 170 99 119 282 327 362 119 67 237 245 119 191 307 199 116 339 224 209 171 170 304 293 309 203 169 187 281 146 111 46 301 279 265 237 365 156 243 280 84 281 224 318 136 236 156 376 142 116 62 17 105 85 315 259 207 243 325 292 251 299 213 251 332 289 308 231 348 118 140 245 128 236 197 287 77 258 54 170 196 250 215 308 165 210 161
 53 296 128 358 232 134 88 290 81 287 233 243 186 187 302 109 124 340 18 1 57 173 301 274 239 388 89 300 228 237 360 117 157 247 394 154 385 368 209 104 335 88 305 373 211 145 119 52 361 335 326 107 93 320 416 57 364 151 202 280 280 363 343 281 244 224 153 153 54 370 254 327 321 92 172 225 191 345 424 263 65 200 122 102 58 356 228 221 313 195 142 319 88 65 300 368 140 298 319 183 264 272 333 315 348 95 245 89 244 249 349 302 285 329 193 177 333 101 377 214 292 19 324 334 92 279 72 107 145 428 182 321 228 315 121 162 114 107 267 322 361 110 78 235 247 120 176 305 202 104 346 228 197 185 156 301 306 293 217 173 177 292 139 95 54 297 262 259 227 358 150 242 275 84 272 236 325 125 220 145 373 158 127 76 14 111 74 328 268 192 230 333 281 243 298 220 252 323 274 312 219 348 114 147 231 130 231 193 297 93 260 71 155 200 239 217 316 157 199 174
 80 253 108 324 178 95 33 236 75 233 178 210 151 139 251 53 98 284 63 57 1 122 253 222 189 332 106 268 203 181 312 100 127 208 339 136 330 316 179 83 280 125 269 317 163 104 75 6 310 281 299 92 98 264 360 64 311 95 178 225 224 325 292 228 194 169 97 137 9 314 217 271 265 137 130 183 173 300 369 212 80 160 67 68 58 300 173 165 259 153 118 265 128 31 250 313 84 266 280 127 240 220 277 265 292 143 195 78 194 198 294 247 234 293 146 122 279 108 325 171 259 75 268 283 51 229 119 63 90 373 141 269 177 259 99 109 106 66 232 266 306 59 129 180 194 68 146 249 151 63 300 180 151 169 122 245 281 261 201 124 128 259 84 74 107 241 236 204 176 303 95 187 220 33 220 210 284 78 196 98 318 155 104 122 48 72 34 300 229 164 189 292 234 189 242 175 200 271 239 263 172 293 58 108 194 79 175 137 261 98 209 100 126 153 190 165 275 104 150 154
 167 243 189 333 64 59 100 176 181 119 108 125 189 141 206 81 173 176 182 173 122 1 225 102 68 227 220 289 252 98 276 187 83 108 254 118 246 261 221 103 165 245 281 212 150 52 127 125 262 210 332 184 205 180 252 179 248 41 233 112 132 327 171 111 163 102 77 215 128 222 122 164 160 258 47 193 240 279 279 180 155 69 60 147 135 201 67 85 142 173 189 191 248 139 129 205 66 174 283 43 284 100 175 145 198 264 75 178 171 166 182 180 114 302 36 41 165 215 266 181 278 191 182 236 85 196 239 69 51 278 167 214 57 163 101 19 202 72 138 161 228 64 248 111 151 104 91 166 132 75 276 166 43 240 72 154 320 172 267 132 13 282 45 104 226 145 162 101 56 190 43 121 122 114 100 254 276 51 137 35 223 247 181 242 167 140 101 330 237 107 87 284 115 75 161 177 158 151 144 227 55 220 77 154 102 108 77 63 274 206 171 219 87 152 71 132 272 24 31 221
 331 40 199 127 199 270 224 72 240 202 122 340 132 115 36 211 192 198 296 301 253 225 1 233 238 208 272 114 151 140 60 209 304 315 154 336 146 81 135 302 225 315 95 202 91 269 182 258 67 93 160 217 250 122 234 260 90 200 157 200 143 114 271 211 64 125 169 196 252 160 331 186 179 338 270 86 182 55 186 46 328 289 214 202 305 171 181 145 231 112 184 99 321 237 263 208 187 378 80 182 153 241 174 275 156 350 246 230 60 61 214 84 247 102 253 185 217 253 93 92 106 316 127 47 264 30 329 256 195 201 125 57 223 152 308 212 226 262 345 181 121 237 343 119 75 186 314 119 105 263 53 74 259 188 293 137 162 378 187 130 235 114 208 297 334 151 380 169 231 228 198 111 155 221 228 142 62 246 360 248 168 231 193 329 288 192 264 154 73 330 297 68 280 200 114 85 68 261 349 17 255 104 208 158 316 175 168 163 92 251 55 291 307 101 251 97 64 212 238 179
 265 264 273 357 51 151 198 165 276 40 119 134 252 196 203 177 257 93 283 274 222 102 233 1 39 145 316 327 313 99 269 274 156 103 196 190 191 236 282 196 71 344 314 130 192 141 212 226 245 178 374 273 299 138 165 277 218 131 299 37 94 345 71 27 187 121 153 295 229 158 118 88 88 358 119 238 313 284 212 196 252 109 158 236 234 132 66 103 43 230 269 158 347 236 35 120 152 154 307 106 338 10 105 50 136 364 38 271 198 186 93 159 17 329 90 110 74 308 237 229 317 292 137 224 185 207 340 169 140 206 230 198 47 106 189 114 291 171 127 88 182 165 349 121 167 191 151 129 177 174 280 201 89 314 148 110 367 156 336 194 99 323 140 200 327 95 171 66 49 96 132 128 81 211 6 312 293 151 171 133 156 331 264 343 268 227 202 370 273 157 95 300 50 43 129 222 173 50 129 229 67 182 172 229 114 191 76 110 308 300 184 318 161 202 46 166 293 119 78 296
 228 265 250 358 40 114 167 176 247 70 118 109 237 183 211 147 234 127 249 239 189 68 238 39 1 179 286 323 299 99 281 249 119 80 224 154 218 253 268 159 108 312 311 164 184 104 187 192 259 197 369 247 271 159 201 246 236 102 283 64 110 349 105 58 185 117 131 273 196 187 96 120 118 325 81 230 295 291 243 198 214 74 127 210 198 163 58 97 81 217 247 176 315 206 62 156 126 140 308 83 327 34 135 77 164 331 10 243 195 186 129 173 47 329 53 86 110 280 256 219 312 257 159 236 149 210 306 134 112 238 215 211 18 131 151 83 265 135 108 119 206 131 315 121 167 165 115 148 167 138 288 196 51 295 111 130 359 141 319 178 63 318 110 162 292 116 148 76 14 133 104 129 97 181 39 300 296 116 141 97 186 308 241 310 234 202 166 365 269 122 66 304 52 41 146 213 174 85 112 236 30 203 142 209 86 167 72 94 305 272 186 286 124 191 14 159 294 88 41 276
 391 247 344 326 164 283 302 146 364 112 164 275 296 245 173 280 330 53 392 388 332 227 208 145 179 1 405 321 341 154 211 349 297 244 80 332 82 161 316 329 78 441 302 16 227 275 293 337 178 117 367 352 384 91 31 374 140 239 338 119 111 309 119 123 201 173 240 356 336 51 257 64 68 460 257 262 359 240 79 196 380 252 267 320 360 40 163 170 106 270 334 111 446 336 148 25 250 282 286 206 354 153 56 148 54 469 181 356 211 197 53 129 146 307 228 212 73 392 155 258 312 406 86 172 308 195 444 293 244 66 277 153 179 77 325 231 368 297 263 67 95 283 456 163 182 279 293 101 222 299 234 224 229 363 287 94 368 286 374 252 229 320 250 331 437 93 309 130 185 57 239 161 114 310 143 336 264 275 314 261 43 395 335 446 379 309 321 361 274 300 238 268 181 154 109 249 183 125 263 195 208 108 275 294 257 274 158 196 299 386 186 414 301 242 189 203 269 235 213 348
 141 257 74 300 267 200 121 282 42 319 242 315 142 169 283 140 82 362 72 89 106 220 272 316 286 405 1 241 162 253 328 64 231 313 394 235 384 348 153 183 366 44 251 391 193 209 112 105 337 328 257 57 23 325 434 44 349 186 139 311 295 308 385 316 227 233 168 86 98 377 322 348 341 67 235 187 120 306 426 243 152 265 161 85 142 369 258 238 349 161 90 317 50 82 346 389 165 371 269 213 195 315 351 362 358 80 293 49 223 232 375 297 329 274 248 208 362 21 359 181 235 88 329 313 156 257 63 168 177 434 148 306 272 329 199 204 48 171 337 343 358 161 77 243 237 129 250 310 191 168 309 206 254 113 226 312 235 366 142 158 228 232 177 173 80 312 340 283 273 386 184 246 294 106 312 172 281 181 299 201 382 75 80 62 81 96 138 260 222 268 293 288 334 278 302 189 241 365 344 286 273 343 145 119 299 133 256 215 243 22 245 26 230 179 289 209 270 199 249 109
 344 75 175 60 285 319 247 180 224 302 209 413 118 150 149 244 177 307 290 300 268 289 114 327 323 321 241 1 81 229 136 186 357 392 265 383 257 182 93 338 331 282 22 314 141 322 196 272 164 206 49 196 222 234 347 248 197 254 103 298 246 70 375 309 141 208 216 156 264 273 408 295 287 305 332 97 124 102 295 135 346 357 256 202 325 284 266 228 333 121 160 211 288 242 360 319 233 458 45 250 57 333 284 374 268 318 332 214 130 142 324 195 342 37 323 250 324 221 193 110 12 311 239 155 298 130 303 296 246 312 131 170 306 261 349 272 196 302 423 289 233 277 317 207 162 212 371 228 159 301 107 128 329 131 347 245 49 457 111 161 301 10 257 331 317 257 450 264 313 338 252 201 256 238 322 70 68 293 423 301 281 176 174 302 288 197 291 44 55 390 372 70 371 288 222 113 157 362 428 128 332 217 243 161 389 201 254 233 23 223 147 265 359 138 334 165 58 270 311 133
 275 120 101 140 265 270 188 197 149 296 199 375 64 117 177 191 107 316 215 228 203 252 151 313 299 341 162 81 1 218 194 112 308 359 301 329 292 230 32 280 334 202 94 332 123 274 138 206 214 235 99 122 144 252 370 173 239 213 26 291 247 150 371 300 143 194 176 78 197 299 373 302 294 226 290 81 44 164 333 146 279 318 207 136 260 303 248 211 329 84 87 234 208 175 346 334 188 425 115 219 38 317 296 362 288 239 308 139 132 146 332 214 328 115 287 217 327 142 242 87 76 236 257 197 240 151 224 242 203 347 86 202 282 272 293 234 119 248 389 296 266 224 238 198 162 158 324 242 136 246 168 120 293 51 299 253 79 423 37 122 264 72 213 272 239 262 410 255 288 346 210 195 254 176 308 12 133 243 377 256 306 97 102 222 215 133 230 101 81 344 338 138 350 271 234 96 161 355 395 167 302 249 191 103 352 150 238 207 87 145 156 186 309 112 309 150 121 230 278 55
 247 168 196 261 60 154 150 81 212 79 21 202 161 105 115 130 181 111 241 237 181 98 140 99 99 154 253 229 218 1 185 200 180 176 162 215 153 164 189 195 120 289 216 140 96 148 141 187 167 113 276 202 233 87 183 221 151 93 207 73 44 251 154 83 89 25 88 213 185 134 192 97 90 307 142 141 224 193 190 100 239 154 119 168 217 120 42 17 112 137 188 94 293 183 132 137 98 238 211 62 241 105 99 146 112 316 107 205 100 89 125 83 114 232 119 67 115 241 169 133 219 256 90 142 166 112 291 153 95 192 139 118 84 79 196 93 218 158 206 91 133 138 304 23 70 126 185 72 83 159 190 104 124 226 169 65 269 239 244 107 106 225 104 194 285 61 242 38 92 137 92 31 43 158 94 216 198 137 226 129 137 251 187 293 228 158 175 272 175 200 159 206 143 61 66 125 76 138 210 139 116 123 125 147 179 121 28 46 210 234 88 261 184 108 112 69 197 95 103 209
 390 76 255 121 243 325 282 106 298 234 170 386 188 174 72 269 249 215 355 360 312 276 60 269 281 211 328 136 194 185 1 265 357 359 141 390 135 52 185 359 246 371 115 209 150 323 241 317 34 100 174 274 306 140 232 319 73 255 206 234 176 102 295 245 121 175 226 250 311 160 375 207 200 395 322 142 231 36 167 102 387 338 271 261 364 180 226 194 258 170 239 116 377 296 296 217 244 419 93 235 187 278 191 306 165 407 288 287 119 117 231 111 281 109 302 238 238 309 62 150 132 375 143 46 321 85 386 313 251 185 183 72 267 174 364 266 281 319 388 202 117 294 401 167 128 245 366 143 163 320 30 133 307 237 346 163 183 420 230 189 286 140 263 354 393 179 426 207 276 244 253 158 189 280 264 184 69 302 410 302 169 282 250 386 347 251 322 167 115 382 343 68 318 241 141 143 120 289 392 51 300 105 266 216 363 234 212 215 117 308 109 348 361 160 294 153 79 266 286 230
 165 195 12 245 224 184 96 221 38 271 187 298 79 108 220 109 20 310 105 117 100 187 209 274 249 349 64 186 112 200 265 1 220 290 333 234 324 285 95 182 317 107 193 336 131 191 63 102 274 267 210 11 42 266 378 63 287 149 86 264 240 251 341 270 165 178 122 38 93 318 302 295 288 130 213 124 76 244 365 180 171 244 130 41 153 312 212 186 303 98 28 257 113 70 306 335 124 352 210 169 148 275 296 322 300 142 257 29 160 170 323 237 289 217 220 165 313 46 296 117 179 126 271 250 146 193 123 152 138 374 85 244 233 273 197 169 20 157 317 290 297 139 137 187 176 85 239 252 130 155 246 143 226 71 213 256 189 349 103 98 197 177 143 172 133 258 328 233 236 336 146 189 241 81 270 120 220 160 291 177 324 61 17 122 105 48 131 212 161 258 269 227 300 234 244 126 179 322 324 223 241 281 112 57 279 84 207 167 185 44 183 84 220 116 255 149 209 164 217 58
 126 319 226 405 137 39 125 258 200 186 190 87 247 209 287 118 212 244 172 157 127 83 304 156 119 297 231 357 308 180 357 220 1 94 333 37 326 343 279 55 226 243 352 281 223 37 172 127 344 292 397 213 223 261 319 188 330 106 286 179 211 401 216 175 242 184 143 255 135 299 98 235 232 248 41 262 287 358 355 259 110 52 103 182 102 276 146 168 199 237 231 272 243 155 170 273 126 142 357 124 343 150 249 182 275 250 120 202 248 245 247 262 162 374 69 121 228 233 348 249 347 172 262 318 76 276 228 69 113 353 229 296 119 240 40 93 230 64 111 233 309 85 233 193 231 151 20 247 206 66 356 240 69 284 12 233 382 138 315 197 75 350 101 63 207 222 110 178 112 252 109 203 200 140 157 312 352 66 71 58 299 279 219 232 157 180 94 396 308 39 80 360 142 146 242 248 238 197 118 308 91 301 118 206 76 160 157 144 344 224 251 221 5 222 112 209 347 93 85 267
 219 340 293 432 117 115 197 254 278 142 194 32 296 247 289 182 278 194 261 247 208 108 315 103 80 244 313 392 359 176 359 290 94 1 298 116 293 332 328 147 167 330 383 230 252 105 232 210 338 275 437 285 302 237 260 271 315 148 340 138 189 423 141 129 259 191 184 320 216 261 17 190 190 338 80 297 347 369 314 273 203 49 161 250 194 234 135 171 139 279 295 255 332 233 99 220 173 67 382 144 390 94 207 105 238 341 73 277 268 260 192 252 99 402 73 144 172 312 335 285 382 263 236 315 159 287 318 146 158 307 275 290 93 207 133 127 303 144 31 190 283 154 324 197 242 209 78 226 235 147 365 266 67 346 93 208 425 65 374 239 97 386 150 155 299 193 70 155 85 191 150 205 176 212 106 361 371 133 74 114 258 350 285 322 246 244 178 434 339 72 22 379 65 120 225 281 249 125 37 314 62 281 179 261 20 215 149 160 376 303 262 307 97 257 67 230 369 131 83 328
 408 192 326 260 197 311 307 113 355 157 162 329 268 226 124 288 314 110 395 394 339 254 154 196 224 80 394 265 301 162 141 333 333 298 1 368 10 89 281 355 143 434 244 85 203 305 286 344 108 68 308 338 372 76 95 370 70 253 303 162 124 241 191 171 170 171 243 332 342 39 313 110 109 455 292 226 327 173 34 159 399 296 279 312 377 67 188 178 166 242 313 77 439 336 210 96 256 345 225 222 306 205 92 214 61 465 228 346 178 166 120 97 202 245 266 227 135 378 81 226 258 412 73 111 327 151 441 313 255 48 252 100 218 94 354 252 351 318 322 109 37 299 455 160 158 277 334 91 204 320 168 194 268 332 322 101 313 348 336 237 260 266 265 354 439 111 366 156 226 129 252 154 134 312 193 294 202 297 364 288 44 370 318 442 384 300 336 301 225 344 288 204 241 189 98 216 155 192 323 139 251 54 283 277 308 269 178 207 243 373 153 407 337 218 236 186 209 255 249 319
 113 349 241 433 172 67 142 293 210 221 225 100 270 237 320 141 229 279 170 154 136 118 336 190 154 332 235 383 329 215 390 234 37 116 368 1 361 377 301 54 260 240 379 316 253 69 192 135 378 327 421 226 231 296 353 194 365 137 306 214 247 430 247 210 273 218 171 270 144 334 116 270 268 243 77 289 304 389 391 291 97 83 128 198 96 311 182 202 232 263 249 307 240 166 201 308 153 151 385 158 365 183 284 212 310 242 154 212 279 276 282 297 194 402 105 154 263 241 383 276 373 165 298 351 90 308 223 89 143 388 253 330 154 275 38 126 241 83 126 269 344 107 225 228 264 173 41 282 236 84 388 270 104 301 47 269 405 146 333 224 110 375 130 64 199 258 111 214 148 286 139 237 236 156 191 334 382 92 68 89 334 290 235 227 157 198 104 420 336 46 107 390 172 181 278 276 271 228 133 341 125 337 141 228 98 183 193 177 371 231 283 222 32 250 145 240 376 126 121 285
 400 184 316 254 190 304 298 103 346 152 153 324 258 216 116 279 304 107 386 385 330 246 146 191 218 82 384 257 292 153 135 324 326 293 10 361 1 84 272 347 141 425 237 85 194 297 277 335 102 59 301 329 363 68 99 360 64 245 294 157 116 235 189 165 161 162 234 323 333 36 308 106 104 445 285 217 318 167 43 150 391 289 271 302 369 64 181 169 163 233 303 68 430 327 206 95 248 341 218 214 298 200 88 211 56 456 222 337 169 156 118 88 198 238 259 219 133 369 76 217 250 403 65 103 318 143 432 305 247 56 243 91 211 88 346 244 342 310 317 105 28 291 445 151 148 268 327 83 195 312 161 185 261 323 315 93 306 344 327 227 252 258 256 346 430 105 361 149 219 128 244 145 127 303 188 285 195 289 358 280 42 360 308 433 375 291 327 294 217 338 282 197 236 182 90 207 145 190 318 131 245 45 274 267 303 260 171 198 236 364 144 398 330 209 230 176 202 247 242 310
 392 113 276 172 218 314 285 86 314 199 154 361 211 183 67 269 267 171 365 368 316 261 81 236 253 161 348 182 230 164 52 285 343 332 89 377 84 1 215 352 204 391 161 160 159 310 251 321 20 59 223 292 326 101 182 332 23 247 238 200 145 153 254 211 125 161 223 276 317 111 348 165 159 413 305 165 262 86 116 107 387 317 267 273 364 133 203 176 219 189 261 79 396 305 260 170 241 389 140 221 228 245 147 268 119 425 260 304 127 120 186 83 247 159 282 225 196 330 13 170 177 384 103 37 317 93 403 307 245 134 201 49 242 134 355 253 303 312 360 161 68 289 417 151 123 249 349 108 167 314 80 144 287 268 332 127 230 390 266 197 270 185 256 349 406 143 400 178 250 199 245 142 158 286 232 221 117 293 389 290 119 311 269 403 356 263 321 216 151 363 318 118 285 214 109 161 117 249 362 65 276 59 265 232 338 239 190 202 161 327 108 366 347 172 266 153 125 254 266 258
 253 110 84 151 234 241 161 173 132 266 170 344 34 87 158 162 86 289 198 209 179 221 135 282 268 316 153 93 32 189 185 95 279 328 281 301 272 215 1 253 305 195 99 306 94 245 110 183 200 214 122 105 133 227 345 156 222 183 24 261 219 158 341 270 117 164 145 69 174 276 343 274 266 219 260 56 48 158 313 123 256 288 178 112 236 278 217 181 299 53 68 210 201 152 316 308 158 394 117 188 65 286 269 331 264 231 277 122 107 121 304 190 298 123 256 186 299 132 227 59 85 219 232 181 213 130 214 214 173 326 55 183 251 245 266 203 106 220 358 268 245 196 229 168 135 129 295 216 106 219 161 93 263 54 270 227 104 392 59 91 233 84 183 245 226 234 380 226 257 318 180 166 225 150 277 34 130 214 348 226 283 98 82 213 196 108 204 122 72 314 308 137 319 241 209 69 135 325 364 151 271 228 162 75 322 121 207 176 92 134 132 175 281 82 278 121 119 200 247 47
 73 311 189 391 166 47 93 267 157 220 200 140 223 196 291 96 178 277 120 104 83 103 302 196 159 329 183 338 280 195 359 182 55 147 355 54 347 352 253 1 264 191 336 314 215 56 144 82 350 306 374 174 178 280 354 141 342 106 256 212 233 389 261 211 239 193 134 218 91 324 152 266 262 195 80 246 254 354 381 258 58 103 89 147 48 304 170 180 238 219 198 288 191 114 215 307 116 195 344 135 316 191 278 229 300 196 162 160 244 243 283 274 204 359 107 130 265 188 359 234 328 118 283 323 42 275 175 47 109 380 208 304 153 265 17 103 188 41 165 263 327 66 179 203 233 128 73 266 199 40 353 233 110 250 56 255 357 190 282 182 101 330 97 11 154 247 159 203 149 289 108 212 224 105 196 286 343 60 117 69 325 238 184 179 106 148 52 374 293 88 132 351 191 176 260 235 240 241 172 309 133 317 97 180 130 138 178 152 328 179 251 171 52 210 154 207 336 101 119 234
 331 261 314 350 104 218 253 154 325 49 137 198 279 224 190 231 298 35 342 335 280 165 225 71 108 78 366 331 334 120 246 317 226 167 143 260 141 204 305 264 1 398 315 65 212 209 256 285 217 148 379 318 347 107 95 330 183 186 325 56 88 336 51 55 195 144 198 332 286 105 180 41 47 414 188 254 343 269 152 198 318 179 214 283 299 78 109 132 29 254 307 132 402 290 71 54 203 206 304 155 353 78 58 72 88 422 107 318 206 193 26 142 69 326 159 161 9 356 202 248 322 353 104 202 249 203 397 233 193 142 257 177 112 74 257 174 335 236 186 46 140 226 408 138 174 238 221 107 201 239 264 215 158 345 218 89 376 209 362 226 164 329 197 267 386 76 232 84 116 27 187 140 81 264 70 331 285 215 238 198 100 370 305 399 327 272 264 374 279 226 162 291 104 92 111 239 178 50 186 216 136 146 226 266 181 235 111 152 310 348 186 371 230 225 116 185 288 178 145 328
 135 300 117 341 298 216 148 323 79 351 279 328 185 211 325 169 125 397 72 88 125 245 315 344 312 441 44 282 202 289 371 107 243 330 434 240 425 391 195 191 398 1 292 427 235 227 150 122 380 369 295 99 66 364 470 69 391 215 180 343 331 350 414 347 269 270 203 127 118 416 338 383 377 25 253 230 160 349 466 285 149 282 188 123 145 406 290 273 379 204 133 357 7 109 373 425 196 384 311 244 234 343 387 389 396 38 319 89 265 274 409 338 357 315 270 239 396 64 401 224 276 78 368 355 172 299 28 186 207 473 191 348 299 366 207 231 91 188 352 378 399 183 39 281 278 163 262 349 231 185 351 248 276 152 240 349 273 379 179 199 252 273 205 181 53 349 349 317 300 420 213 285 330 135 341 213 323 202 307 222 420 110 123 24 86 135 153 299 264 278 312 330 358 309 341 231 282 394 359 329 296 383 174 160 315 169 289 248 285 65 287 28 241 220 314 249 313 226 274 150
 347 56 182 55 273 315 246 162 230 287 196 404 120 144 130 242 182 290 295 305 269 281 95 314 311 302 251 22 94 216 115 193 352 383 244 379 237 161 99 336 315 292 1 295 132 317 196 274 142 186 67 203 231 215 327 254 176 248 114 284 230 59 359 295 128 195 211 166 266 253 398 277 270 316 325 92 136 81 274 119 348 349 252 205 326 265 254 216 318 119 166 192 298 245 346 301 228 448 24 241 75 320 266 359 249 329 320 220 117 128 306 177 328 25 314 242 307 230 172 104 19 316 220 135 296 112 312 293 240 291 130 150 295 244 346 265 205 299 413 272 213 274 327 194 147 210 366 211 150 299 86 118 321 143 342 227 70 447 127 157 293 27 252 329 325 240 442 250 302 321 245 187 240 238 309 83 47 288 416 296 261 189 180 311 292 199 290 60 45 384 363 50 358 276 205 106 142 347 418 108 322 197 240 162 381 199 242 224 9 232 132 274 355 131 323 154 37 263 302 143
 376 240 331 322 149 268 287 137 351 96 150 261 285 233 167 266 317 38 378 373 317 212 202 130 164 16 391 314 332 140 209 336 281 230 85 316 85 160 306 314 65 427 295 1 216 260 280 322 176 112 361 339 371 82 44 360 139 224 328 103 97 305 109 108 190 159 226 344 322 51 243 48 53 446 242 252 348 236 89 187 365 238 252 307 345 31 147 155 92 259 321 104 432 321 135 13 235 270 280 191 345 138 41 136 47 454 166 343 201 187 40 121 132 302 213 197 59 378 155 248 305 391 77 168 293 187 430 278 229 78 265 147 164 64 309 216 355 282 250 52 93 268 442 150 172 265 278 91 210 284 231 214 214 352 272 82 361 273 364 240 214 313 235 315 422 80 296 115 170 46 224 148 99 296 128 327 259 260 300 246 43 383 322 432 364 296 306 354 266 285 224 263 168 139 98 238 172 114 250 189 193 105 261 281 243 260 143 182 292 372 177 400 286 231 174 191 264 220 198 336
 241 98 124 184 147 187 133 91 157 174 77 273 70 26 93 122 112 196 208 211 163 150 91 192 184 227 193 141 123 96 150 131 223 252 203 253 194 159 94 215 212 235 132 216 1 188 93 168 150 137 186 137 171 140 257 175 158 118 114 169 126 179 249 178 35 73 83 131 162 191 268 182 174 257 194 47 134 141 236 52 238 218 127 116 215 189 129 91 207 44 111 128 240 148 226 217 101 318 134 110 146 198 178 241 176 268 193 147 33 40 212 107 208 153 183 110 206 176 169 37 131 227 145 124 175 68 245 169 111 246 51 114 167 154 222 134 150 175 283 176 167 150 259 76 47 95 236 127 19 175 140 19 189 137 213 135 177 317 151 40 162 135 123 209 248 142 311 134 174 226 115 73 132 131 188 121 130 161 285 166 197 170 116 246 199 105 174 183 88 254 232 139 233 152 119 31 49 233 288 102 192 151 119 75 249 85 118 93 125 172 53 209 226 16 195 28 125 133 171 121
 126 284 196 370 112 12 96 225 176 165 157 108 212 174 253 86 182 223 158 145 104 52 269 141 104 275 209 322 274 148 323 191 37 105 305 69 297 310 245 56 209 227 317 260 188 1 139 106 310 261 362 186 199 231 299 167 298 70 252 158 182 365 206 156 206 150 107 224 112 272 114 213 209 235 28 226 255 322 329 224 112 57 68 152 97 251 118 135 183 202 200 241 228 130 161 252 90 163 321 90 309 136 225 175 249 239 107 175 213 209 228 230 149 338 52 87 210 209 316 213 311 162 233 284 55 241 216 42 78 328 194 262 98 213 51 58 202 40 129 210 279 53 222 160 196 118 51 217 170 43 321 205 55 253 26 205 347 160 283 162 47 314 66 60 198 195 139 151 94 234 73 169 172 111 140 278 316 33 104 22 273 251 189 219 143 148 74 361 272 70 86 325 138 122 212 212 204 186 136 273 79 271 84 173 91 126 128 110 309 200 216 203 40 187 100 174 311 58 64 235
 153 180 63 251 162 134 52 177 72 210 131 243 80 69 185 54 48 251 115 119 75 127 182 212 187 293 112 196 138 141 241 63 172 232 286 192 277 251 110 144 256 150 196 280 93 139 1 79 243 223 231 63 92 215 323 85 248 88 115 203 184 252 279 209 127 122 60 89 72 267 245 237 230 170 158 109 117 228 317 145 153 188 73 28 131 257 150 127 241 80 63 209 155 56 244 278 63 296 207 107 173 213 239 260 247 180 196 64 126 132 264 190 226 220 161 103 253 101 260 98 187 135 219 216 104 161 157 105 77 324 67 205 171 217 156 109 80 111 261 232 251 88 170 132 132 24 189 200 85 110 228 110 167 116 163 201 214 294 145 54 138 188 83 136 156 201 276 173 174 276 85 136 183 43 208 143 210 107 242 122 271 122 55 158 107 17 95 231 155 208 211 218 238 172 192 102 137 260 267 194 181 236 56 37 223 22 146 106 188 94 144 123 173 82 193 102 202 104 156 97
