NAME : domp220p55v5
COMMENT : (Deleplanque et al.) 
TYPE : DOMP
DIMENSION : 220
DISPLAY_DATA_TYPE: NO_DISPLAY
OPEN_FACILITIES : 55
COST_SECTION
 1 275 204 242 299 46 310 37 129 189 306 136 103 64 241 109 206 303 96 89 105 266 91 77 260 210 312 366 238 99 64 244 118 109 112 221 105 75 138 147 207 84 113 188 20 229 308 131 146 175 30 55 23 211 313 16 238 132 260 384 280 123 227 140 125 235 239 106 119 66 140 134 325 239 122 221 90 202 128 45 146 73 171 331 160 121 112 89 249 239 179 29 210 341 312 246 158 111 88 273 242 228 260 186 243 213 360 205 142 171 166 192 337 361 330 159 189 309 323 195 275 264 113 166 95 65 258 152 236 268 173 271 121 225 143 148 281 340 51 89 63 193 280 323 158 186 116 75 27 17 139 234 232 296 280 185 234 295 235 270 70 111 182 229 214 151 175 283 55 159 88 232 62 322 170 64 80 200 48 19 177 171 185 221 203 176 150 288 202 173 135 287 93 131 317 150 203 259 192 301 281 207 125 250 86 156 30 264 285 188 198 269 141 162 94 49 192 154 95 50
 275 1 101 467 53 231 214 305 332 111 347 152 363 334 121 242 71 168 250 201 368 410 356 237 488 395 310 347 434 238 298 455 160 291 357 66 261 289 250 267 365 207 179 436 256 212 378 184 411 106 252 228 278 323 48 273 237 155 239 386 281 198 330 273 162 287 428 373 312 259 214 164 54 323 217 131 318 260 335 314 390 348 128 339 123 315 250 231 406 464 379 302 462 349 41 445 120 182 293 212 438 289 432 437 59 64 345 383 139 217 402 326 303 378 304 129 93 384 288 262 82 295 301 297 247 338 171 392 464 378 107 76 387 464 336 133 62 347 292 215 244 83 319 337 183 99 282 213 301 284 399 358 106 387 397 395 398 65 323 88 343 252 433 49 442 141 129 131 276 388 232 343 310 329 398 321 320 82 314 257 365 334 107 458 76 100 150 274 302 269 311 195 363 153 325 144 332 20 446 235 173 157 229 474 329 209 295 65 168 370 426 205 261 221 286 304 449 222 324 237
 204 101 1 370 102 164 153 227 237 117 257 121 278 266 52 210 70 122 213 154 284 311 274 149 391 296 227 271 336 202 211 357 109 196 268 37 226 239 151 168 265 158 93 344 187 121 284 159 326 41 187 151 200 223 121 198 146 72 153 306 194 103 231 174 125 191 328 291 217 210 116 74 137 226 121 44 268 162 294 247 299 274 121 255 99 276 154 140 307 368 282 232 371 265 125 346 57 143 248 136 339 192 332 346 47 60 267 284 65 118 309 226 228 295 227 108 87 290 212 163 72 203 263 198 208 268 98 300 368 280 86 68 304 370 240 98 81 264 234 127 158 57 227 251 83 28 186 132 230 208 312 259 35 291 298 298 298 94 225 67 266 156 343 60 347 118 127 91 191 294 141 244 226 245 303 260 232 37 234 186 266 235 23 363 43 64 131 190 202 169 214 129 283 74 240 123 232 83 355 165 111 63 132 377 241 109 218 63 111 272 331 128 162 121 193 243 359 122 233 158
 242 467 370 1 468 277 382 207 136 412 265 363 145 229 378 348 408 407 335 324 148 136 162 237 22 88 307 345 58 339 186 29 337 177 131 402 341 300 221 206 128 321 292 68 257 304 235 368 125 363 270 259 224 183 489 232 291 316 310 335 296 269 190 198 352 244 71 155 156 305 256 304 506 209 251 358 296 242 330 238 98 204 397 305 378 335 218 239 118 3 90 233 70 310 494 52 353 344 312 345 58 234 96 75 416 409 340 101 333 263 77 165 345 309 334 381 401 229 340 235 429 264 334 182 334 222 360 91 9 181 386 428 143 34 131 365 445 309 274 257 234 391 260 295 289 368 186 266 230 226 120 163 382 207 173 73 111 458 206 421 191 216 79 420 28 377 403 409 207 85 239 180 182 302 74 258 165 387 196 254 107 142 361 32 393 378 380 310 199 215 157 371 170 318 300 377 166 448 78 356 380 331 239 10 157 265 213 428 388 106 45 346 210 256 184 260 86 252 154 249
 299 53 102 468 1 256 174 325 337 156 320 189 378 360 98 281 106 125 288 234 384 398 374 249 490 391 278 310 431 276 312 454 190 296 369 79 300 323 249 264 358 239 192 445 281 190 354 224 426 125 279 248 298 311 25 295 214 170 211 350 252 204 316 271 197 267 423 391 317 293 214 174 42 306 220 114 352 246 373 341 400 371 170 307 160 353 254 241 397 466 379 327 472 316 36 442 142 217 329 179 434 271 424 447 57 95 308 379 158 209 409 318 266 346 269 167 132 360 252 249 46 271 339 292 284 363 141 400 466 361 143 44 404 469 338 167 25 315 322 227 258 112 294 306 181 114 285 230 325 305 413 346 89 366 380 396 390 17 307 55 364 256 443 77 446 179 173 92 291 394 242 329 326 298 403 350 333 101 333 281 363 330 117 463 98 130 190 243 290 261 313 158 382 170 294 184 322 55 456 199 136 143 231 475 341 205 315 41 130 368 430 173 259 215 294 333 460 218 334 256
 46 231 164 277 256 1 283 80 153 145 303 92 145 105 206 89 162 271 80 48 147 283 134 68 296 234 302 355 266 78 92 276 73 122 149 178 94 83 133 146 224 45 79 228 27 208 311 92 190 133 24 33 55 216 269 48 221 94 242 377 268 99 232 141 81 229 265 150 138 59 123 100 282 240 106 187 109 194 142 85 184 118 127 324 115 128 109 78 268 275 206 73 251 334 268 275 115 69 95 250 270 223 283 226 201 168 350 227 101 154 202 201 322 356 316 114 144 313 307 188 235 256 117 171 78 108 229 189 271 278 128 231 165 263 165 103 240 332 72 68 59 149 275 315 132 145 124 48 71 58 181 244 195 302 291 215 254 254 237 231 115 109 222 185 250 107 132 248 73 193 77 239 97 314 204 96 113 157 90 28 200 186 144 258 160 132 107 273 203 170 151 259 137 92 309 106 212 215 233 279 251 177 113 285 121 137 71 223 254 210 233 245 139 147 109 79 234 139 125 37
 310 214 153 382 174 283 1 318 275 269 164 269 345 368 104 350 218 50 350 291 353 275 349 235 402 295 114 138 332 341 286 361 251 246 326 177 364 366 190 194 255 294 206 384 298 87 203 307 387 191 305 258 296 201 196 298 93 199 73 178 100 188 197 205 270 141 321 364 259 339 173 187 212 180 190 111 391 143 424 353 346 366 274 141 251 409 211 223 282 380 298 336 410 148 209 342 204 286 377 40 334 150 311 388 164 207 136 282 203 145 346 218 94 177 99 260 239 210 82 151 133 128 396 207 346 367 58 342 383 229 238 139 373 395 269 248 155 147 353 222 249 208 145 142 153 180 232 238 332 307 372 228 123 223 246 316 281 158 183 127 353 213 386 198 367 269 279 84 273 329 224 209 302 133 334 372 300 188 321 296 279 244 172 388 193 216 282 86 184 175 246 26 362 203 130 273 217 203 398 32 44 109 191 386 306 156 311 150 47 278 354 42 196 154 252 356 405 162 292 260
 37 305 227 207 325 80 318 1 103 223 296 171 67 54 259 143 237 317 129 124 69 241 55 85 225 181 308 360 207 134 41 210 150 93 77 247 137 100 135 140 184 120 134 152 55 234 293 167 111 202 66 78 28 195 340 33 239 156 262 375 277 135 212 131 159 228 209 71 97 99 146 155 354 226 129 238 106 198 145 46 110 50 206 324 193 142 110 97 223 204 149 32 174 333 340 214 186 147 113 280 210 220 231 150 268 242 355 178 169 175 131 175 335 351 327 193 222 293 322 191 298 257 137 152 129 51 270 117 200 249 205 294 86 189 118 181 306 332 74 103 72 222 271 315 170 212 104 96 28 23 103 214 253 278 258 153 208 320 222 292 40 109 146 258 179 186 210 300 47 125 96 215 32 315 136 71 49 227 12 53 150 149 209 185 231 206 186 286 190 166 115 296 60 156 311 185 185 288 156 306 293 221 128 215 54 163 10 289 298 161 163 277 135 166 80 63 156 158 67 70
 129 332 237 136 337 153 275 103 1 280 209 232 82 149 251 236 274 290 224 199 91 139 94 103 157 82 233 282 115 225 67 128 205 42 57 268 234 201 93 83 82 197 158 112 139 190 199 243 115 228 153 129 108 105 357 116 185 181 208 289 209 136 120 73 222 154 113 103 22 195 125 170 373 138 118 230 208 135 247 147 71 131 265 243 246 244 84 105 121 133 54 134 139 251 361 124 218 217 214 236 119 144 132 115 283 274 277 77 199 139 74 82 266 264 256 249 267 197 256 127 300 182 239 72 222 143 241 69 132 150 252 298 106 133 16 233 314 250 175 123 103 256 189 233 158 234 53 134 130 114 99 116 252 180 158 65 106 327 134 292 114 82 113 286 111 246 272 285 81 59 104 120 72 236 67 171 55 252 96 136 49 51 227 127 258 244 251 221 107 102 30 259 108 184 232 246 90 314 125 255 263 204 107 143 54 136 104 297 270 60 94 236 84 131 50 165 132 125 38 121
 189 111 117 412 156 145 269 223 280 1 361 54 288 241 166 134 55 234 143 104 291 388 277 178 433 355 338 385 392 131 229 407 77 241 289 97 153 185 218 236 333 109 129 369 170 230 383 75 334 83 162 155 198 305 158 192 253 110 265 418 304 161 317 238 65 289 388 293 261 157 187 127 164 317 180 160 214 255 227 222 324 259 20 366 35 206 207 178 378 410 332 213 393 376 151 401 78 81 188 251 395 288 399 368 118 68 381 345 93 205 340 300 343 404 341 32 31 387 327 253 160 307 193 268 140 246 214 328 408 367 36 154 308 403 288 48 151 375 193 159 179 62 331 361 166 92 236 147 213 201 324 340 148 384 384 344 367 161 316 161 258 208 364 83 386 39 19 199 208 329 178 328 238 355 340 223 252 83 234 172 321 297 101 397 78 57 43 302 286 249 267 245 281 106 350 41 308 102 376 281 227 174 193 420 260 190 214 142 225 329 369 244 229 204 231 207 377 201 260 165
 306 347 257 265 320 303 164 296 209 361 1 337 290 348 227 389 323 208 383 333 298 134 301 237 280 182 53 81 208 378 256 238 310 204 264 291 396 378 172 160 146 334 248 291 305 137 41 367 318 280 317 272 286 105 344 292 112 257 110 81 69 215 90 168 333 76 195 311 204 360 187 240 361 72 201 218 395 112 434 340 268 335 357 42 331 425 197 227 149 264 201 324 313 46 354 216 284 340 392 143 209 81 175 298 289 315 76 172 271 160 258 129 89 56 79 339 334 49 91 117 275 55 416 145 379 343 180 261 268 86 326 278 313 287 196 323 297 45 357 239 249 307 31 32 197 275 193 259 319 296 302 106 242 66 98 216 155 304 76 267 318 197 298 315 259 344 364 232 254 243 227 93 268 41 243 364 257 291 293 302 184 160 265 281 298 306 355 80 107 135 185 168 316 262 40 347 120 331 307 133 188 194 192 266 259 177 293 286 196 177 252 149 167 164 217 353 316 170 241 269
 136 152 121 363 189 92 269 171 232 54 337 1 236 189 171 94 84 242 100 52 238 348 225 131 383 310 321 371 345 88 178 359 30 195 238 116 112 137 181 198 292 57 92 317 117 214 354 39 281 81 109 105 146 270 196 139 235 81 251 401 286 126 283 198 12 263 342 241 214 108 154 98 206 285 143 159 167 227 185 169 272 206 36 347 30 165 165 134 337 360 285 160 341 358 192 355 66 30 142 244 349 259 356 316 140 95 367 301 70 178 289 261 331 384 328 25 61 358 315 224 181 284 151 229 96 194 212 277 358 332 47 176 256 352 242 24 178 356 142 115 131 79 307 341 141 94 192 100 160 149 272 303 155 352 348 296 325 191 284 180 205 166 312 113 336 16 41 210 157 279 134 293 186 337 290 172 201 95 181 119 276 254 100 346 95 63 20 287 252 215 222 244 228 77 332 15 270 139 324 275 229 164 156 371 209 161 162 165 230 285 319 238 190 175 184 156 325 170 210 114
 103 363 278 145 378 145 345 67 82 288 290 236 1 87 303 206 297 353 192 191 10 207 18 130 162 140 313 363 156 198 68 153 214 101 27 303 198 156 156 153 156 186 187 86 121 259 278 233 49 258 132 137 91 186 395 98 258 211 282 370 287 178 201 142 224 233 161 22 91 162 180 205 410 219 166 282 153 211 188 94 48 62 271 324 257 192 137 139 187 143 108 90 107 332 397 161 244 212 168 306 160 224 188 83 322 301 357 141 225 202 71 162 345 344 336 257 284 276 334 203 347 262 190 151 192 79 304 57 138 227 268 344 28 125 95 244 358 331 130 152 121 282 270 314 209 267 115 151 87 89 37 194 300 258 232 105 172 371 215 340 48 135 79 316 118 250 276 342 89 71 138 200 54 317 81 115 48 283 56 119 116 131 263 121 288 266 251 299 188 176 108 326 30 211 313 250 171 345 90 328 327 260 160 154 41 195 75 340 333 127 104 305 151 193 95 116 90 186 55 128
 64 334 266 229 360 105 368 54 149 241 348 189 87 1 303 133 265 364 119 139 82 285 69 134 245 221 361 414 241 127 94 239 175 146 108 282 121 76 188 193 230 133 176 166 81 285 344 174 113 236 83 117 73 247 373 72 292 195 315 427 331 183 263 184 178 282 245 76 147 92 197 197 386 278 180 283 67 251 103 21 134 27 222 377 216 106 163 147 266 228 189 35 182 386 372 247 219 161 86 331 245 273 271 162 305 272 408 220 204 226 156 225 388 403 380 213 246 343 375 244 338 311 106 204 120 9 319 143 222 298 230 333 90 206 164 204 343 385 54 149 121 253 324 368 218 248 157 137 38 63 112 263 295 327 306 189 251 357 274 332 40 162 158 289 203 204 226 345 99 156 146 265 81 369 166 30 95 261 56 81 193 198 247 203 264 235 200 340 242 219 166 346 61 194 364 201 235 318 165 358 341 268 180 238 96 213 60 327 346 204 189 328 188 218 132 38 162 209 113 112
 241 121 52 378 98 206 104 259 251 166 227 171 303 303 1 259 115 72 261 201 310 302 302 177 399 298 191 230 338 250 238 362 158 212 290 74 275 284 160 173 263 205 129 361 226 94 259 210 350 91 229 187 234 215 121 233 118 113 119 267 161 127 219 182 175 171 329 319 231 255 128 108 138 210 139 23 312 150 341 285 318 308 172 220 150 323 170 166 301 376 289 269 389 229 130 348 107 192 294 93 341 175 329 364 65 103 227 285 111 116 324 223 186 259 186 159 136 266 170 153 54 176 310 199 257 304 53 317 377 265 136 55 330 382 250 149 73 228 276 157 188 105 200 217 95 79 200 167 267 243 335 250 20 270 283 307 295 84 210 45 298 172 361 96 357 169 177 43 219 309 167 232 253 209 316 300 257 85 265 225 272 238 73 376 89 114 182 154 194 167 225 81 313 116 205 174 227 106 374 120 62 48 147 384 264 116 251 60 60 275 342 86 170 123 213 283 379 128 254 193
 109 242 210 348 281 89 350 143 236 134 389 94 206 133 259 1 176 329 16 61 206 369 191 155 366 317 384 436 346 12 170 352 102 209 219 209 21 61 220 234 310 58 150 291 98 284 399 59 243 171 84 120 129 304 287 121 300 153 319 461 349 178 320 229 87 314 347 203 223 45 205 166 295 328 189 244 86 278 95 117 252 158 115 407 122 74 196 164 354 346 287 118 311 417 282 354 153 68 58 321 350 309 367 288 233 187 431 311 149 235 273 289 401 441 396 115 151 400 385 273 274 340 60 259 15 141 294 259 342 365 139 268 218 330 249 116 271 416 81 152 146 171 360 399 206 184 212 131 120 125 239 332 244 390 379 293 339 283 325 271 164 196 284 205 321 103 116 299 156 267 164 327 170 397 278 107 188 188 153 101 283 272 188 326 187 155 93 353 291 257 237 325 188 149 392 99 299 230 293 351 313 243 198 357 194 218 137 257 314 294 305 315 226 229 195 97 292 222 203 125
 206 71 70 408 106 162 218 237 274 55 323 84 297 265 115 176 1 181 183 132 301 366 289 174 429 342 295 340 381 171 233 399 91 233 293 43 195 220 199 217 316 137 117 373 187 188 349 119 344 49 183 161 210 280 113 205 213 93 222 375 263 142 290 220 93 255 375 306 253 190 164 107 123 287 162 113 249 223 268 245 327 279 66 324 55 248 193 170 359 406 323 233 399 334 109 391 56 113 225 204 384 255 383 373 64 14 336 331 76 175 340 279 296 363 296 62 27 354 280 223 106 270 234 248 179 268 165 330 405 340 38 100 320 403 279 64 98 333 222 152 179 19 294 320 137 50 225 147 232 216 333 316 96 353 358 337 350 110 286 107 275 195 370 31 383 74 70 145 211 327 170 302 244 313 337 251 256 34 246 188 310 282 60 397 28 32 85 259 260 224 256 195 295 91 309 78 286 56 381 232 175 131 175 416 264 163 227 88 174 317 366 197 210 177 226 234 384 175 261 170
 303 168 122 407 125 271 50 317 290 234 208 242 353 364 72 329 181 1 330 271 360 310 354 233 427 322 161 187 360 320 290 387 228 256 336 139 345 352 200 208 283 275 193 401 290 104 246 281 398 162 294 250 293 229 148 293 119 181 106 227 141 183 229 219 245 174 349 370 272 323 175 173 163 214 190 87 379 166 409 347 360 366 241 188 220 392 217 221 314 405 320 331 428 196 160 370 178 263 362 69 362 181 343 404 122 169 185 309 181 153 363 244 143 226 148 229 204 253 130 173 87 167 379 227 326 364 50 358 407 266 206 93 380 416 286 220 108 195 342 216 246 174 187 189 148 150 242 230 328 303 382 260 89 264 284 338 311 110 216 81 355 219 402 158 389 240 246 38 274 346 222 241 306 180 353 364 306 154 321 288 301 266 144 409 157 185 253 129 211 194 262 41 366 184 177 244 245 158 415 78 28 97 194 412 313 159 309 105 21 302 375 65 207 162 259 348 421 169 301 254
 96 250 213 335 288 80 350 129 224 143 383 100 192 119 261 16 183 330 1 61 191 358 177 147 352 305 379 432 333 13 158 338 105 198 205 214 15 47 212 226 299 57 147 277 86 281 391 69 229 174 72 112 117 295 295 109 296 152 316 455 345 174 311 221 92 308 334 189 212 31 200 164 304 320 183 245 73 272 86 103 238 143 125 402 129 66 188 157 342 333 274 104 296 412 290 341 156 72 46 319 337 302 355 274 238 194 427 299 151 230 259 280 397 435 392 123 159 392 382 267 278 334 52 250 5 126 294 245 328 356 146 273 203 316 237 122 277 410 66 145 137 177 354 394 203 187 202 125 106 112 224 322 246 381 369 280 328 289 317 276 150 188 270 212 307 111 126 302 145 253 156 318 157 391 264 93 175 192 140 90 271 262 191 312 193 160 102 349 283 249 226 325 174 149 387 107 290 238 278 349 313 242 192 344 181 213 124 263 315 282 291 314 218 224 184 82 277 216 191 116
 89 201 154 324 234 48 291 124 199 104 333 52 191 139 201 61 132 271 61 1 192 325 178 106 343 279 325 377 313 51 139 323 46 166 196 158 75 89 166 182 267 6 90 274 70 224 345 45 234 116 60 72 102 254 244 94 241 93 260 403 291 120 269 179 41 258 311 193 183 59 148 106 254 275 133 185 119 222 142 119 230 157 85 349 80 124 145 112 312 322 252 111 297 360 240 321 98 24 96 261 317 253 328 273 182 141 373 272 91 177 249 241 341 384 336 76 110 348 326 217 221 283 110 210 57 143 234 236 318 316 95 216 209 310 210 69 221 358 92 97 100 123 304 342 147 129 166 77 111 103 226 284 187 339 331 261 298 234 272 218 157 146 269 159 297 66 89 242 120 240 112 277 144 339 251 121 160 136 135 73 245 229 132 305 137 106 63 294 239 203 194 266 180 89 334 64 251 187 279 291 254 183 143 333 168 160 116 206 256 255 280 255 174 172 153 105 280 165 172 80
 105 368 284 148 384 147 353 69 91 291 298 238 10 82 310 206 301 360 191 192 1 214 16 136 164 147 321 371 162 197 74 158 217 109 36 308 196 154 164 161 164 188 192 87 123 267 287 234 44 263 134 141 94 195 400 100 266 216 290 378 296 185 210 150 227 242 167 14 99 161 187 211 415 228 173 288 149 219 184 91 53 57 273 332 260 188 145 145 194 146 115 89 107 340 402 167 248 214 165 314 166 232 194 84 327 305 366 149 230 210 75 171 353 353 344 260 287 284 342 211 353 270 187 160 191 75 312 62 141 236 271 350 21 126 104 247 363 339 128 158 126 286 279 322 216 272 123 156 87 91 35 202 306 266 240 111 179 377 223 346 44 143 79 320 122 253 278 349 94 77 145 209 59 325 86 111 55 288 58 121 124 140 268 122 293 270 253 307 196 185 117 334 24 216 321 252 179 350 89 336 335 267 167 157 48 202 77 346 341 135 108 312 159 201 102 114 89 193 63 132
 266 410 311 136 398 283 275 241 139 388 134 348 207 285 302 369 366 310 358 325 214 1 223 221 149 69 182 213 79 358 204 108 319 161 181 347 369 338 171 152 60 324 260 177 273 213 101 367 218 318 287 254 244 89 421 251 192 279 205 201 179 228 84 151 340 138 66 226 148 330 203 263 439 97 209 285 345 153 384 284 170 265 377 175 354 382 184 216 22 135 100 272 194 178 429 85 315 340 352 243 79 131 42 184 354 362 209 66 297 194 152 89 220 175 209 359 368 95 218 150 354 148 376 121 356 278 269 161 141 50 355 355 222 162 124 342 374 177 312 234 226 348 137 166 231 319 160 251 268 251 205 53 311 73 39 108 36 385 95 346 248 183 185 369 136 359 384 322 214 142 216 71 210 174 137 309 193 338 234 270 93 98 310 157 345 341 367 194 110 143 133 270 236 283 172 361 81 392 193 246 285 257 195 135 190 204 242 359 293 82 134 246 160 191 175 303 201 192 175 247
 91 356 274 162 374 134 349 55 94 277 301 225 18 69 302 191 289 354 177 178 16 223 1 127 178 157 322 373 173 183 66 170 204 107 42 297 182 139 160 159 171 174 182 101 109 263 291 220 57 252 120 129 81 197 390 87 264 205 287 381 295 176 213 148 213 242 178 18 99 147 180 201 404 230 166 281 135 217 171 77 66 45 260 334 247 174 139 137 203 160 124 74 121 342 391 179 237 200 151 310 177 232 205 98 317 294 367 157 219 205 88 174 353 356 344 247 275 289 342 209 344 271 173 160 177 61 306 74 155 241 259 341 32 141 108 234 354 341 114 148 116 274 280 324 209 262 120 145 72 77 49 207 297 272 247 122 188 367 226 337 30 137 94 309 135 240 264 342 85 88 136 213 50 327 98 98 50 277 45 107 131 144 258 137 282 258 240 306 197 183 117 329 16 205 322 239 183 339 103 333 329 260 161 171 45 196 64 336 335 142 121 308 156 196 98 99 103 188 62 120
 77 237 149 237 249 68 235 85 103 178 237 131 130 134 177 155 174 233 147 106 136 221 127 1 257 179 239 292 215 144 64 230 103 65 122 174 160 143 66 80 163 105 59 200 70 153 245 147 178 131 81 36 62 150 266 64 162 83 184 312 206 51 165 75 122 164 212 144 84 124 65 76 281 173 47 155 164 129 201 118 154 134 164 259 144 190 42 14 208 234 155 101 227 269 269 225 119 120 157 198 219 157 226 201 193 176 287 171 99 95 167 137 262 291 255 147 165 246 247 123 218 191 180 106 144 133 186 157 233 212 150 215 156 230 111 131 228 268 124 23 15 157 209 251 86 139 62 32 98 73 165 179 171 236 226 168 195 242 171 211 123 42 198 189 211 144 170 217 43 155 13 173 78 249 165 139 85 156 90 67 145 125 134 224 162 143 150 213 137 103 92 213 137 84 245 145 147 218 210 226 209 137 50 244 93 81 77 211 214 154 194 195 72 87 54 124 213 78 88 32
 260 488 391 22 490 296 402 225 157 433 280 383 162 245 399 366 429 427 352 343 164 149 178 257 1 107 324 360 74 358 206 43 357 198 150 423 359 317 242 228 147 340 313 81 276 325 249 387 137 384 289 279 243 202 510 251 311 337 330 349 314 291 208 220 372 263 86 170 177 322 277 325 527 227 272 379 311 262 344 255 116 219 417 321 399 350 239 260 133 24 111 250 75 325 515 65 374 364 328 365 73 254 108 87 437 430 355 120 354 284 96 185 362 323 351 401 422 243 357 256 450 282 350 202 352 237 380 109 26 196 406 449 157 41 153 386 466 324 291 278 255 412 277 311 310 389 207 287 248 245 134 181 403 221 187 94 127 479 224 442 207 237 90 441 48 397 423 430 227 105 260 198 201 318 94 274 184 408 214 273 128 163 382 43 414 399 400 328 219 236 178 391 185 339 316 397 185 469 87 375 401 352 260 17 177 286 231 449 408 126 65 366 232 277 205 277 93 273 174 270
 210 395 296 88 391 234 295 181 82 355 182 310 140 221 298 317 342 322 305 279 147 69 157 179 107 1 222 262 41 306 148 67 281 116 115 330 314 280 146 129 41 277 228 112 220 219 158 323 150 295 234 209 189 96 413 197 205 250 223 257 208 201 103 123 300 156 34 159 97 275 181 236 430 123 181 279 284 156 322 223 102 199 342 222 320 322 150 178 48 87 34 212 133 227 419 51 287 297 293 258 44 147 51 119 341 340 257 14 268 183 84 79 259 231 248 324 339 153 253 150 350 177 317 100 303 214 275 93 90 102 325 350 154 106 70 308 367 226 254 197 181 324 174 212 213 298 120 211 208 194 137 78 303 132 101 40 34 380 119 341 183 148 120 350 78 322 348 326 162 74 178 94 151 218 69 247 133 317 173 217 35 62 290 100 324 314 328 223 113 133 89 285 170 253 215 324 79 376 128 269 295 251 168 92 129 188 184 351 303 26 71 260 135 177 128 243 137 175 116 200
 312 310 227 307 278 302 114 308 233 338 53 321 313 361 191 384 295 161 379 325 321 182 322 239 324 222 1 54 252 373 269 282 296 218 288 259 393 381 175 168 182 327 237 326 308 109 94 354 346 255 318 271 294 132 302 298 87 241 74 81 36 207 121 178 318 81 239 333 223 360 180 225 319 101 197 185 401 111 438 350 298 351 336 30 311 427 201 227 194 306 235 333 350 40 313 260 262 328 394 100 253 90 222 332 254 286 49 210 253 150 291 156 39 69 28 319 309 101 39 118 234 52 417 163 375 357 140 292 310 133 303 238 338 327 221 304 257 38 362 235 251 281 49 29 181 248 206 256 329 304 330 145 207 118 147 252 198 263 105 226 335 202 331 283 298 326 343 188 263 275 227 129 283 20 276 373 274 262 306 305 217 188 238 320 269 282 337 37 126 142 206 123 336 246 17 329 150 296 342 84 144 165 190 309 278 167 303 247 151 212 289 107 174 156 230 360 350 164 261 269
 366 347 271 345 310 355 138 360 282 385 81 371 363 414 230 436 340 187 432 377 371 213 373 292 360 262 54 1 288 426 321 318 346 270 338 301 446 434 229 221 225 379 289 370 361 158 114 405 394 302 371 324 347 179 333 351 138 292 122 42 88 259 166 231 369 133 275 384 274 413 233 276 349 147 250 228 454 164 492 403 345 403 384 41 360 481 254 280 228 344 279 386 393 36 345 296 311 380 447 138 288 142 255 377 293 329 6 251 303 203 336 203 45 50 45 368 356 122 61 172 268 104 470 213 428 410 178 339 348 165 351 273 387 367 270 353 290 37 415 288 305 326 94 51 233 294 258 309 382 357 378 185 248 142 176 295 235 294 151 261 387 255 376 325 339 375 391 219 316 321 281 171 336 47 321 426 326 307 359 358 262 235 285 361 313 329 387 85 176 195 256 154 387 296 51 379 196 334 386 113 176 212 244 345 329 220 356 283 182 256 332 145 227 209 282 413 395 217 312 323
 238 434 336 58 431 266 332 207 115 392 208 345 156 241 338 346 381 360 333 313 162 79 173 215 74 41 252 288 1 336 177 31 318 152 134 369 342 305 185 169 78 310 266 104 250 258 178 357 153 334 264 243 218 132 453 226 242 289 260 278 242 239 137 163 336 192 14 172 132 304 221 275 470 156 220 318 306 195 343 245 111 217 378 249 357 344 188 215 61 57 62 236 118 253 459 12 326 331 318 296 5 183 41 112 381 379 283 53 307 223 89 118 289 252 279 361 377 172 285 189 390 211 341 140 332 233 314 102 63 124 362 390 164 85 105 345 407 252 279 234 216 363 204 239 253 337 158 246 233 222 143 108 343 150 117 54 54 419 152 381 202 187 114 389 60 359 384 365 194 86 215 126 177 246 77 268 159 356 197 247 72 102 329 80 363 352 364 257 150 172 127 322 185 292 244 359 116 416 119 305 333 291 207 59 154 228 211 391 341 65 63 298 174 217 163 266 128 215 144 234
 99 238 202 339 276 78 341 134 225 131 378 88 198 127 250 12 171 320 13 51 197 358 183 144 358 306 373 426 336 1 160 342 94 198 209 202 26 58 208 223 299 48 139 283 87 273 387 57 236 163 73 109 119 293 283 111 290 143 309 450 339 167 308 218 81 303 336 195 212 37 194 156 291 316 178 235 85 267 98 111 243 151 112 396 117 78 185 153 343 337 276 110 303 406 278 344 146 61 58 311 340 298 356 280 227 182 421 301 141 224 263 278 390 430 385 110 147 389 375 262 267 329 64 248 10 134 284 250 333 354 134 261 210 321 238 110 265 405 74 141 135 165 349 388 196 176 201 120 112 115 231 321 236 379 368 283 329 278 314 264 157 185 276 200 312 99 113 291 146 257 153 316 160 386 268 102 178 181 144 90 273 261 180 317 181 149 90 343 280 246 226 316 181 139 381 95 288 226 285 341 304 233 187 348 184 207 128 251 306 283 296 305 215 218 184 91 284 211 193 114
 64 298 211 186 312 92 286 41 67 229 256 178 68 94 238 170 233 290 158 139 74 204 66 64 206 148 269 321 177 160 1 185 153 53 61 237 168 135 99 102 146 136 121 142 74 201 253 183 115 192 88 75 42 155 329 50 204 145 227 335 240 112 171 92 167 189 177 82 58 129 116 139 344 185 101 216 145 161 184 86 96 84 213 285 196 180 76 73 187 184 117 71 167 294 331 185 179 159 149 248 181 181 198 141 256 236 316 143 160 142 112 134 297 311 289 198 222 252 285 153 280 218 174 112 157 89 242 100 181 209 205 277 94 175 81 183 291 292 110 85 55 217 231 275 144 201 64 87 67 48 102 174 233 238 219 124 172 305 182 273 69 74 138 250 159 192 218 277 23 103 72 175 17 276 114 111 24 218 39 71 115 110 196 169 223 202 195 249 149 128 75 266 77 145 272 192 145 280 150 272 265 196 97 195 32 132 40 273 270 125 142 245 97 133 40 102 152 125 34 65
 244 455 357 29 454 276 361 210 128 407 238 359 153 239 362 352 399 387 338 323 158 108 170 230 43 67 282 318 31 342 185 1 332 168 135 390 346 307 207 192 106 320 284 87 257 285 208 367 141 353 271 255 225 161 476 233 270 307 289 308 272 259 166 184 349 221 44 166 147 308 242 294 492 185 240 343 305 222 340 245 106 214 392 279 373 344 207 231 91 28 77 238 95 283 481 24 344 342 319 324 31 212 68 94 403 399 314 80 325 247 83 145 319 282 309 376 394 202 315 216 414 240 342 164 338 231 341 97 35 154 379 413 156 59 121 360 431 282 280 250 229 381 235 269 275 357 175 261 235 228 133 138 367 180 146 63 85 443 182 405 200 205 97 409 41 372 398 391 204 86 231 156 183 276 75 267 165 376 200 255 92 125 350 55 382 370 377 286 178 197 145 351 180 309 274 373 144 437 99 334 361 315 227 28 159 250 215 414 368 88 51 326 196 241 177 267 108 238 152 246
 118 160 109 337 190 73 251 150 205 77 310 30 214 175 158 102 91 228 105 46 217 319 204 103 357 281 296 346 318 94 153 332 1 167 213 113 118 134 152 169 263 51 63 294 99 190 326 60 260 71 93 80 124 241 201 118 210 56 227 375 261 97 254 169 24 235 314 220 186 104 126 72 212 257 114 143 163 199 187 155 248 190 61 321 44 169 136 105 308 334 257 144 318 332 198 327 53 36 141 223 321 232 328 293 137 98 342 272 49 151 264 232 308 358 304 45 72 329 292 195 176 257 155 200 100 179 194 252 332 303 56 170 235 327 214 31 176 330 134 86 104 79 280 315 115 84 163 72 143 129 250 274 143 323 319 269 296 189 255 173 187 137 289 116 310 42 68 198 132 253 105 264 162 311 264 162 176 91 160 100 248 226 87 321 93 62 49 262 223 186 194 226 209 51 306 43 241 145 301 254 212 144 127 345 184 134 141 161 214 256 293 217 161 147 156 145 302 142 184 89
 109 291 196 177 296 122 246 93 42 241 204 195 101 146 212 209 233 256 198 166 109 161 107 65 198 116 218 270 152 198 53 168 167 1 81 227 210 183 57 53 103 164 117 150 113 160 202 209 143 187 127 95 87 104 316 94 158 140 182 283 190 94 120 43 186 138 149 120 22 171 86 129 332 133 77 191 195 112 234 138 107 134 227 233 207 228 44 65 147 174 92 122 177 242 320 162 177 182 197 206 156 129 163 153 242 233 265 107 158 104 114 84 248 259 239 210 227 202 236 104 260 167 221 60 196 141 207 106 173 160 212 258 128 174 48 194 274 241 159 83 67 215 180 223 118 193 15 96 118 96 128 126 212 188 172 106 133 287 130 252 118 42 150 244 152 208 234 248 56 99 64 124 66 225 108 162 58 211 90 110 82 65 186 168 217 203 214 201 97 78 29 227 121 143 220 209 94 273 163 228 229 167 67 184 63 99 91 257 236 91 136 205 51 95 16 152 168 88 47 87
 112 357 268 131 369 149 326 77 57 289 264 238 27 108 290 219 293 336 205 196 36 181 42 122 150 115 288 338 134 209 61 135 213 81 1 295 212 173 137 132 130 192 180 81 127 240 252 239 63 252 140 135 95 161 387 103 237 204 260 344 264 166 175 121 227 209 138 48 68 175 164 196 402 193 152 268 172 188 210 112 36 85 272 299 257 211 121 129 161 129 83 104 106 306 389 141 239 217 185 286 138 199 164 81 313 296 332 116 220 184 55 137 321 319 312 258 282 250 311 180 335 237 208 127 204 101 287 42 125 201 266 333 50 116 69 243 347 305 146 144 115 277 245 289 195 260 95 147 101 96 47 167 288 231 206 82 146 361 189 328 69 119 77 310 104 252 278 327 83 50 128 174 53 292 61 135 39 277 66 125 90 105 254 111 282 262 254 275 163 154 84 308 56 205 288 252 145 339 89 307 310 245 144 140 30 178 83 330 316 101 88 285 131 175 78 133 93 168 37 126
 221 66 37 402 79 178 177 247 268 97 291 116 303 282 74 209 43 139 214 158 308 347 297 174 423 330 259 301 369 202 237 390 113 227 295 1 227 246 185 202 300 163 117 373 203 155 320 154 350 47 201 171 220 259 94 217 180 93 186 338 228 133 267 207 123 227 362 314 247 216 149 100 108 261 152 75 275 198 298 262 327 293 106 288 89 279 185 168 342 400 314 249 400 298 95 380 64 143 253 165 373 228 367 374 25 31 298 318 80 153 338 261 258 327 258 98 67 325 242 199 66 238 265 232 210 285 125 329 399 316 73 60 328 400 271 93 64 297 245 152 183 39 262 285 118 37 217 153 247 228 338 295 55 327 334 330 333 77 261 66 286 187 371 25 378 109 111 103 215 324 168 280 250 278 333 272 258 23 255 203 299 268 42 394 23 55 122 223 238 205 246 154 305 93 273 114 267 48 383 192 134 98 164 409 267 144 238 50 132 305 361 158 196 156 222 255 387 157 261 179
 105 261 226 341 300 94 364 137 234 153 396 112 198 121 275 21 195 345 15 75 196 369 182 160 359 314 393 446 342 26 168 346 118 210 212 227 1 46 225 239 310 71 161 282 97 295 404 79 232 188 84 125 127 308 306 119 310 167 330 469 359 188 324 233 105 322 343 193 222 40 214 179 315 333 197 259 68 286 75 107 244 146 135 416 141 54 201 170 353 339 283 110 300 426 301 350 170 85 41 334 346 316 365 279 251 206 441 310 165 244 266 292 411 449 406 134 170 405 396 280 291 348 40 263 19 128 308 252 335 368 158 286 207 321 247 135 289 424 69 159 150 190 367 408 218 201 214 138 112 121 229 334 260 394 381 289 338 302 330 289 154 201 274 224 314 122 135 316 156 261 170 330 166 405 272 93 184 205 147 101 281 273 204 318 205 173 113 363 295 263 237 339 178 163 400 118 302 249 283 364 327 256 205 350 189 227 132 276 329 292 298 328 231 238 195 85 281 230 200 129
 75 289 239 300 323 83 366 100 201 185 378 137 156 76 284 61 220 352 47 89 154 338 139 143 317 280 381 434 305 58 135 307 134 183 173 246 46 1 208 219 280 84 161 239 75 290 382 112 188 203 64 112 96 284 332 90 302 172 324 454 348 181 300 212 128 306 307 149 192 31 204 181 342 311 186 266 30 271 60 63 203 101 166 402 166 48 183 155 321 298 248 70 256 411 328 312 185 108 15 332 309 299 330 235 270 230 429 276 175 235 225 266 403 432 396 161 197 382 388 265 308 334 39 239 49 84 311 211 293 342 183 303 164 279 215 157 309 410 27 149 131 211 351 393 214 216 189 130 73 88 186 307 272 369 353 251 306 322 308 305 111 182 231 247 273 150 168 326 128 222 154 306 130 392 233 48 148 224 109 77 248 244 218 275 226 194 143 354 274 244 209 341 134 169 387 147 276 275 239 361 332 259 192 309 152 219 97 294 335 259 258 327 212 227 168 41 237 219 165 113
 138 250 151 221 249 133 190 135 93 218 172 181 156 188 160 220 199 200 212 166 164 171 160 66 242 146 175 229 185 208 99 207 152 57 137 185 225 208 1 19 118 166 91 204 135 104 180 204 199 151 146 101 120 90 269 124 106 110 129 247 144 59 104 24 174 99 179 175 74 190 37 94 286 109 39 139 227 65 265 176 161 181 208 195 184 255 27 56 162 219 132 159 231 204 275 196 146 177 222 151 189 92 185 207 197 196 223 134 127 48 166 83 201 225 193 190 199 182 188 58 210 127 245 51 209 185 151 160 219 153 185 208 184 224 92 173 225 203 188 70 78 181 144 186 69 154 43 91 155 130 184 123 162 174 169 149 152 238 107 201 167 28 204 205 199 191 215 194 90 150 57 113 115 185 158 199 111 172 136 132 116 85 145 217 179 172 200 152 73 38 66 171 174 113 180 193 91 231 217 174 173 113 26 227 117 45 130 208 180 121 183 149 12 39 63 186 223 33 103 98
 147 267 168 206 264 146 194 140 83 236 160 198 153 193 173 234 217 208 226 182 161 152 159 80 228 129 168 221 169 223 102 192 169 53 132 202 239 219 19 1 100 182 109 193 146 109 166 221 194 169 158 115 128 73 285 133 106 128 129 237 139 77 87 12 191 89 162 173 66 202 54 112 302 95 57 153 236 60 275 183 153 184 226 186 203 266 39 71 144 204 117 166 221 195 291 179 164 193 233 155 172 81 168 197 213 214 216 117 146 58 156 64 197 215 188 208 217 167 184 52 224 118 257 33 223 190 159 151 205 136 204 223 180 211 79 191 240 194 198 87 90 199 134 176 85 171 40 106 162 138 178 105 176 158 151 135 134 253 92 215 169 39 195 222 186 209 233 205 96 139 71 96 117 177 146 206 110 190 139 143 101 68 162 204 197 190 217 149 58 27 54 177 173 132 172 211 73 248 207 176 182 126 44 213 115 60 136 223 188 105 170 154 9 51 63 194 214 47 99 111
 207 365 265 128 358 224 255 184 82 333 146 292 156 230 263 310 316 283 299 267 164 60 171 163 147 41 182 225 78 299 146 106 263 103 130 300 310 280 118 100 1 265 206 146 214 181 126 309 176 268 228 196 185 56 380 193 166 226 183 223 168 175 63 97 283 116 68 177 89 271 153 211 397 83 155 244 288 118 328 228 126 211 322 185 299 324 128 159 46 127 56 214 169 191 387 88 262 282 294 219 80 107 69 153 310 313 220 29 244 150 114 41 219 197 209 304 315 123 213 113 316 137 318 69 297 224 237 118 130 73 302 316 175 145 67 287 334 190 255 177 168 298 135 175 183 270 102 194 210 193 161 42 270 103 77 72 35 345 79 307 194 127 153 321 117 304 329 289 155 100 159 55 153 180 98 252 136 289 177 211 42 39 261 139 296 289 311 183 73 98 75 246 185 229 177 305 39 346 163 229 257 216 142 132 135 157 184 318 264 33 108 221 107 145 117 246 171 144 119 189
 84 207 158 321 239 45 294 120 197 109 334 57 186 133 205 58 137 275 57 6 188 324 174 105 340 277 327 379 310 48 136 320 51 164 192 163 71 84 166 182 265 1 92 270 66 226 346 48 230 121 55 71 98 253 249 91 243 96 262 405 292 121 268 178 46 259 309 189 181 54 149 109 259 275 134 189 114 223 137 114 227 152 90 351 85 119 145 112 310 318 249 106 293 361 246 319 103 29 91 264 314 254 326 268 187 147 374 270 95 178 245 240 343 385 338 81 116 348 328 218 226 284 106 209 53 138 238 232 315 316 101 220 204 306 208 75 226 360 87 97 99 128 305 343 149 134 165 77 106 99 222 283 191 339 330 258 296 239 272 222 152 145 264 164 293 71 94 247 117 237 112 276 140 340 248 116 157 141 131 69 243 227 136 301 142 111 68 296 239 203 192 269 176 93 335 69 250 192 275 294 257 186 144 329 164 161 112 211 259 253 277 258 174 173 151 100 275 166 169 78
 113 179 93 292 192 79 206 134 158 129 248 92 187 176 129 150 117 193 147 90 192 260 182 59 313 228 237 289 266 139 121 284 63 117 180 117 161 161 91 109 206 92 1 258 98 135 264 120 235 73 102 59 108 179 209 106 152 25 171 315 202 35 192 110 86 173 262 199 138 134 63 22 224 195 53 109 187 137 219 157 212 182 118 261 95 204 79 54 251 290 208 142 285 272 211 276 61 93 172 174 270 169 272 259 136 118 284 218 42 89 225 172 252 297 247 100 111 267 237 133 164 196 191 141 143 177 151 215 289 242 97 161 212 287 164 83 173 270 150 37 67 100 218 254 58 81 110 40 139 117 222 213 120 261 258 222 239 187 193 158 174 81 256 131 267 101 125 171 99 212 55 203 134 251 222 172 143 98 142 97 196 170 77 281 104 87 110 205 161 124 141 182 191 27 246 104 181 160 268 203 173 99 66 300 151 72 125 155 176 203 250 168 101 85 110 156 271 79 146 66
 188 436 344 68 445 228 384 152 112 369 291 317 86 166 361 291 373 401 277 274 87 177 101 200 81 112 326 370 104 283 142 87 294 150 81 373 282 239 204 193 146 270 258 1 205 300 269 317 58 331 217 215 174 195 464 181 292 282 314 368 308 242 206 183 306 253 115 91 131 247 235 274 479 226 226 340 232 241 265 177 47 140 352 330 337 271 193 206 156 67 92 174 28 336 467 104 318 296 250 345 107 243 144 9 390 375 365 121 299 250 39 172 362 341 352 338 362 264 354 234 409 278 271 177 277 158 352 45 60 213 346 407 78 41 116 324 423 335 214 222 195 356 279 320 268 338 163 227 172 173 55 187 361 243 211 76 144 436 222 402 129 191 11 389 47 332 358 396 163 55 206 200 133 325 51 195 119 355 141 203 110 142 332 39 361 342 334 321 205 210 140 368 106 284 322 332 177 418 17 361 374 315 216 77 110 247 159 405 381 115 44 345 195 242 152 199 26 236 113 206
 20 256 187 257 281 27 298 55 139 170 305 117 121 81 226 98 187 290 86 70 123 273 109 70 276 220 308 361 250 87 74 257 99 113 127 203 97 75 135 146 214 66 98 205 1 219 309 113 165 157 15 42 34 213 294 26 230 116 252 381 275 111 229 139 106 232 250 125 126 59 132 119 307 239 114 206 95 198 132 61 162 92 152 328 141 121 109 82 257 254 190 47 228 338 293 258 140 93 88 263 254 225 270 203 225 194 356 214 125 163 181 196 330 359 324 140 170 310 316 191 258 260 112 167 85 83 246 168 251 272 154 254 140 242 152 129 264 336 56 78 58 174 278 319 146 169 118 61 46 33 157 238 216 298 284 197 243 277 236 253 90 109 199 210 229 132 157 268 60 173 81 235 76 318 185 76 93 181 66 4 186 177 167 237 185 157 132 281 202 171 141 275 112 114 313 131 206 240 210 291 268 194 118 265 100 147 47 247 272 197 213 259 139 155 99 59 210 147 107 40
 229 212 121 304 190 208 87 234 190 230 137 214 259 285 94 284 188 104 281 224 267 213 263 153 325 219 109 158 258 273 201 285 190 160 240 155 295 290 104 109 181 226 135 300 219 1 167 249 301 147 227 179 214 128 214 216 26 135 37 189 75 110 130 120 212 78 247 278 174 265 90 120 231 118 107 82 313 64 348 270 261 282 228 137 203 335 126 140 214 302 217 253 327 147 223 268 154 224 302 48 260 83 243 304 154 180 153 206 146 60 262 141 119 176 115 212 202 173 103 70 145 84 323 125 277 283 58 258 304 173 195 147 286 314 185 197 166 146 274 143 167 173 108 132 78 141 145 161 250 224 286 161 107 177 192 235 210 176 119 136 268 128 302 179 287 218 235 110 188 245 141 143 217 126 251 291 214 156 236 217 199 163 131 307 162 174 230 74 109 92 161 70 276 140 122 222 143 196 314 73 77 59 107 309 220 73 227 153 84 199 273 46 110 69 166 276 321 77 205 181
 308 378 284 235 354 311 203 293 199 383 41 354 278 344 259 399 349 246 391 345 287 101 291 245 249 158 94 114 178 387 253 208 326 202 252 320 404 382 180 166 126 346 264 269 309 167 1 382 301 304 322 280 287 99 378 293 142 276 144 101 106 230 83 171 349 95 165 299 198 366 202 259 395 72 214 248 396 129 435 338 251 328 377 78 352 428 203 235 118 234 181 322 289 79 388 185 306 354 395 180 178 97 142 276 320 342 110 149 292 179 238 120 128 75 119 359 358 9 131 132 309 84 420 144 388 339 215 243 239 56 348 312 299 260 184 342 331 79 358 249 254 332 61 71 218 300 193 270 318 297 286 86 273 29 63 195 127 339 75 300 311 203 276 344 233 363 384 268 255 225 236 80 264 80 222 363 250 317 289 306 166 149 290 254 324 330 373 118 109 143 179 206 306 281 80 366 110 362 285 172 225 223 203 235 251 195 291 318 232 158 228 185 174 181 216 353 294 186 234 275
