NAME : domp240p120v2
COMMENT : (Deleplanque et al.) 
TYPE : DOMP
DIMENSION : 240
DISPLAY_DATA_TYPE: NO_DISPLAY
OPEN_FACILITIES : 120
COST_SECTION
 1 110 330 306 215 410 113 124 265 253 105 274 280 260 247 397 395 362 201 283 239 352 243 247 251 220 359 318 363 50 164 232 363 132 299 316 28 131 271 221 297 147 283 216 135 70 96 319 255 190 183 175 202 282 83 252 316 159 361 355 188 302 141 211 124 201 273 130 61 213 221 45 188 200 206 218 190 239 366 74 288 343 39 226 229 233 94 168 316 118 177 161 389 328 166 131 185 230 297 164 108 302 114 265 426 65 331 119 218 277 198 49 160 331 379 93 131 267 295 206 401 62 170 191 58 376 190 229 83 193 229 346 194 313 30 375 229 308 166 278 125 108 84 308 278 65 347 267 40 245 196 130 265 250 431 193 277 182 274 252 146 70 364 177 228 87 263 200 340 256 214 333 295 368 389 346 93 178 277 349 228 330 344 171 149 193 135 38 209 252 290 66 380 226 269 126 87 217 95 386 216 193 296 237 176 303 249 294 135 76 275 361 289 49 153 373 186 257 337 73 108 434 310 162 354 199 26 116 318 55 355 184 252 238 344 353 336 223 147 158
 110 1 290 280 301 439 108 17 311 349 167 230 289 306 262 432 399 291 271 317 257 326 310 189 352 286 321 257 354 117 211 321 316 70 245 314 105 221 255 298 334 251 276 314 199 53 195 279 343 280 87 74 172 260 91 354 350 63 324 318 152 228 217 247 165 255 309 230 55 271 179 144 162 176 194 230 116 212 379 38 240 337 123 133 184 297 71 167 334 33 131 212 315 376 270 237 280 328 256 188 107 348 169 352 452 66 310 159 275 331 199 132 240 287 415 105 47 313 273 286 408 162 276 193 84 412 268 299 191 127 294 356 212 274 92 314 140 240 198 227 227 139 107 309 238 86 290 305 144 236 120 224 185 307 459 145 196 260 351 345 42 57 301 210 330 65 265 115 291 343 302 356 349 406 403 389 28 273 352 345 191 362 292 122 249 228 116 73 295 298 214 56 390 175 212 141 61 123 38 423 165 159 347 247 243 229 340 339 59 50 300 340 350 158 216 394 281 219 336 47 11 461 281 203 378 213 128 167 290 76 301 288 348 260 380 360 379 300 154 253
 330 290 1 47 342 259 218 281 239 409 265 61 140 236 155 270 170 106 287 210 164 53 293 105 429 282 32 68 110 287 232 365 36 358 55 114 349 323 83 318 222 380 100 393 264 328 337 12 376 348 226 245 129 66 249 440 221 239 36 30 145 115 290 206 233 246 211 355 321 259 113 322 143 132 132 156 180 94 179 306 52 109 304 201 107 280 245 170 172 320 162 239 131 273 396 381 362 400 35 197 223 254 253 375 262 274 58 234 258 269 151 300 303 13 262 239 331 240 62 321 185 327 405 155 274 262 309 298 368 165 284 160 175 18 302 77 187 95 205 67 360 233 248 120 54 358 56 215 332 109 179 335 145 268 272 147 144 305 342 396 308 332 81 204 421 349 125 191 29 373 351 196 276 262 198 265 313 360 341 119 104 221 36 170 364 205 197 313 342 236 122 281 180 116 86 212 255 205 265 269 126 139 265 146 272 115 382 248 344 274 184 76 296 357 263 211 362 75 121 280 300 270 36 222 209 165 355 248 40 342 49 404 409 173 241 154 261 317 191 351
 306 280 47 1 298 222 195 274 193 365 231 63 94 190 109 230 141 148 243 164 119 48 247 112 386 238 61 103 84 260 192 321 79 349 81 71 327 285 41 273 176 342 53 350 226 313 302 42 331 305 227 246 110 25 226 396 176 236 62 57 129 144 251 162 199 202 165 318 304 215 103 293 122 109 101 114 179 70 142 291 68 75 276 211 100 235 226 140 128 311 150 199 176 227 357 344 320 356 46 160 200 208 219 330 227 255 31 201 214 223 115 271 262 58 220 214 324 194 16 277 155 295 366 120 251 221 266 253 336 163 239 121 136 41 279 123 197 126 167 81 323 203 223 76 52 341 100 169 302 69 180 297 163 222 236 137 166 262 296 352 304 316 126 164 379 335 79 195 74 328 308 153 230 219 163 221 301 318 294 85 91 177 82 159 325 163 176 293 299 190 148 263 145 113 99 183 238 214 251 228 121 122 219 102 230 144 338 202 336 256 138 62 250 328 223 173 321 64 84 263 290 235 12 182 168 126 329 213 13 324 95 363 364 128 198 117 217 273 161 311
 215 301 342 298 1 265 216 310 128 69 136 310 216 127 190 243 302 423 56 164 180 330 67 318 90 64 357 371 305 186 121 26 376 344 344 258 240 86 259 28 167 102 248 58 108 280 124 333 45 31 335 339 255 276 215 101 185 319 356 353 258 383 85 137 152 97 157 98 269 85 280 171 244 245 228 187 310 264 263 274 327 285 184 363 288 72 240 204 218 321 268 116 454 162 101 119 47 61 320 163 213 148 139 52 284 235 307 156 86 114 203 174 62 349 226 205 337 129 283 22 300 155 108 202 217 222 38 53 158 301 66 255 172 329 216 413 357 378 150 326 107 175 199 248 306 280 386 149 178 234 317 89 367 94 284 276 378 45 65 57 342 281 411 146 86 300 221 330 365 44 12 217 125 214 277 187 296 52 68 284 275 198 372 270 85 139 228 243 8 123 377 246 278 296 331 187 245 356 268 231 292 257 135 197 75 385 45 145 344 251 179 325 107 185 97 250 47 290 271 255 304 289 308 134 230 182 218 143 308 269 386 93 68 172 199 266 178 30 193 67
 410 439 259 222 265 1 332 439 150 310 306 279 156 154 179 27 100 363 233 128 182 212 200 322 337 213 249 323 153 362 247 276 277 504 301 153 436 315 215 239 114 358 186 319 279 449 351 259 269 291 417 432 287 222 355 350 95 416 245 246 305 364 285 200 289 214 137 344 438 208 297 375 289 278 255 209 370 257 81 432 288 151 372 415 299 200 369 274 108 469 328 250 386 104 363 371 309 316 266 254 334 119 297 260 20 387 202 294 203 153 242 362 277 271 40 340 484 149 214 254 86 367 370 248 375 44 257 216 393 354 206 102 228 260 392 328 403 346 247 299 352 310 343 151 269 467 313 144 385 218 374 325 379 178 23 322 383 261 217 295 474 452 337 236 344 473 183 391 286 265 275 84 140 52 65 79 450 312 213 141 284 80 293 336 338 218 324 417 270 162 367 398 82 313 316 301 381 415 402 38 318 298 132 194 246 365 281 125 496 397 140 191 160 405 263 50 309 271 139 403 447 26 231 249 62 227 425 294 222 450 304 357 310 179 69 106 88 237 285 319
 113 108 218 195 216 332 1 111 205 276 84 162 185 200 156 325 298 255 176 210 151 242 211 139 285 189 247 209 259 74 109 240 250 174 188 215 132 152 162 208 227 199 179 245 109 123 144 207 260 203 120 125 90 172 32 290 243 105 249 243 76 199 134 141 66 153 202 174 113 170 110 112 76 88 97 125 99 127 275 104 176 240 90 150 118 198 38 63 229 138 69 112 284 270 219 192 209 257 185 82 6 242 79 266 346 62 222 61 174 227 96 90 156 219 308 23 154 207 185 198 306 122 226 89 57 305 180 203 164 95 196 253 105 201 85 264 147 202 92 167 175 42 33 209 166 148 237 198 120 139 106 160 169 205 353 84 181 172 257 268 146 127 255 104 267 147 164 117 228 259 221 250 245 299 299 282 120 203 258 247 116 255 232 66 190 122 23 99 213 193 188 71 287 116 160 35 50 142 72 316 108 81 241 142 148 201 260 233 165 68 193 253 248 144 122 289 210 144 237 74 116 355 199 100 272 106 138 75 207 131 244 233 275 154 273 258 272 208 48 186
 124 17 281 274 310 439 111 1 315 360 176 222 288 309 261 433 396 278 278 319 258 319 316 180 364 293 313 246 349 128 216 331 307 77 235 311 121 232 250 307 336 264 273 326 207 69 207 271 353 290 73 58 167 255 98 366 351 49 316 310 147 215 226 250 170 260 311 243 70 277 172 157 158 172 191 230 105 207 377 53 231 333 135 118 177 303 76 166 334 40 125 217 301 379 283 250 291 339 248 191 110 351 176 361 452 76 304 165 281 336 198 144 249 278 416 111 51 317 268 295 405 175 289 192 94 414 277 306 205 118 301 354 213 265 105 303 126 228 201 217 240 144 114 306 230 102 279 307 158 233 108 236 172 313 459 138 183 269 359 356 36 72 289 213 343 79 263 102 281 353 312 356 353 408 401 392 43 284 360 341 184 363 282 116 261 232 116 87 305 302 201 67 388 166 202 145 67 108 43 425 157 154 351 246 250 216 350 343 64 60 301 334 356 173 223 394 292 212 332 58 24 461 274 208 378 213 144 174 284 91 291 301 359 261 381 358 382 308 156 265
 265 311 239 193 128 150 205 315 1 188 161 225 101 6 89 134 175 335 86 37 83 216 64 250 213 68 247 284 181 219 104 146 270 372 257 139 292 165 161 101 41 212 140 186 131 312 202 233 149 149 311 322 194 177 222 226 60 304 246 243 206 309 135 66 150 65 31 196 301 59 214 228 189 183 159 105 271 183 136 298 240 163 227 324 220 58 241 159 92 339 225 106 364 66 219 223 167 187 226 125 205 38 153 145 169 252 194 156 54 31 137 217 128 249 116 207 355 3 179 112 173 218 226 140 237 113 111 77 243 258 63 128 109 230 251 314 314 298 114 244 204 174 207 129 217 325 290 25 238 144 277 176 306 36 172 226 315 113 107 173 350 315 316 102 213 336 116 294 265 145 139 90 44 105 151 82 318 169 104 160 205 75 273 231 192 84 204 277 132 14 307 264 151 232 255 171 251 320 274 123 232 202 38 103 97 311 159 30 366 265 58 206 59 256 115 126 167 207 148 270 318 176 204 109 105 114 279 152 201 310 287 216 188 74 82 139 72 99 162 173
 253 349 409 365 69 310 276 360 188 1 193 378 281 189 257 286 360 491 123 225 248 397 125 385 28 129 424 438 368 233 187 45 443 384 411 323 274 129 327 93 225 113 315 38 170 321 158 401 42 73 393 395 321 344 270 41 240 375 423 420 323 450 143 204 214 165 218 124 311 151 347 210 309 311 295 255 372 331 321 319 395 349 228 424 355 134 294 270 279 366 331 182 521 208 99 131 70 24 388 229 272 200 198 51 329 285 374 217 153 168 270 218 121 417 271 262 381 189 350 90 356 192 101 269 267 267 104 115 180 364 130 315 240 397 260 480 419 445 217 394 130 234 255 313 374 315 454 211 214 302 379 126 432 154 328 341 443 110 94 16 390 322 478 213 43 339 288 391 433 46 60 274 174 259 332 232 341 77 98 347 342 253 440 333 105 207 290 285 69 185 443 294 335 362 398 249 298 417 320 274 358 323 186 264 142 451 31 199 386 301 242 390 152 213 161 304 69 358 335 304 352 333 375 200 285 250 249 202 376 307 454 82 2 239 250 326 225 94 257 97
 105 167 265 231 136 306 84 176 161 193 1 217 184 156 151 293 298 323 105 179 142 275 145 208 202 122 289 273 274 60 60 159 300 219 248 224 132 70 192 132 193 122 196 162 34 156 73 255 180 121 201 204 148 206 80 208 212 184 290 285 143 273 52 108 33 97 170 96 145 111 173 72 134 140 135 126 181 173 267 145 234 253 68 232 181 134 104 98 216 191 145 57 353 224 140 118 126 174 235 72 80 198 13 187 323 103 252 32 115 174 117 57 75 269 275 70 207 163 217 120 302 68 148 112 85 272 102 134 106 175 130 248 101 249 93 324 229 272 69 228 99 44 64 216 217 166 296 163 82 164 189 79 247 148 327 157 259 94 184 186 209 158 318 78 185 179 172 200 281 179 140 230 192 264 288 242 167 120 186 257 173 226 287 145 109 92 100 120 132 148 263 114 281 185 226 62 110 225 133 282 178 145 193 145 77 274 178 190 215 118 173 278 189 105 51 271 127 197 245 122 172 330 238 60 251 109 121 18 243 151 300 153 192 139 240 256 232 133 78 104
 274 230 61 63 310 279 162 222 225 378 217 1 136 221 137 285 203 114 256 203 143 101 270 50 396 256 92 62 146 233 194 335 90 298 34 128 291 280 69 289 217 336 97 357 222 269 289 50 348 312 169 188 73 59 192 405 222 180 95 89 87 88 249 178 185 216 201 311 262 232 54 269 88 78 86 126 121 48 201 247 18 137 249 149 48 256 186 120 179 261 103 200 145 271 353 334 324 366 27 154 167 247 206 349 286 216 92 186 232 255 109 247 265 59 274 183 271 226 66 289 217 276 362 112 217 273 275 272 317 107 259 179 139 44 245 108 135 74 165 21 314 181 192 130 12 299 80 203 278 82 121 291 101 248 295 87 105 270 321 366 250 273 103 166 385 289 112 135 67 346 319 205 266 271 223 269 254 321 320 147 47 226 72 110 321 172 140 255 310 218 89 222 206 57 38 160 196 152 206 282 66 82 256 123 237 89 353 240 284 215 176 121 282 303 224 230 325 22 144 221 241 295 58 182 223 129 298 200 69 283 85 362 377 152 247 177 262 289 140 310
 280 289 140 94 216 156 185 288 101 281 184 136 1 99 35 156 116 239 163 71 44 117 159 171 304 153 148 190 94 231 131 237 170 357 164 44 305 222 67 190 84 277 42 271 168 307 248 135 244 229 262 277 132 81 212 315 87 262 146 143 150 223 187 87 158 124 72 255 296 133 143 254 134 123 100 63 215 104 91 288 148 73 244 261 146 148 222 124 49 320 173 137 267 137 289 283 245 276 131 117 188 115 173 242 167 244 94 162 130 130 91 236 192 150 143 197 335 102 80 196 123 252 298 97 235 142 188 167 287 199 153 69 87 132 257 215 249 208 116 156 262 173 202 35 126 329 193 77 265 63 219 234 229 132 175 167 236 186 206 267 322 310 218 107 300 331 28 236 167 241 226 75 138 138 115 134 304 245 204 75 130 92 175 181 258 97 174 279 218 99 223 255 103 160 170 159 234 261 254 151 164 143 127 44 157 224 253 109 347 252 45 110 157 288 159 109 245 122 62 258 298 176 105 126 95 82 300 169 102 312 188 292 281 49 113 75 128 188 139 242
 260 306 236 190 127 154 200 309 6 189 156 221 99 1 85 139 176 331 83 38 79 214 64 245 213 66 245 280 181 214 99 146 268 366 253 137 287 162 157 100 44 209 137 185 127 307 198 230 150 147 306 317 189 173 217 225 63 298 244 241 201 305 131 61 144 61 31 192 295 55 210 223 184 178 154 101 266 179 138 293 236 162 223 319 216 57 235 153 92 334 220 101 360 71 216 220 165 186 222 120 200 43 148 146 172 247 192 150 50 35 132 212 125 246 121 202 350 9 175 111 174 214 224 135 232 117 109 76 239 253 62 128 104 227 246 311 309 294 109 240 200 169 202 128 213 320 287 23 233 140 272 173 302 36 176 221 310 111 109 174 345 309 313 97 213 331 113 288 262 146 139 92 49 110 153 87 313 167 106 160 200 78 270 226 189 79 199 272 131 9 302 259 153 228 250 166 245 315 269 128 228 197 43 99 93 306 159 35 360 259 56 205 63 252 111 128 165 203 147 265 313 179 201 104 108 109 274 147 199 305 284 214 188 70 86 139 77 98 157 170
 247 262 155 109 190 179 156 261 89 257 151 137 35 85 1 175 149 247 136 70 11 141 139 164 279 130 168 196 126 198 98 213 188 328 169 76 272 190 74 166 86 246 59 245 135 277 215 147 223 200 242 256 115 90 182 290 97 240 167 163 131 222 155 57 125 96 66 223 266 107 131 221 114 105 80 32 197 97 121 258 152 105 211 247 136 127 193 96 74 292 153 104 276 139 259 251 216 250 139 84 158 113 139 222 192 214 118 129 106 119 65 203 161 164 159 166 307 91 94 170 155 218 267 71 203 157 160 145 254 182 130 100 54 144 225 229 236 210 83 156 230 141 171 67 129 297 203 68 231 56 202 202 222 114 199 149 230 158 189 244 296 280 229 74 273 301 32 219 180 220 201 96 131 153 145 142 275 216 187 108 120 106 187 160 227 64 147 247 192 83 220 225 134 149 168 127 205 245 226 168 151 125 121 17 127 223 230 106 319 222 45 138 147 255 127 134 217 120 95 229 271 201 120 92 118 51 267 135 119 281 201 262 257 20 126 107 134 165 109 211
 397 432 270 230 243 27 325 433 134 286 293 285 156 139 175 1 120 375 214 116 177 225 179 325 313 194 262 332 168 350 234 252 290 496 309 160 424 297 219 218 101 338 190 296 264 440 334 269 245 270 415 429 286 227 346 326 83 413 259 259 303 371 268 189 277 198 125 325 428 191 298 361 287 277 253 204 370 259 94 423 295 163 359 417 301 181 362 268 108 462 326 237 399 82 342 351 287 293 274 245 326 100 284 236 45 378 213 283 186 133 238 349 259 282 19 331 477 132 221 233 107 352 349 244 365 22 238 196 375 354 187 111 220 269 381 341 405 354 237 305 333 300 333 157 275 455 325 131 371 218 374 307 383 158 43 321 388 241 193 271 468 442 349 225 321 464 183 391 298 241 253 82 119 31 82 57 442 291 189 153 285 71 305 333 318 208 318 406 249 146 373 389 98 315 321 292 373 416 395 13 319 297 111 191 229 372 257 107 488 389 133 205 137 389 248 60 287 275 150 395 440 48 240 237 64 221 411 282 232 439 316 335 286 173 54 118 67 215 278 299
 395 399 170 141 302 100 298 396 175 360 298 203 116 176 149 120 1 271 257 139 158 119 237 250 386 241 154 236 61 346 242 319 182 468 219 86 420 328 149 275 136 380 124 359 279 420 358 173 319 322 360 377 232 150 326 398 121 364 150 152 251 281 293 194 273 224 148 361 410 226 234 369 238 225 206 178 311 195 40 401 208 68 359 349 234 231 335 236 87 430 275 247 292 164 389 389 340 360 185 232 301 162 287 314 97 358 115 277 222 193 203 351 294 182 120 312 444 174 139 286 16 365 397 210 349 122 283 250 398 295 237 51 202 174 372 233 336 262 231 221 368 288 317 91 192 443 222 156 379 164 313 340 303 209 107 265 306 283 271 345 429 424 243 221 387 444 136 330 195 316 313 87 189 126 38 144 415 341 268 58 221 110 202 283 360 208 285 393 306 181 287 368 27 248 239 273 346 351 365 124 255 244 177 159 259 282 330 162 457 365 131 96 212 402 267 66 340 200 65 371 408 105 148 239 80 197 415 283 138 426 211 388 360 160 120 43 147 273 253 342
 362 291 106 148 423 363 255 278 335 491 323 114 239 331 247 375 271 1 370 309 254 153 383 118 508 369 118 54 212 328 306 448 91 350 81 218 374 389 175 403 322 444 198 470 332 339 393 107 461 424 209 227 176 160 282 517 323 230 123 120 183 64 359 291 293 329 309 418 335 345 151 366 191 185 198 240 178 161 283 318 98 213 344 168 143 369 269 228 276 316 188 312 31 375 462 440 436 479 110 265 261 354 313 463 365 299 162 292 345 365 222 344 376 94 366 277 322 336 160 402 286 376 470 224 305 367 388 385 418 171 372 264 252 109 333 45 157 54 277 99 421 284 287 223 120 372 51 312 374 194 173 400 108 360 375 172 99 383 434 479 295 343 30 279 497 355 219 177 78 459 432 300 375 366 301 369 318 433 432 223 152 325 71 192 430 286 234 336 423 329 78 302 283 141 98 263 277 177 278 374 149 180 364 235 350 63 466 347 334 293 282 176 392 398 335 316 437 135 226 298 301 373 138 294 314 243 387 307 144 358 62 472 490 264 345 258 364 402 246 421
 201 271 287 243 56 233 176 278 86 123 105 256 163 83 136 214 257 370 1 119 126 277 43 266 144 22 303 317 254 162 72 80 321 322 290 206 227 84 205 35 126 127 194 109 72 259 123 279 93 67 294 300 204 222 181 154 145 280 302 298 208 331 61 82 111 42 110 112 247 32 228 159 193 193 175 133 264 210 219 249 273 234 165 318 236 35 204 154 171 295 220 67 400 136 134 139 84 114 265 112 174 115 103 96 252 206 253 116 35 83 150 154 46 295 197 169 311 87 228 35 256 146 142 149 189 193 27 30 164 254 30 208 118 274 194 358 311 325 99 273 120 136 165 196 252 265 331 102 168 180 271 94 317 57 254 227 327 29 82 111 312 261 356 93 138 281 167 285 310 91 65 174 100 185 235 159 271 85 83 234 223 159 317 223 107 85 184 222 56 77 325 217 234 245 278 144 212 312 236 202 241 207 105 142 29 333 98 109 319 221 129 272 90 182 56 211 85 236 221 226 276 258 253 84 190 128 210 105 254 252 331 133 123 118 165 218 149 35 146 88
 283 317 210 164 164 128 210 319 37 225 179 203 71 38 70 116 139 309 119 1 68 183 100 233 250 103 216 259 146 235 121 183 240 381 233 105 310 195 136 137 18 244 112 222 153 324 229 205 185 184 307 320 183 150 231 262 34 303 214 212 198 289 162 74 162 91 11 226 313 89 200 249 181 172 148 95 264 165 101 308 216 128 245 315 205 93 247 156 55 347 219 124 337 70 252 254 202 223 201 130 211 46 170 181 144 263 162 168 85 63 129 236 159 221 99 216 363 37 150 148 138 242 260 134 249 96 145 113 270 250 99 92 107 202 266 286 304 276 122 222 234 185 218 96 194 340 263 18 259 124 269 206 291 72 149 217 298 146 141 210 354 327 289 110 250 348 92 286 237 182 175 56 68 90 118 75 327 203 139 124 189 48 245 226 224 92 205 291 168 43 288 274 116 218 235 177 258 312 281 107 220 193 56 86 125 290 195 39 374 274 28 172 88 280 139 95 202 187 113 280 325 152 175 122 75 109 299 168 171 324 258 251 224 61 64 103 66 135 164 205
 239 257 164 119 180 182 151 258 83 248 142 143 44 79 11 177 158 254 126 68 1 152 130 168 269 120 178 203 136 190 88 203 197 323 175 86 264 180 82 156 85 235 69 234 125 271 205 156 213 190 241 254 116 99 176 280 97 238 177 173 131 227 144 46 116 86 63 213 260 97 134 212 114 105 81 29 197 101 129 252 158 115 203 248 139 118 188 93 80 288 152 94 284 136 248 241 206 240 146 77 153 110 130 213 196 208 128 121 96 113 63 195 151 172 161 160 303 85 104 160 163 209 257 68 197 159 150 135 244 182 121 108 47 152 218 237 237 216 74 162 219 134 164 77 136 291 212 63 223 62 202 192 226 106 203 150 234 147 181 234 293 274 237 65 263 295 41 219 188 210 191 100 125 154 151 142 270 205 179 118 123 107 196 159 216 54 143 240 182 76 225 219 142 152 173 121 200 245 221 169 153 126 117 21 117 229 220 102 315 217 45 149 140 246 117 139 207 125 105 223 266 205 129 83 122 46 258 126 129 274 210 252 247 10 127 116 133 155 104 201
 352 326 53 48 330 212 242 319 216 397 275 101 117 214 141 225 119 153 277 183 152 1 275 150 419 269 38 120 60 306 232 353 66 395 106 79 373 326 84 305 191 382 84 385 268 359 345 59 360 341 269 288 157 71 273 430 187 280 35 35 176 167 291 197 243 236 186 359 351 247 148 338 169 156 147 153 221 117 133 338 99 64 322 248 144 264 273 186 137 357 196 239 175 239 397 385 357 390 77 204 247 224 262 358 213 301 25 246 245 244 159 317 300 65 219 261 369 217 59 310 134 340 405 165 298 220 301 283 380 206 268 116 177 62 325 117 234 147 209 114 364 249 269 88 91 388 104 192 348 112 221 338 195 248 223 182 195 298 322 383 348 363 126 205 414 381 111 236 77 357 341 158 249 221 149 228 347 356 319 73 136 184 84 204 364 201 223 340 332 215 174 310 131 156 133 229 284 252 298 226 165 169 237 138 267 167 368 219 382 303 159 24 270 373 263 166 357 108 79 310 336 221 46 223 167 168 376 257 37 371 93 402 396 160 203 109 226 304 207 350
 243 310 293 247 67 200 211 316 64 125 145 270 159 64 139 179 237 383 43 100 130 275 1 287 150 24 305 330 244 203 103 83 326 363 303 200 270 124 212 40 102 160 195 124 113 300 164 286 87 92 327 335 226 228 220 163 119 315 303 300 233 350 103 94 147 61 94 149 289 43 249 201 217 215 194 145 294 225 198 290 286 225 207 347 256 15 242 181 155 335 248 101 413 99 164 174 110 124 275 140 210 82 142 84 219 246 252 153 41 48 169 196 87 302 162 207 351 64 232 55 234 188 171 170 229 158 61 18 204 282 16 191 137 282 236 367 340 341 127 288 157 173 204 190 264 307 341 86 210 190 300 132 340 29 220 253 350 67 52 111 351 302 367 118 151 323 169 315 318 83 78 152 62 150 211 123 311 113 52 223 242 132 325 253 140 104 217 263 72 61 346 257 213 267 296 177 250 342 274 167 265 231 69 149 69 351 96 79 360 261 118 267 49 224 95 184 110 251 210 265 315 225 258 114 164 146 252 143 257 293 339 158 125 121 134 202 114 38 176 121
 247 189 105 112 318 322 139 180 250 385 208 50 171 245 164 325 250 118 266 233 168 150 287 1 400 270 137 72 194 211 198 343 128 255 57 171 261 275 108 300 249 329 137 360 220 232 277 96 359 315 121 141 64 103 166 408 256 135 140 134 67 67 248 195 179 229 230 303 226 246 39 250 77 75 94 146 76 69 246 210 54 183 228 100 31 273 155 116 218 218 72 204 147 302 347 325 325 370 74 157 144 277 198 361 330 185 141 177 247 279 119 227 266 100 313 160 228 252 113 297 263 259 355 119 190 312 281 286 301 63 274 222 151 91 218 129 87 65 169 39 306 168 171 172 61 264 103 230 257 111 74 286 59 268 339 56 66 275 338 374 205 236 118 174 386 251 146 87 102 357 326 244 292 309 268 303 214 321 338 194 46 263 104 77 316 185 117 223 317 241 60 190 252 24 24 148 164 104 169 321 32 65 284 149 244 68 362 269 241 181 207 169 306 282 226 272 326 52 189 187 200 339 107 186 263 142 272 193 118 248 113 359 384 177 284 221 296 300 132 308
 251 352 429 386 90 337 285 364 213 28 202 396 304 213 279 313 386 508 144 250 269 419 150 400 1 152 445 456 392 237 204 68 464 382 429 346 270 135 347 115 250 106 337 41 182 320 158 421 69 86 401 401 336 364 276 14 266 381 445 441 337 465 154 225 226 185 243 123 311 173 362 210 324 327 312 274 382 349 347 320 413 373 230 433 370 158 300 284 304 366 344 197 539 234 90 124 77 31 407 245 281 227 208 78 356 289 396 228 175 194 287 221 134 437 298 270 381 214 371 110 382 192 89 286 271 294 122 139 174 375 153 340 258 416 261 499 430 461 233 411 127 244 262 336 392 311 472 235 212 322 389 129 445 178 355 354 456 127 121 43 391 320 497 230 25 336 309 401 452 73 79 300 201 286 358 259 341 83 125 371 359 279 459 344 104 226 300 285 88 209 458 297 361 377 414 260 303 426 324 301 372 337 212 285 159 467 57 225 385 305 266 413 179 209 175 330 76 375 359 307 353 360 396 216 311 268 245 213 397 304 473 71 28 260 276 351 252 117 271 101
 220 286 282 238 64 213 189 293 68 129 122 256 153 66 130 194 241 369 22 103 120 269 24 270 152 1 296 316 242 180 81 85 316 340 289 196 247 105 200 37 108 146 187 121 89 277 144 275 94 82 305 312 208 217 196 163 126 292 295 292 214 334 81 79 124 42 95 132 265 25 232 179 198 197 177 130 273 210 203 266 272 222 184 326 239 15 219 161 156 311 228 78 399 116 152 158 100 124 263 119 187 95 119 95 232 223 245 130 25 63 152 173 67 291 176 183 327 69 223 46 240 166 160 152 206 173 45 18 184 262 10 193 120 271 213 355 319 326 106 273 140 150 180 186 250 284 329 87 188 177 279 114 322 37 234 234 332 49 71 115 327 279 354 98 149 299 160 294 307 92 75 157 79 164 218 138 288 102 72 221 225 141 314 232 126 86 195 240 67 61 329 234 218 249 280 155 227 321 251 182 246 212 84 137 46 335 101 90 336 237 116 262 70 203 72 193 100 236 208 242 292 238 248 92 172 129 230 120 248 270 328 149 129 111 146 204 128 36 155 107
 359 321 32 61 357 249 247 313 247 424 289 92 148 245 168 262 154 118 303 216 178 38 305 137 445 296 1 92 96 315 253 380 29 389 85 114 378 345 101 332 225 402 110 410 286 359 361 43 389 365 257 276 158 85 278 456 222 270 5 5 175 140 311 222 258 262 218 378 351 274 144 349 172 160 157 175 211 121 170 337 84 101 331 231 138 293 275 196 172 351 193 259 139 274 417 404 380 416 66 220 252 258 278 388 249 304 55 259 272 277 174 327 323 39 256 267 362 248 76 336 169 353 426 179 303 257 326 311 394 197 297 153 196 49 331 80 217 119 227 99 382 260 276 122 85 389 70 223 359 129 210 357 174 278 259 178 172 322 352 411 340 363 90 224 439 380 137 223 46 386 367 194 282 257 186 264 344 379 350 110 134 220 51 201 385 223 226 343 358 246 149 311 168 147 116 239 285 236 296 263 157 169 271 162 290 140 396 253 375 304 191 59 303 384 284 203 381 105 115 310 332 257 53 243 204 186 383 272 50 372 58 424 424 186 239 146 261 331 217 371
 318 257 68 103 371 323 209 246 284 438 273 62 190 280 196 332 236 54 317 259 203 120 330 72 456 316 92 1 177 281 253 395 72 321 28 173 333 338 125 350 273 393 150 417 280 302 343 65 409 372 182 201 126 110 237 465 276 200 96 91 134 49 307 239 242 277 259 367 297 293 102 319 140 134 145 187 142 108 243 280 45 174 298 148 93 317 227 177 230 285 143 260 84 326 411 390 384 426 60 213 214 304 262 410 327 257 123 241 293 314 169 297 324 57 322 230 293 285 113 350 251 328 419 171 261 323 335 333 370 132 319 222 200 64 289 58 134 29 224 46 370 235 241 178 68 335 34 261 327 142 139 349 87 308 337 127 83 330 382 426 268 306 47 227 444 320 169 148 47 406 379 255 324 321 263 322 283 380 380 184 101 278 44 148 379 233 187 295 370 278 60 261 245 94 50 214 235 155 240 330 103 131 314 183 298 50 414 297 306 252 232 143 341 352 283 274 384 82 184 258 268 335 93 241 270 190 343 256 101 319 47 421 438 212 299 218 316 350 195 369
 363 354 110 84 305 153 259 349 181 368 274 146 94 181 126 168 61 212 254 146 136 60 244 194 392 242 96 177 1 315 223 325 124 423 159 51 387 315 100 278 150 370 82 361 260 381 340 113 329 320 308 326 184 97 289 404 141 315 92 94 204 222 280 180 245 216 151 348 371 223 182 342 193 179 163 149 259 144 76 360 149 22 330 294 181 235 294 198 93 386 226 229 234 192 382 376 337 365 126 204 263 181 262 325 154 320 56 249 220 207 167 323 285 122 163 275 399 182 84 286 75 341 390 173 313 165 279 254 378 243 240 63 174 115 339 175 280 202 205 163 355 257 282 60 135 406 162 158 353 121 261 327 245 216 164 215 247 278 286 353 381 385 185 198 390 404 103 276 136 326 316 108 208 166 90 177 373 337 283 22 169 135 143 235 351 189 243 357 308 184 228 329 72 194 182 239 306 296 322 170 202 196 195 130 250 222 339 178 412 324 127 38 230 377 252 109 337 145 35 331 364 162 90 217 113 167 385 257 79 389 152 384 368 142 152 54 176 276 218 334
 50 117 287 260 186 362 74 128 219 233 60 233 231 214 198 350 346 328 162 235 190 306 203 211 237 180 315 281 315 1 116 205 320 161 260 267 76 105 224 186 250 139 234 199 92 98 82 276 228 164 170 168 161 236 49 240 268 149 317 311 148 271 104 162 75 156 226 117 87 169 182 40 146 157 160 169 165 195 317 90 248 295 17 209 190 192 70 121 267 136 141 114 357 283 159 128 164 212 255 114 68 256 67 236 378 53 285 70 174 233 150 19 126 289 332 52 152 221 248 172 351 53 166 143 36 329 155 190 93 164 188 297 145 271 34 337 209 275 117 239 115 59 42 259 236 107 309 219 47 197 172 109 238 207 383 157 250 147 239 229 158 100 328 128 216 120 214 179 299 228 186 284 251 321 340 300 112 157 241 300 187 282 303 138 135 145 96 61 180 206 260 62 331 189 233 78 69 200 88 339 180 153 251 188 135 272 224 248 160 69 226 314 248 72 110 324 165 214 288 71 120 386 265 114 305 150 71 68 272 92 316 176 232 189 296 304 290 188 100 138
 164 211 232 192 121 247 109 216 104 187 60 194 131 99 98 234 242 306 72 121 88 232 103 198 204 81 253 253 223 116 1 146 267 269 227 173 190 94 152 105 135 151 150 165 38 209 118 223 163 119 225 232 135 169 121 212 153 213 253 248 138 264 60 49 48 45 111 128 198 62 160 130 124 125 109 80 194 147 209 195 211 202 126 247 168 89 142 84 158 238 150 8 336 169 166 155 132 174 206 43 108 141 51 166 264 150 209 53 66 121 85 116 72 238 216 107 254 106 178 100 246 124 174 83 135 213 84 96 157 183 88 192 58 218 148 299 241 259 30 208 133 73 106 164 191 222 271 104 141 125 200 107 247 97 269 157 258 78 151 177 251 212 295 29 192 233 124 215 253 161 129 172 139 206 230 185 216 129 151 205 156 168 259 153 133 35 115 174 119 91 257 162 224 176 212 75 151 242 175 224 172 137 138 96 47 265 165 133 264 163 115 233 140 162 32 212 132 173 192 169 218 272 201 14 192 68 180 49 204 207 273 172 187 83 181 200 175 106 76 120
 232 321 365 321 26 276 240 331 146 45 159 335 237 146 213 252 319 448 80 183 203 353 83 343 68 85 380 395 325 205 146 1 399 362 368 279 255 102 283 49 184 107 271 45 132 298 138 357 24 43 358 362 280 300 237 80 200 341 379 376 282 408 108 160 176 121 175 108 287 107 305 188 268 269 252 211 334 288 280 293 351 306 203 387 313 91 262 229 237 340 292 140 478 172 101 125 51 42 344 187 237 162 162 35 295 256 329 180 109 128 227 192 85 373 237 228 356 146 306 47 316 171 106 226 238 233 63 72 168 325 86 273 197 353 235 437 382 402 175 351 116 198 222 269 330 296 410 168 193 258 341 103 391 111 294 301 402 70 64 32 362 299 435 170 70 317 244 354 389 25 20 234 137 225 292 197 316 58 68 304 300 213 396 294 92 163 252 261 28 142 402 266 295 321 356 211 267 380 289 240 317 282 147 220 100 410 21 160 362 272 199 346 116 198 121 265 51 314 291 275 324 299 331 158 246 206 232 166 331 286 410 89 45 195 212 284 189 50 218 77
 363 316 36 79 376 277 250 307 270 443 300 90 170 268 188 290 182 91 321 240 197 66 326 128 464 316 29 72 124 320 267 399 1 383 73 139 380 358 117 352 250 415 131 428 299 357 371 46 409 382 247 266 161 100 281 474 248 262 33 32 176 120 325 240 268 280 242 390 350 293 143 356 176 165 166 191 203 128 198 335 78 129 337 217 136 314 275 204 198 346 191 274 111 300 431 416 397 434 67 232 255 283 288 408 277 305 81 269 292 300 185 334 338 32 284 271 355 271 94 355 197 361 440 190 306 285 343 331 403 190 317 181 210 52 334 52 203 99 240 91 395 267 281 147 86 388 44 246 365 144 201 370 157 300 287 175 154 339 374 430 332 361 63 239 456 377 157 212 27 406 386 221 306 285 214 291 341 394 373 138 135 247 29 199 399 240 229 344 376 268 131 311 196 143 106 246 285 223 294 291 153 170 295 180 307 120 416 277 368 303 214 87 326 390 298 231 397 107 143 309 327 285 69 256 231 200 387 282 70 372 31 438 443 206 266 174 288 351 225 386
 132 70 358 349 344 504 174 77 372 384 219 298 357 366 328 496 468 350 322 381 323 395 363 255 382 340 389 321 423 161 269 362 383 1 311 383 113 260 324 346 397 277 345 348 251 65 227 347 385 320 142 124 241 330 151 382 414 122 392 386 222 287 264 309 223 312 372 261 76 327 248 175 232 245 263 297 181 282 447 75 307 406 161 184 253 351 136 234 401 39 200 269 371 436 295 260 316 362 324 252 172 409 223 394 519 120 379 217 332 389 267 172 286 354 479 166 29 374 343 332 477 193 299 260 136 476 315 351 211 194 348 424 278 342 129 377 195 301 260 293 256 198 165 378 306 75 354 367 171 305 183 261 243 364 525 214 253 307 399 383 56 64 363 272 359 47 334 175 357 385 344 423 407 470 471 451 55 309 402 414 260 427 358 192 280 291 184 102 338 359 273 109 458 243 278 205 125 175 104 487 233 229 406 315 295 288 380 400 17 108 366 410 406 175 269 461 317 288 405 102 60 527 350 263 444 279 140 222 359 79 366 314 383 326 444 429 441 348 220 289
 299 245 55 81 344 301 188 235 257 411 248 34 164 253 169 309 219 81 290 233 175 106 303 57 429 289 85 28 159 260 227 368 73 311 1 150 314 312 98 323 247 368 124 391 254 287 319 49 381 345 175 194 102 85 217 438 250 190 89 83 112 64 281 211 217 249 232 342 281 265 79 297 116 109 119 160 131 81 222 265 18 154 276 147 71 290 208 152 205 274 124 233 111 300 385 365 357 399 36 187 193 278 237 383 306 238 104 217 265 287 142 275 298 47 299 209 283 258 89 322 233 304 394 145 241 299 308 305 346 119 292 200 172 46 270 78 133 46 198 22 345 211 219 154 40 319 50 234 306 115 129 323 90 281 316 108 90 303 354 399 260 291 71 200 418 306 142 140 47 379 352 231 297 297 243 297 270 354 353 164 76 253 48 130 353 206 165 277 343 251 69 244 225 74 34 190 218 152 224 307 84 108 288 156 271 65 386 271 296 235 206 128 314 331 257 252 358 55 163 241 255 315 72 215 247 163 323 231 82 303 58 395 410 185 274 197 291 322 171 343
 316 314 114 71 258 153 215 311 139 323 224 128 44 137 76 160 86 218 206 105 86 79 200 171 346 196 114 173 51 267 173 279 139 383 150 1 340 265 66 232 113 320 39 314 210 337 290 111 285 272 276 293 147 70 244 358 110 280 111 110 166 212 230 130 196 167 109 298 327 175 151 293 153 140 121 99 228 111 75 317 136 30 281 268 152 190 251 153 60 345 190 179 244 162 333 326 288 318 115 155 218 146 212 282 159 275 60 200 173 166 121 274 235 125 150 229 359 139 63 239 97 292 341 127 268 151 231 209 328 211 194 52 125 111 292 188 255 195 156 147 305 209 236 11 117 361 168 115 304 79 230 277 227 172 169 181 231 230 245 309 344 341 194 148 343 361 54 247 141 282 269 84 171 150 98 153 331 288 242 34 137 109 149 198 301 139 200 311 261 139 215 285 82 166 164 192 262 269 281 158 172 159 159 81 201 213 294 141 372 281 83 68 192 328 202 103 289 120 23 288 324 168 81 167 98 118 337 208 75 344 161 335 323 92 129 51 149 230 171 285
 28 105 349 327 240 436 132 121 292 274 132 291 305 287 272 424 420 374 227 310 264 373 270 261 270 247 378 333 387 76 190 255 380 113 314 340 1 155 292 247 324 165 306 237 162 57 118 338 278 213 185 176 221 303 101 270 343 161 380 374 205 313 167 237 150 228 300 151 52 240 238 70 207 220 228 243 199 259 392 68 305 367 65 230 246 260 107 190 342 106 192 188 401 355 183 148 207 251 315 189 128 328 141 288 453 77 353 145 245 303 221 76 186 349 406 114 117 294 316 231 426 86 186 214 76 403 215 255 98 204 256 371 219 332 49 389 235 321 192 294 145 132 106 333 296 42 363 294 63 268 205 153 274 277 458 208 286 208 299 274 136 55 379 203 247 67 287 206 357 279 238 359 321 395 414 373 84 200 302 373 246 357 360 185 170 220 153 40 233 279 300 73 405 241 284 149 99 221 100 413 231 211 323 262 203 314 272 321 119 83 301 383 316 63 179 399 208 275 361 78 101 461 330 189 380 224 27 143 338 36 371 202 273 264 371 378 362 248 170 180
 131 221 323 285 86 315 152 232 165 129 70 280 222 162 190 297 328 389 84 195 180 326 124 275 135 105 345 338 315 105 94 102 358 260 312 265 155 1 245 94 204 58 243 96 60 197 41 314 125 60 267 268 214 261 142 140 224 248 345 341 210 340 36 136 98 105 185 34 186 108 239 87 200 205 196 173 250 234 292 192 297 294 101 300 248 118 167 162 242 239 214 88 419 219 74 62 60 109 296 128 148 197 78 135 333 157 302 99 113 166 174 91 39 329 279 136 255 167 271 78 329 70 83 170 139 275 65 108 81 244 113 278 150 308 133 387 297 339 119 292 41 113 128 256 279 195 359 177 93 217 257 13 316 140 336 226 328 58 146 125 262 198 382 122 116 216 217 268 342 126 84 250 183 267 311 242 214 54 149 296 238 239 348 214 42 127 169 160 79 155 331 166 307 252 292 130 170 293 191 285 246 212 188 189 71 342 121 191 261 173 198 326 172 102 64 288 61 259 283 175 224 340 293 104 268 160 134 84 297 185 362 84 128 174 246 287 231 96 145 35
 271 255 83 41 259 215 162 250 161 327 192 69 67 157 74 219 149 175 205 136 82 84 212 108 347 200 101 125 100 224 152 283 117 324 98 66 292 245 1 236 150 302 30 311 186 283 262 75 294 266 212 229 84 18 193 358 154 217 101 97 104 156 211 124 160 164 135 278 273 177 86 255 93 80 66 75 163 46 139 262 82 84 239 204 87 199 196 104 112 286 127 159 204 203 317 304 281 318 66 121 167 180 180 293 223 223 62 163 176 191 76 234 222 92 206 180 299 162 27 238 161 257 326 82 218 206 227 216 297 147 202 116 96 71 244 156 191 142 127 89 283 166 188 65 60 309 131 138 265 29 166 257 166 187 232 117 171 223 262 314 282 286 157 124 339 306 45 182 107 291 269 138 201 203 163 201 274 279 260 93 73 158 115 136 285 124 145 261 260 156 157 232 146 101 104 146 207 204 223 215 107 97 190 64 191 157 300 174 312 226 109 91 218 290 184 165 281 57 86 233 265 232 50 143 156 86 294 174 53 292 129 323 326 91 179 116 194 235 124 271
 221 298 318 273 28 239 208 307 101 93 132 289 190 100 166 218 275 403 35 137 156 305 40 300 115 37 332 350 278 186 105 49 352 346 323 232 247 94 236 1 140 123 223 86 101 283 135 310 60 53 326 331 238 253 211 127 157 311 332 328 242 365 83 113 143 74 129 114 271 60 262 178 227 227 208 165 297 243 236 275 306 258 187 351 270 44 234 188 191 321 254 101 433 137 125 138 71 88 298 146 205 122 132 62 258 233 282 147 61 87 183 176 62 326 201 199 337 101 258 18 272 163 132 183 216 197 32 25 172 287 39 227 152 306 218 390 345 358 133 306 123 167 194 222 284 285 364 122 185 212 304 101 351 66 259 261 361 40 54 79 340 284 389 127 114 304 196 318 342 58 40 190 100 189 250 162 297 75 57 257 257 171 349 257 104 118 217 245 33 96 359 244 251 279 312 176 241 345 264 205 275 241 108 173 61 367 65 118 345 249 152 299 83 196 86 223 71 269 244 253 303 263 284 118 203 161 227 135 284 273 363 119 92 147 173 238 152 3 180 85
 297 334 222 176 167 114 227 336 41 225 193 217 84 44 86 101 136 322 126 18 85 191 102 249 250 108 225 273 150 250 135 184 250 397 247 113 324 204 150 140 1 252 125 224 166 340 240 217 185 189 325 337 200 164 247 263 20 320 223 222 215 304 173 89 178 102 26 235 329 98 217 263 198 189 165 112 281 181 97 324 231 133 260 331 221 97 264 173 58 363 236 138 350 54 259 263 207 225 214 147 228 33 185 179 131 279 171 183 93 59 146 250 168 232 83 232 379 40 163 152 133 254 266 151 265 80 152 116 281 266 103 92 124 215 281 297 321 290 138 237 243 201 234 105 208 356 275 31 273 139 286 215 307 74 135 234 314 153 138 210 371 343 301 126 252 364 106 303 249 181 178 51 59 74 111 58 343 209 135 129 205 35 257 243 232 108 222 306 172 51 303 290 112 234 250 194 274 329 297 91 236 209 47 103 135 305 195 29 390 290 43 179 81 292 151 86 207 202 118 296 342 139 187 138 65 126 313 183 183 340 270 256 225 78 48 103 49 138 181 213
 147 251 380 342 102 358 199 264 212 113 122 336 277 209 246 338 380 444 127 244 235 382 160 329 106 146 402 393 370 139 151 107 415 277 368 320 165 58 302 123 252 1 300 76 117 216 58 370 127 72 308 306 268 318 184 106 271 287 402 398 263 393 93 191 152 157 235 27 207 156 293 107 254 260 252 230 297 291 343 217 353 349 129 345 302 159 207 217 294 263 265 145 474 258 21 20 57 90 352 184 194 240 132 139 377 190 359 153 160 207 231 122 87 386 321 181 277 213 328 107 380 90 28 227 174 317 102 144 69 293 153 330 207 365 160 443 344 393 176 348 26 163 171 311 335 205 415 227 108 274 304 46 366 182 379 278 378 99 165 115 289 216 437 179 83 231 273 314 399 130 95 299 221 309 361 282 238 51 169 351 293 285 405 264 21 183 218 182 95 202 384 198 358 305 347 182 208 337 226 326 299 265 228 246 122 395 118 235 281 206 250 382 205 103 120 336 58 316 338 207 251 383 350 161 316 217 139 138 354 199 418 39 112 229 291 340 272 125 199 40
 283 276 100 53 248 186 179 273 140 315 196 97 42 137 59 190 124 198 194 112 69 84 195 137 337 187 110 150 82 234 150 271 131 345 124 39 306 243 30 223 125 300 1 302 186 301 265 94 280 258 238 255 109 40 208 348 127 242 109 106 128 184 208 114 166 153 113 277 291 165 114 263 115 102 84 72 190 74 111 280 108 63 249 232 115 184 214 117 83 308 152 156 226 177 314 304 273 308 90 125 182 156 184 278 194 239 61 170 163 170 86 243 217 110 178 194 321 141 39 228 135 263 322 92 233 177 218 202 301 174 188 87 96 91 258 175 219 169 128 117 282 176 201 37 87 326 152 117 273 41 193 255 194 170 203 143 199 215 244 301 306 304 178 123 331 324 28 209 126 277 258 109 178 175 135 173 294 272 242 70 100 130 134 160 282 118 163 276 250 137 185 249 119 129 133 158 226 232 243 186 135 121 167 55 184 185 287 150 334 244 86 84 197 298 181 136 274 86 61 251 286 203 65 142 127 88 305 179 63 309 148 318 314 77 151 88 168 222 137 267
