NAME : domp260p130v9
COMMENT : (Deleplanque et al.) 
TYPE : DOMP
DIMENSION : 260
DISPLAY_DATA_TYPE: NO_DISPLAY
OPEN_FACILITIES : 130
COST_SECTION
 1 52 61 169 254 154 330 85 167 230 221 110 239 215 218 186 137 172 48 292 46 65 188 56 233 160 241 259 172 130 112 210 38 176 141 137 271 118 251 313 218 129 148 90 219 226 286 223 43 143 200 151 220 140 217 186 184 250 230 92 82 96 161 90 255 206 217 74 197 182 164 82 144 121 304 102 188 19 116 204 219 42 254 154 235 193 138 153 195 182 188 254 235 109 130 258 237 124 124 277 252 131 273 61 169 80 153 124 139 182 123 230 169 29 69 131 237 222 105 131 189 242 162 257 174 286 181 93 158 111 225 264 76 249 215 190 237 48 82 32 47 195 192 123 287 189 108 107 225 69 95 64 153 209 175 113 305 245 150 210 311 130 186 192 270 246 152 207 323 178 246 249 207 191 110 25 242 182 315 149 223 190 173 62 299 100 210 268 182 75 202 277 330 212 288 212 184 90 145 221 162 289 135 208 196 67 112 89 46 125 32 151 75 268 205 260 143 259 239 150 129 68 254 135 249 97 14 155 140 233 123 225 216 236 199 153 222 97 152 274 159 185 151 76 77 46 73 99 87 263 109 255 285 162 148 178 76 280 61 130
 52 1 53 190 291 204 381 44 163 265 257 108 267 258 269 196 88 221 38 341 88 75 239 91 283 194 268 284 208 161 63 252 41 211 177 125 282 166 263 363 242 130 181 80 242 257 336 255 19 93 249 190 271 190 258 236 209 262 265 53 41 114 172 139 303 256 262 108 201 190 215 130 136 108 354 51 220 71 89 245 265 20 304 188 263 214 189 182 229 202 201 296 258 160 110 282 276 165 114 323 277 182 324 32 195 128 198 168 169 208 155 281 195 50 111 121 286 247 156 99 230 275 201 266 124 337 225 120 109 161 276 310 70 295 258 234 271 5 31 48 66 221 234 109 336 205 108 89 272 52 144 98 162 240 214 126 355 275 163 261 362 182 135 235 281 287 178 232 375 212 295 289 217 239 140 35 289 190 365 98 237 241 217 101 350 97 223 318 221 119 251 287 381 216 340 235 211 141 157 267 114 313 87 253 229 62 62 94 64 74 70 143 112 298 219 309 176 305 290 185 147 78 306 143 287 141 65 184 128 285 159 233 236 287 201 134 273 148 170 325 108 236 133 123 71 43 110 147 37 310 58 284 332 213 122 207 127 290 100 124
 61 53 1 140 313 206 365 95 114 290 213 58 298 273 253 144 99 225 17 313 106 28 235 59 261 220 300 235 166 189 81 215 79 236 136 79 230 173 211 340 193 79 208 32 277 211 313 209 64 130 225 211 252 191 219 236 160 210 221 48 92 66 214 118 274 253 272 71 150 234 202 109 185 63 330 81 247 75 57 206 233 65 303 144 294 250 182 212 255 151 150 312 293 155 161 317 236 182 67 290 227 179 305 26 147 136 210 136 123 241 113 261 147 34 128 170 261 281 148 150 192 230 221 215 158 316 238 75 148 143 259 277 19 304 222 247 227 52 72 30 100 254 250 159 311 245 56 47 280 101 150 123 205 194 174 75 332 228 112 247 341 168 168 201 229 248 130 265 361 238 299 249 165 213 169 40 296 234 341 125 186 227 231 70 330 143 172 292 241 134 253 236 365 165 325 270 243 130 106 235 155 348 98 220 184 108 102 43 98 94 91 192 135 328 168 311 203 271 276 210 185 118 292 92 309 155 65 215 178 276 120 182 274 271 150 94 268 130 119 321 128 219 92 133 20 16 76 155 65 316 90 314 301 208 174 160 120 239 71 75
 169 190 140 1 371 234 316 233 88 355 93 96 378 316 220 44 221 251 152 234 198 116 240 114 208 296 381 96 66 276 211 119 203 306 62 110 111 221 90 270 54 81 287 123 368 81 247 80 196 265 173 277 208 218 118 250 24 88 98 176 230 77 324 130 196 255 304 98 68 345 190 128 312 116 262 217 322 167 148 109 153 197 305 50 374 344 194 298 326 15 34 356 383 183 295 402 123 249 108 197 88 203 252 165 22 200 258 102 40 327 59 214 19 147 209 298 196 367 173 288 100 100 285 99 291 259 283 77 284 146 221 185 125 328 129 290 100 188 211 147 214 341 301 289 238 346 94 132 305 232 204 220 317 64 82 67 267 93 36 220 279 170 299 120 108 140 25 353 318 312 311 137 58 159 261 164 317 345 268 255 59 206 279 112 273 268 50 224 301 211 268 115 314 77 285 360 330 158 42 155 292 432 220 138 61 233 240 99 214 223 194 319 224 401 45 319 283 178 245 284 289 235 259 58 363 224 161 301 307 258 70 75 368 234 75 130 263 143 23 311 251 191 127 202 124 148 102 211 202 330 227 389 213 214 310 36 162 118 114 97
 254 291 313 371 1 141 262 289 408 29 362 355 63 61 215 406 374 126 301 309 209 310 155 281 250 98 65 428 330 132 349 321 250 80 313 386 479 152 459 298 400 370 111 341 97 381 282 378 272 349 253 104 234 155 331 138 373 457 370 341 290 325 162 242 298 152 83 288 425 166 201 246 225 371 292 332 74 240 369 325 298 271 139 329 65 111 182 114 63 384 401 38 94 189 255 84 353 132 373 331 425 170 253 312 358 182 114 272 332 97 313 239 360 280 186 228 272 83 198 285 317 387 93 468 375 266 90 310 355 226 224 326 326 86 317 83 378 287 310 284 225 92 71 240 295 132 352 360 92 256 172 194 170 372 319 345 287 401 371 205 281 206 386 301 476 349 347 89 246 80 115 355 425 259 153 277 97 164 304 369 428 203 93 275 268 223 419 284 74 180 127 483 266 438 231 96 96 215 369 299 351 94 373 300 358 240 327 332 228 357 225 222 181 51 415 125 116 326 209 106 161 218 213 366 10 160 249 113 233 183 302 443 109 221 429 404 159 229 365 165 386 217 402 183 328 299 281 165 324 108 334 52 324 169 272 357 214 486 273 375
 154 204 206 234 141 1 197 222 282 131 222 235 165 84 101 271 290 20 198 199 118 194 43 159 133 98 168 288 190 106 265 184 170 96 174 267 341 41 321 203 260 245 99 228 171 241 180 238 189 286 123 74 116 17 194 34 235 318 231 245 221 198 175 109 176 58 72 161 292 193 65 114 212 255 195 253 114 136 261 186 165 188 101 190 163 158 42 115 111 247 265 123 182 56 225 192 217 65 254 209 285 32 156 214 219 77 38 134 195 135 177 124 222 174 98 206 151 164 65 246 177 247 74 331 317 171 53 181 298 88 111 200 214 101 181 59 239 199 231 178 150 145 73 210 188 172 231 248 77 192 61 119 175 232 179 218 193 261 238 90 193 66 329 163 337 214 210 154 186 105 94 221 289 125 112 178 92 192 208 298 290 77 53 151 180 183 282 172 81 90 49 344 198 305 155 164 137 83 237 166 299 217 289 165 217 177 257 212 153 277 137 214 106 179 278 107 99 199 110 89 146 157 123 237 133 72 145 117 216 94 165 307 177 115 296 288 75 94 231 124 311 87 285 82 215 194 154 59 240 111 259 171 207 35 247 218 89 348 149 254
 330 381 365 316 262 197 1 408 396 273 244 369 317 216 113 359 461 189 363 101 305 344 154 308 110 281 320 310 251 299 438 202 355 271 262 399 392 235 377 64 307 369 287 376 339 268 75 266 370 470 147 260 115 203 207 167 302 374 247 411 407 327 366 248 127 141 191 299 383 381 167 257 408 394 67 430 285 312 413 212 165 369 125 269 317 336 195 303 277 323 346 225 344 224 420 342 216 259 390 146 312 206 65 381 295 265 226 237 288 313 281 107 298 339 289 402 121 327 226 439 218 260 255 389 502 59 217 308 485 223 107 151 366 177 192 214 252 377 410 343 339 319 230 405 89 355 365 396 178 381 250 311 367 272 235 340 60 279 340 121 45 200 514 197 387 201 297 324 18 279 150 207 368 161 307 349 168 380 71 478 352 141 225 296 45 378 353 97 250 282 162 392 6 390 43 334 314 241 342 164 487 355 460 180 265 368 440 352 342 451 321 409 299 312 350 138 288 156 92 276 340 350 77 352 253 266 317 304 411 104 268 381 349 95 389 423 124 237 327 98 486 147 419 271 366 358 293 250 415 155 438 311 127 173 442 283 255 395 295 384
 85 44 95 233 289 222 408 1 201 262 299 149 257 265 298 238 90 237 81 375 105 118 261 132 315 193 258 327 250 158 67 292 54 211 219 162 323 182 304 396 285 171 179 120 228 300 369 298 43 65 283 194 302 211 298 255 252 304 307 79 4 157 152 174 339 277 273 149 241 167 244 166 104 146 386 48 216 101 121 285 303 44 322 230 252 200 215 176 227 245 244 300 243 186 73 269 317 174 152 360 320 205 354 71 238 146 210 206 211 199 198 312 238 91 125 90 321 235 184 57 271 318 205 307 96 368 235 162 78 193 306 348 112 306 297 243 314 46 31 90 73 210 240 76 370 188 149 125 284 35 163 106 141 283 255 168 387 318 206 289 392 211 108 274 322 327 221 220 401 210 310 329 258 274 138 75 302 167 398 82 280 269 225 141 381 74 265 352 224 133 269 329 409 256 367 221 201 171 200 305 80 299 89 291 271 51 39 137 70 71 88 111 121 289 262 324 175 343 317 186 134 73 333 185 287 154 98 178 95 309 201 274 220 316 241 167 295 180 213 345 98 266 167 141 113 86 151 164 49 323 48 275 369 237 82 250 156 331 140 163
 167 163 114 88 408 282 396 201 1 388 180 58 402 360 293 57 159 301 130 319 209 104 299 129 287 321 405 166 149 294 158 205 192 335 135 41 128 259 113 354 129 40 310 84 385 165 330 165 177 214 250 307 284 266 205 306 109 113 184 127 198 85 326 175 280 315 353 123 46 346 253 169 297 57 346 170 349 175 87 194 237 177 367 129 399 359 247 317 355 89 70 401 401 227 272 423 211 278 50 283 157 252 332 133 108 228 298 165 109 347 117 291 106 139 228 283 277 387 218 256 184 184 317 112 233 340 325 103 231 199 295 271 96 381 215 333 186 164 173 137 211 360 341 271 323 355 61 78 357 213 237 229 317 150 165 66 350 174 57 291 362 226 239 202 129 227 101 372 397 339 369 225 70 236 275 151 372 346 353 196 98 274 319 134 355 256 84 307 336 232 324 134 394 58 362 378 349 200 54 239 241 454 158 222 149 221 194 80 210 167 198 305 239 430 83 379 305 265 318 310 295 230 333 47 402 251 166 320 290 327 131 80 383 309 43 50 327 190 71 378 187 260 48 227 95 128 129 244 159 388 179 417 300 271 282 123 197 137 137 40
 230 265 290 355 29 131 273 262 388 1 352 334 46 60 214 388 348 119 278 311 185 288 152 260 250 72 48 417 317 106 323 314 225 56 298 364 464 135 444 303 386 349 85 319 73 370 285 367 247 321 248 82 233 143 323 134 359 441 360 316 263 305 135 226 296 152 85 269 406 139 193 229 198 349 297 306 47 218 345 316 292 246 149 315 45 84 171 87 37 369 384 56 74 174 227 71 346 111 351 330 413 157 257 288 343 161 99 259 316 70 297 239 345 258 164 201 270 60 183 258 307 377 72 453 348 271 79 291 328 212 224 323 304 98 310 75 369 262 284 261 200 66 59 212 297 105 331 337 97 229 153 170 143 360 308 325 292 390 353 204 287 195 359 292 461 343 331 64 257 54 124 349 408 253 127 253 106 138 309 343 412 198 79 256 274 195 403 285 55 158 126 468 276 420 239 71 69 198 350 293 324 90 347 294 346 213 300 311 203 331 201 194 157 50 399 137 90 323 211 82 133 192 217 347 30 138 227 86 206 186 287 427 85 222 410 382 162 213 348 176 360 212 380 162 305 276 263 146 298 122 308 43 324 162 245 343 196 471 253 354
 221 257 213 93 362 222 244 299 180 352 1 182 384 302 170 129 305 236 222 152 235 186 212 168 146 307 387 72 50 296 291 46 258 311 81 201 148 226 134 190 65 170 302 204 383 25 171 23 258 342 120 284 153 210 39 227 72 131 10 256 296 150 356 147 118 222 284 150 152 378 162 151 360 204 184 294 329 212 235 39 82 258 265 70 381 363 182 315 329 93 115 338 396 185 350 410 33 259 197 110 71 197 184 238 75 220 256 106 92 342 102 155 77 208 237 347 127 378 177 351 46 26 289 146 370 186 274 139 360 148 167 99 202 301 55 280 18 254 283 210 260 355 294 341 160 370 179 217 281 289 217 255 351 32 50 150 189 41 127 174 203 159 379 63 144 50 88 366 250 319 278 46 132 109 287 225 289 377 187 336 111 167 274 160 200 316 115 148 301 236 242 149 241 155 221 375 345 170 132 83 367 437 303 71 33 286 314 178 261 304 238 365 254 400 113 281 299 93 192 295 321 281 202 148 353 241 210 318 357 212 99 142 386 178 159 222 224 152 113 263 335 151 218 224 202 216 150 224 277 296 303 391 128 193 368 59 181 152 161 187
 110 108 58 96 355 235 369 149 58 334 182 1 347 309 261 90 126 254 73 304 153 47 257 77 261 266 349 190 140 238 117 195 135 280 115 33 175 208 157 335 149 23 255 31 328 174 309 173 121 172 224 253 255 219 197 261 119 156 189 82 146 43 269 132 264 274 305 76 94 289 215 124 242 26 326 125 293 119 54 185 221 121 326 117 343 302 203 261 300 105 98 350 344 180 217 367 209 224 22 273 181 205 306 79 109 175 246 133 94 290 92 263 108 82 172 227 256 330 172 205 172 194 263 159 196 316 274 63 190 157 265 261 40 334 203 283 192 108 123 80 154 303 289 216 304 298 5 37 310 158 186 173 260 157 152 34 329 189 63 256 339 184 204 186 174 224 95 315 368 284 325 223 110 210 219 94 326 289 335 160 134 238 268 85 331 200 119 287 282 177 279 181 368 108 332 321 293 153 57 223 199 398 125 206 150 164 148 24 152 129 141 249 182 374 115 336 250 254 285 255 238 173 301 40 350 197 110 263 235 290 104 126 326 278 94 56 287 146 74 340 156 227 52 173 38 71 83 192 111 343 134 361 288 228 229 124 147 183 87 21
 239 267 298 378 63 165 317 257 402 46 384 347 1 103 255 408 345 156 284 353 195 300 192 276 290 83 4 446 346 110 320 348 227 74 325 375 488 160 467 347 414 364 93 328 37 401 328 398 248 311 286 102 273 175 357 174 384 465 392 318 258 322 114 250 336 193 129 287 425 111 229 251 178 359 340 302 57 229 351 349 329 247 193 341 5 60 203 87 55 392 406 99 32 201 211 28 380 130 362 370 442 188 300 292 368 179 130 286 340 59 321 280 370 267 176 183 310 25 210 242 339 409 96 475 335 314 116 310 315 240 265 362 314 142 345 114 401 263 281 270 202 48 97 197 340 78 344 345 141 225 175 176 123 389 338 342 336 421 372 245 331 226 345 326 485 379 355 38 302 67 168 385 429 289 130 260 151 110 353 334 436 237 114 273 318 185 426 327 85 172 168 492 321 439 283 40 57 223 369 330 309 55 344 329 375 209 293 324 205 327 209 173 165 34 422 181 98 362 254 95 124 190 260 364 70 156 238 85 187 229 311 448 49 264 428 391 205 239 369 220 353 249 389 178 315 284 281 168 297 166 303 20 365 198 226 370 217 495 271 367
 215 258 273 316 61 84 216 265 360 60 302 309 103 1 157 353 344 68 262 253 171 266 96 233 192 81 106 370 272 112 319 262 219 65 257 340 423 102 404 245 342 322 93 298 124 322 227 319 241 327 194 72 176 99 271 79 317 401 310 305 265 276 165 189 239 94 27 238 373 176 141 193 221 327 238 304 74 199 329 265 238 240 93 272 102 125 125 104 64 329 347 42 129 135 245 129 294 94 328 273 366 114 199 275 302 138 64 216 277 103 259 181 304 239 148 220 213 112 145 272 258 327 61 413 356 212 36 259 336 170 166 267 284 49 257 27 319 254 281 243 195 106 26 229 239 145 305 318 40 231 125 162 170 313 261 295 234 342 319 147 229 149 368 241 420 289 292 110 201 71 69 296 371 200 130 239 52 174 251 345 372 143 43 226 216 207 364 227 45 141 68 427 220 386 181 120 104 162 317 239 334 148 343 241 299 215 302 286 198 329 190 219 147 106 360 83 96 267 153 83 151 193 159 316 52 119 208 104 228 127 247 389 134 164 377 361 103 175 312 121 360 157 358 140 285 259 232 119 293 72 307 101 266 110 265 300 164 430 224 329
 218 269 253 220 215 101 113 298 293 214 170 261 255 157 1 263 349 102 251 100 196 232 65 196 36 197 258 241 159 206 326 125 245 192 161 291 312 133 295 104 225 263 199 266 267 194 80 191 258 359 51 173 21 102 133 82 211 292 176 298 296 219 275 136 84 64 133 188 287 293 55 145 308 285 96 318 210 200 302 132 92 258 97 171 253 257 86 215 205 230 253 184 276 114 316 282 152 164 281 117 240 100 59 269 201 158 137 130 187 233 177 26 204 227 182 300 58 258 115 332 131 192 172 306 391 73 140 199 374 111 11 112 255 140 117 142 184 265 298 231 231 242 159 302 88 272 257 285 125 272 143 205 274 191 144 234 94 210 239 12 97 88 402 110 308 143 199 251 109 201 113 150 276 64 209 237 127 292 109 366 266 30 145 185 84 273 264 73 174 176 90 314 113 296 73 261 235 128 240 92 376 303 347 100 180 260 328 242 233 339 211 310 194 261 260 114 199 113 26 189 244 243 42 247 206 163 205 217 310 43 163 291 274 19 293 315 59 124 227 94 374 35 311 164 255 246 182 145 303 130 326 256 111 70 337 192 143 317 184 277
 186 196 144 44 406 271 359 238 57 388 129 90 408 353 263 1 209 289 159 276 221 125 280 136 251 326 411 110 108 303 204 161 217 337 104 91 87 255 68 312 74 69 317 120 396 112 289 112 206 260 216 309 251 255 159 290 60 67 132 170 234 91 345 165 238 295 342 123 25 366 231 161 326 102 304 214 353 188 135 150 196 206 346 93 405 371 232 326 357 38 15 393 411 218 304 431 161 280 94 236 101 241 295 167 65 230 293 142 79 356 95 257 62 160 236 311 239 395 209 293 142 131 317 72 282 301 319 100 278 184 264 225 127 368 171 327 133 195 212 159 231 369 336 301 280 370 90 122 344 243 236 243 337 99 124 74 309 119 38 263 322 209 289 162 86 178 65 381 361 343 352 175 23 202 287 175 357 366 310 246 45 248 314 137 316 282 30 266 335 239 308 93 356 35 328 388 358 192 42 197 287 462 208 181 100 247 237 103 231 215 214 333 249 433 27 360 312 218 288 314 312 252 302 54 399 254 181 329 320 300 108 41 395 277 32 106 305 179 41 353 238 233 103 231 126 155 128 243 200 371 223 421 254 254 317 77 193 96 139 82
 137 88 99 221 374 290 461 90 159 348 305 126 345 344 349 209 1 307 99 411 175 125 324 157 359 277 346 314 259 243 26 311 126 295 231 120 286 252 271 438 273 143 264 101 316 299 411 298 105 61 323 275 348 276 315 322 244 271 312 53 88 156 240 214 372 342 349 170 204 254 296 205 188 108 428 43 302 155 75 302 331 106 390 237 340 289 273 262 312 229 220 381 331 244 153 357 330 251 116 387 305 267 402 81 233 214 285 234 214 287 207 358 232 123 198 176 359 323 239 126 288 318 286 270 75 414 312 171 76 239 355 374 105 382 318 321 316 92 65 119 151 298 320 161 409 276 128 90 359 121 230 184 230 281 270 157 430 313 187 342 438 262 81 298 287 343 218 308 456 295 381 343 226 311 222 114 376 255 439 39 253 322 303 168 428 162 238 391 306 205 338 292 461 216 421 310 289 223 181 333 87 387 2 318 274 137 57 128 148 19 156 196 198 377 236 395 259 368 371 269 222 157 387 164 371 228 148 264 178 368 216 238 309 367 201 112 358 225 199 410 31 315 114 210 105 104 174 233 52 397 43 363 399 298 153 248 210 294 169 128
 172 221 225 251 126 20 189 237 301 119 236 254 156 68 102 289 307 1 217 201 134 213 39 178 136 97 159 303 205 111 282 196 186 91 191 286 358 56 338 201 276 264 101 247 166 256 179 253 205 301 131 74 119 36 206 23 252 336 244 263 237 217 179 127 181 48 54 180 310 195 76 133 221 274 194 270 109 154 280 199 175 204 85 207 154 156 59 117 104 264 283 106 176 75 236 183 228 72 273 215 300 50 154 232 237 94 38 151 213 132 195 126 239 192 113 216 156 157 84 258 191 261 71 348 332 168 41 199 313 106 112 207 233 82 192 45 253 216 247 196 165 141 61 221 189 172 250 267 57 206 78 133 180 247 194 237 191 275 257 91 189 83 344 175 354 225 228 150 177 100 75 231 308 135 120 196 73 194 207 315 307 82 45 170 176 194 300 174 73 105 33 361 191 323 148 160 134 102 256 176 313 207 306 176 233 191 273 231 168 293 153 222 119 167 296 89 101 206 107 90 152 171 118 256 118 85 163 118 225 87 183 325 173 114 315 307 65 113 249 110 327 94 304 99 234 213 173 75 257 92 275 160 211 44 257 235 108 365 168 273
 48 38 17 152 301 198 363 81 130 278 222 73 284 262 251 159 99 217 1 315 94 38 229 60 261 207 286 247 174 176 77 221 64 223 143 95 245 164 226 340 205 94 195 47 263 221 314 220 49 122 226 199 251 183 226 229 172 225 230 49 78 77 199 116 276 247 263 76 165 218 199 108 169 78 331 74 234 64 68 213 237 49 297 153 280 236 177 198 242 164 164 302 279 149 146 302 243 171 82 294 239 173 304 19 158 126 200 139 133 227 121 260 158 26 116 155 262 266 143 137 198 240 209 229 152 316 228 84 140 141 257 281 35 295 227 237 236 37 62 22 85 239 239 144 312 230 72 61 271 86 141 110 189 204 181 88 333 239 126 244 341 165 162 205 244 255 141 251 359 225 291 256 180 215 155 25 288 218 342 120 200 224 220 71 330 128 186 294 229 123 246 251 363 180 323 256 229 126 120 239 146 334 97 224 193 92 93 57 83 91 77 177 122 314 182 304 190 275 274 197 170 103 290 106 297 144 55 201 163 272 126 197 259 269 166 108 263 128 132 315 125 217 106 123 36 7 79 145 57 307 83 301 305 202 160 171 114 254 72 90
 292 341 313 234 309 199 101 375 319 311 152 304 353 253 100 276 411 201 315 1 281 288 163 256 68 296 356 213 171 303 391 116 324 291 190 330 297 228 284 40 216 299 298 317 366 175 31 174 334 432 93 272 84 198 118 181 217 281 153 360 373 263 372 203 41 160 227 243 300 391 143 211 400 328 35 388 309 276 352 127 84 333 176 192 351 356 177 314 303 239 262 275 375 201 404 380 122 260 323 47 216 193 60 334 213 247 236 178 214 332 212 76 216 294 270 391 56 357 199 416 136 164 271 296 464 51 239 245 449 183 90 54 309 228 106 240 157 337 370 297 315 341 257 391 16 370 300 335 218 354 234 293 370 182 156 272 42 183 263 111 57 170 474 119 292 105 220 350 111 300 199 111 282 102 304 307 215 389 36 434 262 124 244 245 59 363 265 28 273 265 186 297 97 305 94 360 334 207 267 82 453 399 410 99 177 344 402 291 317 405 293 403 285 357 263 194 297 60 101 287 340 330 99 279 299 256 279 316 401 127 200 292 373 90 306 353 150 196 249 160 439 118 350 253 309 309 238 238 371 212 396 353 28 167 425 200 222 300 244 315
 46 88 106 198 209 118 305 105 209 185 235 153 195 171 196 221 175 134 94 281 1 107 157 87 217 115 197 282 187 86 150 215 53 131 158 181 305 79 285 297 243 170 103 135 177 244 271 241 72 169 189 106 203 106 223 151 210 283 244 135 104 132 127 90 247 173 175 101 235 149 143 85 127 166 288 136 143 35 161 211 216 71 218 174 191 151 112 109 150 212 221 210 193 83 125 215 245 79 168 273 276 101 254 105 194 42 111 130 164 138 145 213 195 74 24 115 226 179 83 137 197 258 117 291 200 268 138 123 182 101 205 261 120 207 218 147 252 84 114 77 35 152 148 113 274 150 150 153 185 77 59 23 120 228 187 151 288 264 185 187 292 112 212 194 303 251 178 164 297 133 208 255 243 183 67 70 202 148 300 181 255 168 130 87 280 85 243 255 137 31 166 310 306 250 263 169 141 76 181 218 183 246 174 208 214 65 140 131 38 161 20 132 31 223 238 222 98 257 214 104 92 51 230 173 204 54 44 111 126 205 141 261 175 214 238 198 191 90 185 241 194 166 196 37 122 92 97 60 124 223 142 210 278 133 146 201 61 313 85 173
 65 75 28 116 310 194 344 118 104 288 186 47 300 266 232 125 125 213 38 288 107 1 220 38 238 220 303 210 139 192 107 188 93 234 109 77 211 164 192 316 168 65 209 36 282 185 289 183 83 157 202 208 229 178 193 222 135 190 194 73 115 40 225 98 249 237 263 46 134 245 183 89 202 63 307 108 247 73 71 180 207 83 289 117 296 256 166 215 254 128 129 306 298 141 181 321 209 179 64 264 202 166 282 53 121 130 203 111 96 244 86 239 121 37 126 188 236 284 133 173 165 203 218 196 185 293 231 49 175 124 238 251 23 293 195 240 200 74 98 36 109 257 245 177 286 252 44 56 269 119 142 127 216 167 147 53 309 202 90 227 318 150 195 175 210 221 104 269 340 238 286 222 146 189 173 52 285 245 317 152 165 207 224 49 308 159 151 268 237 132 240 217 343 149 305 275 247 114 85 210 182 352 123 194 157 123 128 25 108 121 95 209 136 328 147 298 204 245 256 209 193 129 272 73 305 151 64 217 196 257 93 164 280 250 135 96 252 111 96 305 154 198 93 128 24 33 52 148 91 303 117 315 276 192 196 134 106 220 50 67
 188 239 235 240 155 43 154 261 299 152 212 257 192 96 65 280 324 39 229 163 157 220 1 183 99 135 195 281 187 147 300 169 208 129 178 289 342 82 323 163 258 264 138 254 204 233 141 230 226 324 99 112 82 51 179 19 237 320 219 277 260 217 216 126 146 19 74 181 303 233 52 133 255 279 156 289 146 170 289 174 143 225 70 192 190 194 55 154 141 252 272 128 213 82 267 219 200 107 277 179 278 58 116 246 223 116 76 139 202 170 187 89 226 205 138 248 120 194 88 287 168 236 109 334 356 130 77 198 337 101 74 172 241 91 164 79 227 235 267 209 190 179 96 252 151 210 253 275 71 231 99 159 216 226 174 235 153 252 250 54 152 74 367 150 338 195 216 187 144 138 73 202 297 106 154 211 79 232 169 335 293 48 82 173 139 225 287 137 111 130 31 345 156 314 113 197 172 106 250 144 338 241 323 147 213 217 295 235 193 312 174 256 147 200 283 81 139 172 69 127 188 198 81 253 146 113 177 156 258 51 173 314 211 76 308 311 35 111 241 87 346 63 308 121 242 225 174 99 275 92 295 194 174 29 289 218 117 348 172 275
 56 91 59 114 281 159 308 132 129 260 168 77 276 233 196 136 157 178 60 256 87 38 183 1 203 194 279 204 119 169 136 162 93 207 88 109 220 132 199 282 163 90 184 72 262 171 255 169 91 180 168 180 194 143 168 186 129 198 177 105 129 47 212 61 217 201 229 19 150 233 146 53 199 97 273 134 222 54 108 155 177 91 252 100 273 236 130 192 228 128 136 274 277 105 185 298 187 150 96 235 196 130 247 79 113 100 171 80 84 222 68 204 114 42 102 186 203 262 97 183 141 188 189 206 211 259 198 38 198 87 202 222 60 259 168 207 183 88 119 44 101 235 214 178 253 236 73 92 235 123 110 108 204 154 124 66 275 190 99 190 283 113 221 146 218 197 97 247 304 212 250 199 157 156 152 58 250 233 283 180 170 171 192 12 273 155 157 235 208 106 204 225 307 165 269 254 225 78 95 180 203 329 155 165 142 122 150 54 101 150 81 206 115 303 153 262 179 216 220 183 178 122 236 88 275 123 48 195 195 221 70 175 261 214 153 130 215 75 99 268 184 162 127 100 60 55 20 116 117 268 142 290 245 155 202 123 71 228 14 97
 233 283 261 208 250 133 110 315 287 250 146 261 290 192 36 251 359 136 261 68 217 238 99 203 1 230 293 216 144 236 337 101 263 226 153 290 292 161 276 82 205 260 231 270 301 170 55 168 274 374 38 206 18 131 108 117 196 273 151 307 313 219 305 146 48 100 168 193 276 324 77 154 334 285 72 331 244 216 306 110 65 274 128 160 288 290 111 247 239 216 240 219 311 136 339 317 124 194 281 82 216 127 46 279 188 182 170 129 179 266 172 12 191 238 205 325 24 292 135 353 112 166 205 287 406 56 175 200 390 123 28 77 260 174 92 177 158 279 313 242 251 276 194 326 58 304 257 289 160 292 168 228 304 170 128 231 73 185 231 47 81 106 417 91 287 113 189 285 111 235 147 120 262 52 238 250 162 323 84 379 249 57 180 192 71 298 248 41 208 200 125 293 109 284 78 295 268 145 233 64 393 338 357 77 161 281 344 245 254 350 230 337 219 297 245 146 230 78 49 221 273 266 57 243 241 190 220 249 335 74 159 276 308 35 282 314 94 136 218 121 385 52 310 187 260 255 187 171 315 163 339 291 76 100 361 177 160 296 191 275
 160 194 220 296 98 98 281 193 321 72 307 266 83 81 197 326 277 97 207 296 115 220 135 194 230 1 86 367 266 35 252 273 154 20 244 295 406 81 385 297 333 282 14 249 77 322 275 319 176 253 218 25 213 103 283 119 303 383 315 245 193 240 87 168 273 143 100 205 343 101 160 169 140 280 290 235 29 148 274 274 259 175 164 260 80 61 130 24 37 310 323 110 91 122 165 107 306 49 282 306 362 113 250 216 286 97 61 206 258 38 239 221 288 188 94 140 248 73 131 194 263 332 27 393 281 264 66 227 260 160 207 297 234 128 272 70 324 190 213 191 128 49 58 150 284 76 263 266 113 159 93 98 90 310 260 260 287 343 290 186 285 150 292 251 403 306 273 60 268 19 144 312 347 219 56 182 130 100 303 273 354 174 57 191 272 129 343 269 38 90 121 410 284 357 242 70 40 141 287 261 257 137 276 257 295 143 230 243 131 260 131 139 86 110 339 159 19 295 203 13 70 121 213 282 96 73 157 24 147 182 230 365 81 210 346 312 159 158 287 192 290 183 310 96 236 205 199 86 227 151 238 97 304 131 185 289 135 413 189 286
 241 268 300 381 65 168 320 258 405 48 387 349 4 106 258 411 346 159 286 356 197 303 195 279 293 86 1 449 349 112 322 351 228 77 328 377 490 163 470 350 417 366 96 330 37 404 331 401 250 312 289 105 277 178 360 177 387 468 396 320 259 325 114 253 339 196 132 290 428 111 233 254 178 361 343 304 60 231 353 352 332 249 196 344 7 60 207 90 58 395 409 101 30 204 211 25 383 133 364 373 445 191 303 294 371 182 133 289 343 61 323 283 373 269 178 184 314 25 213 243 342 412 99 478 336 317 120 312 316 243 268 366 316 145 348 117 404 265 283 272 204 49 100 198 343 78 346 347 144 226 178 178 124 392 341 344 339 424 375 248 334 229 346 329 488 382 358 39 305 70 171 388 432 293 132 262 153 110 356 335 439 240 117 276 321 186 429 330 88 174 171 495 324 442 286 40 59 225 372 334 310 52 345 332 378 211 294 326 207 328 211 173 167 34 424 184 101 365 257 98 125 192 264 366 72 158 240 87 187 232 314 450 48 267 431 393 208 242 372 223 354 253 391 181 317 286 284 171 299 169 304 20 368 201 226 373 220 498 274 369
 259 284 235 96 428 288 310 327 166 417 72 190 446 370 241 110 314 303 247 213 282 210 281 204 216 367 449 1 101 352 305 117 295 373 126 198 87 287 79 252 43 172 360 218 442 49 236 52 290 360 191 345 223 275 109 295 76 77 66 270 324 171 407 201 184 292 352 186 125 429 231 202 402 207 247 312 391 254 240 110 152 290 335 110 443 421 247 373 392 86 97 407 456 246 387 472 95 319 199 168 10 261 251 260 91 275 319 162 121 401 138 226 91 240 289 388 196 438 237 382 114 51 351 91 385 253 340 168 378 208 237 160 220 371 125 346 59 283 306 241 303 414 360 380 223 425 188 225 350 325 275 303 401 58 110 162 253 32 128 245 267 223 393 133 82 110 108 426 317 380 348 103 100 179 340 257 358 428 248 349 71 237 339 199 266 358 83 214 364 289 311 86 306 121 289 434 404 227 134 152 387 500 313 142 72 325 335 194 303 317 281 408 305 465 84 352 357 155 262 355 372 324 272 151 420 297 250 376 398 282 142 101 444 249 131 214 295 209 118 334 344 221 211 278 219 242 188 282 297 367 321 455 187 261 403 82 235 89 200 187
 172 208 166 66 330 190 251 250 149 317 50 140 346 272 159 108 259 205 174 171 187 139 187 119 144 266 349 101 1 253 244 57 209 273 32 163 156 187 138 206 72 131 260 160 342 58 183 55 209 294 110 245 145 176 58 200 53 135 59 209 247 104 311 102 132 200 256 101 133 332 136 104 311 164 198 246 291 163 192 47 89 209 248 24 343 321 148 273 292 73 96 310 356 146 301 372 71 219 157 136 97 162 188 190 45 176 220 62 47 301 54 151 48 159 192 299 131 338 137 301 36 72 251 149 323 194 241 91 312 107 159 124 156 277 67 248 66 205 234 161 212 314 261 292 174 326 137 174 256 240 175 208 305 44 17 107 202 79 93 160 215 124 332 55 152 85 50 326 254 280 257 85 119 96 242 176 265 331 205 289 108 148 239 111 209 267 106 159 265 191 217 159 249 140 221 334 304 127 97 91 319 400 258 74 30 237 265 133 213 258 189 317 208 365 102 263 257 117 183 255 275 233 197 110 321 198 161 276 308 198 50 134 344 171 139 185 206 109 79 251 289 132 182 180 156 168 100 182 229 276 255 355 152 165 319 34 136 162 112 148
 130 161 189 276 132 106 299 158 294 106 296 238 110 112 206 303 243 111 176 303 86 192 147 169 236 35 112 352 253 1 218 267 120 54 228 266 385 77 364 308 316 255 22 219 94 309 285 307 142 219 219 43 219 106 276 133 285 362 305 212 159 215 70 152 276 158 127 181 318 89 162 152 113 250 300 201 61 120 243 265 257 141 188 244 106 70 129 24 70 290 302 143 109 114 134 130 299 43 253 307 347 112 261 184 268 78 74 192 239 54 220 228 270 158 68 110 251 94 121 161 253 321 52 372 247 276 89 204 227 149 216 297 205 157 266 96 313 157 179 161 95 67 88 118 292 75 235 236 140 125 80 67 70 296 248 234 298 330 266 195 298 145 258 245 382 301 254 79 287 53 169 306 324 218 22 151 157 88 313 239 334 180 79 167 285 96 322 276 69 65 139 389 301 333 258 86 57 127 263 259 224 161 242 253 281 109 196 215 98 226 100 113 56 140 318 185 17 295 215 30 43 87 227 257 130 56 129 27 118 197 212 343 94 221 321 282 175 145 265 215 255 186 280 75 206 175 176 74 193 179 203 126 307 137 154 273 118 393 165 258
 112 63 81 211 349 265 438 67 158 323 291 117 320 319 326 204 26 282 77 391 150 107 300 136 337 252 322 305 244 218 1 294 101 270 215 118 285 227 268 417 264 136 239 89 293 287 390 285 79 57 302 250 327 251 299 297 233 268 299 36 65 142 218 192 352 317 324 151 202 233 273 184 168 103 408 20 277 131 71 286 312 80 365 222 316 265 249 238 287 220 213 356 308 220 135 334 315 226 111 369 297 243 380 59 222 189 260 215 200 263 192 336 221 100 173 155 338 299 215 110 272 306 261 269 81 392 287 154 75 217 333 356 89 356 301 296 303 67 40 97 125 274 295 140 389 253 118 83 334 97 205 158 207 269 253 145 409 302 178 319 417 239 90 280 285 327 206 284 433 270 356 328 222 291 197 90 351 233 418 46 248 299 278 148 406 140 233 370 281 180 313 291 438 215 398 286 265 199 172 315 84 364 25 299 260 112 41 115 122 15 131 176 173 353 230 370 234 350 348 244 198 132 364 156 346 202 124 240 159 344 199 236 286 344 200 115 334 203 189 386 49 292 115 185 90 83 155 208 27 372 24 339 380 273 137 236 186 293 148 123
 210 252 215 119 321 184 202 292 205 314 46 195 348 262 125 161 311 196 221 116 215 188 169 162 101 273 351 117 57 267 294 1 246 276 81 219 192 193 177 152 106 187 270 212 349 70 131 68 250 341 75 250 107 174 10 185 102 174 52 260 289 157 330 126 78 178 242 146 185 352 122 132 341 219 145 294 294 198 246 12 38 250 220 79 345 332 145 284 294 124 148 297 362 154 336 374 34 228 213 80 117 162 140 238 99 194 219 87 102 310 105 110 101 203 214 329 83 344 147 340 24 69 254 188 371 144 235 141 359 119 122 68 207 258 11 240 60 249 280 205 244 322 256 325 121 340 191 228 239 278 188 233 326 71 43 162 150 86 149 129 163 124 381 23 187 37 106 333 207 284 234 41 168 65 260 219 245 351 150 339 151 124 236 153 158 299 152 107 264 211 200 193 199 190 177 342 312 144 153 39 365 400 310 26 64 272 312 185 246 308 221 346 230 362 150 237 267 61 146 262 295 264 157 166 313 212 198 287 339 167 96 180 354 133 191 241 180 127 135 218 340 108 238 199 207 215 143 194 277 252 303 354 96 153 355 85 157 197 153 204
 38 41 79 203 250 170 355 54 192 225 258 135 227 219 245 217 126 186 64 324 53 93 208 93 263 154 228 295 209 120 101 246 1 171 178 158 303 131 284 343 254 156 141 110 202 262 317 260 23 117 232 150 250 158 253 203 220 282 267 93 53 129 136 124 288 225 225 111 226 155 191 117 110 141 334 86 180 50 127 241 254 22 270 191 222 175 162 141 189 217 220 256 218 133 93 243 274 127 145 311 288 152 302 67 205 94 161 160 176 168 160 260 205 58 75 96 269 207 131 95 226 279 161 288 149 315 188 128 131 142 253 299 97 258 251 196 274 38 63 59 26 181 195 87 318 168 133 123 235 32 111 59 126 246 212 145 334 282 182 236 340 159 160 228 302 282 188 192 348 172 260 285 239 224 99 43 253 155 346 129 256 216 178 99 328 66 242 300 181 82 217 309 356 241 314 195 171 119 177 256 133 274 125 244 233 31 88 116 23 110 35 117 73 258 238 274 136 294 264 145 108 40 280 165 247 104 50 144 104 256 160 256 198 263 227 170 242 129 186 293 143 213 168 89 99 65 110 112 75 274 90 244 319 184 111 215 104 312 98 153
 176 211 236 306 80 96 271 211 335 56 311 280 74 65 192 337 295 91 223 291 131 234 129 207 226 20 77 373 273 54 270 276 171 1 252 310 415 87 395 290 340 296 33 264 76 327 269 325 193 272 217 29 209 104 285 112 311 393 320 262 212 252 102 177 271 135 85 217 355 114 160 179 158 295 283 253 19 163 290 277 259 192 151 268 71 67 132 41 21 320 334 91 88 128 183 100 309 58 297 303 368 115 243 233 295 108 59 213 267 43 248 217 297 203 109 158 245 69 137 212 267 336 23 403 299 257 55 239 279 166 202 295 250 112 274 58 328 208 231 207 146 51 43 168 279 85 277 282 99 178 102 115 106 316 265 273 279 348 301 181 277 153 311 254 412 308 283 60 257 10 129 314 358 220 74 199 115 112 296 292 364 171 48 203 264 147 354 264 22 104 111 419 274 369 233 70 45 149 299 261 276 128 294 259 302 161 249 257 149 278 147 156 102 97 349 145 37 294 196 27 88 140 205 294 77 85 172 40 165 173 239 376 83 204 358 327 150 166 298 179 308 181 325 108 251 221 211 95 245 135 256 85 300 129 203 297 145 423 201 300
 141 177 136 62 313 174 262 219 135 298 81 115 325 257 161 104 231 191 143 190 158 109 178 88 153 244 328 126 32 228 215 81 178 252 1 141 168 166 148 222 90 110 237 132 318 87 197 84 178 264 117 223 151 159 85 189 62 145 90 180 216 76 283 76 150 193 243 70 127 304 128 77 281 140 214 216 269 133 166 72 107 177 243 17 321 296 134 249 271 75 95 296 333 126 270 350 101 196 134 159 120 144 198 160 46 151 201 41 27 277 25 158 49 128 164 268 144 315 116 270 59 102 230 158 293 206 224 61 282 88 163 147 127 267 89 232 97 174 203 130 182 290 243 262 191 300 112 148 244 209 151 179 277 71 40 83 218 107 79 160 229 109 303 72 164 113 39 302 263 258 250 114 119 102 216 145 256 304 222 260 117 145 222 80 221 237 110 175 245 165 207 171 260 138 229 310 280 103 81 109 288 379 230 92 57 206 235 105 182 228 159 287 180 345 106 257 233 140 186 232 247 202 201 91 305 173 130 251 278 198 19 136 320 176 133 165 202 87 67 250 260 130 161 154 127 137 69 158 199 269 225 335 173 153 288 46 111 175 81 126
 137 125 79 110 386 267 399 162 41 364 201 33 375 340 291 91 120 286 95 330 181 77 289 109 290 295 377 198 163 266 118 219 158 310 141 1 168 239 152 362 159 32 283 49 355 190 337 189 140 174 253 283 285 251 220 293 133 152 206 87 159 74 293 163 290 306 336 108 85 312 246 156 260 18 354 130 323 148 47 208 247 141 358 140 371 328 235 289 329 115 102 381 371 212 233 394 230 254 14 298 189 237 335 95 127 205 278 163 117 318 120 293 125 109 202 246 284 358 204 217 196 209 294 152 194 345 306 93 191 189 295 285 63 366 228 314 209 126 133 106 178 331 320 233 331 323 37 39 342 176 217 200 283 173 176 60 357 201 75 287 368 216 200 212 169 245 115 343 398 313 357 244 107 239 246 118 358 312 362 157 134 269 299 117 359 220 120 314 313 207 311 174 397 98 362 348 321 185 70 249 201 425 119 232 169 185 154 55 177 127 168 268 211 403 117 368 278 279 316 284 263 196 332 54 380 227 138 291 252 321 133 119 352 308 83 25 319 178 89 371 149 257 21 204 61 94 115 223 119 375 138 390 313 260 243 142 179 177 119 16
 271 282 230 111 479 341 392 323 128 464 148 175 488 423 312 87 286 358 245 297 305 211 342 220 292 406 490 87 156 385 285 192 303 415 168 168 1 331 22 336 88 153 397 204 477 124 318 126 292 341 262 387 296 326 186 354 107 24 146 253 320 176 430 239 265 356 410 205 84 451 291 237 412 183 330 296 432 273 215 183 229 293 403 152 484 453 300 407 435 97 85 463 493 291 390 512 177 358 175 253 83 311 331 253 122 310 367 208 149 437 168 300 120 247 318 398 274 476 282 379 182 134 395 17 361 334 391 183 358 254 310 244 213 432 202 398 141 281 296 246 317 450 410 387 306 454 175 204 410 329 314 327 422 123 171 160 336 116 123 314 350 276 366 203 6 193 134 462 398 421 413 187 66 249 370 262 420 451 332 324 53 303 388 219 347 369 64 295 410 320 372 7 388 71 368 470 440 267 128 230 368 541 285 216 133 333 320 189 317 295 299 419 332 510 68 419 393 238 335 393 396 338 347 140 472 333 266 410 406 353 178 50 477 323 86 176 362 252 122 405 314 287 174 312 211 242 210 321 283 432 305 499 272 319 403 125 271 10 222 163
 118 166 173 221 152 41 235 182 259 135 226 208 160 102 133 255 252 56 164 228 79 164 82 132 161 81 163 287 187 77 227 193 131 87 166 239 331 1 310 236 254 221 78 198 158 242 212 239 150 246 143 59 145 33 203 74 226 308 235 209 182 175 145 92 200 97 100 137 274 165 86 95 176 226 228 215 105 101 229 193 181 149 140 182 157 140 53 92 106 235 251 143 171 42 187 186 226 36 226 231 282 36 190 178 210 39 40 127 182 118 164 154 212 140 58 169 176 153 51 206 182 251 65 319 278 205 67 159 259 80 143 221 183 132 192 76 243 161 192 144 111 130 83 172 218 149 204 217 108 152 24 79 144 230 179 195 226 263 220 122 228 70 289 171 327 227 198 141 225 94 130 232 275 142 77 142 125 164 241 260 279 106 61 125 215 144 270 201 81 51 87 334 236 288 193 150 120 64 218 183 259 214 251 178 216 137 218 185 114 239 98 178 66 181 265 144 75 219 146 70 113 118 160 216 145 32 110 95 179 132 153 293 161 149 278 259 115 80 215 163 272 111 257 44 184 160 131 20 202 146 220 170 232 64 208 211 63 338 123 228
 251 263 211 90 459 321 377 304 113 444 134 157 467 404 295 68 271 338 226 284 285 192 323 199 276 385 470 79 138 364 268 177 284 395 148 152 22 310 1 323 71 135 376 186 457 110 304 112 273 324 245 366 279 306 171 335 88 4 133 236 301 156 410 219 251 337 390 185 68 431 272 217 392 166 317 279 411 252 198 167 214 273 385 133 464 433 280 387 415 76 65 443 472 271 371 491 164 338 158 241 73 291 316 234 103 290 347 188 129 416 148 284 100 227 298 378 259 456 262 360 165 122 374 13 345 319 371 163 342 234 293 231 194 413 186 378 128 262 278 226 297 430 389 368 292 433 157 187 391 310 293 306 402 106 153 140 322 104 103 297 336 256 351 186 19 180 113 442 383 401 394 175 47 232 349 242 401 431 320 308 32 285 368 199 333 349 43 281 390 300 353 26 374 57 352 449 419 247 108 215 352 521 270 200 116 314 303 170 297 279 279 400 312 490 47 400 372 225 318 373 376 318 331 121 451 313 246 390 386 335 158 34 457 306 71 162 343 231 101 388 299 269 160 291 193 222 189 300 266 413 288 479 259 299 384 106 251 30 201 146
