NAME : domp30p10v4
COMMENT : (Deleplanque et al.) 
TYPE : DOMP
DIMENSION : 30
DISPLAY_DATA_TYPE: NO_DISPLAY
OPEN_FACILITIES : 10
COST_SECTION
 1 99 16 337 210 140 314 139 289 189 123 352 154 237 230 148 143 184 250 170 259 276 306 248 232 78 67 67 354 318
 99 1 84 247 234 124 256 201 224 234 195 260 63 143 189 59 204 205 195 230 171 193 209 171 148 27 42 161 263 225
 16 84 1 322 207 130 308 142 281 190 129 337 140 222 225 135 146 180 243 180 245 265 292 234 217 64 52 82 339 303
 337 247 322 1 336 248 352 377 316 371 384 20 185 109 349 231 377 318 327 472 79 240 118 105 109 261 271 403 21 32
 210 234 207 336 1 117 488 102 455 52 125 355 234 287 419 287 99 30 428 369 274 414 376 234 245 212 201 245 356 335
 140 124 130 248 117 1 376 130 342 133 139 266 118 179 313 174 131 90 318 309 175 298 267 145 144 107 101 198 267 240
 314 256 308 352 488 376 1 447 38 487 435 350 269 271 93 203 451 460 66 302 317 112 237 349 319 279 292 342 353 320
 139 201 142 377 102 130 447 1 419 60 24 395 229 302 367 260 5 90 383 278 304 393 387 274 273 176 161 154 397 368
 289 224 281 316 455 342 38 419 1 456 407 316 233 234 84 169 422 427 48 295 280 77 204 312 282 247 261 321 319 285
 189 234 190 371 52 133 487 60 456 1 83 390 247 311 411 291 56 56 424 337 304 422 399 268 273 209 196 212 391 367
 123 195 129 384 125 139 435 24 407 83 1 402 228 304 352 252 28 110 370 256 310 386 388 282 278 169 154 132 404 374
 352 260 337 20 355 266 350 395 316 390 402 1 199 120 352 240 396 337 329 483 95 239 114 123 125 275 286 417 4 37
 154 63 140 185 234 118 269 229 233 247 228 199 1 84 220 73 230 207 216 292 109 182 161 111 86 77 89 220 202 165
 237 143 222 109 287 179 271 302 234 311 304 120 84 1 250 123 303 263 234 365 47 165 90 81 53 159 172 302 123 84
 230 189 225 349 419 313 93 367 84 411 352 352 220 250 1 148 370 390 37 213 296 133 248 319 289 208 219 251 355 318
 148 59 135 231 287 174 203 260 169 291 252 240 73 123 148 1 262 259 146 245 163 134 167 177 149 85 100 203 243 204
 143 204 146 377 99 131 451 5 422 56 28 396 230 303 370 262 1 87 386 282 305 396 389 274 273 179 164 158 397 369
 184 205 180 318 30 90 460 90 427 56 110 337 207 263 390 259 87 1 399 346 253 386 352 215 223 183 173 223 338 315
 250 195 243 327 428 318 66 383 48 424 370 329 216 234 37 146 386 399 1 248 280 100 221 307 277 217 229 278 332 296
 170 230 180 472 369 309 302 278 295 337 256 483 292 365 213 245 282 346 248 1 399 325 407 399 377 225 221 126 486 447
 259 171 245 79 274 175 317 304 280 304 310 95 109 47 296 163 305 253 280 399 1 209 115 45 32 183 194 325 97 65
 276 193 265 240 414 298 112 393 77 422 386 239 182 165 133 134 396 386 100 325 209 1 127 245 216 218 233 322 242 209
 306 209 292 118 376 267 237 387 204 399 388 114 161 90 248 167 389 352 221 407 115 127 1 158 137 231 245 367 117 88
 248 171 234 105 234 145 349 274 312 268 282 123 111 81 319 177 274 215 307 399 45 245 158 1 31 177 184 314 125 102
 232 148 217 109 245 144 319 273 282 273 278 125 86 53 289 149 273 223 277 377 32 216 137 31 1 157 167 298 127 97
 78 27 64 261 212 107 279 176 247 209 169 275 77 159 208 85 179 183 217 225 183 218 231 177 157 1 16 144 277 241
 67 42 52 271 201 101 292 161 261 196 154 286 89 172 219 100 164 173 229 221 194 233 245 184 167 16 1 132 288 252
 67 161 82 403 245 198 342 154 321 212 132 417 220 302 251 203 158 223 278 126 325 322 367 314 298 144 132 1 420 383
 354 263 339 21 356 267 353 397 319 391 404 4 202 123 355 243 397 338 332 486 97 242 117 125 127 277 288 420 1 40
 318 225 303 32 335 240 320 368 285 367 374 37 165 84 318 204 369 315 296 447 65 209 88 102 97 241 252 383 40 1
LAMBDA_SECTION
1  23
2  24
3  19
4  18
5  16
6  13
7  21
8  24
9  26
10  28
11  7
12  18
13  25
14  28
15  26
16  8
17  22
18  21
19  10
20  21
21  27
22  25
23  18
24  19
25  10
26  11
27  24
28  9
29  18
30  14
