NAME : domp200p66v1
COMMENT : (Deleplanque et al.) 
TYPE : DOMP
DIMENSION : 200
DISPLAY_DATA_TYPE: NO_DISPLAY
OPEN_FACILITIES : 66
COST_SECTION
 1 212 377 320 359 262 240 177 289 141 247 313 481 191 494 361 327 253 300 176 380 181 200 299 430 137 404 483 159 379 367 30 407 290 502 437 260 276 379 320 351 380 261 335 368 442 358 359 112 367 211 348 109 368 175 404 199 463 250 243 291 77 351 225 142 142 327 186 92 49 396 385 323 26 407 257 425 238 163 200 158 285 112 97 150 127 298 147 363 300 430 241 237 359 387 294 326 372 510 266 480 288 195 496 349 248 165 151 288 188 211 227 25 348 374 347 269 210 168 355 307 342 399 280 175 293 227 221 165 241 369 226 328 421 490 352 88 191 349 432 453 284 62 380 133 413 370 199 401 208 431 319 372 339 187 360 374 208 478 335 329 149 349 343 111 466 466 354 245 361 12 153 390 425 325 259 397 302 205 331 239 157 116 370 264 403 233 339 288 276 293 344 332 294 337 267 219 375 257 18
 212 1 283 112 317 52 241 127 223 104 303 103 350 208 351 160 337 127 180 146 330 44 191 316 242 222 313 339 91 370 157 238 361 169 353 283 50 106 407 219 382 219 138 181 281 288 177 311 122 399 12 322 198 373 42 220 263 290 229 213 242 166 140 214 99 123 365 275 124 216 269 377 207 187 299 128 349 288 250 42 111 307 162 121 207 230 264 102 333 150 285 36 77 206 222 83 121 332 365 218 343 122 24 344 292 140 74 74 93 31 184 76 196 376 321 154 63 204 83 149 243 159 290 72 179 82 140 95 225 204 187 23 179 303 359 210 203 251 201 265 307 258 219 273 89 325 162 24 218 46 272 110 291 299 27 149 172 46 323 134 123 153 297 288 228 307 304 264 77 303 202 91 320 287 117 187 217 241 69 221 133 173 234 256 163 317 261 284 145 65 105 133 165 84 128 64 105 279 170 218
 377 283 1 256 87 293 163 208 90 255 223 280 118 198 142 368 166 158 104 203 81 316 182 172 205 265 31 134 243 154 317 386 102 115 156 125 267 187 220 66 212 130 147 127 15 128 176 77 277 223 294 111 278 172 275 186 233 179 140 140 97 301 297 162 257 243 214 262 340 342 62 159 78 356 35 157 68 214 261 249 232 179 266 302 242 281 105 249 110 142 106 302 207 117 137 288 333 96 158 115 124 172 272 156 61 149 251 270 341 271 168 209 353 204 73 205 251 175 241 345 75 180 33 258 205 294 162 195 237 140 177 264 121 57 126 97 300 230 111 151 117 119 333 23 278 43 341 267 184 241 133 310 24 89 296 283 240 241 147 351 248 229 70 66 295 148 155 24 208 60 374 250 51 90 258 120 173 80 223 64 159 222 295 40 127 35 190 67 143 278 207 303 153 269 263 246 188 5 127 369
 320 112 256 1 316 74 282 191 230 193 355 27 285 266 278 113 362 137 164 209 323 153 243 348 141 302 283 266 175 381 70 345 351 157 276 208 63 86 432 203 412 148 143 130 260 212 95 308 219 428 117 329 285 390 146 126 326 199 261 245 255 265 47 256 190 206 400 345 235 318 219 388 183 295 259 134 323 340 324 123 189 343 250 225 281 314 279 189 337 120 217 96 104 147 148 46 80 331 289 238 275 93 126 265 287 156 163 172 101 134 230 113 302 404 314 62 53 252 165 90 246 82 250 42 242 52 172 133 295 236 101 95 136 254 293 163 296 315 149 182 237 280 318 239 190 295 89 122 125 117 195 57 272 304 139 45 63 117 244 97 14 228 294 286 315 227 221 244 95 295 311 179 302 225 6 204 128 246 129 197 155 244 321 220 170 289 309 283 125 53 56 50 105 32 18 55 144 251 184 324
 359 317 87 316 1 339 121 212 95 260 157 337 192 169 220 428 84 194 154 200 23 341 163 97 288 230 87 214 254 70 382 361 50 161 235 211 313 237 134 115 126 210 184 196 74 214 249 11 276 137 327 26 252 87 298 267 183 265 110 121 77 287 361 136 263 242 131 209 342 317 147 76 136 342 115 195 79 153 217 277 237 107 252 302 211 245 63 255 24 197 192 342 245 192 217 341 390 17 234 104 201 225 300 237 32 178 266 283 389 297 156 243 336 119 22 274 299 151 255 405 75 249 117 309 188 346 179 223 200 126 252 301 187 138 198 171 275 184 184 236 201 76 306 109 286 87 404 296 264 271 219 367 64 21 323 350 312 271 231 407 310 219 23 32 260 233 240 82 248 28 359 260 50 176 319 131 253 76 249 124 185 205 259 122 156 79 138 35 193 327 262 365 220 323 326 294 213 90 148 347
 262 52 293 74 339 1 278 169 246 153 344 57 343 250 340 111 369 146 191 188 350 85 230 350 213 270 322 328 138 398 107 289 380 182 340 270 27 108 440 232 416 207 156 177 294 275 158 332 172 433 52 347 248 402 93 195 307 268 262 245 268 217 91 250 148 171 401 321 172 267 268 404 216 238 304 145 360 328 297 84 157 343 211 172 253 279 291 150 357 153 276 23 96 199 209 34 71 354 352 246 335 122 73 330 311 163 122 124 52 81 221 100 247 409 340 129 44 242 129 98 265 141 294 41 222 32 169 123 271 236 166 48 178 303 352 209 254 295 197 248 297 288 270 280 140 335 111 72 194 83 258 59 305 323 76 103 136 83 309 85 87 199 318 309 278 292 287 277 91 322 251 140 335 281 77 213 196 264 104 231 158 218 283 262 184 327 300 305 152 23 92 83 155 43 87 48 135 289 194 268
 240 241 163 282 121 278 1 117 83 159 77 295 279 50 301 382 100 146 143 100 143 254 54 76 310 110 182 292 160 145 350 241 169 142 314 265 255 197 168 131 142 234 142 199 150 270 249 123 168 160 251 110 132 140 211 284 72 311 27 39 67 170 328 29 163 138 124 100 234 197 206 152 148 224 197 149 193 63 100 200 139 67 136 193 91 125 63 156 124 178 251 273 185 210 242 291 341 134 317 58 283 194 220 312 118 128 176 189 328 215 58 179 217 136 138 261 247 40 164 363 90 241 192 260 75 295 112 156 80 47 257 232 188 217 288 192 154 69 199 278 269 48 186 175 186 189 368 218 281 198 267 321 149 102 239 323 301 198 299 357 281 109 115 111 140 294 298 142 193 128 240 163 159 239 286 85 271 85 175 146 127 91 139 175 117 178 32 108 168 273 227 328 215 276 296 242 144 162 102 227
 177 127 208 191 212 169 117 1 125 49 177 198 306 83 319 278 216 81 124 20 230 138 65 193 267 112 237 307 44 256 256 191 260 114 326 262 150 119 284 146 259 208 87 163 201 268 196 209 70 276 136 211 101 254 95 240 140 292 110 95 136 102 234 90 52 36 240 155 134 152 221 262 147 153 235 86 264 162 134 87 26 183 72 95 90 125 152 44 224 129 255 161 89 185 215 188 236 227 335 109 305 125 105 321 194 73 59 74 217 99 62 79 153 252 222 194 146 79 48 261 145 181 226 160 54 191 51 61 105 88 206 122 155 247 316 177 118 128 175 260 278 143 147 207 75 247 270 104 237 87 257 219 207 192 122 235 229 87 302 252 194 39 196 188 130 291 291 185 98 206 172 49 230 250 196 89 231 142 66 157 64 53 134 196 89 237 135 184 116 169 145 232 165 177 208 142 53 205 83 172
 289 223 90 230 95 246 83 125 1 173 155 249 202 110 222 339 134 101 72 117 109 248 93 124 233 177 116 212 164 153 298 297 140 75 234 184 221 147 203 49 184 155 92 125 80 189 178 89 193 200 233 102 189 161 205 208 153 230 57 53 27 213 276 75 175 158 176 181 258 253 125 160 68 268 122 102 140 143 176 184 150 124 178 218 153 193 51 167 112 114 169 248 151 132 163 250 300 111 238 27 205 138 207 231 71 85 175 193 297 204 79 149 265 177 101 197 208 87 164 317 22 174 116 218 116 255 86 129 150 51 184 207 114 140 211 112 211 148 121 197 188 55 244 97 198 126 319 203 205 178 185 278 84 78 229 267 236 178 218 317 226 141 76 67 206 212 216 67 155 83 286 170 106 158 234 38 195 20 156 65 91 133 207 94 63 115 113 63 107 235 175 279 145 233 242 203 119 88 54 280
 141 104 255 193 260 153 159 49 173 1 209 194 349 117 359 263 258 115 165 62 278 101 106 234 291 120 284 347 20 301 251 160 308 154 366 299 140 137 325 192 298 241 123 196 248 305 219 257 29 316 109 258 96 298 64 265 165 324 155 142 184 74 231 134 6 23 278 174 86 127 263 307 190 116 281 118 312 194 149 72 24 222 60 50 106 128 200 7 271 160 294 139 99 220 247 179 222 275 375 157 347 148 81 359 242 113 32 34 195 73 107 89 119 293 270 210 143 120 30 249 194 203 272 156 87 180 95 82 125 135 230 107 189 291 358 215 104 153 211 293 317 190 126 253 28 295 261 82 262 78 292 209 255 240 90 236 241 78 340 236 199 55 244 236 126 328 327 232 108 254 134 15 278 290 198 137 258 190 68 201 103 76 132 241 132 285 171 232 149 159 157 227 193 172 210 140 80 252 129 139
 247 303 223 355 157 344 77 177 155 209 1 367 339 96 364 452 91 221 220 158 179 309 116 65 386 113 236 355 215 145 423 239 195 218 378 336 324 272 133 203 105 309 217 275 209 340 325 164 208 120 311 135 146 128 268 360 50 384 103 116 134 193 401 101 214 187 80 65 269 200 273 149 222 239 257 224 235 17 85 263 194 52 167 230 111 121 119 208 148 255 319 337 256 285 317 361 410 163 380 133 345 270 281 377 167 203 232 241 393 275 127 249 229 102 178 338 317 104 222 433 156 317 254 331 125 364 184 226 91 124 333 298 264 278 347 266 163 61 274 351 336 107 187 239 234 240 440 280 357 263 338 391 205 143 296 397 377 263 366 426 355 155 161 161 137 363 368 205 264 175 251 217 204 306 360 161 347 152 241 219 201 134 133 242 194 230 48 159 244 342 302 401 291 347 370 313 214 223 179 232
 313 103 280 27 337 57 295 198 249 194 367 1 311 276 304 92 379 152 185 216 345 140 253 363 165 307 307 292 176 401 59 339 374 177 301 234 55 103 449 225 428 174 159 155 283 238 121 329 217 445 105 349 288 409 140 151 335 224 276 260 273 263 39 269 189 208 415 352 226 315 244 407 206 289 284 150 347 351 331 122 193 358 252 221 287 317 297 190 358 141 243 79 112 173 174 24 55 352 315 254 301 113 120 291 308 171 162 169 75 128 242 121 297 421 335 88 53 264 166 70 265 108 274 39 250 29 185 142 302 251 127 89 159 279 319 187 297 324 174 208 263 297 316 263 186 319 74 117 150 117 221 32 294 324 128 48 84 117 270 72 39 233 315 306 318 252 246 267 104 317 303 180 325 251 27 220 154 266 133 220 169 250 323 244 188 313 321 303 145 39 76 35 130 22 33 57 154 275 201 318
 481 350 118 285 192 343 279 306 202 349 339 311 1 312 32 388 274 238 185 306 176 389 293 285 176 378 106 32 334 248 330 493 181 196 49 80 319 245 316 163 314 138 228 170 132 78 191 182 375 322 360 217 388 270 353 172 350 120 256 254 213 405 315 276 349 341 321 378 431 450 87 251 160 458 84 235 125 331 376 324 327 293 371 398 354 394 222 343 211 201 69 358 277 146 138 327 362 194 44 228 16 228 345 55 173 237 337 357 383 346 278 283 457 308 172 224 301 288 329 364 191 205 88 303 314 333 256 276 352 252 186 328 171 64 10 141 410 347 150 113 51 236 442 106 368 106 354 339 172 314 95 341 135 200 368 297 244 314 62 378 273 334 181 180 407 76 85 138 275 168 477 341 143 64 285 225 164 196 302 151 247 331 408 112 219 113 306 181 209 323 252 324 189 308 285 297 273 118 225 474
 191 208 198 266 169 250 50 83 110 117 96 276 312 1 331 358 147 137 153 63 190 215 26 120 317 67 221 321 121 194 333 194 217 148 342 287 230 185 211 153 183 246 136 206 187 292 250 170 121 201 217 159 84 187 174 290 61 328 62 59 105 121 311 37 121 95 162 83 187 150 232 200 165 175 231 141 237 80 70 169 100 108 87 146 45 84 108 114 173 178 275 242 164 222 254 268 317 182 347 85 314 187 186 339 161 120 138 148 298 180 42 156 168 178 185 256 225 25 128 341 124 239 225 238 31 271 98 135 42 61 259 203 195 249 321 206 107 51 211 294 295 94 139 206 143 230 348 185 287 168 286 299 188 149 202 309 295 168 324 332 267 63 160 154 97 316 319 176 173 173 191 123 202 265 271 94 278 119 147 168 116 44 98 202 119 219 56 151 166 249 215 310 216 255 282 221 123 197 105 179
 494 351 142 278 220 340 301 319 222 359 364 304 32 331 1 377 302 246 196 320 205 391 311 312 158 397 134 13 343 278 317 507 212 206 17 71 317 246 346 180 344 134 237 172 156 66 184 210 386 352 361 245 404 300 358 159 372 98 277 274 235 419 303 296 359 353 350 400 439 466 100 281 173 471 109 243 156 355 397 328 338 319 386 408 372 413 246 353 240 206 68 356 281 147 132 321 353 223 17 248 20 230 348 25 200 247 345 364 377 350 295 288 471 337 201 217 299 307 337 353 213 200 111 300 331 327 268 283 371 271 177 329 175 86 31 146 426 368 153 98 44 260 458 128 377 135 342 342 159 319 84 332 161 227 371 285 232 319 38 368 265 348 208 206 425 56 64 161 278 195 489 350 172 70 277 242 152 217 308 166 258 347 427 129 231 142 329 207 215 319 250 313 188 303 276 295 281 142 239 488
 361 160 368 113 428 111 382 278 339 263 452 92 388 358 377 1 468 241 275 297 435 181 337 452 224 381 395 366 248 491 61 389 464 268 371 309 129 193 539 315 517 255 249 242 372 313 201 419 281 534 157 440 357 499 201 219 416 287 364 348 364 325 75 355 258 281 504 431 270 373 329 498 295 338 370 239 435 436 407 194 267 446 321 278 363 389 387 260 448 232 321 126 198 258 253 92 42 443 386 344 377 203 183 360 398 260 232 233 74 191 327 204 349 510 426 168 136 349 239 25 356 191 361 124 331 89 272 227 381 339 205 158 248 363 395 274 362 405 260 279 339 386 376 350 248 406 38 182 219 192 295 63 384 414 180 93 146 192 341 28 122 309 406 397 387 323 315 356 191 407 350 250 415 331 111 310 226 356 212 310 257 328 393 332 278 401 406 394 235 111 166 67 217 108 107 141 239 364 290 369
 327 337 166 362 84 369 100 216 134 258 91 379 274 147 302 468 1 228 204 199 101 353 153 29 358 191 169 296 258 55 430 323 110 208 318 289 345 277 72 174 52 279 220 255 152 293 309 93 266 67 347 58 220 42 309 334 132 342 109 125 108 263 408 126 263 237 49 153 332 281 225 60 195 315 197 230 158 94 169 296 238 44 232 291 180 203 84 255 66 247 270 367 274 258 287 378 428 83 317 125 283 270 317 319 106 210 274 288 420 312 155 269 306 44 103 329 334 139 263 447 123 306 197 346 174 382 200 247 163 134 315 326 245 220 281 237 241 138 248 311 282 83 269 186 285 170 450 314 332 292 295 407 144 78 336 400 369 292 312 445 358 208 97 101 219 313 319 156 280 108 329 262 133 255 366 159 321 120 269 186 213 189 216 196 192 162 96 102 239 361 306 410 277 362 374 329 235 168 179 313
 253 127 158 137 194 146 146 81 101 115 221 152 238 137 246 241 228 1 56 91 206 159 112 212 188 186 188 234 98 253 205 270 236 45 252 185 121 52 299 93 277 128 12 83 155 191 117 187 142 294 138 202 180 259 119 160 197 212 125 110 124 180 183 121 115 113 264 219 194 232 153 260 84 229 177 5 223 206 202 92 96 207 152 163 162 201 147 109 212 48 180 149 52 107 135 151 201 210 262 104 234 51 115 245 167 20 100 120 197 115 97 52 230 270 196 121 108 120 92 220 120 104 168 119 118 156 40 39 172 100 127 109 75 184 247 101 198 187 97 180 204 146 227 150 131 200 224 110 157 84 179 180 165 178 139 178 159 84 226 218 135 118 173 164 208 214 213 138 56 178 247 105 194 178 141 70 151 119 66 97 22 127 212 135 39 191 174 161 36 136 82 184 85 135 151 103 36 154 50 250
 300 180 104 164 154 191 143 124 72 165 220 185 185 153 196 275 204 56 1 127 161 214 129 195 168 213 134 184 150 219 230 314 191 12 203 140 165 86 273 42 255 94 46 56 104 146 108 145 191 270 191 167 215 229 175 141 207 176 118 106 97 224 208 125 166 158 247 233 247 273 99 225 28 276 122 55 171 206 222 147 144 194 193 214 188 229 121 159 175 45 132 198 104 70 102 190 238 169 212 88 182 73 170 198 124 53 154 174 241 170 112 106 276 247 152 126 150 130 146 252 84 103 112 158 144 195 74 94 193 99 115 161 45 129 194 56 235 199 59 143 154 125 267 95 184 146 252 164 138 139 137 215 114 141 194 198 166 139 180 255 158 156 132 123 239 170 171 87 105 133 295 157 145 127 167 61 129 85 122 42 63 157 242 79 38 138 174 120 41 177 110 213 75 171 174 145 89 100 49 294
 176 146 203 209 200 188 100 20 117 62 158 216 306 63 320 297 199 91 127 1 219 156 47 175 278 97 231 309 61 240 274 188 248 118 329 266 169 133 267 144 241 215 95 171 195 272 207 198 77 258 155 197 91 238 113 250 121 299 95 81 125 100 252 73 66 43 221 137 144 147 221 247 148 154 232 95 256 143 117 106 41 165 67 103 74 111 139 58 211 138 258 180 106 192 222 207 255 215 336 98 305 138 124 323 183 80 77 90 236 118 47 97 153 235 211 207 165 61 66 280 137 194 224 178 35 209 56 77 88 75 217 141 162 245 315 181 110 109 181 267 280 129 141 204 89 241 288 123 247 106 262 238 200 180 141 252 244 106 306 271 211 30 185 178 117 296 296 180 115 196 173 65 221 251 213 84 241 133 85 156 72 37 121 195 90 231 116 174 125 187 161 251 175 195 225 161 67 200 82 170
 380 330 81 323 23 350 143 230 109 278 179 345 176 190 205 435 101 206 161 219 1 357 183 117 285 252 73 200 271 76 388 383 32 170 221 203 324 246 143 121 139 209 195 199 70 205 251 22 295 148 341 45 273 96 313 265 205 257 131 140 95 307 366 156 281 261 147 232 361 339 141 80 141 363 104 206 58 175 239 292 255 128 272 321 233 267 84 273 36 204 183 354 257 193 215 350 398 19 219 122 186 234 315 224 40 191 283 300 400 312 175 256 357 133 10 278 309 172 272 412 88 253 107 319 208 355 194 237 222 145 253 314 191 126 182 172 296 206 186 230 190 97 328 103 304 71 410 311 263 285 212 375 58 43 338 355 314 285 219 415 316 239 35 43 282 223 230 82 260 29 380 277 35 166 326 146 252 91 264 128 199 226 281 118 169 65 160 47 202 337 270 371 224 331 332 304 227 84 162 369
 181 44 316 153 341 85 254 138 248 101 309 140 389 215 391 181 353 159 214 156 357 1 202 329 284 216 346 379 96 391 189 209 387 203 394 324 91 146 421 251 395 260 170 221 313 329 220 337 109 413 37 344 188 390 45 262 265 332 246 231 266 149 175 227 96 123 376 272 90 193 306 397 241 158 335 161 380 294 246 68 117 319 153 100 205 221 285 102 356 188 325 63 113 246 264 118 146 357 406 239 383 162 46 385 318 169 80 68 109 46 199 109 168 389 348 197 106 215 91 174 269 202 325 113 185 115 164 123 224 222 230 66 218 339 398 249 188 253 240 307 348 278 198 308 78 358 191 51 260 77 313 140 322 323 21 187 213 77 365 155 164 155 323 314 216 349 346 296 115 330 170 93 350 326 157 211 260 267 95 255 160 176 222 292 192 349 269 310 181 103 147 167 206 123 168 106 131 312 196 189
 200 191 182 243 163 230 54 65 93 106 116 253 293 26 311 337 153 112 129 47 183 202 1 129 292 87 207 300 107 196 310 206 211 123 321 264 209 161 221 132 194 222 111 181 171 270 225 162 116 212 200 156 97 192 159 265 86 304 53 44 92 126 288 29 110 85 175 108 183 162 212 203 143 181 213 116 226 100 94 150 86 118 90 142 63 104 101 103 170 153 253 224 142 198 230 246 296 177 327 68 294 162 169 317 151 95 123 136 279 164 18 134 176 188 176 232 203 15 112 319 109 214 207 216 26 250 73 112 65 43 234 184 170 230 302 183 120 75 186 271 274 88 153 188 133 216 326 168 262 149 263 277 174 142 187 285 270 149 302 312 243 58 151 144 115 294 296 159 150 163 198 111 191 244 247 71 254 104 127 146 91 44 117 182 95 205 71 141 141 228 191 287 191 233 258 198 100 180 81 190
 299 316 172 348 97 350 76 193 124 234 65 363 285 120 312 452 29 212 195 175 117 329 129 1 355 163 180 304 235 83 416 295 131 197 326 292 327 263 93 169 67 276 206 248 158 296 301 104 240 85 325 73 192 70 286 330 104 343 89 106 99 236 394 103 238 212 53 126 305 253 228 88 190 287 204 215 174 66 140 275 214 16 205 265 152 175 77 231 85 236 274 347 256 253 284 361 411 100 327 111 293 257 295 327 113 194 251 264 401 290 132 251 278 61 117 319 317 115 240 432 117 297 204 330 148 365 182 228 135 115 308 306 238 227 292 233 212 110 243 312 288 71 240 191 260 182 435 293 327 272 297 391 151 85 314 387 359 272 318 428 345 182 105 107 191 318 323 158 263 118 301 238 146 260 352 145 317 114 249 183 196 163 188 198 179 173 68 106 227 344 292 396 268 345 361 312 216 173 164 285
 430 242 205 141 288 213 310 267 233 291 386 165 176 317 158 224 358 188 168 278 285 284 292 355 1 372 221 149 272 357 164 451 306 171 150 99 197 156 420 187 408 80 185 113 216 100 73 278 320 421 249 309 367 373 264 29 374 64 284 273 257 362 154 292 289 295 404 399 355 415 147 362 166 405 190 184 260 372 385 235 278 356 337 334 348 387 279 285 311 141 117 234 194 102 72 187 207 299 165 254 162 145 248 139 258 201 267 282 239 253 276 204 409 400 277 89 180 296 263 202 238 89 183 175 303 192 225 212 355 266 62 220 124 174 181 123 384 365 113 65 127 286 412 183 299 230 188 242 32 226 85 189 228 284 267 135 83 226 121 220 128 305 268 261 394 103 95 207 187 262 422 279 254 132 139 228 40 241 226 173 208 313 398 168 199 230 341 260 154 191 141 165 104 172 134 179 217 202 214 430
 137 222 265 302 230 270 110 112 177 120 113 307 378 67 397 381 191 186 213 97 252 216 87 163 372 1 287 386 134 244 365 134 276 206 407 350 256 229 244 218 216 306 189 263 253 356 303 232 108 232 228 216 34 232 183 345 64 389 127 125 171 82 344 104 125 101 192 59 161 91 298 249 229 127 297 191 301 102 33 188 115 149 64 125 26 17 171 121 231 232 339 258 200 281 313 294 340 241 413 151 380 234 200 404 226 173 150 152 314 192 104 190 117 213 247 304 255 91 143 366 191 290 291 269 71 296 149 172 31 127 312 224 253 315 387 268 51 55 270 356 360 157 79 273 139 295 377 200 342 192 349 325 254 210 208 346 340 192 388 354 305 75 223 219 32 380 382 242 209 237 140 132 267 330 307 157 334 186 174 233 166 61 31 268 178 285 98 215 219 275 256 341 270 286 319 251 163 263 165 123
 404 313 31 283 87 322 182 237 116 284 236 307 106 221 134 395 169 188 134 231 73 346 207 180 221 287 1 128 272 148 342 411 87 145 150 133 297 216 215 96 211 150 177 154 37 135 199 77 306 220 324 112 303 169 305 205 252 187 162 164 118 328 323 185 286 271 217 280 369 368 76 152 108 383 33 187 41 229 281 279 261 189 293 331 265 304 122 278 107 170 113 331 237 140 156 316 361 91 148 139 115 201 302 152 69 179 281 299 370 301 194 239 380 204 68 230 280 199 270 371 99 206 39 287 230 322 191 225 259 165 200 294 148 55 113 122 325 250 136 162 118 136 358 45 307 13 366 297 203 271 143 338 34 96 326 308 263 271 147 378 274 256 76 76 318 151 159 53 238 63 401 279 39 96 285 148 192 103 253 93 189 248 318 64 157 10 207 78 172 306 235 329 179 297 289 275 217 35 156 395
 483 339 134 266 214 328 292 307 212 347 355 292 32 321 13 366 296 234 184 309 200 379 300 304 149 386 128 1 331 273 307 496 208 194 23 59 305 234 342 169 338 122 225 159 148 55 173 204 374 347 349 239 393 295 346 149 363 90 267 264 226 407 293 286 347 341 344 391 427 454 89 277 162 459 101 231 153 346 387 316 327 311 374 396 362 403 238 341 234 194 56 344 269 135 121 310 342 218 29 238 18 218 336 25 193 236 333 352 366 338 284 276 459 331 195 205 287 297 325 343 203 188 103 288 320 316 257 271 361 261 166 317 163 78 35 134 415 358 141 88 32 251 447 118 365 130 331 330 148 307 73 321 154 220 359 274 221 307 31 357 254 337 201 199 414 47 56 152 266 189 478 338 166 58 266 231 141 208 296 155 246 336 416 119 220 136 320 199 203 307 238 302 176 291 265 284 269 133 228 477
 159 91 243 175 254 138 160 44 164 20 215 176 334 121 343 248 258 98 150 61 271 96 107 235 272 134 272 331 1 299 234 179 301 139 349 282 124 118 327 179 301 223 107 178 237 287 200 250 48 318 98 253 112 297 54 246 174 305 153 138 178 93 214 133 18 34 281 185 99 146 248 305 176 134 267 101 302 200 161 56 22 225 76 66 117 143 195 15 267 142 277 126 80 203 229 162 208 269 359 151 331 129 68 342 234 98 18 31 183 61 105 70 138 295 263 191 125 121 11 234 185 184 258 139 91 164 82 63 135 131 211 91 172 277 343 198 122 162 194 275 301 186 145 240 36 284 245 68 243 60 275 193 244 234 82 218 222 60 323 221 181 63 237 229 143 310 309 221 89 246 152 8 269 274 180 127 239 182 49 187 88 83 148 227 118 274 175 225 131 143 138 210 174 155 192 122 63 240 117 158
 379 370 154 381 70 398 145 256 153 301 145 401 248 194 278 491 55 253 219 240 76 391 196 83 357 244 148 273 299 1 448 376 69 225 294 277 373 299 69 182 71 279 244 264 142 280 317 80 312 76 381 53 271 25 347 336 185 331 147 161 130 313 426 169 305 281 86 207 378 334 215 8 204 366 179 255 125 148 222 330 279 97 280 337 231 256 108 297 47 263 257 398 302 261 286 403 452 59 291 154 259 289 352 298 100 236 313 328 449 348 195 299 358 65 83 342 360 183 301 469 136 317 182 371 219 408 232 278 215 169 321 357 255 201 253 240 293 191 253 304 265 114 321 176 328 144 469 349 333 325 286 430 131 79 373 416 380 325 294 470 376 253 91 99 272 298 305 151 307 96 381 303 110 241 385 186 322 136 303 192 241 236 269 190 216 139 147 101 257 388 326 430 288 385 392 355 267 157 205 365
 367 157 317 70 382 107 350 256 298 251 423 59 330 333 317 61 430 205 230 274 388 189 310 416 164 365 342 307 234 448 1 394 415 225 312 250 112 154 500 268 480 198 211 191 322 254 145 373 274 496 157 396 346 457 196 159 393 227 329 314 323 320 23 324 247 267 468 410 278 371 274 454 248 343 316 202 383 408 389 180 251 411 310 276 345 376 347 248 404 186 263 128 169 204 196 75 54 397 326 306 318 161 176 300 352 224 220 226 97 184 298 178 352 473 378 113 111 320 224 39 313 138 307 97 307 76 240 199 360 305 147 146 198 308 337 222 354 381 207 220 280 348 373 298 243 354 26 173 160 175 236 50 334 370 181 35 87 175 281 61 73 291 360 352 376 263 256 307 161 360 357 238 365 274 65 272 167 314 192 261 224 308 381 279 239 349 377 349 192 94 125 25 165 80 57 115 211 313 253 373
 30 238 386 345 361 289 241 191 297 160 239 339 493 194 507 389 323 270 314 188 383 209 206 295 451 134 411 496 179 376 394 1 408 304 516 452 285 296 371 331 343 398 277 353 375 458 379 362 132 358 238 349 111 363 200 424 193 481 254 249 296 91 377 229 162 159 318 176 120 45 408 381 335 52 416 274 430 231 156 223 175 280 123 121 151 121 301 166 363 317 445 269 258 375 404 320 354 373 524 273 493 307 220 510 354 264 187 174 316 213 219 248 44 341 377 369 293 214 188 382 314 362 409 305 182 319 241 240 163 247 389 252 344 431 502 367 88 186 366 450 467 287 56 390 157 420 398 224 421 232 447 346 379 341 214 385 398 232 493 363 353 160 353 347 105 482 482 363 266 365 42 173 395 439 350 269 417 309 227 343 254 164 108 382 278 410 230 344 305 302 315 370 351 319 362 291 237 384 269 22
 407 361 102 351 50 380 169 260 140 308 195 374 181 217 212 464 110 236 191 248 32 387 211 131 306 276 87 208 301 69 415 408 1 199 228 219 354 275 136 150 139 232 226 226 94 221 276 52 324 144 372 62 300 93 344 287 226 273 159 169 125 335 394 184 311 290 151 252 391 365 160 71 169 390 119 236 57 193 261 322 285 144 300 350 259 291 111 303 48 233 198 384 287 217 238 379 427 36 224 152 193 263 345 233 70 222 313 331 430 343 204 286 384 133 41 304 339 199 302 440 119 279 125 348 236 385 225 267 247 174 278 344 218 140 186 197 322 228 211 248 203 124 353 124 334 81 438 341 285 316 229 404 82 70 368 382 340 316 230 444 344 267 65 74 307 236 244 109 290 59 407 307 53 182 354 177 274 121 294 155 229 254 305 141 199 78 182 78 231 367 299 400 251 361 360 334 258 107 192 395
 290 169 115 157 161 182 142 114 75 154 218 177 196 148 206 268 208 45 12 118 170 203 123 197 171 206 145 194 139 225 225 304 199 1 213 149 156 77 277 51 258 100 34 59 114 155 108 153 181 274 180 173 207 234 163 144 203 183 117 104 100 215 203 122 155 148 249 228 236 264 110 231 40 266 133 43 181 204 216 136 133 195 183 203 181 222 124 148 181 40 142 188 93 76 108 181 230 176 222 88 193 66 158 207 132 42 143 162 231 158 106 95 266 251 160 124 141 126 134 246 89 101 124 150 137 187 64 83 187 96 116 150 48 140 205 64 226 195 65 150 165 127 258 106 173 157 246 153 141 127 145 207 124 147 183 194 163 127 189 247 152 147 139 130 231 179 179 97 94 141 284 146 154 137 161 58 132 90 110 53 53 149 234 91 30 149 172 127 34 168 103 206 74 163 169 136 78 111 44 285
 502 353 156 276 235 340 314 326 234 366 378 301 49 342 17 371 318 252 203 329 221 394 321 326 150 407 150 23 349 294 312 516 228 213 1 71 317 249 362 190 359 135 244 175 170 66 183 226 393 368 363 261 414 316 362 154 385 88 289 285 248 427 299 308 366 361 365 413 445 475 111 297 182 478 123 249 172 368 409 332 346 334 394 414 383 424 260 359 255 210 73 356 285 150 133 320 349 239 15 260 36 233 351 12 215 255 350 369 375 354 305 292 478 353 217 215 299 318 343 348 225 199 125 299 341 326 276 288 382 282 175 331 180 100 47 152 435 380 157 94 50 273 467 140 382 151 336 345 154 322 83 329 176 242 374 280 227 322 32 364 263 357 223 221 435 50 57 174 281 210 497 356 187 78 275 252 148 230 312 176 265 356 437 141 239 157 342 221 220 319 251 309 189 302 273 296 287 155 248 497
 437 283 125 208 211 270 265 262 184 299 336 234 80 287 71 309 289 185 140 266 203 324 264 292 99 350 133 59 282 277 250 452 219 149 71 1 247 179 344 136 336 65 177 106 138 7 115 200 326 347 292 235 354 296 292 93 335 55 240 233 202 362 236 255 298 295 337 363 376 412 65 282 123 413 101 182 168 324 355 262 280 297 331 347 325 367 219 293 233 141 21 286 215 81 63 251 284 219 84 209 68 163 281 63 184 189 282 301 307 284 248 222 414 328 196 147 229 263 275 286 180 130 96 230 282 257 212 220 328 228 108 260 111 80 87 86 374 329 89 35 31 230 406 104 314 140 275 275 92 252 16 263 148 212 304 218 165 252 43 300 196 295 194 189 377 31 33 135 211 184 431 289 169 38 208 194 84 185 243 121 199 296 379 95 177 141 296 188 152 249 181 245 119 233 207 226 220 122 187 432
 260 50 267 63 313 27 255 150 221 140 324 55 319 230 317 129 345 121 165 169 324 91 209 327 197 256 297 305 124 373 112 285 354 156 317 247 1 82 416 206 393 184 130 152 268 252 137 306 163 410 55 322 235 378 86 176 289 248 239 222 243 209 93 228 136 156 378 304 173 260 243 379 190 235 278 120 334 308 281 69 141 320 199 166 237 266 267 137 332 127 252 40 72 175 186 40 88 329 330 221 311 97 66 308 286 138 109 115 77 74 199 77 243 386 315 110 19 221 114 112 239 120 268 23 203 42 146 100 254 213 146 35 153 278 328 184 243 277 172 227 274 264 262 254 132 309 122 62 175 65 235 70 279 297 77 101 123 65 287 103 74 183 292 283 265 270 266 251 66 296 250 127 309 257 68 188 176 239 85 205 133 201 271 236 158 301 279 280 126 20 68 88 131 35 79 23 112 263 169 264
 276 106 187 86 237 108 197 119 147 137 272 103 245 185 246 193 277 52 86 133 246 146 161 263 156 229 216 234 118 299 154 296 275 77 249 179 82 1 348 127 327 116 58 76 188 184 84 229 165 344 116 248 218 307 115 129 245 193 176 161 171 209 132 172 135 142 315 266 203 262 165 306 110 250 198 49 254 256 248 85 125 258 186 180 206 243 195 131 257 47 180 117 40 101 120 105 154 252 261 153 238 17 103 241 208 71 112 129 156 106 147 49 254 320 236 76 65 170 109 171 164 67 188 74 164 111 89 59 218 151 95 84 75 199 254 106 233 235 96 165 203 195 259 173 145 228 174 97 127 75 169 132 199 222 126 127 112 75 220 172 84 157 215 206 247 205 202 171 34 217 268 124 229 182 90 119 123 164 71 124 72 169 252 156 86 221 225 203 46 93 31 134 62 87 100 60 67 182 99 275
 379 407 220 432 134 440 168 284 203 325 133 449 316 211 346 539 72 299 273 267 143 421 221 93 420 244 215 342 327 69 500 371 136 277 362 344 416 348 1 239 29 342 291 322 207 347 376 145 330 15 416 112 276 49 378 398 182 398 179 195 178 322 478 195 329 303 54 196 395 332 281 66 261 370 246 301 192 143 217 366 306 104 293 354 238 253 154 322 111 316 324 437 345 322 349 449 499 126 359 196 327 340 387 366 163 280 342 355 490 382 224 340 360 34 149 398 405 207 331 518 190 374 249 417 239 453 271 318 219 204 381 396 312 269 321 301 294 191 313 369 332 154 319 242 352 212 520 384 395 363 352 478 197 137 406 469 437 363 362 516 428 273 154 160 269 365 372 215 351 161 383 330 177 308 436 230 385 188 340 251 284 253 265 255 263 207 157 162 309 432 376 480 345 432 444 400 306 223 250 364
 320 219 66 203 115 232 131 146 49 192 203 225 163 153 180 315 174 93 42 144 121 251 132 169 187 218 96 169 179 182 268 331 150 51 190 136 206 127 239 1 224 108 82 84 64 141 137 106 216 238 230 131 226 194 210 162 200 182 105 98 71 243 247 120 193 181 219 228 276 288 80 188 23 297 90 92 131 191 221 184 169 170 209 240 194 235 93 186 137 84 123 239 143 86 116 230 278 129 196 74 164 114 207 186 85 84 186 205 281 206 116 144 296 216 112 161 191 130 176 292 52 136 81 199 153 236 98 129 194 94 142 200 74 102 172 65 248 194 76 149 143 101 280 62 214 108 291 202 160 176 137 255 74 104 231 236 199 176 171 295 197 172 93 84 247 165 168 46 145 93 316 186 104 113 206 63 149 55 157 16 94 169 248 52 62 99 161 82 82 218 150 252 107 212 213 186 122 63 65 313
 351 382 212 412 126 416 142 259 184 298 105 428 314 183 344 517 52 277 255 241 139 395 194 67 408 216 211 338 301 71 480 343 139 258 359 336 393 327 29 224 1 329 270 306 198 339 360 137 303 18 392 102 248 47 352 384 154 389 155 172 159 294 458 170 303 277 26 168 367 304 272 70 246 342 240 280 193 115 189 341 280 77 265 327 210 225 135 296 105 297 317 413 322 308 336 427 477 121 357 175 325 320 362 362 153 259 317 329 467 356 199 317 332 9 144 380 383 181 306 497 173 357 242 395 213 431 248 294 191 181 365 372 296 263 320 287 266 163 299 359 327 133 291 233 325 210 500 359 382 338 343 456 189 125 380 450 420 338 356 494 408 246 143 149 241 359 365 204 328 153 355 304 173 301 416 209 371 171 315 236 261 226 237 244 242 203 129 150 290 410 356 460 328 411 424 378 282 214 229 336
 380 219 130 148 210 207 234 208 155 241 309 174 138 246 134 255 279 128 94 215 209 260 222 276 80 306 150 122 223 279 198 398 232 100 135 65 184 116 342 108 329 1 122 46 140 70 55 200 269 342 228 231 305 295 230 57 300 85 208 198 179 308 181 218 240 240 325 326 315 359 78 285 88 356 121 125 191 296 315 200 223 277 279 288 281 321 200 235 234 82 70 223 153 26 9 190 226 222 147 177 129 100 218 126 180 137 222 240 246 221 205 161 358 321 200 88 165 224 216 231 159 68 113 167 236 196 161 161 286 192 52 196 55 111 146 44 324 292 37 53 91 208 354 109 254 161 223 212 55 190 54 204 151 205 240 165 115 190 106 243 137 244 190 183 330 90 88 129 148 184 374 230 180 78 149 154 44 163 182 94 145 248 333 92 129 158 265 181 94 187 117 189 55 171 150 162 162 126 142 377
 261 138 147 143 184 156 142 87 92 123 217 159 228 136 237 249 220 12 46 95 195 170 111 206 185 189 177 225 107 244 211 277 226 34 244 177 130 58 291 82 270 122 1 78 144 183 116 177 150 287 149 193 184 251 130 157 195 206 120 104 115 187 189 118 123 119 258 218 204 238 143 251 73 236 166 12 212 202 203 103 104 201 158 172 164 204 139 117 203 44 172 160 63 100 129 160 210 200 253 96 225 54 126 237 157 17 110 129 206 125 96 63 238 263 186 122 117 117 102 228 110 104 157 128 120 165 41 50 173 95 125 120 69 173 238 92 203 185 90 174 195 138 233 139 141 189 231 121 154 95 171 188 154 168 150 183 161 95 218 227 140 123 163 154 211 206 206 127 66 167 255 114 183 169 147 62 147 110 77 86 24 129 215 124 29 180 170 150 32 145 88 191 82 143 156 112 45 143 42 257
 335 181 127 130 196 177 199 163 125 196 275 155 170 206 172 242 255 83 56 171 199 221 181 248 113 263 154 159 178 264 191 353 226 59 175 106 152 76 322 84 306 46 78 1 133 111 55 187 224 321 191 213 261 277 188 86 261 129 173 161 150 263 170 180 195 195 299 287 272 314 92 270 62 311 131 80 194 261 274 158 178 248 234 244 238 278 173 190 219 37 105 190 111 26 53 166 208 210 186 143 163 60 177 167 165 92 178 196 221 180 164 118 313 298 190 80 134 184 172 218 134 55 121 138 193 172 117 116 244 154 60 159 12 127 179 34 279 253 21 98 128 179 309 109 210 165 214 172 83 148 97 186 145 187 201 157 117 148 147 226 121 199 174 166 287 133 132 118 107 172 329 186 175 107 132 116 74 136 139 73 101 205 290 91 87 160 230 164 49 158 86 177 27 147 137 130 117 123 102 332
 368 281 15 260 74 294 150 201 80 248 209 283 132 187 156 372 152 155 104 195 70 313 171 158 216 253 37 148 237 142 322 375 94 114 170 138 268 188 207 64 198 140 144 133 1 142 183 64 270 210 292 98 267 160 271 196 220 192 128 129 84 292 302 150 250 235 200 248 333 332 75 147 79 347 49 155 68 200 248 246 225 164 257 295 230 269 91 242 97 143 119 301 206 124 146 290 336 84 172 104 138 174 269 171 47 145 246 264 343 268 158 207 344 191 62 211 252 164 235 349 63 186 47 260 195 296 156 191 225 129 185 263 126 71 140 104 290 217 118 163 131 105 322 36 272 48 345 264 193 238 146 314 13 75 293 289 247 238 162 354 252 220 56 52 283 162 168 18 207 47 365 244 44 104 262 112 183 68 219 64 154 212 283 49 122 38 176 52 143 279 209 307 158 271 268 247 183 17 121 359
 442 288 128 212 214 275 270 268 189 305 340 238 78 292 66 313 293 191 146 272 205 329 270 296 100 356 135 55 287 280 254 458 221 155 66 7 252 184 347 141 339 70 183 111 142 1 119 204 332 350 298 238 359 299 298 96 340 53 245 238 207 368 239 260 304 301 341 368 382 418 69 284 128 418 103 187 169 329 361 268 285 301 337 352 331 372 223 298 237 147 24 291 221 86 67 256 288 222 79 214 65 168 286 57 188 195 288 306 312 289 253 228 419 332 198 151 234 269 281 289 185 135 99 235 288 262 218 226 333 234 112 265 117 82 84 92 380 334 95 36 28 235 411 107 320 141 278 281 95 258 19 267 151 216 309 221 168 258 37 303 200 300 197 192 383 25 28 139 216 187 437 295 172 40 212 200 88 189 249 126 205 302 385 99 182 143 301 192 157 254 186 249 124 238 211 231 225 126 193 438
 358 177 176 95 249 158 249 196 178 219 325 121 191 250 184 201 309 117 108 207 251 220 225 301 73 303 199 173 200 317 145 379 276 108 183 115 137 84 376 137 360 55 116 55 183 119 1 239 248 375 186 267 296 330 195 46 308 114 224 211 203 290 127 228 217 223 353 332 285 343 129 323 115 333 172 113 240 311 317 166 206 300 266 263 278 317 227 214 272 73 123 176 123 60 54 138 172 262 196 195 181 73 180 173 218 132 195 211 194 185 209 132 337 352 242 34 119 230 192 177 187 19 163 118 234 144 155 140 287 203 12 155 65 164 199 80 312 299 66 91 143 232 340 156 227 210 170 175 44 156 101 150 195 240 201 111 65 156 152 188 83 234 227 219 324 135 130 169 116 224 351 207 225 132 95 165 41 190 154 126 138 243 327 137 133 206 279 217 85 137 73 135 35 120 96 116 145 171 149 358
 359 311 77 308 11 332 123 209 89 257 164 329 182 170 210 419 93 187 145 198 22 337 162 104 278 232 77 204 250 80 373 362 52 153 226 200 306 229 145 106 137 200 177 187 64 204 239 1 274 148 322 36 253 97 293 257 187 254 110 119 74 286 352 135 260 240 141 214 340 319 137 86 127 342 105 188 73 159 220 272 234 114 251 300 213 247 63 252 35 189 181 335 238 182 207 333 382 24 225 101 191 217 295 228 22 172 262 280 382 292 154 237 336 129 16 265 292 151 251 397 69 240 106 302 187 338 174 217 203 124 243 295 178 128 189 161 276 187 175 226 191 77 307 98 283 79 396 291 254 266 208 359 54 23 318 341 302 266 221 399 302 218 15 24 262 223 230 72 242 17 359 256 42 165 311 126 243 71 244 114 179 205 262 111 150 70 142 28 185 320 254 356 211 315 318 287 207 79 142 348
 112 122 277 219 276 172 168 70 193 29 208 217 375 121 386 281 266 142 191 77 295 109 116 240 320 108 306 374 48 312 274 132 324 181 393 326 163 165 330 216 303 269 150 224 270 332 248 274 1 320 126 271 79 306 81 293 161 352 168 156 201 47 255 144 31 36 281 165 68 100 289 318 216 88 304 146 332 194 139 96 48 228 45 27 100 113 214 35 285 188 321 157 127 248 275 201 242 290 402 174 373 176 100 386 260 139 57 50 211 92 121 117 90 298 288 238 168 130 57 269 213 231 296 180 93 201 120 110 120 151 258 129 217 316 384 242 82 149 239 321 344 203 100 276 34 316 282 102 291 103 320 230 276 256 104 261 268 103 368 254 225 60 261 254 108 355 355 254 136 272 106 42 298 317 224 158 286 209 96 226 129 78 114 265 157 306 175 250 177 181 185 250 221 196 236 165 108 274 152 111
 367 399 223 428 137 433 160 276 200 316 120 445 322 201 352 534 67 294 270 258 148 413 212 85 421 232 220 347 318 76 496 358 144 274 368 347 410 344 15 238 18 342 287 321 210 350 375 148 320 1 409 114 264 53 370 398 169 401 173 189 175 311 474 187 320 294 41 183 384 319 283 74 260 358 250 296 199 131 204 358 297 95 282 344 227 241 151 313 115 313 328 431 339 322 350 444 494 130 365 192 333 336 379 371 165 275 334 346 484 374 216 334 348 25 154 396 400 198 323 513 188 372 253 412 230 448 265 312 208 198 380 390 311 273 328 301 282 179 313 372 337 149 306 245 342 218 516 377 395 356 355 473 200 138 398 466 435 356 366 511 424 263 155 161 257 369 376 216 345 164 371 321 182 312 432 225 385 186 333 251 278 243 252 256 259 212 146 163 306 427 373 476 343 428 441 395 300 226 245 351
 211 12 294 117 327 52 251 136 233 109 311 105 360 217 361 157 347 138 191 155 341 37 200 325 249 228 324 349 98 381 157 238 372 180 363 292 55 116 416 230 392 228 149 191 292 298 186 322 126 409 1 332 203 383 47 228 271 298 239 223 253 169 141 223 104 130 374 281 122 218 279 388 218 187 310 139 360 296 257 52 119 316 167 122 213 236 274 108 344 161 295 32 88 216 232 84 119 343 375 228 353 133 31 354 302 151 81 78 87 38 194 87 196 385 332 162 70 213 90 146 254 168 300 77 187 83 150 105 232 214 196 33 190 313 369 221 207 259 211 275 318 268 221 284 93 336 161 33 226 57 281 109 302 310 25 152 177 57 333 130 128 160 308 299 232 317 313 275 88 314 201 98 331 297 121 197 226 252 79 232 143 180 238 267 174 328 269 295 155 68 114 134 174 87 132 71 116 290 180 218
