NAME : domp160p40v4
COMMENT : (Deleplanque et al.) 
TYPE : DOMP
DIMENSION : 160
DISPLAY_DATA_TYPE: NO_DISPLAY
OPEN_FACILITIES : 40
COST_SECTION
 1 105 199 112 190 113 115 307 227 156 261 126 62 276 220 300 209 145 359 63 86 257 330 171 245 88 101 182 245 246 151 158 326 260 172 97 134 157 63 106 209 231 269 148 286 46 241 187 35 200 81 297 188 273 279 109 234 88 174 92 169 314 262 326 71 101 287 223 269 273 233 168 148 174 121 105 207 197 112 213 84 79 223 49 201 172 114 228 168 145 320 270 197 199 96 175 159 78 65 324 137 315 332 146 348 203 32 259 124 272 123 188 318 182 161 128 163 74 52 183 184 94 174 124 30 151 326 121 147 135 190 359 106 56 247 170 240 279 193 319 130 326 204 248 300 83 336 88 151 273 198 75 56 341 301 324 187 37 218 302
 105 1 100 46 224 123 216 227 133 144 244 80 123 172 212 201 174 94 256 168 129 214 226 67 190 176 91 115 179 164 49 139 275 164 174 78 93 58 120 147 142 172 202 140 260 106 141 84 138 131 128 275 98 261 228 100 205 157 144 69 124 268 166 294 119 17 215 123 183 171 210 76 113 251 152 15 118 97 143 141 123 182 121 115 137 153 212 142 258 126 271 168 93 130 116 128 79 134 61 222 37 213 228 191 244 135 136 156 217 174 103 157 216 181 57 230 204 176 151 207 125 133 131 37 104 117 223 155 186 184 188 255 179 121 147 166 137 226 104 216 226 224 173 191 196 183 287 99 107 236 136 50 150 237 197 286 177 142 229 199
 199 100 1 129 254 164 300 139 119 156 223 157 196 103 206 154 150 97 184 260 226 171 153 41 137 274 137 158 114 81 53 147 213 137 254 128 108 43 192 200 88 119 132 220 227 185 108 28 233 81 192 243 30 241 173 189 178 256 138 125 185 213 67 250 217 112 136 25 92 119 189 35 185 312 245 96 35 5 237 81 184 276 81 214 176 154 294 58 331 141 213 74 34 166 167 187 55 200 160 126 64 119 149 235 164 171 227 98 294 75 131 143 155 190 59 316 243 263 248 231 174 230 193 76 202 189 155 249 278 279 193 179 246 196 111 177 47 169 32 145 305 159 233 135 118 280 227 155 175 194 93 148 234 157 121 236 252 234 308 134
 112 46 129 1 262 162 227 263 117 187 289 35 149 176 256 191 219 139 256 171 103 259 228 90 234 162 131 77 220 201 78 183 318 150 131 119 138 91 147 180 185 215 243 97 305 130 133 106 140 174 159 320 135 305 272 61 250 137 189 109 79 312 194 339 97 31 254 148 218 168 255 113 68 276 118 60 154 125 110 183 156 180 120 103 98 197 225 179 277 170 315 187 111 93 152 85 120 162 50 240 74 230 233 225 249 98 143 156 234 198 146 202 212 224 72 239 240 185 148 247 84 105 87 81 98 72 222 122 151 153 231 256 205 145 139 209 156 270 140 217 241 221 128 234 202 178 331 136 62 280 179 39 165 243 202 330 133 146 186 198
 190 224 254 262 1 102 175 273 348 99 121 291 130 356 86 403 133 158 435 195 275 165 405 256 184 258 135 337 205 238 240 109 226 376 359 148 149 233 129 87 191 185 218 332 153 148 348 264 200 190 112 155 226 122 193 289 131 272 123 156 338 207 285 193 260 235 242 273 262 369 119 223 321 104 310 212 234 255 301 201 111 217 322 238 359 105 162 237 147 114 216 317 276 353 111 344 201 113 234 357 226 355 398 46 413 358 183 349 146 301 128 125 408 71 261 189 29 174 218 24 345 283 345 206 220 325 408 310 336 322 73 430 101 135 353 80 298 197 226 397 155 412 382 189 370 232 229 127 319 165 178 236 155 405 373 202 372 192 407 386
 113 123 164 162 102 1 162 225 248 45 149 192 62 264 108 307 102 70 346 148 193 150 315 159 147 197 33 236 156 173 142 50 220 277 269 46 58 136 58 39 127 138 177 239 174 70 250 169 137 120 45 185 139 161 175 196 124 200 69 55 239 207 209 215 178 134 199 186 198 273 121 130 224 150 227 110 152 164 217 134 37 171 225 159 258 62 152 164 175 40 213 234 181 252 18 245 110 54 140 280 127 276 311 73 327 257 122 254 146 223 34 82 314 71 161 179 84 137 157 85 245 200 246 106 139 228 317 228 256 246 78 342 90 67 255 58 210 176 141 306 157 319 285 151 281 182 229 29 221 164 112 139 107 319 284 214 280 132 321 294
 115 216 300 227 175 162 1 385 342 202 284 237 108 387 243 414 259 223 471 61 172 306 441 279 307 117 173 294 317 330 259 209 375 374 259 177 210 261 113 128 286 299 338 245 315 116 355 294 90 278 119 321 283 290 332 214 275 147 229 178 277 359 358 357 161 215 360 324 355 386 268 267 254 97 201 213 301 299 195 293 128 69 335 140 312 219 14 317 66 201 367 373 305 311 148 283 253 110 179 425 243 418 441 136 457 314 85 371 32 370 190 241 431 208 271 18 150 42 94 182 294 178 280 227 133 257 438 198 212 193 215 469 81 106 360 203 345 334 287 430 28 439 304 311 409 82 382 154 259 315 272 189 68 450 411 362 277 83 291 414
 307 227 139 263 273 225 385 1 243 190 181 294 280 185 193 243 141 165 227 360 354 117 205 178 90 391 215 295 71 64 187 181 107 248 391 214 177 173 275 261 101 91 56 357 165 277 223 165 339 109 267 178 130 196 96 323 147 379 161 217 323 118 87 164 343 242 32 128 48 214 162 152 323 363 378 217 111 143 369 95 258 381 202 335 311 176 375 86 395 186 113 125 167 300 238 325 152 276 286 124 192 131 190 277 198 305 329 197 369 97 196 153 227 204 197 402 276 356 358 250 311 359 330 193 319 326 217 381 411 410 201 218 313 282 224 199 138 90 124 204 380 224 371 85 178 388 119 233 312 131 114 275 324 192 183 144 389 338 446 207
 227 133 119 117 348 248 342 243 1 256 338 120 255 82 316 76 264 196 147 287 208 289 124 96 255 274 216 77 231 194 109 249 329 34 191 203 202 119 252 276 206 237 248 164 344 237 27 96 256 198 260 360 146 356 291 156 294 245 245 196 113 330 157 368 207 129 248 119 197 60 303 135 127 383 210 142 153 115 205 199 254 296 42 217 82 259 339 173 389 239 330 126 86 72 244 111 156 265 166 167 123 154 134 319 147 75 259 60 346 151 221 253 101 294 88 355 331 300 263 328 91 208 118 143 214 128 114 214 237 246 298 150 311 252 30 279 106 287 149 113 355 111 147 253 108 293 343 228 115 312 209 154 278 143 106 354 180 262 237 92
 156 144 156 187 99 45 202 190 256 1 108 220 106 258 70 307 58 61 337 191 232 107 307 162 107 240 61 257 120 145 148 11 177 282 304 72 55 138 102 75 97 100 139 272 131 113 254 168 180 94 88 143 128 122 132 229 80 242 30 81 266 163 188 172 217 158 162 175 170 272 78 126 252 175 265 130 136 158 255 106 80 215 227 200 279 18 191 141 206 19 169 219 180 272 62 271 104 97 174 261 136 258 300 89 315 277 166 252 183 204 42 40 310 39 169 219 92 180 201 77 268 239 273 117 180 257 310 266 296 286 45 332 125 111 259 24 200 133 128 299 194 314 314 111 272 226 185 69 248 120 83 171 150 307 275 170 312 176 357 288
 261 244 223 289 121 149 284 181 338 108 1 323 206 318 43 373 75 152 385 288 339 66 357 244 100 343 168 354 129 171 236 109 109 359 410 178 152 223 202 165 137 113 130 378 33 217 330 244 282 143 186 39 195 19 88 335 46 348 101 187 367 90 225 74 324 260 151 233 189 339 36 204 355 224 372 230 192 226 362 146 180 312 303 306 375 94 272 182 266 123 98 266 254 367 166 371 185 193 280 290 228 293 346 149 358 372 267 318 258 242 148 89 369 81 256 300 139 272 303 106 366 346 374 212 286 360 365 373 403 393 73 378 205 211 333 92 257 93 192 352 269 370 416 104 324 324 111 175 350 53 131 276 246 351 328 82 417 276 464 347
 126 80 157 35 291 192 237 294 120 220 323 1 172 190 289 195 253 174 264 179 90 293 239 118 268 156 163 58 254 233 109 216 352 151 98 150 172 123 170 207 218 249 276 64 339 152 140 133 148 208 184 354 167 339 306 38 284 126 223 141 48 346 221 373 89 64 286 175 248 176 289 145 34 296 95 94 185 153 89 216 182 183 133 102 76 230 237 210 292 203 349 209 136 75 181 54 154 186 63 261 107 250 246 252 261 78 154 168 248 224 179 236 219 257 99 248 267 196 151 276 60 90 55 115 105 38 231 99 126 132 263 266 226 167 146 241 179 304 172 228 255 229 95 268 217 179 364 165 29 315 213 57 180 256 216 364 99 155 154 208
 62 123 196 149 130 62 108 280 255 106 206 172 1 288 164 322 163 117 372 86 147 212 342 179 207 138 67 224 213 224 159 111 282 286 231 71 104 159 6 45 180 196 235 205 233 21 263 193 77 172 21 243 177 216 236 164 185 147 130 72 218 268 252 275 132 128 256 220 249 292 181 162 199 129 182 116 194 195 172 187 27 109 241 110 245 124 99 211 138 100 274 269 205 241 46 225 147 17 111 320 143 314 341 86 356 246 62 274 99 264 85 143 336 126 175 124 103 77 98 122 230 154 224 125 91 203 340 182 208 195 134 370 57 7 269 116 241 237 181 332 109 342 259 211 309 121 291 48 199 225 167 116 46 350 311 275 245 71 279 317
 276 172 103 176 356 264 387 185 82 258 318 190 288 1 305 60 248 199 85 338 276 259 55 110 223 337 235 157 195 153 130 249 284 71 271 224 209 131 284 298 182 207 206 242 316 274 57 97 309 178 287 332 132 336 253 227 273 311 239 219 193 289 102 331 272 177 199 86 146 31 285 135 204 410 284 175 128 102 278 172 280 351 58 277 164 255 382 137 425 243 287 61 85 153 265 191 156 295 222 88 146 75 58 335 74 156 307 23 385 90 232 243 53 292 116 401 344 347 319 334 172 277 198 164 270 206 54 288 313 320 295 83 341 287 54 279 62 249 132 45 395 57 229 220 28 351 297 251 192 281 190 209 320 68 27 315 261 312 318 31
 220 212 206 256 86 108 243 193 316 70 43 289 164 305 1 359 60 123 378 246 299 81 349 221 104 301 130 324 130 169 210 74 141 339 373 141 120 198 160 123 126 110 138 341 74 175 310 223 240 129 144 81 177 54 108 298 47 307 72 150 334 123 221 116 284 226 162 220 190 324 34 182 321 187 333 198 179 209 323 137 138 269 283 265 346 60 230 174 228 87 131 258 235 338 125 339 161 151 243 290 200 291 340 109 353 343 225 303 217 237 111 64 358 39 231 259 100 230 261 67 336 307 342 183 246 326 355 334 363 352 31 372 163 169 315 51 245 112 175 343 228 360 383 109 315 282 145 135 317 80 117 240 203 346 319 121 382 234 426 335
 300 201 154 191 403 307 414 243 76 307 373 195 322 60 359 1 302 246 77 361 283 316 63 149 280 349 276 148 253 211 167 298 343 46 259 264 255 172 318 339 237 264 265 235 373 306 60 140 330 232 324 389 183 391 312 231 329 320 290 258 183 348 161 390 282 200 257 141 204 36 340 181 200 448 283 207 182 151 279 228 318 370 83 292 146 306 411 194 458 290 346 119 128 138 305 180 203 331 240 136 182 124 79 378 87 139 331 57 417 148 276 295 32 342 149 427 389 373 338 381 159 283 187 202 289 200 48 288 309 319 346 82 377 320 55 329 118 307 184 54 425 43 208 278 70 368 356 290 188 339 244 228 349 86 64 373 245 335 299 40
 209 174 150 219 133 102 259 141 264 58 75 253 163 248 60 302 1 80 319 248 279 50 290 170 53 295 109 281 74 110 162 53 120 285 344 116 84 149 158 132 67 53 87 310 87 168 256 170 235 71 146 102 121 93 75 268 32 294 35 124 296 107 162 123 265 190 111 162 133 267 40 130 286 224 311 160 121 153 301 78 137 271 229 250 302 41 248 115 259 65 113 199 180 293 118 300 110 154 216 231 154 232 281 138 294 299 221 246 239 178 87 21 300 63 182 276 136 237 256 110 294 286 303 140 230 290 296 312 343 335 61 313 181 167 260 60 187 76 119 284 250 301 345 58 256 282 129 122 279 66 59 210 207 287 260 118 349 231 398 277
 145 94 97 139 158 70 223 165 196 61 152 174 117 199 123 246 80 1 280 196 206 123 249 102 104 231 51 203 102 108 89 53 187 222 265 50 14 78 112 108 66 88 125 231 167 113 194 107 176 57 106 181 71 168 140 190 111 224 52 54 217 179 140 201 192 110 144 118 133 212 117 66 206 219 235 80 83 99 225 71 97 217 167 179 225 64 214 96 243 45 183 165 120 217 78 221 44 116 139 211 78 207 244 139 259 222 165 192 211 154 37 64 251 99 110 240 146 192 195 136 216 212 224 62 161 211 252 237 268 262 103 275 157 119 198 84 142 139 72 241 222 255 266 106 215 225 199 70 200 143 54 133 161 252 218 194 270 174 320 230
 359 256 184 256 435 346 471 227 147 337 385 264 372 85 378 77 319 280 1 421 353 322 32 194 287 417 318 222 258 215 214 327 333 120 334 308 291 215 368 381 253 273 263 310 378 358 125 181 391 251 371 394 211 402 311 301 342 389 315 303 257 342 161 387 350 259 249 163 200 90 355 217 273 493 356 259 203 183 351 243 364 433 138 357 222 332 466 205 509 322 338 121 169 213 348 255 237 379 303 105 230 97 40 417 30 215 390 101 470 144 313 318 48 369 200 485 425 431 401 412 234 353 261 248 352 274 35 360 383 392 371 11 425 371 120 357 138 306 210 41 479 37 284 283 66 433 345 335 261 343 263 291 404 36 63 368 321 395 375 59
 63 168 260 171 195 148 61 360 287 191 288 179 86 338 246 361 248 196 421 1 112 297 392 233 291 66 147 236 295 301 213 196 367 320 200 147 184 218 91 124 261 279 318 185 317 84 302 249 32 252 104 326 247 297 321 154 270 91 215 145 217 353 321 359 101 163 338 284 325 335 265 228 195 144 142 167 266 258 136 266 112 25 285 80 253 209 65 285 124 185 360 332 259 253 131 223 217 97 123 385 198 377 394 151 410 256 34 321 81 332 168 229 380 209 223 70 167 26 34 195 235 118 220 185 75 197 388 140 157 139 216 421 96 82 308 199 302 322 251 382 83 388 244 295 363 38 376 130 200 310 248 134 44 404 363 360 218 27 235 364
 86 129 226 103 275 193 172 354 208 232 339 90 147 276 299 283 279 206 353 112 1 326 327 189 308 70 173 141 302 292 174 232 392 239 90 164 198 185 148 191 265 292 326 74 362 130 229 206 87 254 165 374 226 352 345 54 308 38 245 156 114 383 292 400 16 115 340 247 311 264 309 204 92 250 36 138 246 223 27 266 168 107 219 39 154 247 175 270 234 218 387 288 212 156 177 120 204 163 70 342 165 331 333 231 348 158 101 255 191 298 195 260 307 263 173 178 248 135 79 267 136 9 116 163 57 94 319 36 65 57 270 354 188 141 234 249 257 344 231 315 194 317 134 310 303 99 404 165 101 345 255 80 132 343 302 396 107 96 133 296
 257 214 171 259 165 150 306 117 289 107 66 293 212 259 81 316 50 123 322 297 326 1 295 199 37 343 157 315 66 109 195 102 71 306 386 163 129 180 207 179 84 54 64 353 58 217 277 195 284 93 194 74 145 83 29 311 35 341 84 171 334 58 163 82 312 231 86 177 125 283 48 159 326 263 356 201 137 175 346 91 186 320 251 297 336 89 294 123 301 114 64 204 203 327 167 337 143 202 261 226 190 229 283 180 295 332 270 262 284 179 135 70 309 102 213 323 175 285 304 144 329 332 341 179 278 330 304 358 389 382 97 314 227 216 280 104 199 32 141 291 295 309 384 40 263 331 80 171 318 24 83 254 256 288 267 72 391 280 442 287
 330 226 153 228 405 315 441 205 124 307 357 239 342 55 349 63 290 249 32 392 327 295 1 164 259 389 287 200 231 187 184 297 310 100 313 277 260 184 338 351 224 246 237 287 352 328 100 150 362 221 341 367 180 375 286 276 313 363 286 273 236 318 133 362 324 230 225 133 174 65 326 186 250 463 332 229 173 152 326 214 333 405 110 330 202 302 436 177 478 292 314 93 138 193 318 233 207 348 275 86 200 76 19 387 26 195 361 73 439 118 283 288 33 339 171 456 395 401 373 382 213 327 240 218 324 251 17 336 360 368 341 29 394 341 95 327 108 280 180 12 449 24 266 256 36 404 322 304 238 316 234 263 375 24 33 344 301 366 357 32
 171 67 41 90 256 159 279 178 96 162 244 118 179 110 221 149 170 102 194 233 189 199 164 1 167 241 128 121 147 119 21 154 247 121 214 117 109 25 175 191 116 148 168 180 252 165 93 18 204 107 179 268 56 262 205 149 200 220 150 111 146 245 105 279 181 77 174 59 132 116 209 41 145 302 207 67 71 37 198 111 172 248 67 181 140 164 273 95 316 145 246 102 27 130 158 148 61 186 125 156 37 147 164 231 179 136 201 97 277 110 129 159 158 199 19 294 241 240 218 236 136 192 154 56 170 149 162 210 240 241 204 192 232 178 98 185 71 201 61 154 286 164 195 166 132 250 260 144 135 222 117 113 212 173 133 267 212 207 269 139
 245 190 137 234 184 147 307 90 255 107 100 268 207 223 104 280 53 104 287 291 308 37 259 167 1 332 146 286 30 73 165 99 86 271 363 150 113 151 202 181 52 20 36 329 94 209 242 161 275 62 191 110 112 117 39 289 60 327 79 156 306 80 127 114 295 206 60 142 90 247 74 128 300 276 337 177 103 141 327 57 182 314 216 282 306 91 297 87 310 108 82 168 170 296 162 309 115 200 241 192 163 194 248 190 260 301 262 226 288 143 125 68 273 115 183 324 188 283 295 161 300 314 314 154 264 304 268 339 370 365 112 279 231 210 245 112 163 37 108 255 300 273 356 6 227 323 98 162 291 59 55 233 252 253 231 101 366 272 418 251
 88 176 274 162 258 197 117 391 274 240 343 156 138 337 301 349 295 231 417 66 70 343 389 241 332 1 187 210 331 329 223 243 412 306 147 183 221 232 142 181 295 318 355 141 370 128 293 258 62 285 158 380 268 354 365 123 320 35 260 178 184 400 340 411 68 166 373 297 352 328 317 247 162 208 90 180 288 272 86 298 164 50 281 62 223 257 125 310 183 231 406 342 266 225 179 189 242 152 117 396 211 387 394 213 410 227 78 317 143 348 210 274 372 263 227 119 230 91 41 256 205 74 185 203 74 163 383 86 96 77 271 417 160 133 298 252 311 365 273 378 143 382 199 335 363 36 422 174 170 359 284 130 104 404 363 410 167 68 175 359
 101 91 137 131 135 33 173 215 216 61 168 163 67 235 130 276 109 51 318 147 173 157 287 128 146 187 1 205 149 158 110 60 226 245 244 14 38 105 62 65 115 133 172 213 190 64 219 139 130 107 57 203 114 182 179 169 136 186 75 23 209 214 188 229 158 103 192 160 183 243 137 103 195 177 205 78 130 137 196 121 49 169 194 142 227 75 165 145 196 46 220 209 151 220 31 215 84 66 114 257 95 252 284 104 299 225 117 224 162 201 23 89 285 95 130 190 116 142 150 117 214 180 216 75 122 199 288 207 237 228 103 314 110 69 224 81 183 179 118 278 173 290 256 149 253 178 236 20 191 174 102 111 111 292 256 226 253 127 297 264
 182 115 158 77 337 236 294 295 77 257 354 58 224 157 324 148 281 203 222 236 141 315 200 121 286 210 205 1 267 238 122 252 367 103 115 192 205 136 222 256 235 267 288 89 366 205 102 131 205 225 234 381 176 371 324 88 312 178 254 182 37 364 213 396 144 103 293 168 248 136 319 158 53 351 137 129 191 154 134 230 231 240 105 159 23 265 294 215 349 239 366 191 128 18 227 35 173 238 118 238 127 226 210 301 223 22 211 135 305 212 217 266 175 295 104 305 315 253 207 321 17 140 42 143 162 53 189 142 162 173 301 225 279 220 106 280 165 321 181 189 311 186 78 285 184 234 380 211 42 338 233 110 237 219 181 385 105 212 163 168
 245 179 114 220 205 156 317 71 231 120 129 254 213 195 130 253 74 102 258 295 302 66 231 147 30 331 149 267 1 44 148 111 101 246 350 150 113 133 208 192 38 22 25 316 122 212 217 139 277 49 199 138 92 146 61 278 87 323 91 155 290 100 98 139 289 195 44 115 62 220 101 111 285 293 329 167 79 118 319 39 190 317 192 278 286 106 307 60 325 117 100 140 146 276 170 293 101 208 234 163 148 165 219 207 231 281 265 199 300 114 129 84 245 136 164 334 207 289 296 182 282 307 297 143 261 289 239 331 362 358 134 250 243 216 220 130 136 57 87 226 311 245 339 26 198 325 114 167 276 87 49 225 258 224 203 124 352 275 406 223
 246 164 81 201 238 173 330 64 194 145 171 233 224 153 169 211 110 108 215 301 292 109 187 119 73 329 158 238 44 1 125 135 136 206 330 156 121 111 219 211 49 60 56 296 166 219 178 108 279 54 213 181 68 189 102 261 129 317 118 158 264 139 55 180 280 179 56 77 26 178 142 90 262 318 315 155 49 85 306 40 204 321 154 273 256 134 321 24 346 137 138 96 112 245 184 266 89 222 223 122 130 124 176 233 188 250 270 158 317 71 142 114 202 168 137 347 236 299 297 215 253 296 272 130 257 266 196 318 349 347 168 207 262 226 180 160 95 97 62 183 328 201 313 69 155 328 150 177 252 130 63 213 268 181 159 164 329 278 385 180
 151 49 53 78 240 142 259 187 109 148 236 109 159 130 210 167 162 89 214 213 174 195 184 21 165 223 110 122 148 125 1 141 248 136 206 99 94 16 155 173 115 146 170 172 246 145 110 37 185 104 160 262 59 253 203 138 193 204 139 92 142 244 119 275 165 60 179 75 141 134 201 38 139 283 194 48 77 50 185 111 153 229 85 163 142 152 253 102 296 131 246 120 47 133 140 146 53 167 108 174 17 165 184 213 199 138 181 116 257 126 113 149 177 186 22 274 224 220 199 220 136 178 150 37 151 143 182 197 227 227 191 212 213 158 115 171 90 201 64 174 266 184 192 165 152 231 261 125 129 217 113 96 192 193 153 265 206 188 261 158
 158 139 147 183 109 50 209 181 249 11 109 216 111 249 74 298 53 53 327 196 232 102 297 154 99 243 60 252 111 135 141 1 172 274 302 70 48 131 107 83 87 92 130 270 131 117 246 159 184 84 94 143 118 124 126 227 78 244 21 79 262 158 179 170 218 154 154 165 160 264 77 118 249 184 265 125 126 148 255 97 85 219 219 201 274 16 198 131 215 15 164 210 171 266 67 266 96 103 172 251 129 249 290 99 305 271 170 243 191 194 40 33 301 46 162 226 102 186 204 86 263 239 269 111 181 253 301 266 296 287 51 322 133 115 250 32 190 127 119 289 202 304 310 103 262 230 181 71 244 116 73 169 156 298 266 168 310 179 356 279
 326 275 213 318 226 220 375 107 329 177 109 352 282 284 141 343 120 187 333 367 392 71 310 247 86 412 226 367 101 136 248 172 1 341 447 231 195 233 277 249 135 104 82 413 80 287 313 239 354 145 264 88 192 117 49 373 101 409 153 238 389 20 183 61 378 291 87 212 140 311 110 210 384 327 421 262 179 217 411 138 256 390 289 365 386 159 364 158 367 183 11 225 246 376 237 392 199 272 326 230 246 237 295 246 304 382 340 292 352 196 204 140 330 169 264 392 239 355 374 207 382 398 397 238 346 388 321 423 454 448 163 324 296 286 316 173 229 50 187 308 363 327 439 85 281 400 14 240 375 62 140 318 326 298 286 41 450 350 503 309
 260 164 137 150 376 277 374 248 34 282 359 151 286 71 339 46 285 222 120 320 239 306 100 121 271 306 245 103 246 206 136 274 341 1 215 233 229 145 283 306 224 253 261 191 362 269 30 117 289 217 290 378 165 377 305 186 314 276 269 226 139 344 162 383 239 162 257 131 205 42 324 158 155 414 239 172 170 133 235 216 285 328 57 249 103 284 372 186 421 265 343 126 106 95 274 136 180 296 198 158 151 145 113 348 125 96 291 53 379 153 248 276 73 319 116 387 360 333 296 355 115 238 143 171 247 156 88 243 265 275 323 124 342 284 27 305 113 301 168 90 387 84 167 269 93 326 354 258 144 329 229 187 311 122 89 368 202 294 257 70
 172 174 254 131 359 269 259 391 191 304 410 98 231 271 373 259 344 265 334 200 90 386 313 214 363 147 244 115 350 330 206 302 447 215 1 233 261 220 232 274 314 345 373 35 429 213 216 229 176 304 248 443 264 425 401 76 374 114 311 224 79 441 316 465 104 157 384 270 345 250 377 243 71 339 59 187 282 250 65 313 249 192 218 127 114 317 263 307 322 288 444 301 230 122 255 81 250 247 131 350 204 338 324 316 337 120 190 249 279 318 263 325 288 338 196 263 333 223 167 349 101 83 74 210 143 68 302 62 62 80 345 338 276 226 220 323 272 399 269 302 282 299 61 364 297 181 460 241 82 407 308 135 221 333 295 458 22 185 56 282
 97 78 128 119 148 46 177 214 203 72 178 150 71 224 141 264 116 50 308 147 164 163 277 117 150 183 14 192 150 156 99 70 231 233 233 1 39 95 66 75 115 136 173 201 199 65 207 128 127 106 65 212 108 193 184 158 145 179 82 10 197 221 182 237 150 90 193 152 180 232 146 94 182 187 196 65 125 128 186 120 57 168 182 135 214 85 169 141 204 56 226 201 141 207 42 202 77 73 103 250 83 245 275 116 290 212 116 213 168 195 31 96 274 107 117 194 129 144 147 130 201 171 204 63 116 187 277 198 228 220 114 305 119 72 212 92 174 184 111 268 179 280 244 153 244 176 242 28 178 181 103 100 113 283 246 233 241 125 287 254
 134 93 108 138 149 58 210 177 202 55 152 172 104 209 120 255 84 14 291 184 198 129 260 109 113 221 38 205 113 121 94 48 195 229 261 39 1 85 99 95 78 98 136 228 169 101 201 116 165 69 93 184 82 168 148 186 114 215 52 44 216 185 153 205 184 108 155 129 146 221 118 76 204 207 229 79 96 109 219 84 84 205 175 170 227 61 202 109 230 37 190 177 128 219 65 221 55 103 133 224 82 219 255 128 270 224 153 201 198 167 24 65 261 93 115 227 136 179 184 128 216 205 223 64 152 209 262 230 261 254 98 286 144 106 206 78 154 147 84 251 209 265 265 115 225 214 206 58 199 148 65 128 148 263 228 200 267 163 315 240
 157 58 43 91 233 136 261 173 119 138 223 123 159 131 198 172 149 78 215 218 185 180 184 25 151 232 105 136 133 111 16 131 233 145 220 95 85 1 155 169 100 132 155 186 232 146 117 35 191 90 157 248 45 240 189 151 179 214 127 90 157 229 109 261 176 71 164 67 128 139 188 24 153 280 206 53 63 41 198 96 150 234 91 172 157 141 255 88 295 121 231 114 47 147 136 160 39 165 118 168 22 160 183 208 198 153 186 120 257 117 105 136 180 176 35 277 218 223 205 212 151 189 165 35 159 157 184 210 240 239 180 212 211 158 122 161 85 186 50 174 267 186 207 150 151 238 246 121 144 203 98 107 194 191 153 250 220 193 276 160
 63 120 192 147 129 58 113 275 252 102 202 170 6 284 160 318 158 112 368 91 148 207 338 175 202 142 62 222 208 219 155 107 277 283 232 66 99 155 1 44 175 191 230 205 229 20 259 189 81 167 18 240 172 213 231 164 181 149 125 68 217 263 247 271 133 125 251 215 244 288 177 158 198 132 183 112 189 191 174 182 23 114 237 111 243 119 104 206 142 95 270 264 200 239 41 223 142 17 110 315 139 309 336 86 352 244 65 270 104 260 80 139 331 123 171 129 102 82 101 120 228 156 223 121 92 202 336 183 210 197 130 365 60 10 265 112 237 232 176 328 114 338 258 206 305 125 286 43 198 221 162 114 51 345 307 271 245 75 280 312
 106 147 200 180 87 39 128 261 276 75 165 207 45 298 123 339 132 108 381 124 191 179 351 191 181 181 65 256 192 211 173 83 249 306 274 75 95 169 44 1 164 173 212 246 194 62 281 202 121 158 26 203 176 174 205 204 149 191 103 82 254 234 247 236 175 155 235 222 236 306 144 166 236 113 226 136 190 200 216 172 26 148 257 154 278 92 117 202 137 76 241 271 215 273 34 260 147 30 149 318 157 314 347 46 363 277 104 287 109 261 72 114 348 86 192 145 62 109 141 78 263 198 261 137 135 241 351 226 252 239 93 378 52 51 286 78 246 207 178 341 120 354 297 185 317 160 257 49 235 190 150 151 82 356 319 238 286 114 322 328
 209 142 88 185 191 127 286 101 206 97 137 218 180 182 126 237 67 66 253 261 265 84 224 116 52 295 115 235 38 49 115 87 135 224 314 115 78 100 175 164 1 33 62 280 139 178 195 112 241 12 168 155 62 155 90 241 92 286 70 119 256 131 96 164 252 158 79 97 74 203 104 78 250 270 292 130 56 92 282 11 159 282 169 241 255 87 276 49 299 90 132 133 121 245 139 259 65 177 196 167 113 167 215 185 228 251 230 182 271 113 97 68 234 121 132 303 188 256 260 167 249 270 263 106 224 254 230 294 325 321 122 246 215 183 198 112 121 87 58 218 282 235 306 52 190 290 148 134 242 107 15 188 225 221 194 151 317 239 370 211
 231 172 119 215 185 138 299 91 237 100 113 249 196 207 110 264 53 88 273 279 292 54 246 148 20 318 133 267 22 60 146 92 104 253 345 136 98 132 191 173 33 1 40 311 110 196 225 143 262 43 181 126 93 130 58 271 69 311 72 141 287 99 114 132 279 188 63 124 81 230 83 109 281 273 320 159 85 122 310 39 172 301 198 267 287 86 288 71 305 99 101 154 151 277 152 291 97 190 224 181 144 183 235 187 247 282 250 209 281 130 112 63 258 115 164 316 186 272 281 162 281 298 295 136 248 285 253 322 353 348 113 266 224 199 228 109 147 55 89 241 292 259 337 20 212 310 116 150 273 77 38 216 241 240 217 120 348 259 400 236
 269 202 132 243 218 177 338 56 248 139 130 276 235 206 138 265 87 125 263 318 326 64 237 168 36 355 172 288 25 56 170 130 82 261 373 173 136 155 230 212 62 40 1 339 117 235 233 159 300 73 220 132 113 145 49 301 93 347 110 178 311 84 106 126 313 218 25 131 64 232 107 133 307 310 352 190 98 137 343 62 211 340 208 302 307 123 327 77 343 138 83 148 165 296 191 314 125 229 257 164 171 168 224 224 235 302 288 212 320 121 151 101 254 150 185 355 222 311 319 196 303 331 319 166 284 312 247 355 386 382 147 255 263 238 235 146 149 44 108 234 331 253 361 31 206 348 95 189 298 82 72 248 280 228 211 110 374 297 429 233
 148 140 220 97 332 239 245 357 164 272 378 64 205 242 341 235 310 231 310 185 74 353 287 180 329 141 213 89 316 296 172 270 413 191 35 201 228 186 205 246 280 311 339 1 396 186 189 195 158 269 221 410 230 393 367 44 341 106 279 192 53 407 283 431 85 123 349 237 311 223 345 208 39 319 55 153 248 216 55 278 222 181 187 107 93 284 248 273 306 256 410 269 197 99 225 57 216 221 100 319 169 307 297 290 310 99 170 220 263 285 231 292 263 307 162 251 306 207 152 320 77 69 51 176 120 37 277 59 75 87 314 313 253 200 193 292 239 365 235 276 267 274 60 330 269 171 426 211 51 374 274 102 200 306 267 424 41 167 91 256
 286 260 227 305 153 174 315 165 344 131 33 339 233 316 74 373 87 167 378 317 362 58 352 252 94 370 190 366 122 166 246 131 80 362 429 199 169 232 229 194 139 110 117 396 1 243 333 249 309 147 214 17 199 38 70 354 56 373 119 208 382 61 219 43 347 276 135 234 180 340 54 212 372 256 394 246 194 230 384 147 207 340 307 330 387 116 303 180 298 145 70 261 259 378 192 386 194 221 301 280 240 284 339 181 351 384 294 319 289 235 169 105 366 109 266 331 171 302 330 138 379 369 389 226 310 376 360 396 425 417 102 370 235 238 337 119 256 76 196 348 300 366 431 97 319 353 80 199 365 37 136 296 274 344 324 50 435 304 484 344
 46 106 185 130 148 70 116 277 237 113 217 152 21 274 175 306 168 113 358 84 130 217 328 165 209 128 64 205 212 219 145 117 287 269 213 65 101 146 20 62 178 196 235 186 243 1 246 179 68 169 37 254 168 228 240 144 192 133 134 63 198 274 243 284 114 109 255 209 244 276 190 152 179 148 164 100 186 184 155 183 40 106 225 93 226 130 110 204 153 104 280 258 191 222 52 204 138 36 91 310 129 303 327 105 343 226 55 259 113 255 85 148 320 138 159 133 122 81 89 139 210 137 204 112 74 183 326 164 192 179 145 356 76 17 252 126 229 241 172 317 122 327 239 212 296 115 296 48 179 232 165 96 50 336 297 283 226 64 261 302
 241 141 108 133 348 250 355 223 27 254 330 140 263 57 310 60 256 194 125 302 229 277 100 93 242 293 219 102 217 178 110 246 313 30 216 207 201 117 259 281 195 225 233 189 333 246 1 88 271 188 266 349 136 348 277 177 285 265 240 200 138 316 137 354 226 141 230 103 179 36 295 130 151 390 233 148 141 104 228 187 260 312 28 235 108 255 351 158 399 237 315 103 77 98 248 136 151 272 182 142 125 129 109 322 123 101 272 35 357 129 221 247 80 291 90 368 333 314 280 328 117 229 143 145 230 153 91 237 261 269 295 127 318 261 7 277 86 273 139 89 366 90 173 240 83 311 327 233 139 300 200 170 290 118 80 340 205 276 262 69
 187 84 28 106 264 169 294 165 96 168 244 133 193 97 223 140 170 107 181 249 206 195 150 18 161 258 139 131 139 108 37 159 239 117 229 128 116 35 189 202 112 143 159 195 249 179 88 1 221 103 191 265 51 262 198 166 199 238 153 123 159 239 89 274 198 94 163 43 118 106 209 43 159 314 223 83 61 24 215 105 184 264 61 198 149 168 288 85 329 151 239 85 14 139 169 160 64 199 142 139 52 130 149 241 165 144 217 86 291 93 137 160 147 204 35 309 250 255 234 242 147 209 166 69 187 163 150 227 256 258 208 178 245 192 93 190 54 195 54 141 301 152 207 160 117 267 253 155 149 218 114 130 227 158 119 261 226 223 283 126
 35 138 233 140 200 137 90 339 256 180 282 148 77 309 240 330 235 176 391 32 87 284 362 204 275 62 130 205 277 279 185 184 354 289 176 127 165 191 81 121 241 262 300 158 309 68 271 221 1 232 97 319 222 293 307 125 259 74 201 123 187 341 296 350 74 133 319 257 302 304 257 202 165 164 120 139 241 231 112 245 103 45 255 52 223 197 92 262 150 171 347 304 231 222 119 194 193 92 92 357 171 349 365 155 381 225 17 291 106 306 152 215 349 202 194 101 172 50 22 196 205 94 191 158 44 168 358 119 140 124 210 391 105 72 277 192 273 308 226 351 110 358 217 278 333 50 363 115 170 299 229 103 48 374 334 350 193 10 216 334
 200 131 81 174 190 120 278 109 198 94 143 208 172 178 129 232 71 57 251 252 254 93 221 107 62 285 107 225 49 54 104 84 145 217 304 106 69 90 167 158 12 43 73 269 147 169 188 103 232 1 161 163 53 161 100 230 98 276 68 109 245 141 96 173 241 148 89 92 79 198 109 68 239 266 281 119 51 85 271 15 151 273 161 231 245 85 269 49 293 85 143 131 113 236 131 249 55 170 186 168 102 167 213 181 226 241 221 176 264 113 89 68 230 121 122 295 185 248 250 166 239 260 253 95 214 244 227 283 314 310 122 244 209 175 192 110 117 97 50 215 275 231 295 62 187 281 158 126 231 116 14 177 217 219 191 161 306 230 359 207
 81 128 192 159 112 45 119 267 260 88 186 184 21 287 144 324 146 106 371 104 165 194 341 179 191 158 57 234 199 213 160 94 264 290 248 65 93 157 18 26 168 181 220 221 214 37 266 191 97 161 1 224 171 197 219 179 166 166 113 69 231 250 244 255 150 135 242 215 238 293 162 158 212 125 200 119 187 192 191 175 10 128 243 128 256 106 109 201 140 84 256 264 204 251 30 237 141 10 125 314 143 308 338 70 354 256 81 275 106 258 72 126 336 106 177 136 86 93 118 103 241 173 237 124 109 217 340 200 227 214 114 368 55 26 271 96 238 220 174 331 117 342 273 195 307 140 273 38 212 207 154 128 63 347 309 256 261 91 297 316
 297 275 243 320 155 185 321 178 360 143 39 354 243 332 81 389 102 181 394 326 374 74 367 268 110 380 203 381 138 181 262 143 88 378 443 212 184 248 240 203 155 126 132 410 17 254 349 265 319 163 224 1 215 35 85 368 71 384 133 221 397 69 235 39 360 290 150 250 195 356 67 228 386 258 407 260 210 246 397 163 217 349 323 342 403 128 309 196 302 157 77 277 275 394 202 401 210 230 314 295 255 300 355 186 366 399 304 335 295 251 182 119 382 118 282 337 175 310 340 142 395 381 404 241 322 391 376 408 438 429 111 386 242 248 353 129 272 90 212 363 305 382 446 113 335 362 85 211 380 52 152 309 283 359 340 52 450 314 497 360
 188 98 30 135 226 139 283 130 146 128 195 167 177 132 177 183 121 71 211 247 226 145 180 56 112 268 114 176 92 68 59 118 192 165 264 108 82 45 172 176 62 93 113 230 199 168 136 51 222 53 171 215 1 212 149 194 150 253 108 106 200 190 76 224 216 113 121 48 86 148 160 23 197 288 249 90 21 33 240 56 162 265 109 210 196 125 276 45 309 113 191 96 61 186 144 203 31 179 158 144 63 139 174 209 189 191 214 127 275 88 106 113 184 161 73 299 216 248 238 203 191 231 208 66 195 201 184 252 282 281 164 206 224 178 140 148 73 146 6 172 285 187 249 111 145 270 205 133 187 168 65 147 218 182 149 212 264 222 319 162
 273 261 241 305 122 161 290 196 356 122 19 339 216 336 54 391 93 168 402 297 352 83 375 262 117 354 182 371 146 189 253 124 117 377 425 193 168 240 213 174 155 130 145 393 38 228 348 262 293 161 197 35 212 1 102 350 64 360 118 202 383 97 243 73 337 276 166 251 206 357 54 222 371 224 386 246 210 244 376 164 191 321 321 319 392 109 277 200 268 138 106 283 272 384 178 388 202 203 295 307 245 310 364 154 376 389 277 336 263 259 162 106 387 92 274 305 142 280 313 109 383 360 391 229 299 376 382 387 416 405 84 395 211 222 351 104 275 107 210 370 273 388 432 121 341 334 117 188 366 67 149 291 255 369 346 85 433 287 478 365
 279 228 173 272 193 175 332 96 291 132 88 306 236 253 108 312 75 140 311 321 345 29 286 205 39 365 179 324 61 102 203 126 49 305 401 184 148 189 231 205 90 58 49 367 70 240 277 198 307 100 219 85 149 102 1 327 63 362 107 191 344 42 154 79 331 244 66 175 112 279 75 166 338 291 374 215 139 177 364 95 210 344 251 317 344 115 321 120 329 137 44 196 206 334 191 348 153 228 278 212 201 216 272 207 283 339 294 259 311 169 157 94 302 130 221 349 203 311 327 172 338 351 352 192 298 342 295 376 407 401 125 303 254 240 280 131 195 6 145 282 322 301 394 39 254 354 60 194 330 36 94 271 281 276 259 64 404 303 456 280
 109 100 189 61 289 196 214 323 156 229 335 38 164 227 298 231 268 190 301 154 54 311 276 149 289 123 169 88 278 261 138 227 373 186 76 158 186 151 164 204 241 271 301 44 354 144 177 166 125 230 179 368 194 350 327 1 299 91 236 149 64 366 254 390 57 84 313 208 278 213 302 172 42 282 59 113 213 185 52 240 179 155 170 75 102 241 215 238 273 213 370 245 170 104 182 70 177 180 57 297 132 286 283 248 298 106 134 205 229 258 188 250 255 264 132 223 264 174 123 277 84 53 67 136 83 44 267 63 91 95 271 303 214 159 182 249 214 325 200 264 234 265 96 290 254 148 386 168 49 332 234 59 163 293 252 383 85 133 131 245
 234 205 178 250 131 124 275 147 294 80 46 284 185 273 47 329 32 111 342 270 308 35 313 200 60 320 136 312 87 129 193 78 101 314 374 145 114 179 181 149 92 69 93 341 56 192 285 199 259 98 166 71 150 64 63 299 1 321 64 153 327 85 182 93 294 221 116 188 148 294 15 160 317 229 340 191 147 181 330 102 159 293 258 277 333 63 263 138 268 91 93 222 209 325 141 331 141 174 246 249 186 251 303 147 315 330 245 273 252 199 115 50 325 69 213 292 141 257 280 110 325 315 335 171 257 321 320 341 372 363 64 334 196 190 289 73 212 67 147 308 263 326 376 65 280 305 108 147 310 41 86 241 228 308 284 91 380 255 429 302
 88 157 256 137 272 200 147 379 245 242 348 126 147 311 307 320 294 224 389 91 38 341 363 220 327 35 186 178 323 317 204 244 409 276 114 179 215 214 149 191 286 311 347 106 373 133 265 238 74 276 166 384 253 360 362 91 321 1 259 172 150 399 322 413 41 145 363 278 338 300 320 231 128 234 56 164 273 253 52 288 171 80 255 46 190 258 153 297 212 230 404 321 245 193 183 156 229 162 97 375 193 365 369 228 384 195 90 291 170 329 208 274 344 269 205 151 245 115 59 267 172 40 151 188 65 130 355 53 67 51 277 390 178 141 270 257 290 362 258 351 172 354 165 329 338 68 420 175 137 359 276 109 121 378 337 410 133 83 146 332
 174 144 138 189 123 69 229 161 245 30 101 223 130 239 72 290 35 52 315 215 245 84 286 150 79 260 75 254 91 118 139 21 153 269 311 82 52 127 125 103 70 72 110 279 119 134 240 153 201 68 113 133 108 118 107 236 64 259 1 90 267 141 163 156 231 159 133 154 142 255 67 111 255 203 277 130 114 140 267 79 105 238 213 215 276 18 219 115 235 31 147 196 164 268 85 271 90 122 183 235 129 234 278 117 292 273 188 235 211 179 52 15 291 55 160 246 119 205 222 99 266 252 274 113 196 260 290 279 309 301 57 310 154 134 245 44 179 108 108 278 222 294 316 83 251 248 163 88 250 101 56 178 175 285 254 152 318 197 366 269
 92 69 125 109 156 55 178 217 196 81 187 141 72 219 150 258 124 54 303 145 156 171 273 111 156 178 23 182 155 158 92 79 238 226 224 10 44 90 68 82 119 141 178 192 208 63 200 123 123 109 69 221 106 202 191 149 153 172 90 1 187 228 181 245 142 81 197 149 182 226 155 91 173 192 188 57 124 124 178 123 62 165 176 128 205 94 170 142 207 65 233 198 136 198 49 193 76 77 94 248 76 242 271 124 286 203 113 207 170 193 40 104 268 117 111 194 137 143 142 139 192 163 194 56 109 177 272 189 220 212 124 300 123 73 205 102 170 190 110 263 181 274 234 159 239 172 249 34 169 189 107 91 113 279 241 241 232 122 278 249
 169 124 185 79 338 239 277 323 113 266 367 48 218 193 334 183 296 217 257 217 114 334 236 146 306 184 209 37 290 264 142 262 389 139 79 197 216 157 217 254 256 287 311 53 382 198 138 159 187 245 231 397 200 383 344 64 327 150 267 187 1 385 244 414 120 109 319 198 276 172 332 180 23 341 105 138 216 181 103 252 229 218 140 138 41 275 278 241 335 248 387 225 158 46 228 7 192 233 108 273 145 261 246 299 259 47 196 170 290 244 225 279 211 303 128 286 315 236 186 324 25 111 9 157 145 22 225 109 127 139 309 261 271 214 142 288 197 342 205 225 296 222 51 306 219 211 402 213 20 356 252 104 224 255 217 404 70 195 128 204
 314 268 213 312 207 207 359 118 330 163 90 346 268 289 123 348 107 179 342 353 383 58 318 245 80 400 214 364 100 139 244 158 20 344 441 221 185 229 263 234 131 99 84 407 61 274 316 239 341 141 250 69 190 97 42 366 85 399 141 228 385 1 189 46 369 285 94 214 146 316 93 207 378 309 413 255 179 217 403 135 242 376 291 354 384 145 348 159 349 171 10 231 246 374 224 388 194 258 317 240 242 246 304 229 313 380 327 296 336 203 192 127 337 152 261 376 221 341 361 189 379 389 393 232 335 383 329 415 445 439 146 333 280 272 318 157 233 45 186 316 347 335 435 80 288 387 24 228 370 45 134 310 312 307 293 27 444 337 496 315
 262 166 67 194 285 209 358 87 157 188 225 221 252 102 221 161 162 140 161 321 292 163 133 105 127 340 188 213 98 55 119 179 183 162 316 182 153 109 247 247 96 114 106 283 219 243 137 89 296 96 244 235 76 243 154 254 182 322 163 181 244 189 1 231 283 178 98 47 45 130 196 95 247 358 311 160 58 70 303 86 235 339 116 280 228 180 350 49 382 177 186 43 87 217 216 245 106 253 226 73 130 72 122 275 134 222 289 111 349 18 176 163 149 216 123 374 280 323 312 262 229 296 251 139 267 250 142 314 344 345 217 153 296 252 138 206 52 149 72 129 359 148 290 123 101 344 196 207 236 184 108 214 292 127 106 214 312 297 370 128
 326 294 250 339 193 215 357 164 368 172 74 373 275 331 116 390 123 201 387 359 400 82 362 279 114 411 229 396 139 180 275 170 61 383 465 237 205 261 271 236 164 132 126 431 43 284 354 274 350 173 255 39 224 73 79 390 93 413 156 245 414 46 231 1 386 310 139 253 189 357 95 239 405 296 432 280 215 253 422 170 248 382 329 369 417 155 345 198 339 184 53 274 282 407 232 418 224 263 338 285 271 291 348 223 358 412 335 337 331 246 207 142 380 151 294 373 212 344 371 179 410 407 422 259 350 410 372 434 464 456 144 378 277 280 357 160 273 84 220 359 342 378 464 115 331 394 54 239 398 59 164 332 316 352 336 21 470 345 520 358
