NAME : domp60p20v10
COMMENT : (Deleplanque et al.) 
TYPE : DOMP
DIMENSION : 60
DISPLAY_DATA_TYPE: NO_DISPLAY
OPEN_FACILITIES : 20
COST_SECTION
 1 61 138 103 213 158 179 33 166 199 228 102 22 226 79 86 151 158 149 36 173 128 63 219 103 86 72 218 29 154 88 12 78 118 273 237 103 165 55 111 123 82 113 217 239 178 207 190 160 143 126 250 130 193 184 181 97 216 159 103
 61 1 142 128 159 191 122 42 224 258 257 68 42 198 85 145 179 172 184 90 116 69 113 253 132 48 75 270 44 206 30 66 131 177 276 221 146 205 42 152 164 79 115 185 262 181 204 209 114 163 182 309 159 133 225 122 93 157 202 112
 138 142 1 53 181 88 180 158 200 275 133 209 144 117 212 164 288 295 282 166 175 161 112 141 240 104 203 205 156 158 141 129 200 215 137 107 235 295 102 242 255 210 28 119 130 41 69 76 247 280 231 300 66 209 135 202 50 224 123 238
 103 128 53 1 214 65 201 130 150 222 130 192 116 168 181 112 246 259 238 124 195 168 62 127 200 106 174 166 127 112 138 92 154 164 175 159 190 249 88 198 210 183 44 168 138 85 117 88 240 242 180 250 33 226 105 218 56 245 86 205
 213 159 181 214 1 268 49 201 355 407 310 189 198 124 236 288 331 316 340 246 51 98 242 321 287 129 226 379 203 322 131 213 288 329 260 173 305 362 162 311 321 225 172 104 300 199 197 251 176 311 337 451 240 69 314 74 160 64 298 260
 158 191 88 65 268 1 261 188 132 219 70 253 174 197 236 134 288 306 275 171 255 232 102 64 246 170 230 120 185 85 202 147 189 181 153 172 228 282 151 235 246 240 98 203 86 92 120 54 304 288 200 229 33 288 48 280 116 305 41 258
 179 122 180 201 49 261 1 162 332 377 312 143 162 154 192 260 287 270 298 211 7 55 218 319 245 103 183 365 165 305 93 181 252 297 280 198 265 320 134 270 281 181 164 134 306 206 212 254 129 267 303 425 231 32 305 31 147 45 287 215
 33 42 158 130 201 188 162 1 196 221 257 70 15 231 55 114 142 141 145 52 157 109 95 249 94 82 46 250 5 186 71 43 91 139 293 249 105 165 61 112 123 54 131 220 266 198 224 216 129 129 143 276 158 172 215 160 112 196 191 82
 166 224 200 150 355 132 332 196 1 90 175 263 187 315 219 84 224 255 202 150 326 287 116 150 199 230 218 74 192 48 248 159 135 93 282 299 167 198 200 172 178 229 193 317 201 218 249 185 323 236 109 101 137 351 106 341 198 373 94 229
 199 258 275 222 407 219 377 221 90 1 264 276 217 389 222 120 188 226 162 170 371 326 171 239 183 279 226 151 217 136 286 197 135 83 370 379 147 148 246 148 148 235 262 387 290 299 331 272 337 207 84 67 218 390 195 379 262 414 182 221
 228 257 133 130 310 70 312 257 175 264 1 321 243 216 305 199 356 375 341 240 306 290 171 28 314 230 299 132 254 130 264 217 256 242 122 177 295 346 216 302 313 309 152 228 29 113 127 60 369 357 260 258 100 341 70 334 173 355 88 327
 102 68 209 192 189 253 143 70 263 276 321 1 82 256 59 180 147 128 162 114 139 93 164 315 111 111 53 319 74 255 77 112 143 195 342 284 139 185 108 143 151 45 182 241 328 248 270 275 62 126 194 336 222 139 283 128 160 163 259 75
 22 42 144 116 198 174 162 15 187 217 243 82 1 222 68 106 151 153 153 50 156 109 83 236 103 75 60 239 12 175 70 31 91 136 280 237 110 171 50 117 129 68 118 212 253 185 212 202 139 140 142 270 144 174 202 162 99 198 178 95
 226 198 117 168 124 197 154 231 315 389 216 256 222 1 282 274 372 369 373 259 152 173 221 234 324 152 272 316 231 273 180 220 299 323 140 51 328 390 173 335 348 276 128 21 199 108 90 161 269 359 337 416 180 184 243 184 133 186 235 309
 79 85 212 181 236 236 192 55 219 222 305 59 68 282 1 137 96 88 107 73 187 139 137 295 54 131 11 281 57 219 109 90 90 143 347 302 82 130 114 85 93 14 185 270 317 252 279 268 117 79 139 284 207 193 257 182 166 217 233 28
 86 145 164 112 288 134 260 114 84 120 199 180 106 274 137 1 160 185 144 67 254 211 54 181 125 160 136 146 110 87 171 81 61 52 279 270 99 149 128 106 116 147 147 271 218 195 227 183 240 166 69 166 119 276 137 265 144 299 114 150
 151 179 288 246 331 288 287 142 224 188 356 147 151 372 96 160 1 39 28 124 282 234 189 340 49 223 106 296 141 244 204 160 100 133 420 386 62 48 200 55 47 107 263 361 373 326 356 330 193 26 118 255 266 285 296 274 247 309 273 73
 158 172 295 259 316 306 270 141 255 226 375 128 153 369 88 185 39 1 66 137 266 219 205 361 62 219 98 326 142 270 195 168 125 164 430 389 89 86 200 85 80 95 269 357 390 335 363 345 165 21 152 292 281 265 319 254 251 288 295 61
 149 184 282 238 340 275 298 145 202 162 341 162 153 373 107 144 28 66 1 118 293 244 179 324 54 226 116 274 144 225 211 156 87 111 412 384 49 25 201 41 30 119 258 363 360 320 351 320 212 50 95 228 255 299 279 288 245 323 257 88
 36 90 166 124 246 171 211 52 150 170 240 114 50 259 73 67 124 137 118 1 205 158 70 227 78 120 70 210 48 148 119 40 44 88 297 267 71 132 90 78 91 81 142 251 254 204 234 209 175 120 93 225 145 222 188 210 128 246 163 90
 173 116 175 195 51 255 7 157 326 371 306 139 156 152 187 254 282 266 293 205 1 50 211 313 240 96 178 358 159 298 87 175 246 290 277 196 259 315 128 265 275 176 158 132 301 201 208 249 128 262 297 418 225 36 299 33 141 51 280 210
 128 69 161 168 98 232 55 109 287 326 290 93 109 173 139 211 234 219 244 158 50 1 173 293 191 63 129 326 111 264 41 131 199 244 281 209 210 266 89 216 226 128 139 155 289 194 208 235 98 214 250 376 200 66 272 55 118 89 252 162
 63 113 112 62 242 102 218 95 116 171 171 164 83 221 137 54 189 205 179 70 211 173 1 159 145 116 132 158 91 94 135 53 93 104 235 218 131 188 85 138 150 142 95 218 186 146 178 142 221 188 119 210 78 237 122 227 91 259 98 158
 219 253 141 127 321 64 319 249 150 239 28 315 236 234 295 181 340 361 324 227 313 293 159 1 300 231 290 104 246 107 264 208 240 221 149 198 279 327 214 286 296 300 156 245 56 128 147 74 366 342 240 231 95 347 47 339 176 363 68 316
 103 132 240 200 287 246 245 94 199 183 314 111 103 324 54 125 49 62 54 78 240 191 145 300 1 175 63 268 93 211 159 112 65 111 373 338 36 76 152 36 41 67 215 313 330 279 308 286 165 44 102 247 222 246 258 235 199 270 234 41
 86 48 104 106 129 170 103 82 230 279 230 111 75 152 131 160 223 219 226 120 96 63 116 231 175 1 121 265 83 204 38 85 163 201 234 175 185 245 33 191 203 125 80 140 231 142 162 177 144 208 210 324 138 124 210 114 58 145 190 158
 72 75 203 174 226 230 183 46 218 226 299 53 60 272 11 136 106 98 116 70 178 129 132 290 63 121 1 279 48 217 99 83 92 145 339 292 88 138 104 92 101 12 176 260 310 243 269 260 113 89 143 286 201 185 253 173 157 209 228 38
 218 270 205 166 379 120 365 250 74 151 132 319 239 316 281 146 296 326 274 210 358 326 158 104 268 265 279 1 246 65 290 209 203 165 251 289 238 271 238 243 250 290 208 322 160 210 236 164 377 306 181 130 141 388 75 378 221 408 83 295
 29 44 156 127 203 185 165 5 192 217 254 74 12 231 57 110 141 142 144 48 159 111 91 246 93 83 48 246 1 182 73 39 88 135 291 248 104 163 60 110 122 57 129 221 263 196 223 213 133 129 140 272 155 175 211 163 110 199 187 83
 154 206 158 112 322 85 305 186 48 136 130 255 175 273 219 87 244 270 225 148 298 264 94 107 211 204 217 65 182 1 227 145 147 118 235 254 183 225 176 189 198 227 155 276 156 173 203 138 313 251 136 145 94 327 61 317 164 347 47 234
 88 30 141 138 131 202 93 71 248 286 264 77 70 180 109 171 204 195 211 119 87 41 135 264 159 38 99 290 73 227 1 92 160 205 270 208 175 232 53 181 192 100 116 165 267 179 198 213 107 187 211 336 170 106 240 95 94 129 218 135
 12 66 129 92 213 147 181 43 159 197 217 112 31 220 90 81 160 168 156 40 175 131 53 208 112 85 83 209 39 145 92 1 81 117 263 229 110 171 53 117 130 93 104 212 228 168 197 179 169 153 126 245 118 196 173 185 90 220 149 114
 78 131 200 154 288 189 252 91 135 135 256 143 91 299 90 61 100 125 87 44 246 199 93 240 65 163 92 203 88 147 160 81 1 54 327 305 40 96 132 47 58 102 178 292 274 237 268 234 204 105 53 195 169 262 197 250 168 286 173 95
 118 177 215 164 329 181 297 139 93 83 242 195 136 323 143 52 133 164 111 88 290 244 104 221 111 201 145 165 135 118 205 117 54 1 329 321 77 109 169 81 86 155 197 320 264 246 278 232 256 145 20 142 169 309 176 297 192 332 155 146
 273 276 137 175 260 153 280 293 282 370 122 342 280 140 347 279 420 430 412 297 277 281 235 149 373 234 339 251 291 235 270 263 327 329 1 90 364 422 237 372 384 346 164 159 95 97 74 100 374 414 347 374 161 311 182 308 184 319 189 373
 237 221 107 159 173 172 198 249 299 379 177 284 237 51 302 270 386 389 384 267 196 209 218 198 338 175 292 289 248 254 208 229 305 321 90 1 337 399 189 345 357 298 127 70 157 82 53 127 305 376 337 398 163 229 214 228 140 234 212 329
 103 146 235 190 305 228 265 105 167 147 295 139 110 328 82 99 62 89 49 71 259 210 131 279 36 185 88 238 104 183 175 110 40 77 364 337 1 63 157 9 21 95 211 319 313 272 303 272 197 69 67 212 207 270 235 258 198 294 212 75
 165 205 295 249 362 282 320 165 198 148 346 185 171 390 130 149 48 86 25 132 315 266 188 327 76 245 138 271 163 225 232 171 96 109 422 399 63 1 218 55 43 142 272 381 366 332 363 328 236 72 91 214 263 322 282 310 260 346 260 112
 55 42 102 88 162 151 134 61 200 246 216 108 50 173 114 128 200 200 201 90 128 89 85 214 152 33 104 238 60 176 53 53 132 169 237 189 157 218 1 164 176 111 75 164 221 142 167 168 153 188 178 292 120 153 188 143 54 175 166 141
 111 152 242 198 311 235 270 112 172 148 302 143 117 335 85 106 55 85 41 78 265 216 138 286 36 191 92 243 110 189 181 117 47 81 372 345 9 55 164 1 13 98 219 327 320 280 311 280 199 65 69 213 215 275 242 263 206 299 219 76
 123 164 255 210 321 246 281 123 178 148 313 151 129 348 93 116 47 80 30 91 275 226 150 296 41 203 101 250 122 198 192 130 58 86 384 357 21 43 176 13 1 106 231 339 331 292 323 291 205 61 73 214 226 284 251 273 218 308 229 81
 82 79 210 183 225 240 181 54 229 235 309 45 68 276 14 147 107 95 119 81 176 128 142 300 67 125 12 290 57 227 100 93 102 155 346 298 95 142 111 98 106 1 183 263 319 251 276 269 103 88 152 296 210 181 263 169 163 205 239 36
 113 115 28 44 172 98 164 131 193 262 152 182 118 128 185 147 263 269 258 142 158 139 95 156 215 80 176 208 129 155 116 104 178 197 164 127 211 272 75 219 231 183 1 126 152 68 95 98 222 255 212 293 69 192 143 184 23 208 127 211
 217 185 119 168 104 203 134 220 317 387 228 241 212 21 270 271 361 357 363 251 132 155 218 245 313 140 260 322 221 276 165 212 292 320 159 70 319 381 164 327 339 263 126 1 213 117 104 171 251 347 332 417 184 164 250 164 128 166 241 297
 239 262 130 138 300 86 306 266 201 290 29 328 253 199 317 218 373 390 360 254 301 289 186 56 330 231 310 160 263 156 267 228 274 264 95 157 313 366 221 320 331 319 152 213 1 102 110 55 372 373 282 286 111 336 96 330 174 349 111 340
 178 181 41 85 199 92 206 198 218 299 113 248 185 108 252 195 326 335 320 204 201 194 146 128 279 142 243 210 196 173 179 168 237 246 97 82 272 332 142 280 292 251 68 117 102 1 33 55 284 320 263 317 83 236 136 231 89 248 132 278
 207 204 69 117 197 120 212 224 249 331 127 270 212 90 279 227 356 363 351 234 208 208 178 147 308 162 269 236 223 203 198 197 268 278 74 53 303 363 167 311 323 276 95 104 110 33 1 75 302 349 295 347 114 243 162 239 114 252 160 305
 190 209 76 88 251 54 254 216 185 272 60 275 202 161 268 183 330 345 320 209 249 235 142 74 286 177 260 164 213 138 213 179 234 232 100 127 272 328 168 280 291 269 98 171 55 55 75 1 319 328 250 280 66 284 90 277 120 297 92 292
 160 114 247 240 176 304 129 129 323 337 369 62 139 269 117 240 193 165 212 175 128 98 221 366 165 144 113 377 133 313 107 169 204 256 374 305 197 236 153 199 205 103 222 251 372 284 302 319 1 169 255 397 272 112 337 104 200 131 314 126
 143 163 280 242 311 288 267 129 236 207 357 126 140 359 79 166 26 21 50 120 262 214 188 342 44 208 89 306 129 251 187 153 105 145 414 376 69 72 188 65 61 88 255 347 373 320 349 328 169 1 132 273 264 264 300 253 238 287 276 53
 126 182 231 180 337 200 303 143 109 84 260 194 142 337 139 69 118 152 95 93 297 250 119 240 102 210 143 181 140 136 211 126 53 20 347 337 67 91 178 69 73 152 212 332 282 263 295 250 255 132 1 147 187 313 194 302 205 337 174 139
 250 309 300 250 451 229 425 276 101 67 258 336 270 416 284 166 255 292 228 225 418 376 210 231 247 324 286 130 272 145 336 245 195 142 374 398 212 214 292 213 214 296 293 417 286 317 347 280 397 273 147 1 237 441 194 430 297 464 189 285
 130 159 66 33 240 33 231 158 137 218 100 222 144 180 207 119 266 281 255 145 225 200 78 95 222 138 201 141 155 94 170 118 169 169 161 163 207 263 120 215 226 210 69 184 111 83 114 66 272 264 187 237 1 257 75 249 85 275 59 230
 193 133 209 226 69 288 32 172 351 390 341 139 174 184 193 276 285 265 299 222 36 66 237 347 246 124 185 388 175 327 106 196 262 309 311 229 270 322 153 275 284 181 192 164 336 236 243 284 112 264 313 441 257 1 331 13 173 25 311 213
 184 225 135 105 314 48 305 215 106 195 70 283 202 243 257 137 296 319 279 188 299 272 122 47 258 210 253 75 211 61 240 173 197 176 182 214 235 282 188 242 251 263 143 250 96 136 162 90 337 300 194 194 75 331 1 322 159 349 25 276
 181 122 202 218 74 280 31 160 341 379 334 128 162 184 182 265 274 254 288 210 33 55 227 339 235 114 173 378 163 317 95 185 250 297 308 228 258 310 143 263 273 169 184 164 330 231 239 277 104 253 302 430 249 13 322 1 165 37 302 202
 97 93 50 56 160 116 147 112 198 262 173 160 99 133 166 144 247 251 245 128 141 118 91 176 199 58 157 221 110 164 94 90 168 192 184 140 198 260 54 206 218 163 23 128 174 89 114 120 200 238 205 297 85 173 159 165 1 191 141 193
 216 157 224 245 64 305 45 196 373 414 355 163 198 186 217 299 309 288 323 246 51 89 259 363 270 145 209 408 199 347 129 220 286 332 319 234 294 346 175 299 308 205 208 166 349 248 252 297 131 287 337 464 275 25 349 37 191 1 330 237
 159 202 123 86 298 41 287 191 94 182 88 259 178 235 233 114 273 295 257 163 280 252 98 68 234 190 228 83 187 47 218 149 173 155 189 212 212 260 166 219 229 239 127 241 111 132 160 92 314 276 174 189 59 311 25 302 141 330 1 252
 103 112 238 205 260 258 215 82 229 221 327 75 95 309 28 150 73 61 88 90 210 162 158 316 41 158 38 295 83 234 135 114 95 146 373 329 75 112 141 76 81 36 211 297 340 278 305 292 126 53 139 285 230 213 276 202 193 237 252 1
LAMBDA_SECTION
1  26
2  28
3  21
4  31
5  53
6  57
7  56
8  33
9  58
10  33
11  58
12  31
13  31
14  35
15  56
16  23
17  26
18  57
19  53
20  48
21  30
22  18
23  55
24  15
25  45
26  49
27  52
28  22
29  53
30  54
31  33
32  19
33  29
34  46
35  42
36  29
37  50
38  45
39  48
40  55
41  19
42  46
43  26
44  42
45  28
46  23
47  50
48  39
49  27
50  43
51  34
52  42
53  53
54  30
55  43
56  45
57  26
58  42
59  52
60  19
