NAME : domp30p10v3
COMMENT : (Deleplanque et al.) 
TYPE : DOMP
DIMENSION : 30
DISPLAY_DATA_TYPE: NO_DISPLAY
OPEN_FACILITIES : 10
COST_SECTION
 1 256 282 185 376 248 55 412 359 146 306 221 77 203 76 51 45 109 327 237 230 59 274 369 215 195 316 235 92 360
 256 1 147 140 228 89 260 202 196 115 93 131 313 181 326 208 285 203 321 103 107 310 273 123 54 292 185 97 324 209
 282 147 1 257 374 231 256 335 342 193 83 62 356 97 357 234 290 182 456 242 61 340 403 236 121 395 331 236 370 355
 185 140 257 1 193 78 217 232 175 79 227 212 213 240 234 154 226 199 202 61 200 221 148 214 139 154 133 62 219 176
 376 228 374 193 1 155 409 101 34 258 306 354 392 398 416 346 418 383 183 155 332 406 175 180 269 269 61 160 394 20
 248 89 231 78 155 1 269 166 128 110 180 202 286 244 305 208 286 233 234 20 182 291 188 137 117 224 103 17 294 136
 55 260 256 217 409 269 1 434 389 161 294 197 123 168 113 64 35 75 376 261 211 98 322 379 212 248 348 258 138 391
 412 202 335 232 101 166 434 1 82 274 258 332 444 383 465 373 451 392 281 177 307 452 264 107 253 346 128 178 450 97
 359 196 342 175 34 128 389 82 1 234 274 323 381 369 404 326 401 359 201 131 301 393 183 149 239 270 50 135 385 19
 146 115 193 79 258 110 161 274 234 1 183 141 200 163 213 101 180 126 278 105 133 197 222 225 85 203 199 101 210 239
 306 93 83 227 306 180 294 258 274 183 1 109 373 162 381 256 325 224 413 195 88 364 364 155 99 377 271 189 386 289
 221 131 62 212 354 202 197 332 323 141 109 1 294 55 296 173 230 123 413 209 26 279 359 242 86 340 304 203 309 335
 77 313 356 213 392 286 123 444 381 200 373 294 1 279 28 122 95 185 307 272 301 30 261 417 278 162 334 271 17 378
 203 181 97 240 398 244 168 383 369 163 162 55 279 1 276 162 202 96 440 248 80 259 384 296 132 351 345 242 294 379
 76 326 357 234 416 305 113 465 404 213 381 296 28 276 1 126 81 181 334 291 305 18 287 434 287 189 357 291 37 402
 51 208 234 154 346 208 64 373 326 101 256 173 122 162 126 1 80 74 322 199 180 109 267 324 165 204 286 196 137 329
 45 285 290 226 418 286 35 451 401 180 325 230 95 202 81 80 1 109 371 276 243 68 318 402 239 235 358 274 110 402
 109 203 182 199 383 233 75 392 359 126 224 123 185 96 181 74 109 1 385 229 139 164 329 325 151 276 325 225 200 364
 327 321 456 202 183 234 376 281 201 278 413 413 307 440 334 322 371 385 1 219 400 331 57 335 336 147 166 225 302 185
 237 103 242 61 155 20 261 177 131 105 195 209 272 248 291 199 276 229 219 1 191 278 171 155 125 205 99 7 278 136
 230 107 61 200 332 182 211 307 301 133 88 26 301 80 305 180 243 139 400 191 1 288 346 217 67 335 284 184 315 313
 59 310 340 221 406 291 98 452 393 197 364 279 30 259 18 109 68 164 331 278 288 1 282 419 270 187 347 277 44 391
 274 273 403 148 175 188 322 264 183 222 364 359 261 384 287 267 318 329 57 171 346 282 1 301 284 108 139 177 257 170
 369 123 236 214 180 137 379 107 149 225 155 242 417 296 434 324 402 325 335 155 217 419 301 1 175 357 171 153 426 167
 215 54 121 139 269 117 212 253 239 85 99 86 278 132 287 165 239 151 336 125 67 270 284 175 1 283 219 119 290 249
 195 292 395 154 269 224 248 346 270 203 377 340 162 351 189 204 235 276 147 205 335 187 108 357 283 1 221 209 156 261
 316 185 331 133 61 103 348 128 50 199 271 304 334 345 357 286 358 325 166 99 284 347 139 171 219 221 1 104 337 45
 235 97 236 62 160 17 258 178 135 101 189 203 271 242 291 196 274 225 225 7 184 277 177 153 119 209 104 1 278 141
 92 324 370 219 394 294 138 450 385 210 386 309 17 294 37 137 110 200 302 278 315 44 257 426 290 156 337 278 1 381
 360 209 355 176 20 136 391 97 19 239 289 335 378 379 402 329 402 364 185 136 313 391 170 167 249 261 45 141 381 1
LAMBDA_SECTION
1  13
2  12
3  25
4  25
5  27
6  18
7  7
8  25
9  17
10  18
11  18
12  17
13  13
14  16
15  17
16  12
17  16
18  9
19  13
20  29
21  11
22  8
23  28
24  26
25  12
26  7
27  15
28  27
29  20
30  19
