NAME : domp200p100v10
COMMENT : (Deleplanque et al.) 
TYPE : DOMP
DIMENSION : 200
DISPLAY_DATA_TYPE: NO_DISPLAY
OPEN_FACILITIES : 100
COST_SECTION
 1 77 144 194 278 63 124 216 136 261 199 167 217 66 221 222 39 237 302 328 200 268 168 125 159 179 290 273 159 169 243 64 282 213 155 173 98 99 83 169 279 230 112 98 175 181 251 74 331 129 245 118 335 297 290 118 141 234 291 249 16 116 262 155 227 8 269 195 94 146 57 145 293 252 140 201 253 62 220 153 280 300 281 377 91 85 190 296 265 245 92 255 203 140 26 256 219 170 28 75 281 76 100 339 57 273 120 345 116 101 307 64 333 166 253 64 86 258 236 246 204 235 224 153 205 71 258 68 73 199 121 67 108 302 179 205 194 222 126 239 25 248 207 102 201 93 151 236 118 148 296 249 185 272 36 34 309 125 124 286 9 157 284 134 121 76 280 65 127 175 220 74 218 74 224 332 152 133 323 160 202 123 184 360 94 200 117 306 294 306 359 51 277 114 205 198 197 226 255 242
 77 1 216 255 350 124 154 288 177 331 239 242 286 135 295 292 115 282 364 404 250 341 231 175 215 254 365 325 175 204 275 133 353 289 224 214 60 135 150 228 353 300 165 165 238 254 323 104 404 164 291 152 406 373 366 194 217 291 348 301 84 143 322 210 283 75 319 265 56 70 69 207 340 316 64 276 329 121 247 195 326 375 352 452 80 98 249 353 341 291 148 319 251 64 89 330 279 211 99 20 358 152 37 411 112 340 168 421 140 25 382 139 409 241 319 38 34 329 312 299 230 311 289 229 264 142 311 16 22 262 194 66 173 377 225 277 269 288 187 291 86 323 255 71 269 142 222 292 171 224 372 315 246 339 73 110 382 141 149 351 70 221 334 133 187 103 307 67 59 206 295 89 294 10 286 408 227 57 396 236 263 47 196 434 94 269 191 382 322 344 435 109 353 190 274 224 237 284 329 286
 144 216 1 77 205 144 214 74 113 204 139 100 77 82 83 174 108 264 271 205 225 126 55 181 76 48 155 162 254 136 297 126 139 91 24 123 239 122 69 181 195 89 83 56 169 40 183 188 244 209 157 125 256 186 167 48 48 231 274 144 133 137 138 77 117 149 165 55 235 284 192 49 306 120 276 112 158 101 284 113 298 202 139 267 183 207 78 279 148 156 157 224 119 275 147 116 101 123 118 217 168 90 242 259 155 134 183 233 142 239 215 102 216 97 117 189 229 192 128 251 273 107 91 79 89 119 148 203 204 185 24 204 54 163 221 145 71 85 155 249 130 150 121 205 63 170 127 237 170 64 177 114 71 226 146 115 226 230 219 246 150 47 290 252 41 191 336 168 269 246 87 199 114 214 100 221 25 272 238 75 82 258 278 265 172 165 30 182 346 336 242 151 157 48 164 270 246 219 175 270
 194 255 77 1 265 212 285 77 96 269 83 172 56 129 106 243 166 340 340 231 301 120 27 255 43 101 169 87 325 99 373 194 121 137 54 80 290 129 112 257 250 67 91 98 245 80 246 252 294 281 83 121 310 225 197 124 123 306 346 67 180 134 69 49 41 200 89 50 286 317 248 50 381 63 309 176 212 136 360 84 373 249 118 299 200 270 9 350 186 82 229 294 53 307 205 122 27 83 167 261 207 160 286 312 220 92 257 266 140 275 264 169 245 169 69 222 275 255 178 326 348 142 40 153 13 189 72 240 238 260 94 260 87 165 297 214 123 46 230 325 174 203 54 223 43 240 203 311 244 138 209 65 10 293 183 172 279 298 289 314 198 39 365 317 75 255 412 195 312 320 119 260 169 256 32 256 95 307 289 146 9 291 349 308 185 238 102 209 422 413 271 215 192 123 236 345 322 294 234 346
 278 350 205 265 1 228 243 198 315 31 341 117 222 252 167 62 244 175 95 125 161 196 253 198 278 165 155 331 267 340 229 218 217 130 224 326 338 314 249 144 24 220 282 245 125 186 28 263 57 230 345 322 58 85 115 183 164 121 117 322 278 332 294 280 297 277 340 217 336 415 291 253 176 266 411 94 57 275 238 317 178 55 219 125 356 281 270 119 99 344 210 75 315 412 262 177 278 327 266 341 90 205 359 63 242 252 207 109 336 372 47 216 115 119 255 341 343 22 91 138 240 133 250 137 274 209 320 343 349 108 208 301 250 181 183 74 142 239 172 145 282 66 317 373 226 221 129 127 195 149 105 254 262 52 302 247 36 268 251 69 286 248 158 299 242 265 255 333 383 228 152 282 96 343 269 98 181 401 49 135 264 395 277 92 350 86 204 121 257 220 127 243 106 188 80 242 199 114 31 180
 63 124 144 212 228 1 75 212 180 208 238 128 220 93 208 169 55 175 243 296 138 259 186 63 187 165 269 297 115 214 186 20 276 189 163 213 114 150 107 108 233 231 148 119 116 174 201 47 283 75 278 167 284 261 260 103 121 172 230 275 72 168 278 183 250 59 295 198 112 188 65 165 231 262 184 163 213 104 164 194 218 258 276 337 153 67 210 235 233 277 30 197 234 185 39 243 238 211 71 114 247 55 132 289 15 277 60 308 170 146 263 44 299 127 261 123 116 207 202 184 149 212 234 120 224 28 281 120 127 140 122 76 131 286 118 157 172 228 65 177 81 209 238 163 207 34 100 175 56 121 264 257 203 216 97 51 261 87 79 228 69 174 222 109 139 50 224 127 157 120 203 62 184 117 239 294 143 174 275 130 218 169 140 315 155 146 115 276 237 246 323 16 247 101 151 145 137 165 209 180
 124 154 214 285 243 75 1 277 253 216 312 171 288 167 267 182 128 131 228 334 104 319 259 47 261 226 320 370 41 287 123 92 338 241 234 287 113 220 182 100 254 298 222 193 119 239 218 54 299 14 352 238 294 295 303 169 182 151 206 348 137 238 350 258 323 118 369 267 114 200 87 238 189 332 200 203 244 176 97 268 174 284 338 363 209 57 283 211 275 351 58 190 308 202 100 301 310 285 141 137 285 126 143 300 72 344 39 338 239 169 284 116 334 171 329 169 130 222 244 154 81 264 304 171 297 97 355 157 166 137 193 89 205 339 77 181 228 298 78 145 147 243 312 213 276 45 130 150 54 177 303 326 276 215 158 123 277 27 10 221 127 247 185 57 212 53 158 184 160 54 259 66 227 145 311 325 208 188 291 182 291 190 66 333 215 158 186 318 172 191 355 78 288 168 164 75 85 148 232 134
 216 288 74 77 198 212 277 1 161 208 159 127 26 155 33 189 180 302 281 156 266 54 79 238 109 53 95 134 316 172 344 193 67 69 68 153 311 183 140 224 181 26 142 126 207 39 183 257 222 270 151 180 239 150 121 110 96 260 292 125 206 193 98 113 102 221 143 31 308 356 263 95 335 72 348 118 143 171 335 153 329 176 66 224 250 277 84 296 112 150 220 239 128 347 219 49 82 156 191 290 132 158 315 240 224 70 243 190 199 311 192 171 169 125 63 260 301 192 109 281 327 69 53 115 82 185 123 275 276 216 97 276 120 96 269 160 64 42 208 282 203 134 129 272 35 233 168 266 228 103 134 60 78 233 217 187 208 295 283 254 223 82 318 320 105 260 381 238 342 301 47 269 104 287 73 180 70 344 217 104 73 330 338 233 237 189 101 133 389 371 195 220 116 112 186 325 294 248 168 309
 136 177 113 96 315 180 253 161 1 311 64 203 146 89 184 277 126 342 373 311 302 211 83 238 55 158 254 151 291 35 362 167 215 201 100 39 224 43 79 261 306 159 36 75 256 143 291 207 356 254 115 27 368 296 274 137 152 321 371 127 122 40 154 50 113 144 143 131 220 232 192 69 392 156 224 222 270 77 342 19 381 314 213 376 110 221 89 376 257 115 205 324 76 221 157 208 115 36 114 188 278 144 212 370 182 187 236 342 45 194 327 146 323 200 164 141 204 300 240 338 328 215 136 182 101 167 138 162 158 277 108 201 67 255 289 250 182 140 223 334 112 261 80 132 129 213 217 325 228 168 285 160 90 331 111 130 337 258 254 350 138 80 379 269 74 210 401 111 235 299 192 209 226 180 125 330 136 224 350 181 104 206 316 376 94 263 113 288 413 415 350 176 266 133 264 323 312 310 285 348
 261 331 204 269 31 208 216 208 311 1 342 109 232 242 178 40 230 145 75 153 131 213 255 173 279 169 177 341 239 338 199 200 234 139 225 326 315 306 241 117 52 231 277 239 99 190 27 241 84 203 351 316 79 112 139 176 160 91 93 330 263 324 305 280 304 260 349 223 314 395 270 252 148 278 391 95 74 265 208 315 149 84 236 155 344 258 274 95 120 351 187 46 319 392 244 194 285 326 252 321 114 192 338 85 221 267 182 139 329 353 77 201 144 112 267 325 322 19 104 108 210 147 259 130 279 192 329 325 332 80 204 279 245 203 154 62 148 248 149 115 268 82 321 359 234 198 111 97 171 144 131 266 266 27 288 232 64 242 225 48 269 249 130 273 238 243 226 319 361 199 163 259 104 324 277 128 181 381 77 131 270 376 248 120 339 63 199 147 227 192 157 223 128 180 58 213 169 84 45 150
 199 239 139 83 341 238 312 159 64 342 1 238 138 146 188 312 185 392 409 314 352 200 89 293 65 176 251 99 351 37 417 224 197 216 119 27 287 105 133 309 328 148 91 124 302 157 320 269 374 312 55 88 389 307 279 177 186 365 412 77 184 97 115 64 75 206 87 132 283 290 255 92 439 127 281 249 290 139 399 47 429 330 195 382 167 283 77 416 268 55 262 362 34 278 218 204 87 30 175 250 288 196 274 391 242 160 293 348 100 255 344 201 327 235 138 202 266 329 257 384 385 224 117 217 80 222 88 223 219 320 145 264 113 245 342 284 200 126 275 381 175 281 35 187 125 270 260 370 283 202 291 135 83 364 175 190 358 319 314 384 200 94 425 332 112 271 456 172 296 356 200 271 246 243 99 338 162 283 369 213 88 265 376 389 150 302 152 291 468 465 353 236 274 174 302 381 366 354 310 398
 167 242 100 172 117 128 171 127 203 109 238 1 147 136 107 76 131 176 172 169 140 157 153 126 174 77 150 252 206 231 218 113 178 74 122 220 241 199 134 99 114 152 169 131 81 97 91 171 166 161 254 208 173 134 135 68 53 136 176 237 165 217 220 175 210 168 257 132 239 310 192 147 211 196 305 36 87 159 212 208 205 134 179 211 241 191 175 180 107 253 120 125 217 305 155 138 191 220 153 236 120 93 257 177 143 196 133 181 221 265 141 105 172 4 188 229 241 99 76 157 205 95 171 22 183 104 238 234 239 91 97 203 137 171 146 48 66 162 94 157 169 83 220 259 143 134 45 142 118 37 137 186 167 129 188 135 145 194 178 148 175 145 195 223 131 174 255 219 283 182 96 188 58 237 186 167 78 297 159 27 174 288 225 194 235 67 91 150 263 246 196 142 121 72 66 205 170 124 90 183
 217 286 77 56 222 220 288 26 146 232 138 147 1 153 57 211 183 322 305 177 285 66 64 252 92 71 114 110 328 153 361 201 71 94 64 134 314 173 137 241 206 15 132 123 226 52 207 264 246 282 127 168 264 174 144 120 109 281 315 100 206 181 75 97 77 223 119 23 310 352 267 85 356 50 345 141 167 167 351 137 350 200 69 246 242 284 63 319 136 126 231 262 106 343 223 67 58 137 191 290 156 166 315 265 231 58 255 212 187 308 216 178 191 144 43 256 302 216 133 302 342 93 29 132 59 194 99 272 272 237 100 279 115 111 286 183 86 17 223 302 202 158 106 264 18 244 186 287 241 120 157 40 59 257 214 190 233 305 293 278 223 70 339 328 100 267 399 232 341 315 72 275 128 286 48 203 81 341 242 123 51 326 351 257 228 210 106 155 407 392 217 227 140 121 208 340 311 269 193 328
 66 135 82 129 252 93 167 155 89 242 146 136 153 1 163 205 40 255 296 280 215 207 103 150 97 123 235 210 206 123 274 79 220 163 91 121 163 67 18 175 248 167 56 33 173 121 226 127 300 167 187 81 308 254 241 72 94 238 291 187 53 87 198 94 164 72 207 132 159 202 120 80 307 187 195 164 217 24 255 102 295 263 219 335 109 143 125 296 218 186 118 247 143 194 78 197 155 119 39 137 237 58 162 312 98 209 148 302 90 157 273 58 288 134 188 108 150 234 193 254 241 183 159 117 140 79 195 121 123 195 61 131 44 244 201 181 142 157 136 249 49 210 147 128 137 125 138 242 140 107 249 184 120 258 64 46 279 176 170 275 71 92 295 191 56 129 313 89 189 211 165 133 175 134 160 289 96 190 293 120 137 177 232 326 100 187 60 257 325 328 314 91 230 67 189 236 224 227 225 261
 221 295 83 106 167 208 267 33 184 178 188 107 57 163 1 162 183 280 252 129 246 53 104 226 134 44 74 165 305 198 324 189 73 40 86 181 313 201 150 204 150 55 161 138 187 44 153 253 190 259 183 201 207 120 93 107 87 235 264 157 212 214 128 138 134 225 175 58 309 364 263 116 309 101 357 91 111 182 318 178 305 144 74 195 265 274 113 267 81 182 211 212 159 356 220 37 114 183 197 295 101 155 319 208 220 92 231 161 219 319 160 169 141 105 90 270 305 161 77 257 310 37 85 98 113 180 155 283 285 193 103 276 135 82 251 134 41 73 195 258 211 102 159 287 65 225 150 242 216 90 104 89 107 204 227 190 177 287 273 225 228 105 292 313 121 256 360 250 346 286 16 267 75 293 104 151 70 352 186 87 104 339 326 202 253 164 106 106 367 347 168 217 86 110 161 309 276 223 137 287
 222 292 174 243 62 169 182 189 277 40 312 76 211 205 162 1 191 131 98 167 107 204 227 137 248 144 177 320 207 305 182 160 225 123 195 294 277 270 205 84 74 213 242 204 64 166 38 203 118 169 326 280 117 125 145 141 128 79 105 306 224 288 285 249 280 221 327 200 276 356 231 221 150 259 352 72 77 227 186 282 147 106 227 183 305 220 247 108 120 325 149 52 290 353 204 183 261 294 214 282 121 153 299 122 182 253 145 162 292 314 104 162 162 79 250 285 283 41 96 100 185 136 238 97 254 152 307 286 293 50 171 241 211 202 126 30 126 227 111 104 229 81 293 320 211 160 72 86 134 111 140 248 239 55 249 193 97 207 190 74 230 219 132 238 205 205 213 281 322 171 147 221 89 285 255 149 151 342 111 100 245 337 219 153 301 25 165 156 218 190 180 184 132 145 19 187 145 68 55 137
 39 115 108 166 244 55 128 180 126 230 185 131 183 40 183 191 1 224 277 290 184 231 140 115 136 141 252 248 167 160 239 44 246 175 122 160 132 97 56 148 244 196 95 70 150 144 218 88 296 129 226 114 301 260 252 80 103 212 268 226 35 116 234 132 202 43 246 161 128 184 85 117 278 221 178 164 217 51 218 140 266 264 246 339 115 105 162 273 227 226 82 228 182 178 41 219 192 157 24 113 244 40 137 306 58 240 112 308 118 139 272 31 295 129 221 98 123 225 198 227 203 197 193 116 177 47 233 105 109 173 85 97 81 265 168 171 155 189 106 221 39 211 186 130 168 88 121 216 105 110 258 217 157 243 59 8 275 136 131 258 47 128 267 153 91 91 277 90 164 174 182 95 180 112 195 295 115 172 289 123 173 161 193 325 112 171 80 268 290 296 321 52 239 76 174 198 189 203 220 229
 237 282 264 340 175 175 131 302 342 145 392 176 322 255 280 131 224 1 117 295 41 327 318 113 331 252 306 424 129 375 56 181 349 244 287 369 243 319 264 84 195 327 307 270 97 271 162 179 223 119 419 335 210 253 274 219 218 55 88 406 246 338 394 330 380 232 428 306 244 330 214 304 59 371 330 192 206 272 70 353 45 228 350 298 327 187 341 92 250 418 146 102 378 332 212 307 362 368 243 266 250 199 273 216 181 371 118 283 341 298 221 198 287 179 363 292 260 159 224 40 79 260 345 191 352 178 410 283 292 89 251 218 280 331 59 151 241 336 120 31 255 210 382 335 316 146 138 49 121 205 269 361 333 129 271 222 206 151 137 123 242 308 56 175 281 180 84 301 289 85 268 194 214 273 359 272 247 318 216 200 344 320 126 258 329 119 243 285 89 75 301 187 261 221 124 84 48 64 181 7
 302 364 271 340 95 243 228 281 373 75 409 172 305 296 252 98 277 117 1 216 125 287 324 192 346 240 249 414 238 402 168 239 308 213 293 391 337 362 299 137 117 305 338 299 129 261 101 265 123 214 422 374 104 178 209 237 225 78 32 402 307 381 378 346 376 300 421 295 337 422 298 319 92 351 420 166 147 318 186 379 100 145 310 198 390 278 344 30 192 421 217 50 387 422 281 268 357 391 299 351 183 241 364 110 254 341 200 193 385 384 133 247 204 176 341 365 349 92 178 80 194 221 332 193 350 233 402 361 369 105 267 305 306 275 153 127 220 321 179 90 314 155 390 403 306 223 159 79 194 208 199 340 336 49 333 277 112 252 236 28 309 316 77 280 302 266 184 365 384 194 237 283 178 356 349 185 248 409 118 197 341 407 240 154 388 110 261 215 181 137 210 258 199 241 109 199 157 81 118 119
 328 404 205 231 125 296 334 156 311 153 314 169 177 280 129 167 290 295 216 1 273 121 232 289 262 159 66 269 366 326 348 280 134 118 213 308 409 326 270 245 102 168 287 260 223 170 134 339 104 323 299 328 127 43 39 212 189 241 241 268 322 340 230 266 250 330 282 185 406 473 359 244 299 204 467 134 93 301 352 306 301 71 137 71 386 359 238 241 64 298 288 198 282 467 320 112 232 310 308 400 51 254 422 124 310 178 296 40 346 428 84 267 18 170 191 385 407 137 95 259 351 99 201 178 235 270 263 394 397 215 221 371 258 83 290 156 138 190 257 265 323 92 282 407 190 301 206 247 282 181 33 192 233 175 341 295 106 359 343 192 335 233 282 389 245 342 376 368 449 334 121 356 113 400 220 38 186 460 105 169 227 449 381 95 375 186 221 24 379 344 41 309 51 216 180 352 310 232 114 300
 200 250 225 301 161 138 104 266 302 131 352 140 285 215 246 107 184 41 125 273 1 294 278 77 291 215 278 385 114 335 80 142 316 210 248 329 216 280 224 45 178 291 267 230 60 234 142 148 213 91 379 295 204 231 249 179 179 49 103 367 208 299 356 290 340 195 389 268 216 302 182 264 95 333 301 160 182 233 80 312 82 210 317 285 290 158 302 108 223 379 108 94 338 303 175 275 324 328 205 235 226 159 244 210 145 335 84 267 301 268 206 159 268 143 327 257 231 142 195 51 80 229 308 153 313 139 371 250 258 59 211 187 240 302 29 122 205 298 80 42 217 185 342 299 278 110 100 47 83 167 245 324 294 122 234 183 194 128 112 123 205 268 86 156 241 148 116 264 263 71 234 164 183 241 320 254 209 289 206 163 305 290 120 249 292 90 203 261 124 115 284 150 236 181 96 83 39 50 160 47
 268 341 126 120 196 259 319 54 211 213 200 157 66 207 53 204 231 327 287 121 294 1 128 278 157 95 56 149 357 218 373 240 23 85 121 199 362 235 193 254 176 53 194 179 236 89 188 304 206 311 179 232 226 129 95 157 139 280 303 149 258 245 110 162 132 273 162 82 358 409 313 147 352 84 401 136 141 224 368 201 349 161 24 191 303 325 127 306 99 178 263 251 167 400 270 21 115 202 243 342 114 206 367 226 272 60 283 159 251 364 177 220 137 155 71 314 353 196 111 301 361 69 84 150 121 232 143 328 329 240 148 326 173 46 301 178 93 75 246 304 256 133 167 326 82 277 200 287 268 142 108 72 124 239 270 238 197 339 325 260 275 133 335 365 159 307 409 291 394 337 62 318 116 339 103 152 118 397 204 139 114 383 378 210 290 210 153 101 415 392 160 268 96 160 206 360 326 269 170 334
 168 231 55 27 253 186 259 79 83 255 89 153 64 103 104 227 140 318 324 232 278 128 1 230 31 88 173 113 299 95 349 168 134 128 32 78 265 110 86 234 240 78 70 72 224 69 232 226 286 255 103 105 301 221 196 100 103 285 328 92 155 118 95 35 66 175 113 49 261 295 222 25 360 86 287 161 202 112 335 76 352 242 132 298 181 244 25 332 182 102 203 277 65 285 179 126 53 80 141 237 202 134 262 303 194 111 231 264 124 252 257 143 245 150 89 199 250 241 169 305 323 138 59 133 39 163 97 217 215 239 69 234 61 172 273 198 112 60 206 303 149 193 67 203 47 214 182 291 219 118 207 85 18 278 159 146 270 272 263 298 173 13 345 291 49 228 388 173 288 295 115 234 158 232 57 253 76 285 281 128 35 269 323 303 166 219 77 209 398 391 271 189 189 99 218 320 298 273 222 324
 125 175 181 255 198 63 47 238 238 173 293 126 252 150 226 137 115 113 192 289 77 278 230 1 237 187 275 341 81 272 126 72 297 198 203 269 146 211 162 58 209 261 204 171 75 201 174 74 254 36 328 227 251 249 257 134 144 117 175 321 134 230 318 234 294 120 342 232 146 231 107 212 170 298 229 158 198 164 107 251 157 238 298 317 215 88 254 180 229 327 34 151 285 230 100 260 280 267 133 160 239 99 172 257 69 307 9 292 232 193 239 93 288 127 294 181 158 177 198 126 94 220 270 129 267 72 326 174 182 95 162 114 182 296 55 135 186 263 33 118 143 197 288 223 241 34 84 118 12 137 257 291 247 174 159 112 233 72 55 182 130 219 162 103 187 75 164 189 193 66 217 91 182 166 279 279 172 217 247 140 261 216 101 289 217 113 154 272 177 183 309 75 243 134 119 91 76 112 186 118
 159 215 76 43 278 187 261 109 55 279 65 174 92 97 134 248 136 331 346 262 291 157 31 237 1 115 203 115 301 66 359 170 161 157 56 49 255 87 81 248 267 106 51 68 239 97 257 223 314 259 92 78 328 250 226 114 122 302 348 91 145 92 108 6 69 166 111 79 250 276 215 28 377 105 268 186 229 99 343 46 367 271 159 328 158 239 36 352 211 92 207 298 49 266 174 156 65 51 133 223 232 139 248 330 193 134 237 294 97 235 285 146 274 171 111 181 237 266 197 322 330 167 82 153 50 167 99 200 198 257 82 226 57 202 283 220 139 86 216 319 138 220 53 180 76 217 198 308 226 138 237 107 36 301 144 142 297 271 264 321 163 32 362 288 51 226 398 153 273 301 144 229 185 217 74 283 99 267 309 149 52 250 326 332 142 239 89 239 409 405 301 187 218 112 238 326 307 291 248 337
 179 254 48 101 165 165 226 53 158 169 176 77 71 123 44 144 141 252 240 159 215 95 88 187 115 1 113 177 265 179 292 146 113 44 60 163 270 168 112 172 153 77 130 101 156 22 146 210 200 219 183 171 214 140 121 64 45 211 248 163 170 183 145 118 137 182 183 57 266 322 220 92 287 120 316 75 115 144 283 157 280 157 113 220 228 231 106 252 101 182 170 195 151 315 177 80 118 165 155 253 121 112 277 216 178 123 191 186 188 277 171 126 169 74 113 230 262 155 83 232 274 61 96 62 111 137 164 242 244 166 63 233 100 125 217 115 25 86 156 232 169 106 153 249 68 183 116 217 176 51 130 110 98 193 186 147 183 245 232 214 186 84 270 271 88 213 329 211 304 249 43 224 71 251 112 174 28 310 195 53 102 298 287 219 217 141 65 136 337 321 196 174 111 67 139 273 242 199 135 258
 290 365 155 169 155 269 320 95 254 177 251 150 114 235 74 177 252 306 249 66 278 56 173 275 203 113 1 204 355 266 356 251 70 81 158 247 379 274 223 242 133 104 233 211 221 117 153 314 156 310 234 273 177 79 44 174 151 255 269 203 282 286 165 207 186 293 217 125 376 434 329 188 323 139 428 120 105 255 355 247 322 113 73 136 338 335 176 271 59 233 267 220 219 427 287 48 168 250 267 364 68 220 388 176 283 113 282 104 291 389 129 234 82 149 126 342 373 160 83 276 351 58 137 151 172 242 198 354 356 220 175 341 207 27 289 157 98 127 243 280 281 98 219 359 128 281 193 262 267 149 56 127 171 203 298 258 150 342 327 223 297 175 305 370 193 317 389 322 415 330 71 330 96 363 156 98 140 422 154 140 164 410 374 156 326 189 177 47 394 365 105 281 51 177 184 351 312 244 133 312
 273 325 162 87 331 297 370 134 151 341 99 252 110 210 165 320 248 424 414 269 385 149 113 341 115 177 204 1 410 133 459 279 137 203 140 117 368 192 194 341 314 112 163 180 328 156 316 335 351 367 48 177 370 276 242 209 207 387 423 25 259 189 40 119 48 280 16 121 363 383 328 133 462 67 374 249 275 212 445 133 455 305 134 339 260 352 88 427 241 48 315 371 76 371 287 162 63 121 246 335 259 245 359 370 304 93 343 308 194 344 321 255 285 249 80 290 350 325 241 408 434 200 83 235 75 274 16 310 307 341 180 339 168 189 382 291 195 94 316 407 251 266 72 281 110 326 287 393 330 220 256 80 95 366 256 255 339 382 374 387 276 124 446 400 159 338 497 261 384 406 180 342 238 328 66 300 178 374 347 227 82 356 435 357 243 317 188 250 507 496 308 299 242 208 315 431 407 375 301 430
 159 175 254 325 267 115 41 316 291 239 351 206 328 206 305 207 167 129 238 366 114 357 299 81 301 265 355 410 1 324 104 132 376 278 275 326 124 256 221 124 280 337 261 233 145 278 244 86 322 47 392 275 315 326 336 209 221 162 213 389 172 273 390 298 363 152 409 307 126 210 113 278 184 373 211 237 275 214 76 306 169 311 377 390 238 80 323 218 308 391 98 207 348 214 135 339 350 323 178 156 317 166 156 321 110 384 75 367 274 185 310 157 364 207 369 196 146 246 277 160 59 300 344 208 337 137 395 181 190 160 233 111 245 376 87 211 266 338 113 150 182 275 352 239 316 86 164 160 90 216 335 366 316 233 192 162 301 36 38 236 160 287 184 49 253 84 134 214 167 45 297 91 261 165 351 354 248 198 314 220 331 204 26 357 246 185 226 350 149 177 384 116 322 208 191 52 83 162 259 130
 169 204 136 99 340 214 287 172 35 338 37 231 153 123 198 305 160 375 402 326 335 218 95 272 66 179 266 133 324 1 396 201 219 221 119 21 254 72 112 293 330 166 69 106 288 162 317 241 378 288 91 54 391 315 290 166 179 352 402 111 155 62 145 62 103 176 123 143 249 254 224 88 424 153 245 247 292 111 376 24 414 335 216 392 131 254 92 406 276 91 239 353 61 242 190 219 111 17 148 216 296 177 239 394 216 186 270 358 65 219 348 179 339 228 162 167 232 326 261 371 362 232 137 210 100 200 122 189 184 308 136 233 97 263 322 278 203 144 256 367 145 284 65 151 138 247 248 357 261 195 301 159 96 359 142 164 360 292 288 378 170 96 411 302 101 243 435 138 261 333 209 242 248 208 123 347 160 247 372 208 106 229 350 396 114 293 142 303 447 448 365 210 283 163 294 357 345 341 310 381
 243 275 297 373 229 186 123 344 362 199 417 218 361 274 324 182 239 56 168 348 80 373 349 126 359 292 356 459 104 396 1 196 394 289 320 393 227 335 286 121 249 368 329 294 138 310 215 176 278 116 449 352 264 306 326 251 254 109 138 440 255 353 432 357 413 237 461 343 229 313 209 333 91 410 315 239 258 288 29 375 77 282 396 352 330 177 373 142 301 449 158 156 407 317 218 353 397 391 255 257 302 222 259 270 188 413 127 337 355 287 276 218 341 221 403 291 248 213 273 94 46 307 383 230 385 197 444 279 288 137 281 210 305 380 78 200 284 374 145 86 265 262 411 335 354 153 177 103 136 243 321 401 366 184 278 235 260 135 127 177 247 338 97 152 309 175 40 305 270 70 312 187 262 265 395 326 283 302 271 240 378 307 92 312 336 168 273 338 52 74 355 194 313 252 173 53 53 117 234 51
 64 133 126 194 218 20 92 193 167 200 224 113 201 79 189 160 44 181 239 280 142 240 168 72 170 146 251 279 132 201 196 1 257 171 145 199 130 140 92 107 221 212 134 103 112 155 191 65 272 90 261 157 274 246 244 84 102 172 229 258 69 159 260 167 232 62 278 180 127 199 80 147 235 244 195 148 199 94 177 181 223 244 257 323 152 86 192 234 217 261 39 192 218 195 45 224 220 197 64 125 231 37 145 279 33 258 70 293 161 156 250 26 283 112 242 127 129 197 186 186 162 194 215 103 206 10 264 127 133 136 104 92 115 267 125 145 154 210 64 179 77 194 222 165 188 48 90 175 62 103 248 238 185 210 95 42 250 105 96 223 71 156 225 128 122 68 235 127 171 133 184 80 168 127 221 279 124 186 264 113 200 179 157 303 152 138 97 260 247 253 308 31 230 82 142 158 146 163 197 186
 282 353 139 121 217 276 338 67 215 234 197 178 71 220 73 225 246 349 308 134 316 23 134 297 161 113 70 137 376 219 394 257 1 107 131 199 377 243 205 275 196 57 202 190 257 104 209 321 224 330 171 237 245 147 112 174 157 302 325 140 271 251 99 166 126 287 151 90 373 420 329 154 374 75 413 158 162 235 389 204 371 179 4 203 312 342 128 327 119 170 282 273 165 411 285 43 112 202 256 356 133 223 381 244 289 45 302 173 256 376 196 236 151 176 62 325 367 217 132 323 382 91 82 170 120 249 133 340 340 261 162 341 184 53 322 200 113 76 266 325 268 154 163 334 88 296 221 308 288 162 125 65 126 261 282 253 216 358 344 281 289 140 356 383 169 324 430 301 407 358 83 334 137 352 99 167 134 409 222 159 114 395 398 225 298 232 167 116 437 414 172 285 115 176 228 381 347 290 191 355
 213 289 91 137 130 189 241 69 201 139 216 74 94 163 40 123 175 244 213 118 210 85 128 198 157 44 81 203 278 221 289 171 107 1 103 205 299 211 153 171 115 93 173 144 152 60 114 234 159 232 217 214 174 96 80 96 73 197 225 193 207 226 166 159 168 216 211 88 296 358 249 134 271 139 352 53 76 185 285 199 267 115 108 177 269 255 142 228 58 216 188 172 188 351 208 65 149 206 192 287 78 141 310 176 203 131 204 143 232 313 129 155 126 73 129 268 295 123 42 219 278 24 121 72 145 162 192 278 281 156 105 262 143 99 218 96 22 110 166 220 207 67 190 290 98 202 118 204 189 69 88 128 135 165 225 181 143 263 249 186 221 126 253 291 131 237 324 251 337 255 26 250 36 286 140 131 70 345 154 61 136 334 298 176 259 127 104 95 331 309 153 201 68 100 123 278 242 185 100 250
 155 224 24 54 224 163 234 68 100 225 119 122 64 91 86 195 122 287 293 213 248 121 32 203 56 60 158 140 275 119 320 145 131 103 1 104 252 117 75 204 212 77 76 60 193 44 202 205 260 230 134 116 273 198 175 71 71 254 297 121 143 129 117 58 94 161 142 42 248 290 206 33 329 101 283 131 174 105 307 97 321 216 130 277 183 224 55 301 158 133 178 246 96 281 162 114 78 105 128 227 179 110 252 276 173 119 205 243 135 246 230 120 224 119 100 195 239 211 143 274 296 116 72 102 66 139 125 210 210 208 42 218 53 162 244 167 85 68 177 272 139 166 99 205 47 190 151 260 192 87 186 96 47 247 152 129 242 249 239 267 161 25 314 270 39 208 359 171 279 268 93 215 130 223 78 231 45 279 254 97 59 264 299 278 170 188 50 189 369 360 251 168 167 70 187 293 269 242 193 294
 173 214 123 80 326 213 287 153 39 326 27 220 134 121 181 294 160 369 391 308 329 199 78 269 49 163 247 117 326 21 393 199 199 205 104 1 262 80 108 287 315 146 66 100 280 145 304 243 362 287 77 64 376 298 272 157 168 344 392 93 159 74 126 47 84 181 107 124 257 268 229 74 417 133 259 233 277 113 375 21 408 319 197 375 145 257 72 397 259 77 238 343 43 256 193 200 91 5 150 226 279 172 250 379 217 166 268 341 78 231 333 176 321 217 142 178 241 313 245 363 361 215 118 199 80 198 104 199 195 299 125 238 90 244 318 266 188 125 251 360 150 269 46 166 120 246 240 349 259 184 284 139 77 347 149 165 345 294 289 367 175 80 403 306 91 246 432 149 272 331 191 246 233 218 103 330 146 260 357 196 86 242 351 380 128 283 132 285 444 443 347 210 266 154 283 356 342 333 296 375
 98 60 239 290 338 114 113 311 224 315 287 241 314 163 313 277 132 243 337 409 216 362 265 146 255 270 379 368 124 254 227 130 377 299 252 262 1 183 180 203 344 326 206 195 218 274 311 75 393 126 337 201 393 374 373 207 228 261 317 344 111 194 359 250 323 92 362 292 5 88 51 241 301 349 89 276 326 156 199 242 286 370 376 449 137 60 286 322 346 337 129 296 295 91 93 348 316 258 125 42 360 159 33 398 100 370 138 421 192 64 374 145 412 240 350 93 27 316 315 266 182 322 321 232 301 139 353 72 80 240 216 39 205 393 189 268 281 319 167 257 118 322 299 130 298 118 212 261 146 231 376 346 281 319 114 125 372 94 107 327 93 254 297 78 218 73 257 120 48 162 310 57 297 52 321 407 245 76 386 242 298 81 143 426 150 253 211 388 272 299 436 100 359 204 259 175 196 257 321 245
 99 135 122 129 314 150 220 183 43 306 105 199 173 67 201 270 97 319 362 326 280 235 110 211 87 168 274 192 256 72 335 140 243 211 117 80 183 1 66 241 308 187 42 70 240 158 289 172 359 223 156 20 369 306 288 132 151 304 357 168 85 20 192 82 152 107 184 155 179 192 153 89 372 191 183 223 274 48 313 61 361 320 241 387 72 184 122 362 268 156 178 313 117 181 122 230 151 77 81 147 288 124 170 372 150 220 208 353 24 153 331 122 336 196 197 99 162 297 247 320 298 228 167 178 136 142 178 120 116 262 109 162 69 278 264 245 191 170 201 315 75 266 121 94 155 183 204 308 201 166 298 193 121 323 71 100 339 223 221 341 99 103 360 232 82 174 373 70 193 269 207 172 231 139 160 341 143 183 352 180 137 166 282 382 56 253 112 303 386 392 363 143 278 127 255 293 285 294 286 325
 83 150 69 112 249 107 182 140 79 241 133 134 137 18 150 205 56 264 299 270 224 193 86 162 81 112 223 194 221 112 286 92 205 153 75 108 180 66 1 183 244 151 44 16 179 108 224 143 295 181 171 76 305 247 232 67 88 244 295 171 70 84 181 78 147 89 191 116 176 217 137 63 314 170 210 159 211 33 267 90 304 257 203 327 117 160 108 300 209 171 130 250 128 208 95 183 138 107 56 154 229 66 179 308 113 192 161 294 88 172 268 69 279 131 172 122 166 232 186 261 253 172 142 114 123 90 178 136 137 200 50 148 26 231 212 180 133 140 145 257 65 204 132 138 121 139 141 248 151 102 240 168 103 259 78 62 275 191 185 277 88 75 301 208 39 146 325 101 205 224 153 149 169 149 143 281 85 205 289 116 120 191 247 320 107 189 50 247 337 337 305 107 220 63 191 249 235 233 222 270
 169 228 181 257 144 108 100 224 261 117 309 99 241 175 204 84 148 84 137 245 45 254 234 58 248 172 242 341 124 293 121 107 275 171 204 287 203 241 183 1 157 248 225 188 22 190 121 130 200 87 336 256 195 204 217 135 136 66 123 323 175 261 313 247 297 165 345 224 202 286 162 221 133 290 284 123 153 195 115 271 122 188 276 266 258 144 258 128 190 335 80 94 295 286 146 235 280 286 169 215 196 119 228 201 118 293 66 244 263 248 187 120 242 101 284 230 213 123 160 80 110 190 264 110 269 102 327 225 233 38 167 170 198 265 49 89 164 255 44 75 183 154 298 270 235 87 57 69 58 123 215 281 250 117 201 147 179 126 109 126 175 224 120 156 198 131 158 232 250 90 193 148 146 220 277 231 165 273 192 120 261 271 138 235 258 61 160 231 167 158 261 122 203 137 67 110 72 58 136 91
 279 353 195 250 24 233 254 181 306 52 328 114 206 248 150 74 244 195 117 102 178 176 240 209 267 153 133 314 280 330 249 221 196 115 212 315 344 308 244 157 1 203 274 239 137 172 37 271 53 241 330 315 62 62 92 178 158 141 140 305 278 325 276 269 281 279 323 202 343 419 297 242 198 248 415 86 40 272 256 307 200 34 198 110 354 289 256 141 78 329 217 97 302 415 265 157 262 316 266 345 67 205 364 65 247 232 217 90 330 376 32 217 94 116 237 341 348 37 74 159 257 115 233 132 259 212 303 345 351 122 201 307 242 159 199 77 129 222 181 165 282 49 303 372 211 229 134 147 204 143 83 236 248 74 301 248 32 280 262 92 287 236 180 310 233 273 276 332 389 244 135 289 83 347 253 78 171 406 46 129 250 399 292 83 347 97 197 99 278 242 108 248 84 183 91 259 216 133 25 200
 230 300 89 67 220 231 298 26 159 231 148 152 15 167 55 213 196 327 305 168 291 53 78 261 106 77 104 112 337 166 368 212 57 93 77 146 326 187 151 248 203 1 146 136 232 60 206 275 241 291 133 181 259 167 136 130 118 285 317 105 219 195 74 111 84 236 122 36 323 366 280 98 360 47 358 142 165 181 359 150 354 195 55 237 256 295 75 320 131 132 241 264 116 357 235 57 66 149 204 303 150 177 328 260 242 48 265 204 200 322 211 189 183 149 38 270 315 215 131 306 350 89 34 139 69 205 102 286 286 241 112 292 129 98 293 185 89 24 231 307 215 156 116 278 32 254 192 291 250 127 149 36 72 257 228 203 229 315 303 278 236 84 343 339 114 278 405 246 355 324 69 287 128 299 54 195 90 355 237 129 62 340 360 250 242 214 118 146 413 396 208 238 133 131 211 348 318 273 191 333
 112 165 83 91 282 148 222 142 36 277 91 169 132 56 161 242 95 307 338 287 267 194 70 204 51 130 233 163 261 69 329 134 202 173 76 66 206 42 44 225 274 146 1 40 221 118 258 180 325 222 134 42 336 269 249 102 119 285 336 139 97 54 158 46 119 119 158 113 201 227 168 48 357 153 219 190 239 51 310 47 346 284 200 349 111 195 85 341 230 134 173 289 91 216 130 189 115 64 87 173 250 109 198 339 152 181 203 315 60 185 296 112 297 166 158 131 188 267 210 303 296 189 128 148 100 133 148 150 148 241 75 178 33 237 255 216 153 130 188 299 89 231 96 134 114 181 182 290 194 134 259 154 83 296 94 100 306 230 224 315 115 63 344 243 43 182 367 104 223 267 167 183 195 167 123 303 106 217 318 148 100 200 286 346 97 228 79 263 380 380 324 146 239 98 229 291 278 274 253 313
 98 165 56 98 245 119 193 126 75 239 124 131 123 33 138 204 70 270 299 260 230 179 72 171 68 101 211 180 233 106 294 103 190 144 60 100 195 70 16 188 239 136 40 1 183 95 221 156 290 192 159 78 300 238 221 64 82 247 297 157 85 87 166 65 133 104 178 101 191 231 152 48 319 155 224 154 205 46 277 84 309 250 189 319 128 174 94 302 200 159 141 250 116 222 109 170 123 99 71 169 220 73 194 303 126 177 171 285 92 187 262 79 269 128 157 136 181 229 178 265 263 162 127 110 109 100 165 151 151 203 40 163 13 218 219 178 123 125 152 261 80 197 120 150 106 150 143 252 160 97 230 153 88 258 93 76 270 204 197 277 103 60 306 222 24 159 333 113 220 234 142 164 161 164 128 273 75 220 283 111 105 205 258 313 117 190 43 237 345 344 296 120 211 60 191 259 243 236 217 276
 175 238 169 245 125 116 119 207 256 99 302 81 226 173 187 64 150 97 129 223 60 236 224 75 239 156 221 328 145 288 138 112 257 152 193 280 218 240 179 22 137 232 221 183 1 176 101 143 181 106 325 253 177 182 196 126 123 66 119 311 179 259 299 239 285 172 333 210 217 299 174 212 138 275 296 103 132 194 135 265 129 167 258 246 263 160 247 124 169 325 91 82 286 298 153 216 267 280 172 226 175 117 242 183 128 276 83 223 263 259 167 121 221 84 268 237 226 104 140 84 130 171 250 95 257 106 314 234 242 25 158 183 192 245 69 68 146 240 53 81 187 133 289 276 220 101 43 70 73 109 194 265 239 103 206 150 159 145 127 114 182 214 124 175 191 145 175 237 264 112 175 162 126 231 263 210 152 286 173 104 249 282 159 215 261 40 151 209 182 168 240 131 182 129 47 131 92 55 115 103
 181 254 40 80 186 174 239 39 143 190 157 97 52 121 44 166 144 271 261 170 234 89 69 201 97 22 117 156 278 162 310 155 104 60 44 145 274 158 108 190 172 60 118 95 176 1 167 219 218 232 162 159 233 154 132 72 59 232 269 142 171 172 124 100 115 185 162 36 271 322 226 76 307 101 315 97 134 139 300 140 301 174 103 233 222 239 85 273 115 161 182 217 130 314 182 77 96 147 156 255 136 120 279 235 186 107 205 199 177 277 189 133 181 94 95 228 265 176 101 253 291 72 75 81 90 147 143 241 243 187 61 238 92 124 234 137 44 66 172 253 169 125 132 244 46 195 135 238 191 68 142 92 77 215 184 151 202 257 245 235 187 67 291 282 78 222 348 207 306 265 50 232 91 252 90 188 32 310 213 72 81 297 301 235 210 162 65 146 356 342 208 182 123 74 160 289 260 220 155 278
 251 323 183 246 28 201 218 183 291 27 320 91 207 226 153 38 218 162 101 134 142 188 232 174 257 146 153 316 244 317 215 191 209 114 202 304 311 289 224 121 37 206 258 221 101 167 1 237 83 206 327 297 85 92 116 158 140 108 117 305 251 307 279 258 280 251 324 199 310 388 264 231 171 252 384 72 50 249 221 294 171 69 211 146 330 255 250 120 95 326 183 68 295 385 235 168 260 305 240 314 91 179 332 90 215 241 182 125 311 345 67 189 127 94 242 314 317 10 78 127 221 121 234 111 255 182 304 316 322 86 184 275 226 179 163 47 124 223 147 133 256 56 297 347 209 195 102 114 170 124 109 241 242 53 275 221 61 244 227 74 259 226 153 275 218 239 244 307 356 208 138 256 79 317 252 113 159 375 75 111 246 368 256 116 324 62 180 126 247 214 143 217 105 162 55 223 180 99 21 167
 74 104 188 252 263 47 54 257 207 241 269 171 264 127 253 203 88 179 265 339 148 304 226 74 223 210 314 335 86 241 176 65 321 234 205 243 75 172 143 130 271 275 180 156 143 219 237 1 319 62 312 191 318 303 304 148 167 190 247 313 88 189 319 219 289 67 333 242 74 158 35 203 238 305 156 206 254 131 151 224 223 297 321 377 156 22 249 252 277 312 55 222 269 158 52 289 278 241 95 88 290 100 100 324 34 321 66 349 189 121 301 87 341 171 304 116 85 242 246 197 134 257 276 165 263 74 320 105 114 166 165 41 168 331 122 194 218 272 92 189 98 251 273 160 250 44 138 191 72 167 307 300 243 245 107 82 297 52 52 254 76 214 232 66 178 4 211 131 121 107 248 19 228 95 281 335 188 145 311 175 259 144 111 352 162 179 159 320 226 243 365 38 290 146 184 128 135 185 247 183
 331 404 244 294 57 283 299 222 356 84 374 166 246 300 190 118 296 223 123 104 213 206 286 254 314 200 156 351 322 378 278 272 224 159 260 362 393 359 295 200 53 241 325 290 181 218 83 319 1 286 372 365 24 78 113 230 209 171 152 345 330 376 312 317 322 331 362 245 392 470 346 291 213 285 466 137 87 323 289 356 218 47 227 77 406 337 300 151 111 371 265 123 346 466 316 190 303 364 318 395 93 257 414 21 297 264 263 73 381 426 31 268 89 168 272 393 398 78 118 184 292 154 273 184 302 263 342 397 402 163 251 357 293 179 237 128 176 262 228 193 334 95 347 424 254 277 184 176 251 195 100 272 293 95 353 300 23 324 307 104 339 283 196 355 283 321 300 384 438 282 176 338 131 398 293 69 220 456 9 181 293 450 331 36 399 142 248 112 299 258 89 298 111 234 137 295 251 165 77 227
 129 164 209 281 230 75 14 270 254 203 312 161 282 167 259 169 129 119 214 323 91 311 255 36 259 219 310 367 47 288 116 90 330 232 230 287 126 223 181 87 241 291 222 192 106 232 206 62 286 1 350 241 281 283 292 163 175 138 193 346 141 241 346 256 320 123 367 261 126 213 96 236 178 327 212 193 232 178 92 268 163 271 331 350 216 68 280 198 264 350 53 177 307 214 104 293 306 285 143 148 273 122 155 287 74 338 29 326 242 180 272 114 322 161 324 177 142 209 233 141 76 254 299 162 293 94 352 166 175 124 189 100 204 330 64 169 220 292 67 132 151 232 311 221 271 43 119 137 44 169 292 320 273 202 164 125 264 40 23 208 132 244 173 70 210 62 152 190 172 48 251 76 216 155 307 313 202 200 278 173 287 201 70 320 221 145 181 306 166 182 343 81 278 163 151 71 74 135 219 123
 245 291 157 83 345 278 352 151 115 351 55 254 127 187 183 326 226 419 422 299 379 179 103 328 92 183 234 48 392 91 449 261 171 217 134 77 337 156 171 336 330 133 134 159 325 162 327 312 372 350 1 140 389 299 268 201 204 387 429 33 231 150 76 95 50 252 35 130 332 344 301 117 462 97 335 258 291 184 434 97 454 326 168 368 221 328 80 433 262 2 299 377 45 332 263 188 70 81 220 302 282 230 326 390 283 129 328 336 154 308 342 237 314 251 110 254 317 337 257 407 421 219 100 235 73 258 43 276 271 341 170 312 148 222 373 297 205 111 306 405 222 282 41 241 120 309 283 393 317 219 281 108 88 376 224 232 358 361 355 396 248 113 447 377 142 315 488 225 349 392 196 317 250 294 80 327 177 336 367 228 82 318 417 382 204 320 177 278 499 492 338 277 265 200 319 417 398 375 315 425
