NAME : domp220p73v3
COMMENT : (Deleplanque et al.) 
TYPE : DOMP
DIMENSION : 220
DISPLAY_DATA_TYPE: NO_DISPLAY
OPEN_FACILITIES : 73
COST_SECTION
 1 214 151 309 261 143 84 201 285 87 325 291 114 267 252 428 48 146 149 270 278 223 240 105 162 335 211 123 349 181 157 210 273 37 124 335 112 195 70 72 79 130 278 81 333 225 235 235 183 250 279 194 270 294 174 346 248 354 315 85 337 249 204 284 255 217 239 161 33 143 251 120 74 242 255 274 54 179 294 164 357 269 68 193 240 77 228 368 77 274 396 350 335 361 178 233 334 88 176 261 136 156 290 314 97 239 106 190 72 160 264 80 189 20 156 368 54 292 71 77 191 253 286 239 290 313 345 168 87 167 178 215 308 148 287 204 367 314 189 267 375 196 131 225 239 339 294 130 315 254 144 157 115 287 254 60 257 266 82 254 100 235 128 173 239 164 322 168 188 193 43 332 295 178 137 167 202 249 68 355 272 280 187 102 338 296 158 144 72 153 218 242 142 121 106 131 355 115 164 274 173 23 142 95 107 300 212 205 292 270 175 238 193 88 250 142 163 71 260 56
 214 1 133 108 425 229 260 206 264 265 188 82 127 99 308 388 236 133 144 213 175 372 30 111 226 182 217 92 364 325 283 370 199 228 320 130 227 364 190 207 183 307 383 286 318 287 319 107 260 44 173 45 410 140 267 282 111 368 334 132 203 37 169 201 316 102 244 209 216 321 182 188 264 42 50 344 256 274 117 344 264 74 191 288 163 287 183 285 139 84 362 283 346 288 140 394 200 145 304 94 126 73 384 187 137 85 277 55 229 100 131 171 57 200 59 343 197 215 265 174 121 413 111 69 355 264 277 312 294 179 118 223 135 228 371 133 363 123 63 128 310 65 239 15 308 312 305 322 183 206 310 182 125 217 386 183 309 380 293 43 252 109 229 67 348 214 224 61 234 266 254 140 175 339 136 77 113 245 224 270 220 175 52 272 339 136 68 71 225 94 111 353 201 129 151 325 284 221 158 229 346 215 95 149 112 358 333 44 137 346 216 190 205 220 368 73 196 144 338 226
 151 133 1 188 300 100 156 82 160 160 175 181 149 132 179 302 194 6 12 128 127 245 161 105 94 187 95 93 250 199 156 246 127 144 218 216 229 243 176 104 81 195 251 196 215 157 187 92 129 146 128 90 280 150 136 207 105 254 217 87 186 154 61 136 187 75 126 77 173 207 103 207 166 136 149 214 205 143 158 229 210 150 93 156 90 204 85 223 113 150 271 209 232 219 28 269 184 142 176 128 168 134 253 163 59 105 167 81 205 34 117 75 79 148 103 247 171 146 170 166 42 287 151 114 226 177 204 187 206 49 30 101 169 98 240 54 257 183 74 122 236 77 246 147 177 215 189 216 165 113 192 50 147 142 256 95 181 248 210 155 138 91 239 67 216 82 173 135 103 134 192 200 144 217 178 150 55 131 200 209 132 130 82 162 229 153 70 101 121 41 72 221 71 158 47 221 213 226 29 136 227 139 48 58 117 231 202 97 148 216 84 95 79 210 237 93 65 107 208 193
 309 108 188 1 485 284 339 232 259 344 126 32 233 63 331 351 337 191 198 201 147 429 97 211 273 107 240 191 359 385 341 432 181 317 402 28 334 430 295 286 261 382 419 373 304 317 353 107 304 65 144 116 460 84 315 247 98 362 335 225 139 75 191 176 340 119 258 255 317 394 176 295 347 70 59 369 356 322 50 417 214 41 271 332 160 378 191 237 239 40 331 245 341 246 178 455 136 249 360 66 233 180 414 133 220 85 353 121 333 161 104 251 122 298 161 320 300 189 350 279 154 471 51 76 376 242 240 373 383 221 161 245 60 281 399 156 348 29 123 97 269 118 346 104 338 293 307 401 128 203 379 229 231 195 434 267 330 420 384 67 324 109 336 139 390 259 180 167 271 306 351 38 132 404 243 183 140 254 329 224 208 144 124 347 329 76 152 172 304 163 126 395 255 236 225 405 244 328 203 219 415 306 172 228 215 375 381 105 81 373 256 193 235 326 411 172 241 242 367 329
 261 425 300 485 1 202 181 262 294 177 430 480 368 425 196 385 289 298 289 329 375 58 455 341 214 452 259 348 273 102 145 56 347 227 147 512 362 67 330 225 247 132 120 190 304 191 159 381 186 445 378 387 54 428 172 366 392 276 255 309 433 452 300 359 189 367 259 231 288 119 335 380 188 434 448 175 272 166 448 99 404 448 242 159 341 204 310 399 319 447 358 371 272 384 307 32 433 343 126 421 391 394 141 414 292 401 159 378 319 331 395 259 376 280 377 332 313 356 191 337 331 15 441 412 185 335 370 114 190 265 325 257 453 205 155 331 306 475 372 402 382 375 378 439 179 320 259 137 419 316 121 257 367 347 72 254 202 105 202 453 178 379 378 362 118 227 390 402 221 188 252 490 398 88 394 409 346 270 317 394 325 378 378 164 287 434 358 369 209 334 361 114 231 375 276 138 378 368 283 317 89 244 331 279 349 197 111 395 428 167 233 314 257 340 100 362 245 310 163 304
 143 229 100 284 202 1 92 79 153 95 243 279 205 225 112 292 190 98 89 157 188 146 258 166 24 262 84 165 208 101 58 148 169 114 145 311 250 149 200 72 75 112 161 141 195 85 103 181 43 245 191 188 182 232 41 222 193 212 174 135 250 253 107 181 116 167 105 36 174 121 150 245 109 234 247 138 189 48 249 141 245 247 80 63 150 156 124 250 156 246 259 227 193 239 107 171 249 187 77 221 229 212 166 229 107 200 91 179 213 132 199 84 177 152 189 231 187 184 115 197 131 189 242 211 153 188 223 90 151 67 124 86 256 7 158 133 227 275 173 205 248 175 269 243 101 203 153 139 232 141 102 57 204 176 158 94 116 154 161 253 65 180 264 164 123 34 218 218 49 53 169 291 210 122 236 229 145 117 208 239 156 191 180 88 198 238 163 182 75 136 161 127 30 214 86 144 233 251 83 153 135 121 136 95 177 162 105 195 232 137 45 131 71 227 141 175 48 146 127 197
 84 260 156 339 181 92 1 168 244 6 323 327 188 287 188 381 122 152 148 246 270 140 289 164 115 339 175 175 289 98 81 128 255 48 64 367 193 115 153 55 80 51 198 50 284 162 164 247 122 288 272 229 187 303 108 314 260 293 257 134 332 291 188 267 188 229 196 124 114 65 235 203 19 278 292 202 113 111 313 88 334 299 71 123 231 65 209 341 141 301 348 318 277 330 175 152 330 163 96 281 211 218 212 309 124 259 23 221 150 179 270 91 220 101 206 320 137 272 25 158 196 172 305 265 219 279 315 86 60 146 185 177 323 99 211 204 312 337 218 276 340 223 211 273 171 293 240 63 312 230 62 134 187 265 171 79 194 185 69 294 29 246 209 203 160 124 305 227 140 132 91 354 291 96 214 232 210 208 147 329 246 273 220 19 284 308 195 196 37 177 226 163 108 195 116 67 324 197 154 244 93 65 170 113 171 230 132 238 302 198 136 217 160 169 169 191 132 131 187 134
 201 206 82 232 262 79 168 1 86 172 170 235 227 170 104 230 248 85 74 79 114 206 232 183 57 191 14 173 169 168 127 213 91 180 223 258 296 218 243 134 123 190 188 217 138 86 122 127 77 208 117 161 231 167 92 148 136 173 136 160 175 220 42 104 112 117 45 46 229 198 75 281 184 197 209 141 252 97 190 216 167 201 133 105 80 230 49 173 185 196 198 152 152 164 67 234 174 217 140 167 248 215 184 154 128 151 169 151 265 111 135 125 150 204 184 172 234 106 190 236 87 248 185 166 151 114 148 159 227 38 88 20 193 73 170 79 178 218 143 142 176 143 315 219 107 141 108 217 159 63 178 46 226 98 205 143 104 189 235 218 142 124 308 142 159 46 140 216 42 76 235 232 137 192 257 232 98 52 260 162 79 118 155 165 149 174 150 182 144 121 109 164 63 236 107 222 158 295 54 77 208 182 129 121 195 154 154 164 168 144 35 54 9 275 181 174 39 178 137 251
 285 264 160 259 294 153 244 86 1 246 157 271 308 199 100 145 332 164 154 58 114 241 287 264 130 182 75 252 102 215 184 255 79 262 291 280 381 266 328 216 207 255 191 293 56 105 136 165 129 254 117 222 251 178 146 75 168 106 78 243 155 269 102 86 108 164 49 125 314 260 86 364 261 245 253 131 336 147 211 273 111 237 217 146 105 307 83 107 269 229 113 80 84 93 137 270 156 300 189 199 327 289 179 142 212 191 240 212 350 183 157 210 212 289 256 88 319 76 267 320 148 280 208 209 131 42 79 211 302 122 155 71 206 146 161 133 100 237 204 164 98 201 399 277 116 56 51 283 148 60 238 131 306 68 226 228 95 199 312 265 216 162 393 209 178 124 104 287 104 121 317 245 133 242 337 305 153 37 345 101 51 117 217 237 75 187 220 257 224 194 155 182 145 317 192 289 87 380 134 41 262 265 204 205 276 126 187 221 180 137 112 76 93 360 198 249 123 262 137 336
 87 265 160 344 177 95 6 172 246 1 328 332 192 291 189 383 123 156 153 250 274 137 294 169 118 343 178 179 290 96 81 125 259 51 59 372 195 111 156 60 85 46 197 48 286 163 164 251 124 293 276 233 184 308 110 317 264 294 258 139 336 296 192 271 189 234 199 127 117 60 239 206 18 283 297 202 114 112 317 83 338 304 76 123 235 63 213 344 145 306 350 321 278 334 180 148 335 167 95 286 215 222 211 314 129 264 20 226 152 184 275 96 225 105 211 322 140 276 24 162 201 168 310 270 219 282 318 84 57 150 189 180 328 102 210 208 313 342 223 280 343 228 213 278 172 296 242 58 316 233 58 138 192 268 168 84 195 183 67 299 32 251 211 208 159 127 309 232 143 134 92 359 295 93 218 237 214 211 149 333 249 277 225 17 285 312 200 201 41 182 231 161 112 200 121 62 327 199 158 247 89 68 175 118 175 230 131 243 307 198 139 221 164 172 167 196 136 136 187 136
 325 188 175 126 430 243 323 170 157 328 1 150 290 91 248 226 365 181 180 105 57 373 196 253 224 27 171 233 249 336 295 382 85 318 384 139 386 387 338 276 255 354 341 368 191 243 279 96 246 156 54 164 394 50 261 125 86 251 231 250 16 172 138 74 257 113 175 209 344 364 96 355 336 151 152 283 378 266 82 383 89 126 267 272 94 377 122 112 273 115 209 123 233 122 151 402 12 295 309 95 300 247 331 17 229 107 330 160 371 169 66 249 160 320 217 200 336 81 341 324 135 415 85 121 286 129 118 328 378 180 148 173 68 238 314 123 232 99 155 65 145 148 402 194 260 177 207 380 12 115 345 191 288 90 368 270 245 346 383 165 301 95 393 170 320 211 59 238 211 243 366 100 34 361 310 257 124 166 366 99 111 53 165 325 218 56 188 224 292 178 110 325 219 296 222 384 120 382 171 121 376 313 191 232 262 282 320 155 53 289 203 117 176 371 342 219 197 271 286 362
 291 82 181 32 480 279 327 235 271 332 150 1 208 72 336 372 316 183 192 214 162 425 68 190 270 133 244 170 372 379 336 426 195 301 389 49 308 423 271 274 248 371 421 358 319 320 355 110 303 42 159 100 458 104 313 267 104 375 346 207 164 47 194 191 345 119 264 252 296 384 186 268 333 50 37 374 335 320 69 407 236 36 258 331 169 361 198 259 218 42 350 265 354 267 176 450 160 226 355 72 206 154 418 155 205 85 342 107 310 151 116 237 108 278 139 337 278 205 336 255 152 467 68 70 382 258 260 367 367 219 157 249 84 277 403 157 364 57 111 109 290 107 319 76 341 309 318 390 150 213 371 225 206 210 433 253 336 421 368 40 314 113 309 125 390 257 201 141 271 306 332 69 151 397 215 155 139 262 305 245 221 160 108 337 343 97 135 150 292 151 127 395 250 210 213 393 264 301 199 232 406 289 158 215 193 382 380 90 101 377 255 201 237 301 411 151 238 222 371 306
 114 127 149 233 368 205 188 227 308 192 290 208 1 211 311 449 118 145 155 273 257 323 146 45 215 291 240 60 394 277 243 314 268 143 236 256 102 302 67 148 133 237 362 194 363 285 307 195 247 169 257 130 368 247 245 351 205 399 361 72 304 162 209 274 317 180 271 205 103 251 245 66 183 165 175 342 141 252 234 273 347 197 132 267 228 189 232 364 51 205 419 353 377 362 174 338 301 27 264 205 25 55 370 283 103 186 209 132 105 133 225 122 131 96 76 395 78 287 182 51 172 358 226 178 356 324 348 263 200 191 160 246 251 208 362 188 404 246 136 226 381 143 115 134 304 363 334 242 282 260 247 185 3 285 348 119 315 353 195 169 193 197 105 121 323 209 308 69 235 255 145 264 266 281 32 60 176 277 101 349 278 258 126 204 376 246 104 67 161 121 185 327 188 10 125 243 357 96 176 283 280 126 109 113 33 363 300 140 244 340 217 241 222 94 339 72 198 61 331 105
 267 99 132 63 425 225 287 170 199 291 91 72 211 1 269 304 301 136 142 143 91 368 107 179 212 84 178 158 300 325 281 372 123 269 349 89 311 372 266 234 210 326 357 324 248 255 291 45 242 67 88 82 398 42 254 198 35 304 275 185 105 83 129 120 278 60 196 194 280 338 115 275 296 62 63 307 317 261 27 360 171 40 221 271 98 330 129 193 204 31 281 197 283 200 119 395 102 221 299 7 217 163 352 91 173 29 298 82 302 110 44 201 83 258 135 266 267 134 299 250 95 411 20 34 314 187 191 314 334 160 104 182 42 221 336 94 292 52 80 38 223 73 325 105 275 238 247 348 87 142 322 169 208 139 372 219 268 358 337 77 269 47 315 97 328 198 133 153 209 244 309 69 83 345 227 171 81 192 297 179 150 89 87 293 272 38 114 145 252 115 65 333 196 216 173 352 196 305 143 160 357 260 127 179 186 313 320 72 38 310 194 131 173 299 349 142 180 204 305 295
 252 308 179 331 196 112 188 104 100 189 248 336 311 269 1 204 298 181 169 144 197 145 335 270 98 273 94 264 103 129 111 162 164 221 220 356 361 176 311 182 185 181 94 234 112 28 39 227 71 310 201 264 152 259 81 171 235 107 72 241 249 323 144 175 10 219 76 108 284 182 160 355 206 300 311 39 296 77 286 191 210 302 191 67 173 250 141 204 264 297 173 176 92 188 169 174 249 295 107 267 334 310 85 232 210 252 176 253 323 211 230 193 252 263 281 145 298 169 212 308 190 182 282 268 48 140 175 129 242 131 191 88 287 108 68 182 128 314 246 238 187 245 380 322 20 127 65 210 238 136 162 132 310 160 127 205 7 100 254 321 161 225 375 243 80 103 201 312 78 60 275 326 220 156 342 326 201 83 318 199 139 201 257 175 103 266 248 277 182 219 211 84 125 321 188 215 183 362 152 129 177 230 225 199 281 53 93 267 260 43 97 141 104 337 99 269 117 255 39 307
 428 388 302 351 385 292 381 230 145 383 226 372 449 304 204 1 476 306 297 179 215 342 405 405 270 249 219 391 113 331 311 361 190 403 421 364 525 377 472 359 351 382 267 429 97 224 240 283 260 367 218 350 334 269 276 107 280 111 134 386 215 384 242 189 208 288 190 268 458 385 210 507 398 360 365 212 478 275 304 393 139 343 361 268 229 445 219 116 412 332 33 108 115 106 277 369 218 443 309 306 467 425 247 218 355 306 373 341 494 320 263 354 341 433 392 62 464 174 405 464 282 373 305 324 201 127 113 331 438 266 292 214 292 286 231 266 80 324 334 267 82 329 543 398 223 90 143 411 224 191 364 275 447 172 314 372 197 281 449 378 353 280 537 342 274 266 172 421 244 251 459 325 222 358 477 440 283 180 489 128 174 217 347 371 102 276 356 394 365 331 280 276 288 458 336 416 109 524 277 167 379 408 343 349 417 189 294 346 272 220 254 210 237 504 288 386 267 405 227 480
 48 236 194 337 289 190 122 248 332 123 365 316 118 301 298 476 1 189 193 316 320 257 259 127 209 373 258 147 396 218 199 241 318 79 144 362 75 224 55 119 126 161 318 100 381 271 280 273 229 275 321 224 304 331 219 392 285 401 363 117 377 271 249 328 301 255 286 209 22 172 295 98 107 268 281 319 24 224 327 190 402 298 116 238 283 87 273 413 100 304 443 396 382 407 221 263 375 95 216 295 135 169 332 354 137 273 142 221 31 198 302 125 220 47 178 416 42 337 102 70 232 282 319 271 335 360 391 206 101 214 218 262 342 195 330 246 415 345 222 305 421 229 91 245 284 386 341 153 355 300 178 203 120 332 290 106 304 306 91 277 143 273 91 205 280 211 366 183 235 240 38 363 336 211 132 177 242 296 30 400 318 322 217 139 386 332 189 167 117 190 256 283 189 122 149 152 401 80 209 320 202 70 177 137 124 345 252 235 329 315 223 283 240 53 290 166 210 98 304 18
 146 133 6 191 298 98 152 85 164 156 181 183 145 136 181 306 189 1 13 133 132 243 162 100 94 192 98 89 253 197 154 244 132 139 214 219 223 241 171 100 77 192 252 191 219 158 188 96 129 147 134 91 280 154 135 212 109 258 220 82 192 155 66 141 188 79 129 78 168 204 109 202 162 137 151 216 199 142 162 226 215 152 88 156 96 199 90 229 108 153 276 214 236 224 34 267 189 138 174 131 164 131 253 169 53 109 163 81 200 35 122 70 80 143 101 251 165 151 165 161 47 285 155 117 228 182 209 185 201 51 35 104 173 97 241 59 261 187 75 126 241 78 241 147 178 219 193 213 170 118 189 51 143 147 255 90 183 248 205 156 134 96 234 67 216 83 178 132 105 134 187 204 150 215 174 148 60 134 194 215 137 135 83 158 233 158 69 98 117 40 77 221 70 153 42 217 218 221 33 141 224 133 45 53 112 233 201 98 153 217 86 100 82 204 236 90 66 102 209 188
 149 144 12 198 289 89 148 74 154 153 180 192 155 142 169 297 193 13 1 126 130 234 173 111 83 193 87 100 242 188 145 235 126 139 210 226 231 233 178 98 76 186 240 190 209 146 176 100 117 157 131 102 269 157 124 204 113 246 209 90 190 166 58 136 176 83 118 66 172 198 103 211 159 147 160 204 203 132 167 220 210 160 88 145 92 198 83 222 116 160 266 207 225 217 30 259 188 147 165 137 175 143 242 167 60 115 158 92 205 45 124 71 90 147 113 241 172 145 163 169 49 276 160 124 216 174 202 176 199 39 39 93 177 87 230 58 250 192 85 129 234 88 249 158 167 209 181 208 169 111 182 39 153 141 244 92 171 237 204 166 129 99 242 78 205 71 174 144 93 123 189 209 148 207 184 160 63 124 200 209 129 133 94 153 222 161 81 110 114 52 80 210 60 164 45 212 211 229 22 133 217 135 57 57 123 221 191 108 156 205 74 93 70 211 226 102 54 110 197 193
 270 213 128 201 329 157 246 79 58 250 105 214 273 143 144 179 316 133 126 1 57 273 234 230 135 130 76 214 159 240 202 284 22 253 301 223 356 291 303 208 193 267 237 294 107 140 175 110 149 199 60 173 291 121 165 80 112 163 135 214 106 215 69 32 153 113 71 123 296 275 32 333 261 191 198 179 323 169 153 292 90 181 204 172 52 306 44 99 240 173 151 82 141 93 101 302 106 269 213 143 290 247 227 89 185 136 247 164 330 142 100 192 163 271 213 131 297 29 267 293 104 315 151 154 183 53 77 233 304 105 114 76 150 151 210 88 152 180 156 106 109 152 373 225 156 100 108 295 95 17 255 116 271 20 265 212 141 242 312 210 220 107 366 163 217 124 64 243 116 144 307 189 78 266 300 261 105 62 325 86 8 60 169 243 130 130 177 216 220 154 104 222 139 281 168 300 86 353 108 19 283 253 166 181 241 180 219 170 123 185 113 34 87 336 238 208 115 234 182 317
 278 175 127 147 375 188 270 114 114 274 57 162 257 91 197 215 320 132 130 57 1 318 191 216 169 78 116 198 213 281 240 327 36 267 329 167 348 331 298 224 204 299 290 315 158 190 226 70 190 153 5 140 340 66 205 109 66 216 190 208 64 169 83 30 206 80 123 153 299 308 40 321 283 146 151 233 331 210 99 328 92 130 216 217 40 325 66 111 233 121 191 109 196 114 101 346 62 258 253 93 270 221 281 42 184 92 275 133 329 128 49 200 133 274 188 176 294 44 288 285 90 360 97 109 238 97 104 272 325 125 103 119 94 183 264 75 203 124 126 54 136 120 365 184 208 148 163 325 45 63 289 137 255 49 314 220 195 293 331 164 246 67 357 138 266 156 52 215 155 188 318 133 24 305 281 234 83 115 324 96 64 5 139 271 183 74 155 194 239 138 73 271 164 264 173 329 110 345 118 74 321 264 152 184 227 235 265 134 68 239 147 62 121 331 288 187 141 229 235 318
 223 372 245 429 58 146 140 206 241 137 373 425 323 368 145 342 257 243 234 273 318 1 402 293 157 395 203 299 232 48 91 23 291 187 125 456 330 44 292 177 197 97 87 162 256 137 107 325 129 390 321 333 48 371 116 314 336 235 210 261 377 398 244 303 139 311 204 175 252 87 279 342 151 380 393 131 243 110 391 76 350 392 194 103 284 178 254 347 274 391 313 319 228 332 251 30 377 299 70 365 347 345 108 358 241 345 118 324 286 277 338 210 322 240 327 287 276 301 155 297 275 44 385 356 143 282 318 62 165 209 269 201 396 149 118 275 264 418 318 345 332 321 347 386 127 271 209 113 362 260 80 201 323 292 40 207 151 70 178 399 131 323 346 308 69 171 335 353 164 131 222 433 341 47 351 361 290 215 284 341 270 322 325 122 242 377 305 318 163 280 305 67 175 331 223 116 326 335 227 262 60 204 279 228 302 156 55 340 371 123 176 258 200 307 58 311 189 264 117 271
 240 30 161 97 455 258 289 232 287 294 196 68 146 107 335 405 259 162 173 234 191 402 1 136 254 186 243 119 387 355 312 399 218 256 349 115 244 394 211 237 212 336 412 313 339 314 347 125 289 42 189 72 440 147 296 299 126 391 358 159 211 26 194 218 343 123 269 238 240 350 203 203 292 47 46 371 280 303 119 373 276 73 219 316 183 314 206 298 165 84 380 299 369 303 166 424 207 166 333 103 141 92 412 197 167 100 307 83 250 128 144 200 84 225 86 363 219 232 293 195 147 442 114 82 382 283 293 342 322 207 145 249 137 257 399 157 385 118 90 140 326 90 254 17 335 333 329 351 193 228 339 210 144 235 415 211 335 408 320 34 281 127 244 96 377 243 237 78 262 294 279 133 187 369 150 90 137 269 245 283 240 190 80 301 361 142 98 97 254 123 132 382 230 147 180 354 299 237 186 250 375 242 124 178 136 385 362 69 144 373 244 212 232 239 397 101 225 170 366 248
 105 111 105 211 341 166 164 183 264 169 253 190 45 179 270 405 127 100 111 230 216 293 136 1 173 256 196 22 350 246 209 286 225 125 219 236 135 276 87 117 98 213 325 181 318 244 267 158 206 149 216 99 336 213 206 308 169 355 317 33 266 146 164 232 275 141 227 162 107 227 202 106 163 143 155 301 146 213 204 250 306 172 100 228 186 180 188 322 30 179 375 310 333 319 130 310 263 44 230 173 66 55 331 245 60 153 184 98 124 90 188 86 98 90 53 350 90 244 163 73 130 330 196 148 315 280 305 232 188 147 117 202 220 168 322 146 360 220 101 190 338 108 150 121 263 319 290 223 244 216 221 141 44 241 315 88 273 317 186 152 164 159 142 85 286 167 266 65 193 215 144 238 227 254 75 69 134 233 119 307 234 218 94 179 332 213 67 41 132 79 146 291 146 54 83 225 314 130 131 239 255 109 66 72 13 322 265 110 210 300 174 197 178 121 303 40 155 36 291 118
 162 226 94 273 214 24 115 57 130 118 224 270 215 212 98 270 209 94 83 135 169 157 254 173 1 244 61 170 189 115 73 162 148 134 167 299 266 165 215 91 89 133 159 164 174 72 97 168 36 237 171 183 189 216 44 199 179 194 155 144 231 247 89 160 103 154 82 19 193 142 130 258 132 227 240 129 210 51 235 160 222 237 96 63 132 178 104 227 167 235 238 204 175 216 95 184 229 198 89 208 238 216 162 209 114 189 114 173 231 127 183 96 172 169 190 209 203 162 138 211 119 200 229 201 143 165 201 105 174 53 114 63 241 17 151 119 207 262 166 190 226 168 285 240 90 181 133 161 213 119 122 46 213 154 164 109 102 155 183 247 88 166 280 159 124 15 197 220 27 43 190 277 191 138 245 233 133 94 226 216 134 172 175 110 178 222 161 185 96 133 148 129 28 224 91 166 210 267 72 131 153 140 135 103 185 150 111 189 216 128 23 110 50 243 144 177 33 158 119 215
 335 182 187 107 452 262 339 191 182 343 27 133 291 84 273 249 373 192 193 130 78 395 186 256 244 1 193 236 274 357 315 403 109 330 400 117 389 407 342 290 268 371 365 382 217 266 302 101 267 145 75 162 417 44 282 150 89 277 257 257 35 161 156 99 282 119 199 228 352 382 118 356 351 143 141 308 387 287 68 402 111 114 280 294 113 390 142 134 278 102 233 147 259 146 165 423 32 299 330 89 298 245 356 42 239 106 346 160 377 176 72 261 161 328 216 226 342 107 355 328 146 437 73 116 311 154 143 348 392 197 159 196 51 257 338 136 258 79 157 69 168 149 404 186 284 203 233 396 36 139 363 208 289 116 391 281 270 370 396 154 317 101 395 173 343 231 85 235 232 265 376 77 55 381 309 254 134 191 372 122 136 74 166 342 244 46 190 225 306 184 118 348 236 296 233 401 144 384 186 146 396 324 197 242 264 307 342 153 48 314 222 139 197 376 365 221 215 277 311 368
 211 217 95 240 259 84 175 14 75 178 171 244 240 178 94 219 258 98 87 76 116 203 243 196 61 193 1 186 156 167 128 212 90 188 227 265 308 218 255 143 133 193 180 223 126 78 114 135 75 218 120 173 226 172 91 140 144 161 123 172 176 230 51 103 102 127 32 53 240 201 77 293 191 208 219 131 262 96 197 218 162 209 143 101 84 237 53 167 198 205 187 144 139 157 79 231 175 229 139 175 260 228 176 156 140 160 174 163 276 123 141 136 162 215 197 160 246 103 197 248 98 245 192 176 140 106 141 159 233 50 100 7 199 78 160 89 165 225 155 149 167 154 326 231 98 130 96 221 160 60 180 58 238 95 200 154 94 182 242 228 148 133 320 154 153 52 138 228 41 73 244 238 140 192 270 244 108 40 271 156 74 120 166 170 137 179 162 195 152 133 118 158 71 249 119 226 150 307 67 70 209 191 141 133 208 142 150 175 173 134 40 56 19 286 175 187 49 190 129 262
 123 92 93 191 348 165 175 173 252 179 233 170 60 158 264 391 147 89 100 214 198 299 119 22 170 236 186 1 341 251 212 293 208 139 232 216 155 284 108 125 103 223 325 196 306 239 265 137 204 129 198 78 341 192 206 292 149 346 308 42 247 127 151 215 271 122 217 157 127 237 186 124 176 122 135 297 166 213 183 261 288 152 107 228 169 196 173 305 49 158 361 294 324 303 116 318 243 64 234 152 77 48 330 225 60 132 194 77 145 73 168 90 77 109 34 338 111 227 176 93 113 337 175 127 311 265 289 238 204 138 101 192 199 167 320 129 349 199 80 169 322 87 170 104 259 306 281 235 224 201 229 134 58 225 318 97 267 318 202 132 171 139 161 64 287 162 248 55 187 212 163 217 208 261 87 65 116 222 140 290 219 199 73 188 321 192 47 23 141 62 126 292 143 68 81 238 297 150 121 225 264 124 49 72 30 317 267 89 190 297 168 183 169 141 305 20 149 53 288 139
 349 364 250 359 273 208 289 169 102 290 249 372 394 300 103 113 396 253 242 159 213 232 387 350 189 274 156 341 1 226 213 252 178 319 321 379 455 269 403 278 277 282 155 335 59 128 134 266 169 355 216 321 222 277 182 133 269 5 35 325 243 370 198 184 104 265 125 194 381 282 188 444 307 346 355 102 395 179 310 288 179 338 285 169 206 352 182 163 350 330 88 137 19 146 231 258 245 382 207 301 415 382 135 235 294 292 278 311 419 277 257 283 310 358 351 68 392 172 313 398 245 261 309 310 90 121 140 228 343 205 251 150 304 202 119 232 34 336 303 264 133 300 474 377 121 75 62 310 241 161 262 210 393 165 203 298 97 169 355 366 262 263 468 305 164 190 191 382 164 159 374 343 230 252 424 399 252 121 414 166 152 215 315 277 31 285 315 350 281 287 256 166 213 403 272 315 143 455 222 141 273 327 296 285 363 77 186 321 279 110 180 176 174 432 177 342 198 342 117 403
 181 325 199 385 102 101 98 168 215 96 336 379 277 325 129 331 218 197 188 240 281 48 355 246 115 357 167 251 226 1 45 48 256 144 100 412 290 52 249 130 150 64 105 128 240 112 93 281 92 344 284 286 92 330 76 289 293 230 199 214 341 351 203 268 125 267 173 132 211 60 242 299 111 334 347 127 207 72 349 63 322 347 147 70 245 146 216 321 227 346 301 294 219 307 207 71 341 254 29 321 301 298 122 321 193 301 77 277 247 231 297 162 276 197 279 273 233 268 117 253 231 89 342 311 142 256 293 15 133 166 224 166 355 105 125 232 255 376 272 304 310 275 308 339 109 253 192 89 325 226 43 157 276 259 74 160 135 90 147 352 85 280 306 261 71 129 303 305 127 97 185 391 304 28 305 314 246 185 244 313 237 284 278 80 230 336 258 271 117 233 261 72 130 285 176 93 301 294 183 231 49 160 231 181 255 155 43 294 330 120 136 221 161 266 74 264 146 217 111 231
 157 283 156 341 145 58 81 127 184 81 295 336 243 281 111 311 199 154 145 202 240 91 312 209 73 315 128 212 213 45 1 92 217 122 111 368 268 93 223 96 112 72 123 124 216 88 84 238 56 300 243 243 130 287 39 258 249 217 182 177 301 308 161 229 111 223 139 89 189 77 201 272 98 290 303 123 192 38 305 91 287 304 111 45 203 141 175 288 193 302 279 262 202 275 164 115 300 221 23 277 267 259 134 280 153 257 66 234 227 187 254 124 233 171 239 251 208 230 104 225 188 132 299 268 139 223 260 34 132 122 181 128 312 61 132 189 238 332 228 261 281 231 287 297 94 228 169 102 284 187 55 113 242 221 107 125 118 112 144 309 58 236 284 218 84 86 265 266 87 64 171 347 263 66 272 275 202 151 223 279 200 243 235 66 211 293 216 231 87 190 217 87 87 252 135 107 269 271 139 195 82 135 189 141 218 151 58 251 287 118 94 180 120 244 97 224 103 183 108 211
 210 370 246 432 56 148 128 213 255 125 382 426 314 372 162 361 241 244 235 284 327 23 399 286 162 403 212 293 252 48 92 1 301 175 105 459 315 22 279 170 192 82 109 145 273 151 124 329 137 390 330 332 66 377 122 329 340 255 228 254 387 397 250 313 156 314 216 179 238 70 287 329 137 380 393 150 227 117 396 56 363 394 187 113 292 160 262 361 265 393 332 334 247 347 254 26 386 289 75 368 338 339 129 366 236 347 106 323 271 277 344 204 322 228 322 305 263 312 141 285 278 45 389 358 164 296 332 60 147 213 271 210 402 152 139 279 283 423 318 351 348 321 332 384 143 288 226 94 371 270 68 204 314 303 62 199 168 92 160 398 123 327 331 307 89 176 346 347 172 141 206 438 350 34 341 354 293 227 269 354 281 330 324 111 260 383 303 313 155 279 308 87 177 322 220 97 341 320 230 274 41 192 276 224 294 177 70 340 377 143 182 266 207 292 79 307 193 256 136 256
 273 199 127 181 347 169 255 91 79 259 85 195 268 123 164 190 318 132 126 22 36 291 218 225 148 109 90 208 178 256 217 301 1 259 312 202 354 307 301 214 197 280 257 302 125 159 195 94 165 182 39 160 310 101 181 86 94 182 155 212 87 198 71 13 174 99 91 134 298 288 24 329 270 174 181 200 327 185 133 306 85 162 209 189 41 314 48 98 237 153 164 87 161 96 99 320 87 265 228 124 283 237 248 69 184 119 258 152 330 136 80 195 152 273 204 146 296 20 275 290 96 332 131 137 204 66 82 248 312 111 109 91 129 163 230 80 170 159 145 87 115 140 371 210 176 116 129 307 75 31 268 123 265 19 284 215 162 262 320 193 230 91 363 154 236 136 51 233 130 161 312 168 57 281 293 251 95 82 325 84 29 39 158 254 149 109 169 207 227 147 91 241 148 275 170 312 90 351 110 39 298 258 160 182 236 201 237 157 103 205 125 39 99 335 258 201 124 233 203 318
 37 228 144 317 227 114 48 180 262 51 318 301 143 269 221 403 79 139 139 253 267 187 256 125 134 330 188 139 319 144 122 175 259 1 95 344 148 161 106 47 64 96 242 58 307 194 201 233 151 260 269 202 234 292 141 327 246 324 286 98 329 262 189 270 223 215 215 137 68 109 237 156 41 252 265 240 77 146 296 131 342 276 52 159 229 62 213 351 99 280 371 330 306 342 168 199 326 117 140 264 166 178 255 305 98 241 70 197 106 160 260 70 195 54 172 343 90 277 40 111 185 218 288 244 256 293 327 132 67 150 172 192 308 119 252 196 339 318 195 264 354 201 166 241 206 314 266 100 307 237 109 138 143 271 218 51 226 230 68 266 65 233 164 179 203 139 309 189 161 162 57 336 286 143 169 191 198 225 103 338 255 270 194 66 310 295 167 161 40 155 214 206 118 151 98 102 336 151 151 254 139 18 146 91 130 267 176 213 290 236 151 222 171 124 214 157 142 90 226 90
 124 320 218 402 147 145 64 223 291 59 384 389 236 349 220 421 144 214 210 301 329 125 349 219 167 400 227 232 321 100 111 105 312 95 1 429 217 85 189 117 142 39 202 45 326 198 188 309 164 349 332 290 170 365 147 364 322 324 291 191 392 352 247 324 218 292 245 179 145 41 293 238 58 340 354 224 126 147 375 50 389 362 132 154 290 58 267 393 193 364 389 368 311 381 237 124 390 210 115 344 258 273 220 369 185 322 55 283 173 242 332 153 282 142 265 360 172 328 57 198 258 142 368 327 240 329 366 94 44 205 247 229 386 151 224 265 347 399 280 338 388 285 232 333 201 337 279 13 372 285 60 193 236 320 162 139 226 187 56 356 84 308 233 265 170 178 362 284 190 172 107 417 351 81 259 286 272 257 172 382 300 332 282 60 320 370 256 254 99 240 289 171 166 243 178 10 375 223 215 297 65 112 232 175 224 253 142 300 364 218 189 274 215 195 171 249 190 185 209 159
 335 130 216 28 512 311 367 258 280 372 139 49 256 89 356 364 362 219 226 223 167 456 115 236 299 117 265 216 379 412 368 459 202 344 429 1 356 458 319 313 288 409 445 400 323 343 378 133 330 89 164 143 486 103 342 263 123 382 357 251 150 95 217 196 365 146 282 282 342 421 199 316 374 95 83 393 381 348 71 444 226 69 298 359 184 404 216 249 264 67 346 260 362 260 206 482 147 273 387 92 254 202 439 149 247 112 380 148 357 189 127 278 149 323 186 337 325 208 377 303 181 498 75 103 400 260 256 400 410 248 189 270 76 308 423 182 366 44 150 120 283 145 367 124 363 311 329 429 142 225 406 256 254 215 460 294 355 446 411 88 352 135 357 166 416 286 196 189 297 332 377 40 150 431 263 203 167 277 353 237 230 165 150 375 349 95 178 197 331 191 152 421 282 258 252 433 258 349 230 240 442 332 199 255 240 399 408 132 101 397 282 217 261 349 438 197 268 267 392 353
 112 227 229 334 362 250 193 296 381 195 386 308 102 311 361 525 75 223 231 356 348 330 244 135 266 389 308 155 455 290 268 315 354 148 217 356 1 298 54 180 179 234 389 173 433 333 346 291 291 270 349 229 377 346 284 434 302 459 421 143 400 262 288 362 364 275 338 263 81 246 330 44 180 266 276 384 93 289 335 264 436 298 171 304 316 160 313 451 117 306 493 437 439 447 256 337 397 92 287 304 104 155 401 378 172 285 214 230 45 222 322 173 230 99 177 467 64 373 176 64 260 356 327 278 400 403 432 278 174 260 247 313 351 255 398 276 470 347 234 323 463 241 20 233 348 436 397 227 377 341 251 251 104 369 363 158 365 377 163 269 212 292 17 218 350 266 398 168 291 302 111 365 361 285 96 155 267 347 47 437 359 350 225 211 441 345 200 167 183 211 279 353 243 99 191 226 441 10 250 363 276 134 198 177 126 410 323 240 343 381 277 323 289 25 361 170 261 122 371 60
 195 364 243 430 67 149 115 218 266 111 387 423 302 372 176 377 224 241 233 291 331 44 394 276 165 407 218 284 269 52 93 22 307 161 85 458 298 1 264 161 184 67 129 126 287 162 139 329 144 386 334 328 86 379 127 340 341 272 244 245 392 392 253 319 171 314 225 181 222 53 292 314 122 376 390 168 209 124 396 36 373 392 178 121 295 141 266 372 254 392 347 345 263 358 254 40 392 277 80 368 325 329 150 372 229 347 93 319 254 273 346 196 318 214 315 320 248 319 125 271 278 59 390 356 181 307 343 61 127 214 270 217 403 153 159 280 299 423 314 353 360 318 314 378 157 302 240 74 376 277 57 205 302 310 83 189 182 113 140 394 114 327 314 302 106 178 354 338 178 149 188 439 354 28 328 344 292 236 252 364 289 335 319 99 276 385 297 305 145 275 308 105 177 310 215 76 352 303 230 282 23 178 271 217 284 194 84 336 379 160 186 272 212 275 99 299 195 245 153 239
 70 190 176 295 330 200 153 243 328 156 338 271 67 266 311 472 55 171 178 303 298 292 211 87 215 342 255 108 403 249 223 279 301 106 189 319 54 264 1 131 127 199 345 145 380 283 298 243 241 231 298 185 339 299 235 381 254 407 369 91 351 226 235 310 314 226 285 210 45 212 278 51 143 226 237 336 77 241 291 232 384 257 120 256 264 136 260 398 66 264 440 384 387 394 203 302 348 47 243 259 81 121 356 329 119 239 175 185 40 171 273 121 184 53 135 414 17 321 140 17 209 322 283 234 351 350 379 236 148 207 196 260 307 204 351 224 418 305 187 275 411 194 73 198 299 383 345 197 328 288 213 198 69 317 322 107 315 333 140 232 167 244 66 171 306 214 346 134 240 252 87 323 311 248 78 126 216 294 35 384 306 299 180 171 389 299 153 124 137 161 229 309 191 69 137 197 388 53 197 310 242 90 148 124 81 360 279 196 296 333 224 270 236 35 318 125 208 70 323 40
 72 207 104 286 225 72 55 134 216 60 276 274 148 234 182 359 119 100 98 208 224 177 237 117 91 290 143 125 278 130 96 170 214 47 117 313 180 161 131 1 26 101 217 93 263 155 168 195 113 234 226 175 221 253 105 281 208 283 245 86 286 238 145 225 185 178 170 92 103 114 192 178 63 225 238 206 121 111 260 138 296 246 18 126 185 102 168 305 98 248 326 285 264 297 126 194 284 126 117 229 173 170 227 263 71 206 71 168 142 126 220 38 166 82 155 299 117 232 67 131 145 214 253 212 221 247 281 116 103 104 133 147 272 77 221 155 297 284 164 225 309 169 199 221 170 270 223 117 265 191 105 92 148 226 201 31 187 207 108 241 48 195 194 150 178 94 264 179 117 123 102 301 244 137 178 185 159 180 137 293 209 227 167 65 268 257 141 146 19 124 175 181 73 157 62 121 290 181 107 209 141 51 117 60 126 231 153 185 252 203 106 177 126 156 192 140 96 88 193 126
 79 183 81 261 247 75 80 123 207 85 255 248 133 210 185 351 126 77 76 193 204 197 212 98 89 268 133 103 277 150 112 192 197 64 142 288 179 184 127 26 1 125 230 116 257 158 176 172 117 209 206 150 240 230 113 268 185 282 243 66 265 213 127 208 190 154 162 85 107 139 175 171 87 200 213 212 132 120 236 162 280 221 13 135 166 124 151 290 83 223 319 272 262 283 105 216 263 113 134 204 157 149 238 242 46 182 96 142 145 101 197 14 141 83 132 292 116 216 90 123 123 235 228 187 228 235 268 136 126 90 110 138 248 79 231 133 293 259 139 202 297 144 197 196 175 262 220 142 244 177 128 79 132 210 218 22 189 222 130 216 70 171 192 125 191 89 246 157 114 127 116 277 223 160 163 165 135 172 140 278 195 207 141 90 264 233 116 123 44 99 152 195 66 142 37 146 277 179 88 196 164 61 92 35 107 236 168 159 228 210 99 161 115 156 207 116 86 73 200 130
 130 307 195 382 132 112 51 190 255 46 354 371 237 326 181 382 161 192 186 267 299 97 336 213 133 371 193 223 282 64 72 82 280 96 39 409 234 67 199 101 125 1 168 66 288 159 150 285 126 333 301 274 145 339 110 327 297 286 252 183 361 337 217 292 179 268 208 147 157 15 262 249 57 323 337 187 147 110 352 38 354 342 118 116 261 83 235 357 190 343 351 332 272 345 211 105 360 212 76 321 260 267 185 339 171 299 31 266 190 222 306 137 264 148 255 322 182 295 60 205 233 124 344 307 203 293 330 57 70 175 223 194 361 118 188 239 309 377 262 311 351 266 251 321 163 299 241 30 343 252 22 164 237 286 133 128 187 153 84 340 58 283 250 248 134 145 329 277 154 135 126 394 321 52 263 282 247 220 188 347 266 302 265 36 282 344 241 245 83 221 264 135 136 245 160 35 339 239 187 262 44 113 216 159 220 215 105 283 338 180 156 242 182 211 137 239 158 181 171 175
 278 383 251 419 120 161 198 188 191 197 341 421 362 357 94 267 318 252 240 237 290 87 412 325 159 365 180 325 155 105 123 109 257 242 202 445 389 129 345 217 230 168 1 232 190 103 67 314 124 392 293 340 68 350 120 258 323 157 140 293 342 403 229 268 85 304 168 175 310 162 252 393 213 382 394 62 309 113 376 158 300 387 231 98 263 249 231 292 312 383 241 263 155 275 248 108 342 341 103 354 386 372 22 325 267 338 179 330 347 285 320 241 329 293 348 216 330 262 219 346 271 108 371 352 68 231 264 115 237 206 269 176 377 159 37 266 188 404 323 327 270 324 407 398 83 207 148 191 331 228 147 203 361 253 51 245 98 18 251 402 179 311 405 317 40 170 294 377 152 119 287 416 312 122 392 389 284 176 343 289 232 293 333 181 171 357 319 342 209 291 296 37 185 371 246 194 271 392 227 222 142 256 294 254 335 79 67 345 351 55 169 231 186 365 32 334 188 302 56 331
 81 286 196 373 190 141 50 217 293 48 368 358 194 324 234 429 100 191 190 294 315 162 313 181 164 382 223 196 335 128 124 145 302 58 45 400 173 126 145 93 116 66 232 1 333 209 207 287 170 318 317 259 209 345 155 362 300 339 304 155 377 319 234 314 234 269 245 172 101 76 282 193 34 309 323 245 83 158 351 92 383 333 105 168 276 18 256 389 154 336 397 367 324 379 218 165 375 168 135 319 216 234 249 354 155 296 59 253 129 215 312 125 252 99 229 368 128 320 28 154 237 184 343 300 261 328 363 119 11 193 225 226 363 148 250 246 359 374 251 317 389 257 189 298 217 342 288 54 357 278 86 180 194 312 198 107 240 218 21 323 78 286 189 236 197 172 353 245 189 180 63 391 335 117 216 246 250 257 128 378 294 318 251 60 331 348 224 218 77 211 267 199 156 200 152 54 373 179 198 292 105 73 203 146 185 273 168 270 343 240 184 265 209 151 202 214 180 146 230 115
 333 318 215 304 304 195 284 138 56 286 191 319 363 248 112 97 381 219 209 107 158 256 339 318 174 217 126 306 59 240 216 273 125 307 326 323 433 287 380 263 257 288 190 333 1 130 150 217 164 305 162 276 256 221 180 76 218 61 52 296 185 321 157 129 118 218 96 173 363 291 138 418 302 297 304 130 383 179 255 301 122 286 266 174 157 348 138 108 322 278 65 81 45 91 193 284 187 354 216 248 382 344 173 178 265 242 277 267 401 238 204 261 266 339 312 37 370 116 308 373 202 290 254 260 124 64 83 238 342 175 211 121 249 189 155 188 46 280 259 211 82 255 451 330 132 18 49 317 184 113 269 183 361 110 233 277 106 202 353 316 256 214 445 263 188 170 133 342 148 155 363 287 174 267 392 360 207 87 396 109 100 161 272 275 28 230 275 312 269 249 209 192 193 371 244 322 87 432 188 91 288 313 259 258 330 114 204 275 224 138 159 130 145 411 206 304 173 315 142 386
 225 287 157 317 191 85 162 86 105 163 243 320 285 255 28 224 271 158 146 140 190 137 314 244 72 266 78 239 128 112 88 151 159 194 198 343 333 162 283 155 158 159 103 209 130 1 37 212 43 292 193 243 152 249 55 179 221 132 96 215 245 304 128 171 33 203 70 83 257 162 151 328 180 282 294 59 269 52 274 172 214 286 164 45 161 225 129 211 237 282 192 184 116 197 149 166 245 269 87 253 308 285 99 227 184 236 152 233 296 189 219 166 232 235 257 164 271 167 186 280 171 177 269 251 72 146 183 110 217 109 171 74 276 80 85 165 151 302 225 226 199 226 352 301 22 142 82 188 232 129 141 108 284 158 126 177 33 105 229 302 135 210 348 221 78 78 200 288 54 33 248 315 213 139 316 302 183 80 291 205 136 193 236 151 124 256 226 253 155 197 195 83 98 294 162 193 191 335 130 128 160 203 202 173 255 79 82 247 250 60 73 130 85 310 100 245 93 228 53 280
 235 319 187 353 159 103 164 122 136 164 279 355 307 291 39 240 280 188 176 175 226 107 347 267 97 302 114 265 134 93 84 124 195 201 188 378 346 139 298 168 176 150 67 207 150 37 1 248 62 326 229 275 117 285 64 208 257 138 107 237 280 337 163 206 33 237 105 111 268 149 187 345 181 316 328 40 274 58 310 155 246 321 180 44 197 224 165 241 258 317 210 213 127 226 182 136 280 288 74 288 330 312 67 263 208 271 149 265 306 220 255 186 264 248 286 182 284 202 187 297 205 145 305 286 56 177 212 95 214 141 203 110 312 100 56 199 163 338 258 262 225 258 365 333 21 165 103 177 268 165 129 138 306 192 91 194 45 69 227 336 139 245 361 253 43 106 235 316 86 55 253 351 249 119 337 329 217 114 302 236 170 229 268 149 139 292 256 280 164 227 230 48 123 316 186 182 221 348 162 162 141 213 231 196 278 68 55 280 286 36 104 166 119 322 64 272 123 248 26 290
