NAME : domp220p73v2
COMMENT : (Deleplanque et al.) 
TYPE : DOMP
DIMENSION : 220
DISPLAY_DATA_TYPE: NO_DISPLAY
OPEN_FACILITIES : 73
COST_SECTION
 1 299 202 249 98 213 138 8 249 279 226 229 429 228 268 305 330 319 371 165 220 98 353 48 147 224 373 341 309 332 276 360 101 355 76 122 253 264 314 379 109 98 318 361 217 199 26 244 248 261 384 372 128 244 106 191 165 354 350 212 217 267 383 380 417 275 268 149 210 221 198 156 151 327 327 314 211 75 242 135 277 325 232 364 300 162 325 288 251 176 84 475 162 123 150 154 333 435 227 288 14 237 282 86 323 267 260 140 373 245 265 400 394 242 358 325 265 387 248 216 361 245 331 286 225 214 425 257 291 170 269 132 371 183 220 153 174 114 65 314 362 144 438 342 67 276 326 358 203 209 260 342 292 127 330 388 211 304 196 279 178 285 222 396 124 165 384 46 268 85 167 389 313 206 205 426 157 290 272 265 252 334 236 323 210 449 263 380 315 262 273 108 224 245 277 322 150 229 410 179 75 152 157 236 53 366 297 248 348 343 314 261 347 291 316 83 291 248 329 351
 299 1 210 161 259 124 312 295 217 192 273 184 134 214 229 142 272 101 165 242 278 202 55 272 153 121 76 215 12 139 25 264 199 190 287 321 57 123 193 85 279 213 305 311 99 157 317 241 194 41 95 82 209 109 223 112 235 85 53 114 158 36 145 229 150 88 72 170 216 213 117 180 148 121 290 62 147 329 65 292 45 115 274 108 10 289 283 86 192 257 265 178 215 296 183 156 36 150 150 164 296 63 190 268 111 34 122 167 75 92 216 105 97 137 155 114 187 238 106 208 301 246 109 91 83 296 152 115 100 295 180 247 102 168 211 245 133 337 346 33 105 200 140 301 245 208 68 296 191 107 206 306 201 329 200 323 115 171 218 44 244 170 83 143 300 137 93 319 133 215 243 281 16 209 189 157 221 77 58 141 216 269 131 296 90 151 141 82 289 120 124 192 120 57 176 208 194 153 146 295 225 198 145 231 285 81 53 295 50 248 88 112 57 75 75 317 104 76 54 252
 202 210 1 283 241 222 127 204 49 324 66 38 303 28 340 308 132 290 192 279 69 150 250 155 136 90 275 143 221 158 189 160 141 164 141 144 202 103 119 261 113 189 133 167 118 239 204 51 50 174 302 249 78 104 99 130 274 218 244 211 54 178 218 183 262 135 233 196 292 299 108 218 138 307 135 261 64 181 150 108 168 302 69 215 217 92 131 145 54 55 234 351 256 118 214 181 235 294 63 312 209 165 324 123 298 180 102 174 268 119 330 280 290 260 181 164 312 189 108 15 166 55 174 262 136 87 273 105 272 95 76 77 310 53 19 58 178 166 211 204 213 65 325 150 137 76 271 162 20 113 60 152 338 150 134 193 210 115 11 169 290 96 184 236 122 162 299 191 277 155 48 188 218 285 22 270 257 256 155 93 322 135 251 134 153 340 280 277 125 264 109 150 230 187 312 124 62 262 254 91 168 57 164 40 156 290 244 91 249 142 278 257 265 155 178 163 274 135 206 151
 249 161 283 1 166 62 332 243 313 42 346 276 276 301 69 63 390 100 319 114 346 175 200 249 154 215 206 350 163 288 156 395 180 336 279 330 113 244 324 234 290 154 409 430 180 53 274 330 294 156 195 236 234 218 233 156 109 245 201 74 245 159 304 374 309 220 91 108 68 60 181 94 151 96 402 123 231 310 164 315 183 97 349 268 154 327 396 227 294 309 178 308 97 312 101 114 185 302 245 40 240 143 42 268 97 155 240 126 214 203 57 249 226 27 308 264 31 384 218 289 423 334 262 79 166 357 309 232 75 335 294 275 162 231 294 286 108 336 312 193 265 236 267 416 229 319 131 418 267 181 310 420 56 338 336 449 75 302 287 184 109 293 110 303 316 125 197 287 35 183 292 417 173 64 266 316 104 93 192 260 56 389 36 405 138 270 25 215 397 43 250 166 56 123 31 338 234 23 305 339 184 240 125 318 266 176 117 372 192 376 103 51 171 219 229 307 72 188 214 383
 98 259 241 166 1 148 221 91 286 190 285 256 393 267 174 227 371 251 371 69 280 93 312 121 128 226 329 363 268 332 240 394 102 367 157 210 206 267 335 343 183 57 371 407 204 123 122 290 277 229 332 340 165 241 148 171 69 331 311 152 234 234 373 399 398 265 210 90 116 128 189 84 131 255 374 257 223 170 217 211 252 254 290 347 258 234 371 277 279 236 15 435 71 202 79 105 293 407 241 205 85 204 193 157 253 233 262 97 332 236 172 363 350 166 358 318 177 407 244 253 405 293 322 220 204 281 403 257 222 243 292 190 310 203 258 209 128 206 161 283 344 177 395 389 118 307 268 401 234 198 293 391 202 216 350 433 151 319 238 253 82 303 178 382 205 128 333 142 191 87 221 421 275 114 235 406 65 228 252 275 159 374 163 373 179 403 184 337 364 189 276 95 157 203 191 346 180 150 392 251 74 185 120 279 136 312 242 310 306 375 249 191 297 276 298 175 222 232 302 383
 213 124 222 62 148 1 278 207 253 103 285 215 253 240 125 98 330 108 270 120 286 126 173 203 96 155 186 294 130 236 112 337 129 282 230 279 69 187 266 206 237 116 348 370 121 34 236 269 234 107 186 205 177 160 178 96 113 206 173 15 185 111 260 320 272 167 64 65 95 95 121 65 93 115 342 110 170 265 109 260 135 113 289 226 120 270 336 175 234 250 156 292 93 258 70 63 155 273 185 93 206 89 103 217 111 108 182 77 191 146 113 224 207 39 258 214 91 329 160 228 364 274 214 75 108 298 275 175 79 278 234 219 163 171 233 228 50 287 272 153 223 178 251 356 181 259 122 358 206 121 250 360 116 287 279 389 14 245 226 135 121 235 54 262 262 66 187 246 61 137 233 360 139 88 205 280 100 82 141 202 108 330 30 344 79 258 60 195 336 51 194 116 12 74 91 281 175 42 267 281 141 180 69 257 220 166 96 312 165 318 104 49 153 168 183 259 79 132 174 325
 138 312 127 332 221 278 1 144 163 369 112 163 422 145 372 375 225 371 318 281 102 159 360 101 184 200 384 261 324 284 289 263 153 287 65 23 286 225 241 377 42 190 199 247 215 280 125 146 174 273 406 366 107 218 101 208 279 337 355 271 171 278 343 301 386 252 312 226 314 324 197 244 188 384 215 351 175 78 248 22 275 381 116 338 318 39 215 264 177 75 209 470 268 21 237 219 342 417 182 368 151 255 371 67 377 280 223 207 379 230 365 396 402 315 307 288 356 305 223 139 251 144 297 339 231 87 397 224 347 43 201 66 406 149 140 73 229 45 110 314 336 114 440 228 109 194 363 249 140 207 179 227 384 26 255 275 270 240 117 277 295 221 260 361 18 213 405 103 338 153 80 290 324 309 143 395 266 337 265 217 353 230 307 209 234 454 337 388 202 328 232 167 288 273 362 242 119 310 379 52 158 116 210 142 88 392 333 125 358 249 361 323 368 272 296 61 348 242 321 258
 8 295 204 243 91 207 144 1 251 272 230 230 426 230 262 299 332 314 370 158 223 94 349 51 143 223 369 342 305 331 273 362 98 355 81 128 248 263 315 376 113 93 321 364 215 193 33 247 249 258 380 369 129 243 107 188 158 352 346 207 217 264 382 381 415 273 263 143 203 214 196 150 148 321 330 310 210 82 239 140 274 320 235 362 296 166 328 287 252 180 77 472 155 128 143 149 330 433 226 282 8 233 275 90 317 264 259 135 369 244 259 397 391 236 357 324 259 388 246 217 364 248 330 281 222 218 422 256 285 175 270 134 366 183 222 156 170 120 72 311 360 145 434 344 68 278 322 361 204 207 262 345 286 134 331 391 205 304 198 276 171 286 218 394 129 161 380 53 262 81 170 390 310 199 206 424 151 285 270 265 245 336 230 326 207 445 257 376 318 256 272 104 218 241 270 323 150 223 408 183 71 153 153 238 58 362 292 252 344 344 309 255 343 289 314 90 286 246 326 353
 249 217 49 313 286 253 163 251 1 354 68 38 290 22 374 331 86 306 161 321 77 195 248 203 175 103 272 99 226 133 198 112 186 126 187 183 220 96 79 253 156 233 97 123 138 273 251 28 24 186 303 239 126 110 147 158 315 205 242 240 69 188 192 140 239 132 252 235 330 335 133 257 175 324 92 273 83 225 164 147 172 320 67 197 225 125 87 139 26 89 281 337 296 158 254 219 235 276 72 339 257 183 354 169 315 191 97 214 264 127 364 270 285 289 152 146 343 145 112 35 120 32 156 282 155 99 251 103 292 125 46 122 318 88 30 102 212 205 256 203 196 111 315 107 185 32 282 116 53 135 18 110 367 188 93 147 240 82 55 173 331 67 208 212 162 197 300 237 303 201 90 140 222 322 53 247 298 273 159 80 356 88 280 93 178 331 307 274 85 289 98 194 259 206 341 80 108 293 231 119 214 103 200 23 203 294 258 83 249 94 293 281 269 151 169 206 295 145 201 103
 279 192 324 42 190 103 369 272 354 1 386 317 296 341 43 64 430 113 354 129 387 212 224 283 194 255 227 389 192 323 190 434 217 372 315 367 149 283 362 258 328 187 450 470 220 90 304 371 335 192 210 262 274 257 271 197 125 275 227 115 286 194 336 411 336 258 122 145 78 66 222 128 191 102 443 145 271 343 203 353 219 105 390 298 184 366 436 263 335 349 203 324 120 349 135 152 212 325 285 33 269 181 5 305 107 191 279 164 236 241 32 271 245 67 343 299 15 421 257 329 463 375 297 103 205 397 336 271 96 375 334 314 173 272 335 325 148 371 343 224 296 276 283 456 265 359 150 458 308 221 351 460 15 374 374 488 115 340 327 219 120 332 149 333 353 165 213 319 61 219 332 456 202 77 307 342 126 118 228 299 41 429 75 445 178 285 53 236 437 74 289 203 96 160 17 377 274 63 333 379 218 280 165 359 300 192 143 413 216 416 121 83 192 254 263 341 93 226 245 422
 226 273 66 346 285 285 112 230 68 386 1 91 356 61 400 373 114 354 227 331 11 199 309 180 195 153 334 158 283 200 252 154 190 190 154 133 266 158 143 317 121 238 92 138 183 300 221 43 88 238 363 304 123 165 138 194 326 271 303 274 116 241 259 197 306 193 298 253 350 357 172 275 197 372 105 325 128 184 214 101 229 367 6 264 280 74 105 202 91 52 276 403 310 114 270 240 295 343 124 376 237 229 387 142 363 244 158 231 326 182 391 334 348 323 219 212 374 200 168 66 141 39 222 327 201 33 318 163 336 70 113 98 373 117 63 77 239 156 217 264 263 115 380 119 171 96 335 139 84 178 85 119 400 136 155 166 273 149 60 230 343 134 248 279 116 223 360 203 341 201 64 180 280 343 86 314 311 321 217 144 382 120 314 100 218 395 343 336 92 328 162 202 293 252 375 141 115 324 299 61 212 109 224 47 175 352 309 28 309 140 343 321 327 213 233 166 339 198 264 149
 229 184 38 276 256 215 163 230 38 317 91 1 268 31 337 294 119 270 156 287 97 165 219 184 140 67 244 113 194 122 164 138 156 130 174 181 184 69 87 228 147 202 134 158 101 236 234 59 22 151 273 215 102 76 124 121 281 183 213 203 32 154 181 152 225 103 216 200 294 299 96 222 140 289 128 239 46 216 129 145 140 284 92 179 192 129 123 112 24 92 252 317 261 154 219 183 205 258 36 302 235 146 317 155 279 157 68 179 236 93 327 246 259 251 145 128 306 159 79 28 154 64 138 245 118 118 236 73 255 131 42 111 285 55 30 94 175 202 244 174 177 86 291 142 163 52 248 149 27 98 38 146 330 187 102 181 202 80 48 141 297 61 171 199 158 161 270 222 266 172 85 166 191 286 25 234 264 237 127 56 319 121 242 130 141 307 269 246 122 252 74 163 222 170 304 94 81 256 218 127 186 78 165 48 187 263 223 112 220 119 258 244 238 123 144 197 258 110 174 128
 429 134 303 276 393 253 422 426 290 296 356 268 1 296 338 235 311 185 156 372 363 333 82 398 283 224 71 238 126 163 155 285 329 200 408 435 189 201 231 51 394 346 355 342 216 285 446 316 268 169 92 58 326 204 343 239 365 86 83 245 253 163 116 229 76 171 193 303 339 334 236 313 279 199 334 154 248 452 188 401 154 195 356 95 136 392 326 159 265 356 398 50 345 408 316 290 100 38 242 265 427 194 294 388 192 163 202 300 64 194 326 31 53 256 156 146 296 236 200 295 330 321 135 198 205 385 66 200 203 396 245 358 133 275 297 350 266 453 472 116 95 314 34 340 371 268 147 325 286 225 274 346 301 442 229 344 246 215 313 152 372 226 216 97 412 270 88 445 243 345 345 290 119 332 283 75 352 184 161 213 329 306 253 342 220 49 253 62 338 234 196 323 247 191 281 243 308 275 80 393 357 309 278 310 410 107 162 372 89 276 177 228 106 150 127 437 206 186 103 276
 228 214 28 301 267 240 145 230 22 341 61 31 296 1 360 322 106 299 175 303 68 176 249 182 158 96 274 119 224 144 194 133 166 143 166 164 212 98 97 257 136 214 111 142 129 259 230 31 31 181 303 244 105 106 126 145 297 211 243 227 59 183 204 159 250 133 244 218 314 320 121 241 159 317 110 268 73 205 158 128 170 313 62 205 222 108 105 142 34 71 261 344 279 139 237 203 235 285 65 328 236 175 342 148 308 187 98 197 266 123 350 275 288 277 165 154 330 165 109 15 140 35 164 273 146 90 261 103 283 109 58 101 315 72 10 82 197 186 235 204 204 91 320 124 164 51 278 136 36 125 35 127 355 170 111 167 227 96 34 171 313 79 198 223 143 182 300 216 292 181 70 161 221 306 36 258 281 266 157 84 341 109 268 109 167 335 295 276 101 278 102 175 247 198 329 100 88 280 242 104 194 83 185 19 182 293 252 82 249 115 287 271 268 153 173 186 286 140 203 124
 268 229 340 69 174 125 372 262 374 43 400 337 338 360 1 107 453 155 388 107 400 214 264 280 206 279 268 417 230 356 225 461 221 403 313 366 182 311 390 298 330 183 469 493 244 102 294 389 356 224 252 302 283 284 277 218 106 312 267 138 307 227 372 442 375 288 158 150 60 49 243 129 204 144 464 186 293 337 231 357 252 148 404 335 221 372 458 295 357 359 188 366 108 351 136 162 251 366 308 75 257 210 47 306 149 224 306 171 277 269 14 312 286 96 376 333 43 451 284 347 487 393 331 143 231 408 375 298 136 381 358 321 215 289 353 335 164 368 333 260 333 288 325 478 265 382 192 482 326 244 372 482 44 374 402 513 138 368 342 252 96 359 176 371 355 179 255 311 98 219 343 484 240 64 325 382 112 157 260 325 20 453 103 466 203 327 89 277 458 110 317 207 121 191 58 404 286 84 372 386 216 292 178 377 296 234 182 427 256 442 162 118 233 287 298 337 133 255 282 449
 305 142 308 63 227 98 375 299 331 64 373 294 235 322 107 1 400 51 306 175 375 223 166 300 192 229 166 351 140 280 147 399 226 330 327 375 113 250 327 199 334 208 426 440 194 107 329 351 310 153 147 204 272 227 274 180 170 221 169 105 264 154 284 369 279 219 81 159 128 118 202 150 188 38 416 87 250 361 170 356 177 42 376 246 133 364 409 222 309 342 238 261 158 355 157 159 156 265 260 33 297 150 61 314 44 150 246 173 176 209 95 211 183 64 296 254 68 379 225 311 432 356 250 53 177 388 277 238 43 373 304 314 110 257 316 321 146 384 366 173 243 271 220 428 278 331 90 427 291 198 325 433 67 384 336 456 106 304 313 177 169 299 125 279 359 162 150 341 39 233 325 418 150 124 289 285 165 66 188 267 102 399 71 419 156 221 44 175 412 48 254 213 88 127 51 342 267 78 277 375 236 273 166 339 316 130 90 399 158 381 61 53 132 212 216 356 40 192 193 387
 330 272 132 390 371 330 225 332 86 430 114 119 311 106 453 400 1 369 159 405 124 280 290 283 258 176 313 75 280 151 258 44 271 115 262 246 288 152 83 285 229 318 49 41 211 353 329 86 99 249 346 271 210 175 230 237 399 235 284 317 148 250 199 102 246 185 320 318 412 416 211 341 258 388 24 333 162 296 232 213 229 383 110 219 281 187 17 187 98 158 365 354 380 226 337 302 282 288 147 412 338 252 430 247 379 253 155 298 302 192 442 298 321 364 157 174 420 100 176 120 35 86 183 349 226 142 259 163 359 183 98 200 369 172 114 178 292 269 328 251 219 195 341 30 267 72 339 31 138 210 83 36 443 249 83 63 317 104 136 230 415 104 282 219 228 279 343 312 376 286 165 68 273 404 138 252 382 339 216 135 435 8 356 33 253 358 381 312 33 362 149 279 335 275 416 70 193 371 240 174 299 188 283 95 281 342 320 106 293 39 356 354 318 199 209 277 362 209 242 44
 319 101 290 100 251 108 371 314 306 113 354 270 185 299 155 51 369 1 263 209 357 229 117 306 190 204 116 314 97 239 111 363 231 290 330 375 89 218 292 149 332 222 398 408 172 129 342 328 284 121 98 155 266 198 272 166 203 174 121 108 241 120 238 328 230 185 59 172 167 159 184 169 185 21 386 41 228 368 143 351 141 15 357 199 92 356 379 185 283 329 261 212 188 352 175 167 109 215 236 81 312 126 110 314 11 117 215 181 126 180 143 161 133 88 253 213 115 338 196 290 399 333 208 35 154 373 228 208 30 363 274 307 64 240 295 311 149 385 377 130 197 261 171 397 282 302 41 394 271 178 298 403 117 383 300 422 110 269 296 141 206 266 112 231 356 162 101 351 66 241 313 381 106 162 269 236 195 35 154 236 148 366 90 390 140 173 76 125 383 64 221 218 97 103 98 307 257 106 228 364 246 262 168 317 322 80 50 379 109 347 14 62 83 174 174 360 31 163 148 351
 371 165 192 319 371 270 318 370 161 354 227 156 156 175 388 306 159 263 1 378 236 287 157 329 244 149 174 85 167 40 164 130 280 46 325 335 207 108 86 140 301 316 205 187 168 302 380 185 145 165 209 127 246 131 268 202 371 94 151 257 157 162 41 75 88 108 232 291 364 364 183 309 241 282 183 223 161 368 164 299 137 277 225 71 174 282 175 98 142 244 371 196 350 309 309 273 157 130 146 327 374 183 352 305 273 165 112 277 162 136 375 148 176 293 14 57 348 84 128 180 175 189 58 255 171 259 100 117 264 283 118 264 241 189 179 249 254 357 395 134 73 231 188 187 305 132 225 170 180 174 144 193 364 341 79 189 258 80 202 137 383 97 218 61 313 248 205 372 294 298 239 136 158 356 178 94 355 241 131 107 373 153 286 191 200 204 302 170 188 281 99 281 270 198 338 94 225 307 81 277 312 223 255 183 335 211 217 237 163 122 250 272 191 103 92 351 268 144 116 121
 165 242 279 114 69 120 281 158 321 129 331 287 372 303 107 175 405 209 378 1 328 133 291 184 148 242 303 385 248 341 228 421 142 381 219 273 187 282 356 325 242 95 411 443 213 87 190 329 307 220 299 323 209 254 196 180 8 322 291 129 260 225 373 417 389 271 180 90 52 64 204 70 149 208 411 224 247 237 216 269 247 209 336 341 238 289 407 281 309 284 83 409 29 262 71 108 274 391 264 149 153 198 132 215 208 223 277 109 309 244 107 343 324 123 365 322 116 426 256 289 439 333 324 182 207 332 393 270 182 299 317 241 271 233 295 258 125 271 229 270 338 218 368 426 175 336 234 435 268 209 324 429 139 280 371 466 128 338 278 248 14 324 165 377 265 133 301 209 145 134 269 447 257 53 269 397 24 194 250 292 93 406 123 411 178 374 136 312 403 147 290 130 125 189 133 369 219 104 384 305 125 224 127 317 200 280 212 358 284 402 210 151 270 277 295 240 180 235 291 410
 220 278 69 346 280 286 102 223 77 387 11 97 363 68 400 375 124 357 236 328 1 196 315 174 195 157 340 168 288 209 257 163 187 199 147 124 269 165 152 324 113 235 100 146 186 299 214 52 96 242 368 311 121 170 134 196 324 278 309 275 121 245 268 207 315 199 300 252 348 356 175 274 197 374 114 329 132 176 218 93 234 370 15 272 285 65 114 208 99 46 271 411 308 106 268 239 301 351 129 377 230 232 387 135 366 248 164 230 332 186 391 341 354 324 227 220 374 209 174 71 150 49 230 329 204 24 326 169 339 60 121 92 378 119 68 72 239 146 208 269 270 113 387 127 166 105 339 148 88 181 93 127 401 127 165 174 274 158 63 236 340 142 250 287 107 223 366 195 342 197 60 190 285 341 90 323 308 324 222 151 381 129 315 108 220 402 344 342 101 329 169 199 294 255 376 150 114 324 307 52 208 108 223 55 168 357 312 31 315 150 346 323 332 219 240 157 341 203 270 159
 98 202 150 175 93 126 159 94 195 212 199 165 333 176 214 223 280 229 287 133 196 1 256 78 50 139 277 273 212 248 180 302 10 279 106 156 157 181 244 283 118 40 282 317 125 123 117 200 186 165 288 276 77 157 65 96 129 261 253 122 143 171 295 309 325 185 175 68 158 167 107 86 55 239 284 220 133 140 146 144 182 237 204 272 204 160 280 198 188 152 88 379 114 139 79 65 237 341 151 213 95 140 213 94 234 171 176 51 276 155 207 304 298 161 274 237 198 317 161 162 314 203 242 196 130 200 332 172 202 169 201 110 277 112 167 126 81 162 150 218 270 87 341 299 56 216 232 310 143 117 201 301 226 164 260 341 121 230 148 183 145 213 127 305 143 70 288 123 186 14 137 330 217 152 144 334 114 198 178 186 196 282 154 283 114 352 183 284 274 177 190 12 137 149 205 255 89 153 318 175 26 94 63 189 95 271 202 225 251 283 222 174 251 200 223 134 203 155 234 292
 353 55 250 200 312 173 360 349 248 224 309 219 82 249 264 166 290 117 157 291 315 256 1 325 207 163 26 224 46 143 78 274 253 192 338 370 108 152 208 35 328 267 328 326 147 205 371 274 225 93 58 39 259 146 274 164 284 63 7 164 197 87 126 228 114 117 113 223 260 256 166 232 202 135 310 80 189 381 115 339 85 130 310 88 56 334 303 109 222 300 318 124 265 344 235 210 20 103 188 194 350 117 222 319 126 87 152 220 22 132 252 52 44 178 150 118 222 238 143 245 315 278 109 123 133 335 112 147 129 339 206 295 86 213 248 290 187 386 399 47 86 248 86 319 298 233 77 310 231 155 235 325 231 378 211 334 165 187 258 84 292 191 136 116 348 191 54 372 168 269 287 286 40 253 228 120 271 108 96 169 254 286 174 317 143 98 178 30 311 158 150 246 167 111 208 222 242 196 112 338 279 245 199 265 338 56 84 329 9 260 106 150 37 98 82 368 133 119 49 263
 48 272 155 249 121 203 101 51 203 283 180 184 398 182 280 300 283 306 329 184 174 78 325 1 121 185 347 295 283 291 249 314 77 311 37 90 231 223 269 349 65 98 271 314 183 197 52 197 202 233 362 341 84 205 62 162 182 320 321 200 173 239 344 335 380 238 251 142 221 231 163 156 126 317 280 296 169 63 211 93 245 314 185 328 275 118 278 251 205 130 109 445 173 83 149 142 306 402 184 287 57 210 285 40 311 239 219 128 345 209 275 370 367 237 317 286 269 342 209 169 314 198 293 273 194 169 389 217 279 127 224 85 352 141 173 106 159 90 75 284 325 100 410 295 28 230 308 311 157 175 214 295 297 97 285 341 198 260 149 247 197 241 202 358 85 146 361 48 262 67 120 342 286 216 160 389 170 275 239 223 262 287 230 276 184 422 259 353 268 254 232 89 214 222 278 276 106 228 373 135 66 108 140 189 18 344 278 203 321 296 299 251 323 256 280 59 280 214 297 305
 147 153 136 154 128 96 184 143 175 194 195 140 283 158 206 192 258 190 244 148 195 50 207 121 1 99 228 240 164 205 130 274 47 240 142 186 111 140 211 234 144 73 268 297 78 106 165 186 161 116 241 227 82 114 84 47 142 212 204 88 113 121 248 273 276 139 133 61 157 163 62 84 6 202 266 176 100 181 97 165 133 199 199 224 155 174 261 152 162 156 128 329 123 164 80 46 188 292 117 188 145 91 195 126 196 122 135 40 227 109 197 254 249 134 231 192 181 282 117 145 293 190 196 157 81 204 283 130 165 183 170 123 232 87 150 133 47 196 195 169 221 84 292 280 95 189 188 288 123 71 177 284 208 194 226 320 87 193 138 134 158 178 82 258 168 31 241 168 156 63 139 301 168 150 123 285 125 157 130 148 187 259 126 266 65 303 156 235 258 145 149 41 106 101 184 223 82 132 270 186 75 87 30 174 136 224 158 222 202 255 182 140 203 152 175 172 166 107 185 263
 224 121 90 215 226 155 200 223 103 255 153 67 224 96 279 229 176 204 149 242 157 139 163 185 99 1 188 144 132 110 100 184 132 142 188 212 118 43 116 178 171 170 198 216 36 180 236 125 82 86 213 167 106 21 126 64 236 140 158 142 38 89 160 176 196 55 150 153 241 244 39 174 97 223 189 173 27 232 63 179 79 218 155 145 129 172 182 68 82 138 224 272 215 185 172 135 147 221 33 238 227 80 255 168 213 92 38 135 182 31 268 198 204 189 136 102 245 185 25 88 209 130 108 179 52 176 205 34 189 177 80 136 222 52 92 129 121 230 256 117 142 92 242 202 160 105 183 204 71 36 97 207 268 219 130 235 142 97 98 81 250 83 107 174 190 110 211 231 202 150 125 208 130 233 68 205 219 172 68 51 261 175 181 192 78 256 206 191 184 188 52 133 160 104 241 129 86 196 189 176 164 87 116 114 194 201 157 176 162 165 192 180 177 75 99 217 192 47 123 172
 373 76 275 206 329 186 384 369 272 227 334 244 71 274 268 166 313 116 174 303 340 277 26 347 228 188 1 245 65 164 99 295 274 212 361 394 125 177 230 38 352 286 351 348 171 217 392 298 249 115 36 49 283 171 297 187 297 81 32 179 222 110 140 247 120 142 124 240 269 264 190 247 223 132 334 84 213 404 139 363 110 127 335 104 74 359 326 134 247 325 335 107 278 368 251 228 43 100 213 195 370 138 224 342 124 109 177 239 14 157 256 46 22 186 169 140 226 256 168 270 337 303 131 128 156 360 116 172 133 364 230 319 72 237 273 315 205 410 421 72 103 272 67 342 320 257 78 332 256 179 259 348 232 402 233 355 180 210 283 108 303 215 154 128 372 210 32 394 173 290 312 306 62 263 253 124 285 114 121 193 259 308 184 340 164 76 183 10 335 164 175 266 179 130 211 244 266 205 120 363 300 269 219 290 360 42 93 354 28 282 107 158 36 122 106 391 136 144 73 284
 341 215 143 350 363 294 261 342 99 389 158 113 238 119 417 351 75 314 85 385 168 273 224 295 240 144 245 1 221 82 205 51 264 41 283 281 242 108 30 215 254 308 122 105 176 321 345 118 94 199 280 201 214 135 236 207 379 166 218 280 131 198 125 42 172 133 272 296 383 385 183 317 238 334 99 276 142 323 187 245 175 329 155 147 224 223 91 130 91 188 360 280 358 257 315 278 219 214 124 367 347 208 388 265 324 202 112 278 233 149 405 226 251 324 83 107 380 47 134 129 94 120 115 299 187 190 185 120 309 222 73 219 306 163 126 199 264 303 353 189 148 198 269 103 275 69 281 88 139 178 84 109 401 286 16 111 280 50 151 175 393 62 242 145 260 253 276 333 331 281 188 68 213 375 137 178 362 287 164 94 400 69 316 107 216 285 338 243 105 317 101 269 297 229 374 20 193 334 165 215 295 190 259 120 298 277 265 162 228 39 301 309 255 141 145 304 312 164 177 40
 309 12 221 163 268 130 324 305 226 192 283 194 126 224 230 140 280 97 167 248 288 212 46 283 164 132 65 221 1 144 36 270 210 195 298 333 64 132 200 77 290 222 313 318 110 163 328 251 203 52 83 76 220 119 234 123 242 83 44 120 168 47 145 233 146 97 74 178 220 217 128 188 159 116 299 57 158 340 77 303 55 111 285 107 11 300 291 94 202 268 273 169 221 307 191 165 27 144 161 164 306 74 190 279 106 45 131 176 66 103 218 97 86 140 158 118 189 243 116 218 308 256 112 90 94 307 148 124 99 306 189 258 92 179 222 256 142 348 357 34 104 211 130 309 256 217 61 303 202 118 215 314 201 341 207 330 122 178 229 54 250 178 91 142 311 147 82 330 134 225 254 287 11 213 199 154 228 76 68 150 218 277 135 304 100 141 143 72 297 122 133 202 125 66 176 215 205 157 143 306 235 209 155 241 296 70 51 305 40 255 84 114 46 82 79 328 103 87 54 259
 332 139 158 288 332 236 284 331 133 323 200 122 163 144 356 280 151 239 40 341 209 248 143 291 205 110 164 82 144 1 135 131 241 52 288 301 175 69 69 135 265 277 193 185 130 267 342 159 115 133 199 121 208 92 230 163 334 85 137 223 120 130 60 90 107 71 203 253 329 330 144 272 202 259 173 200 122 332 128 265 106 254 199 70 149 249 165 62 111 212 332 208 312 274 271 235 139 145 108 299 335 148 322 268 249 134 73 239 153 98 343 148 171 261 27 27 316 100 89 147 174 163 35 227 134 231 119 77 237 251 88 228 226 151 147 214 217 322 358 111 69 193 192 180 266 108 204 168 145 135 116 186 334 307 70 192 223 54 168 105 347 67 183 80 278 210 196 334 264 259 205 145 136 321 142 115 317 215 97 70 340 146 254 180 164 208 272 163 176 251 60 241 237 165 308 82 187 274 99 246 273 186 217 154 298 197 191 213 148 119 226 242 175 70 66 314 241 107 97 121
 276 25 189 156 240 112 289 273 198 190 252 164 155 194 225 147 258 111 164 228 257 180 78 249 130 100 99 205 36 135 1 253 176 184 263 298 45 108 182 105 255 192 289 298 75 145 294 222 176 17 118 100 185 90 199 88 221 95 75 100 137 12 150 223 162 74 69 151 206 204 93 164 126 131 276 76 126 306 42 268 31 126 254 115 30 266 268 76 174 235 245 200 200 272 166 137 58 168 130 165 274 40 189 244 121 10 105 146 98 72 212 126 120 130 153 110 184 233 87 187 289 227 107 95 59 275 166 98 105 273 164 223 123 145 191 221 114 313 323 44 112 176 163 287 222 192 85 283 170 83 189 292 201 306 191 312 101 159 196 31 231 156 65 151 276 116 117 296 131 192 221 272 38 198 168 170 206 83 43 125 210 256 124 280 67 174 139 106 273 118 110 169 110 40 175 197 171 145 157 272 203 174 124 211 262 104 62 275 73 237 99 109 80 66 74 293 108 55 64 241
 360 264 160 395 394 337 263 362 112 434 154 138 285 133 461 399 44 363 130 421 163 302 274 314 274 184 295 51 270 131 253 1 293 86 296 285 288 152 73 264 264 339 90 59 217 363 361 120 117 247 330 250 236 178 257 246 415 215 268 323 163 246 170 63 216 180 319 333 423 427 221 355 274 383 65 325 176 332 233 250 223 377 149 196 273 225 59 179 115 194 389 325 395 263 352 316 269 259 158 413 368 254 433 279 373 250 156 313 283 193 449 275 300 369 130 157 425 60 178 146 47 121 165 346 230 183 228 164 356 222 106 232 356 192 141 211 304 307 364 239 196 221 316 63 296 88 331 42 162 218 103 69 446 288 65 61 323 95 166 224 430 103 286 190 266 291 326 346 377 309 198 29 263 415 160 221 398 335 212 136 443 37 360 74 259 332 383 293 75 363 146 300 341 275 419 58 217 378 210 214 323 213 297 127 313 327 314 149 278 20 350 355 305 190 195 313 360 209 227 13
 101 199 141 180 102 129 153 98 186 217 190 156 329 166 221 226 271 231 280 142 187 10 253 77 47 132 274 264 210 241 176 293 1 270 102 151 156 173 236 279 112 49 272 307 119 128 119 191 177 161 287 272 68 150 57 91 138 255 250 124 134 167 288 301 319 179 175 74 166 174 100 93 52 241 275 220 125 138 142 137 178 239 195 267 201 152 270 192 179 144 97 375 122 133 86 68 234 336 142 217 100 137 219 89 236 167 169 55 273 149 214 300 295 165 267 230 204 309 153 152 305 194 236 197 125 192 326 164 204 162 192 102 276 103 158 118 83 158 150 214 264 78 338 289 53 206 232 301 133 111 192 292 232 159 251 332 123 221 139 179 154 204 126 299 137 70 287 123 189 19 128 320 214 159 134 328 122 199 173 178 203 273 157 273 111 349 187 281 265 180 182 15 140 147 210 246 80 158 312 167 33 85 64 179 93 269 202 216 248 274 223 177 249 194 218 131 205 150 229 282
 355 190 164 336 367 282 287 355 126 372 190 130 200 143 403 330 115 290 46 381 199 279 192 311 240 142 212 41 195 52 184 86 270 1 303 306 224 101 48 180 276 311 161 143 169 311 362 149 115 181 247 166 228 128 250 202 375 131 186 268 139 179 85 40 133 116 252 293 374 375 180 313 238 310 138 251 147 344 174 270 155 304 188 111 199 250 130 110 112 214 365 241 354 281 312 275 189 175 130 348 359 194 371 283 300 183 106 276 200 139 391 190 216 309 45 78 365 50 127 151 131 152 84 277 177 222 145 113 287 250 89 239 276 173 149 222 258 328 373 162 112 212 231 142 288 96 255 126 156 173 110 148 383 312 37 146 269 52 173 155 389 71 229 106 285 249 243 351 314 288 211 95 186 366 154 139 358 265 145 93 387 109 301 146 207 247 321 209 144 300 93 273 283 213 357 52 206 321 126 244 302 204 256 148 315 246 242 197 197 78 277 291 225 119 117 326 291 151 146 77
 76 287 141 279 157 230 65 81 187 315 154 174 408 166 313 327 262 330 325 219 147 106 338 37 142 188 361 283 298 288 263 296 102 303 1 54 251 223 259 360 35 131 246 290 193 227 68 177 190 247 379 350 83 208 65 176 217 327 334 225 170 252 344 323 383 242 273 172 255 265 173 188 147 342 257 316 168 45 224 60 256 339 160 332 290 87 256 255 193 105 145 456 208 48 181 169 319 408 181 317 88 225 317 21 336 253 219 156 358 215 308 380 381 265 313 286 301 329 213 155 292 178 294 297 206 139 393 218 304 95 214 65 373 139 158 86 183 57 72 295 329 97 422 271 51 216 328 290 147 184 200 272 329 62 274 318 224 252 133 257 232 233 222 359 50 169 378 51 290 97 99 324 300 250 150 392 205 298 248 219 295 267 258 253 201 435 288 367 245 281 231 115 241 240 309 264 104 258 376 104 99 104 164 170 24 362 298 175 334 279 322 278 340 261 286 32 305 223 306 288
 122 321 144 330 210 279 23 128 183 367 133 181 435 164 366 375 246 375 335 273 124 156 370 90 186 212 394 281 333 301 298 285 151 306 54 1 292 240 260 388 44 184 221 269 224 278 107 166 192 281 415 378 113 231 104 214 270 351 365 272 186 286 359 321 402 265 317 223 308 318 206 240 190 387 237 357 189 57 257 37 286 384 138 352 326 61 237 278 196 94 197 483 261 28 233 218 352 431 197 367 135 262 368 63 381 288 237 205 390 241 360 408 413 315 324 304 353 326 236 157 273 165 313 342 239 109 412 238 350 65 219 77 413 161 158 88 230 24 89 325 350 123 452 250 103 214 369 271 157 216 198 249 381 9 275 297 271 258 135 288 286 240 264 377 24 215 413 84 339 149 97 312 333 303 159 411 259 341 277 233 348 252 307 231 240 466 337 399 224 329 248 165 289 280 360 262 129 308 394 74 152 126 211 163 75 400 339 147 367 270 366 325 376 285 310 42 351 252 333 279
 253 57 202 113 206 69 286 248 220 149 266 184 189 212 182 113 288 89 207 187 269 157 108 231 111 118 125 242 64 175 45 288 156 224 251 292 1 138 216 140 249 162 314 328 85 102 273 241 199 44 133 138 181 115 189 80 180 138 107 58 154 46 193 263 204 110 33 116 162 161 96 125 106 106 304 67 140 292 58 266 71 102 269 159 53 269 297 115 198 241 212 230 159 268 128 104 89 206 150 126 249 39 148 234 98 43 134 116 127 97 169 159 146 87 196 152 142 273 114 203 320 246 150 62 67 285 207 127 73 276 192 222 123 152 208 224 81 304 305 85 156 175 190 316 205 219 78 315 183 90 213 321 160 300 227 345 59 194 208 71 189 187 31 195 272 89 133 278 91 170 226 309 71 155 181 212 166 55 80 155 167 287 80 307 53 200 98 133 300 77 143 146 66 15 134 231 170 102 199 277 178 175 96 230 246 114 48 291 101 270 78 68 95 106 117 281 75 80 106 276
 264 123 103 244 267 187 225 263 96 283 158 69 201 98 311 250 152 218 108 282 165 181 152 223 140 43 177 108 132 69 108 152 173 101 223 240 138 1 80 160 202 212 182 192 70 215 275 122 73 98 207 147 142 29 163 102 275 115 147 173 56 99 122 136 163 37 170 193 277 279 80 213 138 237 169 183 56 267 82 205 79 232 159 114 132 194 162 44 71 157 266 249 254 213 212 175 140 193 44 263 267 103 283 203 228 102 6 176 169 43 299 178 191 218 95 65 274 146 28 96 183 127 73 198 80 186 173 13 208 197 58 165 223 85 98 154 159 260 292 108 112 127 223 181 199 86 190 178 87 73 84 186 295 247 93 207 174 59 113 80 289 50 136 138 218 149 205 268 227 192 147 174 127 269 84 172 258 187 66 19 294 150 210 174 110 239 233 179 167 213 10 175 190 125 269 95 120 227 155 194 205 120 156 113 231 199 169 178 154 134 205 204 174 56 76 250 211 59 106 140
 314 193 119 324 335 266 241 315 79 362 143 87 231 97 390 327 83 292 86 356 152 244 208 269 211 116 230 30 200 69 182 73 236 48 259 260 216 80 1 203 231 279 125 120 148 293 320 102 70 175 264 189 187 107 209 178 350 153 201 253 102 174 122 67 171 108 247 267 355 357 154 289 209 311 105 254 113 299 161 224 152 306 141 138 202 203 97 107 66 167 332 276 329 235 286 250 200 211 95 341 320 182 362 240 302 178 85 249 219 122 378 216 238 297 80 91 353 74 107 105 110 105 101 274 159 175 183 92 285 203 46 195 288 135 103 176 236 282 329 170 138 171 260 113 248 49 260 104 113 150 63 119 374 265 17 131 253 23 128 152 365 34 215 143 238 225 261 308 306 253 165 95 193 347 111 178 333 263 140 66 373 79 289 112 189 276 312 229 108 291 75 240 270 204 348 16 166 307 163 197 267 163 230 101 272 260 242 151 211 56 279 283 236 119 127 281 288 138 159 61
 379 85 261 234 343 206 377 376 253 258 317 228 51 257 298 199 285 149 140 325 324 283 35 349 234 178 38 215 77 135 105 264 279 180 360 388 140 160 203 1 347 297 326 319 168 238 396 279 231 119 72 15 279 160 295 189 318 51 34 197 209 113 104 214 83 127 147 254 294 290 188 264 229 166 307 114 203 403 139 356 105 161 317 70 88 349 299 117 228 313 349 97 298 362 267 240 52 69 199 227 377 144 255 340 158 114 161 250 25 148 286 22 37 212 136 113 256 223 156 254 308 284 103 156 156 345 80 157 163 353 209 312 109 229 257 306 217 406 423 66 69 267 65 315 322 234 109 303 243 176 238 320 264 396 204 325 198 184 270 104 326 192 167 91 366 220 68 396 202 296 302 274 70 287 240 88 304 142 113 174 288 281 208 314 171 80 211 32 309 192 156 273 201 142 242 216 261 230 83 351 307 263 229 271 361 78 118 335 43 253 139 184 67 107 85 390 166 138 56 254
 109 279 113 290 183 237 42 113 156 328 121 147 394 136 330 334 229 332 301 242 113 118 328 65 144 171 352 254 290 265 255 264 112 276 35 44 249 202 231 347 1 150 212 257 182 239 102 145 162 239 372 337 70 191 61 171 239 311 323 230 148 244 323 294 364 225 274 184 273 283 163 203 148 345 224 314 149 70 214 29 244 342 126 314 283 54 223 238 165 72 172 442 227 22 196 178 310 391 159 327 120 219 330 28 338 245 199 165 348 200 324 367 370 274 290 266 314 300 195 126 259 145 274 299 197 106 374 199 307 63 187 38 370 121 129 56 189 60 101 283 311 81 410 238 68 186 326 257 122 174 171 238 342 52 246 285 229 226 104 245 255 207 221 339 26 173 371 84 297 112 68 292 291 268 124 373 226 299 235 197 312 234 266 219 197 424 296 357 211 287 210 126 248 236 321 235 87 268 356 71 118 85 169 139 56 357 296 141 325 248 323 283 333 245 270 51 309 210 292 257
 98 213 189 154 57 116 190 93 233 187 238 202 346 214 183 208 318 222 316 95 235 40 267 98 73 170 286 308 222 277 192 339 49 311 131 184 162 212 279 297 150 1 321 355 149 103 122 239 223 179 293 292 116 186 102 117 91 280 265 116 178 185 320 343 346 211 173 51 125 135 134 60 76 229 323 220 167 158 165 177 201 228 243 294 213 196 318 223 225 191 56 390 78 170 53 59 248 358 185 193 91 154 189 124 226 185 207 48 287 181 178 317 307 145 303 264 172 352 189 200 353 242 268 189 151 238 352 201 194 205 237 147 276 148 206 165 82 186 160 234 291 126 351 337 83 253 232 348 181 143 239 340 200 192 295 380 115 263 187 202 108 247 132 329 174 78 293 135 170 40 175 366 228 120 182 355 77 195 199 219 165 320 139 322 128 361 166 293 313 164 221 40 126 157 182 290 128 133 340 211 34 133 69 228 115 274 203 264 261 320 218 163 256 223 245 156 194 178 252 328
 318 305 133 409 371 348 199 321 97 450 92 134 355 111 469 426 49 398 205 411 100 282 328 271 268 198 351 122 313 193 289 90 272 161 246 221 314 182 125 326 212 321 1 50 233 368 313 83 117 278 384 312 207 201 225 254 406 276 322 336 165 279 244 149 292 218 346 328 424 429 229 350 269 417 26 364 179 275 258 192 261 412 87 262 314 164 32 221 117 142 363 399 388 205 346 313 318 334 166 434 327 277 450 233 408 282 185 306 341 219 459 340 361 384 202 214 438 147 203 124 57 80 224 375 249 113 305 192 386 158 126 188 404 182 118 166 307 243 307 287 262 195 384 32 260 98 372 57 145 230 102 30 463 223 128 77 335 143 134 261 422 138 303 265 206 292 381 294 398 285 153 108 308 416 146 298 390 367 248 165 451 55 375 17 273 400 402 351 18 384 181 282 355 300 437 113 194 389 285 149 297 188 295 95 266 378 350 75 330 87 386 377 354 234 246 256 389 237 280 92
 361 311 167 430 407 370 247 364 123 470 138 158 342 142 493 440 41 408 187 443 146 317 326 314 297 216 348 105 318 185 298 59 307 143 290 269 328 192 120 319 257 355 50 1 251 393 358 119 138 289 382 305 244 215 263 276 437 269 320 357 188 289 227 121 274 224 360 357 451 456 251 379 297 428 35 371 202 321 272 238 268 422 133 252 320 210 38 225 137 186 401 383 418 251 376 341 319 317 187 452 370 292 470 276 418 293 195 336 337 232 482 331 355 404 187 209 460 116 216 156 14 117 218 388 266 161 286 203 399 205 137 230 406 211 150 208 332 291 354 288 252 231 373 20 300 112 378 18 176 250 122 21 483 271 116 29 357 141 171 269 453 143 322 248 253 318 379 339 416 321 195 68 311 443 175 279 421 378 256 174 475 43 396 39 293 389 421 346 47 402 188 316 375 315 456 105 228 411 267 196 334 223 322 129 310 379 359 123 330 67 395 393 355 237 245 302 402 249 278 67
 217 99 118 180 204 121 215 215 138 220 183 101 216 129 244 194 211 172 168 213 186 125 147 183 78 36 171 176 110 130 75 217 119 169 193 224 85 70 148 168 182 149 233 251 1 146 232 158 117 60 192 159 113 42 128 34 207 139 143 107 70 64 171 205 201 62 117 125 208 211 21 145 74 190 224 144 57 236 35 194 64 185 185 149 104 192 218 75 117 161 205 264 185 198 143 107 129 220 67 203 217 47 220 173 181 66 65 110 167 33 233 188 190 154 155 115 210 214 44 119 244 163 119 146 19 203 209 58 156 198 115 149 196 71 124 147 90 240 257 103 146 103 230 237 156 140 155 239 100 9 132 242 233 232 161 270 107 127 125 65 220 116 72 182 203 81 191 230 167 137 147 241 110 200 98 210 190 139 57 83 227 210 145 227 43 243 171 176 219 153 78 116 125 70 206 162 97 162 194 198 150 100 88 146 195 178 127 207 144 199 161 145 154 76 100 223 159 32 115 205
 199 157 239 53 123 34 280 193 273 90 300 236 285 259 102 107 353 129 302 87 299 123 205 197 106 180 217 321 163 267 145 363 128 311 227 278 102 215 293 238 239 103 368 393 146 1 224 288 256 139 214 238 185 187 182 118 81 239 205 46 206 143 292 349 305 197 94 56 64 65 143 44 103 132 364 139 192 258 140 263 167 132 304 259 153 276 358 205 256 260 134 323 62 260 51 63 188 306 207 91 191 120 92 216 130 141 210 75 222 174 92 256 238 44 289 246 77 358 188 246 387 292 246 99 136 309 308 202 100 285 259 225 189 188 252 237 63 284 261 186 256 188 282 378 177 282 149 382 224 145 272 381 105 286 306 413 45 273 242 167 88 261 85 295 264 78 216 236 70 131 244 387 171 56 224 313 69 109 172 228 84 353 41 365 106 288 65 226 357 67 222 114 39 106 83 307 186 32 300 289 132 192 77 275 214 195 126 327 198 344 128 68 183 200 215 255 99 162 207 351
 26 317 204 274 122 236 125 33 251 304 221 234 446 230 294 329 329 342 380 190 214 117 371 52 165 236 392 345 328 342 294 361 119 362 68 107 273 275 320 396 102 122 313 358 232 224 1 243 252 279 405 389 135 256 113 208 190 370 368 235 225 285 395 385 430 288 290 172 235 246 212 181 170 350 324 336 220 54 259 125 293 349 227 378 319 153 323 302 255 172 108 493 187 112 174 176 352 451 235 313 38 255 307 83 346 285 270 162 391 259 291 417 413 266 368 337 290 392 260 218 359 244 343 309 241 205 439 268 314 161 275 130 392 192 222 152 196 95 40 331 375 151 456 338 77 279 348 356 208 224 263 339 317 111 336 385 233 311 197 295 203 292 243 409 112 186 404 24 292 105 165 389 332 231 210 439 183 313 288 274 277 333 260 320 229 467 287 399 312 285 283 128 247 265 302 326 157 254 423 170 97 159 178 236 49 387 318 242 366 344 336 284 367 305 330 66 314 263 345 353
