NAME : domp180p90v4
COMMENT : (Deleplanque et al.) 
TYPE : DOMP
DIMENSION : 180
DISPLAY_DATA_TYPE: NO_DISPLAY
OPEN_FACILITIES : 90
COST_SECTION
 1 258 260 344 197 133 365 175 334 186 447 253 241 314 85 295 170 170 141 271 330 57 231 341 359 86 107 158 423 425 447 155 16 267 321 348 369 187 246 316 224 454 378 22 263 43 213 276 95 181 358 24 170 220 435 279 61 237 33 350 325 270 357 106 298 153 186 319 449 351 104 266 314 108 276 268 173 80 251 218 54 201 86 378 334 236 182 201 315 269 163 169 457 141 192 353 348 13 304 19 331 287 345 34 247 314 148 203 43 72 350 148 88 447 391 414 347 306 348 110 272 368 469 357 364 359 388 333 188 94 314 47 136 258 272 455 147 209 412 226 369 125 60 468 250 334 165 236 247 328 243 134 373 43 307 327 293 297 77 231 128 250 304 337 68 231 101 230 327 162 296 171 294 43 54 306 285 276 286 338
 258 1 99 312 100 155 252 251 125 120 206 154 271 209 195 98 205 156 133 103 284 314 82 279 110 174 276 254 211 170 210 104 266 40 82 122 278 80 27 65 205 205 197 255 286 239 130 75 164 118 141 280 156 101 193 164 225 263 258 328 310 292 121 154 232 115 144 74 215 282 158 18 58 151 154 282 94 198 31 41 205 171 184 135 234 130 136 267 286 276 116 172 216 123 112 265 101 247 300 261 91 155 267 224 278 310 219 65 220 224 102 244 174 204 134 197 132 51 231 160 292 119 233 106 286 179 172 79 151 166 70 222 124 145 47 214 122 52 174 258 241 203 314 230 25 268 260 240 244 145 133 125 257 299 240 297 38 150 213 193 149 188 79 115 259 57 180 115 70 105 169 104 38 216 242 81 43 119 271 85
 260 99 1 403 65 130 349 313 76 76 280 245 348 305 179 39 270 222 121 200 376 315 171 373 185 192 314 311 300 225 287 133 273 64 86 213 375 140 75 101 285 270 294 266 365 229 59 35 179 187 233 280 104 186 266 259 210 339 273 418 398 372 110 160 324 162 87 161 293 377 183 87 114 168 56 362 98 184 127 106 213 98 212 213 331 43 207 334 375 358 100 116 289 125 186 361 116 253 386 257 178 58 362 229 355 397 276 134 218 204 117 299 175 276 176 286 89 126 329 152 372 193 309 180 382 277 263 118 90 186 89 216 155 48 60 287 167 116 253 333 339 253 319 305 77 362 318 319 325 70 43 147 355 301 332 387 119 248 244 276 134 276 175 208 286 145 217 36 129 106 72 162 116 220 265 177 138 23 357 120
 344 312 403 1 367 366 106 173 434 379 329 159 108 113 361 409 178 204 346 213 29 370 233 43 313 300 256 192 259 367 318 297 337 350 384 263 77 270 331 358 132 356 199 325 89 367 406 385 306 226 251 358 399 217 328 150 371 110 316 19 26 84 417 321 80 265 401 293 314 50 288 328 341 303 454 81 331 360 282 297 320 433 280 304 96 418 209 151 32 77 350 412 333 329 224 73 388 334 46 361 286 459 63 330 104 41 197 272 345 380 388 200 330 335 376 264 439 319 114 343 81 315 329 317 60 196 254 361 408 297 370 352 286 440 358 333 265 288 305 121 127 223 360 332 330 51 187 110 99 455 424 300 110 362 74 19 315 173 271 134 353 129 263 257 284 259 261 403 339 332 473 255 319 331 292 263 289 425 60 367
 197 100 65 367 1 70 329 259 138 21 304 214 301 281 118 99 219 174 58 183 342 252 144 342 207 129 252 254 309 260 309 78 209 85 132 221 351 99 76 136 242 300 290 202 319 167 39 82 116 143 239 218 57 154 290 233 149 292 209 382 360 326 165 97 292 110 45 173 313 348 122 98 142 106 96 318 40 122 117 81 149 75 150 233 306 54 162 282 338 314 36 73 314 62 145 336 162 190 345 194 190 104 335 166 308 356 221 99 155 144 164 242 111 301 216 296 151 145 308 89 328 215 332 202 355 271 271 155 52 124 130 153 98 79 87 312 113 85 273 285 322 196 256 328 79 332 262 275 282 133 61 88 336 238 301 351 134 229 182 236 71 240 177 213 223 122 157 41 157 45 117 116 132 157 202 179 142 82 317 158
 133 155 130 366 70 1 348 231 205 55 360 227 284 296 50 167 199 164 26 214 344 186 170 348 265 83 204 222 356 322 363 77 146 150 200 270 364 116 136 202 236 359 326 141 305 99 81 151 71 146 285 152 43 171 347 251 80 276 150 378 354 312 233 51 298 104 56 227 367 355 85 158 205 68 145 305 63 55 162 123 91 79 107 289 321 104 160 256 336 303 41 50 370 42 152 348 230 127 337 128 243 156 345 104 291 348 193 126 90 75 232 209 54 359 281 344 218 204 328 31 314 273 387 260 365 307 317 220 59 81 197 87 81 127 153 368 103 120 327 267 345 165 191 384 139 338 230 264 272 196 111 68 355 172 307 349 192 255 136 234 15 244 223 260 170 156 121 99 220 53 166 119 191 95 148 226 193 144 311 224
 365 252 349 106 329 348 1 218 365 345 226 122 169 53 357 346 199 199 324 150 84 403 186 65 224 299 299 237 155 270 215 272 362 290 312 173 35 236 275 285 145 254 97 348 160 377 367 326 301 204 158 383 372 179 226 98 374 166 342 123 124 160 340 311 74 246 369 213 210 57 283 266 266 294 404 151 299 357 223 250 327 401 286 210 32 374 193 206 104 143 321 387 229 307 197 34 310 353 133 379 202 406 45 342 169 135 225 231 352 381 310 239 325 233 287 161 367 245 22 330 157 225 224 229 50 99 154 284 376 294 299 359 269 392 297 230 248 245 205 174 22 242 395 228 274 61 234 149 139 391 379 282 10 392 68 105 244 103 289 135 335 115 186 170 316 209 267 358 261 303 420 230 248 340 317 186 219 370 120 288
 175 251 313 173 259 231 218 1 369 263 374 142 67 176 210 334 47 97 217 194 163 197 178 178 312 151 84 20 325 380 368 183 167 282 332 278 213 178 258 313 80 391 266 155 89 204 293 310 162 134 278 187 271 158 366 162 211 64 146 177 152 96 371 181 145 152 278 276 368 190 147 267 302 165 354 94 220 207 227 218 162 307 127 319 188 312 116 27 145 97 230 280 382 204 140 197 349 166 131 193 279 362 188 167 73 141 40 190 183 222 350 29 183 377 366 321 378 284 207 203 98 319 387 313 203 251 300 325 284 152 320 192 163 337 289 381 148 206 340 53 230 67 188 388 259 173 17 71 82 379 319 174 227 190 152 157 274 191 108 95 218 118 249 268 112 198 111 299 308 216 375 153 277 170 122 250 253 335 116 331
 334 125 76 434 138 205 365 369 1 151 246 278 395 328 254 40 324 274 194 223 406 389 206 400 164 262 380 369 284 181 256 197 346 89 55 206 395 192 113 83 329 229 293 338 410 303 132 62 249 237 226 354 178 226 232 286 284 386 344 451 434 416 48 232 355 221 160 156 263 402 250 109 101 237 94 406 166 259 155 152 285 167 279 191 352 112 257 388 410 400 172 189 255 196 233 383 71 326 424 331 171 86 386 302 401 435 334 181 292 279 72 358 247 241 130 269 15 122 345 225 416 169 276 158 404 279 250 89 162 255 68 290 220 102 82 253 227 164 226 381 352 314 393 271 112 389 376 364 368 34 108 214 369 375 362 420 123 267 311 317 208 312 180 204 355 181 282 110 110 176 93 217 118 293 335 181 148 68 395 87
 186 120 76 379 21 55 345 263 151 1 324 228 308 296 104 113 224 181 51 200 354 241 160 355 227 125 249 256 329 280 329 84 199 105 150 241 365 111 96 156 252 320 308 193 327 154 32 99 112 154 259 206 37 168 310 248 135 300 201 392 370 334 181 92 305 117 26 194 333 361 120 118 162 103 96 326 49 109 136 99 141 57 147 253 321 53 172 286 349 323 33 53 334 61 156 350 181 180 354 182 210 106 349 156 315 366 224 115 144 129 182 244 103 322 235 316 164 165 324 79 335 236 352 223 369 290 291 174 33 121 148 141 101 78 106 332 119 102 293 291 339 198 245 349 100 345 265 283 291 142 60 90 351 226 314 362 154 246 179 246 60 252 196 233 218 139 157 45 177 49 117 125 152 147 196 198 162 90 327 178
 447 206 280 329 304 360 226 374 246 324 1 233 356 226 396 252 334 298 337 185 304 500 219 287 98 363 432 386 75 72 15 298 452 223 200 102 259 262 229 180 298 32 131 439 358 437 328 246 356 272 97 470 360 234 15 216 425 349 439 347 343 361 202 351 268 295 347 134 22 282 344 207 167 343 327 350 299 399 201 239 395 371 364 73 235 320 279 377 320 341 321 376 11 325 261 258 176 436 345 454 119 322 267 415 360 352 358 246 416 425 175 381 371 9 119 67 239 160 216 361 359 90 31 103 276 136 78 164 353 355 193 419 313 326 224 9 301 245 36 352 205 356 498 26 226 280 389 325 321 279 321 319 224 486 268 324 171 185 386 282 353 262 144 112 429 218 353 308 152 309 333 278 173 409 418 142 168 290 324 164
 253 154 245 159 214 227 122 142 278 228 233 1 132 70 237 251 105 84 204 62 132 297 75 129 179 181 207 155 186 244 227 152 252 193 230 139 139 118 173 205 67 251 130 238 141 260 253 227 181 83 137 273 254 62 226 27 256 124 234 175 157 146 265 190 80 125 252 148 226 134 164 170 189 174 297 135 181 237 124 140 211 284 170 181 95 263 74 146 133 128 203 268 240 187 76 123 238 240 148 265 147 301 121 227 137 158 130 116 235 262 238 152 205 236 239 181 283 168 102 210 145 184 246 181 141 113 158 211 259 175 216 242 149 284 200 239 127 132 200 124 121 137 291 247 172 119 157 99 99 298 269 161 129 285 88 144 161 51 179 52 214 37 119 129 214 101 152 248 190 184 316 109 165 224 209 119 136 267 119 217
 241 271 348 108 301 284 169 67 395 308 356 132 1 138 269 363 86 128 267 192 102 263 192 119 310 208 149 86 298 374 348 224 233 307 351 268 157 209 284 329 68 378 236 221 23 268 337 338 217 162 264 253 321 171 351 142 274 10 212 111 86 30 389 235 99 192 326 279 346 131 200 288 315 217 394 28 262 267 244 245 224 357 186 311 142 354 142 45 82 32 276 332 363 251 164 143 364 231 65 258 278 400 132 231 8 74 97 217 247 284 364 95 240 361 369 297 402 295 163 257 33 315 365 312 145 225 279 338 333 207 339 255 208 377 314 362 189 234 325 18 185 125 253 367 284 116 80 34 36 409 360 221 177 256 103 92 287 173 171 82 270 97 249 259 178 216 168 340 318 259 414 187 290 233 188 250 262 370 54 344
 314 209 305 113 281 296 53 176 328 296 226 70 138 1 305 306 152 147 272 107 85 354 138 74 201 247 254 194 162 257 216 221 312 248 276 152 71 186 232 250 99 250 100 298 135 325 319 284 249 152 141 333 322 128 222 48 322 133 293 131 121 137 307 259 43 194 320 182 213 74 231 225 232 242 359 127 249 305 180 203 276 352 234 193 26 327 141 169 96 118 271 337 231 256 145 57 278 302 121 328 174 362 59 291 140 128 178 182 301 329 279 194 273 231 265 163 332 210 35 279 135 204 230 205 78 91 149 251 327 242 263 307 218 347 255 231 196 197 198 138 57 192 347 233 230 64 193 111 104 352 333 230 61 343 44 103 207 63 239 87 283 65 153 146 268 163 216 312 229 253 376 178 211 289 267 153 181 327 99 257
 85 195 179 361 118 50 357 210 254 104 396 237 269 305 1 216 186 162 64 236 342 137 192 349 302 63 169 198 384 363 398 100 99 195 247 301 369 139 178 246 231 398 348 96 291 50 129 199 58 155 315 103 86 188 383 262 32 263 106 371 347 298 281 49 300 115 102 263 401 357 76 200 248 64 192 293 102 6 196 158 52 118 85 325 329 152 165 237 331 293 86 86 406 72 164 353 276 81 328 79 278 203 348 60 276 339 174 153 43 30 278 185 33 395 325 373 267 244 338 36 301 311 421 299 368 329 347 264 104 66 242 39 92 174 199 404 112 152 362 253 357 145 143 419 181 339 206 254 264 245 159 82 365 123 309 344 231 272 106 233 49 247 255 291 131 183 103 148 262 91 212 133 231 52 109 257 229 193 304 269
 295 98 39 409 99 167 346 334 40 113 252 251 363 306 216 1 290 240 156 200 381 351 177 376 162 223 342 333 280 193 261 159 307 59 54 197 374 158 80 76 298 240 282 300 379 265 97 26 210 204 217 316 143 196 238 261 246 354 306 425 407 385 72 193 329 185 125 145 267 379 212 82 92 199 75 375 127 220 128 119 246 135 241 190 330 80 223 353 383 370 134 154 262 157 200 361 82 288 395 293 161 71 364 264 370 406 298 148 253 241 83 322 209 248 143 266 52 109 326 187 385 169 282 156 382 266 245 89 128 217 61 252 182 77 52 260 190 130 228 349 334 277 355 278 80 365 341 333 337 48 78 176 351 336 337 394 106 246 273 287 169 284 164 193 317 151 244 75 105 137 83 182 102 255 296 166 129 40 367 89
 170 205 270 178 219 199 199 47 324 224 334 105 86 152 186 290 1 51 182 151 162 204 133 172 268 124 105 54 289 336 329 142 165 237 286 235 201 133 213 267 56 350 233 152 107 190 255 265 132 88 238 187 237 112 325 128 194 79 145 187 162 114 325 150 130 110 242 231 329 182 116 221 256 133 313 108 180 184 181 173 143 273 103 276 169 272 70 65 148 108 193 247 342 167 94 184 303 159 142 186 235 321 177 153 93 153 28 144 168 203 304 49 156 337 321 284 333 238 185 172 116 275 349 268 195 217 261 279 249 123 274 175 124 296 244 341 107 161 299 69 207 46 197 349 214 164 58 70 80 335 279 137 208 194 138 160 228 154 95 66 185 88 205 225 118 152 84 259 262 177 334 109 231 154 120 206 207 292 120 285
 170 156 222 204 174 164 199 97 274 181 298 84 128 147 162 240 51 1 144 113 182 215 86 188 225 102 136 100 261 293 294 98 170 187 236 197 209 84 163 218 73 311 211 156 147 179 210 215 106 38 203 190 198 67 288 110 177 120 152 215 192 154 275 119 139 65 201 186 295 196 87 171 207 101 267 146 135 162 132 123 130 233 88 235 169 227 22 114 173 143 151 210 306 127 45 192 254 158 175 183 192 274 187 145 135 186 66 94 155 184 255 91 130 300 274 254 283 190 181 141 155 232 315 224 207 193 229 230 208 98 225 161 84 250 194 305 64 111 263 113 202 60 210 315 164 178 106 103 111 286 233 98 207 202 148 186 180 129 97 72 150 86 162 187 135 103 70 213 214 133 287 61 182 142 128 163 160 244 148 236
 141 133 121 346 58 26 324 217 194 51 337 204 267 272 64 156 182 144 1 188 323 196 145 326 242 75 199 210 331 301 340 53 153 132 184 245 341 91 115 183 216 337 301 145 287 113 81 137 62 123 261 161 56 147 324 226 95 259 152 358 334 294 219 42 276 82 62 204 343 333 72 137 185 55 146 287 40 68 138 99 92 92 98 265 297 103 138 242 315 285 23 68 347 18 128 324 213 133 317 138 219 156 322 109 274 329 179 101 99 93 214 197 54 335 261 319 207 182 303 32 296 250 363 238 342 282 293 201 68 71 179 98 60 127 136 345 82 96 303 250 320 151 200 360 118 316 218 245 253 190 110 47 331 182 285 328 170 230 129 213 17 222 199 236 168 130 109 94 199 29 167 95 169 100 147 201 170 138 291 206
 271 103 200 213 183 214 150 194 223 200 185 62 192 107 236 200 151 113 188 1 185 321 45 178 120 189 248 204 153 187 182 139 274 142 172 86 176 99 126 146 126 200 114 260 201 268 220 178 186 90 91 293 231 52 176 64 260 184 259 230 214 206 206 188 133 123 225 88 183 180 170 119 130 175 255 196 157 237 74 103 222 256 186 126 132 226 95 202 189 188 181 247 194 173 80 163 178 259 207 280 87 257 165 241 198 217 174 89 245 263 179 198 206 188 178 145 227 108 129 203 206 126 203 121 184 95 119 151 232 182 159 249 145 243 149 193 128 99 150 183 141 172 318 203 125 167 208 159 159 246 230 155 156 307 140 199 103 48 204 111 202 98 58 75 246 62 172 210 130 164 271 104 107 235 236 59 77 221 179 157
 330 284 376 29 342 344 84 163 406 354 304 132 102 85 342 381 162 182 323 185 1 359 206 21 285 280 247 183 235 340 293 273 324 323 356 235 61 245 304 330 111 330 174 311 86 351 380 358 285 202 224 345 376 191 302 122 353 102 303 47 41 84 389 300 53 242 377 264 290 32 267 300 313 282 428 78 306 341 254 271 303 409 261 277 70 392 185 145 23 71 326 389 308 306 199 52 360 319 50 346 258 432 41 314 99 52 183 246 327 361 360 189 310 310 349 239 411 291 89 321 81 288 305 289 46 170 228 333 384 277 342 335 264 414 330 308 242 262 279 112 105 207 350 308 303 25 178 95 84 428 398 277 90 350 46 21 287 145 256 111 330 103 235 230 272 232 242 377 311 308 446 230 291 314 278 235 261 398 49 338
 57 314 315 370 252 186 403 197 389 241 500 297 263 354 137 351 204 215 196 321 359 1 283 372 414 141 116 178 473 480 499 211 49 323 377 400 404 242 303 372 259 508 424 62 284 89 266 332 150 232 410 36 221 270 489 323 109 260 63 373 348 290 413 162 333 207 238 373 501 383 159 323 370 164 328 290 229 133 306 274 110 250 137 432 372 289 230 220 341 293 218 218 510 197 242 387 405 67 327 60 385 339 379 91 268 336 179 258 98 118 406 171 144 501 447 464 402 362 388 165 293 422 522 412 396 406 439 389 239 149 371 100 192 310 328 508 201 264 465 249 410 163 13 521 306 366 184 265 276 382 295 190 411 16 341 353 349 343 119 269 183 290 357 390 88 285 149 284 383 218 347 224 350 99 88 360 340 330 312 395
 231 82 171 233 144 170 186 178 206 160 219 75 192 138 192 177 133 86 145 45 206 283 1 203 140 148 219 185 195 208 217 95 235 119 161 118 208 55 99 139 124 229 158 222 205 226 182 154 143 55 128 253 189 22 208 91 217 183 222 249 230 211 198 144 155 80 185 101 219 207 129 98 126 132 223 201 115 194 53 67 181 217 147 153 163 191 66 191 206 195 139 205 228 129 44 193 174 219 219 239 107 227 193 200 198 230 151 47 203 220 175 177 163 220 189 185 213 107 165 160 211 147 240 139 213 138 159 149 192 140 148 207 102 210 127 227 86 60 184 179 180 143 280 239 99 192 190 160 163 224 196 111 192 269 163 218 97 87 168 112 159 107 78 108 212 27 135 175 131 121 241 62 101 194 200 80 75 193 190 155
 341 279 373 43 342 348 65 178 400 355 287 129 119 74 349 376 172 188 326 178 21 372 203 1 273 287 262 198 218 325 276 275 336 318 348 222 41 245 300 322 119 314 157 323 105 360 380 353 292 204 210 357 378 190 286 116 361 118 315 61 60 103 380 305 51 245 378 254 272 13 274 295 304 288 425 96 307 348 249 268 312 410 270 263 55 391 189 161 43 89 328 392 291 309 200 32 351 330 71 357 247 429 21 323 117 72 195 245 336 369 351 203 317 293 336 222 403 283 72 327 100 275 287 277 27 155 212 324 385 284 335 344 268 412 325 291 246 260 263 128 86 217 364 290 299 12 194 108 98 422 397 281 70 363 42 41 279 135 266 117 334 105 225 217 285 229 251 376 302 310 443 232 283 323 290 225 253 394 66 329
 359 110 185 313 207 265 224 312 164 227 98 179 310 201 302 162 268 225 242 120 285 414 140 273 1 274 358 321 121 70 103 207 366 127 112 52 257 173 132 87 245 96 137 354 317 345 231 152 266 193 69 382 263 159 84 172 332 302 355 331 320 322 126 260 238 208 250 42 109 271 256 110 72 253 235 311 203 305 109 145 307 274 279 29 220 225 204 321 295 303 225 279 108 231 183 249 96 348 317 364 34 232 255 326 315 325 289 157 325 332 96 314 279 95 65 106 161 63 207 267 321 10 126 7 270 128 88 76 256 267 102 327 224 232 129 106 215 152 68 302 206 282 413 122 129 263 325 277 276 196 226 228 226 400 242 303 74 144 304 229 258 214 64 56 349 131 271 212 58 214 244 192 76 319 336 63 75 198 290 78
 86 174 192 300 129 83 299 151 262 125 363 181 208 247 63 223 124 102 75 189 280 141 148 287 274 1 125 141 341 340 363 72 93 187 242 264 310 102 165 234 170 369 299 82 230 81 156 202 14 102 275 109 124 139 351 207 76 202 86 309 285 237 280 35 240 69 135 234 365 296 20 184 231 26 220 232 97 61 166 134 34 161 25 293 270 177 108 177 269 231 95 131 372 68 112 293 268 75 266 93 246 230 288 53 215 277 114 118 57 83 269 128 33 363 307 332 274 222 281 53 239 283 385 272 307 280 305 251 140 9 234 62 52 202 193 371 63 124 327 192 301 85 141 384 168 278 149 192 202 261 185 51 307 126 249 282 209 220 55 172 71 187 219 253 95 146 41 168 243 87 241 87 210 47 74 222 200 210 242 256
 107 276 314 256 252 204 299 84 380 249 432 207 149 254 169 342 105 136 199 248 247 116 219 262 358 125 1 65 392 426 428 184 95 298 353 332 295 197 275 339 156 445 337 86 169 145 279 319 138 166 337 113 246 201 423 231 158 147 75 258 233 175 392 159 227 163 258 319 429 273 132 289 332 147 344 176 217 164 258 237 117 282 103 370 268 301 155 105 228 179 218 251 440 191 176 280 375 101 212 125 326 354 270 113 153 221 78 213 131 170 376 61 151 434 404 386 391 318 286 175 178 366 449 357 286 320 362 354 262 130 343 139 161 326 305 439 156 226 397 136 309 77 106 449 277 256 70 154 165 383 309 167 307 111 234 239 306 257 71 169 194 191 296 321 41 231 99 291 342 209 365 173 308 119 61 298 290 333 199 360
 158 254 311 192 254 222 237 20 369 256 386 155 86 194 198 333 54 100 210 204 183 178 185 198 321 141 65 1 339 389 381 179 149 283 334 288 232 178 259 317 97 402 282 137 107 188 287 309 152 137 290 169 262 164 378 177 197 83 127 196 171 114 373 172 164 150 271 284 381 209 139 269 307 156 349 113 216 194 231 219 148 299 116 329 206 307 121 44 164 116 224 270 394 197 144 216 353 149 150 175 288 358 207 151 91 159 36 191 169 207 354 14 172 389 373 335 379 290 225 193 117 328 400 321 222 266 313 329 276 142 323 177 158 332 290 393 145 207 352 72 248 60 169 401 261 192 9 91 101 377 314 168 245 171 171 176 279 205 94 111 209 133 258 278 94 203 102 295 314 210 370 153 282 155 105 259 259 332 136 335
 423 211 300 259 309 356 155 325 284 329 75 186 298 162 384 280 289 261 331 153 235 473 195 218 121 341 392 339 1 134 62 285 426 238 232 89 187 246 236 206 246 105 64 412 297 420 339 268 337 243 71 445 364 204 78 164 410 292 410 277 275 299 244 337 204 274 354 140 57 211 322 217 189 326 352 288 295 386 195 234 374 381 338 94 167 337 244 324 253 280 319 380 76 317 232 187 215 411 279 432 123 350 197 393 301 285 315 232 396 413 215 336 356 82 169 16 280 175 147 350 297 116 70 127 204 75 39 196 360 334 221 401 295 347 242 77 279 236 65 296 134 319 469 74 233 211 341 268 263 315 339 304 152 459 204 256 182 136 355 231 346 209 134 97 395 202 324 323 177 304 362 256 185 387 387 132 169 315 260 198
 425 170 225 367 260 322 270 380 181 280 72 244 374 257 363 193 336 293 301 187 340 480 208 325 70 340 426 389 134 1 85 271 432 176 141 108 303 240 188 126 310 49 175 420 380 408 278 192 331 261 116 447 315 227 60 234 394 367 422 385 377 384 135 323 296 275 300 109 92 322 322 165 119 318 267 373 263 367 175 208 372 320 346 65 272 267 273 387 352 365 282 330 78 292 252 298 113 414 375 429 102 261 306 392 379 383 357 223 389 393 112 382 343 65 52 121 173 121 256 329 383 62 100 70 318 172 118 109 306 332 137 391 289 269 175 77 282 217 70 367 250 350 479 94 184 317 393 342 340 214 267 292 270 465 299 359 133 204 372 295 318 278 133 116 417 198 339 257 104 274 271 260 133 384 403 131 141 232 350 106
 447 210 287 318 309 363 215 368 256 329 15 227 348 216 398 261 329 294 340 182 293 499 217 276 103 363 428 381 62 85 1 300 451 229 209 100 247 262 234 187 291 46 120 438 349 438 334 253 356 270 92 469 365 232 26 209 426 342 438 336 333 352 212 353 258 295 352 137 8 270 344 212 174 344 335 341 302 400 203 242 396 376 363 77 224 327 276 370 309 333 324 380 16 328 259 246 186 435 336 454 122 331 256 415 352 342 353 247 416 427 186 376 372 23 130 55 250 165 205 363 350 96 24 109 264 126 70 173 358 355 201 419 314 333 231 16 301 247 37 344 194 353 497 22 230 269 383 317 313 289 328 320 212 485 259 313 176 179 384 276 356 255 144 111 427 218 352 315 159 312 342 277 178 409 416 142 171 298 314 173
 155 104 133 297 78 77 272 183 197 84 298 152 224 221 100 159 142 98 53 139 273 211 95 275 207 72 184 179 285 271 300 1 163 117 172 202 289 41 95 164 168 302 252 153 244 140 114 136 61 72 216 178 104 95 286 175 127 216 156 310 287 251 211 54 225 34 105 167 303 282 56 113 161 48 172 243 39 102 99 64 102 137 85 228 246 131 89 205 267 240 54 118 308 36 77 273 198 145 271 159 180 180 271 122 231 283 145 54 119 129 199 167 74 298 237 274 208 152 252 66 252 215 323 204 291 232 248 180 112 64 164 122 24 155 124 306 36 55 264 208 269 121 212 321 98 265 187 200 207 201 138 22 279 196 234 280 139 179 116 164 65 171 157 192 161 84 86 118 173 36 193 44 140 114 142 159 133 154 244 186
 16 266 273 337 209 146 362 167 346 199 452 252 233 312 99 307 165 170 153 274 324 49 235 336 366 93 95 149 426 432 451 163 1 277 331 352 365 193 256 325 220 460 379 15 255 58 226 288 103 184 362 22 184 223 441 278 77 229 22 343 317 261 368 117 294 159 200 325 453 346 111 275 323 116 290 260 184 94 258 226 63 216 89 384 331 249 183 192 308 262 175 184 462 152 195 349 358 21 297 32 336 301 341 45 239 306 142 210 57 87 360 139 99 453 399 417 359 314 346 122 264 374 474 363 359 360 391 342 202 101 325 61 144 272 282 460 152 217 417 218 368 121 49 473 259 329 156 230 241 341 256 142 370 35 303 320 301 298 74 228 140 248 309 342 57 237 103 244 335 173 310 176 302 54 47 311 292 289 279 348
 267 40 64 350 85 150 290 282 89 105 223 193 307 248 195 59 237 187 132 142 323 323 119 318 127 187 298 283 238 176 229 117 277 1 56 151 317 106 25 53 241 217 231 267 322 243 106 37 175 149 171 289 140 138 209 203 226 298 272 367 348 328 94 162 271 137 126 99 234 321 173 25 59 163 118 318 95 199 70 65 215 148 201 154 273 100 168 300 324 312 111 155 233 127 145 304 83 257 337 267 116 118 306 234 313 348 248 93 227 223 84 272 180 220 132 224 98 65 269 162 328 135 252 122 325 214 201 71 131 180 49 227 140 111 9 231 143 77 194 293 279 229 325 248 24 307 290 276 280 106 102 137 295 308 279 336 57 189 232 230 147 226 112 145 277 93 201 87 74 106 132 131 54 225 259 114 75 82 309 75
 321 82 86 384 132 200 312 332 55 150 200 230 351 276 247 54 286 236 184 172 356 377 161 348 112 242 353 334 232 141 209 172 331 56 1 152 342 158 79 29 284 187 239 322 365 296 142 54 230 199 172 343 184 181 186 235 278 343 327 401 385 371 40 216 305 191 167 102 215 350 228 66 47 218 128 360 149 251 109 117 269 183 256 140 300 128 217 348 360 354 162 197 209 181 193 331 32 312 376 321 117 123 334 288 358 387 299 144 281 275 33 324 234 195 91 217 56 68 292 215 371 118 230 106 352 225 198 37 171 235 15 280 195 129 50 207 197 129 177 339 298 282 380 225 77 338 341 320 323 85 127 192 316 363 311 371 70 215 287 272 199 265 127 150 332 137 255 120 57 160 134 183 66 279 314 128 96 92 348 37
 348 122 213 263 221 270 173 278 206 241 102 139 268 152 301 197 235 197 245 86 235 400 118 222 52 264 332 288 89 108 100 202 352 151 152 1 206 164 148 125 205 115 89 339 273 340 251 182 258 171 21 370 276 133 92 127 328 260 339 281 271 277 173 255 190 196 265 53 102 220 245 129 107 246 267 266 208 303 108 147 297 293 264 44 169 249 178 283 246 258 232 292 111 232 160 198 142 336 269 355 37 265 205 316 272 277 259 149 317 330 142 283 275 103 115 76 205 89 156 267 276 54 123 57 219 77 51 119 272 256 140 321 215 261 155 109 202 151 66 261 155 256 398 121 145 213 292 235 233 236 252 222 175 386 194 254 95 97 286 189 261 172 47 12 329 120 253 235 97 218 278 178 98 310 317 45 80 230 244 122
 369 278 375 77 351 364 35 213 395 365 259 139 157 71 369 374 201 209 341 176 61 404 208 41 257 310 295 232 187 303 247 289 365 317 342 206 1 255 301 315 146 287 130 352 144 385 389 353 313 219 191 387 391 198 259 119 384 155 345 93 98 142 371 324 72 261 389 244 243 30 295 293 296 307 429 135 319 369 249 274 336 421 294 243 46 398 206 197 83 128 340 406 262 324 213 18 341 358 110 385 234 432 26 349 156 111 225 252 361 392 341 236 337 266 320 194 397 275 51 345 140 258 256 261 18 132 188 315 397 305 329 368 284 417 324 262 263 267 238 164 55 245 396 260 300 42 229 142 132 419 403 297 36 394 64 80 273 129 294 140 351 123 216 202 317 233 275 382 292 322 446 246 277 348 319 216 248 396 104 319
 187 80 140 270 99 116 236 178 192 111 262 118 209 186 139 158 133 84 91 99 245 242 55 245 173 102 197 178 246 240 262 41 193 106 158 164 255 1 82 143 147 268 212 181 226 177 137 133 95 48 177 210 138 58 250 139 166 200 183 284 263 233 197 92 195 37 135 133 265 251 84 94 136 83 187 224 64 141 66 42 135 167 108 192 211 150 68 197 241 219 87 153 271 75 48 239 179 176 249 193 145 193 238 154 216 260 143 18 155 168 180 168 112 262 210 235 202 124 215 106 234 182 285 171 258 192 209 158 142 94 147 158 52 172 113 270 43 30 227 194 231 125 241 284 83 234 185 181 187 203 156 59 243 227 204 253 112 140 135 139 104 142 119 154 181 46 102 135 147 68 207 26 113 148 165 121 100 162 220 164
 246 27 75 331 76 136 275 258 113 96 229 173 284 232 178 80 213 163 115 126 304 303 99 300 132 165 275 259 236 188 234 95 256 25 79 148 301 82 1 70 218 226 223 246 299 225 104 56 154 126 167 269 132 116 215 186 209 275 250 347 328 306 118 141 252 113 120 99 238 303 150 23 71 141 129 296 77 182 53 41 194 146 178 158 257 104 145 276 304 291 96 148 239 108 122 287 104 237 316 248 116 132 289 213 290 327 224 69 207 207 105 248 160 227 148 223 121 70 254 144 306 141 257 128 308 205 198 88 126 158 70 208 117 119 32 237 119 53 198 270 265 205 304 253 5 289 266 254 258 127 107 115 281 288 260 316 59 174 209 208 131 205 105 141 254 73 177 89 85 88 146 106 57 205 236 107 69 96 288 93
 316 65 101 358 136 202 285 313 83 156 180 205 329 250 246 76 267 218 183 146 330 372 139 322 87 234 339 317 206 126 187 164 325 53 29 125 315 143 70 1 262 170 212 315 342 294 153 67 223 181 145 338 191 160 165 209 277 321 319 375 360 347 61 211 279 178 175 74 193 323 219 52 20 210 149 337 146 250 88 104 263 195 246 115 272 143 198 328 335 330 162 205 189 177 174 303 37 306 351 317 89 145 307 283 335 362 282 128 277 275 38 307 230 176 81 191 84 41 265 212 347 94 209 81 325 198 171 19 180 227 16 277 185 147 50 187 185 115 154 317 270 267 374 205 67 311 323 297 299 112 143 184 288 357 285 345 44 188 276 249 199 240 99 122 322 117 243 132 30 157 157 168 40 274 304 100 70 112 323 24
 224 205 285 132 242 236 145 80 329 252 298 67 68 99 231 298 56 73 216 126 111 259 124 119 245 170 156 97 246 310 291 168 220 241 284 205 146 147 218 262 1 317 187 206 82 242 280 273 175 100 203 241 270 104 291 84 243 60 200 143 120 88 321 190 75 136 272 212 290 129 157 221 248 172 333 79 204 230 177 181 193 304 151 248 114 295 81 80 101 74 222 282 305 199 100 130 296 213 104 239 212 339 122 205 74 115 81 152 218 251 297 97 200 302 303 243 336 228 131 212 89 250 310 246 141 172 222 270 279 167 271 225 156 317 248 304 135 170 265 58 154 100 252 311 219 111 97 36 41 344 301 170 153 249 84 114 219 114 148 17 222 38 183 196 173 149 132 280 251 204 353 128 223 205 174 184 195 307 76 276
 454 205 270 356 300 359 254 391 229 320 32 251 378 250 398 240 350 311 337 200 330 508 229 314 96 369 445 402 105 49 46 302 460 217 187 115 287 268 226 170 317 1 158 447 381 441 321 236 361 282 115 476 356 246 29 237 427 370 448 374 369 384 183 355 292 302 342 136 52 309 350 203 159 348 314 373 298 401 204 241 401 363 372 77 261 311 291 396 345 364 320 371 34 327 272 285 161 442 370 459 124 308 294 421 381 377 373 251 420 427 160 397 375 24 100 95 221 157 243 363 382 88 54 100 304 161 103 153 347 361 181 423 319 314 217 33 308 248 54 372 233 369 506 48 222 306 406 346 342 262 311 323 253 493 293 350 169 206 396 301 353 282 152 125 440 224 363 300 144 309 318 285 170 414 428 150 170 278 347 151
 378 197 294 199 290 326 97 266 293 308 131 130 236 100 348 282 233 211 301 114 174 424 158 157 137 299 337 282 64 175 120 252 379 231 239 89 130 212 223 212 187 158 1 365 234 379 324 265 297 198 70 399 341 162 130 106 372 230 362 217 214 236 261 300 141 235 333 138 116 152 281 207 193 287 348 226 268 350 174 210 332 363 293 119 105 326 196 263 191 217 292 357 135 286 188 128 230 365 217 389 124 348 137 349 238 223 259 201 355 376 230 280 318 137 198 66 293 174 86 316 234 136 132 143 146 20 59 206 341 293 227 360 258 340 236 135 239 209 109 234 76 266 420 135 220 150 282 207 201 322 329 268 96 412 141 194 177 82 306 172 315 150 120 90 343 172 277 311 184 276 361 216 181 345 338 118 157 312 197 210
 22 255 266 325 202 141 348 155 338 193 439 238 221 298 96 300 152 156 145 260 311 62 222 323 354 82 86 137 412 420 438 153 15 267 322 339 352 181 246 315 206 447 365 1 243 61 221 279 93 171 349 36 180 209 428 264 77 217 12 330 305 249 359 108 280 146 196 313 440 333 99 265 312 106 285 247 175 91 246 215 54 213 76 371 318 244 170 180 295 249 167 181 449 144 181 335 349 17 284 40 324 296 328 38 227 294 129 198 54 88 350 127 92 440 388 404 351 303 332 115 252 362 461 351 346 346 378 332 198 90 315 60 132 267 273 447 140 205 404 206 354 108 60 460 249 315 144 217 228 334 251 132 357 48 289 307 290 284 60 214 134 234 297 329 47 224 89 237 324 164 306 163 291 47 34 299 280 282 266 337
 263 286 365 89 319 305 160 89 410 327 358 141 23 135 291 379 107 147 287 201 86 284 205 105 317 230 169 107 297 380 349 244 255 322 365 273 144 226 299 342 82 381 234 243 1 290 356 354 238 179 268 275 342 185 353 147 296 29 233 90 65 8 401 256 94 211 346 288 347 117 221 302 327 238 412 10 281 289 257 261 246 377 208 316 136 372 159 65 65 18 296 353 364 272 180 132 376 253 44 280 286 418 121 253 17 53 119 233 269 306 376 117 262 363 378 297 416 306 157 278 10 322 364 320 131 224 281 349 353 229 352 277 228 396 329 363 209 250 328 39 177 147 274 367 300 104 101 47 43 425 379 241 168 277 96 74 299 177 193 94 291 105 258 265 200 230 189 358 329 279 432 205 303 255 210 259 274 387 41 355
 43 239 229 367 167 99 377 204 303 154 437 260 268 325 50 265 190 179 113 268 351 89 226 360 345 81 145 188 420 408 438 140 58 243 296 340 385 177 225 294 242 441 379 61 290 1 178 248 84 182 352 56 133 218 425 286 21 263 72 375 350 297 330 87 314 147 150 306 441 370 99 246 294 95 239 294 149 46 238 201 50 162 92 366 347 200 187 230 337 294 134 130 447 118 192 368 324 45 330 31 319 251 362 38 274 340 172 192 25 31 326 177 67 437 371 410 316 289 359 82 300 354 461 342 381 360 383 312 151 87 291 20 126 222 247 445 142 194 402 252 379 146 96 459 228 352 196 259 269 294 207 119 385 76 323 350 276 300 98 246 98 263 294 329 105 221 111 197 308 138 259 165 276 38 86 297 271 242 309 316
 213 130 59 406 39 81 367 293 132 32 328 253 337 319 129 97 255 210 81 220 380 266 182 380 231 156 279 287 339 278 334 114 226 106 142 251 389 137 104 153 280 321 324 221 356 178 1 89 142 181 270 231 48 192 314 271 158 329 229 420 398 363 168 122 331 146 30 201 339 386 151 124 163 134 66 355 77 134 151 118 170 44 178 259 344 24 200 317 376 352 64 58 338 91 183 374 172 207 383 207 218 76 373 184 344 394 255 137 170 151 174 275 132 325 231 326 146 169 346 108 365 239 357 226 393 306 301 170 32 151 143 167 132 48 105 336 149 123 298 321 359 229 271 353 107 370 295 312 319 118 31 120 373 252 339 389 160 266 209 274 88 278 208 244 248 159 188 24 178 79 87 153 157 175 226 210 172 67 355 173
 276 75 35 385 82 151 326 310 62 99 246 227 338 284 199 26 265 215 137 178 358 332 154 353 152 202 319 309 268 192 253 136 288 37 54 182 353 133 56 67 273 236 265 279 354 248 89 1 189 179 202 297 131 171 232 239 230 330 285 401 383 360 84 172 306 161 114 130 259 356 190 61 81 177 85 351 106 203 105 94 226 130 219 180 309 77 198 329 359 345 115 144 255 137 176 340 85 268 371 274 147 84 342 244 345 382 274 123 235 225 86 298 189 242 143 253 73 94 305 168 361 159 276 146 360 248 231 84 118 195 56 234 159 81 30 254 166 106 219 324 314 253 335 271 56 343 316 308 313 72 76 154 330 317 314 370 89 224 250 263 151 260 146 177 295 127 221 67 95 116 98 157 85 235 275 148 110 48 342 86
 95 164 179 306 116 71 301 162 249 112 356 181 217 249 58 210 132 106 62 186 285 150 143 292 266 14 138 152 337 331 356 61 103 175 230 258 313 95 154 223 175 361 297 93 238 84 142 189 1 101 270 117 112 136 344 207 76 210 97 316 291 245 268 22 243 64 122 226 359 300 19 173 221 14 207 240 84 57 158 124 42 149 37 286 272 164 109 187 275 239 82 120 365 55 110 296 257 84 273 99 238 217 291 61 224 284 123 111 61 81 258 139 26 356 298 327 261 213 282 42 247 275 379 263 311 278 301 240 127 11 223 65 44 189 181 364 59 115 321 200 302 95 151 377 157 283 160 200 209 248 172 40 309 136 253 288 200 219 68 176 58 190 213 247 108 139 51 155 233 74 228 82 200 54 87 215 192 197 248 246
 181 118 187 226 143 146 204 134 237 154 272 83 162 152 155 204 88 38 123 90 202 232 55 204 193 102 166 137 243 261 270 72 184 149 199 171 219 48 126 181 100 282 198 171 179 182 181 179 101 1 179 203 175 39 261 108 176 153 170 240 218 186 238 108 154 43 176 153 271 211 84 134 171 92 234 177 106 156 96 86 134 208 97 206 177 195 21 151 197 173 125 189 281 106 12 203 217 169 203 192 161 240 200 152 168 214 102 57 158 181 218 127 124 273 239 234 246 155 184 127 187 201 292 192 220 179 208 194 183 96 187 163 66 218 157 279 45 74 236 147 203 90 228 291 127 194 143 134 140 250 202 79 212 218 163 209 143 119 116 94 132 100 131 160 159 67 83 181 179 107 254 29 146 148 147 133 125 209 175 200
 358 141 233 251 239 285 158 278 226 259 97 137 264 141 315 217 238 203 261 91 224 410 128 210 69 275 337 290 71 116 92 216 362 171 172 21 191 177 167 145 203 115 70 349 268 352 270 202 270 179 1 380 293 141 89 123 342 257 348 270 261 271 192 268 181 207 283 74 93 207 256 148 127 258 287 260 224 317 125 164 308 311 274 54 157 269 184 282 237 252 248 310 105 247 169 184 162 346 260 367 57 285 192 327 268 268 262 163 330 344 162 286 288 100 131 59 225 110 142 281 270 69 114 75 205 60 33 138 290 268 160 334 228 280 175 104 213 166 63 258 139 261 407 113 164 201 293 232 229 256 271 235 159 396 184 243 115 92 294 188 276 168 64 27 336 133 262 254 117 234 298 189 118 321 326 62 99 250 236 142
 24 280 280 358 218 152 383 187 354 206 470 273 253 333 103 316 187 190 161 293 345 36 253 357 382 109 113 169 445 447 469 178 22 289 343 370 387 210 269 338 241 476 399 36 275 56 231 297 117 203 380 1 187 241 458 299 76 250 43 363 338 282 379 128 315 176 204 341 471 368 127 289 337 130 294 280 195 98 274 240 77 217 108 401 352 254 203 212 329 283 183 185 479 163 214 370 370 35 317 26 353 305 362 57 259 327 163 226 64 85 372 160 110 470 413 436 367 329 367 130 284 390 492 379 380 380 410 355 205 116 336 66 159 276 293 478 170 232 434 239 389 143 41 490 272 350 176 251 262 347 261 156 391 21 324 341 316 318 95 249 148 269 327 360 77 253 122 250 349 184 313 193 317 65 68 329 308 295 300 361
 170 156 104 399 57 43 372 271 178 37 360 254 321 322 86 143 237 198 56 231 376 221 189 378 263 124 246 262 364 315 365 104 184 140 184 276 391 138 132 191 270 356 341 180 342 133 48 131 112 175 293 187 1 195 346 275 113 314 189 412 389 349 212 91 328 135 19 229 369 385 125 154 198 107 107 342 75 91 170 132 132 38 148 289 347 70 192 296 369 339 52 17 370 71 179 375 214 166 372 163 246 119 373 144 328 383 232 144 128 105 216 249 96 358 270 351 192 201 352 72 350 272 388 258 393 322 325 209 19 122 183 124 115 90 141 368 136 133 329 305 368 204 227 384 135 368 271 299 308 165 76 102 379 208 337 382 190 276 177 266 55 274 231 268 211 170 161 69 213 70 127 147 188 135 189 233 197 113 345 212
 220 101 186 217 154 171 179 158 226 168 234 62 171 128 188 196 112 67 147 52 191 270 22 190 159 139 201 164 204 227 232 95 223 138 181 133 198 58 116 160 104 246 162 209 185 218 192 171 136 39 141 241 195 1 224 81 211 163 208 233 213 191 219 140 140 74 192 120 233 195 120 118 147 126 238 181 121 189 74 81 171 224 135 170 154 203 47 170 190 175 144 210 243 130 29 183 195 208 201 229 126 242 182 190 177 212 131 56 195 215 196 157 157 236 210 196 232 128 158 158 192 166 253 158 202 143 170 170 199 132 169 200 97 224 146 242 78 72 199 159 175 125 267 253 116 179 169 140 143 242 208 108 186 256 149 202 118 85 154 93 159 90 96 123 196 46 122 187 152 126 256 56 122 185 186 98 96 208 172 176
 435 193 266 328 290 347 226 366 232 310 15 226 351 222 383 238 325 288 324 176 302 489 208 286 84 351 423 378 78 60 26 286 441 209 186 92 259 250 215 165 291 29 130 428 353 425 314 232 344 261 89 458 346 224 1 210 412 344 428 346 341 356 188 339 264 283 333 121 33 281 332 193 153 331 313 345 285 386 188 226 384 356 353 60 233 306 269 370 317 337 307 362 25 313 251 257 163 424 342 442 107 308 266 403 354 349 349 234 403 413 162 373 359 13 106 68 226 146 215 348 355 76 45 89 276 133 75 150 339 343 179 406 301 311 210 23 290 232 27 346 206 347 487 40 212 278 381 319 315 265 307 307 225 475 265 322 157 179 376 276 340 256 133 102 419 206 342 294 138 296 319 266 159 397 407 130 155 276 320 150
 279 164 259 150 233 251 98 162 286 248 216 27 142 48 262 261 128 110 226 64 122 323 91 116 172 207 231 177 164 234 209 175 278 203 235 127 119 139 186 209 84 237 106 264 147 286 271 239 207 108 123 299 275 81 210 1 281 135 260 167 152 151 268 215 71 149 272 146 208 119 189 180 192 199 312 140 202 262 135 156 237 304 196 170 74 280 100 162 127 132 224 290 223 210 100 104 240 267 146 291 142 316 104 253 146 156 154 135 261 287 240 174 230 220 234 161 290 171 78 234 150 176 227 175 124 90 140 213 280 201 222 268 173 300 210 222 152 149 184 137 96 162 317 228 185 105 178 110 107 308 285 185 106 311 77 137 166 32 205 68 238 47 116 119 240 116 179 264 191 206 330 133 170 250 235 116 140 280 119 218
 61 225 210 371 149 80 374 211 284 135 425 256 274 322 32 246 194 177 95 260 353 109 217 361 332 76 158 197 410 394 426 127 77 226 278 328 384 166 209 277 243 427 372 77 296 21 158 230 76 176 342 76 113 211 412 281 1 268 88 379 354 303 312 74 314 138 130 292 429 370 93 230 278 86 219 299 133 28 225 187 51 142 92 353 345 181 183 238 340 299 117 110 434 102 185 367 307 61 334 51 306 231 362 47 280 345 177 180 29 12 309 185 55 424 355 399 297 274 356 66 305 340 449 328 381 352 373 295 131 82 273 21 116 202 230 433 134 181 390 257 376 150 116 447 212 352 205 262 273 275 187 107 382 96 323 353 261 294 104 246 80 262 283 318 119 210 111 177 292 121 239 157 261 43 99 285 258 223 312 300
