NAME : domp180p60v9
COMMENT : (Deleplanque et al.) 
TYPE : DOMP
DIMENSION : 180
DISPLAY_DATA_TYPE: NO_DISPLAY
OPEN_FACILITIES : 60
COST_SECTION
 1 109 98 166 215 191 214 144 143 307 182 273 173 145 182 192 60 107 220 92 112 152 182 260 141 233 68 180 155 217 149 237 114 99 188 300 99 218 94 99 171 215 247 228 217 101 102 201 194 143 102 195 139 136 136 83 265 102 141 169 203 150 105 144 122 266 240 42 85 50 72 110 208 203 178 191 187 81 127 151 46 152 59 60 52 197 144 333 216 255 62 65 137 257 124 176 84 144 120 168 68 226 137 83 190 250 245 113 287 123 206 137 112 211 233 175 190 63 262 143 144 153 267 218 55 149 63 212 282 118 147 147 141 286 197 219 141 90 215 118 84 50 245 152 146 200 303 213 238 49 179 289 183 12 268 238 230 141 252 21 232 82 211 174 130 187 216 188 196 132 35 231 95 39 151 214 160 76 124 124
 109 1 197 174 322 198 322 217 251 402 290 370 281 243 288 251 66 195 326 199 48 241 197 362 192 322 134 220 144 306 228 341 211 157 163 385 205 323 146 192 238 309 331 330 323 201 204 161 299 202 111 300 245 186 166 174 362 206 96 219 281 158 162 168 220 368 345 125 111 107 173 62 316 165 275 291 205 182 115 258 137 173 88 166 135 300 174 421 256 345 60 167 207 365 232 154 73 90 13 262 59 333 180 183 290 340 334 172 387 231 309 196 74 200 339 180 179 114 369 82 75 256 360 322 63 161 76 303 386 95 219 255 175 380 269 327 245 67 224 73 144 77 342 254 250 246 388 282 344 68 220 386 230 99 374 341 314 249 349 89 340 177 290 279 181 294 320 251 290 240 77 327 201 111 258 321 126 56 117 44
 98 197 1 248 138 272 155 71 79 285 124 176 113 142 145 124 133 140 178 79 208 168 260 226 204 137 144 244 245 217 68 199 17 77 280 204 34 174 169 127 98 207 253 194 135 8 16 226 107 199 130 153 110 200 213 123 168 100 187 226 225 150 79 130 127 229 197 72 175 94 101 172 140 297 81 96 263 99 221 107 113 138 154 45 122 165 219 236 163 158 158 34 182 180 74 268 142 194 208 71 142 148 206 103 95 245 149 77 192 61 173 193 166 208 189 258 193 92 209 240 241 133 257 178 135 233 160 115 241 214 76 90 216 189 226 156 54 150 193 173 75 121 226 134 124 144 207 133 152 129 241 264 241 109 182 147 136 93 155 117 172 115 228 89 195 136 179 115 191 87 130 216 35 87 77 137 191 173 216 196
 166 174 248 1 315 27 289 306 250 299 266 407 263 182 241 356 191 134 270 191 129 156 24 286 69 381 105 64 37 203 310 275 264 263 55 448 231 271 81 144 334 216 212 262 323 248 244 330 311 83 251 253 212 67 38 136 400 179 263 77 160 303 269 303 169 293 285 207 83 210 155 225 297 79 319 325 33 162 61 233 137 310 114 204 127 241 36 476 380 401 136 217 105 350 228 49 217 260 175 315 192 325 55 159 324 232 393 277 411 239 247 83 235 359 282 11 337 223 316 111 121 206 253 265 181 17 119 357 313 81 310 245 40 424 143 298 270 217 371 237 248 191 252 203 206 364 451 375 348 181 66 291 79 159 372 358 382 233 387 157 303 145 171 293 68 261 260 351 202 227 154 236 227 202 265 313 291 128 58 217
 215 322 138 315 1 332 48 176 73 197 51 117 52 140 87 213 263 181 90 133 322 173 318 132 251 136 227 282 327 178 164 108 130 211 361 181 119 84 242 172 190 160 210 112 16 131 125 360 38 239 266 82 104 251 278 183 113 138 323 261 213 281 211 259 147 131 99 204 265 228 169 307 26 382 95 78 316 160 311 83 202 266 258 158 209 103 280 193 259 139 273 160 216 44 94 350 277 330 334 113 272 12 262 161 76 189 140 206 107 92 104 237 302 334 92 324 323 228 91 347 351 115 189 93 263 303 268 118 134 312 180 73 276 139 225 40 85 285 310 309 212 251 154 118 112 241 184 196 37 257 279 176 272 225 58 58 152 84 105 235 54 175 209 51 248 62 99 200 155 91 248 155 123 218 65 2 327 286 305 329
 191 198 272 27 332 1 303 331 269 301 282 427 280 196 255 381 217 152 281 211 152 167 15 294 82 403 129 62 56 208 334 285 287 289 59 470 253 283 104 163 359 223 212 272 341 271 267 355 330 95 277 266 229 81 59 157 420 198 289 81 163 329 295 329 186 301 295 233 109 236 177 251 313 81 341 346 21 183 85 250 161 336 141 228 151 253 54 498 406 422 162 241 118 365 248 59 243 284 198 338 218 342 71 180 345 235 415 303 430 259 258 96 260 384 292 19 362 249 327 131 141 220 255 276 207 43 145 380 320 104 335 264 58 445 145 313 291 243 398 262 274 217 258 218 222 390 473 400 365 207 65 295 78 185 389 377 405 251 408 183 317 166 174 313 85 276 271 376 210 245 180 242 250 228 285 330 316 153 83 241
 214 322 155 289 48 303 1 206 77 152 33 163 43 109 50 249 268 157 43 124 314 139 289 86 223 181 212 250 305 134 195 62 151 230 338 228 128 37 222 150 224 114 164 65 63 147 140 379 79 209 281 40 82 224 253 165 160 122 336 228 172 304 232 283 122 87 53 212 250 237 156 315 24 361 134 119 286 146 294 65 191 290 249 163 197 59 254 239 294 185 268 169 186 64 92 328 285 342 332 149 277 53 235 146 117 142 186 229 150 98 59 208 312 360 46 298 346 239 55 335 340 84 142 47 266 279 259 162 93 298 211 69 250 185 185 11 106 293 340 319 228 256 107 87 85 276 231 236 81 260 246 130 238 223 93 105 196 74 152 233 19 158 167 82 222 30 52 236 112 83 246 108 131 225 79 47 344 279 287 335
 144 217 71 306 176 331 206 1 138 347 179 167 169 211 207 55 152 208 237 149 241 238 320 285 268 110 203 309 297 286 15 258 63 61 330 170 103 232 229 195 30 274 321 255 168 76 83 192 139 265 119 214 177 264 273 189 159 169 174 292 295 113 57 89 197 288 254 104 227 114 168 174 187 344 87 108 324 167 270 170 172 94 201 107 181 228 280 207 94 134 195 93 250 214 140 318 148 183 228 68 159 183 269 171 109 312 122 47 192 125 236 259 164 159 246 315 150 104 260 278 276 201 322 237 159 290 203 97 297 259 6 151 277 172 296 205 102 156 135 170 74 143 290 202 192 75 172 71 177 154 306 326 307 152 205 161 100 157 148 158 222 182 298 127 259 193 239 47 259 153 167 282 104 114 130 176 167 210 266 202
 143 251 79 250 73 269 77 138 1 210 46 160 35 91 70 187 194 119 101 62 250 125 256 149 190 149 157 226 258 156 130 122 78 155 293 211 52 96 174 107 160 141 191 118 78 72 65 303 62 180 205 76 50 189 213 115 154 72 260 205 176 228 157 209 89 152 119 137 194 161 99 240 67 313 88 84 255 90 241 35 130 216 186 88 138 91 216 234 230 163 201 92 159 116 23 281 210 266 262 95 203 85 199 92 82 178 159 155 163 22 99 177 236 286 111 260 272 163 131 275 279 72 186 101 193 237 195 126 163 241 143 14 212 179 183 80 40 217 269 243 152 182 153 74 65 211 214 182 101 187 222 189 218 153 129 110 158 24 142 163 96 106 176 45 186 58 102 175 128 26 176 146 55 150 18 72 267 213 235 260
 307 402 285 299 197 301 152 347 210 1 171 306 181 163 142 395 365 208 113 223 378 163 288 66 236 331 271 240 329 100 339 92 287 358 353 374 253 119 265 211 369 94 91 94 212 278 270 499 229 222 397 135 179 241 274 230 305 207 445 223 140 431 361 413 186 67 99 323 302 345 235 416 175 377 283 270 281 227 332 179 268 421 316 275 268 121 270 379 439 334 344 286 206 190 212 347 389 449 410 297 373 198 253 225 268 68 336 360 286 225 113 225 417 491 107 305 475 352 113 385 393 158 47 112 360 298 328 313 70 344 352 198 266 328 158 158 248 395 477 423 351 355 63 158 166 420 377 385 224 355 237 23 224 313 223 250 347 193 299 321 144 228 129 231 243 156 109 382 113 199 331 76 254 332 220 196 460 349 325 428
 182 290 124 266 51 282 33 179 46 171 1 163 12 89 40 225 236 133 59 93 284 122 268 107 202 169 183 232 280 133 170 80 122 200 314 223 96 53 196 124 199 116 167 79 63 117 109 348 66 189 249 39 56 202 230 138 158 93 304 210 164 273 202 253 98 109 76 180 222 204 126 283 31 336 115 103 266 117 267 35 161 261 219 130 168 59 232 239 270 177 237 136 166 85 59 303 253 310 301 127 245 61 213 117 101 149 176 199 156 66 64 187 280 330 68 276 316 207 86 306 311 65 153 60 234 256 229 147 119 269 184 37 227 184 175 38 79 260 312 287 197 224 118 68 62 251 226 215 87 228 229 149 222 192 108 105 182 42 148 202 52 130 161 62 200 16 63 213 108 51 214 115 99 193 51 50 312 248 260 302
 273 370 176 407 117 427 163 167 160 306 163 1 159 246 201 173 305 278 205 217 383 280 414 243 349 63 308 385 412 294 153 222 161 224 446 70 180 199 329 266 162 275 326 227 102 173 173 355 101 339 284 197 206 348 370 272 9 230 340 364 326 277 221 253 248 241 211 246 343 265 253 336 141 465 96 84 414 246 391 186 278 257 327 216 287 218 374 78 213 45 333 209 318 118 181 435 308 349 382 109 313 112 357 249 85 305 56 212 33 169 220 336 327 313 206 417 309 259 195 415 416 223 304 209 308 393 334 71 239 387 168 168 370 23 336 154 139 316 279 334 232 294 269 226 218 201 72 141 84 303 381 286 377 284 87 59 81 181 22 293 165 263 323 116 344 176 214 162 269 185 305 271 185 260 144 118 333 348 385 363
 173 281 113 263 52 280 43 169 35 181 12 159 1 89 46 215 226 130 69 86 277 123 266 118 200 162 178 232 276 139 159 90 111 189 310 218 86 64 191 121 189 122 173 88 63 106 99 338 61 188 239 48 52 200 227 133 154 88 294 210 168 263 191 242 96 120 86 170 216 195 120 273 37 331 106 96 265 110 262 31 155 250 212 121 161 66 229 236 260 171 229 126 165 90 50 299 243 300 292 118 235 63 211 112 94 157 170 188 155 56 72 185 270 320 78 273 306 197 97 300 304 65 162 70 225 252 222 140 130 264 174 27 224 180 178 47 68 251 301 277 187 215 127 68 61 241 221 206 87 219 228 159 222 183 110 103 174 35 144 193 61 124 165 54 197 26 73 203 113 43 206 123 89 183 40 51 302 241 255 293
 145 243 142 182 140 196 109 211 91 163 89 246 89 1 61 264 203 54 92 66 224 35 182 121 115 240 116 144 200 78 207 102 150 205 232 301 109 92 120 52 237 72 112 91 151 137 129 340 146 102 237 73 42 116 147 70 241 48 284 122 87 276 209 261 24 128 109 163 152 185 73 254 119 255 177 174 179 65 192 61 107 269 159 119 109 63 147 322 304 253 185 132 79 170 77 222 227 287 252 183 211 149 128 63 172 109 249 211 243 93 71 100 255 337 104 191 319 193 139 239 245 26 125 87 198 173 171 216 146 199 216 81 142 267 93 118 127 233 329 261 196 193 101 23 29 285 304 266 175 193 140 146 133 151 196 191 248 68 230 160 123 67 88 134 115 82 83 254 53 67 170 88 108 171 108 138 299 192 185 266
 182 288 145 241 87 255 50 207 70 142 40 201 46 61 1 255 239 111 39 91 275 90 241 83 175 207 169 201 259 94 199 57 146 218 291 262 113 37 177 106 229 77 128 50 101 138 130 363 105 161 262 14 44 176 206 122 197 83 314 179 127 292 221 273 76 88 59 189 207 213 117 289 64 314 150 141 238 107 249 39 153 281 209 139 157 23 206 278 299 216 232 149 138 112 72 281 260 319 298 161 248 96 188 106 139 112 215 220 193 85 30 160 287 351 52 250 335 218 83 294 299 37 118 37 236 232 221 185 102 255 212 57 202 223 139 59 108 267 336 294 213 228 84 40 40 280 265 249 123 230 198 121 190 191 140 143 219 52 187 200 63 116 123 99 174 26 36 244 69 59 212 79 114 200 81 86 325 241 243 305
 192 251 124 356 213 381 249 55 187 395 225 173 215 264 255 1 190 262 283 203 281 292 372 331 321 111 254 362 345 338 59 304 115 98 378 154 156 277 280 249 28 326 373 302 202 129 136 188 175 318 143 261 229 317 325 243 166 223 189 346 348 116 92 94 250 333 299 151 276 155 222 200 228 390 118 138 376 221 317 220 224 94 248 161 233 277 332 192 47 132 238 146 304 245 191 365 179 200 261 101 195 218 322 225 139 363 119 83 203 175 284 313 188 142 291 366 140 143 301 319 316 253 372 284 198 340 248 109 340 305 50 199 329 171 350 246 148 185 107 193 113 182 339 254 244 30 155 37 206 194 359 373 361 200 230 185 93 207 158 204 262 235 351 167 311 239 286 14 311 203 212 332 157 159 176 213 174 253 314 228
 60 66 133 191 263 217 268 152 194 365 236 305 226 203 239 190 1 164 278 149 93 210 211 319 185 256 113 221 170 274 163 295 147 94 198 320 145 274 135 157 175 274 304 285 263 138 141 149 237 190 61 251 196 179 170 140 297 160 85 213 258 114 99 116 180 324 297 62 111 41 131 52 260 206 210 227 218 139 139 206 101 123 79 107 104 255 178 356 201 280 56 105 188 306 177 186 29 86 78 197 10 274 177 141 226 308 268 109 323 173 264 184 54 169 290 199 147 50 318 130 127 211 326 275 11 175 73 238 340 123 155 200 177 315 250 272 183 32 182 60 80 13 304 210 204 189 323 219 283 13 220 348 227 54 312 278 249 196 284 47 286 139 266 218 173 242 273 189 254 187 42 290 141 47 199 262 107 68 138 68
 107 195 140 134 181 152 157 208 119 208 133 278 130 54 111 262 164 1 145 65 173 47 138 173 73 260 64 109 149 113 207 155 153 187 182 325 113 144 67 14 236 115 141 143 190 137 131 307 179 63 207 124 79 72 98 25 271 49 247 89 98 251 192 240 36 180 162 136 99 154 43 214 163 204 196 199 138 42 139 100 63 249 109 103 62 116 100 350 297 277 137 118 44 217 98 171 190 249 203 197 171 192 82 38 197 147 271 197 280 111 124 59 217 313 157 144 293 164 191 186 193 75 166 140 157 124 121 236 198 146 213 113 95 296 93 166 145 195 311 222 175 155 149 73 74 279 328 271 214 152 106 193 104 111 239 227 265 100 259 118 173 29 104 163 68 129 136 254 96 94 126 133 110 141 135 180 266 143 133 223
 220 326 178 270 90 281 43 237 101 113 59 205 69 92 39 283 278 145 1 130 312 115 267 49 202 222 205 224 290 96 228 22 178 253 321 270 148 7 210 141 257 76 124 23 105 171 164 400 119 188 299 27 83 204 236 158 202 121 351 203 137 327 256 308 111 52 21 227 242 251 154 327 66 345 171 158 263 145 283 74 190 316 246 177 194 30 235 281 328 227 269 185 165 99 107 312 298 357 335 185 286 94 216 144 156 101 228 254 191 118 24 188 325 386 14 278 371 255 48 329 335 72 100 6 274 262 258 202 65 289 242 89 231 227 153 52 137 305 369 332 249 266 65 74 77 309 273 273 122 268 221 91 211 229 132 147 236 87 194 238 44 153 131 119 203 45 12 271 77 95 250 67 150 238 109 89 362 278 276 344
 92 199 79 191 133 211 124 149 62 223 93 217 86 66 91 203 149 65 130 1 192 90 198 171 135 196 95 173 197 143 146 147 90 140 232 262 50 127 113 52 176 136 178 138 139 75 68 278 122 127 175 103 48 133 154 55 210 21 225 153 147 211 144 196 49 176 149 101 133 124 37 199 122 252 133 136 199 29 180 60 70 204 127 54 77 107 158 288 241 214 145 67 108 174 40 220 170 229 209 133 158 145 142 32 135 174 207 146 223 49 116 123 198 273 142 200 255 131 171 215 219 66 188 127 146 177 137 172 192 180 154 61 154 235 148 130 82 177 264 204 131 138 161 65 57 222 265 209 162 140 170 203 168 101 190 170 201 52 198 111 142 46 150 104 129 97 125 193 118 44 123 149 47 111 76 132 238 156 174 215
 112 48 208 129 322 152 314 241 250 378 284 383 277 224 275 281 93 173 312 192 1 216 152 345 155 341 110 179 97 280 250 325 224 185 116 406 209 311 115 173 266 286 301 314 325 212 212 208 303 167 149 288 234 149 125 155 375 194 143 181 250 199 190 206 203 351 331 141 78 129 160 107 312 119 288 302 160 170 69 250 124 212 67 170 119 285 133 441 292 364 51 175 176 364 229 106 110 137 47 277 89 333 141 170 301 314 353 200 398 231 293 162 119 246 325 134 224 140 357 39 36 241 334 308 85 116 56 320 369 49 244 252 134 396 236 321 251 107 267 119 170 100 320 239 236 281 409 310 347 89 180 364 191 101 376 349 335 243 362 92 332 161 260 284 145 286 305 280 267 234 79 305 205 129 260 321 172 37 72 92
 152 241 168 156 173 167 139 238 125 163 122 280 123 35 90 292 210 47 115 90 216 1 153 134 88 273 109 112 178 66 235 120 178 225 208 335 137 116 105 54 265 70 95 108 184 164 156 352 180 74 251 101 76 91 123 71 275 70 292 90 58 293 230 280 42 141 130 178 140 197 83 260 151 232 210 208 150 78 175 95 109 289 154 139 108 86 122 356 330 287 182 153 52 201 109 199 236 294 249 215 217 182 103 75 206 101 282 233 277 125 92 74 263 355 127 164 336 207 161 226 233 59 120 110 203 149 166 249 160 185 243 115 117 301 60 148 159 241 350 268 215 201 105 56 63 311 338 296 208 198 109 149 101 157 228 225 281 102 264 164 151 72 62 168 90 113 105 282 52 100 173 90 135 184 141 171 311 188 168 269
 182 197 260 24 318 15 289 320 256 288 268 414 266 182 241 372 211 138 267 198 152 153 1 279 68 391 119 49 59 194 324 270 276 280 69 458 241 269 93 150 349 209 199 258 327 260 255 352 316 81 271 252 215 68 48 144 407 185 285 67 149 323 286 322 172 287 281 224 102 228 164 247 298 92 329 334 10 170 84 236 150 329 134 217 141 239 42 485 397 410 157 230 104 351 235 66 238 282 198 326 213 328 58 167 332 221 403 294 417 246 244 82 257 379 278 22 357 241 313 134 144 206 242 262 201 38 140 367 306 103 325 250 46 432 131 298 279 238 391 259 265 211 244 203 207 381 461 389 351 201 52 281 65 177 375 364 394 237 395 176 303 153 160 300 71 262 256 366 196 232 173 228 237 219 271 316 313 149 81 239
 260 362 226 286 132 294 86 285 149 66 107 243 118 121 83 331 319 173 49 171 345 134 279 1 219 266 236 233 311 89 276 28 226 300 339 310 195 55 237 172 306 72 104 34 147 219 211 445 164 204 344 74 125 222 255 191 241 159 395 213 136 374 303 355 143 8 34 271 271 294 191 369 110 363 218 204 274 182 308 121 226 363 280 221 229 65 253 317 376 269 305 231 184 129 154 331 340 400 372 233 327 133 234 180 202 77 271 302 225 166 56 205 368 433 41 293 418 300 54 358 364 108 67 49 314 281 292 247 27 317 290 137 249 265 154 93 185 347 417 374 295 308 40 109 115 357 313 320 160 309 230 45 219 268 162 186 281 134 235 277 79 187 127 166 223 93 48 319 85 141 288 53 196 281 157 131 407 313 301 384
 141 192 204 69 251 82 223 268 190 236 202 349 200 115 175 321 185 73 202 135 155 88 68 219 1 330 75 41 94 138 269 207 218 236 122 396 181 203 51 85 297 150 152 195 261 202 197 332 251 16 240 186 149 7 38 83 343 120 267 29 99 290 242 284 105 226 217 180 82 191 104 230 232 145 267 270 66 108 98 170 100 292 110 162 92 174 35 422 352 348 139 177 38 284 170 113 213 265 197 266 189 262 17 105 268 169 341 248 351 182 180 16 236 350 214 77 328 203 249 154 162 140 190 197 176 63 120 306 245 113 273 184 31 368 83 232 216 215 355 240 222 181 186 137 141 334 399 335 285 174 39 226 43 139 308 298 334 171 331 142 237 91 110 235 13 196 192 314 135 166 144 170 177 179 206 250 291 137 92 230
 233 322 137 381 136 403 181 110 149 331 169 63 162 240 207 111 256 260 222 196 341 273 391 266 330 1 278 368 381 300 97 242 121 170 415 68 151 216 301 247 101 283 334 244 121 135 138 294 104 322 228 207 199 328 345 249 56 213 282 348 325 217 166 193 235 266 233 200 310 216 228 283 158 432 65 67 393 223 357 182 247 196 290 180 256 227 350 101 151 25 291 170 302 155 165 403 256 292 333 67 264 136 335 226 69 317 13 157 94 151 231 318 273 251 226 391 248 209 224 374 375 220 320 225 261 366 295 25 268 350 110 160 346 63 332 174 116 264 216 279 180 246 285 222 213 138 71 79 115 256 365 310 362 243 132 89 20 172 50 251 189 240 324 109 323 184 229 100 273 174 263 283 155 213 133 136 274 306 352 310
 68 134 144 105 227 129 212 203 157 271 183 308 178 116 169 254 113 64 205 95 110 109 119 236 75 278 1 113 104 174 206 217 160 165 139 346 130 204 27 65 231 178 198 206 233 144 141 261 216 78 167 182 130 69 72 48 301 91 196 102 150 216 171 211 95 243 223 108 39 117 59 161 213 159 217 225 122 68 86 149 33 219 47 101 23 177 78 375 281 299 75 113 77 266 135 127 141 196 141 212 119 238 70 67 224 208 290 178 316 142 186 72 166 276 218 115 255 130 251 125 131 134 227 201 105 90 59 255 261 87 207 155 76 324 139 219 171 144 282 170 150 108 212 132 130 265 349 272 257 102 112 256 117 66 284 264 279 145 288 68 229 55 158 197 63 183 197 248 159 137 72 196 125 106 170 226 219 80 79 165
 180 220 244 64 282 62 250 309 226 240 232 385 232 144 201 362 221 109 224 173 179 112 49 233 41 368 113 1 98 147 310 226 258 276 116 433 220 227 88 122 337 163 151 214 293 242 236 367 285 47 278 212 181 46 56 122 379 157 301 23 102 328 282 323 138 241 237 220 113 229 144 263 262 139 305 307 42 147 114 202 140 331 144 203 132 197 47 458 392 385 172 217 68 313 206 111 249 299 223 305 225 292 45 144 305 173 379 288 385 219 202 52 271 387 235 67 366 242 269 169 179 169 194 219 211 68 152 344 260 133 313 218 47 404 83 260 253 251 394 274 262 218 197 166 171 375 437 375 317 210 5 233 17 178 339 332 373 205 367 179 262 131 112 270 52 224 214 355 151 201 180 182 217 219 242 281 326 167 109 260
 155 144 245 37 327 56 305 297 258 329 280 412 276 200 259 345 170 149 290 197 97 178 59 311 94 381 104 98 1 231 303 298 262 250 36 448 233 291 86 157 325 243 243 285 334 246 244 303 319 109 230 271 226 90 57 145 404 189 236 109 191 282 256 284 185 318 306 196 72 194 161 199 311 56 321 329 68 169 32 246 135 292 99 202 126 262 60 478 366 401 114 213 128 364 236 24 195 232 143 315 170 338 78 167 328 262 393 265 419 245 269 107 209 335 303 39 313 207 337 76 86 223 283 286 160 33 100 358 337 50 301 256 64 428 174 314 274 193 351 211 234 172 279 220 222 351 451 367 358 161 100 320 113 147 384 366 380 244 391 143 321 153 202 300 89 277 281 341 227 237 136 263 229 188 273 325 265 103 33 187
 217 306 217 203 178 208 134 286 156 100 133 294 139 78 94 338 274 113 96 143 280 66 194 89 138 300 174 147 231 1 280 89 224 282 257 355 184 100 167 119 311 21 37 77 193 212 204 415 198 123 313 97 110 143 176 136 290 124 357 128 48 352 286 338 98 96 101 239 203 260 146 325 154 281 241 233 188 139 233 121 175 346 219 196 174 77 172 370 379 309 248 209 107 194 148 250 300 359 314 250 282 185 155 136 231 35 308 288 283 164 76 126 327 414 102 210 396 269 133 286 294 86 55 91 268 200 231 277 115 245 291 143 168 315 66 144 194 305 406 333 273 266 51 85 95 360 359 336 213 263 144 89 132 221 226 235 311 133 280 229 139 136 39 191 145 119 85 327 28 136 238 37 184 246 170 177 374 252 227 335
 149 228 68 310 164 334 195 15 130 339 170 153 159 207 199 59 163 207 228 146 250 235 324 276 269 97 206 310 303 280 1 249 57 73 336 159 98 222 232 194 32 268 316 246 155 72 79 207 127 265 132 205 171 266 276 189 145 166 187 292 291 127 70 103 193 278 244 111 232 123 168 187 176 351 73 94 327 166 276 163 175 108 207 108 184 220 283 195 102 121 203 94 249 201 133 324 160 197 239 55 170 171 271 170 95 306 109 60 178 118 227 260 177 173 237 319 164 114 249 286 285 195 315 228 168 294 210 83 287 266 18 142 279 158 293 193 92 168 147 183 85 153 282 196 186 82 161 67 164 164 307 317 307 159 191 147 88 150 134 165 210 181 293 116 260 184 230 48 253 146 175 275 100 123 120 164 181 218 272 214
 237 341 199 275 108 285 62 258 122 92 80 222 90 102 57 304 295 155 22 147 325 120 270 28 207 242 217 226 298 89 249 1 199 274 328 288 168 28 220 153 278 69 112 14 123 192 184 419 139 193 318 47 100 210 242 171 219 136 370 205 134 347 276 328 123 31 13 245 253 269 169 344 85 351 192 179 266 160 292 94 205 336 260 195 208 42 241 297 349 246 284 205 171 111 127 319 316 375 350 206 303 111 222 158 177 87 247 275 206 139 33 193 343 406 17 283 391 274 45 340 347 86 83 22 291 269 271 222 46 300 263 110 237 244 150 69 158 323 390 350 269 284 49 87 92 330 291 294 139 285 223 71 212 245 145 164 256 107 212 254 58 166 126 140 210 66 22 292 76 115 266 56 170 256 130 107 381 292 285 360
 114 211 17 264 130 287 151 63 78 287 122 161 111 150 146 115 147 153 178 90 224 178 276 226 218 121 160 258 262 224 57 199 1 82 296 188 42 173 184 139 88 213 260 195 125 17 23 231 97 212 139 154 115 215 229 137 153 110 196 239 235 154 83 133 137 229 196 87 191 107 115 184 135 313 65 81 278 112 237 109 128 140 171 61 138 168 234 220 156 142 174 51 195 171 78 284 154 204 223 55 155 139 221 116 81 251 133 79 177 63 175 207 177 210 188 274 196 104 205 256 257 139 261 178 149 249 176 98 240 231 68 90 231 173 237 151 47 162 191 184 84 135 229 140 130 137 191 120 141 144 255 266 254 125 171 133 120 96 140 133 168 128 237 80 210 135 180 105 197 91 146 221 44 101 73 129 198 189 232 209
 99 157 77 263 211 289 230 61 155 358 200 224 189 205 218 98 94 187 253 140 185 225 280 300 236 170 165 276 250 282 73 274 82 1 281 230 106 249 191 175 82 275 316 268 206 84 91 150 177 236 61 227 180 231 234 164 216 159 118 262 282 75 7 57 186 304 272 57 181 58 145 114 215 293 135 155 285 148 220 181 137 65 152 88 145 238 241 267 118 194 141 74 225 252 147 269 88 127 168 118 100 220 233 152 155 313 181 17 247 136 246 229 105 135 265 272 118 46 284 222 219 202 326 252 101 247 152 154 316 208 63 165 239 230 279 231 128 95 126 111 16 85 297 202 193 103 233 126 220 97 274 337 277 105 249 209 160 167 204 108 248 159 286 161 225 211 253 97 257 160 115 286 105 63 152 210 117 155 218 142
 188 163 280 55 361 59 338 330 293 353 314 446 310 232 291 378 198 182 321 232 116 208 69 339 122 415 139 116 36 257 336 328 296 281 1 482 268 322 120 190 358 270 265 315 368 281 278 323 353 136 258 303 259 118 86 179 439 223 258 131 214 309 287 313 217 347 337 228 106 225 196 221 344 25 355 364 78 204 62 280 170 320 131 236 161 292 87 513 396 436 143 247 158 397 271 13 221 252 160 349 197 372 106 202 362 286 427 296 453 279 299 136 233 360 333 50 338 238 368 85 95 255 307 317 188 60 130 392 366 76 334 290 92 462 196 347 309 218 378 233 266 201 306 253 255 382 485 400 392 190 119 345 132 179 418 401 414 278 426 175 353 188 225 335 119 310 311 374 256 271 167 290 263 220 307 359 287 130 65 206
 300 385 204 448 181 470 228 170 211 374 223 70 218 301 262 154 320 325 270 262 406 335 458 310 396 68 346 433 448 355 159 288 188 230 482 1 218 264 368 312 154 338 389 292 166 203 205 341 158 387 287 260 260 394 412 315 70 278 338 413 384 268 226 245 299 309 278 266 377 280 294 343 206 500 130 128 459 289 424 241 314 246 357 247 323 280 417 39 183 49 358 237 367 187 229 470 317 349 397 134 327 178 402 292 130 369 56 216 97 215 283 383 332 291 272 458 292 272 263 441 440 280 369 274 326 433 362 92 307 417 169 221 413 49 393 220 181 325 252 338 242 310 335 282 273 176 4 117 151 321 430 354 427 310 156 125 72 234 77 318 232 306 382 168 389 237 279 146 330 236 329 335 222 278 195 182 326 372 419 371
 99 205 34 231 119 253 128 103 52 253 96 180 86 109 113 156 145 113 148 50 209 137 241 195 181 151 130 220 233 184 98 168 42 106 268 218 1 143 152 100 129 174 220 162 119 28 20 253 96 174 154 122 77 178 195 99 173 69 209 201 194 180 109 162 96 199 167 87 164 111 78 190 117 286 89 97 243 74 211 75 99 170 149 40 108 133 200 247 196 170 159 42 156 162 42 256 160 215 216 86 154 130 186 77 96 212 162 108 191 31 141 169 186 239 159 241 224 112 181 238 240 100 224 147 145 217 157 127 211 208 108 61 196 196 196 131 43 167 226 193 102 133 193 101 91 176 221 161 140 139 217 232 215 110 170 141 154 62 160 119 146 90 196 76 173 106 147 146 158 55 132 183 5 100 55 118 217 173 206 211
 218 323 174 271 84 283 37 232 96 119 53 199 64 92 37 277 274 144 7 127 311 116 269 55 203 216 204 227 291 100 222 28 173 249 322 264 143 1 210 140 252 80 129 29 99 167 159 396 113 189 295 24 80 205 237 157 196 119 348 205 141 322 251 303 110 57 25 223 241 247 152 324 60 345 165 152 265 143 283 70 189 311 245 173 193 31 236 275 322 221 267 181 167 95 103 313 295 353 333 179 283 89 217 142 150 106 222 249 186 114 26 189 322 381 17 279 366 251 48 328 334 71 106 10 271 263 256 196 69 289 236 84 232 221 156 46 131 301 363 328 245 263 71 73 75 303 268 267 117 265 223 97 213 226 127 141 230 83 188 236 40 151 135 113 204 39 17 265 81 91 248 73 145 234 103 83 358 277 276 341
 94 146 169 81 242 104 222 229 174 265 196 329 191 120 177 280 135 67 210 113 115 105 93 237 51 301 27 88 86 167 232 220 184 191 120 368 152 210 1 72 257 174 188 208 249 168 165 283 234 57 191 189 141 45 46 60 321 104 217 79 137 241 197 236 101 243 227 134 38 143 77 180 226 141 240 246 96 85 74 161 58 245 61 125 49 182 52 397 308 321 91 138 63 279 152 109 163 216 152 236 140 253 44 82 245 200 313 204 334 161 189 51 187 301 223 91 279 155 257 122 129 141 221 206 126 66 72 278 262 81 233 170 49 345 124 230 191 166 307 191 176 131 209 138 139 291 371 297 273 124 87 252 93 91 299 282 303 159 309 92 238 68 146 216 39 193 202 274 156 152 94 193 148 132 188 240 241 91 67 182
 99 192 127 144 172 163 150 195 107 211 124 266 121 52 106 249 157 14 141 52 173 54 150 172 85 247 65 122 157 119 194 153 139 175 190 312 100 140 72 1 223 119 149 142 180 123 117 299 168 76 198 119 70 83 108 19 259 36 239 102 108 241 181 229 31 179 159 126 102 144 31 208 155 212 183 186 149 29 145 90 57 238 108 91 58 113 110 338 284 264 134 106 57 208 86 179 183 242 201 184 164 183 93 25 185 152 258 184 268 98 121 72 210 303 154 154 283 154 187 189 195 70 170 137 150 133 120 223 197 150 200 102 106 284 105 158 132 188 300 215 164 148 151 68 67 266 315 258 204 146 119 195 117 104 229 215 252 90 247 112 167 19 114 151 80 122 133 240 99 83 121 136 97 131 123 170 258 141 138 218
 171 238 98 334 190 359 224 30 160 369 199 162 189 237 229 28 175 236 257 176 266 265 349 306 297 101 231 337 325 311 32 278 88 82 358 154 129 252 257 223 1 299 347 276 180 102 110 194 152 293 135 235 202 293 302 218 154 196 185 321 322 117 77 93 224 308 274 131 255 138 196 191 203 371 96 116 352 195 297 194 200 96 228 136 209 251 308 192 71 124 221 121 278 224 164 345 167 196 249 78 181 196 298 199 117 337 111 67 190 149 258 288 180 154 266 344 148 127 277 302 300 226 346 258 182 318 229 94 316 286 25 173 305 163 323 221 122 175 123 186 96 166 313 227 217 53 156 45 186 178 335 347 336 179 211 166 87 181 145 184 238 210 324 143 287 214 260 18 284 177 193 306 131 140 150 190 175 235 293 219
 215 309 207 216 160 223 114 274 141 94 116 275 122 72 77 326 274 115 76 136 286 70 209 72 150 283 178 163 243 21 268 69 213 275 270 338 174 80 174 119 299 1 52 58 174 201 193 411 181 135 309 79 98 154 187 137 271 119 355 143 66 346 279 331 95 79 81 235 210 256 144 324 135 294 226 217 204 136 243 107 175 339 223 189 175 58 184 352 368 292 251 202 116 174 136 262 298 358 317 235 281 166 166 134 215 39 291 280 264 151 57 137 326 408 82 223 390 264 113 295 302 75 53 71 268 212 235 261 98 253 279 129 180 297 83 124 180 304 398 332 267 264 37 74 84 348 341 323 194 263 159 80 148 221 206 217 295 120 262 229 119 136 58 175 155 101 65 314 20 123 239 21 174 243 155 158 371 256 236 336
 247 331 253 212 210 212 164 321 191 91 167 326 173 112 128 373 304 141 124 178 301 95 199 104 152 334 198 151 243 37 316 112 260 316 265 389 220 129 188 149 347 52 1 103 225 247 239 446 232 138 345 130 146 157 189 165 322 158 387 135 53 386 321 372 131 111 124 272 224 292 177 354 185 289 276 268 192 172 249 157 203 380 244 230 201 109 184 402 414 343 273 243 126 222 183 260 330 389 338 285 311 216 168 168 266 29 342 323 313 199 107 142 357 448 127 217 429 301 154 304 312 122 47 119 297 211 256 312 127 263 326 179 180 348 70 174 230 335 441 362 307 295 66 120 131 395 392 372 244 292 148 88 135 251 254 267 346 169 313 258 167 166 43 226 160 152 113 362 64 171 266 58 219 278 205 209 405 276 243 362
 228 330 194 262 112 272 65 255 118 94 79 227 88 91 50 302 285 143 23 138 314 108 258 34 195 244 206 214 285 77 246 14 195 268 315 292 162 29 208 142 276 58 103 1 127 187 179 412 140 180 311 42 91 198 230 159 224 127 362 192 122 341 270 323 112 39 25 237 241 261 159 336 88 339 192 180 253 149 280 88 194 331 249 188 197 32 229 303 346 249 273 198 158 120 121 306 307 366 340 205 294 116 210 148 178 79 250 269 213 134 23 181 335 401 25 270 385 267 57 328 335 76 78 20 281 256 260 223 57 288 260 106 224 249 138 74 155 314 385 341 262 275 43 77 82 327 295 293 144 276 210 72 200 235 152 169 258 101 216 244 65 155 114 140 197 64 17 290 64 108 256 46 164 248 127 111 374 281 273 351
 217 323 135 323 16 341 63 168 78 212 63 102 63 151 101 202 263 190 105 139 325 184 327 147 261 121 233 293 334 193 155 123 125 206 368 166 119 99 249 180 180 174 225 127 1 128 123 354 30 249 263 96 113 261 287 190 98 146 320 271 226 275 206 252 157 146 114 203 271 226 175 305 40 389 84 66 326 166 318 92 207 259 262 159 214 117 289 179 248 124 276 159 227 48 99 357 275 327 335 103 272 17 271 168 64 204 126 200 94 95 119 247 300 326 107 333 315 226 104 352 355 127 204 108 263 312 271 104 148 318 171 80 285 124 238 55 82 283 301 307 208 251 169 129 123 230 169 183 25 257 290 191 283 227 52 44 137 91 90 237 69 182 223 47 258 75 114 189 169 98 250 170 124 217 67 17 322 289 311 328
 101 201 8 248 131 271 147 76 72 278 117 173 106 137 138 129 138 137 171 75 212 164 260 219 202 135 144 242 246 212 72 192 17 84 281 203 28 167 168 123 102 201 247 187 128 1 9 233 101 196 137 146 104 199 213 121 165 95 193 223 221 157 86 138 122 222 190 78 176 100 99 178 133 298 78 91 262 96 222 100 113 145 156 46 122 158 218 234 168 157 162 37 179 173 68 269 148 201 213 70 147 141 205 100 91 239 147 84 188 54 166 191 173 215 182 258 201 99 202 243 245 127 250 171 140 233 162 113 234 216 81 83 215 186 222 149 48 156 200 180 83 126 219 128 118 149 206 136 146 134 239 258 238 112 176 141 136 87 152 121 165 112 223 82 193 129 172 119 185 81 133 210 29 92 70 130 198 176 217 202
 102 204 16 244 125 267 140 83 65 270 109 173 99 129 130 136 141 131 164 68 212 156 255 211 197 138 141 236 244 204 79 184 23 91 278 205 20 159 165 117 110 193 239 179 123 9 1 240 97 191 143 138 96 194 209 115 165 88 199 218 213 165 93 145 115 215 182 81 174 104 93 183 127 296 79 90 257 90 220 92 110 153 156 44 119 150 214 236 176 159 162 38 173 168 60 266 153 206 215 72 150 136 200 94 90 231 150 92 186 46 158 186 178 223 175 254 208 104 194 243 245 119 242 163 143 229 162 115 226 215 88 75 211 187 215 142 43 161 208 185 89 129 211 120 110 157 208 142 142 137 233 250 232 112 172 139 139 79 152 122 158 107 216 78 189 121 164 126 177 73 134 202 22 95 63 125 205 176 215 206
 201 161 226 330 360 355 379 192 303 499 348 355 338 340 363 188 149 307 400 278 208 352 352 445 332 294 261 367 303 415 207 419 231 150 323 341 253 396 283 299 194 411 446 412 354 233 240 1 325 338 104 374 323 326 314 283 348 294 68 361 404 81 150 104 318 450 419 178 256 156 270 106 365 324 278 298 360 277 272 326 246 100 224 226 250 382 323 379 164 317 197 216 335 400 293 314 120 72 165 259 144 369 323 280 299 448 304 155 383 284 391 331 97 60 412 337 51 148 433 241 233 342 464 398 158 315 216 286 463 253 190 313 322 356 396 381 277 118 100 94 152 154 438 342 334 167 342 225 367 160 366 480 374 199 395 352 279 313 338 194 397 281 411 310 320 359 398 197 392 306 190 425 251 170 302 359 43 204 274 118
 194 299 107 311 38 330 79 139 62 229 66 101 61 146 105 175 237 179 119 122 303 180 316 164 251 104 216 285 319 198 127 139 97 177 353 158 96 113 234 168 152 181 232 140 30 101 97 325 1 240 235 104 106 250 274 176 95 133 292 264 227 246 177 224 148 165 131 177 253 200 159 278 56 373 58 41 316 150 300 86 188 230 242 135 196 124 277 176 221 112 254 134 218 76 83 342 248 300 310 75 246 45 260 153 39 214 111 172 102 75 128 237 272 298 124 320 287 199 127 331 334 124 217 121 238 298 250 84 169 299 143 68 273 121 237 73 55 256 273 279 180 225 182 126 118 203 161 159 46 232 282 208 277 204 76 49 118 81 84 214 90 167 225 21 246 81 126 163 173 86 227 180 100 191 47 39 294 267 294 302
 143 202 199 83 239 95 209 265 180 222 189 339 188 102 161 318 190 63 188 127 167 74 81 204 16 322 78 47 109 123 265 193 212 236 136 387 174 189 57 76 293 135 138 180 249 196 191 338 240 1 243 172 137 20 53 77 333 111 273 28 86 292 241 285 94 211 202 180 92 193 99 236 219 160 259 261 78 102 112 158 100 293 117 159 93 159 50 412 350 339 147 173 24 271 160 128 218 272 207 259 195 249 32 98 259 155 333 247 340 173 165 7 242 353 199 91 332 205 234 167 176 127 176 183 181 78 128 298 230 126 270 173 46 358 70 219 207 221 356 247 222 185 171 124 128 332 390 330 273 179 44 212 43 142 296 287 327 160 321 145 223 85 96 225 23 183 178 311 120 155 149 155 171 181 196 238 296 147 106 238
 102 111 130 251 266 277 281 119 205 397 249 284 239 237 262 143 61 207 299 175 149 251 271 344 240 228 167 278 230 313 132 318 139 61 258 287 154 295 191 198 135 309 345 311 263 137 143 104 235 243 1 273 220 234 228 183 276 191 58 268 304 53 64 58 216 348 318 75 170 54 168 58 268 265 195 214 277 175 199 225 147 64 138 124 153 280 237 324 146 252 117 115 238 309 193 246 39 67 121 178 62 276 233 178 214 345 240 73 307 184 289 237 46 111 311 259 90 46 334 186 182 240 361 297 71 235 133 214 362 183 120 213 235 290 298 283 183 45 122 52 56 61 335 240 231 136 289 176 278 71 276 378 282 102 308 269 217 213 264 99 299 180 310 217 228 259 297 146 290 205 99 323 151 68 205 266 64 128 198 86
 195 300 153 253 82 266 40 214 76 135 39 197 48 73 14 261 251 124 27 103 288 101 252 74 186 207 182 212 271 97 205 47 154 227 303 260 122 24 189 119 235 79 130 42 96 146 138 374 104 172 273 1 57 188 218 135 193 96 325 190 133 301 230 282 89 77 47 200 220 224 130 301 57 326 153 142 249 120 262 48 166 290 222 150 170 22 218 274 305 215 244 159 149 103 81 294 272 330 310 165 260 89 199 119 140 111 214 229 187 93 25 171 299 360 40 262 345 229 70 307 312 50 115 26 248 244 234 186 91 268 218 64 214 219 146 50 114 278 344 306 223 240 80 52 53 286 263 253 117 242 208 114 200 203 132 139 220 61 184 213 52 129 129 100 186 24 27 249 74 69 225 77 124 212 86 81 336 254 255 318
 139 245 110 212 104 229 82 177 50 179 56 206 52 42 44 229 196 79 83 48 234 76 215 125 149 199 130 181 226 110 171 100 115 180 259 260 77 80 141 70 202 98 146 91 113 104 96 323 106 137 220 57 1 148 176 84 200 41 271 159 127 253 184 236 44 130 102 147 168 170 75 246 86 281 137 133 214 65 213 22 111 244 168 98 116 61 177 281 270 212 189 108 114 139 39 248 217 276 255 143 205 114 159 65 131 136 208 184 205 55 70 134 244 314 96 221 297 176 125 254 259 25 148 80 192 201 179 175 145 216 182 40 173 226 134 90 87 224 302 251 174 185 118 26 16 251 263 228 138 187 178 159 172 147 161 152 207 27 189 157 100 76 127 93 146 54 78 218 83 27 169 108 77 158 67 102 284 199 206 262
 136 186 200 67 251 81 224 264 189 241 202 348 200 116 176 317 179 72 204 133 149 91 68 222 7 328 69 46 90 143 266 210 215 231 118 394 178 205 45 83 293 154 157 198 261 199 194 326 250 20 234 188 148 1 34 80 341 119 260 35 105 284 237 279 105 229 219 175 76 185 101 223 232 142 264 268 67 106 93 170 95 287 104 158 87 176 32 420 347 346 133 173 40 285 168 110 207 259 191 263 183 262 13 102 267 174 339 243 350 180 182 18 230 344 216 75 323 198 251 148 157 141 195 200 170 60 114 304 249 107 269 183 28 366 89 233 214 209 350 234 217 175 190 138 141 330 397 331 285 167 44 231 49 133 308 297 331 171 329 136 238 89 115 233 7 197 194 310 139 165 138 174 175 174 205 250 285 131 86 223
 136 166 213 38 278 59 253 273 213 274 230 370 227 147 206 325 170 98 236 154 125 123 48 255 38 345 72 56 57 176 276 242 229 234 86 412 195 237 46 108 302 187 189 230 287 213 209 314 274 53 228 218 176 34 1 99 363 142 248 58 136 280 240 277 133 262 251 177 60 183 119 210 260 110 283 289 52 126 63 197 103 285 92 170 93 207 10 440 351 364 118 183 73 313 191 77 198 245 169 280 173 289 22 123 287 207 357 247 374 202 214 51 218 338 248 48 316 196 283 118 128 170 228 231 160 27 99 321 282 79 278 208 10 388 120 262 234 198 347 221 219 168 223 168 170 335 415 342 311 159 56 264 67 131 335 322 347 196 351 131 268 108 147 256 34 226 226 319 171 190 130 207 191 174 228 277 274 113 57 206
 83 174 123 136 183 157 165 189 115 230 138 272 133 70 122 243 140 25 158 55 155 71 144 191 83 249 48 122 145 136 189 171 137 164 179 315 99 157 60 19 218 137 165 159 190 121 115 283 176 77 183 135 84 80 99 1 265 46 223 104 122 227 170 217 49 197 177 112 86 130 23 190 168 200 186 191 145 27 130 103 39 226 90 83 39 131 103 342 276 267 116 98 62 221 93 168 166 224 183 184 147 194 88 24 189 170 260 175 277 104 139 72 193 289 171 146 269 140 204 172 178 87 188 154 133 123 102 225 215 134 194 112 99 290 117 173 136 171 288 198 152 131 169 85 83 258 318 254 214 128 119 214 119 87 240 224 252 100 252 94 182 10 129 158 75 136 151 235 117 93 103 154 96 116 130 182 242 123 124 200
 265 362 168 400 113 420 160 159 154 305 158 9 154 241 197 166 297 271 202 210 375 275 407 241 343 56 301 379 404 290 145 219 153 216 439 70 173 196 321 259 154 271 322 224 98 165 165 348 95 333 276 193 200 341 363 265 1 224 331 357 321 269 213 245 241 239 209 238 336 257 246 328 138 458 88 76 407 239 383 180 270 249 319 208 279 214 367 82 207 40 325 201 311 118 174 427 300 341 373 101 305 109 351 242 78 301 50 204 39 162 216 329 319 306 203 410 302 251 194 407 408 218 301 206 300 386 326 63 238 379 160 162 363 27 331 152 131 308 272 326 224 285 266 221 213 194 73 134 82 295 375 284 370 276 88 56 75 175 14 285 163 256 318 109 337 172 211 155 265 179 297 267 177 252 138 114 325 340 378 355
