NAME : domp50p25v2
COMMENT : (Deleplanque et al.) 
TYPE : DOMP
DIMENSION : 50
DISPLAY_DATA_TYPE: NO_DISPLAY
OPEN_FACILITIES : 25
COST_SECTION
 1 220 258 160 96 227 89 207 118 232 78 187 79 166 229 155 119 121 158 259 156 134 166 194 98 191 248 147 206 83 109 217 222 162 58 121 197 186 126 270 109 150 93 180 24 172 43 200 202 157
 220 1 288 355 311 285 306 272 103 76 290 404 158 373 15 199 239 330 123 259 225 304 148 338 160 64 52 212 188 277 206 96 80 346 277 324 133 201 310 53 181 127 197 95 237 275 181 364 420 90
 258 288 1 401 319 40 278 56 252 354 317 374 288 275 302 382 144 260 172 40 395 389 145 450 184 225 265 382 101 335 349 198 352 216 276 245 156 92 378 305 336 334 168 335 278 423 265 190 363 310
 160 355 401 1 84 365 129 347 260 340 86 102 198 186 361 197 259 164 316 409 175 62 325 95 257 342 393 180 363 81 161 372 328 229 126 177 356 341 48 407 184 245 247 285 137 142 184 278 139 273
 96 311 319 84 1 283 47 265 210 314 26 94 159 120 319 197 178 87 250 329 185 97 255 157 188 286 342 183 288 56 150 311 302 151 46 99 288 264 77 362 165 222 172 258 76 173 132 200 116 240
 227 285 40 365 283 1 241 20 236 347 282 336 264 236 299 359 110 221 164 69 370 356 138 418 162 222 269 358 104 302 323 202 343 177 241 206 157 84 344 309 312 316 140 322 246 395 238 152 324 295
 89 306 278 129 47 241 1 223 205 319 60 109 164 85 315 222 139 44 228 291 215 140 229 202 166 272 330 210 256 92 174 291 309 107 34 54 263 230 122 355 183 233 142 266 78 211 131 155 116 244
 207 272 56 347 265 20 223 1 219 332 264 320 246 223 286 341 91 206 150 77 351 337 125 399 144 210 259 339 97 283 304 193 328 165 222 191 147 73 325 299 293 299 121 305 227 376 219 145 310 279
 118 103 252 260 210 236 205 219 1 127 190 303 65 275 112 142 159 231 89 236 162 214 113 258 79 85 134 148 164 180 127 122 119 254 175 227 125 162 216 153 104 83 114 88 136 205 80 279 319 61
 232 76 354 340 314 347 319 332 127 1 290 406 157 396 66 158 284 351 184 329 185 283 211 304 202 133 123 173 256 270 181 170 13 379 287 348 203 265 294 103 158 96 239 57 243 235 190 405 428 76
 78 290 317 86 26 282 60 264 190 290 1 117 136 140 297 173 175 103 235 324 162 82 242 145 174 267 322 159 278 34 126 294 278 165 43 112 274 256 66 341 141 198 162 234 56 153 111 213 141 217
 187 404 374 102 94 336 109 320 303 406 117 1 252 112 412 281 243 116 336 392 264 155 337 196 273 376 433 265 363 140 237 398 395 170 131 131 371 336 135 455 255 314 250 351 168 238 225 215 38 333
 79 158 288 198 159 264 164 246 65 157 136 252 1 244 164 96 168 199 143 278 109 150 162 194 105 149 196 96 211 120 67 186 146 237 132 199 183 202 154 210 49 72 127 103 88 145 38 272 273 82
 166 373 275 186 120 236 85 223 275 396 140 112 244 1 384 307 162 46 278 298 299 215 271 273 219 330 390 294 284 173 258 342 386 61 117 50 306 255 195 420 267 314 187 345 161 292 208 104 91 321
 229 15 302 361 319 299 315 286 112 66 297 412 164 384 1 199 252 340 137 273 225 308 162 340 173 78 58 212 201 284 209 109 71 358 286 335 147 215 315 49 183 127 210 92 245 275 189 377 429 92
 155 199 382 197 197 359 222 341 142 158 173 281 96 307 199 1 261 264 229 372 28 136 252 148 200 218 248 18 302 143 50 259 146 314 191 268 267 295 152 246 49 74 221 108 150 79 126 354 310 111
 119 239 144 259 178 110 139 91 159 284 175 243 168 162 252 261 1 132 125 153 268 247 112 309 82 184 243 257 123 193 220 186 277 117 134 119 147 95 236 278 213 230 46 245 138 289 136 126 240 219
 121 330 260 164 87 221 44 206 231 351 103 116 199 46 340 264 132 1 239 278 257 182 235 243 179 289 349 252 254 135 215 303 341 66 74 16 270 226 163 377 223 269 149 300 116 254 163 115 109 276
 158 123 172 316 250 164 228 150 89 184 235 336 143 278 137 229 125 239 1 151 248 281 28 333 64 62 119 234 77 237 208 65 181 239 207 230 42 82 279 156 188 169 92 165 181 287 138 249 342 141
 259 259 40 409 329 69 291 77 236 329 324 392 278 298 273 372 153 278 151 1 387 392 124 451 175 198 233 373 75 339 342 167 327 241 285 264 128 77 382 273 327 318 167 315 281 418 259 220 384 290
 156 225 395 175 185 370 215 351 162 185 162 264 109 299 225 28 268 257 248 387 1 114 269 121 213 241 273 15 319 130 49 281 173 311 185 263 286 310 132 273 61 100 231 135 147 51 133 354 295 137
 134 304 389 62 97 356 140 337 214 283 82 155 150 215 308 136 247 182 281 392 114 1 295 64 226 298 345 119 337 55 103 332 271 246 123 193 322 319 22 356 127 189 226 228 112 85 145 294 189 219
 166 148 145 325 255 138 229 125 113 211 242 337 162 271 162 252 112 235 28 124 269 295 1 349 70 86 138 256 52 248 228 76 208 228 210 224 36 55 290 176 209 195 88 192 190 306 152 233 340 167
 194 338 450 95 157 418 202 399 258 304 145 196 194 273 340 148 309 243 333 451 121 64 349 1 282 342 383 132 394 119 134 379 292 307 186 255 374 377 81 388 159 215 285 253 173 72 198 356 233 249
 98 160 184 257 188 162 166 144 79 202 174 273 105 219 173 200 82 179 64 175 213 226 70 282 1 112 172 200 112 179 168 127 195 187 144 171 101 99 221 203 153 156 39 166 121 245 86 206 280 139
 191 64 225 342 286 222 272 210 85 133 267 376 149 330 78 218 184 289 62 198 241 298 86 342 112 1 61 226 125 261 210 43 133 296 246 281 71 138 300 95 186 148 147 130 212 286 159 309 387 112
 248 52 265 393 342 269 330 259 134 123 322 433 196 390 58 248 243 349 119 233 273 345 138 383 172 61 1 259 167 313 250 68 128 356 303 342 113 187 349 41 225 175 207 145 267 322 213 368 446 137
 147 212 382 180 183 358 210 339 148 173 159 265 96 294 212 18 257 252 234 373 15 119 256 132 200 226 259 1 305 128 39 267 162 304 180 257 272 297 135 260 48 86 219 122 140 64 122 346 295 123
 206 188 101 363 288 104 256 97 164 256 278 363 211 284 201 302 123 254 77 75 319 337 52 394 112 125 167 305 1 288 276 100 254 234 243 241 56 31 331 207 259 245 117 241 229 355 198 228 362 217
 83 277 335 81 56 302 92 283 180 270 34 140 120 173 284 143 193 135 237 339 130 55 248 119 179 261 313 128 288 1 98 292 258 196 69 144 277 268 44 329 116 176 174 214 60 120 103 243 168 198
 109 206 349 161 150 323 174 304 127 181 126 237 67 258 209 50 220 215 208 342 49 103 228 134 168 210 250 39 276 98 1 248 169 266 143 220 248 266 114 257 26 87 184 126 102 80 86 307 264 118
 217 96 198 372 311 202 291 193 122 170 294 398 186 342 109 259 186 303 65 167 281 332 76 379 127 43 68 267 100 292 248 1 171 302 268 294 46 120 332 108 225 190 156 171 239 325 190 308 406 154
 222 80 352 328 302 343 309 328 119 13 278 395 146 386 71 146 277 341 181 327 173 271 208 292 195 133 128 162 254 258 169 171 1 370 276 339 202 262 282 111 146 84 232 45 232 223 179 397 417 65
 162 346 216 229 151 177 107 165 254 379 165 170 237 61 358 314 117 66 239 241 311 246 228 307 187 296 356 304 234 196 266 302 370 1 129 54 262 204 227 389 270 307 151 333 165 314 200 50 151 307
 58 277 276 126 46 241 34 222 175 287 43 131 132 117 286 191 134 74 207 285 185 123 210 186 144 246 303 180 243 69 143 268 276 129 1 79 244 219 107 327 151 201 126 234 46 185 99 175 145 213
 121 324 245 177 99 206 54 191 227 348 112 131 199 50 335 268 119 16 230 264 263 193 224 255 171 281 342 257 241 144 220 294 339 54 79 1 260 213 175 371 226 269 139 298 119 262 162 103 122 274
 197 133 156 356 288 157 263 147 125 203 274 371 183 306 147 267 147 270 42 128 286 322 36 374 101 71 113 272 56 277 248 46 202 262 244 260 1 75 319 153 227 203 123 193 220 327 178 266 375 171
 186 201 92 341 264 84 230 73 162 265 256 336 202 255 215 295 95 226 82 77 310 319 55 377 99 138 187 297 31 268 266 120 262 204 219 213 75 1 311 226 250 243 95 244 209 342 184 199 334 218
 126 310 378 48 77 344 122 325 216 294 66 135 154 195 315 152 236 163 279 382 132 22 290 81 221 300 349 135 331 44 114 332 282 227 107 175 319 311 1 362 137 199 217 238 103 105 143 276 169 227
 270 53 305 407 362 309 355 299 153 103 341 455 210 420 49 246 278 377 156 273 273 356 176 388 203 95 41 260 207 329 257 108 111 389 327 371 153 226 362 1 231 175 239 140 288 323 232 403 470 140
 109 181 336 184 165 312 183 293 104 158 141 255 49 267 183 49 213 223 188 327 61 127 209 159 153 186 225 48 259 116 26 225 146 270 151 226 227 250 137 231 1 63 173 102 108 101 78 308 281 93
 150 127 334 245 222 316 233 299 83 96 198 314 72 314 127 74 230 269 169 318 100 189 195 215 156 148 175 86 245 176 87 190 84 307 201 269 203 243 199 175 63 1 186 40 156 149 109 340 337 39
 93 197 168 247 172 140 142 121 114 239 162 250 127 187 210 221 46 149 92 167 231 226 88 285 39 147 207 219 117 174 184 156 232 151 126 139 123 95 217 239 173 186 1 200 115 256 99 169 253 173
 180 95 335 285 258 322 266 305 88 57 234 351 103 345 92 108 245 300 165 315 135 228 192 253 166 130 145 122 241 214 126 171 45 333 234 298 193 244 238 140 102 40 200 1 189 185 138 362 373 28
 24 237 278 137 76 246 78 227 136 243 56 168 88 161 245 150 138 116 181 281 147 112 190 173 121 212 267 140 229 60 102 239 232 165 46 119 220 209 103 288 108 156 115 189 1 157 57 207 187 169
 172 275 423 142 173 395 211 376 205 235 153 238 145 292 275 79 289 254 287 418 51 85 306 72 245 286 322 64 355 120 80 325 223 314 185 262 327 342 105 323 101 149 256 185 157 1 160 359 273 186
 43 181 265 184 132 238 131 219 80 190 111 225 38 208 189 126 136 163 138 259 133 145 152 198 86 159 213 122 198 103 86 190 179 200 99 162 178 184 143 232 78 109 99 138 57 160 1 235 242 115
 200 364 190 278 200 152 155 145 279 405 213 215 272 104 377 354 126 115 249 220 354 294 233 356 206 309 368 346 228 243 307 308 397 50 175 103 266 199 276 403 308 340 169 362 207 359 235 1 193 336
 202 420 363 139 116 324 116 310 319 428 141 38 273 91 429 310 240 109 342 384 295 189 340 233 280 387 446 295 362 168 264 406 417 151 145 122 375 334 169 470 281 337 253 373 187 273 242 193 1 354
 157 90 310 273 240 295 244 279 61 76 217 333 82 321 92 111 219 276 141 290 137 219 167 249 139 112 137 123 217 198 118 154 65 307 213 274 171 218 227 140 93 39 173 28 169 186 115 336 354 1
LAMBDA_SECTION
1  28
2  32
3  45
4  29
5  41
6  48
7  16
8  44
9  27
10  31
11  19
12  34
13  16
14  27
15  35
16  14
17  49
18  16
19  19
20  36
21  14
22  19
23  17
24  36
25  22
26  27
27  42
28  29
29  22
30  43
31  36
32  38
33  25
34  47
35  17
36  16
37  23
38  38
39  26
40  38
41  19
42  34
43  38
44  23
45  27
46  23
47  25
48  26
49  44
50  48
