NAME : domp300p100v1
COMMENT : (Deleplanque et al.) 
TYPE : DOMP
DIMENSION : 300
DISPLAY_DATA_TYPE: NO_DISPLAY
OPEN_FACILITIES : 100
COST_SECTION
 1 387 132 318 151 130 371 249 218 103 284 290 277 281 295 237 193 91 262 436 427 258 344 320 94 198 56 349 49 222 291 283 413 318 353 258 351 315 262 308 191 120 432 255 357 185 356 97 106 130 252 365 123 116 288 395 216 82 240 179 151 254 116 330 344 191 418 187 166 271 205 354 368 348 133 154 275 230 414 309 198 248 328 288 468 183 349 421 174 117 46 254 316 262 134 292 435 344 360 321 414 200 180 282 305 151 296 62 162 191 276 156 154 193 368 150 20 416 59 387 347 384 407 198 55 337 356 401 418 267 70 450 310 239 282 403 366 67 197 186 253 344 23 141 376 222 111 103 223 371 203 252 253 177 24 229 413 93 334 48 235 346 203 185 226 323 382 157 161 235 269 302 472 212 282 355 57 400 145 422 248 135 224 318 407 237 377 116 228 433 186 211 289 45 448 94 89 101 178 358 332 355 451 329 67 325 328 91 181 294 236 334 267 373 397 134 155 364 233 225 245 172 443 437 272 189 249 60 228 324 241 227 333 317 381 323 254 305 39 351 242 61 297 306 132 339 330 179 228 274 395 334 78 224 250 100 339 297 385 333 329 325 437 117 304 377 377 271 209 315 149 226 136 327 187 299 388 350 202 246 251 50 178 389 147 68 197 392 122 392 121 297 385 372 319 315 323 234 310 105
 387 1 354 246 320 327 46 152 227 291 381 103 200 207 96 172 199 311 178 162 198 186 120 145 362 337 376 51 342 257 268 170 184 82 64 172 104 75 151 162 258 287 157 360 67 356 172 291 398 346 206 24 265 385 398 20 375 396 220 318 352 232 305 94 201 198 57 353 334 248 236 53 240 271 255 248 413 191 108 166 258 217 82 211 157 280 212 129 291 272 344 331 138 177 325 107 148 103 39 169 184 240 275 110 210 327 95 338 243 202 286 381 277 357 249 273 369 65 338 194 132 27 125 320 350 52 188 100 169 126 382 138 193 210 106 33 173 383 351 322 407 210 366 348 205 272 374 296 262 136 197 137 147 254 364 336 158 344 56 403 159 47 355 204 311 158 22 235 304 155 180 88 182 239 114 120 333 50 343 72 216 265 200 293 189 153 34 362 199 85 248 191 102 365 122 296 301 298 224 82 57 137 166 61 411 69 74 305 376 255 183 135 233 242 17 269 378 223 160 164 163 377 110 142 129 279 257 341 210 65 251 207 187 208 127 111 157 127 373 136 239 331 150 203 313 75 124 329 168 150 78 82 320 222 165 358 59 110 67 187 66 73 168 361 95 69 170 231 224 196 246 354 309 182 286 233 36 127 258 252 156 376 240 201 259 335 234 76 269 33 357 217 46 30 152 126 99 378 333 283
 132 354 1 374 38 225 325 203 136 102 385 254 316 189 261 183 202 82 189 449 454 183 353 339 39 295 78 307 135 121 356 207 437 305 303 190 355 293 273 229 102 182 445 354 306 289 268 131 53 10 168 332 141 36 393 355 323 67 286 269 257 157 62 327 248 192 398 290 264 330 255 338 416 409 148 194 385 257 413 228 260 294 279 193 473 256 391 426 252 131 108 344 245 190 227 285 444 281 319 237 438 252 250 269 208 32 280 153 117 200 349 271 79 297 420 213 120 400 149 293 360 343 413 289 158 306 264 400 437 258 67 452 218 158 261 378 278 70 299 278 365 245 130 11 279 113 228 91 119 385 160 238 208 102 126 323 429 44 299 101 235 309 305 180 311 243 342 138 55 229 192 282 484 125 241 365 108 382 247 407 160 180 158 389 434 225 356 18 160 420 109 166 256 89 445 113 138 89 135 354 307 278 463 306 92 307 315 155 292 354 174 261 320 422 359 99 269 408 232 218 258 284 437 444 270 262 312 87 152 292 302 264 367 359 391 327 200 242 94 276 298 102 316 347 219 289 341 274 189 288 387 282 155 269 266 32 320 294 374 367 311 283 452 228 261 322 290 324 134 353 124 326 47 360 262 352 367 278 107 308 261 171 223 293 195 81 244 334 118 348 231 199 337 348 341 325 267 340 394 125
 318 246 374 1 357 195 271 250 316 274 150 230 67 346 225 266 182 295 302 165 133 307 128 102 356 153 344 254 275 349 37 313 126 178 271 292 145 200 135 327 326 204 164 140 278 176 365 248 391 366 322 236 234 388 166 264 176 375 89 154 195 350 313 154 382 195 228 172 172 49 121 194 52 37 227 182 188 126 180 330 122 82 263 354 207 137 49 172 147 245 295 112 310 301 192 167 173 300 253 342 127 124 139 181 365 363 187 258 274 183 62 215 315 172 51 171 309 218 261 399 117 266 160 140 265 224 379 175 140 175 358 198 354 316 199 233 372 356 164 150 190 389 299 375 403 363 238 285 354 125 255 189 248 307 299 132 143 339 231 358 170 243 164 207 115 333 259 246 349 181 311 194 194 322 239 130 287 215 193 219 329 198 288 49 117 190 214 371 292 220 309 256 223 326 208 265 247 286 264 166 210 337 179 205 375 192 180 235 196 28 280 322 55 57 262 280 213 55 172 188 141 202 212 180 158 131 71 308 306 222 79 114 62 39 139 138 266 290 330 334 79 290 105 46 190 269 123 160 242 123 188 270 244 106 132 358 195 156 190 62 193 247 161 225 246 295 376 51 303 51 259 150 335 66 135 24 217 325 334 73 142 279 153 405 183 308 131 309 257 274 219 366 281 217 95 124 277 169 91 251
 151 320 38 357 1 225 289 169 99 93 382 220 296 152 228 149 179 79 153 421 429 146 326 314 66 293 103 272 143 84 342 170 412 274 268 154 326 261 247 192 65 176 417 351 270 290 231 125 89 32 131 298 128 73 391 320 324 100 269 265 259 120 51 298 212 168 365 290 263 315 240 306 397 392 133 180 386 236 383 191 248 276 244 156 443 247 370 397 245 118 118 338 208 153 227 255 415 245 284 200 413 238 241 238 172 8 249 159 89 178 337 276 47 297 401 204 136 367 155 257 334 307 384 284 166 272 227 370 410 229 96 422 182 121 229 345 241 98 298 274 366 209 145 30 243 78 235 82 83 358 129 209 174 68 140 319 402 60 265 129 209 274 304 156 304 206 307 114 18 201 155 251 455 88 207 337 115 350 248 375 123 169 122 376 409 197 323 52 124 388 73 133 223 108 414 107 135 82 106 324 274 241 434 273 124 275 284 153 296 339 138 224 304 402 324 78 274 387 205 190 233 288 406 415 242 253 299 97 115 259 288 245 345 339 364 299 165 205 115 239 283 108 291 327 217 253 314 271 157 263 356 247 156 252 242 59 288 265 343 345 279 248 424 234 226 286 253 307 98 332 100 324 24 337 254 334 334 240 70 294 236 184 209 257 183 89 229 297 103 312 235 163 302 315 316 298 231 340 385 116
 130 327 225 195 225 1 325 225 240 134 161 247 167 297 249 225 136 147 262 333 315 262 251 222 194 72 169 302 95 261 165 281 303 247 312 254 262 253 179 306 229 58 330 131 318 66 355 102 222 219 266 306 110 225 169 339 100 201 130 49 37 282 175 248 355 143 342 66 40 148 99 282 246 222 113 86 163 140 322 308 83 137 290 305 370 62 232 324 50 116 122 126 303 262 5 221 335 318 309 321 304 94 62 218 322 228 233 76 176 134 147 63 199 74 246 55 125 337 80 391 249 332 310 69 78 280 361 311 311 202 185 354 319 254 227 333 365 182 75 58 143 358 114 229 385 269 50 144 265 271 193 197 227 208 116 102 309 182 281 175 170 295 81 146 96 319 327 151 225 177 272 240 368 240 245 260 118 324 26 342 267 77 228 189 296 183 307 215 233 350 215 200 243 151 357 119 91 144 181 275 271 341 348 267 193 258 256 73 74 169 232 321 148 251 339 161 60 245 170 172 165 68 354 339 199 67 126 141 242 269 120 128 221 201 284 236 238 286 152 338 124 125 202 192 15 301 237 51 205 186 311 297 71 118 165 199 270 220 304 221 262 281 332 36 265 339 374 153 226 202 155 102 202 218 62 178 316 333 240 124 172 86 87 395 74 146 96 355 133 341 32 317 339 304 219 224 292 117 181 113
 371 46 325 271 289 325 1 127 194 272 398 83 218 166 79 144 192 289 141 205 239 149 150 171 336 345 355 24 328 221 289 131 223 95 23 138 136 78 159 120 226 280 200 375 23 362 127 276 371 317 169 39 251 357 414 35 385 371 232 323 354 194 280 118 156 188 101 359 338 267 242 82 272 300 242 243 427 196 151 124 264 230 47 169 202 285 243 171 295 256 327 346 96 141 324 114 191 59 19 126 224 245 279 110 167 296 97 326 219 194 305 383 249 364 281 271 353 109 326 150 163 22 167 328 339 50 144 142 210 125 359 183 150 174 99 77 128 360 359 328 419 166 351 318 161 236 371 275 225 172 173 130 122 224 348 348 199 319 47 382 156 32 363 191 323 114 25 216 273 149 142 89 226 205 91 154 316 94 344 117 179 258 169 317 228 144 73 335 167 129 217 166 85 345 167 279 288 277 200 115 64 92 210 69 388 81 92 294 381 276 152 92 250 275 40 246 380 256 156 156 168 381 155 186 133 285 272 321 177 58 264 214 216 234 165 134 127 89 354 92 253 313 169 227 312 37 151 335 146 162 120 44 309 230 171 332 78 122 108 216 80 47 211 359 69 27 126 250 192 221 226 365 281 209 292 256 79 82 224 267 161 365 240 157 254 315 238 39 250 24 355 174 15 66 178 149 61 390 354 267
 249 152 203 250 169 225 127 1 83 147 337 52 184 98 60 23 94 164 53 265 281 58 174 172 211 265 229 107 208 117 252 65 263 112 106 43 170 95 116 85 110 172 260 309 110 276 133 156 247 195 76 130 132 234 352 154 305 246 176 238 259 105 155 141 140 84 198 273 248 223 167 140 274 285 124 141 358 132 221 88 187 179 81 106 280 202 243 236 209 135 204 284 79 52 225 100 256 98 118 101 265 168 195 82 117 176 87 209 93 95 258 287 126 280 280 174 230 200 208 169 185 142 225 249 222 104 142 207 258 80 233 259 108 73 67 177 142 234 277 245 345 145 229 197 167 133 265 150 122 206 48 63 6 103 226 277 248 194 97 257 83 107 282 80 254 97 141 93 153 70 63 87 296 93 39 184 193 182 248 208 84 150 52 285 263 62 155 211 53 221 97 40 55 220 250 156 169 152 74 162 107 117 276 106 263 110 121 179 292 242 37 97 207 279 158 121 283 260 80 67 111 289 240 254 97 205 218 197 67 91 207 150 214 220 208 147 17 62 229 114 197 189 155 208 212 92 165 249 22 130 191 86 193 166 119 208 122 113 178 214 114 82 269 255 60 130 151 209 75 209 101 291 158 206 210 228 166 109 111 212 109 248 151 174 152 190 159 144 127 148 253 117 140 147 177 151 75 314 312 146
 218 227 136 316 99 240 194 83 1 122 378 132 250 64 140 61 138 128 55 346 361 48 255 250 155 296 183 178 190 36 311 72 344 194 172 57 251 176 188 96 35 184 341 348 173 301 140 146 185 129 35 206 131 170 391 226 333 191 233 267 276 43 106 222 127 125 276 300 272 282 214 221 346 352 129 167 393 192 302 95 230 238 148 71 362 238 317 318 241 127 175 328 110 55 241 181 338 147 190 106 345 214 230 162 88 105 169 198 66 138 313 301 67 307 352 200 200 280 196 170 265 212 307 283 210 182 139 289 339 158 182 341 92 23 149 254 150 184 305 276 376 127 203 127 159 51 269 118 41 287 63 138 87 43 200 315 330 141 175 212 149 181 311 114 295 110 213 91 82 138 58 169 378 12 118 265 166 262 265 288 31 167 32 345 343 131 235 148 31 301 34 61 136 180 331 137 160 120 62 244 187 145 358 187 212 191 203 176 313 304 47 126 267 351 230 89 298 334 146 130 178 308 321 336 174 242 271 160 18 170 260 207 288 290 290 227 73 108 189 142 252 160 230 278 229 158 244 277 80 203 273 151 187 219 187 149 204 193 259 288 195 155 350 262 134 188 161 270 16 280 87 325 96 281 246 293 246 143 32 266 178 234 188 172 175 151 204 200 112 216 262 82 205 227 254 230 134 347 365 134
 103 291 102 274 93 134 272 147 122 1 290 191 218 184 197 135 109 24 161 361 360 158 265 247 85 201 88 250 69 134 256 182 344 227 252 157 269 221 182 208 101 84 357 259 256 200 256 34 122 94 154 268 41 116 300 296 233 112 186 173 170 161 43 244 247 102 326 199 172 229 154 263 317 308 49 93 296 160 331 208 159 194 227 192 388 156 293 341 154 30 58 246 214 161 136 204 357 242 261 221 346 151 150 190 209 97 204 78 60 107 248 190 67 207 320 113 84 326 76 288 271 286 327 192 89 240 257 317 346 177 96 369 211 141 188 310 266 96 207 183 276 248 85 103 279 139 152 12 137 295 101 160 152 82 82 227 340 67 236 113 148 248 214 93 213 222 283 57 91 145 169 209 396 117 182 277 47 309 159 333 151 79 123 288 341 144 285 98 127 344 91 109 191 75 364 17 45 13 76 272 237 253 375 235 122 232 238 63 207 253 134 232 220 323 299 34 187 310 145 134 166 200 358 358 185 162 211 51 129 227 201 165 270 261 304 241 152 203 84 250 197 43 224 249 126 238 252 180 127 197 308 233 70 169 173 86 246 210 297 270 237 226 363 148 204 276 277 224 110 256 47 232 69 264 163 251 296 248 112 207 171 113 122 291 94 46 144 291 23 292 149 202 285 278 248 236 221 249 295 25
 284 381 385 150 382 161 398 337 378 290 1 336 182 426 335 346 246 305 385 313 276 387 269 239 355 91 328 376 255 406 117 401 272 304 392 375 286 321 242 421 375 207 312 32 399 100 467 258 381 378 397 367 258 385 18 398 71 359 168 118 134 419 332 288 475 259 372 98 122 133 171 329 189 148 257 213 40 210 328 424 152 169 378 435 355 142 197 320 140 267 282 54 411 384 158 285 322 412 379 437 273 170 149 292 449 386 304 236 319 246 96 133 350 92 183 182 283 363 240 503 261 396 309 99 235 349 477 322 288 280 344 347 442 386 308 374 475 341 88 108 51 481 271 389 502 416 175 301 410 272 321 286 337 354 273 65 291 343 353 330 259 367 82 268 85 431 390 291 380 271 395 311 340 381 341 274 279 358 141 365 401 217 358 107 263 279 352 375 363 367 359 326 331 310 357 275 249 301 318 306 335 444 326 330 349 318 309 231 106 131 357 426 149 192 396 312 133 199 261 271 237 115 360 328 268 137 127 301 375 342 135 191 208 182 286 272 352 391 310 442 147 285 232 183 167 386 261 112 321 237 333 385 231 174 231 359 325 276 333 208 320 364 308 168 355 419 482 150 364 193 299 60 359 210 133 153 357 434 386 132 242 235 192 508 206 306 179 434 283 405 163 447 409 353 233 256 387 53 66 267
 290 103 254 230 220 247 83 52 132 191 336 1 167 131 9 73 112 210 91 219 240 98 134 139 260 274 275 61 246 165 238 92 222 68 67 82 126 47 98 100 160 199 214 311 72 289 137 194 296 245 118 80 169 284 352 107 314 294 169 250 277 147 203 98 154 107 147 286 263 212 171 90 245 263 159 163 362 128 172 104 193 170 45 137 231 212 214 189 221 174 246 283 82 90 246 65 209 77 71 114 224 174 205 49 144 227 46 244 141 114 250 306 176 292 253 193 271 149 244 171 146 96 179 257 257 53 150 159 215 58 281 211 130 118 31 126 144 281 287 256 352 162 269 248 174 181 291 195 170 165 96 53 47 153 267 281 205 243 47 303 81 58 292 109 257 105 93 135 204 71 97 43 249 143 15 143 234 131 267 157 128 177 102 270 224 65 104 261 102 170 148 89 7 265 200 197 206 197 122 115 56 110 229 56 309 62 74 212 307 227 86 93 195 249 109 168 303 230 80 76 101 305 190 207 73 213 212 241 116 40 203 147 185 195 165 108 60 61 273 107 191 232 127 185 233 55 127 261 67 108 142 52 227 164 107 257 73 78 128 185 65 37 224 279 20 94 149 196 126 183 146 297 208 177 220 210 116 99 161 206 96 283 164 177 174 235 165 110 169 103 276 147 97 96 145 116 51 321 302 185
 277 200 316 67 296 167 218 184 250 218 182 167 1 280 163 200 119 240 236 167 152 241 93 62 302 149 295 198 230 284 73 247 138 124 215 226 108 142 70 262 262 158 164 162 222 171 303 196 338 308 256 186 178 333 199 216 183 324 38 138 179 284 255 107 317 131 195 167 157 50 73 148 101 103 170 129 215 62 162 266 85 31 204 289 205 107 76 161 119 189 247 132 247 235 164 107 170 240 199 277 139 78 106 119 300 303 127 216 211 120 88 205 253 170 105 128 264 187 219 337 88 215 147 132 225 169 315 152 146 111 307 190 289 249 136 194 309 306 163 138 210 324 256 316 339 298 215 228 289 107 189 123 182 244 256 141 143 284 174 312 104 187 165 144 117 269 209 184 287 115 246 134 202 257 175 101 238 179 173 190 263 147 222 105 132 124 171 315 226 195 245 190 161 277 195 211 197 230 200 127 155 275 182 150 327 138 128 188 192 61 214 259 34 107 215 220 202 93 106 122 75 195 195 174 95 103 60 257 240 164 57 54 57 44 121 91 200 226 282 273 47 240 51 32 157 210 82 148 175 60 158 210 200 54 66 302 144 97 155 57 140 188 166 201 184 240 314 33 237 39 197 159 275 52 109 45 177 264 269 56 76 243 101 343 133 256 81 255 199 224 196 300 229 171 57 75 215 183 138 197
 281 207 189 346 152 297 166 98 64 184 426 131 280 1 138 83 181 191 45 347 370 41 264 266 213 348 244 158 252 69 347 40 352 198 145 56 256 176 212 48 93 241 342 397 144 355 81 207 240 183 32 189 190 224 440 200 387 249 270 320 333 34 167 228 64 168 261 353 326 319 258 216 370 382 186 219 444 227 298 46 276 274 127 10 356 287 339 316 292 187 238 374 71 46 298 192 337 111 169 51 353 258 280 174 26 157 175 260 127 181 352 359 128 361 376 252 262 267 258 108 275 187 307 333 272 171 77 286 344 175 241 335 31 45 157 238 90 244 358 328 429 65 266 179 97 80 329 181 71 295 107 159 100 105 262 364 334 201 163 273 178 164 364 160 343 60 189 147 135 166 36 173 376 70 117 272 229 249 322 275 34 222 70 381 353 158 223 203 65 288 96 101 137 242 322 199 221 182 118 244 181 95 357 182 271 190 204 236 369 338 70 81 303 374 205 151 356 356 176 161 207 364 312 334 192 291 312 222 57 162 301 244 309 316 295 237 82 81 251 93 291 223 250 305 285 133 256 330 108 226 267 126 248 259 216 207 200 205 253 309 193 140 352 321 124 154 102 305 75 305 146 376 154 302 296 325 233 97 84 306 205 296 236 109 228 214 248 161 173 188 320 22 175 214 271 244 109 398 406 195
 295 96 261 225 228 249 79 60 140 197 335 9 163 138 1 81 114 216 98 211 232 106 127 133 267 274 282 56 251 173 235 99 215 60 64 90 119 39 95 106 168 202 206 309 70 290 141 199 303 253 126 73 174 291 351 101 314 301 167 250 279 155 210 91 160 110 139 286 264 209 171 82 239 258 164 165 361 127 164 110 193 168 45 145 223 212 208 181 222 179 251 282 87 97 247 60 201 79 66 120 216 173 206 45 151 235 40 248 148 116 247 307 183 292 247 195 277 141 249 175 139 90 171 257 261 46 155 151 207 55 287 203 136 126 28 118 148 288 287 256 351 168 274 255 179 189 293 201 178 158 103 54 55 161 272 280 197 249 40 309 81 52 292 113 256 110 88 141 212 72 105 36 241 151 23 135 240 123 269 149 136 180 110 266 216 67 96 268 110 162 156 96 7 271 192 203 210 204 129 108 48 113 221 48 316 54 67 216 308 223 94 98 192 244 103 174 304 224 81 78 99 306 182 199 69 213 210 247 124 32 201 146 179 190 157 101 68 67 279 111 189 237 122 181 235 54 121 262 74 104 134 52 231 162 105 264 65 72 120 179 57 34 216 282 22 92 152 193 134 178 152 296 215 171 220 206 108 102 169 204 94 287 165 181 177 241 166 108 175 98 279 154 93 89 139 110 54 321 299 191
 237 172 183 266 149 225 144 23 61 135 346 73 200 83 81 1 100 150 40 286 302 43 195 192 194 270 214 125 199 95 265 58 285 134 123 31 191 117 133 81 88 170 281 317 126 279 131 148 228 175 58 150 126 215 360 173 309 229 189 242 260 86 138 162 133 88 219 277 251 237 176 162 292 302 119 142 365 145 242 84 195 192 98 91 302 208 262 258 214 127 192 293 82 40 225 121 278 108 137 97 286 177 201 103 105 156 109 202 78 101 270 287 106 284 298 176 218 221 201 167 206 161 247 254 214 125 137 229 279 100 217 281 98 52 89 198 141 218 281 250 350 137 218 177 162 111 262 136 100 228 36 81 28 82 215 284 270 177 118 242 97 126 287 82 262 95 160 84 132 86 50 109 318 71 60 205 181 204 249 229 65 149 30 300 284 77 177 192 31 242 76 28 77 206 271 146 162 139 60 184 128 121 298 128 246 132 143 173 294 257 16 100 221 297 177 106 284 279 95 80 126 290 262 276 116 211 230 183 46 112 219 162 233 237 230 168 18 69 215 118 209 177 174 226 212 108 186 253 26 148 213 102 187 177 135 190 144 134 200 233 136 101 290 253 79 144 150 223 54 226 89 297 138 225 216 244 188 115 89 224 125 240 156 170 153 175 167 158 117 166 251 103 157 169 197 172 88 320 324 137
 193 199 202 182 179 136 192 94 138 109 246 112 119 181 114 100 1 132 140 253 253 142 157 139 192 172 194 169 146 170 174 156 237 126 177 130 162 125 74 178 145 89 249 217 183 183 226 98 230 193 152 178 73 223 261 209 212 220 97 145 168 176 141 138 231 14 226 181 156 145 78 163 219 218 63 52 266 58 224 181 96 102 156 189 281 109 192 233 116 83 153 194 171 139 135 100 249 183 177 194 238 78 102 91 204 186 106 140 93 3 175 196 135 187 223 83 176 224 141 262 162 201 219 156 152 150 234 211 238 75 204 262 197 143 95 212 235 203 184 152 252 236 171 200 259 183 180 118 175 187 78 64 95 126 170 185 231 174 149 217 43 163 189 26 163 190 197 66 169 45 150 112 288 143 110 169 142 208 157 230 157 67 114 208 234 49 186 202 119 241 128 82 109 179 258 108 105 120 83 167 143 209 267 140 229 134 136 107 200 168 111 188 131 224 210 104 193 209 41 37 58 197 252 250 80 112 134 156 132 138 123 70 166 161 195 133 108 153 186 205 115 142 116 149 122 166 144 156 76 88 203 162 122 82 65 192 147 105 193 166 138 147 255 168 130 205 243 134 124 154 80 198 159 159 118 159 197 199 153 129 63 177 58 267 63 153 68 221 88 209 165 202 206 181 140 128 158 222 228 93
 91 311 82 295 79 147 289 164 128 24 305 210 240 191 216 150 132 1 173 384 383 168 288 270 62 216 67 269 67 135 276 193 367 249 269 169 292 241 205 218 103 101 379 274 273 212 265 50 99 75 162 288 63 94 314 315 246 90 208 189 180 165 31 267 254 125 347 212 185 250 176 284 339 329 72 115 308 183 353 219 179 216 245 198 411 174 315 363 171 52 48 263 227 172 149 225 380 257 280 231 369 172 169 212 215 82 225 81 73 130 268 198 66 219 342 132 73 347 78 297 293 304 350 208 90 260 266 340 369 199 74 391 219 149 208 330 276 74 220 198 288 254 77 85 286 137 158 16 137 318 118 181 169 87 73 243 362 45 255 94 170 267 227 115 230 233 302 77 82 167 179 229 419 122 200 299 40 330 170 354 158 99 134 308 363 166 305 77 138 366 96 125 210 57 387 32 58 14 91 294 258 265 398 256 101 253 259 76 217 274 147 245 241 345 318 45 196 332 168 156 189 210 380 381 208 180 232 34 138 246 221 187 293 283 326 263 167 218 66 262 218 34 246 271 140 255 275 194 145 219 330 250 78 191 196 63 267 233 318 293 258 244 386 155 222 293 287 245 118 278 65 247 57 286 181 273 317 261 113 228 193 111 144 299 114 26 165 307 46 311 157 208 303 299 270 258 237 262 313 45
 262 178 189 302 153 262 141 53 55 161 385 91 236 45 98 40 140 173 1 308 328 9 222 223 207 309 232 128 228 81 303 22 311 157 119 11 216 136 168 47 88 207 303 356 120 318 96 179 238 182 29 158 159 223 399 174 348 243 227 281 297 58 154 187 94 128 229 316 289 275 216 178 326 337 153 181 404 183 261 48 234 231 97 53 320 247 295 278 253 158 218 333 57 2 262 149 299 93 140 62 312 216 240 131 66 159 134 233 102 140 309 324 118 323 332 215 243 234 232 131 233 161 269 294 245 136 100 249 304 131 233 299 59 34 115 206 106 234 320 289 390 98 245 181 124 96 297 160 85 254 70 115 56 92 242 324 294 192 128 261 134 132 326 121 302 62 162 116 135 122 11 132 338 66 76 231 207 216 286 242 39 186 40 337 312 114 189 201 35 255 84 63 96 227 287 174 193 162 88 205 143 94 319 145 263 151 164 206 332 294 31 74 259 330 178 129 321 312 132 118 163 328 277 296 149 250 268 205 39 125 258 201 266 272 254 195 37 55 236 91 248 202 207 261 249 106 214 292 65 182 230 99 219 216 172 202 162 162 216 266 154 106 313 289 87 135 117 261 58 261 118 336 148 258 256 281 199 91 85 263 161 271 195 134 191 197 207 146 146 164 287 65 152 180 228 201 82 359 363 168
 436 162 449 165 421 333 205 265 346 361 313 219 167 347 211 286 253 384 308 1 47 316 97 117 444 309 445 200 389 381 200 308 43 153 218 300 97 173 180 309 370 318 6 304 223 332 329 347 481 441 336 169 324 473 329 178 337 472 204 302 344 365 390 125 356 260 113 328 321 198 237 134 127 169 314 283 351 208 55 313 251 197 226 353 43 273 117 34 285 334 402 276 286 308 330 168 16 257 192 320 42 242 272 186 357 428 178 377 334 255 225 368 375 330 136 291 422 102 379 354 92 188 41 294 387 179 345 64 26 194 456 40 341 335 198 133 331 455 322 301 354 365 414 446 364 396 381 370 386 67 295 214 260 358 414 293 25 426 188 467 216 190 323 272 273 308 182 314 408 222 314 179 37 356 233 86 391 113 339 97 345 303 315 207 52 226 133 452 316 89 355 292 214 429 57 359 351 372 317 104 168 294 16 166 479 158 146 346 353 188 301 289 191 127 174 352 366 115 219 233 196 357 66 24 180 269 218 407 331 187 219 212 115 140 59 123 276 270 436 293 212 392 140 145 323 224 110 311 270 166 86 230 359 218 190 443 149 157 99 115 155 211 8 367 224 229 330 187 337 134 327 311 404 117 275 169 127 283 374 217 191 407 260 361 290 404 243 237 339 193 362 361 206 141 118 126 245 332 250 344
 427 198 454 133 429 315 239 281 361 360 276 240 152 370 232 302 253 383 328 47 1 335 108 116 444 283 442 231 380 396 169 331 18 173 250 319 114 196 182 335 382 308 50 271 255 306 360 342 481 445 355 202 322 475 292 216 307 470 189 280 322 384 393 142 384 263 154 302 299 172 224 162 88 130 312 276 315 202 94 339 234 181 254 376 86 255 86 75 266 332 396 244 313 327 312 182 62 288 224 347 17 228 255 200 382 435 196 366 340 255 193 344 382 303 95 278 414 143 369 387 97 224 74 269 376 206 375 99 30 205 453 86 366 352 215 172 363 452 295 278 320 393 406 451 396 411 362 370 401 76 306 225 277 367 406 263 41 426 215 461 221 220 295 275 245 336 218 317 416 229 335 198 65 370 253 98 386 151 318 139 364 295 330 170 21 235 167 455 332 133 366 304 234 425 103 356 345 372 325 129 194 325 56 191 475 181 167 338 327 158 317 318 168 86 212 356 342 79 224 239 197 332 112 70 189 250 194 404 347 212 197 202 96 116 77 135 294 295 431 324 192 387 139 124 307 254 118 288 283 167 122 259 350 204 189 444 174 169 133 96 179 238 40 348 248 264 363 164 351 114 331 281 410 101 255 142 163 314 387 194 194 394 251 394 282 402 231 273 340 230 342 385 242 174 114 133 272 300 212 341
 258 186 183 307 146 262 149 58 48 158 387 98 241 41 106 43 142 168 9 316 335 1 229 229 201 310 227 136 225 73 307 26 318 164 127 17 222 143 173 51 82 206 311 358 128 319 99 177 232 176 22 165 157 217 401 182 349 237 231 282 297 51 149 194 94 129 237 316 290 279 218 186 331 342 152 181 406 187 269 52 236 234 105 49 327 249 301 286 254 156 214 335 63 10 262 156 306 100 148 64 319 219 241 137 63 152 140 230 99 142 313 324 112 323 338 215 239 241 229 133 240 169 276 295 243 144 102 256 311 137 227 307 59 27 121 214 109 229 321 290 391 97 241 174 125 88 296 156 77 260 70 120 61 86 238 325 301 186 136 256 139 140 327 122 304 66 169 114 129 127 12 139 346 59 84 238 204 224 286 249 32 186 36 341 318 118 197 194 32 263 78 63 103 222 295 171 191 158 86 212 151 99 326 152 257 158 171 204 333 298 31 80 263 336 186 125 321 318 136 122 167 328 285 303 154 252 272 201 32 133 261 204 271 277 261 202 43 62 231 96 251 198 212 266 249 113 220 292 68 187 238 106 217 219 176 196 169 169 224 271 162 114 320 288 95 142 120 265 52 266 115 338 142 263 257 285 207 97 77 266 166 268 197 136 191 193 209 153 143 172 286 61 160 188 234 207 90 360 366 165
 344 120 353 128 326 251 150 174 255 265 269 134 93 264 127 195 157 288 222 97 108 229 1 32 348 241 350 136 296 289 154 225 90 68 155 213 18 92 85 231 276 228 93 253 162 263 261 252 385 345 248 113 229 377 286 138 276 376 125 228 268 278 294 37 283 165 103 259 246 139 153 70 123 152 219 191 304 116 72 235 171 119 154 270 125 194 94 78 206 239 308 222 210 221 248 75 93 190 133 244 91 157 191 93 277 333 90 286 238 159 174 295 280 262 131 203 329 95 288 291 14 141 63 224 297 108 276 61 86 99 360 107 262 246 109 106 265 360 255 229 302 291 322 350 298 305 300 274 295 33 201 119 170 263 321 233 77 330 116 372 120 125 257 176 209 234 135 217 313 126 229 92 132 264 147 12 297 89 261 98 257 211 224 175 91 130 87 356 225 103 261 198 128 335 107 264 258 276 222 39 94 228 111 90 385 79 65 254 284 140 210 217 125 126 135 256 292 106 123 137 101 286 105 94 85 191 152 312 240 111 149 124 68 91 39 29 188 192 342 226 139 297 50 88 239 156 15 238 177 71 66 160 268 134 96 347 75 63 64 68 78 138 99 286 144 176 267 123 245 79 231 252 308 63 198 118 90 216 281 149 96 319 171 298 199 309 156 188 244 149 281 280 158 91 38 31 171 275 216 249
 320 145 339 102 314 222 171 172 250 247 239 139 62 266 133 192 139 270 223 117 116 229 32 1 330 210 330 154 273 285 125 229 99 80 172 213 48 103 67 238 268 202 113 222 179 232 272 231 368 330 247 135 209 361 257 163 244 357 94 197 237 277 278 53 292 148 134 228 216 108 124 93 107 130 199 167 274 92 102 242 141 89 167 273 150 164 76 104 176 219 286 192 219 222 219 76 116 204 153 253 101 129 161 93 282 320 94 261 226 141 144 264 268 231 115 176 306 126 263 304 29 164 89 193 271 125 287 91 100 94 341 134 268 243 111 135 278 340 224 198 271 300 298 336 310 300 271 256 290 52 192 113 169 253 298 202 94 312 132 351 106 143 226 160 178 243 158 202 301 115 231 99 153 258 151 40 275 119 231 129 256 187 219 149 97 121 114 340 221 134 252 191 133 314 136 244 235 258 210 68 110 241 132 106 364 93 80 230 253 111 207 228 94 111 161 241 261 92 109 125 82 256 135 119 77 161 121 292 237 124 118 97 47 65 63 37 187 199 320 239 108 276 24 59 211 171 22 208 171 52 97 173 243 105 75 330 94 63 95 47 93 150 118 257 153 195 280 92 238 52 216 220 295 40 167 90 119 229 274 118 79 292 145 311 174 289 129 208 226 173 252 284 180 116 8 24 182 244 188 229
 94 362 39 356 66 194 336 211 155 85 355 260 302 213 267 194 192 62 207 444 444 201 348 330 1 265 40 317 101 147 335 226 428 305 315 206 351 296 265 250 122 157 439 324 318 258 292 109 38 38 189 339 125 33 362 365 291 37 269 240 224 183 58 325 275 184 402 258 233 310 236 340 401 389 133 175 353 244 411 249 238 277 290 218 470 231 377 422 226 114 74 317 263 207 197 283 440 297 328 259 430 233 226 268 235 63 281 120 120 190 325 237 90 266 403 189 82 402 116 320 354 353 409 260 123 312 289 398 429 256 31 450 243 177 263 384 302 34 268 249 332 273 93 49 306 142 193 75 147 378 166 237 216 116 89 294 423 19 306 65 229 317 274 174 284 264 351 133 80 225 211 284 479 145 249 359 77 385 215 410 182 159 171 367 425 223 360 24 174 422 124 172 261 51 444 92 112 73 139 352 311 299 458 309 59 309 316 128 259 334 187 280 302 406 368 95 235 393 227 214 249 251 437 440 266 237 291 54 169 298 281 248 354 344 386 323 211 257 56 296 278 71 307 332 190 301 335 244 194 280 387 294 125 252 256 8 322 291 375 354 313 292 446 194 270 336 314 306 150 339 120 295 60 348 237 334 371 296 130 287 254 135 204 320 174 50 226 349 106 358 197 226 349 353 331 318 280 308 369 106
 198 337 295 153 293 72 345 265 296 201 91 274 149 348 274 270 172 216 309 309 283 310 241 210 265 1 240 322 166 321 117 326 273 257 336 299 255 269 188 348 289 119 307 60 342 25 397 169 293 289 317 320 171 296 100 352 41 271 120 30 50 337 243 249 401 183 341 21 33 112 104 288 203 171 170 130 98 150 309 351 82 124 318 356 349 64 197 307 57 179 193 58 342 308 69 233 314 349 328 365 275 102 71 236 372 296 249 147 234 171 94 64 263 22 200 97 195 334 151 433 236 348 294 19 148 297 405 300 285 222 256 336 367 306 249 337 405 253 15 21 82 406 183 299 430 330 96 212 325 254 242 222 266 268 186 32 285 253 299 244 194 314 19 189 39 360 343 206 291 204 319 257 341 297 276 249 189 325 54 338 320 131 279 133 265 212 312 286 284 343 274 248 269 222 342 186 159 212 235 273 285 378 324 281 263 270 264 141 45 126 279 358 120 208 352 224 62 206 195 202 178 50 342 319 213 62 92 212 294 288 93 132 195 170 268 234 279 323 222 375 103 195 195 165 77 327 229 22 246 189 305 325 141 116 175 269 279 228 301 195 273 306 306 85 293 363 413 123 281 176 213 32 269 194 56 142 320 368 300 94 185 151 115 437 122 216 110 379 196 357 80 368 358 311 205 219 323 52 115 178
 56 376 78 344 103 169 355 229 183 88 328 275 295 244 282 214 194 67 232 445 442 227 350 330 40 240 1 334 75 180 320 252 426 314 334 230 355 307 267 277 152 141 441 299 338 230 322 100 54 77 217 354 122 61 334 381 262 33 260 217 196 215 79 331 307 188 413 231 208 297 225 350 391 376 132 167 323 241 417 277 224 268 309 250 474 213 369 426 207 112 50 294 288 232 172 290 442 320 345 288 428 221 209 277 267 100 290 94 137 192 308 205 117 238 393 174 48 412 90 351 355 370 412 237 94 326 320 403 429 263 17 455 274 205 274 396 332 14 241 225 302 305 60 87 339 177 160 82 181 379 183 246 234 142 56 270 423 45 321 30 234 333 247 179 263 292 368 142 115 232 238 295 481 175 265 362 58 396 188 419 212 149 195 350 422 231 371 62 199 431 151 190 276 20 451 87 99 79 156 359 323 325 459 321 36 319 324 111 229 321 209 306 291 396 384 110 204 385 231 221 250 220 444 443 271 220 276 39 196 312 267 242 349 337 388 326 231 280 19 322 266 55 306 325 167 320 337 219 210 280 395 314 103 243 256 47 333 297 383 349 323 309 446 164 287 357 344 295 176 333 131 269 92 343 218 323 382 322 161 273 255 100 195 352 163 43 216 371 110 376 167 258 368 365 330 320 301 280 348 102
 349 51 307 254 272 302 24 107 178 250 376 61 198 158 56 125 169 269 128 200 231 136 136 154 317 322 334 1 306 208 270 120 215 76 20 123 123 57 137 114 210 257 195 353 26 339 130 254 352 299 156 33 228 339 393 49 362 352 210 300 331 182 260 102 157 165 105 336 315 246 219 70 257 283 219 220 406 174 148 118 241 209 32 162 202 262 228 167 272 234 305 324 90 127 300 93 188 58 13 122 216 222 256 87 162 279 74 303 199 171 285 360 230 341 266 248 331 111 304 157 149 37 161 305 316 30 146 137 203 102 339 182 145 160 76 81 133 339 336 305 397 166 329 301 166 223 347 254 212 161 153 106 102 206 326 326 192 300 25 362 133 12 340 168 301 111 36 195 256 126 130 67 225 190 70 141 294 94 321 119 166 234 151 298 218 121 69 316 150 132 200 146 62 324 167 257 265 256 180 104 45 95 207 49 368 62 75 271 358 257 135 90 230 261 53 226 356 241 133 133 145 357 156 183 111 262 251 300 161 35 243 192 199 217 156 118 109 78 332 94 231 291 150 209 288 26 135 312 125 141 115 32 286 208 149 313 62 102 102 199 61 26 206 335 48 44 133 229 175 204 204 343 263 193 269 237 78 84 209 245 139 342 217 164 231 294 215 58 229 43 332 168 38 61 161 131 49 367 335 245
 49 342 135 275 143 95 328 208 190 69 255 246 230 252 251 199 146 67 228 389 380 225 296 273 101 166 75 306 1 200 249 249 366 271 310 223 304 269 214 274 167 73 385 225 315 158 323 53 127 130 222 320 79 131 262 350 191 107 194 143 124 229 97 282 315 145 371 158 134 227 158 308 323 305 88 106 252 182 366 275 154 202 286 260 421 141 304 373 134 74 28 220 279 228 99 245 387 305 316 288 367 154 137 236 277 145 250 20 127 144 235 137 132 165 324 105 35 369 16 356 299 341 359 163 24 292 325 353 370 220 91 403 279 209 237 357 333 88 168 151 231 316 27 141 347 203 94 73 202 323 164 207 212 150 26 196 366 92 289 85 188 302 174 139 189 289 337 117 148 189 236 256 424 185 239 307 29 354 115 375 219 87 190 277 360 191 331 123 194 386 159 172 245 56 401 55 42 72 141 311 287 319 403 284 102 279 281 44 159 250 200 298 222 328 352 102 135 319 186 179 197 150 396 390 225 147 206 49 197 279 197 179 286 271 334 275 215 267 58 315 197 36 250 260 93 297 283 145 187 226 348 292 32 177 202 107 292 249 338 286 283 282 389 94 261 336 344 226 178 269 111 196 123 280 145 254 342 313 179 203 204 45 130 359 100 56 150 351 84 348 97 270 342 326 272 267 282 208 274 63
 222 257 121 349 84 261 221 117 36 134 406 165 284 69 173 95 170 135 81 381 396 73 289 285 147 321 180 208 200 1 343 93 378 228 199 86 286 210 222 112 34 206 376 375 200 324 149 163 172 115 54 237 152 156 418 254 357 182 265 292 298 37 107 257 129 157 308 323 295 314 245 254 381 385 152 194 418 225 336 111 259 271 177 73 395 265 351 352 267 146 181 356 132 82 263 215 372 170 220 119 380 244 258 197 89 89 203 211 88 169 344 320 70 331 386 225 204 312 209 174 299 241 341 309 222 214 144 323 374 193 176 375 99 49 183 286 158 179 330 301 400 127 210 111 161 17 285 128 6 322 96 173 121 54 206 342 364 136 206 209 183 212 336 145 323 126 241 116 68 173 80 203 412 28 151 300 174 294 286 320 44 191 67 377 378 165 267 135 65 333 48 95 169 181 364 150 176 129 90 278 220 161 392 220 205 225 237 194 335 336 81 145 300 386 258 103 318 369 180 164 212 329 354 370 209 270 303 164 51 202 291 239 323 324 324 262 106 134 189 159 284 168 265 312 251 186 279 301 115 238 306 179 203 251 221 141 237 228 292 323 229 186 385 280 165 213 170 303 48 315 109 351 90 315 273 327 278 162 23 297 213 245 217 174 201 155 234 223 130 244 280 80 232 258 289 265 162 371 396 151
 291 268 356 37 342 165 289 252 311 256 117 238 73 347 235 265 174 276 303 200 169 307 154 125 335 117 320 270 249 343 1 316 162 195 287 293 170 215 141 332 317 180 199 105 294 141 374 228 369 349 321 256 217 367 135 286 139 352 79 121 161 347 296 175 387 187 256 137 139 30 103 216 87 58 210 164 154 122 212 336 98 74 276 355 242 109 85 205 118 227 271 76 318 302 161 180 208 312 271 348 163 106 112 191 368 348 200 231 263 175 25 180 302 136 84 147 282 247 235 409 144 286 193 105 237 241 386 205 176 182 335 232 358 313 208 259 381 333 128 116 155 394 272 358 411 356 205 267 348 156 250 193 250 298 273 95 178 319 246 332 170 259 128 199 79 340 279 234 335 182 313 206 231 316 246 158 263 242 160 248 327 178 285 36 153 191 238 352 289 251 300 252 232 302 242 245 224 268 255 191 227 347 215 222 349 209 199 211 160 15 279 331 45 92 284 266 178 91 172 187 142 166 244 214 167 103 45 285 303 237 56 105 92 66 170 159 268 297 305 345 61 268 121 67 160 282 146 126 240 132 217 283 218 93 134 337 214 169 217 92 211 260 197 192 256 312 386 44 297 76 246 113 320 94 105 36 242 336 326 50 146 249 135 415 163 287 114 327 241 294 186 367 300 239 118 143 288 133 66 232
 283 170 207 313 170 281 131 65 72 182 401 92 247 40 99 58 156 193 22 308 331 26 225 229 226 326 252 120 249 93 316 1 313 159 109 28 217 136 178 27 106 226 303 372 108 336 76 200 256 200 41 151 179 241 415 164 366 262 240 299 316 64 174 190 76 145 223 334 308 288 231 176 333 347 173 199 421 197 259 28 251 243 89 46 317 264 303 277 270 179 238 348 39 22 282 154 297 78 131 41 315 232 257 137 54 176 137 253 123 157 323 343 137 341 340 233 264 228 252 111 237 151 268 311 266 132 81 247 305 140 252 296 43 50 119 200 86 254 338 306 407 81 266 198 105 107 317 181 97 256 90 125 66 111 262 340 295 211 124 281 147 126 343 138 318 42 152 136 152 135 15 134 337 83 79 234 228 211 305 236 50 205 60 349 315 126 184 219 56 250 103 82 98 247 283 195 214 183 109 205 141 74 317 143 282 151 165 227 351 306 51 55 271 338 169 150 340 319 145 132 174 347 273 294 157 267 282 226 57 123 272 215 273 281 256 199 50 43 256 71 262 223 214 270 268 96 218 310 81 191 227 89 240 230 183 220 161 167 214 273 154 101 313 308 85 121 97 273 77 269 139 353 167 265 273 291 194 72 101 276 172 292 213 114 210 218 222 131 166 153 307 56 140 176 234 206 72 377 376 188
 413 184 437 126 412 303 223 263 344 344 272 222 138 352 215 285 237 367 311 43 18 318 90 99 428 273 426 215 366 378 162 313 1 156 233 302 97 178 165 318 364 294 44 265 239 297 343 327 465 429 337 186 306 459 288 202 300 454 175 269 311 367 377 125 368 246 142 293 288 163 210 145 86 128 296 261 311 187 82 322 222 168 238 359 85 242 78 64 254 316 381 237 296 310 300 164 55 271 209 330 2 215 242 183 364 418 179 352 323 239 186 334 365 294 94 265 399 131 355 371 80 209 61 259 362 190 359 86 19 187 438 81 349 335 198 158 346 437 286 267 315 376 391 435 380 394 350 354 384 59 289 207 260 350 391 255 29 410 199 446 204 204 286 258 237 319 203 301 399 212 318 180 70 353 236 81 370 137 307 127 346 280 313 166 10 217 152 438 314 122 349 287 217 409 96 340 330 356 308 112 177 309 55 174 460 164 150 323 318 150 300 301 157 85 197 339 332 74 207 222 180 322 104 63 172 238 184 388 329 195 186 187 83 105 60 118 277 278 416 308 180 372 122 112 294 238 100 278 265 150 108 242 335 191 173 428 157 152 118 83 162 221 37 336 231 249 346 153 333 102 314 274 393 87 243 132 148 298 369 183 177 380 236 378 267 386 217 258 323 216 331 368 227 159 98 115 255 294 209 326
 318 82 305 178 274 247 95 112 194 227 304 68 124 198 60 134 126 249 157 153 173 164 68 80 305 257 314 76 271 228 195 159 156 1 94 148 60 25 70 164 219 210 148 282 101 276 195 222 343 297 184 65 196 332 321 97 295 337 140 237 272 214 249 32 216 128 101 272 253 173 156 38 185 209 186 172 335 110 110 168 177 138 89 204 170 199 155 125 210 204 277 253 143 156 245 27 145 125 77 177 157 159 194 38 210 281 27 264 189 128 211 300 228 277 193 194 301 99 265 226 81 94 114 239 277 47 209 97 148 52 322 149 195 183 47 88 200 322 271 241 328 224 296 300 232 244 295 234 233 98 147 69 108 209 294 256 138 287 53 339 84 65 274 136 232 167 88 174 260 84 164 26 185 204 82 76 265 83 263 106 193 190 163 223 157 84 62 310 164 118 205 143 62 301 141 230 230 236 171 51 33 163 164 28 349 15 11 231 296 182 149 151 156 189 96 211 297 169 86 95 83 296 133 143 49 198 179 277 179 45 172 126 126 142 98 44 124 124 308 161 160 264 75 134 234 92 63 249 119 70 83 95 246 141 84 303 24 29 71 126 18 72 158 282 77 118 202 155 186 129 187 274 259 119 205 162 72 151 222 174 76 301 161 233 182 272 154 133 205 103 278 213 106 58 86 57 105 299 260 216
