NAME : domp300p75v8
COMMENT : (Deleplanque et al.) 
TYPE : DOMP
DIMENSION : 300
DISPLAY_DATA_TYPE: NO_DISPLAY
OPEN_FACILITIES : 75
COST_SECTION
 1 90 83 307 165 111 290 243 110 377 329 365 318 327 202 97 260 221 422 119 224 234 308 241 87 200 249 112 149 346 277 272 105 261 63 328 277 130 249 195 88 232 241 208 221 121 205 23 213 323 344 237 67 331 225 334 141 28 166 177 224 123 389 204 170 283 225 36 185 326 154 208 84 268 40 97 259 40 253 283 268 400 66 127 51 303 264 307 275 163 244 337 129 78 229 87 165 253 140 359 39 237 291 345 130 52 101 225 118 79 303 50 121 371 360 332 114 119 153 60 245 174 327 88 139 80 334 93 69 23 81 238 237 102 308 208 58 128 276 189 288 41 121 280 331 350 307 319 210 131 43 338 13 39 362 232 198 328 149 280 182 240 254 157 47 262 273 145 336 308 194 55 288 270 287 138 191 321 265 219 427 38 366 349 246 152 365 355 145 9 127 211 228 188 288 108 322 278 204 170 295 387 105 227 280 249 283 169 73 304 26 30 263 344 231 146 101 176 232 122 40 179 270 93 270 116 120 141 162 320 129 115 93 258 222 75 138 185 210 330 327 389 187 51 219 296 175 300 317 264 148 324 194 162 83 281 164 341 78 245 393 348 194 157 192 265 271 258 271 216 301 147 125 193 104 200 144 26 416 91 218 305 20 206 276 18 315 222 43 224 84 335 173 261 200 273 289 309 211 100
 90 1 27 219 93 98 227 274 23 326 307 327 230 325 113 31 236 267 385 37 192 265 246 184 17 246 161 34 180 323 300 188 131 308 68 272 279 43 173 106 135 261 289 183 163 77 117 86 236 239 275 249 141 296 282 267 53 117 225 221 272 189 347 117 85 245 176 101 249 304 65 220 76 200 102 73 188 56 227 333 187 361 135 78 131 316 206 273 297 175 185 287 188 14 246 153 76 165 205 270 88 167 318 283 166 131 85 136 53 99 291 138 42 334 295 303 37 175 177 41 187 125 312 43 59 150 247 15 140 103 77 273 211 102 288 198 72 44 283 241 305 100 57 226 267 323 223 231 179 74 132 319 80 57 302 168 126 293 61 239 123 198 208 198 129 243 187 93 327 280 205 137 311 310 266 80 117 233 196 134 388 115 324 300 208 157 276 289 75 94 42 175 140 142 222 64 292 232 218 172 314 334 62 138 279 293 283 215 37 264 111 61 318 327 159 58 136 132 167 59 61 194 264 117 306 91 82 103 114 238 42 87 173 312 253 134 158 137 263 297 246 365 141 138 131 310 88 272 267 262 65 283 208 98 88 211 81 297 101 286 342 285 179 177 116 278 182 180 183 154 213 116 125 116 104 234 104 114 379 120 202 270 71 185 326 74 226 192 118 147 153 246 185 173 137 320 202 307 124 113
 83 27 1 226 85 72 215 248 46 311 285 308 238 300 128 15 213 242 366 61 171 239 234 169 11 221 167 60 154 301 274 190 146 283 81 258 254 65 168 118 145 235 265 160 149 55 130 86 210 240 267 223 124 276 258 257 64 109 203 197 248 169 329 122 88 226 159 103 227 282 77 194 94 191 85 94 181 45 205 308 186 343 117 103 130 290 193 253 271 149 172 271 166 21 220 133 90 179 184 280 93 158 292 272 142 116 105 149 38 112 267 129 67 315 285 282 63 153 151 52 173 107 289 17 84 132 253 17 122 90 94 247 188 76 265 173 51 67 257 217 279 104 42 211 256 302 225 239 157 56 124 296 72 60 289 156 118 273 71 220 108 179 190 173 127 220 191 75 303 259 179 123 285 285 244 106 110 240 187 136 369 101 306 284 188 131 286 279 65 89 65 154 149 123 212 41 271 214 192 146 288 320 38 150 253 268 258 190 14 245 107 54 294 304 151 68 149 112 156 43 47 168 239 93 280 113 59 81 95 238 49 62 156 288 227 114 132 119 239 276 245 344 122 126 145 284 106 250 251 237 87 265 182 85 63 203 82 279 114 261 327 273 155 151 111 252 193 177 191 141 222 93 99 112 78 208 83 108 360 96 178 250 64 161 301 66 236 170 119 143 134 255 159 187 124 295 208 282 142 130
 307 219 226 1 157 249 156 398 202 248 319 287 17 374 116 213 270 418 333 200 236 392 165 169 221 400 59 208 332 326 406 52 329 452 278 198 350 185 104 117 343 386 439 247 165 213 110 304 359 55 151 350 345 276 445 155 167 333 401 378 425 379 290 104 140 241 190 318 427 315 155 331 274 132 308 262 119 269 263 479 72 313 337 236 348 399 170 267 402 304 161 228 371 230 356 348 146 78 390 61 304 129 427 184 330 340 271 92 197 302 329 353 201 298 181 298 208 357 322 257 163 191 336 227 191 350 30 214 341 315 277 404 254 264 310 282 270 190 362 403 400 317 195 189 170 318 48 15 233 195 348 331 296 275 200 146 137 274 159 230 171 215 203 357 347 286 41 195 360 285 320 347 415 442 294 222 137 15 129 93 328 325 273 240 227 287 67 172 174 311 191 222 80 196 141 218 288 213 332 288 409 251 219 86 345 435 350 375 238 245 329 277 473 342 125 162 338 201 145 197 272 319 324 291 433 265 219 215 197 61 179 231 377 468 383 329 306 192 424 283 72 353 197 351 102 395 147 281 216 332 179 255 326 170 265 125 146 252 305 426 260 181 265 318 132 369 53 88 38 156 18 225 269 130 265 374 212 331 328 297 272 262 287 255 472 290 28 240 336 108 351 40 310 78 157 464 18 363 124 308
 165 93 85 157 1 93 135 257 90 237 238 244 171 271 95 71 170 269 302 100 125 250 155 95 85 249 101 106 180 252 273 113 223 306 160 182 233 89 85 81 226 245 290 124 75 57 93 169 217 161 184 217 192 217 293 175 61 189 246 227 275 223 262 61 35 166 94 187 273 235 63 193 167 109 157 161 97 126 161 333 105 278 184 154 213 278 117 196 270 157 95 199 215 98 219 194 72 134 235 215 176 76 294 192 176 189 173 106 48 190 231 207 105 253 204 229 108 202 171 131 97 54 247 79 111 196 181 81 188 168 168 260 146 108 221 152 119 96 241 251 272 187 45 139 175 250 146 171 114 40 204 250 153 143 210 77 35 213 58 158 40 121 125 204 211 182 118 41 266 207 179 197 284 300 200 149 26 171 104 65 303 176 239 213 133 138 222 197 21 172 95 107 92 69 130 64 217 148 193 144 282 245 66 101 230 289 235 222 93 183 190 137 324 260 68 59 228 65 76 45 127 174 211 135 292 176 63 62 52 158 58 75 224 318 239 175 154 63 273 219 164 291 69 202 108 272 96 199 179 214 104 201 184 19 110 120 29 212 192 280 253 193 132 168 28 242 139 94 128 65 157 76 116 30 109 227 61 189 296 141 149 192 147 130 325 148 173 126 202 60 197 191 165 143 48 318 140 255 119 204
 111 98 72 249 93 1 189 180 114 269 222 255 263 230 175 71 151 181 312 130 114 171 206 138 82 161 194 130 91 239 204 203 203 221 142 222 183 129 165 162 194 167 204 99 121 39 175 126 140 248 246 152 110 221 203 235 116 125 154 137 187 132 279 152 119 173 119 144 180 219 127 123 159 173 84 162 169 82 144 247 192 289 101 175 161 219 160 197 201 79 144 228 123 91 149 106 141 221 143 308 140 146 222 242 84 113 173 192 65 171 200 138 136 260 258 223 133 110 85 115 144 73 223 56 151 110 272 86 104 103 158 180 128 17 201 104 55 134 186 160 208 147 64 173 229 241 234 263 100 57 138 232 100 112 258 136 116 218 120 170 87 130 146 114 156 155 210 55 235 199 108 121 215 219 180 177 113 263 170 157 317 103 256 240 136 60 314 254 79 120 131 101 182 83 190 41 212 169 121 75 217 278 42 189 183 204 187 132 66 194 136 93 235 239 142 118 203 71 136 62 77 98 170 44 213 183 31 39 61 244 102 19 139 230 160 88 66 81 183 220 248 282 81 130 191 213 162 191 208 167 152 213 111 80 30 187 111 231 172 197 285 245 88 84 118 180 229 178 220 119 249 38 29 120 17 143 42 129 306 50 112 194 99 97 240 99 265 112 153 147 110 284 88 230 106 233 232 212 195 191
 290 227 215 156 135 189 1 278 223 109 166 135 171 226 191 202 129 311 187 232 111 274 20 52 218 298 142 239 242 172 275 111 357 338 293 52 211 219 71 180 359 268 329 129 70 170 186 298 244 114 59 224 298 121 344 47 191 310 315 282 319 310 143 146 154 90 75 316 341 162 188 215 301 32 271 295 49 252 123 364 90 164 289 286 340 259 32 113 272 206 47 78 296 231 234 291 190 196 315 207 307 63 296 57 249 301 307 183 178 324 181 325 237 146 71 144 240 285 229 265 46 118 184 205 239 296 159 215 292 287 302 287 121 204 159 163 236 226 225 307 265 317 174 38 42 163 112 166 116 161 323 177 277 274 76 60 103 120 186 80 109 83 65 265 336 145 127 146 209 132 208 309 283 322 146 277 113 164 37 127 184 290 123 91 91 195 213 66 153 297 226 107 158 107 15 183 134 63 217 187 273 115 186 174 204 322 210 282 221 91 315 264 365 189 72 187 361 119 61 173 251 214 184 229 310 309 171 152 130 107 192 178 325 359 268 275 220 109 324 128 102 199 109 317 192 257 209 129 62 195 230 101 215 131 216 32 154 100 326 311 124 59 153 223 116 237 181 79 158 75 169 152 194 117 203 266 149 311 181 235 147 108 273 138 357 274 182 115 330 94 296 192 207 202 92 348 150 217 214 339
 243 274 248 398 257 180 278 1 292 294 178 249 414 129 349 249 156 52 286 308 170 10 286 239 258 59 352 306 97 193 40 347 347 62 298 279 91 308 297 335 326 14 59 155 236 214 348 265 41 378 331 57 188 219 87 318 294 236 106 72 58 143 277 317 289 202 214 277 115 179 304 68 319 282 204 327 288 238 159 87 329 272 184 347 275 79 249 201 39 103 247 264 128 264 45 165 317 390 131 458 281 272 49 308 115 204 335 362 243 321 140 231 314 246 327 200 309 131 98 279 245 210 162 233 329 174 415 263 182 222 317 13 158 172 162 119 209 312 78 77 57 283 241 244 303 204 369 412 169 230 238 180 238 267 314 256 265 216 297 209 230 197 215 87 269 142 359 218 153 186 80 208 49 46 157 352 267 411 282 316 298 210 261 268 189 122 464 328 250 250 310 179 347 203 288 219 198 222 67 114 61 304 220 357 99 47 97 80 239 217 256 245 92 177 274 295 341 199 256 238 231 84 111 160 36 348 206 197 207 372 280 196 185 87 22 171 117 207 75 211 371 227 202 220 363 72 340 181 253 97 331 228 74 240 187 296 282 248 320 37 305 313 134 98 273 58 393 313 378 243 403 183 152 276 170 44 198 244 282 159 132 203 244 145 81 242 420 165 276 292 171 436 94 399 242 71 384 116 371 342
 110 23 46 202 90 114 223 292 1 326 315 330 212 337 93 44 244 287 388 17 200 283 243 183 36 266 145 18 199 331 317 175 137 328 79 270 292 22 165 87 146 279 310 193 163 87 97 103 253 226 269 265 163 301 303 261 38 137 247 242 293 211 349 102 74 250 178 117 271 312 48 236 80 195 124 73 182 78 236 353 176 365 157 68 148 331 205 278 314 192 184 287 210 36 263 175 57 144 227 251 103 162 335 279 187 153 85 117 59 106 302 159 23 338 290 310 21 197 196 56 186 130 321 60 39 172 231 30 162 124 82 291 219 120 296 211 94 22 297 261 321 116 63 227 263 330 210 214 187 80 152 327 101 75 298 165 121 297 45 243 124 203 210 218 147 253 172 99 337 287 221 158 328 329 275 66 111 216 191 121 390 137 326 301 214 173 257 284 75 113 20 182 123 147 217 77 298 234 234 187 330 334 75 119 292 313 296 235 57 268 129 82 338 336 154 43 144 138 164 66 83 211 276 137 325 87 94 113 120 225 33 101 195 333 271 156 176 141 284 302 233 372 146 159 110 325 66 279 267 275 43 287 225 98 108 205 72 299 109 306 342 280 191 195 110 293 163 170 166 153 195 127 142 109 122 253 114 134 382 141 213 275 91 195 346 95 207 200 135 138 175 227 202 152 136 340 185 320 102 118
 377 326 311 248 237 269 109 294 326 1 128 58 261 197 298 299 145 339 87 336 161 294 91 143 315 332 247 342 293 121 277 212 455 355 391 58 208 324 179 287 454 288 352 180 164 260 293 389 271 197 100 240 371 78 375 95 295 393 361 323 346 369 46 254 260 103 154 407 384 125 294 245 401 140 352 397 156 343 146 377 193 69 362 390 427 247 121 95 274 256 143 41 353 329 255 359 297 300 369 289 400 169 295 65 306 378 409 290 275 422 162 405 341 68 73 101 344 344 280 362 141 206 150 298 344 366 243 313 364 370 402 306 157 281 137 202 321 331 223 345 261 410 271 101 80 109 202 256 173 255 405 134 365 368 51 162 207 80 291 102 204 140 124 313 423 156 228 237 172 110 245 385 281 333 138 383 218 253 145 235 81 370 41 31 136 253 293 80 252 385 330 169 264 190 120 274 100 101 249 238 267 11 277 281 200 341 203 325 314 83 402 354 386 144 178 292 458 203 163 269 340 257 184 301 319 412 259 237 218 190 294 263 393 381 292 347 278 194 357 87 181 126 192 395 299 249 317 115 62 198 336 68 251 229 297 137 259 47 424 330 17 69 203 273 221 241 283 185 259 174 264 232 264 223 280 299 234 396 82 307 185 93 363 187 372 363 275 164 419 202 365 279 253 306 191 362 247 197 322 438
 329 307 285 319 238 222 166 178 315 128 1 75 335 70 325 277 73 227 110 330 117 179 162 159 293 225 295 333 206 19 154 271 424 236 361 138 88 322 222 312 414 175 236 126 172 232 322 346 165 279 199 129 301 54 263 187 296 336 263 223 234 282 101 281 271 81 148 363 281 5 300 145 377 188 295 378 203 303 81 256 250 95 294 382 375 121 151 54 152 175 165 111 265 305 145 284 309 346 278 372 360 200 171 165 224 313 389 326 257 391 39 342 336 70 182 29 336 260 195 334 162 188 22 269 345 293 325 293 294 315 377 190 98 228 22 123 274 328 102 241 137 367 254 131 169 27 277 331 130 237 346 13 318 332 164 185 222 53 295 91 199 119 122 220 370 68 287 217 46 35 152 319 156 212 43 380 230 328 191 268 121 310 90 108 107 180 378 186 245 337 327 135 303 171 180 245 34 108 150 162 142 137 248 318 80 223 82 227 283 76 351 314 268 24 208 295 423 179 186 251 298 167 72 239 198 397 227 205 196 272 289 225 316 263 181 277 201 177 248 45 266 62 172 331 333 123 332 41 112 85 340 72 156 223 247 195 266 87 392 213 135 171 136 189 236 121 337 236 315 185 331 193 205 239 226 193 204 342 105 242 112 59 319 126 251 318 346 116 370 234 290 356 168 354 196 242 312 70 350 411
 365 327 308 287 244 255 135 249 330 58 75 1 301 142 319 298 112 296 59 343 143 249 123 152 314 292 276 347 262 65 227 245 452 308 388 90 160 332 203 306 447 244 307 159 171 255 314 380 231 240 147 197 349 36 332 138 304 378 326 286 303 339 29 273 272 84 153 398 346 73 305 207 400 164 336 399 181 334 117 329 224 36 341 397 414 195 134 60 225 227 155 60 322 327 212 335 311 329 337 333 392 187 244 111 278 358 411 314 275 419 111 387 348 12 124 49 350 315 250 359 152 203 95 294 354 342 286 313 342 355 401 261 131 265 87 172 309 339 174 306 210 401 271 111 121 53 241 296 157 254 389 78 354 362 103 176 219 39 301 89 207 130 121 279 410 118 261 235 116 67 210 366 230 285 96 392 230 294 168 257 63 353 19 49 121 227 338 130 256 374 338 156 289 186 149 269 53 98 212 211 215 65 272 305 151 295 154 289 309 64 389 346 339 87 196 302 454 197 177 269 331 223 139 282 271 416 252 229 214 233 301 253 368 335 249 325 252 191 316 41 225 71 187 377 323 197 333 74 74 153 347 44 215 233 283 166 270 37 420 284 62 116 178 243 234 193 315 213 292 182 301 221 245 236 264 259 227 382 53 287 156 62 353 163 324 353 314 145 408 222 341 321 222 336 198 315 283 144 343 437
 318 230 238 17 171 263 171 414 212 261 335 301 1 390 123 225 287 433 347 209 252 408 180 185 233 415 72 217 347 341 422 68 335 468 287 212 366 194 120 126 351 402 454 263 181 227 118 314 375 66 163 366 358 291 460 168 178 344 415 394 440 393 303 117 152 256 206 328 442 331 166 347 282 148 320 269 135 281 279 495 88 326 350 242 358 415 186 282 418 320 177 242 385 241 372 362 156 80 404 46 314 145 443 197 345 352 278 99 210 310 345 365 209 312 193 313 217 372 337 266 180 207 352 239 198 363 28 226 354 327 285 419 270 278 326 298 282 199 378 418 416 326 209 205 183 333 61 7 249 209 360 346 307 285 212 162 152 289 170 246 187 231 219 372 357 303 56 210 376 301 336 359 431 458 310 228 152 10 145 107 341 337 287 254 243 302 52 184 187 322 200 238 90 212 157 232 303 228 348 304 425 263 233 94 361 451 366 390 250 260 339 289 489 358 141 173 345 217 162 210 284 335 340 305 449 271 233 229 213 72 190 245 390 483 399 343 321 208 440 298 82 368 213 362 108 412 154 296 230 348 186 270 342 185 279 140 159 267 313 441 273 193 281 333 147 386 55 104 47 172 18 241 284 144 279 389 227 342 342 311 288 277 298 272 488 301 16 256 346 123 365 23 326 78 173 479 32 379 128 314
 327 325 300 374 271 230 226 129 337 197 70 142 390 1 363 295 106 181 165 352 148 134 225 208 309 184 343 354 187 78 97 324 429 180 370 204 52 347 273 349 414 130 185 148 216 250 361 347 131 339 265 97 288 123 215 252 325 330 228 189 186 257 167 322 305 137 191 363 242 73 331 123 388 243 290 392 256 308 115 197 303 156 281 402 369 58 205 117 96 165 215 179 239 320 110 267 341 391 249 430 362 249 109 232 207 301 402 368 279 398 46 331 359 135 250 98 357 238 179 344 212 218 48 284 370 276 383 311 281 310 387 142 128 232 68 128 278 353 57 202 78 367 276 189 235 91 334 387 158 260 336 65 319 339 232 232 262 122 325 147 233 163 172 193 364 92 339 242 28 97 135 307 96 154 82 402 269 384 246 312 178 302 158 177 150 177 436 254 273 336 351 166 347 203 239 262 101 164 127 159 80 205 264 361 49 170 46 195 295 139 347 318 212 57 255 324 426 207 233 273 303 150 62 235 141 412 244 225 223 332 315 239 295 209 139 265 191 209 204 113 327 101 203 319 373 62 365 98 178 65 368 140 136 254 251 253 299 156 398 161 203 238 147 174 275 75 386 288 366 228 384 211 207 278 230 157 225 336 162 237 125 121 322 144 193 320 400 146 367 280 273 412 155 400 236 184 365 19 388 419
 202 113 128 116 95 175 191 349 93 298 325 319 123 363 1 117 260 355 374 88 216 341 208 170 120 335 66 96 265 337 367 104 214 394 166 241 327 74 121 15 229 336 378 218 154 138 7 195 309 151 220 311 251 296 376 216 65 229 324 311 362 294 331 47 61 249 178 208 350 321 52 286 160 160 212 147 143 168 251 421 114 351 244 122 239 372 186 279 363 247 166 266 290 126 313 259 39 52 308 160 194 133 387 241 258 242 157 25 112 188 322 251 88 329 246 312 95 276 259 147 169 148 337 135 76 258 145 113 248 214 163 351 237 187 310 247 177 77 335 334 366 206 112 209 224 333 136 126 207 121 244 337 192 167 260 145 105 293 58 239 131 207 206 288 238 273 95 132 357 292 272 248 377 391 289 108 96 128 155 65 373 227 310 280 220 228 166 238 100 205 79 198 41 162 180 137 300 225 285 236 376 304 136 30 324 378 329 306 140 261 221 174 410 348 124 61 223 159 144 115 172 266 304 211 384 151 146 153 146 153 80 157 283 404 330 240 240 156 356 300 163 374 162 250 18 367 32 285 247 308 64 278 277 113 182 164 69 284 191 370 314 240 227 256 90 336 71 117 79 142 106 168 201 87 189 316 152 226 368 216 243 274 183 224 413 186 117 218 226 98 261 136 256 61 130 406 99 348 26 193
 97 31 15 213 71 71 202 249 44 299 277 298 225 295 117 1 206 247 356 60 162 241 221 157 17 226 154 60 158 293 274 176 157 287 93 246 250 60 154 107 158 237 269 153 137 47 119 99 211 226 253 222 135 267 264 244 53 122 210 201 252 178 318 109 74 216 147 117 235 274 66 193 104 178 97 102 167 58 197 313 172 333 128 107 144 288 180 244 271 149 159 260 174 31 220 143 80 168 192 267 106 145 292 259 146 129 114 138 25 124 261 142 66 305 272 274 63 161 154 64 161 96 282 19 81 142 240 17 132 104 104 249 181 78 258 169 60 63 254 222 278 117 29 199 243 294 211 226 149 45 138 289 85 73 277 143 105 263 60 210 96 169 179 178 141 213 178 64 297 250 178 136 285 287 236 108 96 227 173 123 359 114 295 273 179 130 273 266 51 103 61 146 136 113 198 35 262 203 191 144 287 308 32 138 249 272 254 195 26 235 121 68 299 297 138 57 161 102 143 31 60 168 234 98 283 121 52 73 85 224 39 58 168 294 229 124 134 108 245 267 231 335 112 139 135 282 98 242 239 233 83 255 182 72 68 189 68 268 126 264 315 260 150 153 97 250 181 163 179 129 209 86 99 98 80 211 74 121 350 102 172 240 78 155 306 80 223 162 133 129 145 243 159 176 112 299 195 278 133 140
 260 236 213 270 170 151 129 156 244 145 73 112 287 106 260 206 1 197 166 259 46 154 133 103 221 188 237 262 151 89 148 220 353 217 290 124 83 251 169 246 344 148 211 54 111 160 257 276 128 239 178 101 239 78 232 165 227 270 218 179 204 228 140 217 203 47 85 294 240 70 231 101 305 141 227 306 153 232 10 242 199 145 230 311 308 132 104 54 145 116 111 111 211 233 114 223 241 286 227 328 290 144 169 153 167 248 318 264 186 320 63 277 265 115 172 73 265 204 139 262 108 118 79 198 275 231 281 222 231 248 305 166 26 159 53 60 205 257 97 201 137 297 182 92 149 91 233 283 59 165 280 84 249 262 159 127 157 74 226 54 131 57 69 170 303 17 234 146 98 50 101 256 155 198 32 309 165 281 143 207 173 244 119 116 45 116 333 173 175 268 256 64 242 102 141 173 64 69 105 99 145 155 176 256 77 202 82 181 212 63 283 243 246 92 150 225 353 108 128 179 228 113 56 172 185 325 156 134 125 232 219 154 257 241 150 214 140 108 214 73 229 132 102 267 269 129 264 41 98 67 270 78 107 154 178 152 198 99 321 191 158 158 68 132 171 109 281 184 260 122 280 122 137 174 157 155 132 275 160 177 45 54 249 55 236 249 296 45 302 175 230 309 111 295 131 226 260 93 285 340
 221 267 242 418 269 181 311 52 287 339 227 296 433 181 355 247 197 1 336 303 201 49 321 267 253 23 367 300 91 243 89 368 322 42 280 318 141 305 321 342 299 53 23 184 261 218 355 243 69 404 367 100 159 264 37 353 296 209 63 47 9 107 324 329 298 242 242 252 65 228 307 98 301 311 183 312 314 224 198 67 352 321 157 335 245 129 281 245 89 114 275 306 95 257 85 136 321 400 91 478 259 296 89 346 102 176 319 371 245 299 189 200 308 294 365 248 303 103 98 265 274 227 212 229 325 145 437 258 154 199 299 40 193 170 210 149 198 308 128 34 108 258 244 279 340 253 393 432 197 236 208 229 219 250 354 280 282 262 300 248 247 229 248 70 240 184 378 228 204 231 104 178 95 53 202 342 283 431 310 330 347 185 307 311 223 132 484 365 257 227 306 207 359 224 319 220 244 259 95 131 110 349 221 367 148 29 147 54 232 259 230 228 57 227 297 298 315 218 281 242 217 100 158 151 58 332 211 207 222 398 281 199 149 51 48 147 117 227 24 257 398 277 223 189 371 123 342 226 294 144 328 271 97 252 181 325 290 292 298 28 351 351 160 102 288 109 406 336 394 266 421 194 155 291 169 46 209 217 331 148 165 246 226 174 60 223 437 197 248 311 141 455 109 409 262 54 403 167 375 320
 422 385 366 333 302 312 187 286 388 87 110 59 347 165 374 356 166 336 1 401 200 288 172 209 372 334 328 405 312 94 259 295 510 342 446 138 196 390 257 362 504 283 344 215 228 313 370 437 274 283 186 239 403 92 371 180 362 434 372 332 342 389 45 329 330 142 211 455 391 110 362 254 459 217 391 457 234 392 171 360 275 25 395 455 471 222 190 116 257 279 211 110 372 386 254 387 368 381 386 375 450 242 273 151 329 413 469 368 333 477 148 442 406 53 159 95 408 366 301 417 209 261 125 352 412 396 329 371 396 411 459 298 187 321 129 224 366 397 210 350 240 458 329 167 165 84 287 342 214 313 444 107 411 420 137 232 276 95 359 147 265 188 179 327 466 168 311 293 139 117 259 420 259 317 143 450 287 338 222 311 15 408 65 97 179 281 379 166 314 431 396 214 343 244 200 327 103 156 258 264 244 87 330 359 189 330 190 336 367 122 446 403 374 111 252 359 512 255 233 327 388 273 181 337 303 474 310 287 272 276 359 311 421 370 290 379 304 249 357 94 267 67 245 431 377 225 389 126 128 194 405 103 263 291 340 217 327 92 478 321 79 155 232 294 291 229 366 265 342 240 348 278 301 293 320 303 285 438 7 341 209 119 410 219 356 410 360 201 464 277 394 365 273 388 255 347 332 173 399 495
 119 37 61 200 100 130 232 308 17 336 330 343 209 352 88 60 259 303 401 1 214 299 252 195 51 281 145 9 215 345 333 176 133 343 79 280 308 16 172 84 144 295 325 208 174 103 92 109 269 228 276 281 175 314 318 269 43 146 261 257 308 225 361 104 80 263 191 122 285 327 50 252 77 204 136 67 190 89 250 368 179 377 170 55 153 347 216 292 330 208 194 299 224 49 279 188 55 138 240 247 107 171 351 288 202 164 78 112 74 104 317 168 7 351 298 323 10 211 212 61 196 143 336 76 23 185 229 46 174 134 79 307 234 136 311 226 108 11 313 276 337 119 78 238 271 344 211 211 201 95 161 341 111 82 307 175 131 310 49 256 137 216 223 233 152 268 173 114 353 301 237 169 344 345 290 51 120 213 199 124 402 148 338 312 227 189 252 291 88 121 10 196 121 161 225 93 312 246 250 203 346 344 91 116 307 328 312 250 72 280 136 93 353 350 162 47 141 152 174 81 95 227 291 153 341 78 110 128 135 227 43 117 206 348 287 170 192 155 299 315 236 386 160 168 104 341 58 293 278 291 30 299 241 111 123 213 80 311 107 322 352 289 207 211 118 309 158 175 163 164 192 142 158 117 138 269 129 142 394 156 229 288 101 210 361 104 203 215 140 144 188 223 218 145 147 356 183 335 93 113
 224 192 171 236 125 114 111 170 200 161 117 143 252 148 216 162 46 201 200 214 1 165 121 70 178 189 198 217 137 132 172 185 313 229 249 124 116 206 133 202 306 159 219 21 72 117 213 238 135 210 167 117 211 109 235 153 181 236 209 174 209 211 167 174 158 61 47 256 234 113 186 105 263 114 194 263 121 193 37 255 165 177 203 267 273 164 80 84 168 100 79 122 195 191 126 199 196 245 213 295 251 108 193 149 148 219 275 221 142 280 107 247 220 148 168 113 220 186 124 221 77 73 124 155 230 206 250 178 204 214 263 178 22 124 98 53 167 213 128 199 165 260 138 79 141 132 202 249 15 121 248 128 212 222 161 91 114 105 181 60 86 29 48 159 268 58 198 101 143 89 99 226 180 214 77 265 122 248 114 165 205 212 144 131 26 94 301 167 130 232 211 19 200 57 119 131 101 64 108 81 174 171 134 214 112 212 117 174 170 82 248 205 255 137 112 180 314 63 92 135 189 106 91 142 203 282 113 91 80 204 174 113 234 250 159 187 120 63 215 108 203 174 57 237 226 161 219 81 104 98 225 101 105 109 142 127 153 120 281 202 176 154 45 117 128 135 241 149 222 82 244 80 105 131 123 157 89 241 193 147 39 82 212 29 248 211 260 5 266 135 205 275 100 254 88 239 224 134 241 299
 234 265 239 392 250 171 274 10 283 294 179 249 408 134 341 241 154 49 288 299 165 1 282 234 249 53 345 298 88 195 48 341 338 65 289 277 93 299 292 328 317 7 59 149 230 205 341 256 34 373 328 55 179 218 84 315 286 227 99 64 55 135 277 310 281 200 209 268 109 180 296 62 310 277 195 318 283 229 156 91 324 273 175 338 266 85 245 200 46 95 242 263 119 256 41 156 309 382 123 452 272 266 58 305 106 195 326 354 235 312 141 222 305 247 324 201 301 123 89 270 240 203 164 224 321 166 409 254 173 213 308 14 154 164 163 113 200 303 80 70 64 274 233 240 300 206 363 406 163 222 230 182 229 258 312 250 258 216 289 206 223 192 211 78 260 140 352 210 156 185 73 199 57 52 157 343 260 405 277 309 299 201 261 266 185 114 458 325 242 241 301 174 340 197 283 210 198 219 60 107 68 303 212 350 101 49 99 72 230 215 248 235 94 179 268 287 332 193 251 230 222 77 111 151 44 339 198 189 200 367 272 187 177 89 13 162 108 201 71 211 366 229 196 211 356 78 331 180 251 97 322 227 67 233 178 291 274 247 311 38 305 310 128 89 266 61 386 307 371 237 397 175 143 269 162 35 191 235 283 150 128 202 235 140 84 233 413 161 267 285 162 430 86 392 235 75 378 120 363 333
 308 246 234 165 155 206 20 286 243 91 162 123 180 225 208 221 133 321 172 252 121 282 1 69 237 309 157 258 255 165 280 124 376 346 313 35 215 238 88 198 378 277 338 140 88 189 203 317 253 120 47 231 315 114 355 33 210 328 328 294 329 325 128 164 174 91 90 335 353 158 207 224 320 50 289 315 66 271 129 372 104 150 306 305 358 262 47 110 277 219 65 64 311 251 242 307 209 210 329 213 326 82 301 38 264 318 327 200 197 343 181 342 256 134 53 138 260 300 242 284 64 136 181 224 258 313 166 234 308 305 322 295 129 221 158 173 254 245 229 319 269 336 193 43 23 156 120 175 128 180 342 172 296 293 56 79 122 113 205 82 128 93 74 278 355 149 140 164 206 130 219 326 287 329 146 297 133 172 55 145 168 308 110 77 99 209 219 49 172 316 245 120 174 124 30 202 129 66 227 199 277 97 204 190 208 330 212 294 240 87 334 283 374 184 91 206 381 137 80 192 270 226 187 246 317 328 189 170 148 112 211 196 341 369 277 292 235 126 335 121 106 190 126 335 209 261 228 128 52 199 249 93 225 150 234 46 173 88 346 319 106 40 165 236 135 242 195 95 171 94 179 169 210 136 220 277 167 330 166 252 157 105 292 149 365 293 192 126 349 113 312 200 219 217 111 356 161 217 231 358
 241 184 169 169 95 138 52 239 183 143 159 152 185 208 170 157 103 267 209 195 70 234 69 1 173 252 137 200 193 169 241 118 313 297 249 90 183 183 67 157 313 228 286 85 22 121 166 250 202 141 110 186 247 127 299 98 155 260 266 235 275 259 168 125 122 80 26 269 293 155 154 173 258 45 221 254 52 204 95 323 98 185 238 249 291 231 24 110 237 158 9 105 246 187 195 240 160 188 265 227 260 43 262 105 199 250 266 169 133 280 163 274 200 161 121 143 202 235 181 220 8 68 173 158 204 245 181 171 241 237 259 246 87 153 146 121 186 190 195 260 233 270 129 44 92 165 133 182 71 114 273 171 229 228 122 27 69 124 151 71 62 47 38 217 287 119 133 97 196 125 164 258 249 283 128 243 79 180 45 110 209 240 145 119 59 146 233 117 110 249 189 61 145 56 55 135 132 56 175 139 242 152 137 160 177 280 183 234 174 92 266 216 322 182 50 152 317 68 28 127 202 168 156 178 272 270 121 102 80 135 153 128 274 316 226 224 171 58 279 131 134 205 58 266 176 228 182 119 85 165 197 110 171 87 166 59 119 118 282 270 160 108 108 175 83 204 180 82 159 32 178 101 143 86 152 222 99 262 203 184 108 105 225 95 316 225 194 75 282 76 245 207 161 196 48 307 158 195 195 296
 87 17 11 221 85 82 218 258 36 315 293 314 233 309 120 17 221 253 372 51 178 249 237 173 1 231 163 50 164 309 284 187 141 293 77 262 263 55 168 111 142 246 275 168 153 62 123 86 220 238 268 233 132 283 268 259 57 113 212 207 258 178 335 118 84 232 164 103 237 290 70 204 87 193 93 86 182 49 213 318 184 349 125 94 131 300 196 260 281 159 175 276 175 15 230 142 82 171 193 274 92 160 302 274 152 123 98 142 41 108 276 134 57 321 287 289 52 162 162 48 177 112 297 27 73 140 249 8 129 96 88 257 196 87 273 182 59 57 267 226 289 103 45 216 259 309 222 234 164 61 128 304 75 59 292 159 119 279 65 226 112 185 195 183 129 228 188 80 311 266 189 129 295 295 251 96 110 235 189 133 375 108 311 289 195 141 280 281 66 92 55 161 143 129 214 49 278 220 202 156 298 324 46 143 263 278 267 200 23 251 109 57 303 312 152 61 145 118 158 47 53 178 248 103 291 105 67 88 101 236 43 71 164 298 237 123 142 124 249 283 243 351 128 131 138 294 97 258 255 246 78 271 192 88 73 204 79 285 110 271 332 276 164 162 111 262 187 176 186 145 216 101 109 111 89 219 90 111 366 106 187 256 67 169 311 70 230 178 119 142 142 250 169 180 127 305 204 291 133 124
 200 246 221 400 249 161 298 59 266 332 225 292 415 184 335 226 188 23 334 281 189 53 309 252 231 1 348 279 71 242 98 350 302 64 259 308 140 284 304 322 279 55 45 170 245 198 335 222 62 387 354 97 139 259 48 341 275 189 48 25 28 88 320 309 278 233 227 232 58 225 286 88 280 296 162 290 299 202 188 88 335 318 137 314 225 136 267 238 97 97 260 298 75 235 81 116 300 380 74 460 238 279 103 335 80 156 297 351 225 278 188 180 287 291 354 244 281 82 79 244 259 210 211 208 304 125 420 237 134 178 278 49 182 150 207 137 176 287 129 19 115 238 224 267 328 251 376 414 183 216 189 229 197 228 345 265 264 256 280 238 229 216 236 49 220 177 360 209 206 226 91 158 106 72 197 321 264 413 295 312 345 164 302 303 211 114 466 354 237 206 285 193 340 207 305 200 239 248 84 115 119 342 200 348 148 50 147 33 210 251 210 207 76 228 280 277 295 200 265 221 195 85 155 130 74 311 190 188 203 382 260 179 131 70 47 126 97 210 28 252 383 278 206 169 351 130 321 220 284 141 307 264 85 233 159 310 270 285 277 47 344 340 146 83 270 111 387 319 375 250 403 176 135 273 148 34 190 197 329 127 154 239 205 161 81 202 419 184 228 293 121 437 93 390 244 75 384 169 355 299
 249 161 167 59 101 194 142 352 145 247 295 276 72 343 66 154 237 367 328 145 198 345 157 137 163 348 1 152 280 304 363 40 275 403 222 191 313 129 74 63 288 339 389 205 127 157 60 246 312 87 160 306 287 258 393 159 110 275 346 326 374 323 284 46 81 215 153 261 373 291 98 285 220 113 250 208 96 211 229 430 55 305 279 185 291 361 146 244 359 254 130 219 315 172 311 291 90 54 334 115 247 96 384 186 276 282 218 48 139 247 299 295 146 286 189 277 153 302 270 199 133 142 309 169 138 292 87 156 283 257 222 356 218 208 282 239 212 135 324 350 359 259 138 168 169 298 71 73 192 139 290 307 237 217 204 111 88 255 101 205 123 181 174 304 289 252 30 141 332 260 273 289 373 395 264 172 86 73 108 38 325 267 264 232 194 236 122 180 117 253 136 182 26 150 129 161 266 189 286 239 368 252 162 39 308 386 314 322 179 224 271 219 423 318 88 105 284 153 110 139 214 270 288 235 387 214 163 162 147 88 121 175 319 417 335 272 253 146 372 263 98 337 151 292 58 356 95 255 203 294 126 238 279 116 209 112 88 240 250 377 261 184 220 266 80 328 44 64 28 116 57 174 216 77 209 324 159 273 322 241 231 239 229 213 423 232 72 201 278 64 294 91 261 61 112 415 42 329 82 254
 112 34 60 208 106 130 239 306 18 342 333 347 217 354 96 60 262 300 405 9 217 298 258 200 50 279 152 1 213 348 333 184 125 341 71 286 309 24 179 92 136 294 322 210 180 105 100 102 268 235 282 281 170 318 314 275 50 139 257 254 305 220 366 112 87 267 195 114 281 330 57 252 69 210 131 59 196 84 253 366 187 382 165 51 145 347 222 296 329 207 200 304 220 45 278 183 63 146 236 254 99 177 351 294 199 158 71 120 77 96 319 161 10 355 305 327 4 207 210 54 202 147 339 75 28 180 237 45 169 128 71 306 237 135 314 228 104 19 313 273 337 111 80 243 278 348 219 219 204 97 154 344 105 75 313 181 137 315 57 260 141 220 227 231 145 270 180 117 355 304 237 163 344 343 292 49 126 221 205 132 407 142 343 317 231 189 260 298 92 114 18 200 129 164 232 94 316 251 250 203 346 350 92 124 308 326 313 247 70 285 129 87 350 353 169 54 133 155 180 83 90 226 293 150 339 71 111 130 138 235 48 118 200 345 286 165 191 159 296 319 244 390 163 162 112 341 66 296 284 292 37 304 240 115 121 220 86 316 99 319 358 295 209 210 124 309 166 182 171 169 200 144 157 123 137 267 131 135 399 153 230 292 95 212 359 98 211 218 132 151 183 231 217 153 152 353 191 337 100 105
 149 180 154 332 180 91 242 97 199 293 206 262 347 187 265 158 151 91 312 215 137 88 255 193 164 71 280 213 1 224 129 284 253 131 202 260 137 216 239 253 234 85 113 117 183 128 266 171 65 323 300 93 101 228 114 287 206 146 74 48 97 78 290 240 208 191 169 184 100 205 217 65 223 236 110 231 236 142 148 157 269 293 95 251 185 156 211 204 127 38 201 256 61 170 82 81 231 311 77 392 187 216 144 285 21 116 239 281 155 226 174 145 220 264 304 219 216 55 14 183 200 143 199 140 237 90 353 170 95 129 221 94 138 81 186 93 113 220 132 72 140 189 154 215 276 231 311 346 128 146 151 213 143 171 297 202 196 224 210 193 162 164 183 26 180 146 293 140 201 197 56 121 140 131 170 257 196 346 234 243 321 119 269 264 162 49 398 302 168 157 217 137 270 144 247 130 211 200 61 57 147 303 131 278 141 115 143 44 144 211 165 149 145 216 215 208 248 135 202 152 135 41 138 64 128 252 121 119 136 318 192 109 111 140 76 80 27 146 94 223 320 266 142 133 281 149 252 189 239 128 239 228 53 164 92 250 200 248 225 108 307 290 93 21 201 119 318 254 306 186 334 108 66 204 79 55 121 153 307 63 109 204 149 109 149 146 351 133 184 226 87 369 41 320 179 143 317 169 285 247
 346 323 301 326 252 239 172 193 331 121 19 65 341 78 337 293 89 243 94 345 132 195 165 169 309 242 304 348 224 1 168 279 441 250 378 139 103 336 231 324 431 191 251 142 184 248 333 363 182 284 199 146 319 53 279 188 311 354 280 240 250 300 90 292 284 90 161 381 298 21 314 163 393 195 312 394 211 320 97 270 258 80 312 398 393 133 159 61 166 193 175 110 283 321 162 302 322 356 296 377 377 210 183 165 242 331 406 337 273 408 55 360 351 58 181 29 351 278 213 350 172 203 33 285 360 311 330 309 312 333 393 206 114 245 40 141 292 343 117 258 149 384 269 138 170 14 282 337 146 252 363 15 336 349 161 195 234 54 309 100 213 132 133 237 388 85 295 232 52 46 170 337 169 226 60 395 243 334 199 279 105 328 82 105 120 198 383 185 259 355 341 150 314 186 186 261 39 116 168 180 154 129 264 329 96 238 97 245 300 82 369 331 282 23 218 309 441 194 196 266 315 185 89 257 212 413 243 221 211 276 304 241 334 278 197 295 219 192 265 45 270 44 186 349 344 135 345 53 114 102 355 74 174 237 265 202 279 85 409 228 127 170 153 207 248 136 346 244 324 196 338 210 222 251 244 210 220 360 89 260 129 66 336 143 265 336 353 132 388 244 308 362 186 364 209 256 319 82 362 428
 277 300 274 406 273 204 275 40 317 277 154 227 422 97 367 274 148 89 259 333 172 48 280 241 284 98 363 333 129 168 1 354 381 84 330 269 70 332 303 353 362 48 89 160 242 235 366 299 66 381 325 58 224 200 120 312 315 272 145 111 93 182 254 332 306 192 218 312 153 156 325 83 350 283 238 358 292 269 153 103 335 247 220 375 311 42 248 185 5 126 249 251 166 292 56 202 337 405 170 465 315 278 22 298 149 240 366 378 265 354 117 268 339 223 317 179 336 169 127 309 247 223 136 258 354 211 420 289 218 257 348 51 156 199 142 125 239 336 55 116 21 317 263 239 296 179 373 419 174 250 275 154 272 298 302 261 276 198 318 200 242 196 212 124 306 132 367 236 122 168 98 244 12 59 141 379 280 418 284 328 271 245 241 252 186 145 471 319 268 285 334 184 361 213 286 242 178 216 84 133 22 286 244 372 78 74 75 118 266 204 292 276 116 149 281 316 376 212 262 260 262 107 96 190 45 379 228 215 222 374 303 218 223 113 58 206 145 218 112 192 372 197 213 256 380 36 360 165 242 83 355 212 94 256 215 296 299 232 354 66 286 304 144 125 286 40 405 319 389 250 412 200 176 290 197 81 216 280 255 190 135 188 277 151 98 274 429 168 311 301 208 444 116 414 252 89 393 87 390 375
 272 188 190 52 113 203 111 347 175 212 271 245 68 324 104 176 220 368 295 176 185 341 124 118 187 350 40 184 284 279 354 1 308 402 252 158 299 161 52 99 319 335 389 195 114 169 98 272 308 52 122 298 304 230 396 122 138 297 353 330 375 334 251 73 104 192 138 288 380 267 128 280 252 84 269 241 70 233 212 429 22 273 296 221 317 348 121 219 351 255 110 187 325 198 305 306 123 90 345 112 275 78 376 150 283 301 252 87 157 279 280 317 179 256 151 251 185 312 273 227 113 142 287 188 172 307 71 181 300 278 254 353 203 218 261 231 230 167 311 354 348 287 155 142 134 272 36 66 182 152 313 283 261 244 168 95 89 228 130 182 122 164 153 308 315 236 17 149 311 237 269 308 364 391 244 209 91 65 81 55 291 287 232 200 176 238 118 143 132 278 168 171 63 145 97 176 241 165 282 238 358 216 178 77 294 385 299 326 201 198 295 243 424 294 74 133 316 151 94 156 235 269 273 246 382 249 174 167 149 52 147 186 336 418 332 287 258 142 375 237 61 309 147 313 97 344 132 232 172 281 161 210 275 124 222 80 109 210 282 375 226 147 214 268 87 318 72 37 48 105 61 177 222 85 219 324 165 297 289 252 220 214 253 204 422 255 77 188 305 58 309 91 260 95 107 413 42 312 121 288
 105 131 146 329 223 203 357 347 137 455 424 452 335 429 214 157 353 322 510 133 313 338 376 313 141 302 275 125 253 441 381 308 1 361 66 402 379 148 301 214 31 336 341 300 293 198 219 84 316 359 404 340 164 420 322 396 173 114 264 280 325 219 474 236 211 369 303 71 279 421 182 311 58 330 144 68 318 122 345 381 311 487 166 95 83 407 336 396 379 266 315 416 228 127 332 187 187 259 236 369 67 297 395 413 234 147 58 238 181 34 402 127 131 459 425 424 124 220 257 95 316 251 425 159 139 178 358 144 169 126 56 342 329 198 403 305 152 142 379 289 391 65 185 356 397 443 343 339 299 201 118 434 111 92 432 298 256 416 181 365 252 323 335 261 87 358 304 219 436 400 297 146 392 372 382 111 246 341 326 256 514 138 450 429 332 252 374 419 205 98 142 297 251 268 352 184 413 359 307 270 399 464 181 243 381 350 384 271 144 389 93 112 359 441 289 178 14 256 297 187 128 282 370 195 373 67 201 224 240 359 168 201 181 355 326 178 241 263 309 419 368 484 266 136 228 400 183 392 395 365 151 409 297 228 179 341 208 424 33 347 472 415 290 260 245 369 282 306 291 284 319 233 223 245 200 304 226 106 504 194 314 393 108 299 375 110 328 312 76 274 182 347 276 264 267 372 312 410 210 22
 261 308 283 452 306 221 338 62 328 355 236 308 468 180 394 287 217 42 342 343 229 65 346 297 293 64 403 341 131 250 84 402 361 1 321 340 149 346 353 381 338 71 21 213 292 257 394 283 96 435 392 118 198 279 48 379 336 248 99 88 38 144 335 366 336 263 272 292 93 237 347 125 342 341 224 353 346 265 220 28 385 329 197 376 283 124 308 261 86 150 305 325 134 297 105 176 360 438 128 512 299 328 75 369 143 215 359 409 285 339 198 238 349 305 388 260 344 143 137 306 303 262 218 270 366 184 471 299 194 239 340 52 218 210 221 177 239 349 135 73 104 298 284 304 364 261 425 466 227 275 246 236 259 291 375 312 317 276 340 270 282 256 275 111 278 203 413 266 206 246 134 217 86 28 218 383 319 466 341 367 354 225 321 328 249 169 519 388 296 267 347 237 396 258 347 260 257 283 123 165 102 364 261 405 157 18 155 95 272 278 269 269 33 232 330 338 354 252 313 281 258 134 172 192 41 373 250 245 258 429 321 238 186 30 72 188 156 261 54 271 429 280 256 227 410 119 382 241 314 157 369 288 128 289 221 354 328 309 338 28 365 374 191 139 325 116 443 369 430 299 457 231 194 328 209 80 246 256 338 189 192 264 267 203 21 264 473 225 287 346 180 490 144 448 296 13 438 170 415 360
