NAME : domp50p12v5
COMMENT : (Deleplanque et al.) 
TYPE : DOMP
DIMENSION : 50
DISPLAY_DATA_TYPE: NO_DISPLAY
OPEN_FACILITIES : 12
COST_SECTION
 1 246 229 224 315 242 297 149 381 329 212 208 307 387 330 281 344 64 172 188 395 253 288 282 135 172 261 377 104 331 387 90 320 180 389 73 260 187 8 227 225 252 351 309 173 123 370 75 274 76
 246 1 341 76 278 325 163 106 146 360 151 237 323 306 318 52 105 295 332 109 358 23 110 302 136 238 28 142 241 347 342 313 114 365 326 178 50 62 250 280 224 395 251 251 275 167 262 220 29 286
 229 341 1 273 180 37 265 249 416 127 202 113 126 258 163 341 395 188 71 233 224 359 299 114 313 104 337 412 134 139 227 170 339 103 243 260 319 289 222 77 138 60 255 198 70 186 271 170 361 162
 224 76 273 1 204 254 102 77 163 285 77 165 248 239 243 71 132 260 273 44 287 97 68 227 154 171 65 159 190 272 271 273 98 310 257 168 47 61 225 208 150 329 186 179 210 117 200 178 91 244
 315 278 180 204 1 144 133 235 290 103 138 110 70 81 44 251 284 308 232 189 87 300 187 69 326 148 260 286 219 83 75 303 219 273 76 302 235 254 312 113 91 235 81 32 168 205 95 241 286 281
 242 325 37 254 144 1 235 239 390 96 180 90 90 221 127 320 371 209 101 217 189 344 274 77 311 93 318 385 141 106 191 194 313 137 206 263 298 277 236 48 111 93 219 163 71 180 236 176 343 181
 297 163 265 102 133 235 1 166 160 231 88 155 195 144 176 125 152 317 291 115 203 183 58 181 252 181 140 156 231 213 185 323 87 332 167 255 115 162 297 190 128 324 89 102 219 176 101 234 163 295
 149 106 249 77 235 239 166 1 233 295 99 159 261 288 267 133 197 191 230 53 321 119 143 236 92 147 115 228 137 286 308 208 173 261 301 93 112 46 152 200 157 298 240 217 180 65 257 115 133 181
 381 146 416 163 290 390 160 233 1 390 218 304 354 277 333 102 42 421 429 206 348 152 118 340 281 321 124 6 351 371 329 435 78 468 306 318 122 197 384 343 280 475 227 258 361 280 227 340 121 407
 329 360 127 285 103 96 231 295 390 1 210 137 38 159 63 342 381 303 196 258 105 381 282 60 378 163 346 386 227 22 113 289 317 229 136 339 323 324 324 105 140 165 180 134 158 246 191 259 373 275
 212 151 202 77 138 180 88 99 218 210 1 91 174 190 173 141 195 229 213 52 224 172 102 152 191 104 140 213 145 198 210 236 142 253 202 178 120 117 211 134 74 260 145 118 144 90 163 147 166 208
 208 237 113 165 110 90 155 159 304 137 91 1 106 187 124 231 283 199 139 130 188 257 187 81 241 39 229 299 110 132 181 195 227 181 185 205 209 193 204 44 29 172 164 112 68 110 183 134 255 172
 307 323 126 248 70 90 195 261 354 38 174 106 1 137 39 304 344 286 189 222 100 344 245 26 346 137 309 350 205 26 102 275 280 227 119 311 286 289 302 82 105 174 150 99 140 215 163 234 335 258
 387 306 258 239 81 221 144 288 277 159 190 187 137 1 100 268 283 385 312 237 76 327 200 145 379 226 283 274 295 138 57 381 220 353 31 366 258 296 384 193 165 310 56 78 248 271 51 314 306 358
 330 318 163 243 44 127 176 267 333 63 173 124 39 100 1 293 327 315 224 223 67 339 230 53 355 159 301 329 229 42 66 306 262 263 81 326 276 289 325 110 113 212 118 75 169 229 129 256 327 286
 281 52 341 71 251 320 125 133 102 342 141 231 304 268 293 1 65 323 343 114 327 68 69 286 183 240 26 98 258 326 309 338 63 379 291 217 24 96 283 274 213 398 212 222 279 185 221 243 41 310
 344 105 395 132 284 371 152 197 42 381 195 283 344 283 327 65 1 387 403 175 350 111 100 328 241 297 85 39 321 364 331 402 66 440 310 279 87 158 347 325 262 453 229 253 336 247 233 307 80 374
 64 295 188 260 308 209 317 191 421 303 229 199 286 385 315 323 387 1 123 219 381 304 318 264 196 161 306 417 91 308 377 28 355 122 383 132 301 234 57 206 222 200 357 309 148 146 376 84 322 29
 172 332 71 273 232 101 291 230 429 196 213 139 189 312 224 343 403 123 1 231 288 348 314 172 277 111 334 424 96 206 289 102 354 43 302 217 320 275 165 120 167 80 300 244 73 167 318 129 356 99
 188 109 233 44 189 217 115 53 206 258 52 130 222 237 223 114 175 219 231 1 274 128 101 200 143 130 105 201 147 247 260 231 136 267 251 141 90 67 189 173 119 288 188 168 168 75 205 136 129 203
 395 358 224 287 87 189 203 321 348 105 224 188 100 76 67 327 350 381 288 274 1 380 260 119 412 224 339 345 295 87 20 372 285 325 46 387 313 339 391 176 174 268 122 109 235 290 124 321 363 353
 253 23 359 97 300 344 183 119 152 381 172 257 344 327 339 68 111 304 348 128 380 1 130 323 134 256 46 148 256 368 363 323 130 380 348 182 70 74 256 300 244 412 272 272 292 182 282 232 32 297
 288 110 299 68 187 274 58 143 118 282 102 187 245 200 230 69 100 318 314 101 260 130 1 229 219 205 86 113 241 265 242 329 41 353 223 235 61 124 289 227 164 358 145 157 244 174 154 235 108 300
 282 302 114 227 69 77 181 236 340 60 152 81 26 145 53 286 328 264 172 200 119 323 229 1 321 112 289 336 181 52 118 254 265 211 131 285 266 265 278 59 81 167 147 93 117 190 163 210 315 235
 135 136 313 154 326 311 252 92 281 378 191 241 346 379 355 183 241 196 277 143 412 134 219 321 1 220 159 277 183 371 399 220 239 298 392 65 170 95 141 278 244 353 330 308 244 134 346 149 162 198
 172 238 104 171 148 93 181 147 321 163 104 39 137 226 159 240 297 161 111 130 224 256 205 112 220 1 234 316 72 161 218 157 245 152 223 177 217 187 168 60 64 159 201 150 41 88 220 99 258 134
 261 28 337 65 260 318 140 115 124 346 140 229 309 283 301 26 85 306 334 105 339 46 86 289 159 234 1 120 246 332 321 322 87 369 305 195 26 75 264 272 213 392 228 232 272 171 238 228 27 294
 377 142 412 159 286 385 156 228 6 386 213 299 350 274 329 98 39 417 424 201 345 148 113 336 277 316 120 1 346 367 325 431 73 463 302 313 118 192 379 339 275 470 223 254 356 275 224 335 118 402
 104 241 134 190 219 141 231 137 351 227 145 110 205 295 229 258 321 91 96 147 295 256 241 181 183 72 246 346 1 228 289 93 279 125 294 127 235 182 99 124 132 170 267 219 71 75 286 37 266 66
 331 347 139 272 83 106 213 286 371 22 198 132 26 138 42 326 364 308 206 247 87 368 265 52 371 161 332 367 228 1 94 295 299 241 115 336 308 313 326 105 130 182 159 114 161 241 170 259 358 279
 387 342 227 271 75 191 185 308 329 113 210 181 102 57 66 309 331 377 289 260 20 363 242 118 399 218 321 325 289 94 1 369 266 327 28 377 296 324 384 174 165 274 103 94 232 279 104 314 346 349
 90 313 170 273 303 194 323 208 435 289 236 195 275 381 306 338 402 28 102 231 372 323 329 254 220 157 322 431 93 295 369 1 366 96 377 156 316 252 84 196 220 176 356 306 138 157 375 96 340 30
 320 114 339 98 219 313 87 173 78 317 142 227 280 220 262 63 66 355 354 136 285 130 41 265 239 245 87 73 279 299 266 366 1 393 246 263 71 146 322 267 203 398 165 188 285 210 171 272 101 338
 180 365 103 310 273 137 332 261 468 229 253 181 227 353 263 379 440 122 43 267 325 380 353 211 298 152 369 463 125 241 327 96 393 1 341 235 356 306 173 161 209 86 341 286 115 199 360 152 390 105
 389 326 243 257 76 206 167 301 306 136 202 185 119 31 81 291 310 383 302 251 46 348 223 131 392 223 305 302 294 115 28 377 246 341 1 374 280 313 386 184 166 292 81 85 241 277 80 316 329 355
 73 178 260 168 302 263 255 93 318 339 178 205 311 366 326 217 279 132 217 141 387 182 235 285 65 177 195 313 127 336 377 156 263 235 374 1 198 122 78 236 214 295 322 290 194 99 340 92 205 135
 260 50 319 47 235 298 115 112 122 323 120 209 286 258 276 24 87 301 320 90 313 70 61 266 170 217 26 118 235 308 296 316 71 356 280 198 1 78 262 252 192 375 203 207 256 161 213 220 51 287
 187 62 289 61 254 277 162 46 197 324 117 193 289 296 289 96 158 234 275 67 339 74 124 265 95 187 75 192 182 313 324 252 146 306 313 122 78 1 190 235 185 340 245 231 221 109 259 159 89 225
 8 250 222 225 312 236 297 152 384 324 211 204 302 384 325 283 347 57 165 189 391 256 289 278 141 168 264 379 99 326 384 84 322 173 386 78 262 190 1 222 221 245 349 307 168 122 368 71 277 69
 227 280 77 208 113 48 190 200 343 105 134 44 82 193 110 274 325 206 120 173 176 300 227 59 278 60 272 339 124 105 174 196 267 161 184 236 252 235 222 1 64 136 182 126 60 145 200 155 298 178
 225 224 138 150 91 111 128 157 280 140 74 29 105 165 113 213 262 222 167 119 174 244 164 81 244 64 213 275 132 130 165 220 203 209 166 214 192 185 221 64 1 198 138 88 96 116 157 151 239 195
 252 395 60 329 235 93 324 298 475 165 260 172 174 310 212 398 453 200 80 288 268 412 358 167 353 159 392 470 170 182 274 176 398 86 292 295 375 340 245 136 198 1 311 256 121 234 328 205 416 178
 351 251 255 186 81 219 89 240 227 180 145 164 150 56 118 212 229 357 300 188 122 272 145 147 330 201 228 223 267 159 103 356 165 341 81 322 203 245 349 182 138 311 1 57 230 231 20 280 251 331
 309 251 198 179 32 163 102 217 258 134 118 112 99 78 75 222 253 309 244 168 109 272 157 93 308 150 232 254 219 114 94 306 188 286 85 290 207 231 307 126 88 256 57 1 176 194 74 237 257 282
 173 275 70 210 168 71 219 180 361 158 144 68 140 248 169 279 336 148 73 168 235 292 244 117 244 41 272 356 71 161 232 138 285 115 241 194 256 221 168 60 96 121 230 176 1 117 249 106 296 119
 123 167 186 117 205 180 176 65 280 246 90 110 215 271 229 185 247 146 167 75 290 182 174 190 134 88 171 275 75 241 279 157 210 199 277 99 161 109 122 145 116 234 231 194 117 1 249 62 192 128
 370 262 271 200 95 236 101 257 227 191 163 183 163 51 129 221 233 376 318 205 124 282 154 163 346 220 238 224 286 170 104 375 171 360 80 340 213 259 368 200 157 328 20 74 249 249 1 299 260 350
 75 220 170 178 241 176 234 115 340 259 147 134 234 314 256 243 307 84 129 136 321 232 235 210 149 99 228 335 37 259 314 96 272 152 316 92 220 159 71 155 151 205 280 237 106 62 299 1 246 68
 274 29 361 91 286 343 163 133 121 373 166 255 335 306 327 41 80 322 356 129 363 32 108 315 162 258 27 118 266 358 346 340 101 390 329 205 51 89 277 298 239 416 251 257 296 192 260 246 1 312
 76 286 162 244 281 181 295 181 407 275 208 172 258 358 286 310 374 29 99 203 353 297 300 235 198 134 294 402 66 279 349 30 338 105 355 135 287 225 69 178 195 178 331 282 119 128 350 68 312 1
LAMBDA_SECTION
1  45
2  28
3  37
4  19
5  30
6  24
7  44
8  40
9  45
10  49
11  40
12  12
13  24
14  27
15  34
16  17
17  45
18  48
19  34
20  23
21  47
22  45
23  49
24  38
25  19
26  32
27  43
28  39
29  48
30  17
31  47
32  22
33  33
34  35
35  45
36  13
37  47
38  39
39  19
40  21
41  17
42  47
43  21
44  29
45  41
46  44
47  12
48  36
49  20
50  12
