NAME : domp180p45v6
COMMENT : (Deleplanque et al.) 
TYPE : DOMP
DIMENSION : 180
DISPLAY_DATA_TYPE: NO_DISPLAY
OPEN_FACILITIES : 45
COST_SECTION
 1 174 189 269 121 122 74 123 249 160 210 213 137 217 236 252 110 205 218 149 30 246 266 87 325 18 112 16 90 76 171 128 10 254 111 47 166 124 220 216 169 93 39 158 242 217 122 162 73 109 96 249 228 97 107 90 111 148 170 87 97 61 280 238 177 58 188 197 157 157 97 169 289 88 52 211 209 253 92 81 145 280 185 101 236 277 111 132 91 261 250 47 196 143 180 108 169 197 80 164 46 160 146 32 186 26 149 108 241 31 174 229 136 305 58 53 117 197 200 76 235 244 157 283 214 122 162 252 92 287 292 203 166 110 77 188 84 205 50 68 115 204 103 247 115 175 267 89 200 246 42 78 258 176 130 166 138 175 66 124 36 182 123 172 230 134 203 186 88 198 128 143 174 63 177 195 265 128 168 215
 174 1 235 103 276 229 162 264 109 328 43 387 267 390 66 321 68 207 252 185 173 242 311 253 176 169 181 170 215 230 79 221 172 95 284 220 103 133 114 243 106 161 139 164 89 195 289 134 175 70 267 169 55 133 160 186 83 256 83 172 120 116 357 67 79 172 29 100 194 62 216 296 147 142 198 210 91 244 238 137 245 137 185 271 319 141 119 239 123 307 247 189 82 315 204 103 129 140 147 72 183 307 230 160 45 178 178 227 102 172 158 58 275 369 227 226 271 35 243 125 248 199 327 341 209 276 285 79 142 305 163 84 268 221 130 93 239 89 166 213 115 158 272 270 286 34 294 214 28 339 144 235 292 60 292 268 311 91 199 277 161 67 290 246 175 73 256 233 91 214 243 56 182 167 169 172 309 103 295 123
 189 235 1 271 162 85 254 304 221 303 241 305 117 301 261 87 217 376 31 326 161 74 82 251 277 172 294 174 278 152 289 71 180 250 219 194 300 284 174 31 304 270 175 72 234 379 275 105 258 187 244 154 263 119 282 276 238 84 160 270 253 200 123 264 293 243 223 164 335 175 106 123 244 118 148 57 185 83 275 128 73 241 62 200 90 229 124 321 132 77 77 148 180 235 35 252 316 340 121 169 146 160 334 214 206 214 58 296 217 218 86 285 132 136 227 197 291 269 12 142 54 113 229 108 384 160 112 277 115 99 230 310 76 298 136 162 262 183 141 255 125 355 196 60 207 260 79 277 257 114 162 256 70 186 185 77 253 156 132 298 157 183 198 38 121 164 22 5 210 37 315 250 344 128 74 355 81 271 122 159
 269 103 271 1 355 294 264 365 57 426 61 478 337 481 39 354 169 295 278 283 261 249 333 351 83 260 282 261 316 312 167 282 264 22 374 312 192 233 100 268 194 262 231 203 38 277 387 169 276 161 363 146 52 203 261 288 185 318 119 274 222 214 391 39 164 273 82 108 291 118 288 361 68 214 282 228 87 247 339 213 305 60 211 359 360 72 185 340 198 330 253 274 94 404 237 204 219 220 221 117 267 381 330 259 85 276 224 328 58 270 186 78 347 395 323 319 371 103 276 205 263 192 414 366 294 355 349 34 213 313 93 153 325 323 209 111 339 89 250 313 180 239 359 287 373 123 308 316 86 383 233 335 312 100 375 325 404 120 279 377 248 98 376 294 169 142 291 271 190 240 345 156 275 246 198 258 331 202 360 116
 121 276 162 355 1 80 189 182 321 150 304 145 48 143 329 182 220 318 188 261 107 235 212 121 393 116 222 116 180 48 288 96 118 337 65 85 285 243 281 192 289 208 143 180 322 333 131 204 184 207 105 287 324 154 222 196 227 81 240 199 217 175 198 332 294 169 281 261 267 238 72 67 356 142 80 210 278 244 160 144 90 349 196 49 158 342 172 219 158 207 238 88 268 74 175 227 288 317 135 240 95 41 242 151 272 138 159 194 314 145 202 333 36 229 112 82 162 304 170 153 215 261 69 215 328 3 68 346 144 249 352 319 96 201 148 253 144 275 110 153 177 324 44 216 50 284 228 179 303 158 135 140 214 256 25 95 95 242 78 167 118 259 38 127 258 215 163 158 200 190 209 257 288 111 197 312 212 248 67 270
 122 229 85 294 80 1 194 226 253 219 249 224 45 222 273 131 188 324 114 269 95 157 150 169 322 108 233 109 207 69 261 17 114 275 135 115 266 236 210 116 270 212 122 104 259 332 191 132 194 165 161 210 271 97 226 211 203 29 176 208 206 154 159 276 267 179 227 192 277 180 26 69 286 88 73 131 212 166 198 95 24 280 118 115 115 271 113 249 107 145 160 76 203 152 96 210 276 303 85 179 77 91 266 152 215 147 82 224 248 152 126 285 57 184 148 117 211 261 95 109 139 182 149 163 332 79 57 291 88 179 279 289 46 228 102 186 184 209 82 181 118 314 112 143 123 245 158 206 255 127 110 178 147 197 104 46 168 176 57 217 97 198 115 55 180 160 92 82 173 111 242 225 292 73 120 309 150 231 68 198
 74 162 254 264 189 194 1 103 259 177 203 251 209 257 227 323 97 132 283 76 100 302 334 108 333 87 41 86 54 147 126 199 81 254 162 106 113 59 243 279 115 20 81 210 245 145 140 204 14 116 128 283 216 146 35 27 81 220 192 17 47 65 352 228 133 21 184 220 84 172 170 241 300 141 125 266 225 309 80 132 217 290 239 158 308 290 153 82 134 329 307 120 213 192 240 64 106 134 136 182 118 229 84 43 189 52 207 66 252 45 222 206 208 376 90 110 113 173 266 120 295 289 211 353 142 190 235 239 145 350 310 159 239 62 125 210 86 222 116 58 155 138 162 310 172 149 332 53 183 319 93 83 324 188 194 238 178 199 139 118 100 195 183 241 271 153 270 251 78 257 84 113 101 128 228 124 333 77 240 242
 123 264 304 365 182 226 103 1 357 91 305 177 221 186 329 353 198 177 334 129 149 366 375 62 432 140 99 138 51 160 224 237 132 355 126 112 207 151 335 333 207 109 155 280 345 202 67 283 91 212 80 369 318 219 117 83 183 244 284 96 148 157 375 330 230 94 285 312 129 267 202 247 398 210 158 332 321 373 32 203 247 388 307 135 332 387 232 53 211 370 370 158 308 145 300 166 192 216 202 276 161 219 81 114 289 103 269 44 349 104 297 308 213 404 79 110 25 275 315 196 353 366 168 386 188 184 245 342 214 402 405 256 264 52 199 302 43 317 170 58 235 212 140 363 142 251 381 51 285 336 162 49 370 284 174 263 120 291 174 24 158 291 157 280 352 246 315 300 177 318 41 216 158 183 299 191 374 176 247 332
 249 109 221 57 321 253 259 357 1 408 73 452 297 453 70 302 164 315 225 292 236 193 279 334 77 237 285 239 310 281 185 240 243 37 348 289 210 240 47 215 213 262 211 156 27 301 370 123 271 146 343 90 82 169 263 285 185 274 82 272 222 201 338 72 184 265 81 62 301 93 251 319 42 181 252 174 43 191 328 182 261 32 160 331 309 33 150 339 167 276 197 245 55 376 187 207 237 244 189 86 238 342 334 245 71 260 177 324 9 256 137 114 308 341 305 295 359 125 225 178 209 137 383 312 316 320 307 79 178 258 55 181 279 320 180 68 326 47 221 302 145 264 330 232 345 139 253 309 106 333 209 321 257 74 342 280 379 80 247 366 223 68 345 247 114 116 240 221 182 188 342 163 290 215 148 279 277 210 318 63
 160 328 303 426 150 219 177 91 408 1 367 89 196 98 392 330 261 267 331 218 176 373 361 76 484 172 185 171 131 153 303 233 166 413 86 123 288 232 378 333 289 189 198 300 401 292 40 313 165 267 67 401 383 249 200 164 252 227 329 175 222 213 344 394 309 161 345 355 219 316 199 213 448 238 169 343 368 381 100 234 235 439 323 105 306 436 266 143 246 355 376 173 355 84 309 239 277 302 229 323 179 176 171 169 344 152 284 131 400 157 320 378 184 376 104 117 70 345 313 233 356 387 104 363 278 152 216 407 242 395 451 335 244 140 233 346 92 364 194 120 270 300 109 360 101 321 374 131 352 303 200 96 361 335 131 243 57 334 181 68 188 341 114 271 378 293 308 299 238 326 131 287 248 204 319 280 360 254 213 372
 210 43 241 61 304 249 203 305 73 367 1 422 290 424 27 327 108 244 254 226 205 235 312 292 136 203 223 204 256 259 114 239 206 54 318 255 139 174 92 245 142 202 174 170 50 229 328 137 216 103 304 148 23 154 201 227 124 275 82 214 162 154 363 29 113 213 24 86 234 70 240 317 108 165 228 207 70 235 279 161 263 98 185 304 329 104 137 280 147 308 240 220 67 348 208 145 166 172 171 74 213 332 271 199 36 216 188 268 67 210 158 48 299 372 264 261 311 53 248 152 245 186 359 344 245 304 305 44 164 300 127 109 284 263 156 83 279 69 196 253 133 192 304 268 318 68 291 255 33 350 176 274 292 56 322 284 347 86 227 317 192 59 322 258 161 91 262 240 130 215 285 97 221 194 170 207 310 144 316 105
 213 387 305 478 145 224 251 177 452 89 422 1 188 12 448 308 322 353 330 302 218 378 345 144 526 220 266 219 211 173 374 240 216 462 105 168 362 309 416 334 364 265 249 322 449 376 115 343 240 320 125 428 440 285 278 242 318 222 370 252 294 272 313 449 380 232 399 394 303 363 213 192 490 273 200 354 410 387 180 271 233 482 340 122 282 476 303 229 285 340 381 208 398 77 319 309 355 381 264 367 215 151 257 231 394 214 302 215 445 221 344 441 174 346 165 161 155 408 312 275 358 404 77 339 364 146 199 463 275 385 488 407 234 224 273 386 168 406 232 195 308 381 123 356 109 386 365 211 412 272 247 169 351 382 121 233 77 374 207 154 232 387 111 268 401 339 304 301 299 334 217 352 332 238 340 363 345 326 192 406
 137 267 117 337 48 45 209 221 297 196 290 188 1 185 315 136 220 341 143 284 115 191 165 161 366 126 246 127 211 65 292 59 131 317 111 114 294 258 254 147 297 228 148 147 302 352 175 176 207 201 147 253 311 137 243 222 232 35 219 222 229 181 155 317 298 192 267 236 291 221 52 33 329 127 87 169 255 200 196 132 46 323 159 93 114 315 154 252 145 160 193 93 246 121 135 236 301 329 122 221 98 47 273 168 256 159 125 227 291 165 170 324 15 185 146 113 202 298 125 144 170 222 113 169 350 46 26 332 127 202 322 321 49 232 138 230 180 252 109 184 159 338 89 170 96 281 181 210 294 117 137 175 167 239 70 48 142 219 76 208 121 240 85 81 222 200 117 114 203 149 244 258 309 103 162 330 165 257 32 241
 217 390 301 481 143 222 257 186 453 98 424 12 185 1 450 302 326 361 326 309 220 375 339 151 527 223 273 222 219 174 379 238 219 464 108 171 368 315 416 330 370 272 252 320 451 384 123 342 246 323 130 427 443 285 285 249 323 218 371 259 299 276 306 452 386 238 401 395 311 365 212 187 490 273 201 351 411 383 187 272 230 483 338 123 276 477 304 238 287 335 377 209 399 78 317 314 361 388 265 369 216 146 266 236 397 218 301 223 446 226 343 444 170 339 170 164 163 412 309 277 354 402 74 333 372 144 194 466 276 380 488 412 229 232 274 386 175 407 233 201 309 389 123 352 109 390 360 219 416 265 249 176 346 384 119 228 81 375 207 163 234 388 110 265 399 341 300 297 303 331 226 357 339 239 338 370 340 332 187 407
 236 66 261 39 329 273 227 329 70 392 27 448 315 450 1 346 133 258 272 245 231 249 329 317 119 229 245 230 280 285 129 263 232 39 344 281 154 195 101 262 157 225 200 190 44 241 353 157 240 129 330 154 15 179 223 251 147 298 102 237 184 180 383 4 126 237 50 101 253 94 265 341 97 190 254 223 81 248 303 187 286 87 203 330 349 96 162 302 172 326 253 246 82 375 227 167 181 184 196 96 238 357 292 224 59 241 209 291 66 236 176 45 324 390 290 287 335 65 267 178 260 196 385 361 258 329 330 18 189 314 119 118 307 286 182 100 304 82 221 278 157 203 330 284 344 85 307 279 48 371 202 300 308 78 348 307 373 105 253 341 218 79 348 280 172 116 281 260 155 233 307 118 237 220 189 221 327 164 340 116
 252 321 87 354 182 131 323 353 302 330 327 308 136 302 346 1 298 450 78 397 224 122 43 294 352 237 362 238 337 194 372 125 243 333 246 243 381 360 256 88 385 340 246 158 318 456 310 191 324 270 282 226 349 199 353 341 318 110 246 337 329 276 37 349 376 308 309 248 405 261 156 119 322 196 203 129 269 129 326 205 108 319 145 229 28 307 207 379 212 41 121 206 265 251 120 330 395 421 197 255 207 160 396 280 292 276 143 354 299 281 171 371 147 55 276 244 336 355 80 221 100 179 238 34 458 180 115 362 194 89 304 394 91 358 214 247 311 267 208 311 209 434 224 81 230 345 73 336 343 46 234 306 60 272 201 91 275 242 187 342 224 269 218 83 194 249 66 88 290 115 372 333 418 196 158 432 44 350 119 240
 110 68 217 169 220 188 97 198 164 261 108 322 220 326 133 298 1 173 240 136 114 244 297 186 237 107 122 108 149 173 75 184 109 158 221 156 84 84 152 233 88 99 78 154 149 169 222 134 109 33 201 199 123 100 101 122 26 216 104 109 60 51 333 134 80 106 88 131 145 81 170 251 204 104 142 208 133 248 171 96 208 194 180 209 291 195 95 177 87 293 249 133 120 252 191 48 103 125 105 92 127 255 172 93 94 111 160 162 156 105 157 120 225 350 160 163 204 88 227 81 243 216 266 323 178 221 241 147 106 302 215 102 231 158 87 122 172 129 113 146 94 140 211 263 224 66 287 148 92 309 86 168 282 94 234 231 246 112 147 210 103 102 230 218 194 69 236 214 24 206 180 38 142 118 166 144 296 60 250 155
 205 207 376 295 318 324 132 177 315 267 244 353 341 361 258 450 173 1 403 58 230 414 457 218 377 217 97 216 147 278 131 327 212 295 282 235 106 94 317 397 103 114 205 322 293 30 239 306 136 204 240 368 245 260 99 123 148 351 274 120 124 177 481 258 133 150 236 299 53 250 300 372 351 260 256 378 295 419 176 250 347 341 349 283 437 347 261 125 247 452 419 250 284 309 356 129 79 78 256 261 248 358 98 174 249 183 323 139 308 176 327 220 339 504 211 238 199 194 387 235 411 388 330 479 12 320 366 263 263 468 369 145 369 131 241 290 191 292 243 170 261 61 287 429 295 177 451 147 213 449 217 192 445 258 320 368 289 282 269 200 228 266 307 368 366 241 394 373 170 373 137 156 34 255 336 39 456 114 372 323
 218 252 31 278 188 114 283 334 225 331 254 330 143 326 272 78 240 403 1 354 190 53 60 280 275 202 322 203 308 181 310 100 209 257 247 224 323 310 179 11 327 298 203 89 241 405 304 119 286 209 273 149 275 144 310 304 262 109 174 298 279 227 114 275 314 272 237 172 362 191 135 143 244 144 177 52 193 62 304 154 99 242 70 228 90 230 146 350 157 56 54 177 190 262 50 277 340 364 149 183 175 183 363 243 220 243 81 325 222 246 97 299 157 120 257 227 321 286 20 168 30 104 255 91 410 187 134 288 141 69 228 329 98 327 162 172 291 192 170 284 147 379 224 30 234 279 50 307 273 115 190 286 43 199 211 99 280 168 161 328 185 196 225 63 117 183 28 35 235 39 345 272 370 157 84 380 58 295 143 163
 149 185 326 283 261 269 76 129 292 218 226 302 284 309 245 397 136 58 354 1 175 369 407 163 360 163 41 161 92 221 120 273 157 278 226 178 96 54 287 349 94 58 153 276 273 76 187 264 79 165 185 334 231 213 45 66 111 296 239 64 79 128 427 245 124 94 212 266 10 216 245 316 331 210 200 332 266 374 123 200 293 321 304 226 383 324 216 80 200 401 374 195 254 254 309 90 73 91 206 228 193 302 57 119 223 127 275 88 285 120 284 212 283 451 155 181 149 182 337 187 364 348 275 427 68 263 310 253 214 420 346 145 314 79 193 257 136 263 190 114 217 84 230 381 238 160 403 92 198 394 165 137 395 228 264 314 235 248 214 151 174 236 251 315 327 203 343 323 128 326 91 130 31 202 292 63 405 83 315 290
 30 173 161 261 107 95 100 149 236 176 205 218 115 220 231 224 114 230 190 175 1 218 238 106 312 14 139 15 119 60 182 100 21 245 114 54 181 145 204 188 185 118 37 132 232 240 139 140 101 105 110 228 225 75 132 118 121 122 155 114 116 69 253 234 188 85 182 181 183 146 71 147 275 65 29 184 195 226 118 59 118 267 159 99 209 262 91 161 71 232 222 22 182 144 152 123 187 215 56 151 19 144 175 58 177 55 121 136 229 59 150 229 116 278 77 60 141 199 172 59 207 219 155 255 239 108 139 248 68 258 277 213 140 139 58 172 108 191 22 96 96 224 100 219 114 179 239 118 200 220 31 102 229 165 121 140 145 160 40 148 14 170 118 143 207 122 175 157 94 170 156 150 198 35 152 217 237 144 146 197
 246 242 74 249 235 157 302 366 193 373 235 378 191 375 249 122 244 414 53 369 218 1 90 316 234 228 341 230 334 221 309 141 236 228 290 259 325 321 150 46 329 316 223 94 213 412 343 112 308 212 312 109 255 158 326 326 268 158 160 318 291 242 155 252 311 294 222 150 378 181 175 195 206 162 211 37 169 10 335 172 146 205 65 271 139 192 154 375 170 88 6 209 169 308 67 286 345 366 169 171 206 233 385 265 204 269 98 352 192 271 88 282 205 151 290 263 355 274 68 184 24 60 302 124 419 233 185 263 158 66 186 323 149 353 179 153 324 168 197 313 153 383 267 43 279 272 61 333 259 163 212 318 67 184 258 150 324 152 196 362 211 179 271 111 80 179 80 78 244 49 372 272 382 184 79 387 88 302 194 134
 266 311 82 333 212 150 334 375 279 361 312 345 165 339 329 43 297 457 60 407 238 90 1 318 322 250 374 252 354 217 369 140 257 312 275 264 381 365 234 69 385 350 255 148 297 461 338 178 336 267 308 197 333 200 363 354 319 135 232 349 334 282 68 332 372 321 296 229 415 250 175 154 294 199 220 107 249 95 347 209 129 293 128 257 69 280 204 396 213 6 87 222 248 284 109 333 397 421 202 242 221 195 411 293 278 291 138 371 277 295 155 358 178 63 297 266 360 345 72 224 71 148 273 35 465 210 148 344 196 47 275 388 118 374 217 230 333 248 220 329 205 436 253 48 261 338 33 353 332 89 242 327 23 258 233 119 306 227 204 366 235 254 249 96 167 242 65 85 292 98 390 330 425 207 143 436 3 352 154 218
 87 253 251 351 121 169 108 62 334 76 292 144 161 151 317 294 186 218 280 163 106 316 318 1 410 100 125 99 72 102 232 182 94 338 68 58 219 165 306 280 221 122 124 235 326 238 37 245 97 192 24 332 308 180 135 100 179 186 256 109 151 138 315 319 238 89 270 283 166 242 146 187 374 169 106 283 294 324 44 164 190 365 261 75 273 362 195 103 175 313 320 109 281 93 250 167 212 239 160 249 113 159 129 94 269 77 222 81 326 83 254 304 152 345 30 54 43 271 261 161 301 323 114 327 228 123 185 332 173 347 378 265 205 89 161 273 28 291 126 51 200 240 80 310 83 248 326 72 278 276 127 27 315 261 114 204 73 261 121 49 117 267 98 224 311 219 260 247 163 268 92 213 193 138 255 222 318 183 186 300
 325 176 277 83 393 322 333 432 77 484 136 526 366 527 119 352 237 377 275 360 312 234 322 410 1 313 356 314 384 355 247 308 319 83 423 364 272 309 113 265 275 334 287 221 89 359 446 191 345 221 419 127 133 243 334 358 257 341 157 345 294 277 387 120 244 340 151 133 369 169 322 385 38 255 327 225 118 229 404 256 327 46 218 405 364 52 224 412 242 321 237 320 130 451 245 278 299 302 263 162 313 412 405 321 145 336 243 398 84 332 199 161 378 384 381 371 435 183 279 253 254 175 457 357 376 392 373 117 252 293 49 235 343 393 255 142 402 121 296 377 220 321 405 276 419 202 293 383 165 388 285 396 300 150 414 344 455 154 321 441 298 144 419 308 159 192 295 279 256 242 415 231 355 290 209 339 321 278 384 125
 18 169 172 260 116 108 87 140 237 172 203 220 126 223 229 237 107 217 202 163 14 228 250 100 313 1 126 3 107 69 173 113 9 245 116 53 171 133 207 199 174 105 31 141 232 227 135 146 88 101 107 233 221 81 119 105 112 134 157 102 104 60 265 231 179 73 180 184 170 146 83 159 277 72 41 194 196 236 109 65 131 268 168 103 222 264 96 149 75 245 233 34 184 147 163 113 176 204 63 152 31 153 163 45 176 43 131 125 230 46 158 224 128 290 71 60 133 194 184 62 218 227 160 267 226 117 151 245 76 270 279 204 153 127 62 174 100 193 32 86 100 213 104 230 118 172 250 106 195 233 29 94 241 165 128 152 145 162 53 140 19 170 124 156 214 122 187 169 86 181 145 143 185 46 160 204 249 133 158 201
 112 181 294 282 222 233 41 99 285 185 223 266 246 273 245 362 122 97 322 41 139 341 374 125 356 126 1 125 56 182 129 238 120 275 187 138 109 54 273 318 110 26 120 249 268 115 152 240 40 147 147 316 232 184 23 27 101 259 223 26 64 101 391 245 135 56 207 251 46 201 208 278 325 180 163 305 254 347 87 171 256 315 277 187 347 316 190 60 172 368 346 158 241 215 279 79 94 118 175 212 157 262 50 83 214 89 246 56 277 82 259 218 244 416 115 141 116 185 305 158 334 325 236 392 108 224 271 255 184 390 337 159 278 48 163 241 99 251 155 76 192 116 191 350 199 162 371 56 199 357 133 99 363 216 224 277 197 231 177 119 140 224 211 281 306 185 310 291 108 296 67 128 69 168 265 98 372 83 277 274
 16 170 174 261 116 109 86 138 239 171 204 219 127 222 230 238 108 216 203 161 15 230 252 99 314 3 125 1 105 69 173 114 7 246 115 52 171 132 208 201 174 104 31 143 233 226 133 148 86 102 105 235 222 83 118 104 112 135 159 100 103 60 267 232 179 71 181 186 169 148 85 159 278 74 41 195 198 238 107 67 133 270 170 102 223 266 98 147 77 246 235 35 185 146 165 112 175 203 65 153 33 154 161 43 177 41 133 123 231 45 160 225 128 292 70 59 131 194 185 64 220 229 159 269 225 117 152 246 78 272 281 204 154 125 64 176 98 194 34 84 102 212 104 232 117 173 252 104 196 234 30 92 243 167 128 154 144 164 54 138 21 172 123 157 216 124 188 171 87 183 143 143 184 48 162 204 251 133 159 203
 90 215 278 316 180 207 54 51 310 131 256 211 211 219 280 337 149 147 308 92 119 334 354 72 384 107 56 105 1 147 176 215 99 306 137 99 159 103 290 305 160 61 115 245 297 167 97 244 41 165 94 327 268 181 70 34 134 229 239 47 99 111 362 281 182 47 237 268 95 221 181 241 351 174 135 299 275 341 33 166 230 341 273 140 319 341 192 43 172 348 339 133 262 163 269 116 147 172 167 230 134 220 63 72 241 66 237 19 302 64 259 259 206 390 69 100 63 225 289 157 324 328 185 369 158 182 236 292 178 376 359 208 249 22 160 258 45 271 139 28 195 171 144 337 150 201 356 2 236 326 125 46 346 238 178 248 143 246 151 67 124 245 164 259 312 200 291 275 129 287 39 166 122 152 263 152 353 127 240 289
 76 230 152 312 48 69 147 160 281 153 259 173 65 174 285 194 173 278 181 221 60 221 217 102 355 69 182 69 147 1 241 82 71 295 73 50 239 198 244 182 242 166 96 151 281 291 124 170 143 161 93 257 279 113 180 158 180 86 200 158 171 128 217 287 247 128 236 222 228 195 47 96 318 101 33 191 239 229 133 101 89 311 172 54 174 304 132 188 116 212 225 41 227 98 157 181 243 271 93 198 48 85 208 107 229 95 133 163 274 103 173 286 62 246 83 51 144 257 162 108 204 237 103 227 287 49 91 302 104 247 316 272 105 168 104 214 118 235 65 120 137 279 52 210 66 237 226 146 257 180 88 113 214 214 64 104 108 202 35 150 71 218 65 123 230 172 159 148 153 174 180 210 247 67 170 269 217 201 95 234
 171 79 289 167 288 261 126 224 185 303 114 374 292 379 129 372 75 131 310 120 182 309 369 232 247 173 129 173 176 241 1 258 172 165 278 216 26 76 192 303 29 116 146 223 163 117 265 198 139 103 250 246 115 174 109 143 62 290 155 130 82 114 406 129 7 143 107 176 127 131 243 324 221 178 210 275 169 312 205 170 282 211 247 270 365 217 166 187 161 364 314 203 160 310 261 66 53 62 179 142 197 325 172 145 123 163 231 182 179 155 222 93 296 423 210 221 237 65 298 155 311 273 326 396 132 289 314 135 180 370 239 34 305 175 161 168 211 167 184 183 164 80 272 332 285 48 356 175 83 383 156 209 352 135 300 305 299 163 218 242 173 143 293 292 249 130 309 286 90 275 195 39 109 191 232 94 367 50 323 200
 128 221 71 282 96 17 199 237 240 233 239 240 59 238 263 125 184 327 100 273 100 141 140 182 308 113 238 114 215 82 258 1 120 263 150 126 264 238 196 101 268 216 124 89 247 334 205 118 200 160 174 195 261 89 229 217 201 36 164 213 207 154 155 266 263 184 218 179 281 170 37 80 272 82 81 115 199 150 208 90 25 266 102 130 112 257 104 257 101 135 145 83 190 168 80 210 276 302 80 168 83 105 273 156 205 153 67 232 235 158 111 277 72 179 159 128 223 254 81 104 124 166 165 156 335 95 68 280 81 167 264 284 48 236 98 174 194 196 84 190 108 314 127 129 138 240 146 214 247 126 111 189 135 186 120 48 184 164 65 229 100 187 131 45 165 151 79 67 171 96 251 221 294 73 104 310 139 230 79 183
 10 172 180 264 118 114 81 132 243 166 206 216 131 219 232 243 109 212 209 157 21 236 257 94 319 9 120 7 99 71 172 120 1 249 113 50 169 129 213 207 172 99 34 149 237 222 128 154 81 105 101 241 225 89 114 98 112 140 163 95 101 60 272 234 178 66 184 190 164 151 89 163 282 79 45 202 202 244 101 72 137 274 176 101 228 270 103 141 83 252 241 39 190 145 171 111 173 201 71 158 38 156 155 39 181 35 139 117 235 39 166 227 131 297 65 56 126 195 191 69 226 235 158 274 221 119 155 248 83 278 286 204 159 119 69 181 92 199 40 78 107 209 103 238 116 174 258 98 198 239 35 86 249 170 128 158 141 169 58 133 27 176 123 163 221 128 194 177 87 189 137 143 180 54 168 200 256 131 162 208
 254 95 250 22 337 275 254 355 37 413 54 462 317 464 39 333 158 295 257 278 245 228 312 338 83 245 275 246 306 295 165 263 249 1 358 297 190 227 79 247 193 254 217 183 17 278 374 149 266 147 349 126 53 184 253 279 176 298 99 265 213 202 370 41 163 262 71 87 287 101 269 342 59 196 265 207 66 226 328 195 285 49 190 343 339 59 166 332 180 309 232 257 73 388 216 197 217 222 204 99 250 362 324 246 70 263 203 319 37 258 165 83 328 374 310 303 359 102 255 189 242 172 397 345 295 337 330 44 194 293 82 156 304 314 192 91 327 69 233 302 161 241 343 266 357 120 287 306 83 362 217 322 291 82 357 304 389 100 262 366 232 79 359 274 149 125 270 250 179 219 336 149 273 229 177 258 310 197 341 95
 111 284 219 374 65 135 162 126 348 86 318 105 111 108 344 246 221 282 247 226 114 290 275 68 423 116 187 115 137 73 278 150 113 358 1 65 270 220 312 249 273 179 146 223 345 301 68 241 153 216 47 328 336 181 194 161 220 142 266 168 200 171 262 346 285 142 295 291 230 259 117 130 386 169 97 262 306 299 111 167 150 378 244 21 222 373 199 170 181 270 294 104 294 33 227 214 267 295 161 263 111 96 196 134 290 117 205 148 340 125 245 339 99 293 73 59 104 307 228 171 272 309 50 279 293 67 132 360 172 310 385 311 159 156 169 282 95 302 128 113 204 298 24 276 18 285 289 137 310 221 143 92 276 278 50 158 36 270 105 108 127 282 32 186 302 235 223 215 198 244 159 253 255 134 242 283 275 233 130 304
 47 220 194 312 85 115 106 112 289 123 255 168 114 171 281 243 156 235 224 178 54 259 264 58 364 53 138 52 99 50 216 126 50 297 65 1 209 162 257 223 212 125 82 180 284 250 88 191 100 153 57 279 273 127 140 113 156 134 208 116 139 107 266 283 222 86 232 234 183 198 90 143 328 116 49 227 248 267 85 112 136 320 204 55 223 315 144 139 124 258 263 52 235 97 193 152 209 237 107 204 58 125 160 72 229 56 165 114 282 64 199 275 109 295 35 7 98 243 205 112 245 267 111 275 245 86 139 297 120 291 330 248 153 120 111 225 70 244 72 72 149 243 58 253 70 221 271 98 246 229 81 65 259 217 88 152 93 213 64 105 67 222 79 169 257 174 204 190 134 211 131 189 205 83 199 230 263 171 143 250
 166 103 300 192 285 266 113 207 210 288 139 362 294 368 154 381 84 106 323 96 181 325 381 219 272 171 109 171 159 239 26 264 169 190 270 209 1 57 214 316 5 100 147 236 188 93 252 214 124 115 239 267 141 183 90 126 65 294 175 114 71 114 415 154 30 131 131 197 103 150 245 326 246 186 210 290 192 329 189 177 287 236 262 263 373 242 178 166 170 376 330 202 182 301 274 59 28 42 186 162 197 323 149 138 146 155 243 164 203 147 237 118 297 433 200 214 221 90 310 162 326 292 319 406 107 287 317 161 188 384 264 51 310 156 168 189 197 189 186 170 177 59 266 346 278 72 370 159 108 389 158 195 365 156 295 310 289 183 219 225 173 164 287 300 268 147 319 297 94 289 175 55 84 194 247 70 379 39 325 221
 124 133 284 233 243 236 59 151 240 232 174 309 258 315 195 360 84 94 310 54 145 321 365 165 309 133 54 132 103 198 76 238 129 227 220 162 57 1 234 305 58 44 115 229 221 97 196 214 70 114 186 282 182 168 34 70 59 264 187 58 32 85 391 195 82 79 160 214 63 163 213 290 279 167 172 285 213 326 134 157 259 269 257 215 348 272 168 113 155 360 326 166 201 250 264 37 48 76 164 175 162 282 99 93 170 107 231 108 232 99 235 165 259 413 148 167 165 133 295 143 318 297 269 388 100 244 282 204 170 376 293 106 282 100 149 204 142 210 155 115 169 82 219 336 229 111 359 103 148 362 128 140 352 175 250 281 236 195 184 169 140 183 240 278 276 151 302 281 78 280 120 79 62 166 244 73 364 32 289 237
 220 114 174 100 281 210 243 335 47 378 92 416 254 416 101 256 152 317 179 287 204 150 234 306 113 207 273 208 290 244 192 196 213 79 312 257 214 234 1 169 218 248 184 111 64 306 340 79 253 127 312 57 109 132 252 269 176 230 52 257 211 180 292 104 192 245 87 24 296 72 210 275 77 144 217 129 24 149 305 147 217 71 114 295 263 62 114 324 133 231 154 210 34 340 140 198 240 252 153 62 203 300 322 222 70 235 132 306 44 232 91 139 266 296 277 263 335 141 178 146 164 96 345 267 319 280 263 115 141 215 74 196 234 303 147 34 301 26 187 279 109 271 294 188 308 147 209 289 122 287 180 295 212 60 302 234 345 46 210 341 191 52 307 201 72 91 194 175 166 142 325 162 289 179 102 283 232 206 274 17
 216 243 31 268 192 116 279 333 215 333 245 334 147 330 262 88 233 397 11 349 188 46 69 280 265 199 318 201 305 182 303 101 207 247 249 223 316 305 169 1 320 294 199 81 231 399 305 110 283 202 274 139 266 138 305 301 256 113 165 294 274 222 124 265 306 268 228 163 358 183 136 149 234 139 176 42 183 55 303 149 102 232 60 230 100 220 140 347 151 65 48 176 181 265 43 271 334 357 144 174 173 188 359 239 211 241 75 323 212 244 88 290 161 129 256 227 321 277 23 163 24 94 259 100 404 190 139 278 136 73 218 322 104 325 157 163 291 182 168 282 140 372 226 33 237 271 55 304 264 124 187 285 50 190 215 104 283 159 161 327 182 187 228 67 107 175 35 35 229 30 343 265 365 154 75 374 67 289 149 153
 169 106 304 194 289 270 115 207 213 289 142 364 297 370 157 385 88 103 327 94 185 329 385 221 275 174 110 174 160 242 29 268 172 193 273 212 5 58 218 320 1 101 150 241 191 90 253 219 126 119 241 271 143 187 91 127 69 298 179 115 74 117 419 156 32 133 134 201 101 154 249 330 249 190 213 294 195 333 191 181 291 239 266 266 377 245 182 167 174 380 334 206 185 304 279 63 25 38 190 166 201 327 149 141 149 157 247 165 207 149 242 120 300 438 202 217 222 93 314 166 330 296 321 411 104 290 320 163 192 389 267 51 314 157 173 193 199 193 190 171 181 55 269 350 281 75 374 160 111 393 162 197 369 160 298 314 291 187 222 226 177 168 290 304 272 151 324 302 98 293 175 59 82 198 252 67 383 42 329 225
 93 161 270 262 208 212 20 109 262 189 202 265 228 272 225 340 99 114 298 58 118 316 350 122 334 105 26 104 61 166 116 216 99 254 179 125 100 44 248 294 101 1 96 223 246 126 153 215 27 122 143 291 213 159 16 28 79 238 198 15 42 76 370 226 122 39 185 226 66 177 188 260 302 156 143 280 230 322 90 146 235 292 252 176 326 293 165 79 147 345 321 138 217 209 254 59 90 118 151 188 136 248 75 62 192 71 221 68 254 64 234 201 227 394 107 129 122 168 281 133 310 300 228 370 123 209 253 236 159 365 313 148 257 62 138 216 99 227 133 72 166 120 180 326 189 144 347 60 180 337 109 97 339 192 212 256 193 206 157 127 117 200 201 258 281 160 287 267 83 272 83 109 82 145 240 106 349 68 259 249
 39 139 175 231 143 122 81 155 211 198 174 249 148 252 200 246 78 205 203 153 37 223 255 124 287 31 120 31 115 96 146 124 34 217 146 82 147 115 184 199 150 96 1 132 204 211 159 130 86 72 133 215 192 68 109 104 85 150 133 97 85 34 278 202 152 73 151 161 161 120 100 180 251 62 65 187 171 230 124 52 145 242 160 133 234 239 78 155 58 250 228 57 159 177 160 90 155 182 56 126 52 179 163 44 148 53 127 132 204 52 145 195 151 300 95 89 152 164 186 43 215 214 189 275 213 144 171 215 66 270 256 177 168 132 46 151 118 168 41 98 82 193 134 230 148 143 252 114 166 248 14 113 244 138 157 167 174 139 73 159 28 144 153 164 198 96 191 172 58 177 152 114 172 52 150 187 254 110 179 179
 158 164 72 203 180 104 210 280 156 300 170 322 147 320 190 158 154 322 89 276 132 94 148 235 221 141 249 143 245 151 223 89 149 183 223 180 236 229 111 81 241 223 132 1 166 321 266 35 217 123 235 108 192 66 233 235 177 121 90 226 199 149 195 194 226 203 152 97 285 104 110 166 185 72 132 57 117 99 249 80 107 180 29 204 160 170 62 285 77 144 99 128 111 247 40 194 255 277 79 98 123 193 293 175 135 181 23 262 151 181 24 214 160 206 208 185 272 199 80 91 90 88 247 177 328 179 154 207 68 149 176 242 124 263 87 93 239 115 111 225 62 293 202 111 215 191 134 244 186 182 121 233 131 115 203 125 258 86 120 279 123 113 211 92 80 95 93 71 152 53 282 185 290 99 20 296 146 211 165 97
 242 89 234 38 322 259 245 345 27 401 50 449 302 451 44 318 149 293 241 273 232 213 297 326 89 232 268 233 297 281 163 247 237 17 345 284 188 221 64 231 191 246 204 166 1 278 362 133 257 136 337 113 56 169 246 270 169 282 84 257 206 191 354 47 162 253 63 71 282 87 254 326 59 181 251 191 50 212 317 180 269 49 174 329 323 55 151 324 166 294 217 243 57 374 200 190 215 221 189 84 236 346 317 235 58 251 187 310 24 247 149 88 312 359 298 290 349 102 239 175 227 158 382 330 294 322 314 54 179 278 78 157 288 306 178 75 316 52 219 291 146 240 329 251 343 117 272 296 82 346 204 311 275 68 342 288 375 84 247 355 218 64 344 258 135 111 254 234 169 203 328 144 269 214 161 257 295 191 325 80
 217 195 379 277 333 332 145 202 301 292 229 376 352 384 241 456 169 30 405 76 240 412 461 238 359 227 115 226 167 291 117 334 222 278 301 250 93 97 306 399 90 126 211 321 278 1 262 302 151 201 260 359 227 262 111 141 145 360 266 135 128 181 488 240 117 165 223 290 74 242 309 384 335 263 266 376 284 416 198 253 355 325 348 300 444 332 261 150 249 456 417 260 274 329 357 128 69 58 260 254 257 373 123 185 238 197 325 162 294 189 325 200 352 509 229 253 223 178 390 238 411 382 350 484 22 335 377 244 265 469 355 125 378 153 244 281 212 282 251 189 260 39 304 430 313 163 453 167 197 458 224 212 447 249 337 377 310 275 279 224 236 257 325 374 359 236 398 376 170 373 162 146 47 262 334 26 459 111 383 314
 122 289 275 387 131 191 140 67 370 40 328 115 175 123 353 310 222 239 304 187 139 343 338 37 446 135 152 133 97 124 265 205 128 374 68 88 252 196 340 305 253 153 159 266 362 262 1 277 128 228 32 366 344 213 165 129 214 204 291 140 185 174 328 355 272 123 306 318 189 278 170 197 410 202 135 312 330 351 66 197 210 401 290 83 288 398 229 117 209 332 347 139 317 81 278 202 242 268 193 285 144 164 145 130 305 113 251 101 362 119 286 340 165 359 65 82 43 307 285 196 327 353 103 344 250 133 198 368 206 370 413 298 222 110 196 308 55 326 158 83 234 267 88 333 85 283 349 97 314 288 162 58 336 297 117 221 55 296 149 45 151 303 99 245 343 255 282 271 199 295 105 248 217 169 285 248 337 217 197 335
 162 134 105 169 204 132 204 283 123 313 137 343 176 342 157 191 134 306 119 264 140 112 178 245 191 146 240 148 244 170 198 118 154 149 241 191 214 214 79 110 219 215 130 35 133 302 277 1 212 103 247 89 159 66 223 229 159 152 56 220 185 140 228 160 201 200 119 63 273 73 133 197 155 76 146 78 84 115 252 82 139 149 51 223 193 140 53 282 73 174 117 141 77 267 72 178 235 255 85 65 135 222 287 173 102 182 55 261 118 181 24 182 188 237 216 197 278 168 112 88 115 86 270 209 311 203 185 173 73 173 149 214 157 260 86 59 245 81 120 227 50 272 221 137 235 163 160 243 155 216 122 239 159 82 227 157 275 52 137 285 128 79 233 126 69 69 126 105 137 81 281 161 274 110 36 277 176 193 196 67
 73 175 258 276 184 194 14 91 271 165 216 240 207 246 240 324 109 136 286 79 101 308 336 97 345 88 40 86 41 143 139 200 81 266 153 100 124 70 253 283 126 27 86 217 257 151 128 212 1 127 117 292 228 152 41 19 93 220 202 16 59 74 352 240 145 17 197 231 85 183 169 238 311 147 123 272 236 315 68 137 218 302 245 151 308 302 160 72 141 331 313 119 223 183 244 77 116 144 141 192 118 224 78 45 201 49 212 54 263 43 229 219 205 377 81 104 100 186 269 127 300 297 202 354 146 185 232 252 151 354 321 171 239 51 131 220 74 233 118 47 163 146 155 315 164 162 336 40 196 318 98 72 327 199 187 238 167 209 138 105 102 206 176 243 279 163 273 254 90 262 73 126 106 131 234 131 335 90 238 252
 109 70 187 161 207 165 116 212 146 267 103 320 201 323 129 270 33 204 209 165 105 212 267 192 221 101 147 102 165 161 103 160 105 147 216 153 115 114 127 202 119 122 72 123 136 201 228 103 127 1 203 171 121 73 127 142 57 193 77 130 87 56 305 131 107 120 80 105 174 57 150 231 187 79 129 177 110 217 184 72 184 177 149 203 264 176 64 197 60 263 217 121 97 247 160 77 134 156 82 67 114 239 196 101 79 117 130 180 138 112 125 126 208 321 164 160 215 99 197 58 212 185 259 294 209 208 220 144 80 271 195 126 207 177 64 95 182 107 98 157 63 172 204 232 217 81 256 165 97 282 75 177 251 73 224 207 245 85 131 221 92 80 222 191 164 39 207 185 40 175 199 65 173 100 134 176 266 91 230 128
 96 267 244 363 105 161 128 80 343 67 304 125 147 130 330 282 201 240 273 185 110 312 308 24 419 107 147 105 94 93 250 174 101 349 47 57 239 186 312 274 241 143 133 235 337 260 32 247 117 203 1 336 321 183 157 122 196 174 263 130 170 152 301 332 257 109 282 290 188 252 139 171 383 172 104 281 302 320 66 168 180 374 259 57 259 370 200 124 180 303 316 108 290 70 246 186 233 260 163 258 114 140 151 109 280 91 220 103 336 98 255 319 137 331 42 52 58 287 254 167 296 323 92 315 251 107 170 345 176 339 385 283 193 112 167 280 50 299 129 73 205 261 62 303 63 264 318 94 292 261 135 49 306 271 94 192 51 268 118 63 123 276 77 215 313 228 251 240 178 264 113 230 215 139 255 244 308 202 170 306
 249 169 154 146 287 210 283 369 90 401 148 428 253 427 154 226 199 368 149 334 228 109 197 332 127 233 316 235 327 257 246 195 241 126 328 279 267 282 57 139 271 291 215 108 113 359 366 89 292 171 336 1 163 154 297 309 224 224 96 298 257 219 261 157 247 282 143 71 343 120 217 268 98 164 234 99 80 105 338 170 211 98 96 310 238 84 139 364 159 195 112 229 87 353 123 245 292 306 173 108 223 299 365 257 125 268 129 344 91 266 86 194 266 259 304 285 365 196 154 174 128 50 354 231 371 286 256 166 161 171 79 251 224 342 173 79 332 81 208 313 135 325 308 150 321 201 169 326 177 263 208 326 175 112 310 224 363 87 224 372 216 104 318 187 34 132 170 155 210 117 363 214 339 198 92 335 195 255 267 47
 228 55 263 52 324 271 216 318 82 383 23 440 311 443 15 349 123 245 275 231 225 255 333 308 133 221 232 222 268 279 115 261 225 53 336 273 141 182 109 266 143 213 192 192 56 227 344 159 228 121 321 163 1 176 210 239 136 297 103 225 172 171 385 14 113 226 45 106 239 92 261 339 110 186 248 228 88 255 292 182 285 101 206 323 350 110 159 290 168 329 259 240 87 367 229 155 167 170 192 96 233 353 280 215 58 232 210 279 77 226 179 33 320 394 281 279 325 51 269 172 265 204 378 365 244 325 327 25 185 320 132 104 306 274 177 104 294 88 216 267 154 189 323 289 337 72 311 268 35 372 195 290 313 78 342 306 365 108 248 331 212 80 341 280 179 112 283 262 145 237 295 105 223 215 192 207 331 151 338 123
 97 133 119 203 154 97 146 219 169 249 154 285 137 285 179 199 100 260 144 213 75 158 200 180 243 81 184 83 181 113 174 89 89 184 181 127 183 168 132 138 187 159 68 66 169 262 213 66 152 73 183 154 176 1 170 170 120 124 88 162 137 86 234 181 178 139 131 111 222 86 87 165 206 13 85 122 127 164 188 17 114 199 94 164 193 193 20 221 14 195 163 79 115 209 97 135 199 223 22 87 72 179 229 111 121 118 64 199 162 118 79 189 146 251 151 133 213 166 129 27 152 148 215 225 267 154 153 196 11 209 205 198 136 199 22 102 180 123 56 163 25 237 163 169 177 151 192 180 159 211 58 174 186 104 174 136 214 90 79 220 63 107 177 119 134 64 138 116 93 114 219 136 228 48 83 237 198 153 164 124
 107 160 282 261 222 226 35 117 263 200 201 278 243 285 223 353 101 99 310 45 132 326 363 135 334 119 23 118 70 180 109 229 114 253 194 140 90 34 252 305 91 16 109 233 246 111 165 223 41 127 157 297 210 170 1 37 79 252 203 27 42 85 383 223 114 54 185 231 53 181 202 275 303 167 157 290 233 332 101 157 249 293 262 191 339 295 174 81 157 357 331 152 221 223 265 58 78 104 162 192 150 262 72 76 193 86 232 75 256 79 243 196 242 407 121 143 132 164 293 144 320 308 243 383 108 224 268 233 170 377 315 139 271 68 149 221 111 230 146 85 175 106 195 337 204 140 359 70 177 351 121 110 351 195 227 270 207 211 171 136 130 203 216 271 288 166 299 279 88 282 88 106 68 158 249 91 361 62 274 254
 90 186 276 288 196 211 27 83 285 164 227 242 222 249 251 341 122 123 304 66 118 326 354 100 358 105 27 104 34 158 143 217 98 279 161 113 126 70 269 301 127 28 104 235 270 141 129 229 19 142 122 309 239 170 37 1 104 236 218 15 68 91 368 251 149 34 209 247 72 198 186 253 325 165 140 290 251 333 65 155 234 315 263 161 325 316 178 56 159 349 331 136 239 190 262 85 114 140 159 208 135 237 60 63 215 65 230 42 277 60 247 227 219 394 90 116 96 194 287 144 318 314 210 371 134 198 247 262 169 372 336 175 255 36 149 236 75 248 135 50 180 140 165 333 173 170 353 34 206 334 116 74 345 214 198 254 172 226 155 100 120 221 185 260 297 179 291 272 104 280 58 135 95 149 252 123 353 95 252 268
 111 83 238 185 227 203 81 183 185 252 124 318 232 323 147 318 26 148 262 111 121 268 319 179 257 112 101 112 134 180 62 201 112 176 220 156 65 59 176 256 69 79 85 177 169 145 214 159 93 57 196 224 136 120 79 104 1 231 129 91 38 53 352 148 68 93 107 156 121 106 183 264 225 123 149 232 156 273 159 114 224 215 204 210 309 217 117 157 107 314 273 142 144 252 214 23 79 104 122 117 136 264 150 88 115 106 182 145 178 99 181 127 235 371 155 162 191 94 248 98 267 241 267 344 153 228 254 160 125 325 238 93 247 139 105 146 162 153 124 134 117 118 213 286 225 70 310 133 103 326 96 158 304 118 239 247 243 137 157 197 112 126 233 237 219 94 257 235 30 229 161 35 117 131 190 120 318 35 263 180
