NAME : domp260p86v6
COMMENT : (Deleplanque et al.) 
TYPE : DOMP
DIMENSION : 260
DISPLAY_DATA_TYPE: NO_DISPLAY
OPEN_FACILITIES : 86
COST_SECTION
 1 310 59 271 147 185 149 317 172 175 368 295 278 407 136 188 336 156 247 317 237 136 89 226 250 240 307 153 362 279 225 102 139 246 195 283 222 208 208 109 277 95 146 63 134 190 182 248 339 37 195 289 344 315 187 67 51 246 238 281 137 227 288 245 212 284 148 219 269 344 101 151 148 285 281 272 343 311 271 56 151 319 254 187 315 245 241 167 99 207 229 320 349 110 82 264 250 143 262 345 132 125 111 87 141 180 317 155 259 192 255 339 119 127 185 233 49 274 292 273 390 271 216 196 317 320 105 314 291 147 189 214 31 297 3 350 79 157 191 93 112 53 167 108 114 249 88 262 212 272 80 119 366 191 197 141 134 345 277 268 37 315 258 198 251 110 132 258 132 416 295 166 36 148 226 306 135 218 213 118 114 166 128 161 87 258 201 318 345 60 402 359 126 247 340 323 317 374 55 48 217 136 19 153 123 70 256 114 92 190 305 208 217 282 216 251 73 302 259 116 223 215 126 128 402 203 164 228 269 266 268 316 124 168 277 268 266 117 198 142 248 89 134 65 131 433 166 384 241 251 39 248 204 343 74 107 432 54 80 205
 310 1 259 189 382 197 233 188 152 158 315 20 94 319 332 148 99 156 65 286 90 220 283 260 416 95 157 381 326 338 129 340 263 72 169 80 108 365 396 204 51 308 179 308 347 418 142 407 340 341 346 353 260 328 156 269 360 163 265 262 322 321 223 135 255 301 177 93 75 84 213 181 183 71 83 49 48 246 158 329 394 107 195 156 134 67 78 196 315 439 327 110 230 381 308 49 196 171 435 346 207 352 205 367 196 314 14 378 52 350 431 248 203 387 329 302 355 82 256 82 334 214 413 369 109 362 240 270 282 239 283 125 337 275 312 294 260 165 349 304 335 344 414 353 202 267 352 458 265 162 375 195 270 143 272 395 251 45 82 43 278 34 359 420 269 259 330 92 179 318 56 166 345 361 353 169 373 137 237 270 237 268 323 190 290 413 305 87 37 340 307 325 192 370 133 90 44 305 258 286 166 215 321 188 236 245 407 336 334 165 73 371 137 300 370 410 306 68 84 250 147 361 244 219 317 284 380 272 75 354 181 288 382 413 74 105 53 270 261 174 322 378 214 264 273 342 417 332 370 85 291 337 262 299 270 371 336 343 239 252
 59 259 1 214 151 129 141 260 134 139 319 243 220 355 121 130 278 104 197 268 181 121 106 178 237 198 249 155 315 241 189 102 95 198 137 226 180 188 199 56 230 78 88 98 126 195 142 232 295 95 171 253 291 272 154 74 108 188 190 231 116 191 234 187 164 239 113 169 213 287 64 93 117 242 224 224 288 257 213 103 160 261 198 129 257 196 194 145 130 215 195 262 293 131 113 211 194 89 252 301 74 165 55 113 115 149 265 155 208 170 245 284 61 143 158 192 98 217 241 231 341 216 211 180 259 282 51 263 243 142 148 156 81 247 61 299 31 100 169 120 105 87 179 113 58 201 136 260 166 215 118 79 313 154 153 155 134 291 235 217 46 260 227 201 203 64 117 217 83 364 250 132 91 142 199 248 140 160 162 127 60 122 157 103 61 242 164 261 294 111 350 311 69 221 282 266 262 323 36 31 159 118 76 126 70 47 239 107 92 161 248 190 182 237 196 235 62 246 202 115 165 192 75 72 350 162 161 182 226 233 211 267 139 179 220 211 217 126 151 87 210 122 77 67 91 382 180 335 216 208 33 214 157 294 83 124 380 86 59 157
 271 189 214 1 263 86 292 49 216 228 137 171 96 158 211 109 125 166 175 99 121 269 301 91 254 220 54 259 144 155 244 239 150 192 84 110 215 211 249 186 207 212 142 306 229 285 211 244 153 307 196 170 90 140 239 272 316 37 91 74 201 154 37 63 94 114 223 168 117 145 217 132 233 234 107 199 179 63 32 316 276 103 20 102 78 177 194 267 332 304 160 101 81 285 317 159 24 163 273 158 142 371 176 282 245 169 183 254 167 201 272 80 163 282 182 131 298 108 68 236 159 27 266 221 100 175 167 85 94 297 133 100 286 87 272 115 194 139 201 320 228 276 294 251 173 87 348 302 103 28 300 210 108 226 119 283 300 186 239 171 257 163 185 284 89 169 212 233 184 163 227 230 298 237 189 45 259 83 79 307 158 134 354 114 203 247 148 120 215 325 149 142 162 201 102 120 156 133 238 227 62 264 289 246 150 236 242 228 239 254 123 218 246 114 214 247 224 126 111 287 68 203 150 144 154 127 251 102 226 176 9 102 277 291 116 85 194 307 108 157 147 297 139 263 161 185 298 155 203 219 235 163 106 117 278 274 181 273 241 96
 147 382 151 263 1 196 287 309 281 288 306 364 316 352 54 236 369 239 327 261 294 270 234 181 114 340 314 10 294 189 337 50 123 334 222 327 324 89 70 199 364 78 206 208 37 45 288 114 258 160 88 192 304 236 303 208 146 256 189 234 65 141 262 271 173 215 262 301 320 385 214 203 267 381 324 358 400 274 280 194 13 348 245 229 333 327 331 295 243 65 139 348 324 50 227 334 241 222 121 263 177 263 191 69 266 101 385 15 334 82 113 304 187 33 93 160 121 319 249 372 324 249 73 72 346 225 146 265 234 286 134 260 127 244 145 295 133 220 82 238 50 98 33 40 192 198 220 117 166 279 90 228 325 301 148 24 276 405 377 343 174 374 152 53 199 124 54 359 226 364 386 281 136 28 119 307 12 254 186 262 147 131 272 194 98 125 127 356 418 194 351 290 198 133 359 360 373 317 179 124 234 267 158 276 147 194 124 48 61 311 349 85 331 213 95 116 90 349 308 257 250 101 139 164 346 144 25 175 366 164 265 258 31 32 325 304 350 261 157 217 163 80 169 204 112 374 36 317 126 349 127 154 161 284 217 45 375 96 207 169
 185 197 129 86 196 1 222 133 159 171 200 178 121 232 143 58 174 102 156 151 108 199 220 78 220 188 126 194 200 160 202 163 74 168 29 133 176 169 201 107 194 134 67 223 161 226 158 211 191 222 150 175 165 171 185 190 231 65 88 114 133 129 107 76 67 137 158 136 128 190 140 56 167 217 130 186 207 133 90 231 209 153 70 47 141 157 168 204 250 247 135 154 165 209 235 153 66 93 239 198 58 288 96 202 177 118 197 190 156 154 235 158 82 209 133 115 214 126 121 214 223 89 218 173 151 194 82 143 131 226 87 73 201 132 187 179 109 71 153 239 154 193 228 176 93 95 264 262 76 91 218 137 187 174 78 213 226 213 217 164 172 183 170 228 98 86 143 205 113 239 216 170 213 172 158 123 190 61 53 230 73 72 273 33 121 218 110 161 231 239 225 197 84 177 167 165 180 201 155 141 39 193 203 181 65 154 212 155 161 198 154 175 200 136 174 214 142 154 117 211 55 165 67 58 227 91 189 88 205 167 84 152 204 226 132 109 179 229 67 86 136 217 53 181 86 259 232 218 176 192 150 148 71 176 197 198 256 191 160 62
 149 233 141 292 287 222 1 327 87 78 421 226 249 448 261 185 298 128 174 373 199 25 71 294 377 140 305 292 421 368 110 239 225 163 212 246 126 328 339 120 185 218 157 106 265 331 97 372 411 159 310 382 380 390 78 83 183 258 305 336 257 323 323 240 280 356 71 154 228 297 88 167 62 181 246 185 277 350 277 130 294 290 282 192 300 171 156 38 94 350 327 293 370 256 95 199 279 131 392 418 172 125 132 234 49 285 244 293 190 309 385 371 146 272 296 319 194 238 341 166 444 305 350 320 289 407 175 364 352 7 277 198 177 353 151 399 168 155 308 86 244 201 312 248 134 314 139 399 285 280 228 87 400 91 277 286 22 276 169 196 116 252 362 339 317 197 257 151 111 454 195 71 177 281 336 310 276 213 271 45 183 250 93 190 201 382 296 280 261 140 440 419 141 358 318 286 259 420 109 165 232 30 147 50 191 95 379 245 228 70 262 330 101 354 335 375 200 257 223 34 227 331 200 181 444 288 300 301 167 365 286 373 269 313 237 246 181 45 271 138 339 237 181 86 225 476 311 439 354 152 161 345 277 397 76 253 472 202 83 273
 317 188 260 49 309 133 327 1 247 258 128 173 100 134 257 145 104 201 191 107 140 305 342 133 291 238 32 304 140 183 266 286 197 208 126 112 236 252 290 228 217 260 183 350 275 329 240 281 162 353 238 196 73 156 268 314 362 74 129 98 247 192 55 88 138 138 258 190 125 126 258 174 267 244 110 209 166 65 52 361 322 86 67 141 57 193 212 299 374 347 197 83 46 332 360 170 71 202 310 166 187 413 219 329 280 213 180 299 179 244 309 61 206 329 225 168 345 114 86 249 147 62 307 264 83 193 214 91 114 332 177 130 333 104 319 108 240 178 244 362 275 323 339 298 215 123 393 341 146 49 347 248 84 253 163 330 337 174 251 181 301 158 219 327 124 216 258 249 222 136 234 262 344 283 228 21 306 116 124 346 205 181 394 158 250 283 191 107 208 370 123 140 204 236 72 105 149 118 282 273 103 300 335 279 197 279 278 275 286 282 116 259 269 139 254 284 272 121 122 325 103 243 197 190 132 170 296 142 239 208 50 111 324 336 120 94 206 345 153 197 181 345 184 306 209 160 344 145 240 235 282 198 150 115 320 321 154 321 282 141
 172 152 134 216 281 159 87 247 1 13 350 143 163 373 242 110 212 58 90 304 114 70 132 236 350 69 222 284 353 316 56 233 187 82 141 160 52 298 318 84 110 204 97 158 251 323 12 344 349 198 279 331 305 329 27 121 220 180 246 269 234 278 249 159 223 295 27 69 142 211 73 107 31 115 160 107 194 276 197 180 291 204 208 119 215 87 76 54 164 344 283 207 290 264 157 114 206 71 367 355 123 201 93 245 45 249 162 283 106 280 362 294 102 276 263 268 220 152 272 102 373 232 333 295 204 352 142 294 287 93 231 118 202 286 175 327 149 89 279 152 233 216 311 245 93 253 201 382 231 200 247 56 323 21 228 287 102 194 106 113 137 168 319 329 256 167 239 86 58 377 125 17 207 267 299 228 271 134 211 120 146 206 172 130 185 352 253 194 184 192 364 350 92 320 232 199 174 347 119 164 158 65 180 38 152 103 348 235 224 40 176 302 50 294 305 347 194 171 137 99 149 299 161 136 369 240 288 245 99 319 209 305 272 311 151 161 102 119 219 79 289 253 134 117 192 400 312 368 317 81 165 299 224 327 120 257 395 216 95 217
 175 158 139 228 288 171 78 258 13 1 361 149 173 384 250 122 221 69 97 316 124 63 128 247 360 70 233 291 364 327 51 239 197 87 153 170 53 307 327 92 113 211 108 156 259 330 20 353 360 198 288 342 316 341 17 120 221 192 258 280 243 288 261 171 234 306 28 77 152 220 77 118 29 115 169 111 201 288 208 179 297 214 220 131 226 94 81 44 159 351 294 216 302 269 154 122 218 81 376 367 134 195 102 250 40 259 168 290 113 289 371 306 111 281 272 279 223 162 284 101 384 244 341 303 213 363 151 305 299 84 241 129 204 298 177 339 157 101 288 148 240 220 317 251 102 265 198 390 242 211 251 61 334 18 238 293 95 200 105 120 139 175 329 336 268 175 247 86 67 389 127 10 209 275 309 240 277 146 222 113 155 216 166 141 192 362 263 203 188 190 375 362 101 330 242 209 182 359 122 169 170 58 181 31 161 106 358 242 230 29 185 311 44 305 315 356 200 180 147 93 161 308 171 146 381 251 295 256 99 330 221 317 277 317 160 171 106 113 230 89 300 257 144 116 201 411 318 379 327 82 169 310 235 338 118 263 407 220 96 228
 368 315 319 137 306 200 421 128 350 361 1 299 224 48 264 241 229 296 310 52 256 397 418 143 242 355 159 298 19 123 380 303 230 327 211 237 351 224 261 306 340 286 265 416 280 308 346 233 61 402 219 128 56 75 374 386 404 172 131 89 256 166 102 198 157 92 354 304 248 251 339 255 363 368 235 333 293 75 164 420 316 213 142 232 184 313 330 399 446 321 168 210 92 344 430 293 145 290 257 61 255 482 294 349 374 209 307 293 301 225 259 68 281 334 214 148 382 238 81 371 24 118 274 241 210 105 269 58 78 424 185 236 374 72 369 24 292 267 226 435 289 356 328 311 292 120 453 291 157 160 371 335 55 361 174 329 425 301 373 304 364 285 167 303 119 259 267 368 311 61 359 363 387 280 193 147 307 218 157 429 259 204 471 232 285 230 183 234 335 426 52 23 283 189 195 232 276 18 349 321 192 392 387 377 249 351 225 289 307 388 244 231 381 94 222 234 305 248 244 410 203 213 245 251 42 171 285 142 361 153 145 53 329 325 245 216 328 428 172 283 145 365 248 378 239 69 334 19 196 355 330 157 165 26 394 333 71 353 359 164
 295 20 243 171 364 178 226 173 143 149 299 1 77 305 313 129 90 140 54 269 71 211 273 241 396 92 142 363 309 319 126 322 244 64 150 63 102 346 377 188 52 290 162 296 329 399 132 388 323 327 327 335 245 310 149 257 345 144 247 244 304 302 206 116 235 282 166 79 56 80 200 163 172 77 66 48 53 229 140 316 375 95 177 137 121 56 70 189 305 420 308 98 216 363 297 33 177 155 415 328 189 342 189 350 186 295 23 360 38 331 412 233 186 369 310 283 340 64 239 86 319 197 394 350 96 344 222 254 264 232 264 106 322 257 298 278 243 147 330 293 317 328 396 335 186 248 340 439 246 144 358 182 256 135 253 377 243 52 87 30 264 28 340 401 251 241 312 92 164 305 64 157 330 342 333 154 355 118 218 261 219 248 314 171 273 393 286 75 55 327 293 309 176 351 123 80 38 290 243 270 147 206 307 179 218 231 388 318 316 159 60 352 133 282 351 391 289 54 65 240 128 341 226 201 303 265 361 253 77 335 164 271 364 395 57 87 48 261 241 157 303 361 196 251 254 329 399 316 351 83 275 318 243 283 258 354 323 327 226 233
 278 94 220 96 316 121 249 100 163 173 224 77 1 233 264 91 59 132 94 193 50 229 279 172 333 141 69 314 234 246 172 280 194 111 96 15 142 284 319 173 118 249 133 294 280 347 155 323 247 313 267 262 170 235 180 256 327 72 176 168 253 235 130 48 169 208 180 99 26 70 195 129 188 145 13 111 89 153 65 310 328 44 103 94 55 96 115 216 311 367 241 46 144 325 300 71 104 140 352 252 152 351 168 315 203 236 89 310 81 271 349 158 160 327 250 214 316 15 163 150 244 121 336 291 43 269 186 177 189 254 202 65 300 181 280 202 211 122 270 299 272 299 348 294 165 176 339 378 179 68 328 181 183 165 190 332 262 96 152 83 253 70 271 348 178 199 263 151 157 234 136 179 310 292 268 80 309 65 151 275 180 191 327 127 234 328 222 42 121 321 222 233 153 284 70 47 64 216 232 242 84 223 293 199 176 223 323 273 276 193 34 291 176 208 289 326 253 35 27 254 67 279 181 162 231 201 310 184 140 264 88 195 322 346 22 14 107 275 177 138 233 329 156 248 205 258 352 241 285 137 249 249 178 207 259 314 252 298 223 167
 407 319 355 158 352 232 448 134 373 384 48 305 233 1 309 265 226 322 324 94 271 425 451 184 289 370 165 344 64 171 398 347 271 341 238 244 368 271 308 337 350 329 295 452 325 355 368 280 107 442 266 175 69 122 395 420 445 193 173 127 301 212 127 216 197 137 380 321 258 247 370 284 389 377 243 343 290 100 179 457 363 213 168 258 186 326 344 424 480 368 215 210 90 389 465 303 171 318 303 106 288 518 326 393 401 254 309 339 312 272 306 79 313 379 260 193 424 247 116 382 39 145 322 288 211 150 306 94 121 453 228 256 415 113 408 59 330 294 272 469 334 398 375 355 324 162 491 337 199 176 415 364 52 382 216 375 455 298 384 314 400 287 214 350 160 298 311 382 339 14 367 387 428 326 240 154 352 239 195 460 296 246 504 263 326 277 228 234 334 465 13 68 314 237 190 231 277 36 384 360 217 420 425 402 286 385 272 333 351 410 247 278 400 140 269 281 347 252 255 441 225 260 283 286 7 214 332 185 372 200 165 96 375 371 253 227 339 460 212 312 191 409 282 412 280 28 380 44 243 368 369 204 206 69 428 378 26 395 391 203
 136 332 121 211 54 143 261 257 242 250 264 313 264 309 1 185 316 195 280 216 243 241 218 132 118 296 261 51 254 155 296 42 71 287 169 275 280 73 79 159 317 45 159 198 19 87 247 114 222 161 60 162 257 199 265 188 154 203 140 187 11 103 212 218 122 174 226 254 268 332 180 154 231 336 272 310 348 226 227 190 67 295 192 178 279 280 284 263 233 108 103 295 274 81 217 285 188 178 132 227 129 260 150 87 233 56 334 48 285 57 126 255 143 74 55 117 129 267 201 328 284 198 93 61 293 195 101 219 189 261 84 209 128 198 136 251 96 173 56 226 29 102 86 48 150 151 220 142 116 226 110 191 278 261 98 73 253 353 332 294 154 323 126 90 151 77 5 315 185 320 339 244 140 30 93 254 49 201 134 243 100 78 263 143 61 124 82 304 367 192 307 250 154 113 306 307 321 274 153 99 181 238 152 242 98 166 122 27 50 275 297 73 291 171 81 117 66 296 257 234 197 80 89 116 303 96 49 127 321 136 212 214 69 84 273 251 303 242 106 172 125 103 121 182 60 332 90 277 107 304 105 121 110 241 197 70 333 99 179 118
 188 148 130 109 236 58 185 145 110 122 241 129 91 265 185 1 149 58 100 195 59 162 199 133 274 131 127 235 244 215 147 196 117 112 33 98 121 222 251 86 138 164 44 210 201 271 107 265 241 223 203 231 197 223 135 172 237 74 143 160 176 186 141 61 123 189 116 79 87 159 114 39 125 161 96 131 166 168 95 224 248 132 99 11 130 101 111 160 231 292 192 133 187 239 218 101 97 57 292 247 63 270 80 227 137 171 150 232 102 205 288 187 70 243 185 171 226 89 163 157 264 123 268 224 130 248 98 184 179 189 142 27 210 177 190 218 122 35 205 219 189 210 268 209 76 148 254 314 132 97 239 104 216 122 135 250 193 171 161 111 165 140 226 273 151 114 184 149 78 271 161 123 220 214 213 130 228 32 108 202 93 123 250 43 147 272 165 132 183 234 257 241 64 233 154 137 139 238 144 152 49 156 204 138 91 138 267 190 190 149 121 227 146 188 228 268 166 118 76 181 43 219 98 75 261 147 233 144 148 224 102 197 238 267 94 81 124 201 124 53 192 240 69 164 126 292 271 259 232 135 159 205 127 218 177 229 289 208 140 118
 336 99 278 125 369 174 298 104 212 221 229 90 59 226 316 149 1 188 131 210 104 280 334 213 376 176 76 366 243 278 210 336 248 146 151 55 182 330 366 230 141 305 191 351 334 397 203 366 265 371 314 293 174 258 225 312 385 116 214 195 306 276 152 100 212 236 232 145 72 23 252 187 240 166 57 136 65 168 97 368 382 23 139 151 50 133 152 264 367 417 282 24 140 381 356 104 141 197 395 269 210 406 226 372 254 284 87 362 114 318 393 163 218 382 298 254 374 64 185 175 246 150 384 338 26 294 243 194 213 304 248 123 358 204 338 210 269 180 318 355 327 357 401 349 223 211 396 423 222 100 385 237 180 211 235 387 313 73 176 111 310 66 309 398 213 256 316 180 213 224 152 228 368 345 311 89 363 122 195 328 237 242 381 184 290 370 267 20 109 378 214 243 211 324 37 14 55 217 289 300 136 275 351 249 232 280 364 328 332 238 37 337 216 236 334 369 310 42 80 307 121 323 237 219 226 245 361 224 166 300 119 213 377 399 63 69 135 328 223 196 271 386 213 305 259 248 405 245 326 169 307 287 223 217 315 370 241 355 279 212
 156 156 104 166 239 102 128 201 58 69 296 140 132 322 195 58 188 1 94 249 86 105 148 179 298 102 180 240 298 259 106 193 134 96 86 134 87 246 269 49 128 162 41 164 207 279 59 291 292 188 226 274 253 272 84 125 206 131 189 213 187 222 197 114 166 238 59 65 118 193 65 50 69 143 132 122 188 224 150 181 250 175 155 65 179 93 93 104 181 300 227 177 243 230 169 108 153 18 316 299 70 220 51 214 81 196 162 239 105 228 311 244 53 239 210 211 200 125 217 134 319 179 284 244 174 295 95 239 231 133 175 73 183 231 158 274 109 32 227 169 191 190 270 206 49 196 209 333 174 153 221 51 273 75 171 248 137 190 138 114 126 160 263 284 199 118 192 122 26 327 149 69 191 222 244 184 229 87 154 147 96 151 197 73 143 299 198 170 191 192 313 296 42 265 200 175 163 294 105 132 105 100 169 82 100 94 295 192 185 97 154 250 103 237 253 294 156 151 109 126 100 245 109 83 318 183 242 188 128 263 159 250 234 270 126 126 115 146 162 24 233 225 80 118 141 349 272 314 263 111 136 243 167 273 128 222 345 189 92 160
 247 65 197 175 327 156 174 191 90 97 310 54 94 324 280 100 131 94 1 273 56 158 220 228 373 49 161 328 318 309 81 283 213 18 128 85 53 321 349 141 39 252 122 244 293 365 79 364 325 277 301 325 259 309 98 205 296 142 236 243 270 284 211 114 219 278 114 29 69 126 149 126 120 63 86 32 105 237 148 265 339 128 175 110 146 4 23 137 252 386 290 131 236 322 245 27 174 110 391 330 152 289 144 307 134 269 74 325 18 304 387 247 144 330 284 268 292 80 241 62 332 198 365 322 128 339 183 259 263 179 241 86 274 258 249 288 201 108 303 241 279 283 359 296 141 239 288 412 229 151 313 131 273 83 233 338 190 105 65 24 214 79 324 369 242 204 278 59 115 325 62 105 281 308 312 171 318 103 203 208 182 222 261 140 233 371 264 113 99 276 313 317 133 331 157 118 86 304 194 225 134 153 258 126 183 181 366 280 276 109 95 326 87 277 327 368 248 89 69 188 117 318 191 165 321 246 328 240 52 321 167 275 325 358 75 97 25 208 222 114 289 317 160 199 222 349 361 328 331 45 229 302 225 291 206 313 344 282 175 215
 317 286 268 99 261 151 373 107 304 316 52 269 193 94 216 195 210 249 273 1 218 349 367 92 209 316 135 253 50 90 338 254 180 289 164 207 310 183 221 257 306 236 217 365 233 267 301 199 56 352 176 99 53 51 329 336 354 132 81 38 208 122 64 160 106 48 307 263 215 232 290 206 316 332 204 297 270 43 129 369 272 190 100 186 162 275 291 352 395 281 125 188 87 296 379 258 101 243 225 61 205 432 245 300 327 162 279 248 265 182 227 59 231 287 169 102 332 206 34 334 75 76 236 199 188 89 218 17 28 376 135 194 323 22 318 36 241 219 182 384 241 306 285 263 242 70 402 259 107 125 322 287 70 317 124 283 377 278 337 270 313 258 132 262 68 209 219 330 263 105 325 317 336 234 153 122 260 176 107 380 208 154 420 184 235 198 135 210 310 375 92 47 234 154 179 209 250 59 299 270 148 344 336 330 198 301 193 240 258 343 217 190 339 50 182 201 255 221 209 361 161 172 194 201 88 122 241 92 324 119 107 5 283 281 213 183 292 379 121 235 103 316 198 327 189 118 290 68 159 316 279 117 115 27 344 286 118 303 309 113
 237 90 181 121 294 108 199 140 114 124 256 71 50 271 243 59 104 86 56 218 1 179 231 176 327 100 112 293 263 257 128 254 174 72 80 50 98 276 307 130 91 222 96 249 259 329 106 319 270 271 257 272 205 254 131 209 287 87 183 188 234 234 156 59 169 223 131 52 33 109 149 95 139 117 49 82 109 182 94 266 306 92 120 67 103 58 75 167 264 350 241 95 185 296 253 46 120 96 346 275 121 303 127 284 153 225 91 290 51 261 343 194 122 301 240 217 279 41 186 117 278 143 324 280 92 285 155 204 208 205 195 36 262 203 239 234 177 82 260 252 248 264 327 267 124 186 293 369 179 98 294 134 221 117 185 308 212 113 120 57 209 82 274 331 189 172 242 113 111 274 112 130 271 272 265 120 286 50 152 226 151 179 278 101 205 325 217 85 125 276 261 262 113 283 120 91 82 250 188 206 81 174 251 150 149 179 320 249 248 145 70 282 131 223 282 322 222 66 25 205 63 272 156 132 269 197 291 188 107 269 113 220 296 325 42 49 77 226 173 96 238 296 127 202 184 297 329 274 283 100 212 252 175 236 213 286 292 263 177 165
 136 220 121 269 270 199 25 305 70 63 397 211 229 425 241 162 280 105 158 349 179 1 70 270 357 130 283 274 398 345 103 221 202 149 188 227 114 306 319 97 174 198 133 102 246 313 80 351 388 151 289 359 357 366 67 72 175 235 281 312 236 300 299 218 256 332 50 137 210 280 65 144 41 173 226 173 262 326 254 126 277 271 258 168 280 156 143 33 98 333 304 273 347 241 95 183 255 108 372 394 149 133 109 220 27 263 230 274 175 288 365 348 122 256 274 295 183 219 318 158 420 281 331 299 270 384 152 340 328 28 253 176 165 329 138 375 147 132 287 88 225 187 295 231 111 290 140 380 262 257 215 63 377 78 254 270 34 262 162 181 101 236 339 320 293 175 237 143 87 431 186 55 166 262 314 288 258 191 247 51 160 227 104 167 181 361 273 261 250 137 417 395 117 336 298 267 243 397 91 147 209 7 137 33 168 76 358 227 210 63 244 309 94 330 314 355 181 239 203 32 204 309 177 158 421 265 281 277 158 342 263 349 253 296 218 225 168 51 248 115 315 223 158 72 203 452 295 415 332 142 144 322 254 373 67 237 449 188 64 249
 89 283 106 301 234 220 71 342 132 128 418 273 279 451 218 199 334 148 220 367 231 70 1 280 334 197 325 240 415 346 172 188 200 213 218 280 180 289 293 116 240 174 160 36 218 278 143 331 398 91 273 358 384 376 135 33 115 269 293 330 216 296 326 259 266 342 107 196 263 336 86 170 102 241 278 238 324 352 292 60 239 321 287 203 326 218 207 101 34 295 300 323 381 197 26 243 283 143 347 405 164 73 126 175 89 253 293 242 236 271 340 377 140 215 261 297 129 271 339 227 441 308 302 278 320 387 152 361 344 67 253 219 114 347 90 397 136 165 270 22 196 141 255 195 129 303 72 349 269 294 164 98 405 145 257 229 52 324 230 243 65 297 332 286 305 169 214 211 124 459 254 119 111 233 303 327 223 230 262 32 162 227 54 189 161 341 269 315 315 70 444 412 140 324 347 321 302 420 72 120 241 73 82 99 172 67 339 198 177 132 299 290 163 340 297 334 153 295 255 39 241 294 178 168 446 266 251 285 226 338 296 367 213 256 271 273 233 31 254 147 315 174 170 41 196 478 254 435 319 209 113 319 261 393 25 195 476 142 61 259
 226 260 178 91 181 78 294 133 236 247 143 241 172 184 132 133 213 179 228 92 176 270 280 1 164 263 144 175 138 83 279 167 88 242 102 186 253 121 159 175 265 146 141 275 149 197 235 155 120 260 107 99 127 98 261 248 263 101 13 58 122 64 82 127 15 63 233 211 187 232 207 130 242 290 183 257 260 95 116 278 193 190 75 123 168 229 242 278 307 215 70 189 144 211 290 221 72 168 183 126 122 342 162 212 250 82 258 170 226 112 182 125 149 204 94 43 241 181 71 288 165 72 176 132 188 117 129 91 66 296 48 143 232 72 227 126 150 147 112 296 154 215 209 177 160 24 311 212 17 114 233 208 149 251 35 203 295 267 291 233 224 240 100 195 26 118 133 280 186 194 287 246 245 154 99 134 179 127 26 295 120 63 333 107 144 158 59 205 291 285 180 134 154 113 193 207 235 150 210 179 96 265 245 255 110 215 153 153 169 275 204 128 277 62 124 157 164 206 177 278 115 113 104 115 178 38 165 13 278 94 95 91 199 206 189 160 251 294 30 160 63 228 114 240 98 209 214 159 114 267 188 78 24 118 257 200 209 213 223 23
 250 416 237 254 114 220 377 291 350 360 242 396 333 289 118 274 376 298 373 209 327 357 334 164 1 398 306 105 226 121 403 149 165 383 248 346 383 54 45 270 411 162 259 313 118 87 354 11 184 270 73 115 260 168 375 305 257 263 164 197 122 101 237 286 165 163 337 350 344 395 294 252 344 433 343 403 421 238 280 302 117 354 238 264 331 373 382 377 348 89 95 353 290 163 332 372 236 283 20 187 230 372 259 181 347 104 415 101 375 72 19 264 250 145 90 124 232 340 212 427 254 232 46 58 351 142 210 220 187 378 134 292 236 199 250 239 210 272 73 342 140 208 116 146 259 169 330 51 155 277 203 304 277 370 145 132 370 427 431 382 271 399 77 77 168 186 122 417 293 302 433 355 247 104 66 296 123 279 183 360 206 151 377 234 178 14 112 367 449 303 292 222 260 57 355 369 395 257 270 216 251 353 265 355 200 283 18 138 160 386 366 49 399 161 47 9 182 367 334 351 270 56 191 217 283 133 91 153 419 91 258 206 143 112 348 320 396 359 157 275 111 192 220 299 160 306 121 248 52 404 222 95 156 226 314 157 309 205 295 167
 240 95 198 220 340 188 140 238 69 70 355 92 141 370 296 131 176 102 49 316 100 130 197 263 398 1 209 341 362 345 36 293 234 32 162 133 19 345 370 144 46 263 140 226 308 381 59 390 366 266 326 361 305 349 64 189 288 185 272 284 288 315 255 158 253 317 95 54 116 169 141 147 98 46 134 47 141 282 193 248 350 175 217 141 194 46 27 103 227 402 321 178 283 328 223 74 216 119 416 372 170 262 150 310 109 294 107 340 64 328 411 294 155 338 309 301 288 128 284 34 377 241 385 344 175 377 196 303 304 147 270 124 269 300 242 333 209 127 327 217 291 283 371 306 149 277 267 433 262 197 313 123 320 54 263 348 160 139 38 66 205 119 356 385 280 220 294 20 116 373 58 79 275 324 341 218 330 142 238 180 197 248 232 166 244 398 293 159 122 259 360 360 143 361 204 165 128 350 187 228 172 126 248 99 201 171 393 293 285 72 142 350 43 316 352 393 255 136 117 161 157 344 210 183 368 276 344 274 30 354 212 318 334 370 123 145 45 180 253 126 322 319 179 185 241 396 372 373 359 13 230 335 257 335 188 320 391 282 163 248
 307 157 249 54 314 126 305 32 222 233 159 142 69 165 261 127 76 180 161 135 112 283 325 144 306 209 1 309 170 204 238 286 196 179 113 81 209 264 301 212 187 258 167 335 279 337 215 297 190 343 249 218 104 182 242 298 354 63 143 120 251 206 77 67 146 161 235 163 95 98 240 160 244 213 79 179 137 93 37 348 326 57 71 124 28 164 183 275 357 356 212 54 76 332 344 140 75 183 325 195 176 396 204 327 258 221 149 305 149 254 324 92 192 331 234 183 339 84 110 219 178 76 319 274 54 218 206 119 138 310 185 108 325 128 309 138 232 161 254 345 276 318 345 299 201 139 379 355 156 37 344 229 115 227 171 333 316 145 221 151 288 127 237 336 141 212 261 219 203 165 203 238 336 288 242 14 309 96 131 326 198 184 376 147 246 300 201 77 177 357 153 170 188 253 50 75 118 149 268 265 91 278 324 256 191 264 294 276 285 256 86 271 242 161 267 299 268 90 93 305 86 256 193 181 163 179 302 155 209 227 51 138 326 342 90 65 175 326 160 179 199 342 175 290 208 189 349 175 256 206 273 215 158 144 303 322 184 316 266 148
 153 381 155 259 10 194 292 304 284 291 298 363 314 344 51 235 366 240 328 253 293 274 240 175 105 341 309 1 286 181 339 54 121 334 219 325 325 80 61 201 365 80 206 215 35 41 290 105 250 168 80 184 297 228 306 214 154 253 182 227 61 133 256 268 168 208 265 301 318 382 217 203 270 382 322 358 398 268 276 202 19 345 240 228 329 327 331 299 250 61 131 345 318 59 234 334 236 223 113 254 177 271 193 77 269 94 383 6 334 74 105 297 188 42 86 152 129 317 242 374 316 244 65 63 342 216 147 258 226 291 128 259 135 236 152 287 135 220 74 245 52 106 36 46 194 192 228 110 160 275 99 231 318 304 142 32 281 403 378 343 179 372 143 47 192 124 52 361 228 356 386 284 144 23 110 302 19 252 181 268 147 126 279 193 99 116 120 354 417 201 344 282 199 124 355 357 371 310 184 128 231 272 165 280 146 199 115 50 65 314 347 76 333 206 86 107 94 346 306 262 248 92 138 164 338 138 16 168 367 156 260 251 40 34 323 301 351 267 152 217 154 89 169 209 110 366 40 309 117 350 132 145 155 277 222 54 368 104 211 164
 362 326 315 144 294 200 421 140 353 364 19 309 234 64 254 244 243 298 318 50 263 398 415 138 226 362 170 286 1 109 385 293 224 334 213 247 356 211 246 305 349 278 266 412 269 294 349 217 44 396 207 112 70 60 377 384 397 178 125 87 247 154 108 205 152 81 356 310 257 264 338 255 365 376 245 341 305 82 172 415 304 225 147 235 196 320 337 401 443 306 156 222 107 333 426 301 148 291 240 43 253 479 293 339 376 199 318 280 309 213 243 81 280 322 203 138 374 247 82 378 31 123 260 227 223 87 265 60 73 425 177 241 367 70 363 34 287 268 213 432 280 348 315 301 291 115 448 274 151 168 362 336 72 364 167 317 425 313 381 313 360 296 152 288 113 254 257 376 311 77 368 365 380 268 179 158 295 223 154 428 256 198 468 232 278 214 173 246 347 421 69 5 282 174 209 244 287 37 346 315 196 392 381 379 246 349 209 279 298 391 255 217 386 84 208 218 298 259 252 410 208 199 241 249 58 163 273 136 368 138 152 49 318 312 255 225 336 427 166 284 132 355 246 375 233 82 321 24 181 362 324 143 159 28 391 323 85 345 357 159
 279 338 241 155 189 160 368 183 316 327 123 319 246 171 155 215 278 259 309 90 257 345 346 83 121 345 204 181 109 1 360 196 148 323 184 261 335 103 138 249 346 188 220 336 169 187 316 112 70 310 102 17 141 50 342 314 306 176 75 86 150 54 129 204 94 46 311 293 264 299 281 210 320 371 258 338 332 123 185 334 199 257 145 205 230 311 324 356 370 198 53 255 174 232 353 301 143 247 137 74 198 402 237 241 327 102 334 175 306 108 139 146 224 219 102 51 282 257 98 369 138 130 152 121 254 42 197 102 71 371 94 225 278 82 280 119 212 228 108 360 183 255 209 202 236 72 366 170 86 182 264 284 158 332 92 212 367 340 373 313 285 315 45 181 69 178 159 362 264 183 368 325 290 165 72 192 192 208 108 365 188 121 397 187 193 110 80 274 367 338 173 105 231 67 252 275 309 138 276 234 177 340 297 333 179 283 105 182 203 355 276 110 359 45 100 113 209 279 255 350 195 92 171 188 165 82 167 72 360 31 162 86 216 205 265 235 332 364 99 239 33 257 188 306 152 189 214 132 73 349 242 37 93 106 323 222 192 252 293 100
 225 129 189 244 337 202 110 266 56 51 380 126 172 398 296 147 210 106 81 338 128 103 172 279 403 36 238 339 385 360 1 288 239 65 179 165 31 350 372 139 80 260 146 202 306 378 50 396 386 247 331 376 331 368 39 168 270 209 288 305 289 326 279 183 267 335 78 78 148 204 128 155 78 72 165 81 176 306 220 226 346 208 240 157 226 78 60 73 200 399 331 211 311 319 197 107 238 121 420 393 174 233 148 300 86 301 141 338 97 332 415 320 155 331 315 314 273 159 306 57 402 264 387 348 208 394 196 326 324 116 280 146 255 322 227 358 205 135 332 190 288 271 366 300 147 294 242 436 276 223 301 111 347 36 275 342 130 173 60 100 189 154 367 384 297 221 293 42 113 401 87 60 258 322 349 247 326 164 253 152 199 256 202 176 240 404 302 193 154 237 388 384 144 370 237 198 163 375 172 219 192 100 230 75 204 156 400 290 279 41 175 355 10 334 357 399 249 169 147 134 179 350 213 187 395 287 343 289 59 366 236 340 327 366 155 174 79 152 265 129 335 307 184 165 245 424 367 398 368 46 220 347 270 359 165 312 419 270 146 262
 102 340 102 239 50 163 239 286 233 239 303 322 280 347 42 196 336 193 283 254 254 221 188 167 149 293 286 54 293 196 288 1 91 288 186 290 276 110 106 151 319 33 162 165 33 94 240 147 262 123 100 203 292 239 255 161 114 226 177 223 48 144 244 237 156 213 213 256 281 350 165 160 218 335 288 313 361 260 251 154 59 315 220 190 303 283 285 246 200 114 144 316 307 47 184 292 216 176 160 268 134 224 144 47 217 96 343 55 291 96 153 290 141 48 96 157 88 282 237 326 323 229 115 96 313 236 101 256 227 238 120 221 89 235 102 289 85 177 95 194 15 62 79 14 145 187 183 163 151 251 70 179 314 253 133 56 228 365 330 300 126 334 166 101 188 83 39 312 178 358 340 233 100 46 133 281 39 217 165 216 104 108 229 155 51 158 122 321 376 155 345 289 152 152 329 325 334 312 130 75 201 218 116 227 106 145 156 16 12 262 312 109 282 211 118 150 41 311 270 209 215 119 100 122 341 134 63 163 319 177 239 252 43 79 287 268 306 215 139 171 166 63 128 156 79 371 80 316 146 302 78 162 144 280 170 36 371 59 158 150
 139 263 95 150 123 74 225 197 187 197 230 244 194 271 71 117 248 134 213 180 174 202 200 88 165 234 196 121 224 148 239 91 1 222 99 205 220 112 137 109 251 64 95 191 87 156 190 158 202 173 93 160 210 179 212 168 176 136 100 144 61 99 158 149 75 147 176 188 198 263 138 89 183 271 202 244 278 177 161 192 135 227 131 109 213 213 220 218 224 177 103 227 221 137 207 216 127 119 183 208 66 258 98 133 188 63 265 117 217 95 178 206 87 136 77 99 155 197 157 265 253 142 153 111 224 188 51 178 153 227 54 139 145 159 140 213 65 108 94 214 81 130 155 104 97 111 225 200 75 160 152 144 233 206 60 140 222 283 269 226 140 253 137 158 113 32 70 253 130 280 273 193 158 100 114 191 116 132 79 219 44 28 251 75 57 166 72 234 298 198 267 221 97 135 239 238 251 237 129 92 113 198 157 196 37 137 162 81 90 224 227 117 235 145 119 161 78 226 187 204 128 112 27 53 265 68 118 90 257 141 149 179 131 154 203 182 237 218 60 111 116 149 56 160 13 296 159 246 132 241 101 121 66 206 176 126 296 128 147 68
 246 72 198 192 334 168 163 208 82 87 327 64 111 341 287 112 146 96 18 289 72 149 213 242 383 32 179 334 334 323 65 288 222 1 141 102 39 331 358 143 32 257 129 239 300 372 71 375 340 275 311 339 276 324 86 200 295 158 250 258 278 296 228 130 232 293 107 35 86 140 147 134 112 51 103 27 115 254 164 260 344 144 191 122 163 16 7 126 245 394 302 147 253 326 238 43 190 113 401 346 159 281 147 309 125 280 82 332 33 314 397 264 148 334 294 281 292 97 257 47 349 214 374 331 144 353 189 275 279 169 253 100 274 274 248 305 205 115 313 233 285 284 365 301 145 254 282 421 242 168 315 129 290 72 245 344 181 114 51 36 212 91 337 376 257 211 285 42 116 343 53 96 281 315 324 188 324 117 217 199 188 233 252 150 238 382 276 128 103 271 330 333 137 343 173 134 99 321 192 227 148 144 256 117 190 178 377 286 280 96 111 336 71 292 337 378 252 105 86 179 132 328 199 172 338 258 335 253 38 334 184 291 330 364 92 115 21 199 234 118 302 319 168 195 230 366 367 345 342 28 230 315 237 307 201 317 361 283 172 228
 195 169 137 84 222 29 212 126 141 153 211 150 96 238 169 33 151 86 128 164 80 188 218 102 248 162 113 219 213 184 179 186 99 141 1 107 152 197 229 103 166 155 59 225 186 253 138 240 209 231 179 200 170 191 166 190 243 53 111 129 159 157 112 53 92 157 144 110 100 165 135 50 154 190 104 158 180 139 77 236 234 131 71 23 122 129 141 189 250 274 163 132 163 231 235 124 68 81 267 216 64 288 94 222 165 147 169 216 128 182 264 161 82 233 162 141 228 99 132 187 234 94 246 201 129 216 95 154 148 216 116 45 214 146 197 189 122 57 181 238 177 209 254 199 91 116 268 290 102 79 236 128 190 154 106 237 218 185 191 136 177 155 197 255 119 105 168 179 102 244 188 153 225 198 186 112 214 33 77 225 88 100 271 36 140 246 138 137 203 245 230 211 79 205 148 141 153 210 158 154 23 183 212 167 82 154 241 178 182 180 129 203 178 156 203 243 161 128 89 204 31 193 87 70 234 119 216 113 178 194 78 165 227 252 105 84 151 224 95 75 162 236 64 181 111 265 257 229 204 166 162 175 98 187 196 220 262 207 158 88
 283 80 226 110 327 133 246 112 160 170 237 63 15 244 275 98 55 134 85 207 50 227 280 186 346 133 81 325 247 261 165 290 205 102 107 1 135 297 331 177 107 259 139 297 291 358 151 337 261 318 280 276 183 249 175 258 333 86 190 183 264 248 144 61 182 222 179 94 19 62 198 136 187 134 4 99 76 167 79 314 339 45 117 102 63 88 107 212 313 379 255 48 156 334 302 61 118 143 365 266 160 352 173 324 201 248 75 321 71 284 363 171 166 337 263 228 323 10 177 139 257 135 349 303 45 283 194 191 203 252 214 72 306 196 285 215 219 127 283 300 283 307 359 303 170 190 342 391 193 83 336 183 195 160 203 343 260 82 141 72 257 55 285 359 193 209 274 141 159 245 124 176 316 303 282 92 320 75 164 275 189 203 327 136 243 342 235 37 107 324 233 246 158 297 74 42 50 228 236 249 97 222 298 197 185 227 336 283 286 188 24 304 170 222 302 340 262 22 26 253 79 292 191 170 243 214 321 198 129 278 102 209 332 357 11 27 96 274 191 143 247 337 164 251 216 269 363 254 298 128 256 263 191 220 261 324 263 305 225 181
 222 108 180 215 324 176 126 236 52 53 351 102 142 368 280 121 182 87 53 310 98 114 180 253 383 19 209 325 356 335 31 276 220 39 152 135 1 331 355 127 61 246 125 208 292 364 41 376 359 248 311 350 301 341 49 171 270 179 262 277 272 303 250 154 242 308 77 48 118 177 123 133 80 64 136 60 153 277 190 231 334 179 211 131 196 50 32 89 211 385 308 182 281 310 206 79 210 103 401 365 155 247 133 292 92 280 119 324 69 313 396 290 138 321 295 290 270 129 277 52 373 235 370 329 179 368 180 297 296 132 257 117 252 293 225 328 192 113 312 200 275 265 354 289 132 267 251 418 251 194 296 105 317 37 251 331 145 151 56 74 187 128 343 369 270 204 278 37 99 371 75 62 257 307 327 217 313 135 228 165 182 235 217 153 227 384 280 164 137 242 358 355 127 348 208 170 137 346 169 210 164 110 230 83 186 154 379 276 268 59 147 336 35 307 338 379 238 141 117 145 150 330 195 168 365 264 328 264 48 342 207 311 316 354 125 144 56 164 241 110 311 301 165 167 226 394 355 369 346 30 212 323 245 330 170 303 389 264 145 237
 208 365 188 211 89 169 328 252 298 307 224 346 284 271 73 222 330 246 321 183 276 306 289 121 54 345 264 80 211 103 350 110 112 331 197 297 331 1 40 218 359 116 206 269 78 85 302 47 172 232 20 105 231 152 323 258 223 216 124 164 74 63 199 237 119 136 285 297 294 349 243 199 292 380 295 351 373 205 235 262 98 308 194 212 287 321 329 326 305 99 59 307 257 136 288 320 191 230 72 176 177 332 207 150 295 52 364 75 323 19 68 233 197 121 37 86 197 291 179 374 240 191 56 18 305 137 158 191 158 328 84 241 198 169 208 216 160 219 20 298 98 171 106 111 207 131 291 95 109 233 173 252 251 317 96 112 321 379 379 331 225 350 63 80 130 134 77 364 241 284 381 303 209 69 32 254 94 229 136 313 153 99 334 182 129 56 64 321 398 263 272 206 208 45 312 323 346 237 222 169 202 303 224 304 147 234 52 96 120 334 318 8 346 134 9 50 137 318 284 302 220 13 138 164 265 86 66 111 366 77 215 180 118 103 298 272 344 312 108 223 81 164 167 252 107 291 112 234 38 351 176 69 109 205 267 128 294 168 246 119
 208 396 199 249 70 201 339 290 318 327 261 377 319 308 79 251 366 269 349 221 307 319 293 159 45 370 301 61 246 138 372 106 137 358 229 331 355 40 1 236 387 122 231 270 76 50 323 46 207 226 54 137 270 187 343 264 214 251 162 202 85 102 238 272 156 174 303 324 327 384 258 225 309 407 329 379 406 244 271 259 74 344 231 242 324 349 356 341 306 61 97 344 296 119 289 350 228 253 55 210 201 329 226 137 311 84 397 57 352 49 48 272 218 101 70 125 188 325 217 400 276 229 18 29 341 169 177 229 196 339 119 272 193 207 207 253 174 244 50 300 98 164 76 102 227 170 286 65 146 269 159 269 289 338 132 89 330 412 405 361 230 383 96 43 169 153 83 389 261 320 409 322 203 61 69 292 79 261 173 319 174 130 335 210 139 56 101 356 430 259 309 242 229 74 349 359 380 274 231 176 236 316 221 320 170 244 56 96 117 352 352 32 367 172 40 48 141 353 317 311 254 50 161 187 302 123 47 149 393 110 252 218 99 72 332 306 372 318 144 246 119 149 192 259 129 327 82 269 67 377 181 105 145 242 273 113 330 162 257 155
