NAME : domp240p60v7
COMMENT : (Deleplanque et al.) 
TYPE : DOMP
DIMENSION : 240
DISPLAY_DATA_TYPE: NO_DISPLAY
OPEN_FACILITIES : 60
COST_SECTION
 1 82 313 154 120 288 244 161 76 123 232 114 170 277 280 78 40 133 202 76 238 113 226 299 92 127 313 269 247 192 199 59 190 45 155 96 170 203 209 178 162 253 270 318 283 201 239 231 101 70 50 220 85 24 169 128 198 70 122 59 190 255 92 282 300 55 89 199 123 247 229 163 254 240 104 218 113 198 157 272 108 244 129 123 94 219 102 230 170 167 164 33 112 115 101 192 189 105 69 341 198 65 341 140 216 161 222 221 127 91 190 325 189 26 90 46 138 77 290 164 255 150 128 185 286 331 227 162 187 225 152 227 139 23 179 317 127 217 271 71 180 43 147 113 123 105 157 293 108 277 164 298 119 219 78 69 287 153 107 246 228 231 160 256 60 200 171 164 95 249 216 42 131 35 150 211 251 281 239 151 245 90 165 194 214 121 88 16 231 255 305 293 105 202 198 152 79 119 291 218 94 163 167 36 280 95 212 126 103 226 104 240 130 196 50 241 140 262 91 212 98 87 266 129 29 180 58 114 141 191 121 211 346 146 43 307 193 107 93 342
 82 1 246 225 163 289 194 176 151 82 155 114 93 298 224 50 118 89 222 22 225 169 165 239 167 131 327 213 221 120 123 65 124 110 234 40 251 159 132 139 82 271 240 255 215 213 220 152 150 19 52 150 125 62 92 120 128 13 64 80 185 265 46 277 246 121 170 244 50 166 148 174 273 260 81 207 144 165 101 192 173 163 142 198 82 139 79 225 234 103 243 67 33 120 51 214 119 164 125 278 157 78 274 218 182 99 160 252 87 162 237 257 126 65 19 115 212 114 213 203 219 184 206 185 210 271 203 228 233 153 232 160 180 69 189 252 126 183 248 22 99 59 156 33 130 170 117 237 40 283 245 221 164 163 62 132 224 116 73 201 254 218 239 178 66 133 166 154 160 225 202 106 100 97 143 230 174 224 162 78 164 165 162 225 147 64 113 70 239 208 231 248 47 121 232 232 158 89 215 208 140 243 206 93 256 113 163 100 47 245 184 159 94 244 107 205 97 185 156 232 74 101 208 206 76 225 91 193 90 153 43 144 278 224 120 328 113 97 108 273
 313 246 1 401 309 272 100 263 357 195 108 237 220 328 65 290 336 296 286 241 206 413 90 42 367 364 330 68 171 243 132 309 265 351 463 218 477 135 218 328 208 307 158 26 32 266 188 203 313 264 296 97 292 290 222 223 118 257 192 269 222 283 278 246 69 322 396 356 197 134 174 256 310 304 220 211 284 354 282 120 354 171 379 390 318 147 310 227 394 147 474 283 234 242 213 289 250 335 312 39 143 322 29 451 150 153 288 329 192 402 356 15 273 306 253 355 450 358 75 319 139 301 407 234 74 47 177 393 350 96 445 270 314 309 254 17 358 149 181 246 173 304 249 227 245 351 315 59 253 279 456 77 314 103 302 324 34 319 212 112 315 206 442 93 310 115 220 212 402 176 202 347 315 338 366 289 96 61 107 169 150 363 226 314 100 271 356 298 265 103 52 107 209 179 323 460 369 205 71 212 384 471 319 301 182 262 321 203 211 294 393 177 193 364 306 141 180 87 341 294 222 257 65 403 318 344 336 423 287 337 232 266 35 423 355 349 159 228 259 33
 154 225 401 1 94 252 309 151 80 218 351 166 317 206 350 231 116 286 160 210 244 201 314 374 64 265 246 342 271 343 319 211 342 167 130 219 131 269 356 329 305 193 297 397 374 174 255 375 90 219 204 323 114 166 316 179 304 215 233 153 200 210 245 260 364 105 108 100 248 375 367 158 193 182 191 225 119 347 311 398 54 382 261 36 245 350 254 224 30 271 144 159 257 160 216 150 340 69 103 419 261 213 426 141 263 263 375 144 218 157 90 415 342 180 238 161 160 207 403 102 295 112 48 187 399 403 253 22 93 333 81 379 94 176 168 400 268 265 286 207 315 196 158 256 157 57 309 362 258 237 86 411 89 300 231 94 370 304 203 303 162 238 61 372 211 303 192 195 174 269 229 168 283 169 290 166 368 352 358 272 378 65 184 130 315 274 222 161 200 313 411 341 224 341 127 129 82 203 402 224 206 131 105 133 294 143 365 202 222 176 70 379 214 89 119 284 228 376 70 162 192 151 341 40 179 91 200 122 294 342 267 363 435 45 143 228 325 178 147 434
 120 163 309 94 1 184 216 63 84 132 265 76 252 161 256 188 97 242 91 144 158 214 222 280 82 247 198 248 181 281 236 176 286 155 191 144 199 176 289 291 237 138 207 304 282 96 167 305 21 164 163 234 40 118 251 87 216 157 152 85 110 146 196 186 270 71 137 83 172 294 292 69 139 126 107 137 27 314 261 314 55 305 248 92 211 270 217 141 87 185 205 105 194 69 139 80 281 35 53 325 168 184 333 192 170 176 322 102 132 176 75 323 288 142 180 152 203 194 314 44 203 34 112 99 310 310 162 85 71 245 154 322 19 140 83 306 246 171 199 143 239 158 66 190 65 54 269 269 201 171 164 323 7 207 192 58 277 266 120 210 111 152 143 285 176 215 100 102 189 180 141 154 245 151 269 99 281 259 273 191 299 79 92 75 226 223 207 118 127 220 321 249 147 266 79 189 98 116 314 137 205 196 48 86 207 57 321 113 145 113 111 304 126 82 71 191 139 289 52 98 110 68 248 105 149 63 177 164 247 305 204 306 342 124 137 189 246 91 62 341
 288 289 272 252 184 1 182 128 267 214 297 180 349 69 208 332 276 377 95 270 76 393 222 231 264 407 59 208 105 383 283 331 397 329 371 253 376 173 377 427 331 63 114 253 260 90 91 380 203 300 315 254 207 275 349 171 250 290 239 233 105 42 333 27 206 249 320 158 265 336 355 126 65 72 209 87 179 454 385 343 234 364 413 266 362 324 364 67 227 235 385 261 309 176 242 106 386 217 231 265 167 342 284 374 141 230 433 112 209 358 165 284 401 302 308 328 386 363 319 153 135 152 286 106 315 245 108 232 161 268 328 425 171 302 109 261 405 142 92 272 312 314 142 302 167 234 405 214 325 16 335 326 189 204 341 239 241 405 218 166 93 81 311 305 332 244 125 137 369 99 94 327 388 321 425 88 304 212 303 263 349 261 129 122 245 351 373 279 58 172 310 169 248 339 126 369 281 203 316 86 379 374 149 253 92 194 446 191 248 77 292 366 200 170 243 138 203 306 235 91 217 203 213 279 312 162 343 346 377 441 317 411 296 293 315 81 310 195 196 299
 244 194 100 309 216 182 1 166 274 122 123 149 209 233 42 243 258 267 188 183 111 353 47 66 282 324 239 34 78 240 121 256 259 286 384 158 397 43 224 309 191 210 75 90 81 168 93 219 223 212 241 82 205 221 209 134 89 202 132 191 123 188 235 157 58 240 318 258 148 163 191 158 213 206 142 113 192 337 262 166 264 196 335 302 275 158 270 130 299 95 397 212 195 153 149 190 245 245 228 111 50 269 121 376 52 97 290 230 118 333 258 114 266 243 207 289 378 303 138 222 50 204 320 136 134 95 80 299 252 94 360 277 219 245 156 94 318 50 96 187 161 246 153 187 154 262 292 54 215 186 371 145 221 36 255 240 67 294 138 17 217 109 354 127 257 82 122 116 337 84 104 282 284 274 332 190 127 44 129 128 178 278 129 216 76 239 305 229 168 16 130 55 149 182 225 382 287 127 135 114 327 391 222 224 100 175 315 121 151 196 310 199 115 266 225 45 105 126 253 195 147 173 36 315 256 247 280 347 261 321 198 267 131 335 285 256 153 145 173 131
 161 176 263 151 63 128 166 1 144 116 238 63 252 123 205 212 149 262 47 155 95 266 182 230 144 283 155 199 121 285 213 208 295 202 253 145 262 130 286 312 235 97 147 255 239 41 105 297 80 183 192 201 80 150 252 62 187 174 141 108 49 95 216 126 217 122 197 95 166 272 279 8 99 85 99 75 52 338 276 288 117 291 287 154 241 252 244 79 137 160 267 136 201 57 136 40 286 98 104 275 122 218 285 253 116 152 331 83 113 231 95 277 298 177 194 200 263 237 281 58 145 41 174 37 276 258 102 138 88 214 217 327 59 176 21 258 281 118 137 156 227 190 22 196 46 116 291 217 214 118 226 289 69 165 220 113 230 289 112 157 80 90 204 255 208 184 44 52 242 119 79 200 270 194 302 55 252 209 246 177 281 141 38 59 192 239 247 153 72 167 282 192 144 256 67 251 158 100 279 75 252 258 57 126 145 69 337 91 143 70 173 290 105 103 116 135 115 258 114 58 106 79 200 167 187 83 217 224 265 327 211 312 295 185 188 154 231 81 72 295
 76 151 357 80 84 267 274 144 1 164 290 126 243 240 313 153 37 206 173 139 236 136 267 335 17 188 279 304 255 266 258 132 264 89 114 153 125 231 282 249 232 220 281 357 327 179 242 302 65 143 125 269 72 90 242 142 248 141 173 90 187 229 166 268 330 36 54 145 182 310 297 149 220 207 138 215 94 268 232 334 42 312 185 48 165 284 174 222 99 216 127 87 183 123 154 162 263 52 47 379 225 134 383 110 235 208 296 178 166 95 135 370 263 101 162 84 120 130 346 121 271 116 56 177 342 367 234 91 133 278 89 302 98 97 164 357 190 236 275 136 246 117 139 183 125 40 229 326 182 254 101 354 79 256 151 35 327 225 147 272 190 230 90 313 132 249 172 170 110 255 217 90 203 91 213 182 308 315 298 209 311 16 164 154 263 195 145 84 210 281 358 315 160 270 155 111 16 153 346 215 134 120 125 62 284 100 286 155 158 195 38 309 165 138 52 258 177 318 34 180 136 102 302 55 100 128 121 81 216 262 193 285 391 74 67 267 258 130 102 388
 123 82 195 218 132 214 122 116 164 1 134 59 139 232 158 130 142 167 160 65 146 232 106 177 175 210 257 147 141 173 105 138 185 165 269 42 283 83 172 215 121 205 160 197 165 146 139 182 129 97 122 108 104 100 139 55 87 87 27 75 111 194 126 199 178 128 202 203 53 163 165 112 208 195 27 129 106 243 173 183 166 177 220 201 162 140 160 148 217 55 281 92 96 66 32 155 175 149 121 220 79 151 222 259 102 47 221 198 6 213 199 208 189 122 98 168 259 183 186 160 140 139 216 114 182 210 123 213 193 117 252 215 144 124 123 197 206 103 167 69 113 126 95 89 75 164 195 171 114 209 264 195 136 97 141 132 167 195 18 126 194 139 251 155 139 87 92 80 216 144 124 161 180 153 223 167 151 159 142 62 169 172 91 172 100 140 186 108 168 134 196 173 36 141 181 267 176 17 186 130 207 277 161 107 176 77 233 26 36 181 200 177 15 207 113 126 18 160 152 171 29 68 144 212 135 186 160 230 165 229 104 201 229 233 165 262 118 42 72 225
 232 155 108 351 265 297 123 238 290 134 1 191 113 337 124 193 263 191 275 157 222 321 78 123 303 262 351 115 195 136 34 215 158 264 386 139 402 125 113 221 103 311 197 126 82 258 206 101 262 172 205 44 237 210 115 182 52 167 119 202 213 293 179 274 144 256 320 331 111 41 72 233 314 304 160 216 239 247 175 51 299 75 277 331 218 41 209 236 350 82 396 207 136 198 138 274 143 282 251 146 132 227 134 371 156 90 183 317 134 316 328 115 166 219 157 269 366 264 59 289 171 268 345 222 55 148 190 347 322 30 377 166 276 223 238 120 255 156 216 162 67 213 219 130 205 296 209 131 153 298 390 67 269 94 205 262 102 213 148 139 309 218 379 24 216 56 201 190 314 201 207 260 211 251 262 281 19 121 9 83 55 300 204 296 52 168 259 218 269 137 79 168 132 72 305 383 300 150 61 217 290 395 290 230 222 210 214 154 134 291 326 78 140 336 239 164 128 31 283 285 159 201 108 342 230 315 243 345 181 230 132 160 134 362 273 364 52 175 206 127
 114 114 237 166 76 180 149 63 126 59 191 1 191 185 189 153 116 201 109 94 125 225 149 212 134 228 215 180 135 224 162 152 233 158 238 83 250 107 226 252 174 158 160 234 210 100 126 238 77 123 136 159 57 98 191 17 141 113 82 56 78 152 156 171 205 94 174 145 106 221 222 61 160 147 38 105 50 278 214 240 118 235 234 154 183 198 185 119 162 110 251 84 139 8 74 102 224 99 80 257 100 164 262 232 110 102 269 143 58 197 141 251 236 125 133 158 237 187 240 102 148 81 172 75 235 243 115 159 135 171 212 265 86 125 76 236 226 111 159 95 170 136 43 134 18 115 230 202 152 172 223 248 80 135 162 92 206 228 51 146 142 118 206 210 153 140 59 51 205 136 103 155 210 148 246 117 207 191 199 120 227 130 53 117 151 177 195 103 127 156 246 190 82 198 124 235 140 43 239 105 206 245 103 84 168 27 276 38 81 132 162 234 51 148 81 134 64 214 106 120 44 28 179 168 136 127 166 202 203 266 149 250 271 188 150 215 176 20 26 269
 170 93 220 317 252 349 209 252 243 139 113 191 1 371 224 104 208 82 297 109 277 229 165 229 258 156 395 214 262 35 93 130 52 187 315 110 332 188 40 108 19 343 274 237 193 284 266 62 240 101 127 135 215 153 2 192 122 103 113 170 248 332 87 331 246 213 255 331 88 101 68 249 346 333 154 263 230 135 63 128 265 82 172 289 119 78 108 283 326 120 322 159 61 198 118 292 38 255 217 258 191 138 246 296 219 122 85 333 143 237 325 227 58 148 82 193 286 172 164 288 248 268 297 252 162 258 249 320 320 129 320 77 268 153 261 231 149 219 287 112 50 136 231 63 208 262 96 234 64 346 332 170 253 174 113 224 210 101 142 221 331 271 329 133 130 128 230 217 229 266 256 183 102 175 152 305 128 223 116 87 92 256 229 307 138 65 164 160 306 224 188 261 110 47 314 313 248 154 167 264 198 324 291 185 295 198 108 164 111 319 273 77 152 332 199 236 147 139 248 308 148 185 207 297 156 312 157 275 70 118 51 63 246 315 203 400 63 172 193 239
 277 298 328 206 161 69 233 123 240 232 337 185 371 1 264 334 257 385 78 277 123 373 267 288 233 402 41 262 158 404 318 328 415 315 333 266 336 213 403 435 353 28 174 312 313 87 141 410 181 306 313 295 193 270 370 181 287 296 258 229 127 46 339 92 266 230 291 107 284 375 388 125 26 39 220 123 166 460 398 386 202 399 405 227 362 359 366 104 179 266 347 256 323 179 256 86 406 189 213 326 206 338 343 340 186 259 451 64 229 334 117 341 419 296 316 312 355 353 367 120 190 129 247 120 363 306 154 186 115 309 286 446 144 295 111 318 401 186 153 278 340 311 143 317 169 202 413 272 336 56 292 375 164 248 341 218 296 411 231 218 51 124 266 349 329 282 142 155 348 153 132 313 392 309 423 69 347 268 344 290 386 231 142 87 286 361 364 272 69 226 362 230 264 368 86 331 253 218 364 122 365 335 116 242 155 190 459 207 263 54 258 400 220 119 229 189 227 350 207 67 227 201 266 239 305 118 334 314 387 449 332 432 355 250 297 31 341 203 194 358
 280 224 65 350 256 208 42 205 313 158 124 189 224 264 1 272 297 290 225 215 142 387 62 26 322 352 266 12 107 253 132 288 274 321 423 190 436 83 233 329 209 243 95 51 57 205 124 224 263 243 273 90 245 257 225 174 105 234 164 230 162 219 263 182 23 279 357 296 176 161 195 198 246 241 180 149 232 357 282 157 305 197 364 342 303 163 297 163 339 122 435 248 221 193 182 228 259 285 267 70 90 301 82 414 90 126 302 267 154 370 298 78 281 277 236 324 416 336 120 262 75 244 360 174 118 55 114 339 291 99 400 287 259 280 195 56 346 89 117 220 175 279 194 213 195 302 313 14 241 215 411 125 262 63 285 279 35 316 175 50 253 142 394 120 289 99 162 156 373 112 140 317 308 309 358 227 121 5 127 153 177 318 169 254 88 263 336 265 202 41 106 48 182 191 263 421 326 164 116 149 361 430 261 262 119 215 331 160 183 231 350 201 152 305 264 77 141 117 294 232 184 213 18 355 290 286 312 385 283 340 222 279 93 375 322 285 164 184 213 95
 78 50 290 231 188 332 243 212 153 130 193 153 104 334 272 1 117 56 258 66 271 130 212 286 169 82 366 261 269 119 162 27 114 84 213 88 230 208 140 104 101 308 289 300 260 251 266 164 171 34 29 194 149 71 103 162 173 44 113 107 228 305 18 321 294 130 155 269 97 196 169 212 310 296 125 252 173 128 80 222 184 184 93 200 33 169 33 269 246 151 219 83 58 158 99 249 115 179 141 323 206 36 317 194 231 148 145 284 135 134 261 300 112 53 38 91 183 73 250 230 268 213 203 227 247 318 251 239 257 195 222 151 206 57 228 297 78 232 295 63 130 37 194 64 168 181 82 284 43 324 233 257 187 211 14 144 270 79 119 250 288 264 233 216 27 178 209 198 127 272 248 80 59 74 95 266 211 272 198 123 190 168 204 256 192 45 68 73 279 256 270 296 96 144 262 210 155 135 252 252 99 222 233 105 304 146 136 146 95 282 178 179 142 267 121 254 146 222 167 268 117 134 256 205 56 250 54 173 64 118 63 135 321 221 102 365 145 138 142 315
 40 118 336 116 97 276 258 149 37 142 263 116 208 257 297 117 1 171 185 108 235 119 247 317 53 157 294 287 250 231 230 97 229 60 128 124 142 216 247 215 199 234 274 338 306 187 239 268 77 108 89 245 70 57 207 131 224 107 147 68 186 240 131 273 315 28 61 170 153 280 265 152 235 221 118 214 98 234 196 305 71 280 156 84 131 253 139 224 132 192 140 56 149 115 127 174 228 73 46 361 211 100 363 119 224 184 261 197 145 84 160 348 228 65 128 57 122 101 319 139 262 129 89 178 315 349 229 125 158 252 116 266 114 61 168 338 158 226 272 104 215 81 139 150 120 69 194 310 147 264 129 327 94 237 116 40 307 190 125 258 207 229 122 285 97 225 169 164 95 250 214 60 168 58 181 194 281 298 270 181 280 51 162 171 239 160 115 50 218 267 333 303 132 238 174 126 41 133 320 214 109 136 143 36 281 91 251 138 130 209 67 276 145 164 36 249 157 291 57 193 115 89 284 90 65 151 88 89 180 228 159 250 369 108 41 285 227 115 92 366
 133 89 296 286 242 377 267 262 206 167 191 201 82 385 290 56 171 1 308 109 311 157 229 299 223 76 415 279 305 81 165 76 68 130 255 126 272 237 108 51 89 358 322 310 267 300 305 134 226 80 83 204 203 126 80 208 186 89 145 160 273 352 47 364 312 185 203 323 122 182 148 261 360 346 169 294 226 78 30 209 239 161 92 253 48 158 36 312 301 172 259 138 73 207 137 300 75 234 196 332 237 77 322 234 264 171 93 336 171 173 315 304 64 107 70 137 220 103 244 284 299 266 256 273 241 330 288 294 311 201 270 103 260 111 276 305 68 265 331 108 125 91 243 81 217 236 30 301 54 370 281 250 242 233 56 199 281 29 160 276 339 305 284 212 76 192 253 241 162 309 289 127 21 122 72 317 207 289 194 139 173 221 250 309 204 29 91 129 327 281 267 321 131 127 315 253 207 176 247 295 126 264 287 160 340 197 81 187 131 332 230 155 180 322 176 285 181 218 222 319 161 185 273 258 108 304 95 217 14 65 69 88 324 273 151 415 140 184 193 317
 202 222 286 160 91 95 188 47 173 160 275 109 297 78 225 258 185 308 1 201 92 303 212 250 170 326 111 220 126 330 253 252 340 241 277 190 282 158 331 358 280 52 150 275 266 21 108 340 110 229 237 236 119 194 297 106 224 220 185 152 66 56 262 101 232 158 226 76 211 311 320 49 53 40 145 79 91 384 322 325 139 332 330 172 286 293 289 71 138 199 291 179 247 103 181 12 332 123 140 292 150 262 306 279 137 192 377 44 157 266 81 300 343 221 240 239 292 278 313 60 156 58 192 55 309 274 113 142 75 249 234 372 77 219 39 280 325 138 134 202 270 234 67 242 92 139 336 235 260 82 242 321 95 194 265 147 253 335 157 176 35 89 218 290 253 220 75 87 278 123 87 240 315 235 347 10 288 228 283 219 321 167 73 34 227 285 289 196 41 185 312 202 189 299 41 274 187 145 311 78 292 280 56 167 140 113 383 135 188 25 198 332 148 87 155 149 156 293 141 12 152 125 222 185 229 73 259 252 311 372 256 357 317 200 225 108 273 127 117 318
 76 22 241 210 144 270 183 155 139 65 157 94 109 277 215 66 108 109 201 1 206 174 157 231 154 146 307 204 205 138 124 75 144 111 230 26 245 145 148 159 96 251 224 248 211 192 202 166 132 33 59 147 107 53 109 100 125 23 53 61 165 245 65 257 236 107 164 225 48 173 159 154 253 239 61 188 124 185 122 198 158 174 156 184 98 146 97 205 218 96 239 54 51 99 35 194 138 147 109 272 143 88 269 215 167 91 180 232 70 162 218 253 146 65 40 115 211 122 215 183 204 164 195 165 211 264 186 212 213 151 224 179 161 68 168 246 142 167 231 6 108 65 135 48 110 155 137 228 60 263 236 223 146 153 77 117 217 136 54 188 233 200 228 181 76 128 146 134 162 208 184 106 119 98 160 210 176 215 164 77 173 152 142 205 142 84 123 62 219 195 231 235 35 132 212 227 147 70 216 189 146 238 186 79 239 93 183 82 33 224 173 170 77 225 92 190 82 187 141 212 54 80 200 194 77 206 98 189 111 173 61 163 274 213 117 308 120 77 88 270
 238 225 206 244 158 76 111 95 236 146 222 125 277 123 142 271 235 311 92 206 1 349 148 167 238 349 131 140 37 311 208 274 326 282 347 187 356 98 303 360 258 102 58 191 191 74 19 306 173 238 257 179 168 222 277 112 175 228 169 181 51 78 270 55 146 210 288 168 195 261 281 89 105 100 147 22 143 388 317 269 211 289 357 248 302 249 302 23 225 161 361 208 241 124 176 99 314 192 193 206 92 286 222 345 67 157 361 131 141 318 172 219 331 249 243 282 354 312 247 144 69 133 269 60 243 187 33 228 166 193 311 352 152 249 77 197 346 67 44 209 238 258 98 234 117 210 340 151 259 78 320 254 164 130 281 204 174 340 153 96 114 8 298 231 275 169 68 76 327 33 24 279 324 273 365 91 230 146 229 191 274 234 75 125 170 285 319 227 62 104 240 112 181 264 132 345 251 137 244 22 331 352 141 207 51 146 377 126 181 93 267 291 132 179 201 67 133 232 207 97 154 152 144 262 260 163 289 316 310 374 248 339 234 279 272 146 236 136 147 236
 113 169 413 201 214 393 353 266 136 232 321 225 229 373 387 130 119 157 303 174 349 1 330 404 146 94 411 376 359 236 289 106 223 69 113 198 129 313 262 176 229 351 382 421 383 305 351 288 194 150 118 318 187 133 228 240 296 157 225 171 300 357 145 390 408 145 94 280 217 324 296 269 352 339 215 328 215 181 186 351 177 310 81 166 112 297 124 340 226 269 112 145 186 226 206 292 230 186 164 444 309 95 441 89 328 264 243 312 236 44 269 424 218 111 164 68 70 58 378 254 366 247 156 294 375 436 338 218 268 320 147 256 230 109 285 419 100 329 383 169 259 111 255 192 233 175 164 400 171 382 155 386 210 325 118 157 390 157 216 356 323 342 169 344 106 300 282 275 28 360 327 72 141 80 117 311 339 388 326 246 318 148 275 287 314 166 67 126 336 364 397 403 207 272 289 111 126 229 380 328 32 121 258 143 392 204 216 238 205 326 132 305 240 273 151 352 249 350 168 311 209 198 372 162 98 263 78 87 170 184 191 243 445 168 79 401 274 219 203 440
 226 165 90 314 222 222 47 182 267 106 78 149 165 267 62 212 247 229 212 157 148 330 1 75 278 291 277 51 119 196 76 228 215 266 374 133 388 55 179 269 149 242 121 93 62 193 131 173 225 183 214 36 203 203 166 136 45 175 106 180 147 222 202 198 84 232 307 276 116 118 145 175 245 236 130 145 196 297 222 123 265 150 304 301 242 112 237 164 308 62 385 195 160 154 126 213 201 246 223 116 63 241 117 363 82 67 246 255 103 316 275 103 223 221 175 269 363 277 102 237 95 217 318 158 98 108 115 306 269 49 356 232 229 223 177 92 285 82 140 162 117 221 165 152 158 263 253 74 180 224 367 110 227 19 225 235 62 255 123 63 244 145 353 84 229 38 140 130 317 125 136 261 247 253 297 216 83 61 84 92 132 274 145 237 30 202 277 211 200 62 102 97 124 136 246 371 280 116 100 146 302 382 237 212 145 174 272 114 126 225 304 153 104 283 217 87 91 85 252 221 133 168 45 314 233 263 254 335 222 280 161 223 124 334 268 292 108 139 170 122
 299 239 42 374 280 231 66 230 335 177 123 212 229 288 26 286 317 299 250 231 167 404 75 1 344 364 289 33 131 256 137 302 277 339 444 207 457 106 234 336 215 268 118 25 44 230 149 222 287 257 288 96 268 276 230 197 114 249 180 250 187 244 275 205 29 301 378 322 190 156 193 223 271 266 200 174 256 363 289 148 328 193 377 365 316 163 309 188 364 136 456 268 232 216 200 254 262 309 290 46 114 315 57 434 116 141 304 293 174 389 323 54 285 294 249 342 435 351 107 287 99 269 383 200 105 34 140 364 317 101 422 287 284 297 220 31 358 114 140 236 180 295 218 225 218 326 321 18 252 238 434 111 286 81 298 302 22 324 194 75 278 167 417 114 303 109 187 181 391 136 165 335 318 327 368 252 116 23 124 164 172 340 194 279 96 273 351 284 227 66 89 66 198 193 288 442 348 185 103 175 376 452 286 282 141 238 334 181 200 257 372 198 173 331 286 102 161 110 317 257 204 234 34 378 307 311 328 406 291 346 233 281 68 398 341 309 168 206 235 70
 92 167 367 64 82 264 282 144 17 175 303 134 258 233 322 169 53 223 170 154 238 146 278 344 1 203 273 312 259 282 271 148 281 104 110 167 120 240 297 266 248 214 285 366 338 178 245 318 66 159 141 281 78 106 257 149 260 156 186 103 189 225 183 267 338 49 58 135 196 325 312 150 215 202 149 217 97 283 248 348 33 327 200 32 181 298 190 222 84 228 124 102 199 130 167 159 279 48 56 389 233 150 393 111 241 220 313 171 177 104 124 380 280 117 178 98 123 145 358 115 277 113 42 179 354 375 238 76 124 290 80 318 94 113 164 367 205 242 278 151 261 133 142 198 131 32 245 334 198 251 91 367 77 266 168 44 337 241 159 279 184 232 77 326 148 261 176 175 120 258 219 105 219 106 228 178 321 324 311 223 326 5 168 148 274 212 160 100 208 288 370 321 173 285 149 108 22 163 359 217 147 115 119 76 287 107 302 165 171 191 31 324 175 127 65 264 188 331 32 176 147 111 311 40 116 119 137 83 232 278 208 302 401 60 81 260 272 140 110 398
 127 131 364 265 247 407 324 283 188 210 262 228 156 402 352 82 157 76 326 146 349 94 291 364 203 1 437 340 350 154 234 77 138 100 203 169 220 289 182 83 162 377 369 377 335 323 346 208 227 114 93 270 211 134 155 239 250 125 194 176 305 377 90 398 373 179 166 324 177 256 222 284 379 365 204 330 238 89 102 283 227 235 17 230 50 231 55 345 286 231 204 148 132 231 180 317 147 229 195 399 287 66 392 180 312 228 152 347 215 124 315 373 131 107 117 106 162 59 317 290 349 276 227 302 314 395 331 278 312 269 230 167 265 108 300 373 9 312 376 143 196 94 266 140 241 225 74 364 113 398 239 323 245 291 70 193 347 67 199 331 354 342 248 284 76 256 285 275 108 352 326 99 56 99 27 335 279 351 266 200 247 203 280 320 269 95 44 132 352 337 339 377 177 202 324 201 184 215 319 330 68 212 294 162 384 215 124 226 176 351 200 229 222 320 176 335 227 290 213 336 196 205 335 231 99 305 70 171 88 92 133 155 394 242 123 432 211 215 212 387
 313 327 330 246 198 59 239 155 279 257 351 215 395 41 266 366 294 415 111 307 131 411 277 289 273 437 1 266 162 429 335 362 441 351 373 293 376 227 425 465 377 61 173 311 318 116 147 430 219 336 346 308 229 304 395 208 303 327 283 262 148 64 370 85 264 268 330 147 309 390 407 155 60 74 248 137 201 491 426 399 241 417 441 267 395 377 398 116 219 285 387 290 350 210 283 121 431 228 250 323 220 372 342 380 196 279 477 104 253 373 157 342 445 331 346 349 394 388 376 159 193 166 287 145 372 303 163 226 155 322 326 471 182 330 140 319 435 197 150 308 361 344 173 344 199 242 443 272 365 54 332 383 202 260 374 256 299 442 258 224 90 134 306 361 363 298 166 179 386 157 145 350 424 345 457 103 359 270 358 311 402 270 168 126 300 390 399 306 90 230 368 227 290 389 125 371 292 244 373 136 402 375 155 277 150 223 488 233 290 87 298 418 244 159 265 195 249 362 246 102 255 234 271 279 340 158 370 354 417 479 359 457 354 290 335 29 361 232 226 358
 269 213 68 342 248 208 34 199 304 147 115 180 214 262 12 261 287 279 220 204 140 376 51 33 312 340 266 1 105 243 122 276 263 311 413 179 426 74 224 319 198 240 96 57 54 200 122 215 254 231 262 80 236 247 215 165 94 223 152 219 156 217 252 182 34 269 347 291 165 153 186 192 243 237 169 145 224 346 271 150 296 189 353 333 292 154 286 160 332 111 425 238 210 184 171 223 249 276 258 78 81 289 88 404 84 115 293 263 144 359 291 81 271 266 224 314 405 325 116 255 74 237 351 169 113 64 111 331 285 89 391 277 252 269 189 61 335 83 118 209 165 268 186 202 186 294 302 25 230 214 402 122 254 52 274 270 35 305 164 45 249 139 385 113 277 88 155 149 362 110 136 307 297 298 347 222 114 13 119 141 169 309 162 249 77 252 325 255 199 37 104 54 171 181 257 411 317 154 112 146 350 421 255 252 121 206 320 150 172 228 340 193 142 299 254 74 131 111 285 227 174 203 8 346 279 280 301 375 272 330 211 269 98 366 311 284 154 174 203 99
 247 221 171 271 181 105 78 121 255 141 195 135 262 158 107 269 250 305 126 205 37 359 119 131 259 350 162 105 1 295 186 276 312 291 367 182 377 75 285 352 244 137 27 155 157 107 19 285 194 237 259 152 185 228 262 120 152 226 161 189 72 113 266 80 110 226 306 201 185 235 258 114 140 136 148 49 163 380 307 241 235 266 359 272 301 226 300 59 255 144 381 215 233 136 172 132 299 215 210 171 72 288 187 364 44 141 346 166 136 331 204 184 318 254 238 292 370 317 215 174 33 160 292 85 212 151 22 256 198 166 334 336 178 255 104 162 346 44 27 208 220 262 118 225 131 233 332 115 252 110 344 222 187 102 280 221 139 333 152 63 150 38 323 202 277 146 84 86 339 6 43 288 319 281 363 126 201 111 202 176 249 255 92 158 144 278 323 234 98 69 207 77 176 244 166 365 269 136 212 50 338 373 172 219 36 159 365 125 176 128 288 268 128 211 215 34 126 202 228 131 155 163 110 286 266 194 294 334 302 366 239 324 198 304 284 180 215 141 159 201
 192 120 243 343 281 383 240 285 266 173 136 224 35 404 253 119 231 81 330 138 311 236 196 256 282 154 429 243 295 1 122 145 23 202 330 142 347 222 30 90 53 377 306 261 218 318 300 56 269 124 145 164 244 178 35 225 152 129 147 199 282 366 103 365 274 238 273 362 121 115 76 282 379 367 187 297 260 114 53 139 292 86 170 313 125 97 114 317 353 153 335 185 89 230 150 324 9 283 244 281 224 150 267 310 252 156 52 365 177 249 355 248 31 168 106 209 297 181 180 319 281 300 319 286 179 283 282 347 350 156 339 43 298 172 294 255 146 253 321 140 80 154 264 92 241 289 85 262 85 379 351 185 283 205 126 250 236 91 174 253 364 305 350 152 145 159 264 251 240 300 290 198 99 192 144 338 148 251 137 121 102 280 263 339 167 75 170 183 340 255 206 292 142 65 346 328 270 187 184 298 205 339 322 211 328 229 79 198 144 352 295 80 186 362 226 269 181 159 275 341 180 216 236 320 174 343 169 290 68 97 78 29 266 337 220 434 90 205 224 259
 199 123 132 319 236 283 121 213 258 105 34 162 93 318 132 162 230 165 253 124 208 289 76 137 271 234 335 122 186 122 1 184 142 232 353 106 369 112 104 200 79 292 192 146 103 236 194 100 232 140 173 43 206 177 94 155 35 135 87 170 192 275 149 262 154 223 287 304 78 60 74 208 294 284 130 200 210 227 153 79 267 82 249 299 188 42 180 220 320 55 363 175 105 169 105 250 128 251 219 168 117 195 158 338 144 62 172 294 105 284 301 140 150 186 126 236 333 233 92 262 166 241 312 201 88 166 177 316 295 37 345 157 247 190 215 141 227 144 209 129 44 181 193 99 177 264 186 142 123 283 357 100 239 88 174 230 118 189 117 136 287 203 347 57 184 41 179 167 281 191 191 227 185 219 236 259 52 131 41 50 69 268 181 271 47 141 229 185 250 136 109 172 99 62 280 350 268 120 93 201 259 362 263 197 216 180 199 126 101 270 293 84 112 309 207 156 100 63 251 263 128 170 115 310 198 288 212 312 157 210 103 148 161 330 240 346 33 146 175 155
 59 65 309 211 176 331 256 208 132 138 215 152 130 328 288 27 97 76 252 75 274 106 228 302 148 77 362 276 276 145 184 1 138 58 187 99 204 219 166 120 126 303 296 318 279 247 271 190 158 46 17 213 138 59 128 163 192 55 126 100 229 301 44 322 309 113 130 256 114 220 195 208 304 290 129 254 164 140 103 247 166 209 84 178 37 193 44 269 228 167 193 73 81 156 109 243 140 163 126 341 216 14 337 168 239 163 167 275 143 108 247 320 136 35 59 65 158 50 273 219 277 204 180 226 269 335 256 220 244 215 197 175 194 37 224 316 75 240 301 70 154 19 191 86 165 163 99 300 68 322 208 280 174 226 21 127 288 95 125 262 280 267 209 238 2 196 209 199 102 278 251 55 73 48 96 261 233 288 221 141 215 147 204 247 210 70 50 59 276 269 292 309 108 169 252 184 132 141 275 254 76 196 222 91 310 140 155 151 106 276 155 204 149 253 106 263 155 245 150 262 121 129 272 183 33 237 29 147 86 133 87 159 341 198 77 358 169 139 137 335
 190 124 265 342 286 397 259 295 264 185 158 233 52 415 274 114 229 68 340 144 326 223 215 277 281 138 441 263 312 23 142 138 1 195 321 151 339 239 51 69 69 388 324 283 239 329 316 76 273 125 141 184 248 178 51 235 172 131 159 203 294 378 99 380 295 239 267 367 133 137 98 292 390 377 196 311 267 92 39 161 293 107 154 312 115 119 103 331 355 170 326 187 95 239 160 334 16 285 246 303 241 142 290 300 269 172 37 374 189 240 361 271 9 165 108 202 287 170 203 326 299 307 316 298 201 305 298 348 356 177 334 38 304 169 305 277 130 269 337 145 99 150 274 100 250 290 66 283 86 393 345 207 287 224 119 252 258 72 185 272 373 320 346 175 138 178 276 263 229 316 305 191 84 186 125 348 170 272 159 137 124 279 274 347 188 70 158 182 352 274 228 312 152 87 354 319 267 198 206 312 193 331 328 212 345 235 58 209 153 362 291 101 198 368 227 287 194 181 276 351 190 223 257 318 169 348 161 283 55 75 85 22 289 334 215 445 110 214 231 281
 45 110 351 167 155 329 286 202 89 165 264 158 187 315 321 84 60 130 241 111 282 69 266 339 104 100 351 311 291 202 232 58 195 1 130 134 147 246 223 167 182 291 315 357 321 241 283 247 135 93 62 256 124 66 185 172 234 98 161 103 234 295 101 324 342 86 74 229 157 273 250 204 292 279 147 261 152 182 158 300 129 265 97 132 84 246 95 274 187 205 137 77 134 159 141 231 197 133 103 381 242 54 379 111 260 200 222 256 169 53 219 363 192 47 111 8 103 42 322 198 299 187 130 228 318 372 271 179 217 260 141 231 173 43 221 356 102 261 316 106 206 53 189 138 167 127 148 334 124 319 152 330 152 260 77 99 326 143 149 289 265 275 155 287 58 237 215 208 52 293 260 5 122 14 125 250 282 322 271 186 270 104 208 230 252 128 57 58 272 297 339 336 143 224 233 127 85 162 323 261 51 139 202 77 325 138 205 170 141 265 103 260 173 224 87 285 182 294 116 250 141 131 307 134 35 210 36 90 141 179 141 216 384 147 24 344 221 151 136 379
 155 234 463 130 191 371 384 253 114 269 386 238 315 333 423 213 128 255 277 230 347 113 374 444 110 203 373 413 367 330 353 187 321 130 1 249 18 342 352 283 310 317 393 465 433 286 354 376 175 220 190 372 184 178 314 254 350 222 273 195 298 331 229 375 441 146 68 228 276 399 378 259 317 305 245 326 206 291 284 425 139 393 192 107 208 372 220 332 159 319 15 181 261 236 253 266 325 157 159 488 336 181 490 25 347 311 346 270 272 83 218 476 318 171 238 123 46 153 444 219 384 221 87 288 440 476 347 151 219 378 52 357 201 167 273 465 209 349 387 225 333 181 251 264 238 139 268 436 253 357 53 452 186 365 205 148 435 262 252 383 286 341 77 409 187 352 285 283 96 367 329 134 243 141 228 284 405 425 393 305 397 114 277 251 366 256 168 169 315 393 459 427 258 352 250 4 99 261 445 326 136 10 223 163 396 212 323 265 255 296 81 389 273 218 160 371 285 415 141 282 242 213 411 95 162 216 162 42 267 293 269 342 497 87 115 356 346 241 214 493
 96 40 218 219 144 253 158 145 153 42 139 83 110 266 190 88 124 126 190 26 187 198 133 207 167 169 293 179 182 142 106 99 151 134 249 1 264 121 147 175 94 238 201 224 188 179 181 162 135 56 84 124 109 73 109 86 102 46 28 67 148 230 85 239 211 119 183 222 31 159 150 142 241 228 46 169 121 203 134 182 166 164 180 196 121 133 118 187 223 73 259 70 58 89 12 184 143 152 117 248 119 112 246 236 143 67 187 224 48 185 216 230 154 89 57 138 233 146 196 179 180 159 208 150 192 239 165 218 211 130 239 184 159 92 155 223 165 144 209 30 97 89 124 52 100 163 154 203 74 247 252 204 146 129 100 127 194 154 36 164 223 180 242 162 100 105 129 117 185 186 164 130 138 121 182 198 157 191 146 57 161 164 126 198 119 99 148 82 204 171 210 210 10 124 205 247 162 51 196 170 171 258 182 92 217 89 196 63 8 213 188 162 55 224 103 167 58 168 149 201 40 77 175 206 101 204 123 209 126 189 67 168 251 226 138 296 107 64 84 247
 170 251 477 131 199 376 397 262 125 283 402 250 332 336 436 230 142 272 282 245 356 129 388 457 120 220 376 426 377 347 369 204 339 147 18 264 1 355 369 300 327 321 403 479 447 293 364 393 184 236 207 386 195 193 331 265 365 238 288 209 307 336 246 382 454 158 83 230 292 416 395 268 321 310 259 335 215 308 301 441 146 410 209 112 225 388 237 340 160 333 20 196 278 247 268 272 342 165 171 501 348 198 504 41 358 326 363 273 286 100 220 490 335 187 255 140 61 171 459 224 395 228 91 297 455 489 357 152 222 393 51 374 208 183 281 479 226 360 397 241 349 198 261 281 249 147 286 449 270 362 48 467 194 378 222 159 448 279 266 395 290 350 74 425 204 366 294 293 113 377 338 151 260 158 244 290 420 438 409 320 413 123 286 256 380 273 185 185 322 405 473 439 273 369 254 21 111 274 460 335 153 9 228 177 405 223 341 278 270 301 90 406 286 219 173 382 298 431 150 287 256 225 424 99 178 219 179 59 284 310 286 359 511 87 132 358 362 253 225 507
 203 159 135 269 176 173 43 130 231 83 125 107 188 213 83 208 216 237 158 145 98 313 55 106 240 289 227 74 75 222 112 219 239 246 342 121 355 1 210 283 170 188 86 129 110 139 83 210 181 176 203 83 163 181 189 92 78 166 96 150 93 169 202 151 100 198 276 224 117 165 185 123 191 183 100 92 151 311 237 174 223 193 300 260 240 153 237 112 260 70 354 171 165 111 111 159 226 203 186 151 9 232 158 334 33 68 273 201 78 292 223 149 245 204 174 248 336 265 156 186 62 167 278 104 152 137 66 259 217 97 318 261 180 205 123 132 284 33 100 150 145 207 115 157 113 221 264 96 185 174 329 164 181 37 220 198 102 265 98 44 190 94 312 136 220 73 87 78 296 80 83 242 253 234 300 162 135 85 132 103 177 236 93 183 74 210 268 189 146 53 155 91 113 170 193 339 245 85 154 93 288 349 186 182 108 133 293 79 114 171 268 195 74 231 183 49 65 138 212 167 106 131 73 273 216 211 241 305 233 295 169 250 168 293 244 240 141 103 131 167
 209 132 218 356 289 377 224 286 282 172 113 226 40 403 233 140 247 108 331 148 303 262 179 234 297 182 425 224 285 30 104 166 51 223 352 147 369 210 1 119 54 375 293 238 194 317 291 27 279 140 164 145 253 192 41 226 137 142 146 208 278 363 124 357 254 252 293 368 122 88 48 283 378 366 189 291 267 142 82 111 304 57 198 328 151 73 139 311 365 143 358 198 100 233 153 326 38 294 256 257 214 173 242 332 242 148 71 368 175 272 362 223 60 187 121 230 321 206 153 325 268 305 336 283 152 260 273 359 357 136 359 54 305 191 294 231 174 242 309 150 66 174 265 101 243 301 114 242 102 374 370 158 291 190 148 263 214 120 176 238 365 298 368 127 166 143 261 248 264 290 284 220 127 213 173 338 123 231 113 115 74 295 261 342 150 98 196 199 337 239 179 274 145 44 350 350 287 187 157 292 230 361 327 224 316 235 104 197 147 351 312 51 184 369 238 257 177 133 287 341 184 222 217 336 193 349 192 312 95 125 90 48 240 354 240 432 72 207 230 232
 178 139 328 329 291 427 309 312 249 215 221 252 108 435 329 104 215 51 358 159 360 176 269 336 266 83 465 319 352 90 200 120 69 167 283 175 300 283 119 1 122 408 368 344 301 350 353 144 274 130 130 241 252 174 107 258 225 140 192 209 322 403 97 413 351 231 239 372 168 204 165 311 410 397 219 343 275 29 48 228 284 175 98 295 85 184 77 362 346 216 285 186 120 257 186 350 83 281 243 365 283 116 353 261 311 216 72 386 220 202 364 334 61 153 120 174 244 132 269 333 344 316 295 323 267 365 336 339 360 236 305 90 309 156 326 339 77 311 379 158 157 136 293 128 267 281 23 340 103 421 315 274 290 275 101 245 317 26 210 320 389 354 321 239 119 232 303 291 188 356 338 164 48 161 64 367 235 328 223 182 191 265 300 359 243 77 117 176 377 324 294 363 180 151 365 281 249 225 272 344 149 292 336 208 387 247 41 237 180 382 269 169 229 370 223 331 229 246 268 369 211 235 312 299 151 353 132 248 51 15 115 81 353 312 189 465 170 235 243 346
 162 82 208 305 237 331 191 235 232 121 103 174 19 353 209 101 199 89 280 96 258 229 149 215 248 162 377 198 244 53 79 126 69 182 310 94 327 170 54 122 1 326 256 224 180 267 248 71 226 92 121 120 200 143 20 174 105 93 96 156 230 314 85 313 231 201 248 315 70 97 69 232 328 316 137 245 214 149 75 124 253 84 177 278 120 71 110 265 313 101 317 147 51 181 101 274 57 242 204 245 173 136 235 292 201 104 104 316 125 233 309 216 76 141 73 188 283 172 156 272 230 252 287 234 154 244 230 307 304 115 312 95 252 145 243 219 154 201 269 99 37 130 214 50 191 250 108 219 59 327 324 163 238 157 112 212 196 112 124 204 313 252 320 123 127 112 212 199 227 248 238 178 109 170 160 287 119 207 106 69 90 245 211 290 122 68 164 150 288 207 179 245 93 44 298 307 238 136 159 246 198 319 275 173 277 182 125 146 94 301 264 80 134 317 187 218 129 130 236 291 132 170 192 287 150 297 154 269 79 133 42 82 236 305 196 383 51 155 177 229
 253 271 307 193 138 63 210 97 220 205 311 158 343 28 243 308 234 358 52 251 102 351 242 268 214 377 61 240 137 377 292 303 388 291 317 238 321 188 375 408 326 1 156 292 290 60 120 383 159 279 288 270 169 244 343 154 261 269 231 203 100 27 312 81 246 208 271 97 257 349 362 98 4 14 193 98 141 434 371 360 183 372 381 211 336 332 340 81 168 239 331 230 296 152 229 61 379 168 190 307 181 312 323 322 162 233 424 51 202 313 105 320 391 271 290 289 336 328 343 101 170 106 231 93 339 287 131 173 102 284 272 419 123 270 84 298 376 163 136 252 313 285 116 290 142 183 386 251 309 48 278 351 142 224 315 196 274 385 204 196 32 102 253 324 303 256 115 128 326 133 107 290 366 285 397 43 322 247 319 262 359 211 115 67 261 334 340 246 43 204 339 212 236 341 68 315 233 191 340 97 341 320 96 217 139 164 432 180 235 28 240 373 192 109 205 167 199 325 187 42 200 175 244 224 280 103 310 296 360 422 304 404 335 236 275 58 315 176 168 337
 270 240 158 297 207 114 75 147 281 160 197 160 274 174 95 289 274 322 150 224 58 382 121 118 285 369 173 96 27 306 192 296 324 315 393 201 403 86 293 368 256 156 1 140 149 131 43 291 220 256 280 155 210 251 274 145 158 246 179 213 98 131 284 88 93 251 331 225 201 237 263 140 159 156 170 74 189 396 322 240 261 270 379 298 321 231 319 81 280 155 406 239 249 161 191 156 311 241 236 153 85 309 171 389 59 154 357 188 155 356 229 171 330 276 256 316 395 339 210 199 27 186 318 111 207 133 47 282 223 168 360 345 204 277 130 147 365 58 23 228 229 283 144 241 157 259 349 100 269 122 370 216 213 106 300 247 129 350 172 59 171 62 349 201 297 152 110 112 363 29 68 311 337 304 382 149 201 99 203 188 252 281 118 182 148 294 344 257 118 63 199 57 194 252 190 390 295 157 207 75 361 399 197 243 26 184 379 147 195 149 314 273 148 236 240 38 144 200 254 154 177 187 102 312 288 219 316 359 318 381 254 334 183 330 308 193 223 164 184 186
