NAME : domp50p12v7
COMMENT : (Deleplanque et al.) 
TYPE : DOMP
DIMENSION : 50
DISPLAY_DATA_TYPE: NO_DISPLAY
OPEN_FACILITIES : 12
COST_SECTION
 1 144 226 267 180 295 220 146 121 157 134 117 136 211 107 179 306 183 164 128 193 80 177 244 313 100 85 157 307 211 143 82 141 123 88 201 264 188 87 225 142 222 295 215 258 281 57 151 203 156
 144 1 318 401 237 438 342 220 135 55 146 219 221 350 41 302 449 326 195 122 305 149 320 329 454 117 123 209 450 319 180 201 4 111 161 320 404 330 229 346 241 363 439 353 354 397 173 279 94 242
 226 318 1 165 391 300 88 100 189 289 182 313 99 168 299 90 294 238 386 206 58 304 228 22 335 203 310 374 315 370 146 147 315 215 309 343 199 238 220 88 86 279 273 293 37 101 267 113 309 77
 267 401 165 1 373 153 81 221 301 392 301 293 208 64 369 108 141 150 388 319 124 322 144 180 190 302 340 366 166 303 272 201 398 323 321 271 44 146 205 79 182 169 119 192 153 91 276 124 425 197
 180 237 391 373 1 319 357 323 292 282 307 83 311 310 203 322 339 231 50 294 346 106 234 411 317 268 122 29 325 118 321 249 236 285 96 140 349 236 178 363 311 241 341 218 418 420 128 291 328 329
 295 438 300 153 319 1 214 322 377 447 383 257 305 134 399 217 23 113 352 393 247 314 119 319 37 368 340 324 16 215 364 266 435 393 307 185 110 108 210 216 281 81 39 102 298 243 273 211 490 303
 220 342 88 81 357 214 1 145 229 325 228 276 133 84 314 41 208 167 363 247 45 287 158 106 250 234 301 345 229 312 197 143 338 254 289 283 112 165 180 6 108 202 186 219 87 65 243 71 355 120
 146 220 100 221 323 322 145 1 91 191 86 251 18 195 203 116 323 230 309 109 101 225 221 110 352 104 225 302 336 328 53 81 217 117 233 308 242 233 173 148 42 276 305 282 136 188 196 112 214 27
 121 135 189 301 292 377 229 91 1 101 16 236 98 263 128 195 383 272 266 19 188 187 264 197 402 26 177 267 391 330 47 112 132 27 198 318 315 276 189 233 123 317 367 316 225 277 176 181 126 116
 157 55 289 392 282 447 325 191 101 1 109 252 196 347 80 288 456 336 242 84 285 185 330 297 467 92 162 254 460 352 145 193 55 75 197 349 400 341 242 329 220 377 443 370 325 376 198 269 49 216
 134 146 182 301 307 383 228 86 16 109 1 250 96 266 141 195 388 280 281 26 185 202 271 189 409 41 192 281 397 343 37 119 144 37 212 329 317 283 199 232 121 325 372 325 218 273 190 183 129 112
 117 219 313 293 83 257 276 251 236 252 250 1 238 231 179 241 275 158 98 242 266 72 159 332 262 214 99 74 266 102 257 173 217 235 61 103 273 163 97 281 234 177 273 158 338 339 61 210 300 254
 136 221 99 208 311 305 133 18 98 196 96 238 1 179 202 102 306 213 299 116 91 215 203 112 334 107 217 290 319 313 65 66 218 123 222 292 227 215 157 137 27 258 288 264 134 180 184 96 223 23
 211 350 168 64 310 134 84 195 263 347 266 231 179 1 316 85 131 92 326 280 114 261 84 187 168 260 281 303 149 244 242 155 347 283 259 213 54 89 144 87 153 120 112 140 170 130 215 84 384 174
 107 41 299 369 203 399 314 203 128 80 141 179 202 316 1 274 411 287 163 119 280 109 282 312 414 105 85 175 411 280 171 172 39 108 122 280 369 292 190 319 219 324 401 313 335 372 133 249 126 223
 179 302 90 108 322 217 41 116 195 288 195 241 102 85 274 1 215 149 325 213 33 248 139 111 251 197 261 308 232 286 166 103 299 218 250 258 128 149 145 47 75 190 195 204 104 103 205 32 320 92
 306 449 294 141 339 23 208 323 383 456 388 275 306 131 411 215 1 125 370 399 243 330 130 312 54 375 355 343 29 237 367 271 446 400 323 206 99 120 222 209 282 99 23 122 290 231 288 211 498 303
 183 326 238 150 231 113 167 230 272 336 280 158 213 92 287 149 125 1 255 287 181 207 11 259 132 261 231 230 125 154 266 163 323 286 201 123 120 6 98 170 193 47 119 56 249 220 164 129 380 217
 164 195 386 388 50 352 363 309 266 242 281 98 299 326 163 325 370 255 1 265 346 85 256 404 353 241 90 29 359 162 299 241 193 255 78 180 369 260 185 368 303 272 369 251 416 426 122 294 287 318
 128 122 206 319 294 393 247 109 19 84 26 242 116 280 119 213 399 287 265 1 206 189 278 214 417 29 176 268 406 338 62 128 120 12 200 327 332 290 201 252 141 331 384 329 242 295 182 198 108 134
 193 305 58 124 346 247 45 101 188 285 185 266 91 114 280 33 243 181 346 206 1 266 172 79 281 194 276 331 262 316 153 113 302 212 270 289 152 182 171 48 66 222 223 236 74 93 225 59 313 76
 80 149 304 322 106 314 287 225 187 185 202 72 215 261 109 248 330 207 85 189 266 1 204 322 324 163 29 80 324 171 217 158 146 180 13 174 310 212 119 293 220 235 325 219 335 351 47 218 232 235
 177 320 228 144 234 119 158 221 264 330 271 159 203 84 282 139 130 11 256 278 172 204 1 249 140 253 228 231 131 161 257 154 317 278 199 130 117 13 93 162 183 56 122 65 240 212 160 119 373 207
 244 329 22 180 411 319 106 110 197 297 189 332 112 187 312 111 312 259 404 214 79 322 249 1 354 213 327 393 333 391 153 165 326 223 327 364 216 259 241 105 103 299 291 314 35 108 285 135 314 91
 313 454 335 190 317 37 250 352 402 467 409 262 334 168 414 251 54 132 353 417 281 324 140 354 1 392 351 325 26 206 392 291 451 417 316 179 147 128 227 251 311 92 74 106 334 280 286 242 511 334
 100 117 203 302 268 368 234 104 26 92 41 214 107 260 105 197 375 261 241 29 194 163 253 213 392 1 152 242 382 309 67 106 114 26 174 298 312 265 173 239 129 305 361 302 239 286 154 180 126 127
 85 123 310 340 122 340 301 225 177 162 192 99 217 281 85 261 355 231 90 176 276 29 228 327 351 152 1 94 350 198 211 166 121 166 40 201 331 236 140 306 225 261 349 246 342 363 69 231 209 238
 157 209 374 366 29 324 345 302 267 254 281 74 290 303 175 308 343 230 29 268 331 80 231 393 325 242 94 1 331 135 297 230 208 259 71 151 346 235 166 350 292 245 343 223 402 408 108 277 300 309
 307 450 315 166 325 16 229 336 391 460 397 266 319 149 411 232 29 125 359 406 262 324 131 333 26 382 350 331 1 218 379 280 447 407 317 189 124 120 222 230 296 90 50 109 313 257 284 226 503 318
 211 319 370 303 118 215 312 328 330 352 343 102 313 244 280 286 237 154 162 338 316 171 161 391 206 309 198 135 218 1 344 248 317 332 160 33 271 158 156 317 302 145 243 119 388 370 158 258 400 325
 143 180 146 272 321 364 197 53 47 145 37 257 65 242 171 166 367 266 299 62 153 217 257 153 392 67 211 297 379 344 1 105 178 72 227 328 291 269 194 200 92 311 350 314 182 239 198 158 164 78
 82 201 147 201 249 266 143 81 112 193 119 173 66 155 172 103 271 163 241 128 113 158 154 165 291 106 166 230 280 248 105 1 198 130 163 229 208 166 93 148 63 208 256 210 178 203 122 79 230 82
 141 4 315 398 236 435 338 217 132 55 144 217 218 347 39 299 446 323 193 120 302 146 317 326 451 114 121 208 447 317 178 198 1 108 158 317 401 327 226 343 238 360 436 350 351 394 170 276 95 239
 123 111 215 323 285 393 254 117 27 75 37 235 123 283 108 218 400 286 255 12 212 180 278 223 417 26 166 259 407 332 72 130 108 1 192 322 335 290 198 258 147 330 385 327 251 302 176 202 103 142
 88 161 309 321 96 307 289 233 198 197 212 61 222 259 122 250 323 201 78 200 270 13 199 327 316 174 40 71 317 160 227 163 158 192 1 163 307 206 117 294 225 228 319 211 339 352 47 220 245 241
 201 320 343 271 140 185 283 308 318 349 329 103 292 213 280 258 206 123 180 327 289 174 130 364 179 298 201 151 189 33 328 229 317 322 163 1 238 126 136 287 280 113 212 88 361 340 152 231 397 303
 264 404 199 44 349 110 112 242 315 400 317 273 227 54 369 128 99 120 369 332 152 310 117 216 147 312 331 346 124 271 291 208 401 335 307 238 1 116 192 113 201 131 77 156 192 134 264 135 437 220
 188 330 238 146 236 108 165 233 276 341 283 163 215 89 292 149 120 6 260 290 182 212 13 259 128 265 236 235 120 158 269 166 327 290 206 126 116 1 103 169 195 44 114 56 249 218 169 130 384 219
 87 229 220 205 178 210 180 173 189 242 199 97 157 144 190 145 222 98 185 201 171 119 93 241 227 173 140 166 222 156 194 93 226 198 117 136 192 103 1 186 148 137 213 131 244 244 73 114 287 170
 225 346 88 79 363 216 6 148 233 329 232 281 137 87 319 47 209 170 368 252 48 293 162 105 251 239 306 350 230 317 200 148 343 258 294 287 113 169 186 1 112 205 187 223 84 59 249 76 359 123
 142 241 86 182 311 281 108 42 123 220 121 234 27 153 219 75 282 193 303 141 66 220 183 103 311 129 225 292 296 302 92 63 238 147 225 280 201 195 148 112 1 238 263 246 119 157 184 71 248 25
 222 363 279 169 241 81 202 276 317 377 325 177 258 120 324 190 99 47 272 331 222 235 56 299 92 305 261 245 90 145 311 208 360 330 228 113 131 44 137 205 238 1 101 26 286 249 195 172 422 262
 295 439 273 119 341 39 186 305 367 443 372 273 288 112 401 195 23 119 369 384 223 325 122 291 74 361 349 343 50 243 350 256 436 385 319 212 77 114 213 187 263 101 1 125 268 209 281 194 484 284
 215 353 293 192 218 102 219 282 316 370 325 158 264 140 313 204 122 56 251 329 236 219 65 314 106 302 246 223 109 119 314 210 350 327 211 88 156 56 131 223 246 26 125 1 303 269 182 183 416 270
 258 354 37 153 418 298 87 136 225 325 218 338 134 170 335 104 290 249 416 242 74 335 240 35 334 239 342 402 313 388 182 178 351 251 339 361 192 249 244 84 119 286 268 303 1 75 295 132 344 113
 281 397 101 91 420 243 65 188 277 376 273 339 180 130 372 103 231 220 426 295 93 351 212 108 280 286 363 408 257 370 239 203 394 302 352 340 134 218 244 59 157 249 209 269 75 1 307 134 401 162
 57 173 267 276 128 273 243 196 176 198 190 61 184 215 133 205 288 164 122 182 225 47 160 285 286 154 69 108 284 158 198 122 170 176 47 152 264 169 73 249 184 195 281 182 295 307 1 174 246 202
 151 279 113 124 291 211 71 112 181 269 183 210 96 84 249 32 211 129 294 198 59 218 119 135 242 180 231 277 226 258 158 79 276 202 220 231 135 130 114 76 71 172 194 183 132 134 174 1 304 93
 203 94 309 425 328 490 355 214 126 49 129 300 223 384 126 320 498 380 287 108 313 232 373 314 511 126 209 300 503 400 164 230 95 103 245 397 437 384 287 359 248 422 484 416 344 401 246 304 1 240
 156 242 77 197 329 303 120 27 116 216 112 254 23 174 223 92 303 217 318 134 76 235 207 91 334 127 238 309 318 325 78 82 239 142 241 303 220 219 170 123 25 262 284 270 113 162 202 93 240 1
LAMBDA_SECTION
1  35
2  16
3  48
4  42
5  31
6  49
7  36
8  27
9  39
10  12
11  34
12  15
13  37
14  46
15  15
16  41
17  44
18  26
19  20
20  35
21  22
22  46
23  14
24  34
25  48
26  47
27  35
28  23
29  15
30  48
31  24
32  16
33  30
34  39
35  46
36  49
37  38
38  48
39  43
40  43
41  26
42  43
43  47
44  13
45  40
46  28
47  20
48  12
49  21
50  44
