NAME : domp280p140v4
COMMENT : (Deleplanque et al.) 
TYPE : DOMP
DIMENSION : 280
DISPLAY_DATA_TYPE: NO_DISPLAY
OPEN_FACILITIES : 140
COST_SECTION
 1 34 294 150 167 82 257 179 233 120 136 124 205 121 39 182 167 169 143 117 277 239 189 259 245 85 276 246 138 48 132 70 264 78 169 237 228 248 92 168 149 228 168 122 115 228 223 109 240 177 142 86 97 17 206 161 92 177 224 141 266 25 308 98 104 88 140 202 304 134 124 98 212 133 104 268 35 111 147 185 139 276 137 231 108 172 190 32 183 95 112 69 263 249 198 230 267 136 214 221 171 185 228 270 102 116 243 94 265 179 235 307 126 97 249 86 87 132 174 158 232 161 327 138 174 141 156 80 105 117 201 324 154 247 31 214 143 96 200 201 176 198 242 50 46 214 177 42 108 86 248 112 185 87 229 125 268 167 146 150 220 103 299 287 57 82 223 270 127 166 155 219 184 213 120 128 201 135 258 57 183 256 169 51 260 76 60 82 155 99 103 242 185 110 193 279 97 135 94 98 131 269 129 205 258 125 232 133 219 171 215 165 195 63 72 306 201 153 207 182 97 133 131 129 181 53 210 245 192 115 48 269 123 109 160 276 195 33 222 184 165 184 94 94 151 217 119 157 110 181 99 201 169 210 260 47 103 208 263 117 110 167 84 143 210 46 153 118 9 171 143 217 134 205 198 228 261 135 161 170
 34 1 279 132 151 66 225 208 201 128 106 98 212 153 70 192 137 158 120 99 258 243 175 226 222 67 260 245 170 65 104 99 234 82 192 216 228 245 121 147 144 196 193 100 133 219 200 77 217 180 173 118 127 26 195 137 80 193 192 174 234 52 278 129 136 109 107 178 287 124 155 105 193 124 136 272 66 105 129 153 162 245 105 200 102 146 172 28 179 128 133 68 236 228 166 214 234 158 203 207 197 153 204 246 133 84 222 117 242 163 208 275 156 67 248 60 115 162 154 171 211 154 295 158 165 173 181 103 96 137 169 292 185 249 20 244 122 115 168 190 150 179 210 61 18 189 170 74 141 60 216 80 173 119 204 128 239 180 117 183 225 83 268 257 65 63 200 248 158 136 185 228 213 189 94 136 177 165 227 43 211 245 162 45 264 90 91 114 128 121 72 228 165 82 184 249 104 150 64 113 103 237 157 206 229 149 237 102 193 184 197 133 164 89 69 273 185 124 215 182 96 104 104 151 164 84 200 245 160 132 74 237 97 85 164 246 165 31 194 194 136 214 109 127 120 199 141 125 138 168 117 185 160 177 233 18 84 188 231 120 112 143 97 166 183 47 139 88 26 198 117 197 149 179 189 226 249 148 129 139
 294 279 1 377 130 333 244 335 258 406 309 193 489 362 300 471 198 416 353 182 46 519 106 246 99 329 22 514 399 262 199 357 198 361 285 87 498 513 304 140 154 210 302 183 247 79 405 262 419 456 347 355 376 300 91 161 347 470 308 384 315 317 397 376 374 263 264 381 20 388 338 384 97 391 369 547 323 186 375 262 282 363 229 322 189 356 408 263 448 354 260 346 405 83 284 68 316 428 457 451 311 253 120 96 334 284 435 270 93 406 144 325 323 294 518 227 373 331 131 222 425 140 372 255 426 372 297 373 365 410 268 365 346 521 299 383 359 389 241 95 354 407 298 253 289 133 434 317 370 306 231 247 426 326 397 190 392 458 201 391 501 197 383 377 246 217 107 85 334 320 344 506 352 397 324 415 380 411 336 240 330 47 426 322 540 244 340 325 331 268 290 53 394 212 108 385 382 427 231 390 320 289 309 479 174 415 514 282 138 462 427 289 317 283 346 336 426 320 492 147 372 205 195 422 118 301 458 516 214 243 340 250 328 326 177 368 201 310 165 472 192 350 242 349 221 429 411 248 300 419 251 96 129 279 400 263 339 410 245 397 389 151 374 435 151 249 142 220 292 326 335 417 231 145 105 494 36 226 232 308
 150 132 377 1 253 69 225 324 192 108 73 186 148 247 184 151 188 44 27 206 345 163 280 225 295 66 356 146 243 194 179 171 259 96 318 297 132 141 238 238 265 218 316 199 262 332 81 116 96 113 279 203 196 133 304 217 60 172 148 260 190 147 193 198 213 237 120 67 379 38 262 103 281 46 217 186 159 228 4 148 287 172 151 146 225 50 41 159 85 218 261 91 132 307 141 311 190 174 81 78 319 155 273 316 238 94 95 243 314 33 263 233 269 85 150 159 178 273 247 302 85 273 231 287 56 267 304 150 55 157 156 231 294 157 121 351 20 144 175 299 57 50 175 191 115 256 66 177 223 78 223 131 51 225 92 256 145 153 178 268 150 192 189 177 196 179 278 321 267 81 295 170 325 72 53 111 67 221 168 169 328 351 60 100 182 220 179 220 61 248 88 328 38 167 298 163 99 146 150 128 60 210 275 121 266 181 162 100 256 156 67 109 110 211 87 225 55 71 152 307 79 173 183 170 262 198 82 149 189 262 149 234 50 54 293 169 200 118 242 146 192 326 240 220 162 69 166 142 257 44 246 284 275 156 131 139 49 61 230 88 84 226 117 183 242 178 248 157 143 316 48 69 279 244 304 125 351 279 157 96
 167 151 130 253 1 205 186 250 183 277 191 69 360 252 179 342 98 291 231 53 111 390 28 188 90 202 111 387 284 141 80 233 160 232 207 76 371 386 195 27 56 145 220 56 150 81 293 140 309 328 246 236 255 172 53 52 219 342 217 274 240 191 315 255 255 155 150 269 138 261 233 255 50 263 252 419 198 67 251 165 191 278 115 231 70 240 288 136 321 237 162 217 304 89 188 65 241 302 333 330 229 157 83 114 223 163 322 165 108 284 105 265 221 169 391 98 249 230 22 147 311 49 305 168 300 265 212 246 237 283 176 299 249 393 170 298 237 262 154 48 239 289 217 131 160 77 307 195 254 180 172 126 302 213 288 90 296 330 90 282 372 68 301 293 124 88 69 111 231 208 248 377 265 284 201 286 268 292 251 112 248 99 300 193 411 130 217 210 215 164 166 79 275 87 53 295 253 299 105 261 199 223 211 351 142 290 385 166 86 333 309 181 214 167 217 272 305 204 363 91 244 87 75 295 16 182 333 388 127 146 214 197 205 201 103 282 118 181 108 343 91 263 136 234 113 311 285 141 197 296 148 36 38 189 300 134 213 293 190 268 260 45 246 309 87 124 19 99 165 240 215 301 143 78 58 367 100 138 128 199
 82 66 333 69 205 1 228 257 198 86 76 142 160 185 116 149 162 93 65 154 306 187 231 229 263 8 313 184 188 126 141 112 250 48 249 261 167 183 170 195 206 210 248 150 194 279 144 84 161 126 214 142 140 65 253 178 15 158 171 201 215 81 241 142 155 169 105 125 338 59 197 68 241 61 158 215 94 168 66 148 219 213 124 175 165 97 109 93 117 156 193 33 189 272 152 266 216 139 138 142 251 152 242 286 173 73 162 175 282 99 239 259 202 51 188 107 123 207 203 235 152 216 269 218 100 205 236 98 34 119 162 267 229 190 53 287 64 99 171 248 102 118 194 124 50 226 106 111 164 33 222 97 108 160 152 193 197 142 146 209 170 139 234 222 129 122 243 289 202 103 229 179 259 134 50 93 124 171 200 106 261 302 98 33 208 153 116 155 86 180 59 282 105 123 244 211 64 120 103 88 65 227 207 147 251 139 183 89 228 145 135 115 136 143 29 254 121 89 164 246 46 137 143 134 216 131 135 185 175 194 87 239 51 38 229 212 183 50 221 147 164 260 172 157 138 137 126 129 189 103 179 238 220 167 186 77 23 128 234 70 62 187 72 149 215 112 196 119 75 249 71 137 212 214 250 164 304 212 140 112
 257 225 244 225 186 228 1 409 33 311 159 155 370 375 290 369 101 267 200 184 199 386 201 3 146 221 226 365 394 266 139 322 51 274 375 162 354 359 332 160 237 42 384 170 310 249 207 152 215 335 387 342 350 249 225 138 236 383 88 397 75 276 158 352 360 302 124 190 236 255 370 295 168 262 360 408 289 226 225 81 352 126 122 99 227 181 236 234 309 351 319 258 183 162 85 199 76 366 292 276 391 77 129 151 352 156 236 312 153 242 101 84 365 179 370 179 336 374 166 324 228 233 129 334 278 394 373 318 250 345 70 122 396 378 236 453 207 324 59 221 175 228 66 256 219 121 289 298 364 197 15 146 268 338 193 261 164 366 121 405 373 187 144 140 253 198 146 162 371 145 395 392 419 203 186 318 189 387 102 217 409 247 284 243 405 274 315 334 165 314 171 218 220 158 234 152 291 347 167 314 173 46 361 345 72 363 385 140 113 369 244 118 120 297 255 93 253 155 374 275 271 134 143 360 180 301 297 370 70 307 295 14 188 197 285 133 72 245 85 365 107 419 289 349 108 245 351 103 343 261 301 190 223 70 179 212 217 224 7 293 286 143 297 375 104 239 198 144 250 398 179 228 312 113 238 346 238 309 97 130
 179 208 335 324 250 257 409 1 392 254 313 255 324 95 142 291 309 333 320 228 343 360 256 411 338 262 325 383 128 148 270 163 399 234 52 322 366 388 88 269 197 372 34 242 102 257 400 278 417 310 53 132 151 195 253 280 265 269 395 100 434 178 484 150 134 108 308 380 352 300 66 240 297 296 127 388 166 189 321 350 60 451 292 404 188 350 363 186 332 117 92 235 442 334 367 294 435 217 374 387 25 347 332 361 89 290 418 98 355 350 351 473 56 273 384 233 166 53 268 114 408 209 498 84 335 84 40 191 273 214 366 495 38 377 210 50 320 208 357 252 354 372 410 157 223 324 333 148 123 264 396 275 350 100 407 161 446 272 289 100 343 223 475 463 158 212 318 356 60 343 36 328 19 390 298 260 379 159 431 196 10 289 327 225 378 136 149 105 333 95 279 294 360 253 234 456 243 240 247 223 309 431 52 340 385 198 352 307 332 274 388 337 370 120 239 473 371 330 324 189 255 276 267 213 264 128 368 379 340 106 178 421 301 287 160 452 338 209 348 298 304 17 121 113 303 390 207 319 71 348 109 273 224 377 439 213 279 383 414 264 261 279 222 217 329 175 232 268 188 11 321 392 109 322 236 369 301 114 318 345
 233 201 258 192 183 198 33 392 1 281 127 141 338 353 268 338 90 234 168 173 214 354 202 34 160 191 239 333 370 247 125 296 77 245 361 173 322 327 312 157 231 49 369 158 296 253 176 126 185 303 367 318 325 224 227 133 206 352 58 374 59 251 141 326 335 285 97 158 252 224 350 265 174 230 336 376 265 215 193 51 337 106 101 71 215 148 204 213 276 327 303 229 156 175 53 206 60 337 260 244 376 49 139 169 330 127 205 295 170 210 115 84 346 151 338 160 310 354 164 313 197 229 123 321 246 372 358 291 219 316 38 117 377 346 211 435 175 296 36 223 142 196 42 237 193 128 257 274 340 168 36 122 235 316 163 251 139 335 107 382 341 173 126 121 235 181 155 179 351 113 376 360 402 171 155 287 158 361 79 198 393 255 252 215 372 257 291 312 133 298 143 226 187 141 234 130 261 317 147 285 142 42 343 313 94 335 353 111 122 338 212 86 87 278 226 90 221 123 342 272 241 118 129 331 180 280 265 338 58 293 269 42 157 166 277 112 66 219 94 334 97 401 273 326 90 213 323 77 324 228 286 194 220 38 152 189 186 193 39 262 255 140 269 346 110 220 193 125 226 382 147 197 300 118 238 313 248 297 76 98
 120 128 406 108 277 86 311 254 281 1 155 221 86 164 135 66 246 93 124 226 384 120 302 312 344 93 387 133 149 164 222 92 335 47 263 340 115 137 178 272 267 295 256 226 224 345 184 169 198 60 203 123 107 109 321 258 76 73 247 172 291 101 301 108 125 195 190 174 414 71 189 24 318 64 131 150 103 229 106 231 234 279 208 248 225 156 134 147 80 138 218 62 238 352 232 341 291 67 125 143 256 236 324 368 166 158 189 198 364 120 323 334 201 136 135 183 90 202 280 270 182 278 337 243 89 182 245 64 63 52 244 337 219 131 109 271 118 48 255 316 163 147 272 168 119 308 85 120 137 118 306 182 108 157 197 244 252 57 230 177 102 210 296 284 175 190 323 370 196 176 221 101 250 177 127 9 174 121 271 169 261 372 80 86 141 192 108 153 157 203 144 355 140 202 310 270 25 39 182 32 141 306 212 90 336 77 114 173 311 60 155 196 209 165 64 328 134 163 89 301 41 219 223 64 290 146 118 131 260 226 85 322 126 116 278 276 269 98 305 67 248 252 207 142 223 157 62 214 198 109 209 312 285 247 237 144 96 159 317 22 27 266 38 76 299 164 266 202 118 248 140 166 246 297 315 117 375 247 225 189
 136 106 309 73 191 76 159 313 127 155 1 123 214 252 173 211 116 116 47 149 275 233 217 159 224 69 288 218 260 169 113 184 188 122 296 228 204 213 226 172 212 148 298 138 234 271 105 53 122 179 276 212 213 121 243 149 81 226 96 270 141 145 173 214 226 213 48 81 311 99 259 141 213 105 229 258 159 179 72 79 267 142 81 100 177 51 100 130 156 224 236 108 132 236 78 244 141 213 152 143 303 85 202 244 236 30 133 222 242 99 191 184 260 41 222 106 196 267 182 267 122 218 195 259 127 272 286 173 93 193 90 193 289 229 106 349 55 174 105 237 51 99 120 162 91 185 137 174 234 52 155 66 122 222 104 212 134 208 109 279 219 137 164 152 164 129 208 250 262 31 289 235 318 95 29 161 80 246 127 129 316 287 131 100 253 190 184 217 26 226 36 263 86 106 239 144 136 192 93 162 16 153 262 192 194 214 231 28 185 211 120 42 62 194 104 179 118 18 218 256 116 106 117 208 198 188 154 221 117 232 158 169 30 40 248 142 128 110 170 208 121 319 210 224 91 121 201 70 243 115 219 219 217 93 129 104 60 103 164 136 129 159 146 223 171 145 189 93 127 304 27 112 246 173 245 197 286 245 85 38
 124 98 193 186 69 142 155 255 141 221 123 1 301 231 148 286 55 225 163 33 165 328 96 157 125 138 173 323 257 117 18 193 148 175 221 120 307 321 182 54 97 118 230 19 156 149 226 72 242 267 237 205 219 123 121 39 156 289 161 254 192 147 259 220 224 149 85 202 198 196 221 199 99 199 222 356 158 74 184 109 198 223 52 174 75 173 220 94 257 210 165 159 241 132 131 126 193 255 266 262 237 103 107 149 205 95 255 160 145 217 112 225 214 103 327 40 210 223 63 173 244 99 258 181 234 248 219 200 174 235 124 253 244 330 117 300 169 213 107 115 172 221 167 106 103 91 242 160 226 114 142 58 235 192 222 111 235 275 36 262 311 33 247 237 102 47 103 151 221 142 243 319 266 217 134 229 201 257 198 71 255 166 235 136 349 121 181 188 147 161 99 144 207 20 118 237 196 247 40 209 132 182 208 288 138 246 324 99 96 279 241 117 152 148 158 228 237 137 304 141 184 25 13 248 77 157 266 324 87 153 170 167 138 134 140 226 84 128 101 286 50 266 135 208 56 243 238 81 191 229 147 99 96 136 237 81 147 226 160 209 200 47 193 263 87 92 67 32 119 245 148 234 160 83 123 302 166 156 72 134
 205 212 489 148 360 160 370 324 338 86 214 301 1 230 218 35 320 109 172 309 465 37 386 371 422 165 470 66 204 249 300 169 401 131 341 420 54 75 256 353 352 360 331 307 307 430 201 242 209 36 272 195 174 195 406 337 147 63 295 231 335 186 324 175 191 278 257 202 496 116 260 109 399 110 198 66 187 314 147 292 313 311 281 291 310 196 151 232 67 209 299 145 257 431 287 423 335 109 109 134 330 298 401 445 240 226 192 280 441 139 397 377 275 207 66 264 161 274 361 353 190 363 369 324 98 245 321 141 129 111 302 371 288 56 193 332 164 122 318 401 203 164 321 253 201 385 87 202 202 191 368 256 115 233 217 329 276 54 305 235 20 293 324 313 261 274 402 448 267 227 290 23 317 197 188 78 201 172 311 253 331 456 90 169 57 277 187 230 207 285 213 438 164 282 394 296 110 85 262 112 200 356 288 36 406 128 29 237 387 52 161 254 257 248 145 368 140 217 5 386 118 296 302 112 373 228 100 60 328 309 168 380 185 180 363 307 338 182 378 27 322 319 291 214 295 161 118 280 276 121 292 395 370 302 257 227 161 174 376 93 102 346 123 112 374 250 350 278 204 320 192 177 329 373 400 63 459 331 294 242
 121 153 362 247 252 185 375 95 353 164 252 231 230 1 86 197 280 249 248 213 358 267 266 377 339 191 348 290 41 115 243 77 377 152 121 326 274 296 60 262 210 343 107 223 120 286 326 229 342 218 42 44 58 133 273 264 189 176 343 24 386 108 423 57 41 100 260 308 376 218 34 153 301 213 34 294 94 186 243 305 100 393 254 350 182 281 283 142 243 30 107 157 373 340 318 308 386 123 287 302 104 305 327 364 30 235 339 93 358 270 340 427 52 214 291 198 75 48 265 158 330 224 445 122 249 22 100 102 193 121 321 443 58 284 147 108 246 117 319 270 286 294 362 126 164 315 246 80 29 201 365 231 266 40 335 173 380 178 260 32 249 202 415 403 132 185 317 361 42 281 60 234 88 316 232 169 308 68 377 161 103 318 240 154 284 123 70 44 268 96 221 314 283 222 255 393 156 147 209 133 244 389 68 248 368 104 258 253 322 180 307 284 312 86 161 425 289 268 231 222 172 246 241 120 267 75 280 286 308 123 99 387 234 220 192 393 310 143 331 204 278 90 121 29 268 309 113 276 67 264 112 282 237 330 370 165 207 306 381 177 174 267 136 123 315 140 234 233 129 92 254 314 140 309 259 277 328 144 279 288
 39 70 300 184 179 116 290 142 268 135 173 148 218 86 1 191 196 199 179 134 289 254 198 291 262 121 283 266 110 39 159 59 293 101 136 252 249 269 55 185 149 258 133 142 90 229 259 145 276 194 104 59 77 54 210 183 125 181 261 108 303 39 346 78 78 61 176 239 312 164 87 115 227 161 76 283 33 116 181 221 106 314 169 269 112 209 223 57 207 64 84 98 300 265 234 240 303 133 242 252 136 220 249 288 65 153 277 65 282 212 258 343 88 134 269 113 74 94 189 135 267 162 364 110 202 105 121 80 135 117 237 361 117 265 69 176 179 100 234 206 213 233 278 48 83 235 203 19 79 124 279 146 215 50 265 118 305 174 175 117 235 121 336 325 56 102 240 286 90 203 117 229 146 249 157 143 238 114 295 78 146 259 196 84 274 62 40 46 193 70 140 249 220 137 195 317 116 140 124 107 168 305 92 224 285 117 246 170 241 177 249 202 232 32 101 342 233 190 220 174 122 161 157 126 194 16 237 264 223 91 51 302 160 146 148 314 225 68 248 195 193 147 74 61 183 251 116 192 74 212 75 212 173 246 298 80 138 243 296 138 132 187 98 138 233 58 162 148 47 134 180 252 111 228 199 249 266 113 194 207
 182 192 471 151 342 149 369 291 338 66 211 286 35 197 191 1 310 119 173 290 449 71 367 370 408 154 452 100 169 224 286 138 396 112 309 405 86 108 226 337 329 355 299 291 278 408 215 232 225 44 238 163 141 173 385 323 137 30 298 197 340 160 338 142 157 250 250 212 479 116 227 88 383 109 164 98 160 292 150 289 282 321 271 296 288 201 164 210 83 177 270 127 271 416 287 405 340 75 131 154 297 294 389 432 207 218 211 250 428 150 387 383 242 198 99 248 129 241 344 324 207 341 380 294 110 211 289 112 121 79 300 380 254 90 173 297 166 92 314 380 208 177 324 229 184 372 100 174 169 180 365 245 129 201 231 304 289 20 294 200 54 275 336 324 236 255 388 435 234 228 256 40 283 210 184 58 212 138 318 233 298 435 100 151 88 250 157 198 208 255 205 419 175 267 373 308 90 53 247 85 197 359 255 63 399 94 62 232 375 18 178 252 260 220 128 375 156 217 35 361 104 284 288 78 355 199 122 94 321 280 141 379 182 174 337 317 331 162 368 10 311 285 264 181 286 179 85 274 244 133 264 377 349 302 271 209 154 188 375 79 88 331 99 78 363 227 330 266 181 287 192 192 300 361 378 93 440 303 287 242
 167 137 198 188 98 162 101 309 90 246 116 55 320 280 196 310 1 230 162 84 161 343 120 103 109 156 177 331 304 169 39 235 98 203 274 114 317 328 234 72 142 65 284 70 210 174 208 79 222 284 289 251 263 162 146 47 174 318 121 303 144 188 218 264 270 203 70 185 197 207 273 226 103 212 269 369 201 126 186 69 252 181 39 134 127 161 215 140 267 258 218 187 211 121 92 136 145 290 267 258 291 61 87 129 256 96 239 213 127 215 78 174 267 114 336 83 251 275 81 225 228 141 210 234 241 298 273 238 192 269 80 205 297 341 152 353 169 247 58 141 158 212 121 158 136 70 250 206 273 130 89 66 237 242 201 162 201 302 22 311 327 87 205 196 154 99 93 135 273 124 296 340 320 200 137 254 184 301 155 120 308 183 243 166 363 174 226 238 136 215 107 155 200 60 150 199 223 277 74 241 129 131 261 302 93 284 340 89 70 306 232 93 122 200 185 178 233 124 323 184 207 35 43 284 98 206 269 334 34 207 210 114 140 142 188 185 31 163 60 308 8 319 189 256 26 234 274 51 244 230 201 116 133 92 207 121 160 214 107 231 223 55 224 299 56 142 105 50 160 298 143 221 212 58 154 311 179 209 36 112
 169 158 416 44 291 93 267 333 234 93 116 225 109 249 199 119 230 1 70 242 385 121 318 267 337 93 396 103 239 216 219 173 302 100 334 339 89 99 250 277 298 261 330 236 283 368 97 156 109 77 285 206 194 153 341 257 80 143 188 260 228 161 220 196 212 256 162 94 420 36 269 97 321 38 217 143 170 260 45 191 303 204 193 184 257 88 46 185 44 221 280 102 153 348 183 350 228 157 46 55 331 198 315 358 245 135 98 261 356 32 306 269 278 123 107 195 176 282 286 325 92 306 262 306 13 268 318 148 65 144 199 263 301 114 144 356 63 136 218 336 95 59 214 215 142 298 24 188 223 113 266 171 18 234 113 285 171 125 220 266 109 227 218 207 221 212 319 363 275 122 302 131 332 92 94 92 94 213 203 198 339 389 20 120 139 243 185 229 103 266 127 367 57 206 334 190 94 127 187 120 102 250 287 80 309 168 120 142 299 127 64 152 150 228 99 260 43 114 113 338 79 214 222 155 301 212 44 106 232 283 156 275 91 91 321 200 243 138 285 112 234 333 262 224 204 65 154 185 270 17 267 323 310 197 153 169 80 71 272 75 76 267 114 165 285 204 284 197 164 326 91 76 302 286 339 82 390 302 200 138
 143 120 353 27 231 65 200 320 168 124 47 163 172 248 179 173 162 70 1 185 320 188 258 200 270 59 332 172 249 184 155 174 233 102 310 273 158 167 233 215 246 192 310 177 252 310 81 92 99 137 278 205 201 126 282 193 60 191 126 264 169 144 181 203 217 228 94 62 355 58 260 115 257 65 220 212 157 210 26 122 280 157 126 125 208 35 58 147 111 219 252 93 126 282 116 287 169 187 106 100 313 129 248 290 237 70 103 235 288 55 237 212 265 65 176 139 183 271 224 289 92 253 214 277 82 268 297 157 64 169 131 214 292 183 112 351 9 153 149 277 41 61 152 180 103 231 92 174 226 62 198 107 76 223 88 240 135 173 153 271 175 172 176 163 184 160 253 296 265 56 293 194 323 71 31 128 61 229 149 153 324 329 86 96 208 209 179 218 36 239 66 305 47 145 277 151 110 162 129 138 34 187 270 147 240 192 187 74 231 176 81 84 88 204 89 205 75 46 176 289 89 149 159 183 239 193 108 175 163 251 150 209 27 36 277 154 174 111 216 168 167 323 228 221 137 83 178 116 251 69 236 261 254 131 123 124 42 69 205 103 98 202 125 197 217 165 227 134 135 311 22 78 267 219 283 151 328 267 131 71
 117 99 182 206 53 154 184 228 173 226 149 33 309 213 134 290 84 242 185 1 161 339 78 186 130 151 162 337 242 99 50 185 172 180 192 121 320 336 160 52 66 146 202 16 128 127 253 97 269 276 214 192 209 121 100 53 168 291 193 236 224 141 291 209 211 124 115 228 189 211 199 203 96 213 209 367 150 43 203 141 170 255 83 206 43 198 242 86 270 195 137 165 271 133 163 116 225 252 285 283 209 136 116 155 186 120 280 134 150 237 128 256 190 122 340 48 201 199 57 142 269 70 290 151 251 228 191 196 186 233 156 285 220 342 118 274 190 211 139 95 198 244 200 88 108 103 257 148 211 130 171 84 254 174 250 79 266 278 67 244 321 17 279 269 82 37 108 154 198 170 219 326 240 243 155 234 227 246 230 62 227 149 250 141 360 96 170 170 173 135 120 130 230 44 93 269 201 248 57 210 155 214 183 300 159 241 333 126 110 282 264 147 182 128 165 260 259 164 312 110 192 57 45 245 66 140 284 338 117 124 164 196 159 153 108 258 113 129 122 292 79 239 108 192 88 266 235 113 166 247 120 87 70 168 267 83 163 250 189 217 208 55 194 260 105 77 44 61 114 218 171 259 129 98 99 316 152 125 104 163
 277 258 46 345 111 306 199 343 214 384 275 165 465 358 289 449 161 385 320 161 1 492 93 201 56 302 32 485 393 251 168 343 152 338 295 48 470 483 301 113 150 166 311 159 248 93 367 230 380 431 348 346 365 281 91 130 320 451 266 381 271 301 353 366 365 260 229 344 39 359 337 362 67 362 361 520 309 175 343 222 286 319 195 280 179 320 374 246 420 346 261 323 363 41 243 51 272 412 425 417 320 213 78 51 330 251 397 268 47 373 100 280 323 264 490 202 360 332 106 231 387 137 327 261 396 370 304 356 338 393 226 320 349 493 277 392 326 371 200 92 317 372 255 241 266 93 404 305 363 278 186 215 394 320 358 188 349 438 167 389 475 176 339 334 234 197 68 40 334 283 347 483 359 359 292 392 343 402 292 221 339 69 397 299 513 237 327 318 296 267 259 51 359 184 110 342 360 408 204 370 286 244 311 452 129 401 488 248 96 441 392 252 278 275 322 291 392 284 468 157 348 173 165 405 97 292 426 488 173 244 324 205 296 295 184 325 160 289 122 449 155 358 239 342 185 393 395 210 300 387 250 78 123 237 359 242 310 374 200 373 365 121 354 419 110 234 128 190 274 334 301 381 235 105 108 465 55 230 195 270
 239 243 519 163 390 187 386 360 354 120 233 328 37 267 254 71 343 121 188 339 492 1 416 386 447 191 499 41 239 284 326 205 420 163 377 446 39 51 293 381 385 380 368 336 343 461 203 266 208 64 308 231 211 227 436 364 173 96 306 267 345 220 325 211 227 314 278 208 525 137 296 142 427 132 234 31 222 346 163 309 349 316 305 302 343 208 157 265 79 246 335 175 257 457 302 452 345 145 106 130 366 316 426 470 276 248 189 315 467 148 420 385 311 231 38 293 198 311 389 388 189 395 373 360 109 281 358 178 155 148 318 375 324 24 224 367 181 158 336 431 214 168 333 287 231 409 98 238 239 216 385 280 122 269 220 363 277 90 330 270 20 323 326 316 295 304 428 474 304 242 326 39 353 201 208 112 208 207 319 285 368 486 103 199 22 311 223 266 222 320 237 468 172 309 426 298 143 122 289 148 219 368 324 43 426 164 10 258 411 88 161 271 270 284 175 375 143 233 37 419 148 322 328 148 402 263 98 33 349 344 204 395 205 202 397 311 360 214 400 63 346 355 326 250 318 161 155 301 312 128 327 424 402 317 258 258 185 177 392 124 132 373 157 147 398 283 380 304 237 356 209 178 364 398 431 49 489 366 315 257
 189 175 106 280 28 231 201 256 202 302 217 96 386 266 198 367 120 318 258 78 93 416 1 204 86 228 87 414 301 160 106 253 170 257 209 68 397 412 208 49 59 161 224 83 158 55 319 167 335 353 257 254 274 195 27 75 245 365 240 289 260 213 337 274 273 168 176 295 115 287 245 280 44 290 269 444 219 83 278 188 198 300 141 253 87 267 314 159 347 254 170 242 329 80 211 43 261 324 360 357 233 180 86 107 237 190 348 176 101 311 111 283 232 196 417 125 269 241 40 147 337 47 324 173 327 278 217 268 264 305 199 318 259 419 194 304 264 284 175 22 266 315 238 150 186 85 334 214 271 206 187 152 329 228 314 97 320 354 115 296 398 94 323 315 143 113 68 101 242 234 257 402 271 310 228 311 294 310 273 135 252 73 326 218 437 145 237 226 241 175 193 54 302 114 34 318 278 322 132 285 226 241 220 377 150 311 411 192 94 357 336 206 239 183 242 290 332 230 389 81 269 113 101 317 23 200 360 415 148 154 236 212 232 228 100 304 137 205 120 368 113 270 147 250 138 338 306 166 208 322 158 19 33 211 325 159 239 320 205 294 285 66 270 331 99 145 38 126 188 246 242 328 147 90 37 393 75 142 152 224
 259 226 246 225 188 229 3 411 34 312 159 157 371 377 291 370 103 267 200 186 201 386 204 1 148 222 228 365 396 268 141 323 53 275 377 164 354 359 334 162 240 44 386 172 312 251 207 153 214 336 389 344 352 250 227 141 237 384 88 398 74 277 156 353 361 304 126 190 238 256 372 296 170 262 362 408 291 228 225 82 354 125 123 99 229 181 236 236 309 352 321 259 182 164 85 201 75 367 292 276 393 78 131 153 354 157 235 314 155 242 104 82 367 180 370 181 338 375 168 326 228 235 127 336 279 395 375 320 251 346 70 120 398 379 238 455 208 325 60 223 175 228 66 258 220 123 289 299 366 198 18 147 268 340 193 263 163 366 123 407 374 189 142 139 255 200 148 164 373 146 397 393 421 202 187 319 189 388 100 219 411 249 284 244 405 276 317 335 165 316 172 220 220 159 236 151 292 348 169 315 174 45 363 345 74 364 386 141 115 370 244 119 120 299 256 91 253 155 375 278 272 136 145 361 183 303 297 370 71 309 296 12 189 197 287 132 75 246 87 366 109 421 291 351 110 245 352 104 345 261 303 192 225 71 178 213 218 224 6 294 287 146 299 376 106 241 200 145 251 400 180 228 314 116 240 346 240 311 99 130
 245 222 99 295 90 263 146 338 160 344 224 125 422 339 262 408 109 337 270 130 56 447 86 148 1 258 81 438 370 227 123 313 102 298 293 21 423 435 283 79 142 112 307 124 238 115 313 183 326 387 335 321 337 245 98 86 276 413 210 362 217 268 299 338 340 244 178 290 94 312 322 322 43 316 337 474 278 155 294 167 280 264 145 224 158 268 322 213 373 323 250 282 308 17 188 60 218 378 375 366 316 158 23 26 311 203 344 254 21 323 46 228 310 217 442 163 330 319 75 232 334 131 274 256 348 353 299 323 294 358 172 268 338 447 240 387 277 336 145 97 265 320 200 216 226 40 357 277 339 232 133 168 345 300 304 178 294 399 119 370 431 143 285 279 210 164 23 28 320 231 337 441 353 306 244 352 290 375 238 189 335 105 350 259 468 218 299 297 244 253 212 77 307 142 114 287 319 370 162 333 237 191 300 406 79 368 444 197 42 402 339 198 223 254 281 239 341 232 425 164 306 127 121 371 76 268 377 441 119 234 292 153 247 248 185 270 105 251 67 408 104 352 225 320 134 341 361 158 286 338 236 68 117 182 304 205 264 321 148 331 323 79 316 386 56 206 108 144 240 328 250 328 230 52 116 417 94 226 142 217
 85 67 329 66 202 8 221 262 191 93 69 138 165 191 121 154 156 93 59 151 302 191 228 222 258 1 309 186 195 129 136 119 244 55 253 256 170 185 175 191 205 203 252 147 197 277 139 79 156 130 220 149 147 69 251 174 19 165 164 208 208 86 234 149 162 172 99 120 335 61 202 75 237 63 165 219 99 167 63 141 223 206 118 167 165 91 106 94 120 162 196 41 183 267 145 263 209 147 138 141 255 145 237 281 179 66 158 178 278 97 234 251 207 44 190 105 130 212 200 237 148 214 262 221 101 211 240 106 37 126 155 260 234 193 56 292 59 107 164 245 96 114 187 126 51 221 107 116 170 27 215 92 107 165 146 193 191 148 141 215 174 136 227 215 131 120 238 284 207 95 235 184 264 129 43 100 119 179 193 106 266 300 100 38 212 155 122 160 80 183 52 279 101 119 242 204 71 127 99 95 57 220 212 151 245 147 187 82 223 151 132 108 128 147 37 247 119 82 168 246 52 132 138 141 213 135 136 188 168 197 94 232 45 31 230 205 177 54 215 153 158 265 174 163 132 134 133 122 194 102 181 235 218 159 180 76 19 124 227 76 68 183 79 156 210 113 194 114 78 253 64 133 214 209 248 166 301 214 134 105
 276 260 22 356 111 313 226 325 239 387 288 173 470 348 283 452 177 396 332 162 32 499 87 228 81 309 1 494 384 245 178 340 181 341 276 67 478 492 290 120 139 191 292 164 234 70 384 241 398 437 335 339 359 281 76 141 327 451 288 370 296 299 378 360 358 249 243 361 29 368 325 365 76 371 354 527 306 169 354 242 270 343 208 302 172 336 387 245 428 338 247 327 385 65 264 48 297 410 437 431 301 233 101 81 319 263 415 256 77 386 126 308 310 274 498 207 356 319 111 212 404 125 354 244 406 359 287 355 345 392 248 347 334 501 280 373 339 371 221 79 333 387 279 236 270 114 414 300 355 286 213 226 406 311 377 176 372 440 181 377 481 178 364 358 229 198 87 70 321 300 332 487 342 376 304 396 360 395 317 221 320 41 406 303 520 228 323 309 311 254 270 35 373 192 94 366 363 408 211 371 299 271 297 459 158 398 494 262 118 443 407 269 297 267 326 318 405 299 473 137 353 184 175 404 98 285 437 496 194 230 322 233 308 305 166 349 181 291 146 453 171 340 228 334 200 408 393 227 287 399 238 76 113 259 380 244 319 389 227 378 369 131 355 417 132 232 124 200 274 316 314 397 219 125 92 474 27 214 212 288
 246 245 514 146 387 184 365 383 333 133 218 323 66 290 266 100 331 103 172 337 485 41 414 365 438 186 494 1 267 293 319 223 402 169 395 439 19 11 310 376 387 362 387 333 355 462 172 256 175 74 331 252 233 233 436 357 169 128 282 293 318 230 292 234 250 327 264 181 519 128 318 152 421 125 257 47 235 349 146 291 366 286 294 276 346 185 131 269 67 267 349 179 224 449 281 448 318 172 76 97 387 299 416 459 296 236 155 329 457 124 408 357 331 222 6 290 218 332 385 400 156 398 342 375 91 306 377 195 151 170 298 344 347 19 227 394 164 176 319 431 191 141 308 295 231 399 82 252 262 209 365 271 98 288 189 369 245 118 320 297 49 321 294 285 302 304 420 464 325 222 349 77 377 172 195 126 181 235 291 287 390 485 89 202 48 321 240 284 203 335 227 465 147 304 427 266 151 145 284 163 204 344 343 44 410 190 48 244 400 117 130 253 247 297 178 346 115 215 68 425 151 314 321 174 398 277 69 9 333 356 217 373 192 191 405 280 345 218 387 91 335 379 337 271 306 130 179 287 330 106 340 420 402 296 225 258 177 148 370 130 137 366 169 176 386 288 379 297 243 378 192 147 376 387 432 22 487 378 301 238
 138 170 399 243 284 188 394 128 370 149 260 257 204 41 110 169 304 239 249 242 393 239 301 396 370 195 384 267 1 145 267 77 401 148 160 359 251 273 98 293 246 365 146 251 159 324 323 245 338 197 78 53 49 147 309 292 189 145 354 30 398 120 428 47 36 138 275 308 413 211 74 143 333 205 36 265 106 219 240 320 140 400 274 359 216 282 277 164 226 48 146 157 373 372 331 343 398 96 273 291 141 321 357 395 68 247 333 132 390 263 367 440 92 225 267 221 67 87 296 198 325 260 455 162 236 46 139 94 189 100 336 453 92 258 160 129 246 103 337 306 288 289 375 155 178 344 232 98 32 209 385 249 255 74 333 210 383 151 283 32 223 230 421 409 162 211 348 394 81 289 95 204 118 314 237 151 307 33 386 187 137 356 227 161 255 157 80 76 273 135 232 350 279 245 292 398 147 124 230 120 251 404 109 225 394 78 230 265 350 152 300 295 321 119 161 437 280 275 203 260 166 269 266 94 299 103 265 261 329 162 104 406 238 224 231 399 332 153 357 178 301 120 158 52 288 301 90 294 107 255 150 316 273 344 371 184 209 301 400 165 164 296 128 93 342 167 267 255 146 127 258 308 179 337 295 256 364 184 298 297
 48 65 262 194 141 126 266 148 247 164 169 117 249 115 39 224 169 216 184 99 251 284 160 268 227 129 245 293 145 1 130 96 264 125 128 216 275 294 66 149 111 232 131 109 69 191 264 131 281 222 122 96 115 63 172 150 138 216 248 138 287 65 338 116 115 45 161 242 274 181 105 143 190 179 111 313 65 78 191 203 99 304 147 257 74 210 234 40 230 97 69 117 300 229 219 202 288 170 260 267 136 201 214 252 89 144 285 54 246 224 226 326 100 129 295 88 112 108 153 111 275 124 351 94 221 131 119 116 152 153 219 348 131 293 74 189 185 134 212 168 214 242 263 12 82 201 224 56 114 124 255 128 231 76 268 82 302 208 148 146 265 88 328 316 18 71 205 250 106 198 130 262 156 253 158 172 241 152 284 50 150 221 216 97 304 29 78 72 191 58 134 211 228 110 157 311 143 174 101 139 166 286 98 251 254 155 277 160 208 211 260 190 224 32 119 327 246 186 251 139 144 134 128 163 157 42 256 291 198 69 84 279 161 149 115 305 199 79 217 227 165 156 47 94 159 262 152 173 79 227 54 174 135 230 296 66 146 251 272 164 157 153 128 175 201 28 125 124 53 138 180 260 87 195 161 275 228 88 172 199
 132 104 199 179 80 141 139 270 125 222 113 18 300 243 159 286 39 219 155 50 168 326 106 141 123 136 178 319 267 130 1 201 135 177 237 122 303 316 195 60 113 103 246 35 172 160 214 64 230 265 251 215 228 129 131 39 154 292 145 265 175 154 243 229 234 164 72 190 202 192 235 201 103 196 233 353 166 91 177 93 214 207 37 158 91 162 211 104 253 221 180 161 227 132 115 133 176 260 260 254 253 87 103 147 218 87 243 174 143 209 105 208 228 97 323 47 217 237 70 190 233 114 242 197 229 260 235 206 172 239 107 236 259 326 121 315 162 218 91 126 161 211 151 119 106 87 237 170 236 111 127 49 229 204 210 128 220 277 19 274 309 49 231 221 116 61 103 150 235 129 258 319 281 205 127 230 189 266 181 82 270 175 230 138 347 136 190 200 137 176 93 151 198 23 130 221 198 250 42 213 123 166 223 285 127 252 322 87 90 281 232 103 137 161 159 212 229 126 303 157 184 9 6 254 86 168 260 321 71 169 177 152 131 129 157 210 69 132 91 286 36 281 151 219 39 233 243 65 205 222 163 107 110 119 223 87 143 215 145 209 200 49 196 268 80 104 81 23 126 260 138 223 176 77 136 298 174 173 55 121
 70 99 357 171 233 112 322 163 296 92 184 193 169 77 59 138 235 173 174 185 343 205 253 323 313 119 340 223 77 96 201 1 332 76 173 304 206 227 89 236 206 295 165 191 142 286 250 171 267 150 114 34 30 75 267 231 115 125 278 90 322 48 352 31 44 114 200 234 368 142 98 78 280 137 47 234 37 172 168 246 145 324 203 283 168 207 207 101 170 49 133 82 299 317 255 295 323 75 212 227 165 247 298 338 75 172 263 113 333 194 304 365 110 149 225 155 17 112 241 187 254 219 379 157 173 97 155 29 117 62 262 377 129 219 86 184 172 48 264 263 213 218 299 104 104 283 172 41 53 133 313 177 190 66 260 175 308 120 215 98 187 171 345 333 112 150 291 338 105 213 131 177 161 241 161 98 233 67 310 125 170 316 165 85 224 119 20 63 198 118 157 306 208 179 252 322 81 86 162 61 175 329 121 180 327 60 197 190 288 124 231 220 245 84 87 361 213 199 170 232 96 202 200 69 247 63 206 220 259 144 28 334 163 149 205 323 263 78 291 144 234 162 130 52 218 233 58 220 108 188 128 267 230 269 297 115 134 230 328 102 99 236 60 81 279 110 217 186 76 157 182 238 164 275 256 208 323 167 226 221
 264 234 198 259 160 250 51 399 77 335 188 148 401 377 293 396 98 302 233 172 152 420 170 53 102 244 181 402 401 264 135 332 1 294 361 121 390 397 329 136 215 42 372 159 298 213 251 168 261 366 384 349 360 259 191 121 260 407 135 400 126 285 208 361 367 295 147 232 188 286 368 317 131 292 366 444 298 211 258 112 341 177 131 147 213 219 275 238 342 355 308 278 232 118 124 159 127 384 331 317 380 105 89 103 352 179 281 305 106 280 61 129 361 200 407 181 348 369 140 305 273 208 176 321 313 395 362 333 276 363 106 169 391 414 248 446 240 342 85 187 213 269 115 253 231 86 323 303 370 218 43 158 305 339 239 244 214 391 119 408 406 179 194 191 249 194 107 114 368 181 390 422 412 246 214 342 232 398 152 217 398 206 318 259 439 267 323 335 200 307 193 177 259 157 203 202 313 369 172 334 203 96 354 379 24 379 418 165 78 394 286 150 161 295 275 140 293 188 405 248 295 133 138 378 151 303 335 406 77 295 306 54 217 223 262 183 70 258 53 393 101 411 279 353 116 287 368 123 337 297 292 156 196 111 228 218 243 266 50 318 310 122 316 393 74 238 175 147 258 389 212 271 297 83 206 382 196 293 111 166
 78 82 361 96 232 48 274 234 245 47 122 175 131 152 101 112 203 100 102 180 338 163 257 275 298 55 341 169 148 125 177 76 294 1 235 294 151 171 151 226 223 254 231 180 189 300 176 127 192 100 187 108 101 66 276 213 44 116 217 165 262 64 283 102 117 161 151 161 368 67 170 25 272 63 122 192 71 184 93 195 205 257 166 220 181 136 132 103 107 124 184 17 226 306 199 295 262 93 143 154 232 198 279 323 146 119 188 165 319 119 279 305 179 96 172 137 82 182 234 233 179 234 313 210 103 172 219 56 42 72 209 312 202 170 63 258 99 53 217 271 142 143 241 127 73 263 103 89 127 78 268 139 117 134 186 202 237 101 186 172 144 164 276 264 134 145 278 325 176 148 203 147 233 167 96 55 160 128 245 123 239 326 96 40 184 153 86 130 130 170 104 309 133 157 265 252 22 75 137 41 110 274 187 128 294 93 157 135 266 105 157 162 181 132 20 300 138 134 133 258 22 175 178 87 245 114 137 168 219 190 57 285 96 83 237 255 227 53 262 113 204 234 170 126 181 158 80 174 171 115 173 266 241 213 224 98 65 155 280 40 33 221 25 102 254 121 220 157 75 227 114 163 209 253 270 151 330 210 184 158
 169 192 285 318 207 249 375 52 361 263 296 221 341 121 136 309 274 334 310 192 295 377 209 377 293 253 276 395 160 128 237 173 361 235 1 276 378 399 86 228 152 336 19 206 66 207 390 255 407 322 84 147 170 185 205 241 259 291 371 134 407 174 464 169 156 84 284 369 302 299 88 246 252 296 148 406 165 151 314 322 31 429 263 381 149 337 358 167 339 134 61 232 427 288 341 246 408 238 377 387 28 319 289 316 103 270 410 76 309 347 310 443 70 257 397 205 181 74 226 65 400 163 473 41 337 117 22 201 270 231 338 468 74 392 199 99 311 220 326 204 341 366 383 135 209 282 337 147 145 251 362 250 350 109 395 118 429 290 256 137 359 189 453 442 133 182 274 310 80 325 72 347 70 380 285 270 368 187 407 171 46 239 330 218 396 108 156 112 318 72 261 245 353 222 186 437 248 257 219 233 294 401 55 352 345 219 369 285 290 293 383 315 349 107 236 445 368 313 342 139 256 244 233 233 220 122 371 392 307 69 181 387 288 275 112 431 303 201 309 315 269 67 90 129 273 385 225 292 66 347 78 227 177 349 423 193 271 376 380 270 265 240 228 240 289 152 189 238 176 44 307 385 65 281 187 380 251 69 288 325
 237 216 87 297 76 261 162 322 173 340 228 120 420 326 252 405 114 339 273 121 48 446 68 164 21 256 67 439 359 216 122 304 121 294 276 1 423 436 270 70 125 126 291 116 223 95 320 183 334 385 321 310 328 239 79 83 274 408 222 349 231 260 313 328 329 230 182 297 85 312 308 318 27 316 326 474 269 142 296 176 264 278 148 236 145 273 326 205 373 312 235 279 319 14 198 41 232 371 378 370 299 167 35 41 298 204 351 239 34 326 62 245 296 217 443 158 321 305 64 214 340 114 290 239 349 340 283 315 293 351 182 284 323 447 234 370 279 330 155 77 270 325 213 205 222 48 357 267 328 231 149 169 347 288 312 162 306 394 120 357 430 135 299 292 198 156 21 36 305 237 322 438 337 312 245 348 296 365 251 181 319 86 350 255 467 205 290 285 249 239 212 58 312 139 95 300 316 365 159 327 239 207 285 406 98 361 442 201 52 398 344 205 232 242 278 255 345 237 423 145 303 126 119 364 61 257 379 441 128 219 284 170 249 248 167 283 115 246 80 405 108 336 210 308 138 346 354 163 272 340 222 50 100 193 315 199 264 327 164 328 320 75 311 379 66 196 94 143 233 312 254 334 214 59 96 418 77 209 148 224
