NAME : domp220p73v4
COMMENT : (Deleplanque et al.) 
TYPE : DOMP
DIMENSION : 220
DISPLAY_DATA_TYPE: NO_DISPLAY
OPEN_FACILITIES : 73
COST_SECTION
 1 307 405 359 264 346 347 79 262 186 267 192 360 341 313 330 274 61 311 391 18 292 195 187 176 260 186 138 67 348 385 91 166 58 200 133 38 265 40 300 248 26 324 211 229 93 66 71 134 128 263 138 208 277 13 287 343 337 114 322 357 114 94 60 347 48 79 282 291 94 374 271 219 280 63 79 174 187 369 198 244 257 101 130 197 125 402 126 218 268 241 294 178 59 75 208 126 199 355 314 403 172 353 130 107 178 386 372 86 170 272 162 201 295 182 57 199 105 316 366 299 198 366 140 147 60 152 105 289 270 304 204 173 372 240 245 56 163 164 183 80 339 122 344 203 110 247 263 328 198 298 183 137 92 98 68 151 365 222 158 270 167 156 189 75 362 174 387 154 333 340 372 29 205 308 297 54 330 249 61 214 351 127 115 335 227 402 174 170 371 277 297 133 293 111 317 149 265 169 183 17 169 319 220 176 116 86 262 74 80 173 211 286 185 125 321 324 302 182 357
 307 1 259 254 154 271 241 231 264 184 45 146 166 267 154 80 277 298 58 119 311 40 193 380 334 47 166 305 243 126 196 232 145 260 167 358 300 107 308 98 239 308 264 176 280 218 265 284 264 234 69 196 190 199 300 96 37 92 243 103 51 266 350 288 167 318 299 41 17 225 107 241 424 42 346 246 400 133 198 166 179 51 241 184 415 302 245 310 267 109 69 102 179 342 241 100 230 186 80 247 276 279 255 263 242 356 271 88 246 385 36 149 384 225 339 251 208 227 92 64 200 310 64 258 209 333 328 206 95 273 217 190 190 96 146 153 337 233 339 125 274 35 199 122 247 199 162 76 210 134 82 406 306 309 338 276 205 242 183 298 274 154 215 196 323 256 257 130 204 228 71 119 329 187 14 36 255 138 80 305 118 231 261 257 32 338 137 195 308 106 233 42 303 61 256 266 296 66 196 366 297 162 177 216 394 209 242 167 322 244 163 304 53 321 240 104 89 116 137 136
 405 259 1 56 153 83 62 338 168 394 247 354 94 87 116 337 165 435 202 358 419 295 408 345 521 266 373 307 347 383 69 381 278 349 212 363 423 354 431 354 167 390 102 197 210 326 341 429 445 279 312 273 412 129 394 175 258 348 413 157 264 301 384 354 93 442 446 232 258 317 353 145 377 232 405 390 383 252 62 382 416 261 403 294 383 473 17 479 211 358 252 357 383 403 334 277 407 208 196 103 25 477 63 286 300 537 38 327 320 365 267 320 339 114 303 359 208 302 169 288 107 262 288 275 259 391 317 318 174 166 104 410 235 339 179 391 399 431 318 295 424 273 292 140 215 339 165 320 79 342 182 383 482 345 367 419 256 43 411 485 166 263 251 217 370 53 458 376 252 74 195 369 412 408 246 227 359 123 315 364 335 56 438 428 246 264 376 233 283 353 136 298 478 316 425 112 480 219 238 331 390 252 97 441 373 295 391 149 369 328 245 245 306 283 283 156 171 150 331 127
 359 254 56 1 122 31 15 295 113 366 233 328 105 33 101 333 110 392 198 363 373 287 381 290 484 252 346 254 303 379 94 342 245 304 173 309 379 339 386 345 115 342 47 156 156 284 294 387 409 231 298 230 386 86 347 162 261 345 377 154 269 251 332 305 95 397 404 221 249 273 356 92 323 221 354 350 328 219 75 356 395 245 365 255 328 434 62 441 157 343 232 347 355 353 289 252 372 165 204 49 46 443 8 236 253 499 28 331 273 310 255 289 284 64 248 315 161 257 165 294 68 208 294 225 214 341 263 278 161 111 58 384 191 342 146 371 349 399 263 266 384 274 251 145 163 301 129 305 46 317 173 329 444 293 315 377 211 20 388 449 111 227 204 173 319 5 426 379 208 31 199 370 363 382 241 220 314 120 298 314 313 25 402 391 247 209 381 189 229 355 84 290 440 307 387 57 444 203 194 277 342 214 78 416 318 252 352 114 318 282 207 190 296 228 235 153 170 139 303 137
 264 154 153 122 1 128 108 191 113 246 122 207 98 124 51 229 125 286 108 271 275 179 260 259 369 138 226 196 201 274 123 230 126 207 65 256 277 223 285 234 89 252 116 55 136 178 202 279 292 144 183 127 266 47 252 63 173 242 261 83 185 173 264 219 85 296 296 115 144 172 260 89 301 114 276 240 289 100 107 235 275 131 251 144 297 321 146 328 126 227 115 234 234 273 189 131 255 69 138 99 159 325 120 162 163 385 146 240 180 271 144 169 259 75 215 213 82 160 86 208 55 178 208 152 119 262 214 169 64 121 71 263 92 249 27 252 269 280 221 146 273 182 145 96 112 188 19 190 79 196 80 293 330 221 248 269 116 119 267 333 122 111 115 81 243 125 307 283 112 92 126 271 275 261 143 120 213 73 182 232 192 104 286 276 159 199 289 93 185 259 80 183 326 198 273 116 328 92 98 244 249 101 58 295 280 149 240 14 243 185 95 166 186 193 150 81 94 57 182 103
 346 271 83 31 128 1 36 287 91 369 246 332 131 7 119 349 86 384 217 383 361 301 384 265 480 263 350 235 294 395 123 338 245 293 170 288 369 350 376 358 99 328 23 153 133 277 282 380 406 219 309 224 391 86 334 176 281 361 373 174 290 236 313 291 120 387 397 235 264 265 374 76 296 235 337 345 304 221 104 360 402 257 361 250 303 429 91 435 137 353 242 359 357 336 280 258 370 159 227 35 68 442 25 220 241 494 49 351 262 287 268 290 258 58 225 306 151 248 184 314 74 184 314 209 205 324 241 272 177 88 58 388 185 361 150 379 332 399 241 270 377 293 244 168 146 298 132 316 62 322 190 304 439 276 296 370 203 50 393 446 87 226 194 165 302 33 426 398 199 45 221 388 349 386 258 236 304 141 309 299 319 50 399 387 267 183 401 181 208 374 71 305 435 321 383 33 440 215 186 252 330 212 96 420 294 244 347 118 301 272 205 167 310 205 223 173 190 156 307 162
 347 241 62 15 108 36 1 283 107 353 220 314 96 36 88 320 106 380 186 351 361 273 367 285 471 238 332 246 291 366 89 329 231 292 160 302 367 325 374 331 106 331 46 143 149 271 283 375 396 220 284 218 373 73 335 148 249 332 363 142 258 241 323 294 85 385 392 207 236 261 343 84 319 207 345 338 322 206 69 342 381 231 352 242 323 421 65 428 150 329 219 333 341 343 277 238 359 153 193 42 57 430 15 226 241 486 41 319 262 304 241 275 279 53 242 303 149 245 152 282 55 201 282 215 202 331 255 265 148 106 45 370 179 330 133 358 339 385 257 252 371 262 238 134 154 288 116 291 32 303 160 323 431 284 306 365 199 21 374 436 106 213 193 160 309 18 412 367 196 17 188 357 352 368 228 207 302 108 285 304 299 15 389 378 235 205 369 177 222 343 74 277 427 294 374 55 430 189 182 271 331 201 65 402 312 239 339 100 309 270 194 184 283 222 224 141 158 126 289 127
 79 231 338 295 191 287 283 1 211 143 190 134 285 281 239 262 225 98 233 323 88 220 156 197 199 185 135 125 13 286 312 61 88 31 127 154 87 204 95 237 192 78 266 142 187 15 43 94 131 75 194 66 169 211 70 209 267 270 99 245 281 82 130 65 273 106 111 204 215 23 306 214 238 202 118 62 200 109 297 149 200 181 85 52 220 146 333 151 174 207 164 231 132 114 18 132 103 131 277 254 338 172 290 94 58 210 322 302 39 189 197 93 208 232 174 24 137 42 238 292 232 173 292 101 83 106 148 27 211 220 239 164 105 303 166 194 109 142 161 109 92 264 47 267 153 44 175 195 260 136 220 208 157 99 123 84 85 299 180 169 221 89 95 123 103 298 163 321 89 267 262 306 99 164 231 219 26 255 181 82 150 284 123 111 259 206 335 107 150 303 217 225 153 224 106 260 161 187 102 188 67 93 248 189 198 44 67 191 101 27 98 181 216 167 75 243 246 226 117 280
 262 264 168 113 113 91 107 211 1 316 229 284 176 86 139 337 16 305 220 382 278 285 332 179 409 242 299 144 217 380 183 267 191 211 117 198 288 319 295 336 27 242 69 100 43 203 198 303 338 138 283 153 340 74 250 175 285 349 304 191 297 150 223 204 161 305 319 225 254 188 371 30 214 224 248 271 216 173 162 311 358 235 291 184 217 356 171 361 47 323 216 335 304 247 201 219 304 99 246 66 157 376 106 134 159 420 138 351 181 198 250 236 174 63 136 227 81 170 195 320 89 95 320 123 131 235 151 201 176 11 77 336 118 360 121 339 243 338 151 222 302 294 174 196 61 230 103 289 107 276 192 217 367 187 206 294 130 127 346 377 12 169 118 99 212 116 363 393 127 100 236 381 261 335 254 231 225 168 279 211 278 117 330 318 271 101 400 113 117 369 42 290 362 303 313 60 370 200 117 165 246 153 125 368 206 170 275 100 212 192 147 78 291 116 140 188 204 165 258 197
 186 184 394 366 246 369 353 143 316 1 163 42 315 364 280 168 331 148 220 226 182 151 16 339 152 146 22 266 149 172 346 97 127 170 203 295 161 96 167 131 292 202 353 221 306 140 185 132 87 203 117 170 27 285 186 225 216 171 81 255 226 221 267 205 308 173 140 183 172 157 209 308 380 181 245 109 342 149 339 19 59 148 88 138 362 127 384 135 291 97 148 123 14 241 161 118 66 219 258 337 403 96 364 230 194 174 391 216 180 332 153 81 350 312 314 149 236 173 244 225 299 306 225 233 194 237 289 133 226 326 313 22 199 211 221 61 237 51 303 101 119 205 154 279 267 103 239 113 323 55 225 350 128 241 263 128 194 363 38 116 327 148 208 219 241 370 74 215 196 336 245 202 214 22 192 195 155 281 105 219 67 348 87 89 215 340 232 205 287 206 306 154 126 141 90 350 116 183 202 330 186 164 298 53 340 162 101 254 239 169 170 310 140 304 206 254 247 249 65 295
 267 45 247 233 122 246 220 190 229 163 1 123 159 242 135 110 242 263 58 158 272 58 175 337 310 20 143 262 202 153 191 197 103 218 126 315 263 108 271 113 203 267 236 136 241 177 223 250 236 190 66 152 175 169 259 74 79 121 213 96 93 222 307 245 156 281 265 20 29 183 145 208 381 19 304 210 357 90 188 147 173 16 209 142 371 273 235 281 228 111 27 114 156 300 199 61 201 145 98 219 261 257 233 220 199 331 253 129 203 341 23 114 341 196 297 211 167 183 84 108 173 269 108 215 165 291 285 164 74 238 190 174 147 135 109 146 295 210 296 87 240 79 156 119 207 161 127 73 189 110 67 363 279 266 294 241 162 224 171 273 239 111 172 154 280 236 235 166 161 205 84 154 288 171 42 34 215 127 69 262 97 211 232 227 69 297 175 152 265 143 200 63 275 76 225 237 270 32 153 323 256 118 157 203 350 166 207 135 279 201 119 263 65 278 197 96 86 98 108 135
 192 146 354 328 207 332 314 134 284 42 123 1 274 327 240 143 299 165 179 204 191 117 55 325 189 106 22 250 142 157 305 103 94 163 169 286 174 75 180 110 259 203 317 186 278 126 176 149 119 182 83 145 60 248 189 184 180 148 102 214 191 204 263 198 267 188 161 142 134 142 186 273 368 141 245 117 332 113 298 29 76 108 104 114 352 158 344 166 263 78 107 103 34 241 150 78 88 186 218 300 363 135 326 211 176 211 352 189 166 321 114 51 335 276 296 145 205 155 203 192 261 283 192 212 168 236 274 117 185 294 275 57 169 186 183 62 237 88 287 64 137 170 132 238 239 91 201 80 284 14 184 340 161 231 256 143 167 323 63 153 295 116 182 187 235 331 113 197 169 298 205 183 218 55 153 155 151 240 69 214 29 309 116 114 177 317 213 175 267 183 271 120 158 110 114 314 151 142 172 314 188 132 258 89 329 141 111 216 234 157 138 285 107 284 185 213 206 208 27 254
 360 166 94 105 98 131 96 285 176 315 159 274 1 130 49 244 181 378 110 265 371 204 328 345 451 178 294 290 296 290 33 318 211 303 162 349 371 265 379 263 161 350 135 153 212 272 299 370 375 241 223 223 330 107 349 91 165 255 346 65 171 270 360 316 17 390 387 142 166 268 260 147 384 143 373 330 379 185 34 301 331 173 337 236 384 407 80 415 207 268 168 266 305 371 286 198 338 166 104 124 113 403 109 258 260 470 113 234 277 361 178 247 343 114 301 308 176 257 77 195 88 261 195 248 217 359 306 262 90 180 101 328 190 246 121 305 366 356 310 220 363 179 240 46 200 276 116 230 75 261 93 381 415 318 344 360 213 88 328 415 180 200 213 178 341 105 383 283 210 90 102 275 372 326 153 136 309 35 228 330 252 82 369 361 152 275 284 191 274 260 135 206 411 225 358 142 411 133 195 331 345 194 53 359 369 245 329 103 340 282 189 246 215 279 247 65 78 67 253 34
 341 267 87 33 124 7 36 281 86 364 242 327 130 1 116 346 81 378 213 380 356 297 379 261 475 259 345 229 289 391 123 332 240 287 165 283 363 345 370 354 94 323 18 147 128 271 276 374 400 214 305 218 386 80 329 173 278 358 368 172 287 231 308 285 118 381 391 231 261 259 371 70 292 231 332 339 300 216 104 355 397 252 355 245 298 424 94 429 132 349 238 355 352 331 274 253 364 154 225 29 72 436 26 215 235 488 53 348 257 282 264 285 254 53 220 300 145 242 181 311 70 180 311 204 200 319 236 266 173 83 54 382 179 358 145 374 327 394 236 264 372 290 239 166 141 292 127 312 60 317 186 300 434 271 291 364 197 52 388 441 83 220 188 160 296 35 420 394 194 43 218 384 343 381 255 233 299 139 304 293 314 50 393 382 264 179 398 176 203 371 65 301 429 317 378 28 435 211 181 248 324 206 93 415 289 238 341 113 296 266 199 162 306 200 217 170 187 153 301 160
 313 154 116 101 51 119 88 239 139 280 135 240 49 116 1 233 148 333 99 265 325 187 294 302 411 154 259 243 250 279 74 275 169 257 115 303 325 242 333 245 121 302 115 105 172 226 252 325 335 194 200 176 297 67 302 62 163 245 304 57 173 223 313 269 35 344 342 121 149 221 257 111 342 121 326 286 334 142 61 267 302 147 295 191 341 365 105 372 165 245 137 247 269 323 239 163 297 119 112 100 127 365 102 211 213 429 119 233 229 316 156 208 301 83 257 261 129 210 66 197 54 218 197 201 169 312 260 217 62 145 71 295 142 244 75 277 318 318 266 182 319 175 193 58 155 233 69 207 58 228 73 337 373 270 297 315 166 90 297 375 146 156 165 131 293 103 345 280 162 75 104 270 325 293 141 120 262 30 202 282 221 78 328 319 149 235 283 143 229 256 99 191 369 207 316 120 370 105 148 287 298 148 24 327 325 198 286 56 292 235 143 205 197 236 200 56 73 39 217 59
 330 80 337 333 229 349 320 262 337 168 110 143 244 346 233 1 351 307 136 62 331 53 171 434 314 98 156 357 273 47 273 244 187 292 231 405 315 73 322 40 311 337 342 243 348 251 302 291 254 285 70 244 163 276 325 174 84 13 243 182 86 314 390 325 245 330 303 116 86 263 45 316 479 116 379 258 450 185 276 150 139 105 246 224 466 294 323 302 335 72 126 48 169 375 276 140 229 251 148 325 354 258 334 315 288 338 349 49 286 435 88 171 441 302 397 279 274 269 170 71 278 372 71 312 262 368 382 239 174 346 295 165 248 44 218 116 370 217 393 156 279 69 241 198 313 223 235 69 289 134 161 457 295 352 380 285 259 321 151 281 347 203 271 259 362 335 235 61 259 306 144 47 355 163 93 114 284 217 83 342 118 310 254 254 94 403 74 255 365 42 308 48 293 41 254 343 281 139 254 421 324 215 256 182 444 252 253 243 361 281 218 368 51 380 290 183 167 195 149 212
 274 277 165 110 125 86 106 225 16 331 242 299 181 81 148 351 1 318 232 395 290 299 347 181 423 256 314 153 230 393 186 281 206 224 132 204 301 334 307 350 42 254 64 115 50 217 211 317 352 152 298 168 355 83 262 186 297 363 319 200 309 162 231 216 166 318 333 238 267 202 383 38 214 237 258 285 220 188 165 326 373 249 305 199 219 370 170 375 57 338 230 350 319 257 214 234 318 114 256 65 152 391 103 145 172 434 133 364 194 202 264 251 175 68 140 241 96 184 206 332 95 100 332 135 146 245 157 215 187 6 82 352 133 372 134 354 253 352 156 237 316 306 188 204 74 245 117 304 110 291 203 220 381 197 214 307 144 125 361 391 5 184 132 114 222 113 378 406 141 100 246 394 273 350 267 244 238 176 293 222 293 117 344 332 283 101 413 128 124 382 49 304 376 316 328 54 384 213 132 168 258 169 131 383 209 185 289 112 222 205 162 82 305 121 154 198 214 175 273 204
 61 298 435 392 286 384 380 98 305 148 263 165 378 378 333 307 318 1 313 367 47 276 153 247 117 252 153 193 90 317 406 67 171 95 224 193 24 237 24 273 287 86 363 239 276 110 110 17 79 167 244 163 166 308 69 297 334 312 68 333 347 162 154 114 367 27 19 280 283 120 350 310 279 278 121 53 234 196 392 163 202 251 62 144 257 65 429 66 264 239 239 266 142 117 105 203 83 228 357 350 436 114 388 177 147 121 419 352 124 230 263 150 261 329 240 79 234 137 325 352 329 251 352 186 179 120 209 118 299 313 336 162 202 350 260 208 115 113 222 176 30 327 143 356 245 105 271 242 357 174 306 243 77 150 158 23 182 396 180 98 314 179 191 220 135 396 119 359 186 365 342 345 85 163 302 295 81 347 230 119 191 381 73 64 328 282 375 204 224 347 314 281 73 273 61 356 90 268 199 243 72 186 343 171 236 141 57 288 134 114 192 263 268 240 165 331 331 316 164 370
 311 58 202 198 108 217 186 233 220 220 58 179 110 213 99 136 232 313 1 168 318 95 231 355 366 75 200 284 245 182 141 248 146 259 140 341 311 158 320 153 196 308 211 144 242 219 260 301 292 218 116 184 231 151 302 47 67 148 267 47 78 250 339 282 110 330 317 38 57 222 159 195 398 40 341 261 380 125 141 204 227 72 262 182 391 328 189 336 231 161 77 157 212 338 240 113 256 156 45 195 219 313 200 244 230 387 214 136 239 363 71 166 357 175 312 255 176 218 35 101 148 279 101 237 191 328 306 207 46 228 165 230 167 146 108 200 333 266 315 139 292 78 193 66 213 210 121 124 156 166 30 385 334 296 325 292 187 186 227 329 229 147 194 167 314 200 292 182 185 173 30 172 330 228 44 28 258 82 123 298 154 175 287 281 52 303 186 171 281 158 185 97 330 115 280 214 326 47 174 340 299 149 122 259 372 202 259 122 313 240 147 269 106 292 224 47 33 62 163 82
 391 119 358 363 271 383 351 323 382 226 158 204 265 380 265 62 395 367 168 1 392 108 227 491 367 151 216 415 334 65 291 306 246 353 283 464 376 132 383 96 357 399 378 293 398 312 362 352 312 342 130 302 218 316 387 211 103 57 303 210 95 373 450 385 271 391 363 159 131 323 19 359 536 160 440 319 508 241 298 209 190 158 306 284 524 352 343 360 385 130 179 104 228 436 336 198 288 302 163 362 377 312 365 372 347 391 376 33 346 493 140 232 497 341 453 340 325 329 200 71 314 426 71 369 318 429 439 300 211 391 332 220 303 24 264 170 431 274 450 217 340 91 301 221 364 284 280 130 322 196 196 515 352 412 440 346 316 349 205 336 392 260 327 311 423 364 290 24 315 339 165 29 417 218 129 152 345 244 144 402 179 339 312 313 117 455 19 309 421 22 350 102 350 101 314 381 337 184 309 478 385 271 288 233 503 311 314 285 421 341 273 420 109 435 348 211 194 229 210 232
 18 311 419 373 275 361 361 88 278 182 272 191 371 356 325 331 290 47 318 392 1 295 189 203 161 265 183 154 76 346 397 88 173 70 212 148 25 264 25 300 263 42 339 224 245 102 80 60 123 143 265 150 203 291 29 296 348 337 106 332 361 130 108 76 359 31 65 288 296 105 374 286 234 286 74 75 188 196 382 194 238 262 95 139 211 111 415 111 234 267 247 293 174 71 87 213 119 212 362 329 417 160 368 146 121 162 400 374 100 185 277 165 217 310 199 65 213 118 325 369 313 214 369 156 161 74 168 113 298 285 317 198 186 373 251 241 69 155 180 187 70 343 133 354 218 113 259 264 341 198 307 197 123 109 113 58 164 379 217 144 286 176 170 203 91 376 163 386 168 347 348 372 39 199 313 303 64 341 251 77 214 364 116 106 340 244 402 187 187 372 292 300 119 294 102 332 136 272 182 199 33 179 332 212 190 128 82 275 90 92 184 228 288 201 139 330 332 312 183 367
 292 40 295 287 179 301 273 220 285 151 58 117 204 297 187 53 299 276 95 108 295 1 159 384 301 45 135 308 231 96 234 211 139 250 179 357 281 68 289 60 259 297 292 191 296 208 257 262 234 235 35 195 154 225 286 126 66 65 217 140 76 266 345 281 203 298 275 67 39 218 92 265 429 67 337 225 401 135 235 133 141 52 217 178 417 274 282 282 282 70 73 63 148 333 232 91 203 199 119 275 311 246 287 266 240 324 305 83 240 386 36 131 390 252 346 238 221 222 128 77 228 321 77 262 212 325 332 196 126 294 246 155 197 86 166 114 328 201 343 112 250 55 194 160 260 183 184 40 242 105 115 408 277 306 334 254 209 276 146 266 295 153 221 207 317 289 223 112 208 259 111 99 316 152 53 69 243 174 48 298 88 264 232 230 68 351 123 203 314 90 257 7 274 22 229 293 265 88 203 371 284 164 210 179 396 205 221 192 316 236 167 316 14 329 241 140 127 149 114 175
 195 193 408 381 260 384 367 156 332 16 175 55 328 379 294 171 347 153 231 227 189 159 1 352 145 157 36 280 162 171 360 107 142 182 218 307 168 100 173 133 307 212 368 236 321 153 197 137 86 218 125 185 14 300 195 238 224 173 86 268 234 235 278 217 322 178 144 194 182 171 210 323 393 193 254 117 353 165 353 29 50 160 95 153 374 125 398 133 306 100 161 125 29 250 173 132 71 234 268 352 417 89 379 244 208 168 405 220 193 344 163 97 363 328 328 161 252 187 256 231 314 320 231 247 209 248 303 148 239 342 328 10 215 214 236 59 246 47 316 116 124 212 168 292 282 116 254 120 338 68 238 362 125 253 274 134 209 377 29 111 343 164 223 234 252 384 66 216 211 351 256 203 223 11 202 206 167 294 114 231 78 363 87 91 224 355 232 220 301 207 321 161 123 147 94 365 111 196 217 343 196 179 312 37 352 176 110 269 251 183 186 325 147 319 220 267 259 263 79 307
 187 380 345 290 259 265 285 197 179 339 337 325 345 261 302 434 181 247 355 491 203 384 352 1 362 341 330 78 192 467 358 251 249 173 216 56 224 388 226 417 186 162 245 212 137 201 157 255 314 151 367 191 365 240 179 313 411 444 286 341 425 123 98 140 330 232 265 342 365 184 475 205 46 341 135 246 41 251 337 344 395 335 271 215 40 311 349 312 140 392 314 413 327 138 180 296 294 200 392 244 333 354 283 120 151 363 313 464 161 26 353 278 16 239 46 195 180 171 341 442 260 86 442 123 174 131 54 209 315 180 253 360 191 468 249 387 137 334 42 282 262 414 197 354 148 238 242 371 283 325 330 39 323 102 90 250 176 305 376 342 180 232 166 188 113 293 351 494 177 277 378 480 168 360 374 354 189 329 357 130 335 295 306 293 398 85 506 186 75 473 216 390 319 395 288 235 334 317 185 16 176 221 294 385 31 187 252 249 114 171 219 102 385 67 145 339 350 314 304 359
 176 334 521 484 369 480 471 199 409 152 310 189 451 475 411 314 423 117 366 367 161 301 145 362 1 294 169 308 195 307 482 144 244 206 312 308 139 243 137 275 389 201 461 329 385 207 222 111 77 273 268 258 152 399 185 363 366 314 109 396 377 273 268 229 442 132 99 329 322 221 351 409 393 327 233 138 348 270 471 170 179 295 120 231 371 55 513 52 372 243 291 267 156 229 211 256 115 322 406 447 525 57 481 288 254 25 511 362 233 345 302 206 377 424 355 186 332 240 386 374 418 364 374 296 279 234 325 210 365 418 428 150 297 356 343 199 228 102 337 233 109 355 238 421 351 184 357 263 445 202 367 357 43 265 273 119 281 485 164 38 419 259 292 317 250 488 80 353 284 455 393 341 197 152 341 342 189 418 255 235 217 470 84 94 365 396 370 301 338 348 411 304 48 290 98 455 42 325 296 358 188 271 425 136 350 239 135 373 249 221 278 375 290 354 272 395 391 386 204 436
 260 47 266 252 138 263 238 185 242 146 20 106 178 259 154 98 256 252 75 151 265 45 157 341 294 1 127 265 197 139 210 186 100 214 135 316 254 89 262 96 216 262 253 147 252 172 220 239 222 193 47 154 157 185 253 92 84 109 199 115 97 224 306 243 175 272 254 39 32 180 136 222 386 37 301 200 360 92 207 130 154 8 196 139 375 259 254 267 238 92 29 97 139 297 196 54 187 154 113 236 280 241 251 223 199 315 272 124 202 344 13 103 347 212 302 205 177 183 103 108 190 276 108 219 169 288 289 160 93 251 207 156 153 128 123 127 292 193 300 79 228 80 155 138 216 153 141 55 207 93 86 366 264 266 294 230 166 243 152 257 252 111 177 162 279 254 218 156 165 223 100 143 283 153 50 50 209 146 50 260 80 230 218 213 77 306 167 159 271 134 216 51 261 61 212 253 255 50 159 328 251 121 175 185 354 165 196 151 278 199 123 272 50 285 199 115 105 117 93 154
 186 166 373 346 226 350 332 135 299 22 143 22 294 345 259 156 314 153 200 216 183 135 36 330 169 127 1 255 142 165 326 96 109 163 184 288 164 85 171 121 274 199 334 202 290 129 177 137 101 190 101 155 43 265 184 204 199 160 88 234 210 210 262 198 287 178 148 163 154 147 198 289 372 161 242 109 334 130 318 15 67 129 92 123 355 141 363 149 275 87 128 114 14 238 152 98 73 201 238 318 382 115 344 218 182 191 370 204 170 323 134 63 340 293 303 144 219 161 223 209 279 292 209 220 179 234 279 122 206 309 293 39 182 200 201 60 234 68 292 81 125 188 140 259 251 93 219 97 303 35 205 342 143 233 257 132 178 343 49 133 310 130 193 201 235 349 93 207 180 316 226 193 213 38 173 175 150 260 88 214 49 328 99 98 197 326 223 188 275 195 287 138 140 126 99 331 132 163 185 320 184 146 277 71 332 148 102 234 234 160 152 295 124 292 193 234 227 229 44 274
 138 305 307 254 196 235 246 125 144 266 262 250 290 229 243 357 153 193 284 415 154 308 280 78 308 265 255 1 122 390 307 183 172 106 145 60 171 311 176 340 141 113 212 145 104 128 89 198 250 74 290 114 292 187 127 245 337 368 220 275 351 47 79 80 274 184 210 269 290 110 399 163 122 267 107 180 97 175 287 269 321 259 205 139 110 254 308 257 98 315 238 336 254 107 108 219 226 131 324 207 299 291 248 43 75 313 280 388 87 80 277 202 86 195 50 128 116 95 274 368 210 62 368 49 98 96 25 134 247 149 207 287 118 392 182 311 104 266 38 205 202 339 121 291 94 165 178 294 236 248 261 102 266 48 63 190 101 265 302 283 150 156 92 119 72 258 285 418 102 235 309 404 128 287 300 281 123 268 280 78 259 253 242 229 325 91 430 114 34 397 172 314 262 318 224 203 275 245 112 66 123 145 240 313 90 110 186 189 72 99 144 78 308 48 68 273 283 249 228 299
 67 243 347 303 201 294 291 13 217 149 202 142 296 289 250 273 230 90 245 334 76 231 162 192 195 197 142 122 1 296 323 61 101 22 137 147 77 213 85 247 199 66 273 151 191 27 36 88 130 79 205 76 175 220 58 221 279 281 99 257 293 82 121 57 284 96 104 216 227 31 317 221 232 214 107 60 193 121 307 156 207 193 84 64 214 142 342 146 178 217 176 241 138 103 17 144 104 140 289 261 347 171 299 95 60 205 330 313 39 183 209 103 204 240 172 13 145 48 250 303 241 173 303 103 90 96 144 39 223 225 247 170 114 314 176 201 98 144 158 121 87 276 58 279 158 53 185 205 269 145 232 201 153 93 115 78 93 308 187 166 226 101 102 132 94 307 164 331 97 276 274 317 87 170 243 231 14 266 191 73 160 293 122 109 270 206 346 116 149 314 224 237 148 235 104 267 159 199 111 183 55 104 258 194 191 53 65 201 92 27 109 182 227 166 78 255 258 237 127 291
 348 126 383 379 274 395 366 286 380 172 153 157 290 391 279 47 393 317 182 65 346 96 171 467 307 139 165 390 296 1 319 259 219 316 270 434 328 84 335 51 353 358 387 284 388 276 327 301 256 317 101 277 160 320 344 219 128 36 251 228 128 345 415 350 292 342 311 161 131 290 51 359 511 161 400 272 479 221 322 156 129 146 256 253 497 295 369 303 374 81 166 56 176 396 301 173 236 290 193 370 400 252 380 348 318 331 396 75 314 466 131 194 474 347 431 300 313 298 217 108 323 409 108 346 296 390 414 265 219 389 340 163 285 63 260 113 392 217 426 186 289 113 271 244 352 244 278 97 335 152 207 487 294 380 406 296 294 367 146 277 390 236 307 297 387 381 231 47 294 352 190 37 374 161 139 160 305 263 111 366 137 356 257 259 139 440 64 292 400 49 352 91 293 78 261 388 279 183 291 454 344 250 302 172 475 282 266 287 386 307 253 406 90 415 322 229 213 241 170 258
 385 196 69 94 123 123 89 312 183 346 191 305 33 123 74 273 186 406 141 291 397 234 360 358 482 210 326 307 323 319 1 347 241 329 187 366 398 296 406 293 173 374 132 176 223 299 323 398 405 264 254 248 362 121 374 122 193 284 376 96 197 291 380 339 41 417 415 173 197 293 287 155 395 174 395 358 393 214 22 332 362 205 367 264 397 437 53 444 219 299 200 297 336 393 311 229 368 189 129 124 90 434 99 278 284 500 94 260 301 375 209 277 355 121 314 334 196 282 108 221 99 273 221 268 241 381 321 289 121 185 107 360 214 273 147 336 388 387 325 251 392 207 266 76 215 305 140 262 78 293 124 395 445 338 364 388 237 75 360 445 186 229 235 200 362 93 414 310 233 88 130 302 396 358 183 167 335 66 259 352 284 75 400 391 181 283 309 214 289 287 144 237 441 255 388 141 441 165 218 344 370 221 69 391 383 271 358 125 361 307 216 258 246 292 269 96 109 98 284 61
 91 232 381 342 230 338 329 61 267 97 197 103 318 332 275 244 281 67 248 306 88 211 107 251 144 186 96 183 61 259 347 1 108 79 171 203 72 177 79 213 246 105 318 187 245 65 96 54 72 134 180 116 121 257 89 234 268 250 40 270 281 141 172 112 308 88 71 214 217 82 288 267 290 212 149 15 249 135 335 108 155 185 25 89 270 93 374 99 232 180 173 206 88 144 76 137 44 179 291 304 384 113 339 154 117 158 369 289 98 240 197 84 263 281 232 57 189 100 261 287 277 232 287 160 137 141 204 67 236 276 286 116 154 287 204 155 140 84 217 110 46 261 95 293 210 43 217 179 304 111 242 257 103 150 169 45 138 344 134 111 277 120 150 174 146 346 104 299 142 314 277 285 118 117 235 229 62 286 166 125 128 329 65 52 262 266 315 158 209 285 268 216 98 209 48 312 104 203 153 243 90 130 287 136 248 97 12 233 145 86 137 240 204 226 134 268 267 255 98 307
 166 145 278 245 126 245 231 88 191 127 103 94 211 240 169 187 206 171 146 246 173 139 142 249 244 100 109 172 101 219 241 108 1 116 77 219 167 142 175 169 166 165 228 95 185 75 121 161 167 99 119 59 150 161 158 127 181 197 136 163 195 128 207 144 201 186 177 117 129 81 230 182 293 115 202 120 264 28 229 121 169 96 127 40 280 197 270 204 170 146 77 166 114 198 97 49 130 93 190 212 284 200 242 130 102 261 270 221 103 249 112 47 256 188 214 110 112 84 155 207 178 195 207 128 80 189 196 62 129 201 190 147 76 224 100 152 193 155 208 36 153 179 56 187 146 67 116 123 204 87 136 270 206 167 196 151 78 244 155 208 202 23 92 94 180 248 182 247 79 215 175 233 186 145 144 132 113 178 109 161 93 229 161 151 172 228 260 82 183 227 180 145 202 147 148 224 203 100 80 236 155 39 183 178 258 66 119 132 179 99 45 195 138 199 105 161 162 147 68 200
 58 260 349 304 207 293 292 31 211 170 218 163 303 287 257 292 224 95 259 353 70 250 182 173 206 214 163 106 22 316 329 79 116 1 143 127 77 234 84 267 195 50 271 155 182 43 18 96 145 75 224 82 195 221 47 232 296 301 115 267 310 69 101 36 290 95 111 231 244 38 336 218 213 230 88 75 173 134 313 177 227 210 100 78 194 152 346 155 170 237 192 261 158 84 20 161 122 143 302 260 348 186 299 84 53 213 331 331 31 163 226 123 185 240 155 23 144 48 261 321 243 160 321 93 91 76 127 55 234 220 248 190 117 333 183 222 79 162 140 139 98 293 67 289 152 73 190 225 272 166 244 181 164 73 94 87 95 309 207 179 221 113 100 133 73 307 181 351 98 278 287 337 72 190 259 246 18 274 211 52 180 295 137 124 286 192 365 118 135 334 223 255 159 254 119 264 171 213 113 165 43 114 263 213 171 60 81 206 72 23 117 171 246 151 72 265 269 246 147 301
 200 167 212 173 65 170 160 127 117 203 126 169 162 165 115 231 132 224 140 283 212 179 218 216 312 135 184 145 137 270 187 171 77 143 1 203 213 204 221 224 91 189 152 19 119 115 138 217 237 83 171 63 226 88 189 101 196 243 205 134 210 114 206 156 148 232 234 128 154 108 269 106 260 127 214 179 241 57 171 196 243 128 193 83 252 263 207 269 105 209 107 223 191 211 126 103 201 21 179 137 215 272 169 106 100 327 199 254 116 224 145 123 219 113 174 149 43 96 131 229 107 144 229 98 57 200 167 107 103 127 116 222 30 260 42 223 207 230 176 106 213 200 81 152 82 129 49 177 135 161 117 246 272 162 190 207 53 174 231 278 128 57 56 29 183 176 256 290 50 144 165 277 211 221 160 140 149 134 165 170 162 159 230 219 183 173 299 33 142 267 104 185 268 194 215 148 272 103 36 202 185 42 121 254 233 85 181 65 182 121 36 138 183 155 89 131 139 109 143 162
 133 358 363 309 256 288 302 154 198 295 315 286 349 283 303 405 204 193 341 464 148 357 307 56 308 316 288 60 147 434 366 203 219 127 203 1 170 353 172 384 198 108 266 204 156 161 112 202 262 125 337 164 320 246 126 303 391 414 236 334 406 93 43 92 334 177 211 323 343 146 448 219 88 321 80 196 47 226 346 302 353 311 222 182 68 257 365 258 153 357 290 379 284 82 137 267 245 190 381 262 354 302 303 98 118 308 334 439 122 39 328 241 71 252 70 148 175 137 332 421 268 106 421 106 152 75 48 171 305 202 264 316 175 442 241 346 82 285 50 250 210 392 165 350 152 197 238 339 294 287 319 56 269 56 36 197 155 322 333 289 202 206 148 178 60 313 301 465 157 292 367 451 113 316 354 336 142 328 325 79 299 310 255 242 380 121 478 171 82 445 229 363 265 365 237 256 281 300 168 56 123 197 299 338 46 154 203 248 61 130 197 124 356 86 119 332 341 308 267 358
 38 300 423 379 277 369 367 87 288 161 263 174 371 363 325 315 301 24 311 376 25 281 168 224 139 254 164 171 77 328 398 72 167 77 213 170 1 247 9 283 272 63 348 227 258 100 91 36 99 151 250 152 181 295 47 292 337 321 84 328 350 142 131 92 359 20 42 280 285 107 358 294 256 278 98 58 211 191 383 175 217 252 74 136 234 88 418 89 246 250 238 276 154 94 91 203 98 216 355 336 423 136 374 158 130 142 406 359 108 207 265 153 238 316 218 65 219 123 320 357 317 230 357 168 165 97 187 110 294 296 323 177 190 358 251 221 92 132 199 177 47 331 133 351 228 103 261 249 345 182 302 220 100 127 135 36 169 383 196 121 297 172 176 207 112 382 140 369 172 352 341 355 62 178 303 294 66 340 236 96 198 369 93 83 330 261 385 191 203 356 299 286 96 280 79 340 113 266 186 220 50 178 333 190 213 129 63 277 111 98 183 243 274 219 148 326 327 310 169 364
 265 107 354 339 223 350 325 204 319 96 108 75 265 345 242 73 334 237 158 132 264 68 100 388 243 89 85 311 213 84 296 177 142 234 204 353 247 1 254 37 292 275 338 220 321 194 245 221 182 240 43 200 92 268 262 180 132 76 172 201 140 266 333 268 262 261 232 124 102 208 114 303 432 123 318 191 399 150 294 78 74 95 176 174 417 222 342 230 307 5 108 30 98 314 219 102 158 224 186 321 368 187 339 270 238 266 359 121 233 386 88 113 397 296 355 217 246 218 189 134 276 336 134 269 221 308 336 184 181 329 292 94 214 116 204 48 309 145 348 108 209 118 192 223 283 162 223 36 294 69 174 406 223 299 325 216 219 331 82 209 330 162 233 229 305 341 164 123 220 310 177 109 292 91 119 131 223 233 42 284 55 318 182 182 135 369 139 220 325 111 297 69 221 51 183 337 210 138 219 376 261 177 263 114 395 202 185 234 304 225 182 335 55 340 245 201 189 205 87 238
 40 308 431 386 285 376 374 95 295 167 271 180 379 370 333 322 307 24 320 383 25 289 173 226 137 262 171 176 85 335 406 79 175 84 221 172 9 254 1 289 279 66 355 235 264 108 97 39 102 158 258 160 186 303 50 300 345 328 88 336 358 148 132 97 367 12 41 288 293 115 365 302 258 286 98 65 212 199 391 181 222 260 80 144 235 87 426 87 252 256 246 282 160 95 98 211 103 224 364 343 430 137 381 164 137 139 413 367 115 209 273 160 241 323 221 73 227 130 329 364 325 235 364 174 173 98 191 118 302 303 330 182 197 365 260 227 93 135 203 185 50 339 141 359 235 111 269 256 353 189 310 221 99 131 137 40 176 391 201 120 304 181 183 215 115 390 142 376 180 360 349 362 62 183 311 303 73 348 244 100 206 377 96 86 338 266 392 199 208 362 306 293 95 287 82 347 112 274 194 223 54 186 341 193 214 137 70 285 114 105 191 248 282 223 155 335 336 318 176 372
 300 98 354 345 234 358 331 237 336 131 113 110 263 354 245 40 350 273 153 96 300 60 133 417 275 96 121 340 247 51 293 213 169 267 224 384 283 37 289 1 310 310 348 239 342 226 278 257 217 268 54 227 124 280 296 184 114 41 208 199 119 296 366 301 262 297 268 125 98 240 79 317 461 125 352 226 430 173 294 113 100 103 212 204 448 257 341 265 328 35 121 9 133 348 251 125 193 244 174 331 370 219 345 298 268 299 363 88 264 416 91 145 425 308 382 251 267 249 187 107 285 361 107 297 247 342 365 216 184 345 302 126 238 82 218 77 343 179 377 136 245 99 222 218 305 195 236 49 300 104 174 437 257 331 357 251 245 335 112 242 346 188 258 250 338 347 197 88 245 317 167 73 326 124 111 128 257 233 62 317 88 322 217 218 120 393 103 244 351 76 311 57 255 39 219 349 243 144 243 405 295 202 268 143 425 232 220 246 337 257 205 359 49 367 273 199 185 207 121 233
 248 239 167 115 89 99 106 192 27 292 203 259 161 94 121 311 42 287 196 357 263 259 307 186 389 216 274 141 199 353 173 246 166 195 91 198 272 292 279 310 1 230 77 74 52 183 184 285 316 122 257 132 315 56 236 151 261 323 283 169 273 138 218 192 146 290 301 199 228 170 345 24 224 198 240 251 221 147 152 286 333 208 270 161 225 336 168 342 47 297 189 309 279 239 183 192 282 74 225 68 160 354 109 122 143 401 142 326 165 203 224 211 183 55 142 210 58 152 173 295 75 101 295 111 111 227 151 180 152 37 68 312 95 334 95 313 235 314 154 196 283 269 152 177 49 208 78 263 98 251 168 223 347 179 201 275 109 126 320 356 38 144 98 75 205 119 340 367 105 95 213 355 250 310 229 206 208 149 252 201 252 114 309 297 247 115 374 90 118 344 33 264 343 276 292 70 349 174 95 172 232 129 110 343 212 150 254 76 204 175 122 86 265 121 125 167 181 143 232 179
 26 308 390 342 252 328 331 78 242 202 267 203 350 323 302 337 254 86 308 399 42 297 212 162 201 262 199 113 66 358 374 105 165 50 189 108 63 275 66 310 230 1 306 199 208 91 51 95 156 112 269 129 225 262 19 280 344 345 133 316 358 93 71 39 336 73 104 281 293 87 381 253 195 279 44 96 151 184 357 212 260 259 120 127 173 150 387 151 198 278 241 304 192 40 69 210 144 186 352 296 387 196 336 109 92 203 369 378 74 146 274 168 176 279 157 60 183 94 310 369 285 174 369 120 134 38 127 104 282 249 288 221 161 378 230 258 36 183 138 186 103 341 116 337 183 116 235 270 313 207 293 160 162 67 73 91 138 349 239 182 250 162 141 175 50 345 196 395 141 317 337 381 23 221 308 295 55 321 256 36 223 335 149 137 335 203 410 161 146 379 260 302 158 299 132 298 174 262 156 158 17 162 307 239 152 108 103 250 49 70 166 188 292 160 108 314 318 294 190 348
 324 264 102 47 116 23 46 266 69 353 236 317 135 18 115 342 64 363 211 378 339 292 368 245 461 253 334 212 273 387 132 318 228 271 152 266 348 338 355 348 77 306 1 134 111 257 260 359 387 198 298 203 375 71 312 169 277 354 354 172 287 214 291 268 123 365 376 227 256 244 369 54 276 227 315 324 283 205 112 345 388 246 341 231 282 409 108 415 115 342 230 349 341 314 258 244 351 140 226 18 89 423 40 198 219 474 70 346 241 265 258 273 238 42 203 285 130 227 180 311 65 163 311 187 185 302 219 252 169 66 48 372 165 356 136 365 310 381 219 254 357 288 224 168 124 278 117 305 62 307 184 283 419 254 274 349 182 64 378 427 66 208 173 145 279 50 408 392 179 47 219 382 326 370 252 229 283 141 297 276 305 59 379 368 263 163 396 161 185 368 50 297 415 312 364 11 421 205 166 231 308 193 94 404 273 224 327 104 279 251 187 145 301 183 201 170 187 151 291 164
 211 176 197 156 55 153 143 142 100 221 136 186 153 147 105 243 115 239 144 293 224 191 236 212 329 147 202 145 151 284 176 187 95 155 19 204 227 220 235 239 74 199 134 1 106 130 149 233 255 90 185 76 244 71 200 102 203 255 222 131 217 119 210 165 138 246 250 137 163 121 280 88 256 135 222 195 239 74 159 214 260 140 210 100 250 279 192 285 93 224 119 237 209 219 138 120 218 15 181 119 198 290 152 109 109 344 183 263 127 222 156 141 214 96 169 163 34 108 130 237 91 136 237 99 66 208 165 123 103 110 99 240 39 270 38 240 214 248 173 124 229 209 96 148 72 146 37 191 120 178 119 244 289 167 194 223 62 158 248 295 111 75 61 27 189 160 274 301 59 128 167 288 221 239 168 147 163 127 180 178 179 144 247 236 190 163 310 39 138 278 86 196 285 207 232 130 289 111 44 198 196 60 109 272 231 99 197 52 188 133 53 129 195 149 96 129 139 106 160 156
 229 280 210 156 136 133 149 187 43 306 241 278 212 128 172 348 50 276 242 398 245 296 321 137 385 252 290 104 191 388 223 245 185 182 119 156 258 321 264 342 52 208 111 106 1 182 168 277 317 113 289 138 331 107 217 197 305 360 284 218 318 117 182 170 197 274 292 240 268 165 385 68 174 239 210 248 174 172 202 303 353 245 270 170 176 331 213 336 16 326 224 341 293 209 175 220 285 99 273 108 199 357 149 101 132 394 180 368 154 156 261 228 133 103 94 200 77 146 221 339 125 53 339 91 114 197 109 181 198 47 117 327 110 375 136 336 206 321 109 219 277 312 156 227 40 213 123 295 147 272 215 175 343 149 166 268 113 169 338 355 47 163 100 94 174 159 345 406 111 141 261 393 226 326 271 249 197 200 283 175 276 159 309 296 291 64 415 104 75 383 80 302 338 312 292 102 348 215 106 123 213 148 161 357 164 151 252 124 174 165 142 36 300 73 113 216 230 191 252 230
 93 218 326 284 178 277 271 15 203 140 177 126 272 271 226 251 217 110 219 312 102 208 153 201 207 172 129 128 27 276 299 65 75 43 115 161 100 194 108 226 183 91 257 130 182 1 52 104 136 70 182 55 165 199 84 195 254 259 103 231 268 83 140 75 260 119 121 191 202 19 295 204 244 189 130 69 207 95 284 143 195 168 89 38 227 154 321 159 168 198 151 221 127 126 26 119 105 120 263 243 327 176 280 93 56 219 311 289 42 196 184 82 212 222 176 37 127 37 224 279 220 171 279 98 73 118 151 13 197 213 227 161 94 291 153 187 121 143 164 97 101 251 35 254 146 38 163 184 248 127 206 215 165 106 132 94 76 287 176 175 213 75 86 113 113 287 166 310 79 256 248 295 112 160 218 205 40 241 169 92 140 272 128 116 245 205 324 97 150 292 207 213 160 212 111 250 168 173 92 191 81 79 235 187 204 34 73 179 111 32 84 178 204 167 71 229 232 212 108 266
 66 265 341 294 202 282 283 43 198 185 223 176 299 276 252 302 211 110 260 362 80 257 197 157 222 220 177 89 36 327 323 96 121 18 138 112 91 245 97 278 184 51 260 149 168 52 1 112 162 64 233 79 210 213 54 231 300 310 132 266 315 53 89 24 286 107 126 235 249 41 345 207 197 233 82 92 158 137 307 191 242 216 117 82 179 168 338 171 156 249 197 272 173 79 27 168 139 136 304 249 339 203 289 69 42 229 321 339 23 148 232 134 169 231 138 40 135 44 261 327 235 143 327 78 84 69 110 63 233 207 239 206 111 341 179 236 74 179 123 147 115 299 68 287 139 86 185 234 264 178 244 166 180 57 81 104 88 300 222 195 207 115 91 125 62 297 198 361 91 269 289 346 74 205 264 250 35 271 220 41 191 286 154 141 291 176 375 111 118 343 212 263 176 263 136 252 188 215 106 148 50 113 257 229 156 59 98 200 60 23 116 155 254 134 60 264 269 244 159 298
