NAME : domp180p60v8
COMMENT : (Deleplanque et al.) 
TYPE : DOMP
DIMENSION : 180
DISPLAY_DATA_TYPE: NO_DISPLAY
OPEN_FACILITIES : 60
COST_SECTION
 1 446 233 66 329 284 337 89 120 64 364 255 353 284 136 105 489 96 373 406 283 150 391 339 437 46 208 170 150 210 112 226 179 361 343 175 469 316 244 410 170 268 302 379 9 271 333 71 100 81 178 353 389 120 144 416 280 192 124 293 260 194 65 294 271 342 103 326 80 119 268 301 328 289 170 239 129 27 376 100 305 170 371 405 93 446 233 111 192 259 179 384 392 55 74 377 219 254 148 111 383 410 378 55 374 156 358 279 350 272 208 257 177 213 69 213 82 259 330 25 300 124 332 425 245 242 151 197 210 254 210 298 309 262 311 173 56 158 183 343 31 363 241 362 353 327 235 341 184 183 368 343 316 197 325 410 163 333 373 191 201 46 109 105 400 227 286 374 341 324 265 358 218 216 345 111 182 394 378 374
 446 1 339 495 246 175 210 370 440 384 155 203 371 322 336 422 46 481 335 43 187 341 291 111 23 413 331 287 360 258 352 222 412 195 104 299 41 193 327 139 306 375 189 293 453 271 137 378 445 432 363 174 143 329 369 31 314 284 340 279 274 266 405 153 321 226 390 259 401 443 316 268 188 158 286 251 380 423 342 387 334 374 111 75 360 39 332 413 288 272 269 78 114 405 414 71 330 282 299 431 189 56 326 450 112 336 348 283 243 176 384 324 274 356 390 346 430 251 139 423 194 361 125 24 205 243 362 265 255 274 237 214 221 384 137 309 468 342 266 299 449 130 212 263 294 251 310 167 321 340 368 134 366 308 135 76 285 123 218 258 337 414 383 357 129 229 318 76 134 174 218 90 271 260 166 339 323 61 73 143
 233 339 1 298 122 256 148 154 320 199 199 158 461 53 113 297 384 321 458 300 157 90 448 239 341 236 30 129 287 113 135 182 349 369 254 249 375 322 349 381 96 398 151 440 240 72 203 181 308 285 315 348 364 192 90 313 51 96 129 78 66 126 169 217 41 371 131 377 257 321 40 90 158 216 130 280 106 228 464 134 73 316 232 338 212 320 8 295 91 323 164 313 349 236 265 282 20 58 177 308 385 286 456 276 232 269 453 66 388 198 355 27 150 25 168 21 284 305 201 223 146 113 218 326 173 106 290 121 240 66 185 128 335 398 241 259 285 80 194 415 257 215 162 410 420 118 31 330 285 53 471 305 430 287 208 344 162 276 394 196 317 188 125 231 366 145 379 268 303 168 125 269 275 103 333 159 64 279 270 212
 66 495 298 1 393 325 400 153 100 118 424 311 349 349 200 98 535 51 376 455 341 215 402 390 484 84 273 230 162 270 175 277 165 388 392 206 514 347 252 443 233 262 362 390 59 336 389 131 79 75 182 384 423 168 209 465 345 254 186 358 325 252 130 345 336 365 168 344 99 97 333 365 388 339 229 269 194 78 378 165 370 171 426 447 136 498 298 107 254 280 232 428 430 90 86 425 284 318 199 97 410 462 383 47 430 177 358 344 369 323 202 322 232 278 134 278 77 285 386 81 361 189 386 473 298 303 162 257 247 318 260 359 335 254 359 200 29 223 229 353 49 420 296 377 363 391 300 374 203 248 365 382 312 217 380 451 217 377 396 238 211 112 174 140 435 284 293 425 381 384 325 406 247 277 378 170 247 445 428 433
 329 246 122 393 1 227 36 241 389 280 92 133 466 85 193 366 287 405 451 212 106 180 428 169 254 318 133 174 334 134 219 179 400 335 187 280 285 295 368 324 161 422 80 423 336 59 123 264 382 361 357 309 312 249 196 225 79 142 208 45 70 155 267 171 89 347 234 363 329 391 86 34 62 174 175 284 211 316 458 235 90 362 136 266 278 219 118 361 141 326 193 243 290 315 339 205 125 77 222 377 345 190 447 361 135 311 452 58 366 164 394 98 184 146 260 138 360 304 123 313 76 207 145 239 156 101 338 149 252 76 193 56 316 425 190 291 374 174 218 407 347 117 148 390 409 6 102 291 317 154 473 257 442 313 136 272 202 223 362 215 347 284 226 291 308 143 387 186 256 80 91 198 288 124 295 229 149 190 187 105
 284 175 256 325 227 1 203 220 265 221 180 102 245 267 200 248 213 307 226 141 122 215 203 93 162 245 235 150 186 145 207 79 240 115 84 125 190 69 166 136 182 219 149 197 290 211 126 221 271 259 191 93 116 165 244 147 257 167 197 234 207 138 254 61 259 121 251 137 229 269 252 228 174 56 149 81 249 259 233 246 288 201 150 123 193 188 249 239 173 114 119 104 112 237 242 110 239 210 140 257 131 158 221 280 155 161 229 228 140 65 215 254 129 262 238 252 258 89 123 259 153 226 106 152 84 154 188 141 81 202 84 172 90 226 52 134 298 221 103 182 281 157 95 164 183 231 228 75 147 231 250 62 227 135 108 127 133 54 140 95 167 259 245 187 122 111 171 118 60 157 145 92 98 153 79 186 211 138 121 179
 337 210 148 400 36 203 1 249 387 284 57 117 446 117 202 365 252 407 428 177 86 193 402 137 219 322 153 174 327 133 227 165 393 306 156 269 250 269 352 292 168 406 57 398 345 79 90 270 382 362 347 281 281 247 212 190 110 147 215 75 87 153 278 145 120 321 248 340 329 390 115 63 31 148 175 266 227 322 435 248 125 353 101 233 279 184 143 359 147 307 187 210 258 319 340 171 147 96 218 376 315 155 423 365 99 303 430 84 341 142 383 127 180 171 269 162 360 284 91 320 54 219 113 204 140 99 330 148 237 92 180 43 292 410 162 281 379 188 209 384 353 82 134 364 385 41 124 263 306 172 451 228 424 300 105 239 198 194 334 204 335 294 240 289 276 133 368 152 226 49 81 165 272 124 266 233 163 155 153 70
 89 370 154 153 241 220 249 1 168 47 277 172 350 202 49 146 414 169 359 329 198 66 366 261 363 83 127 86 151 123 23 151 205 315 267 141 396 266 234 353 82 273 215 355 97 184 249 28 155 132 182 302 333 68 71 340 197 104 35 207 173 108 36 218 189 303 43 295 106 169 185 214 240 213 86 197 61 77 364 37 225 179 287 337 69 366 152 145 103 229 104 314 331 83 112 301 138 167 82 156 335 329 362 124 290 142 348 193 314 195 220 176 97 138 22 135 131 221 246 73 213 43 251 350 166 154 154 112 159 166 138 209 266 270 238 144 135 75 119 322 107 278 160 331 331 240 151 287 166 102 363 281 315 174 243 342 89 264 332 127 194 47 42 90 341 144 272 296 279 237 178 283 181 128 291 35 97 314 299 287
 120 440 320 100 389 265 387 168 1 122 399 281 250 366 209 24 477 55 279 404 315 231 308 345 426 90 292 216 82 257 186 238 66 307 342 142 453 272 159 368 234 164 340 295 118 337 355 141 23 41 91 307 348 141 237 411 359 249 192 363 327 236 166 299 353 280 202 255 64 5 348 367 370 293 215 195 226 107 281 197 390 79 390 383 112 450 317 30 251 196 202 368 360 87 57 373 302 322 171 13 328 416 286 68 395 105 260 349 281 282 104 340 209 305 159 302 41 206 352 112 340 210 346 417 263 291 80 242 186 320 220 345 254 155 308 132 78 241 188 259 91 389 264 287 269 389 313 300 124 268 267 316 214 138 342 386 191 318 311 195 122 149 205 100 361 258 199 377 315 361 308 354 174 266 303 165 259 398 380 405
 64 384 199 118 280 221 284 47 122 1 306 194 317 247 90 100 426 126 332 343 224 110 343 277 374 39 171 112 114 153 65 163 163 304 280 120 406 258 203 350 120 237 245 332 71 224 272 19 109 87 145 294 329 57 116 354 241 139 74 248 213 135 54 232 234 288 83 275 61 123 229 254 272 226 112 182 105 42 335 77 270 140 310 342 36 384 197 100 140 208 116 322 331 38 67 314 182 208 86 111 326 348 335 83 313 110 318 234 297 210 181 220 115 183 41 180 86 204 269 41 243 89 270 363 183 187 116 140 150 206 147 243 253 233 248 120 96 120 120 298 71 303 180 311 307 279 194 281 138 147 332 281 282 148 264 347 101 270 318 129 161 46 85 55 339 167 244 312 280 267 208 295 163 161 285 53 140 331 315 315
 364 155 199 424 92 180 57 277 399 306 1 119 424 172 233 377 196 425 401 124 85 229 370 97 165 343 199 195 331 155 255 163 394 271 115 269 195 239 340 247 199 394 63 367 372 128 55 295 396 377 346 245 239 262 252 136 165 175 243 129 134 172 309 121 174 290 283 313 344 401 169 118 42 126 196 252 266 346 408 282 181 354 48 184 295 128 193 370 177 291 198 163 213 338 357 122 194 143 231 387 277 100 395 386 45 305 406 136 310 127 379 179 194 220 298 210 376 266 58 344 65 254 77 150 137 125 334 168 231 137 181 75 266 400 132 281 401 226 213 358 376 30 135 333 357 97 172 229 303 215 427 190 405 295 73 190 211 157 299 207 330 323 276 301 232 143 350 103 189 41 101 121 263 150 231 255 202 101 103 14
 255 203 158 311 133 102 117 172 281 194 119 1 334 166 135 259 248 309 321 161 35 140 302 93 199 228 141 87 214 57 152 49 279 215 104 154 233 170 236 223 105 290 63 296 262 110 80 185 279 260 232 192 207 146 168 173 156 83 139 133 106 65 206 60 158 222 189 234 227 284 151 129 93 59 87 151 178 234 328 186 187 239 117 185 179 196 151 252 88 194 81 160 193 223 240 136 144 110 114 270 230 159 317 270 121 189 321 127 240 41 267 154 79 169 193 158 259 171 77 233 65 159 80 185 24 54 217 63 121 102 65 78 189 294 84 166 286 142 96 277 263 111 18 263 280 136 129 174 190 144 341 148 310 184 73 191 95 119 241 90 219 217 181 184 208 29 254 128 146 81 45 120 156 61 178 144 125 145 131 125
 353 371 461 349 466 245 446 350 250 317 424 334 1 488 364 254 388 303 47 354 362 387 98 332 350 309 433 333 206 354 353 291 185 177 317 215 360 189 117 241 367 87 390 89 354 438 369 331 271 279 176 198 231 285 409 354 479 366 351 463 431 337 370 305 478 146 391 115 273 253 471 461 417 300 331 185 405 330 43 385 512 184 389 297 284 400 455 246 371 142 298 299 258 301 280 330 442 431 289 253 187 381 59 311 394 209 26 455 129 305 148 469 311 458 355 449 278 164 367 334 394 381 349 350 312 378 204 343 223 425 282 411 160 96 293 208 325 397 268 73 330 400 321 112 79 469 439 208 184 419 18 247 38 179 352 296 300 274 157 266 158 361 390 263 246 330 83 345 247 400 378 319 187 365 208 323 401 363 348 422
 284 322 53 349 85 267 117 202 366 247 172 166 488 1 158 343 365 370 481 286 154 137 466 232 328 284 77 162 326 135 182 200 390 380 249 282 360 335 380 382 134 431 138 459 291 57 190 229 355 332 353 357 367 233 141 298 10 127 175 44 61 153 220 219 14 386 182 396 303 367 19 56 135 220 164 304 157 277 487 185 26 355 212 332 256 299 52 340 123 348 193 307 349 284 312 272 66 58 213 354 394 267 478 325 211 306 478 42 404 205 392 28 181 76 218 73 331 328 189 273 133 162 209 313 185 114 330 147 266 66 208 111 352 432 242 293 335 128 223 437 307 193 175 427 441 80 55 338 320 102 497 309 460 319 199 338 196 278 406 223 351 239 176 273 367 161 406 256 308 149 124 262 302 124 342 203 107 263 257 185
 136 336 113 200 193 200 202 49 209 90 233 135 364 158 1 186 381 215 368 294 157 25 367 226 331 128 84 52 178 81 26 125 238 305 235 150 365 256 249 335 36 294 171 358 144 137 209 73 198 175 207 288 315 83 48 306 152 59 18 160 126 71 77 187 145 298 55 295 146 210 140 167 195 183 53 196 50 124 373 52 182 207 246 310 101 329 110 184 57 234 83 287 309 127 155 269 95 119 77 197 324 292 369 170 249 162 359 146 312 164 247 132 72 101 68 95 174 221 207 121 169 27 214 318 134 109 181 72 155 119 117 163 261 292 209 157 182 35 108 328 155 236 126 331 335 192 105 272 182 61 376 260 331 187 205 316 73 239 325 114 212 93 48 120 322 108 284 261 258 193 134 251 184 84 276 48 52 278 264 244
 105 422 297 98 366 248 365 146 24 100 377 259 254 343 186 1 460 62 280 385 293 208 305 326 409 71 269 193 69 234 163 217 74 297 324 125 436 259 155 356 211 168 318 293 105 314 334 119 24 26 86 295 335 118 215 394 336 226 169 340 304 213 146 280 330 271 181 248 41 26 325 344 347 273 192 182 204 89 282 176 367 75 370 367 89 431 294 11 228 186 180 351 346 66 36 355 280 299 148 12 318 397 286 58 374 89 262 326 274 261 107 317 186 283 138 279 25 194 331 94 318 188 326 400 242 268 68 219 168 296 199 323 243 160 289 116 72 218 167 256 79 368 243 281 267 366 290 287 112 245 271 301 218 126 322 371 168 301 302 174 115 130 184 77 348 236 197 358 299 339 285 336 159 243 290 142 237 379 361 383
 489 46 384 535 287 213 252 414 477 426 196 248 388 365 381 460 1 519 348 88 233 386 301 155 53 454 376 331 397 303 396 265 446 212 147 337 28 220 356 148 351 400 234 305 495 315 182 421 483 471 397 195 158 371 414 75 358 329 384 322 319 310 449 197 365 245 435 279 440 480 360 311 231 202 330 285 425 465 355 432 376 408 154 98 401 70 377 451 333 301 312 110 132 446 454 114 375 327 341 469 202 99 338 490 155 373 364 327 260 220 415 369 317 401 434 391 469 282 184 465 238 406 171 65 249 288 398 310 293 319 280 258 247 410 179 346 508 387 308 316 490 173 256 277 310 292 354 192 356 385 383 164 387 342 180 97 328 160 232 299 370 458 428 397 142 274 342 121 165 218 264 132 306 305 190 382 368 107 118 184
 96 481 321 51 405 307 407 169 55 126 425 309 303 370 215 62 519 1 333 443 341 234 362 381 468 88 294 234 130 276 190 270 119 358 380 184 496 320 213 417 245 217 365 350 91 350 386 143 39 50 144 356 397 164 234 452 365 264 199 374 339 256 156 335 357 332 194 308 83 52 353 380 393 329 234 243 220 95 334 190 393 133 422 427 131 488 320 73 265 247 229 411 407 90 70 412 306 333 195 57 379 453 340 46 426 150 314 360 334 315 158 343 232 303 154 302 51 256 382 99 364 210 379 458 293 310 129 261 227 332 252 366 305 208 346 176 41 243 220 313 67 418 293 340 324 404 319 348 173 270 320 361 267 187 375 431 215 360 363 228 174 137 199 127 410 283 253 414 360 386 330 393 220 284 352 177 265 435 418 433
 373 335 458 376 451 226 428 359 279 332 401 321 47 481 368 280 348 333 1 321 346 390 52 306 314 329 432 332 224 348 360 282 216 141 290 221 321 162 130 201 367 119 373 45 375 428 347 343 299 304 197 165 193 293 414 320 471 362 356 453 422 333 383 285 471 114 401 89 294 282 464 449 399 281 330 178 412 349 8 395 504 207 363 261 297 366 452 271 368 136 296 266 222 320 302 300 439 423 292 280 148 350 13 336 368 222 24 445 95 288 176 463 309 457 367 448 303 154 345 353 377 387 325 315 299 368 223 338 219 416 275 396 137 129 270 216 351 399 266 45 353 376 309 74 44 454 434 178 195 419 37 217 72 186 330 260 300 247 118 263 173 376 398 277 208 321 89 316 218 381 365 290 186 359 176 330 401 332 319 398
 406 43 300 455 212 141 177 329 404 343 124 161 354 286 294 385 88 443 321 1 147 300 281 69 43 373 291 245 325 217 310 181 380 181 64 263 76 169 299 137 265 349 150 281 413 233 98 338 408 394 330 158 135 289 328 14 277 243 298 243 236 224 364 112 284 209 349 240 362 407 278 232 153 118 245 219 338 383 329 346 299 341 77 68 320 50 293 376 246 244 229 57 106 366 376 32 290 243 259 395 179 32 313 411 80 300 332 246 228 135 353 286 232 316 349 306 392 221 100 383 155 319 84 28 164 202 327 223 219 235 197 176 198 357 98 273 429 301 227 282 409 97 170 249 279 217 270 146 287 299 353 109 345 275 94 73 244 90 207 218 305 373 341 318 124 188 294 35 109 137 178 50 237 219 147 298 282 24 32 113
 283 187 157 341 106 122 86 198 315 224 85 35 362 154 157 293 233 341 346 147 1 158 323 83 187 260 146 114 249 77 177 82 313 232 98 188 221 190 267 230 124 322 30 318 291 97 54 214 312 293 266 207 215 178 184 159 144 101 164 116 96 91 232 68 149 242 210 258 260 317 142 109 60 69 114 181 196 264 353 208 172 273 90 182 211 175 150 286 104 223 114 157 197 255 273 126 145 102 147 303 243 138 341 302 93 223 347 113 261 59 301 147 111 172 219 161 292 200 51 263 33 180 63 172 56 56 252 87 154 94 99 51 211 326 90 200 318 158 130 302 294 81 52 285 304 110 127 189 224 154 368 158 339 217 54 188 127 125 259 124 252 244 202 217 214 59 283 113 156 47 33 113 188 76 192 173 137 127 116 93
 150 341 90 215 180 215 193 66 231 110 229 140 387 137 25 208 386 234 390 300 158 1 388 232 338 148 62 66 202 84 46 138 262 323 243 173 372 273 272 349 36 318 168 379 158 122 210 93 219 196 231 305 330 108 30 312 132 58 41 144 111 80 88 196 124 317 56 316 168 232 120 152 189 192 67 216 39 141 396 56 160 231 247 320 124 332 87 206 55 256 101 296 322 148 176 275 73 104 100 219 341 295 391 189 249 187 382 129 332 173 271 111 88 77 83 72 195 242 208 137 165 28 217 324 143 105 205 79 175 105 133 157 280 317 218 181 199 11 128 350 172 234 134 351 357 179 86 288 206 38 399 273 355 210 209 326 93 250 344 133 236 105 48 143 335 115 307 266 271 190 131 258 206 83 292 71 33 282 269 240
 391 291 448 402 428 203 402 366 308 343 370 302 98 466 367 305 301 362 52 281 323 388 1 274 269 346 424 326 244 336 363 268 248 102 257 226 274 135 151 154 361 156 349 14 394 411 318 353 326 328 221 127 149 298 414 278 456 354 357 435 406 323 393 259 457 82 406 73 313 311 450 430 373 256 325 173 414 366 58 400 488 232 330 218 308 323 442 296 359 137 290 225 178 337 323 262 430 409 292 307 103 310 41 359 335 236 73 429 63 266 207 451 303 450 376 441 327 148 316 369 353 389 295 272 282 352 243 328 214 401 264 374 115 168 242 224 375 396 261 50 374 344 292 40 40 432 422 143 208 414 88 182 116 197 301 216 297 214 75 257 193 388 402 290 163 306 110 280 183 355 346 255 186 347 141 334 395 294 282 366
 339 111 239 390 169 93 137 261 345 277 97 93 332 232 226 326 155 381 306 69 83 232 274 1 107 308 227 177 269 149 242 115 328 175 20 205 141 145 258 156 197 311 95 272 346 176 48 270 347 332 278 149 145 223 260 81 223 175 230 191 177 156 296 47 228 195 281 219 299 348 222 182 108 53 177 172 270 317 314 278 248 288 59 101 255 109 232 317 179 205 162 77 122 301 313 45 227 183 193 335 181 73 300 347 64 243 313 191 214 68 305 228 165 254 281 243 331 181 47 316 100 251 25 93 96 137 271 155 162 175 132 122 172 318 42 217 364 234 163 264 344 70 102 238 263 173 209 133 234 233 334 94 316 223 34 107 177 61 203 154 257 305 273 255 141 120 262 36 93 90 115 32 187 152 135 231 216 55 39 93
 437 23 341 484 254 162 219 363 426 374 165 199 350 328 331 409 53 468 314 43 187 338 269 107 1 402 332 281 346 255 346 214 396 174 97 285 35 174 309 117 303 355 192 272 444 275 140 370 432 419 347 154 122 319 366 30 319 281 334 285 277 261 398 146 326 205 385 238 389 429 320 274 194 151 281 235 376 414 321 382 340 359 118 54 349 58 335 399 285 254 261 60 93 395 402 64 331 285 290 418 167 67 304 439 121 322 327 288 222 169 367 328 267 358 383 347 418 233 141 414 197 357 125 16 199 242 348 261 242 277 228 218 202 365 127 295 456 340 256 278 438 138 206 241 273 259 312 147 306 339 347 116 346 292 135 55 277 109 197 247 321 407 378 345 108 225 298 75 117 179 219 82 255 258 146 331 322 65 72 153
 46 413 236 84 318 245 322 83 90 39 343 228 309 284 128 71 454 88 329 373 260 148 346 308 402 1 208 149 106 191 103 194 140 318 310 132 433 274 200 368 158 225 281 334 50 263 307 56 74 52 134 311 348 85 150 383 278 177 112 287 251 172 77 262 271 298 113 281 37 91 266 293 309 256 149 196 137 22 332 108 307 127 344 367 54 416 234 73 178 215 149 348 352 10 36 343 219 246 117 79 339 379 333 44 348 111 313 272 305 241 166 257 150 219 70 217 51 215 304 26 280 124 303 391 216 224 107 177 169 245 177 281 265 220 277 129 59 157 147 298 37 338 213 317 308 317 232 299 139 184 325 304 273 152 297 372 134 296 329 156 156 61 117 62 359 202 242 342 302 303 245 324 175 198 303 90 178 362 346 351
 208 331 30 273 133 235 153 127 292 171 199 141 433 77 84 269 376 294 432 291 146 62 424 227 332 208 1 102 258 91 107 159 320 348 241 221 366 300 321 363 68 369 145 415 215 76 195 153 280 257 286 327 346 163 67 304 72 71 101 91 67 101 144 200 64 348 108 352 229 293 60 101 158 199 103 255 83 201 437 110 100 287 227 324 183 315 27 266 65 296 137 299 333 208 237 271 12 58 148 279 364 280 431 249 228 240 426 77 364 180 326 50 123 29 142 18 256 279 193 197 141 86 208 317 153 91 261 97 214 63 161 125 311 369 225 230 259 52 167 389 231 211 143 385 395 130 31 309 257 26 444 287 403 259 198 330 135 259 372 170 288 163 101 202 348 125 352 258 285 164 114 257 248 83 313 130 35 271 261 212
 170 287 129 230 174 150 174 86 216 112 195 87 333 162 52 193 331 234 332 245 114 66 326 177 281 149 102 1 166 42 66 74 231 258 185 122 314 208 221 284 36 270 133 317 178 124 164 101 210 189 192 240 265 76 95 257 154 37 54 150 114 24 120 136 151 253 106 254 156 218 144 153 160 132 2 155 101 152 337 102 187 195 202 259 106 282 124 188 41 196 37 235 258 146 167 218 110 111 51 204 276 244 331 193 205 145 326 138 268 113 231 140 24 126 107 118 187 180 162 150 132 78 166 268 83 77 169 28 114 107 67 132 216 271 158 132 207 73 67 290 182 194 76 288 296 174 110 223 159 89 344 209 302 159 158 264 35 188 279 70 190 132 99 118 271 59 251 212 207 155 97 200 148 51 227 61 70 230 215 204
 150 360 287 162 334 186 327 151 82 114 331 214 206 326 178 69 397 130 224 325 249 202 244 269 346 106 258 166 1 202 160 168 67 229 265 65 372 192 95 288 193 124 276 231 152 289 284 129 92 88 32 227 268 96 218 333 319 202 162 315 279 181 167 224 314 204 192 183 71 85 308 317 306 218 165 115 210 126 227 187 351 30 318 302 83 372 283 58 205 119 142 287 279 97 80 295 268 276 116 75 251 339 229 117 322 27 209 303 208 209 70 302 152 277 153 271 86 127 281 130 277 189 272 337 194 235 4 187 108 272 151 286 176 120 231 53 134 212 120 195 131 318 197 217 205 335 273 220 44 238 221 235 169 58 270 306 135 238 235 125 52 156 192 62 281 195 137 299 234 295 247 276 93 213 223 132 224 320 303 336
 210 258 113 270 134 145 133 123 257 153 155 57 354 135 81 234 303 276 348 217 77 84 336 149 255 191 91 42 202 1 102 69 268 258 160 151 289 210 246 274 49 298 93 328 218 89 129 141 251 230 226 237 257 116 112 229 126 27 89 115 80 22 156 115 125 259 134 265 197 259 118 117 119 112 43 171 122 193 354 132 159 230 166 240 147 250 107 228 31 214 62 215 245 187 209 193 96 79 88 245 274 212 346 234 169 179 344 104 276 93 264 117 51 119 144 108 229 194 127 191 91 105 135 241 64 35 205 16 132 73 74 91 223 300 138 162 249 85 90 304 223 156 54 297 309 135 87 219 189 89 363 198 326 187 126 246 69 172 282 89 220 169 127 158 260 35 272 183 196 115 56 176 168 13 223 102 70 200 186 165
 112 352 135 175 219 207 227 23 186 65 255 152 353 182 26 163 396 190 360 310 177 46 363 242 346 103 107 66 160 102 1 135 218 307 250 141 379 258 238 342 60 280 193 353 119 162 229 48 173 151 191 292 322 70 58 322 176 82 14 185 151 88 55 201 169 297 45 292 123 187 165 192 218 196 67 192 53 99 365 40 206 189 266 322 80 347 133 161 81 228 89 299 318 103 131 283 118 145 74 174 327 310 362 145 269 148 350 171 310 178 230 156 81 121 44 117 150 217 226 95 191 29 231 333 148 132 163 91 153 144 124 187 260 278 221 146 157 56 109 322 129 257 141 328 329 217 130 277 170 83 366 268 319 176 224 327 76 250 326 116 199 69 40 100 329 125 274 277 266 216 156 265 178 106 281 32 76 295 281 266
 226 222 182 277 179 79 165 151 238 163 163 49 291 200 125 217 265 270 282 181 82 138 268 115 214 194 159 74 168 69 135 1 232 190 119 107 246 142 190 212 104 244 111 261 233 148 118 158 238 221 185 170 193 110 167 192 191 90 124 173 141 61 186 70 191 190 177 198 188 241 183 171 141 64 73 107 173 203 288 173 223 192 154 188 142 223 175 209 96 151 49 165 185 188 201 152 164 143 79 227 207 186 279 234 158 143 280 165 207 48 220 184 55 186 171 176 219 129 115 203 112 150 111 201 27 87 171 64 74 135 19 125 154 247 88 119 251 143 51 238 230 152 32 229 242 181 155 153 143 154 299 136 266 137 106 193 64 116 214 44 172 194 171 144 198 40 210 149 134 128 89 134 110 80 157 119 134 169 153 169
 179 412 349 165 400 240 393 205 66 163 394 279 185 390 238 74 446 119 216 380 313 262 248 328 396 140 320 231 67 268 218 232 1 259 322 127 420 231 103 324 257 99 341 235 178 354 346 180 87 99 51 264 305 159 274 386 383 267 222 380 344 247 213 284 378 229 244 201 105 69 372 383 371 278 230 162 265 160 217 239 415 41 379 349 139 428 345 69 270 150 208 337 321 134 106 349 330 341 181 71 280 396 223 131 383 91 196 368 228 270 41 365 218 338 202 332 99 166 343 165 342 246 333 389 258 300 64 253 167 337 215 351 209 90 288 115 142 272 185 198 152 380 262 230 210 401 336 260 95 298 202 282 149 106 331 352 200 291 259 190 77 199 246 120 320 260 140 356 281 359 313 332 143 279 263 192 287 377 360 399
 361 195 369 388 335 115 306 315 307 304 271 215 177 380 305 297 212 358 141 181 232 323 102 175 174 318 348 258 229 258 307 190 259 1 157 187 185 50 159 69 292 194 255 101 366 324 220 309 320 315 217 27 55 251 351 180 371 279 299 346 320 249 347 165 373 35 351 69 292 311 366 339 277 163 257 123 354 336 149 346 401 230 230 121 271 225 363 287 285 113 223 125 82 309 304 161 353 324 235 302 23 210 133 343 234 212 154 341 49 177 222 368 235 375 330 365 314 105 218 338 260 329 197 175 198 268 230 253 157 316 191 281 55 205 145 191 360 329 199 105 351 244 209 69 100 338 342 44 187 342 174 82 176 172 203 120 234 115 29 193 187 347 346 257 71 225 135 179 83 258 257 154 144 267 41 281 323 193 181 266
 343 104 254 392 187 84 156 267 342 280 115 104 317 249 235 324 147 380 290 64 98 243 257 20 97 310 241 185 265 160 250 119 322 157 1 202 130 130 248 138 207 300 112 255 350 193 66 275 346 331 272 132 126 226 271 74 240 186 238 208 193 165 302 50 245 178 289 204 299 346 238 200 126 55 184 163 281 320 298 286 266 282 74 85 257 109 247 315 191 194 166 60 103 303 313 35 242 199 196 333 163 76 284 348 79 239 298 208 198 73 298 245 171 268 288 257 330 170 65 320 117 261 43 84 103 151 267 165 158 191 134 140 158 307 35 213 366 245 164 248 346 88 110 221 247 192 224 116 228 246 319 77 303 217 52 91 182 44 185 155 249 311 282 256 122 129 249 36 76 108 130 17 180 164 118 236 228 57 39 110
 175 299 249 206 280 125 269 141 142 120 269 154 215 282 150 125 337 184 221 263 188 173 226 205 285 132 221 122 65 151 141 107 127 187 202 1 313 143 101 238 155 149 216 215 180 239 221 128 148 136 79 180 218 73 195 271 274 157 137 265 230 131 167 161 271 169 181 157 108 145 264 266 246 154 120 65 192 149 226 176 307 86 254 244 85 309 244 115 161 90 90 228 225 123 121 232 230 228 75 133 209 276 222 160 259 39 211 254 178 145 115 260 103 244 151 237 135 85 218 151 218 168 209 276 133 181 67 137 45 223 90 228 135 150 167 13 178 182 63 183 166 255 137 193 191 281 230 169 39 205 228 178 183 38 206 248 88 177 200 66 70 164 179 71 230 138 135 236 177 234 190 213 44 163 173 110 188 257 240 273
 469 41 375 514 285 190 250 396 453 406 195 233 360 360 365 436 28 496 321 76 221 372 274 141 35 433 366 314 372 289 379 246 420 185 130 313 1 193 329 121 336 373 225 278 475 308 173 402 460 448 372 168 131 350 400 63 352 315 367 317 311 295 431 179 359 218 419 252 418 456 353 307 227 183 314 260 410 445 328 415 372 383 150 72 380 76 368 427 319 275 294 87 105 425 431 97 365 318 322 445 174 96 311 468 151 349 336 321 233 202 389 361 299 391 416 381 446 256 175 445 230 390 159 50 232 276 374 294 270 310 260 251 220 383 159 322 486 374 287 289 469 169 240 250 282 290 345 165 331 373 356 139 359 317 169 70 309 138 205 278 344 439 412 375 115 258 314 109 140 212 253 115 281 292 163 364 356 98 106 183
 316 193 322 347 295 69 269 266 272 258 239 170 189 335 256 259 220 320 162 169 190 273 135 145 174 274 300 208 192 210 258 142 231 50 130 143 193 1 137 98 242 183 216 130 321 280 186 261 282 275 185 38 77 204 302 171 325 231 249 302 275 201 299 125 327 53 302 75 250 275 320 297 239 122 207 80 305 291 170 297 356 197 202 123 225 217 315 249 236 83 174 117 91 265 262 143 305 278 186 266 70 194 156 301 208 172 169 297 73 133 197 322 186 327 282 317 274 67 184 292 220 280 164 170 151 222 193 204 110 270 142 240 30 192 109 148 319 280 150 120 308 214 162 96 119 298 294 30 149 293 190 61 177 134 169 124 185 87 73 143 156 300 297 213 91 178 126 158 61 221 213 131 102 219 33 232 274 176 161 236
 244 327 349 252 368 166 352 234 159 203 340 236 117 380 249 155 356 213 130 299 267 272 151 258 309 200 321 221 95 246 238 190 103 159 248 101 329 137 1 225 254 56 296 138 247 333 287 216 176 178 71 166 208 169 294 303 371 255 235 359 324 227 255 221 368 128 276 99 165 163 362 358 326 215 219 89 290 220 133 270 404 82 314 258 169 347 343 146 260 56 187 251 227 191 174 270 329 324 174 158 178 320 135 210 319 94 116 349 125 214 65 358 200 344 240 336 177 79 284 224 299 266 269 304 213 273 94 233 117 318 177 313 111 61 217 93 226 282 157 102 225 320 220 129 112 370 329 166 69 305 130 194 83 63 270 260 187 210 157 157 44 247 274 149 223 226 43 281 194 310 277 254 81 258 167 207 288 301 284 341
 410 139 381 443 324 136 292 353 368 350 247 223 241 382 335 356 148 417 201 137 230 349 154 156 117 368 363 284 288 274 342 212 324 69 138 238 121 98 225 1 315 263 248 158 415 326 203 351 379 372 280 62 22 294 378 131 373 299 331 343 324 271 387 165 377 103 385 137 346 371 370 335 263 166 283 176 384 384 208 381 400 292 201 70 318 174 374 345 304 176 254 86 35 360 358 127 366 329 272 362 55 168 191 397 205 268 217 342 115 184 288 375 264 391 370 380 370 163 202 386 253 360 180 122 211 276 289 273 201 321 219 275 116 273 142 244 415 354 235 170 403 219 222 131 163 328 351 70 245 362 236 77 243 231 189 66 267 106 85 228 250 390 379 307 17 240 203 147 79 245 260 128 198 282 67 319 343 155 147 240
 170 306 96 233 161 182 168 82 234 120 199 105 367 134 36 211 351 245 367 265 124 36 361 197 303 158 68 36 193 49 60 104 257 292 207 155 336 242 254 315 1 303 137 353 178 105 177 105 225 203 221 273 296 99 65 277 127 24 48 130 94 45 112 160 122 288 87 289 172 236 116 135 160 157 38 191 75 157 372 85 159 222 213 285 123 297 91 208 23 231 73 261 287 156 182 240 77 89 82 222 310 260 366 202 216 175 360 116 303 138 260 110 59 91 103 83 202 215 174 153 134 57 183 289 108 74 196 44 150 87 101 129 251 303 183 164 214 40 102 325 187 202 99 324 331 160 81 256 190 53 378 239 336 192 174 291 68 215 314 106 222 127 79 140 301 80 286 231 237 159 99 223 183 50 260 71 35 247 234 209
 268 375 398 262 422 219 406 273 164 237 394 290 87 431 294 168 400 217 119 349 322 318 156 311 355 225 369 270 124 298 280 244 99 194 300 149 373 183 56 263 303 1 351 144 269 385 341 252 184 193 94 207 247 212 337 352 422 305 279 412 377 279 290 275 419 161 315 127 189 167 413 411 380 269 269 143 331 246 119 309 455 100 368 304 206 397 392 160 310 107 238 298 269 217 195 321 378 376 222 167 212 371 127 225 373 133 98 401 152 269 62 409 251 391 276 384 192 131 338 250 353 308 323 352 268 326 122 285 171 370 230 368 155 12 270 140 239 328 209 110 244 374 275 147 121 423 379 210 113 351 104 242 51 113 324 305 237 261 185 210 82 279 314 184 263 280 61 333 242 365 331 306 135 310 211 250 336 352 336 395
 302 189 151 362 80 149 57 215 340 245 63 63 390 138 171 318 234 365 373 150 30 168 349 95 192 281 145 133 276 93 193 111 341 255 112 216 225 216 296 248 137 351 1 345 310 84 53 233 337 317 294 230 235 202 193 163 130 114 181 97 86 111 247 92 136 268 222 285 284 343 129 88 31 95 134 210 206 285 380 221 154 301 83 195 234 171 144 311 116 252 139 170 214 277 296 135 143 94 171 329 266 136 369 324 84 251 375 98 287 87 329 137 134 169 236 159 316 228 52 282 6 193 72 177 85 64 279 106 183 86 127 29 238 355 112 228 339 166 157 329 314 68 80 311 331 84 122 212 252 158 396 179 368 246 62 201 151 145 283 152 281 261 215 242 232 83 312 119 177 23 39 125 217 88 215 193 144 129 121 73
 379 293 440 390 423 197 398 355 295 332 367 296 89 459 358 293 305 350 45 281 318 379 14 272 272 334 415 317 231 328 353 261 235 101 255 215 278 130 138 158 353 144 345 1 382 405 314 342 313 316 208 126 151 288 405 279 450 346 347 428 399 315 381 254 450 78 395 64 301 299 443 424 369 251 316 163 404 354 51 389 481 219 328 220 297 325 434 283 351 126 281 226 180 325 311 261 422 402 282 295 105 310 34 347 333 224 64 422 59 261 195 443 294 442 365 432 314 138 312 357 349 379 292 274 275 346 230 320 205 394 256 368 109 155 238 213 363 387 252 38 361 341 286 35 27 427 415 141 196 405 81 180 104 185 297 218 287 212 76 248 181 376 392 278 165 299 97 279 181 351 340 253 176 339 139 323 386 294 281 363
 9 453 240 59 336 290 345 97 118 71 372 262 354 291 144 105 495 91 375 413 291 158 394 346 444 50 215 178 152 218 119 233 178 366 350 180 475 321 247 415 178 269 310 382 1 279 340 78 98 80 179 358 395 126 151 423 287 200 131 301 268 201 72 301 278 346 110 330 82 117 275 308 335 296 178 244 136 32 378 107 312 171 378 411 99 454 240 111 199 263 186 391 398 59 75 384 226 261 155 110 388 417 380 52 381 160 359 286 353 279 208 264 184 220 77 220 81 263 337 31 308 131 339 432 252 249 154 205 215 261 217 305 313 262 318 177 51 166 189 346 28 370 248 365 356 335 243 346 188 190 370 349 317 200 333 416 170 339 378 198 203 54 116 110 405 234 289 381 347 332 273 365 223 223 350 119 190 401 384 381
 271 271 72 336 59 211 79 184 337 224 128 110 438 57 137 314 315 350 428 233 97 122 411 176 275 263 76 124 289 89 162 148 354 324 193 239 308 280 333 326 105 385 84 405 279 1 136 208 329 307 313 301 311 199 138 246 48 89 152 28 12 109 209 163 53 331 176 343 276 339 46 31 87 163 125 254 153 260 435 177 78 317 162 277 226 250 66 310 87 297 150 252 293 261 286 218 69 19 174 325 338 217 425 306 162 267 427 18 350 149 352 54 138 93 203 84 306 276 135 256 79 149 154 260 131 61 292 103 218 19 158 58 298 387 186 250 318 116 178 384 290 145 121 372 388 57 46 282 276 97 446 253 411 274 144 283 155 221 350 176 308 226 168 241 310 109 357 202 251 98 68 207 254 77 286 175 91 211 204 141
 333 137 203 389 123 126 90 249 355 272 55 80 369 190 209 334 182 386 347 98 54 210 318 48 140 307 195 164 284 129 229 118 346 220 66 221 173 186 287 203 177 341 53 314 340 136 1 263 355 337 297 194 192 224 237 111 181 154 216 148 138 142 283 67 187 237 263 259 304 358 181 138 61 73 164 199 249 313 354 260 204 305 39 145 256 123 196 326 157 237 159 122 168 301 317 84 193 146 192 344 227 86 341 348 42 258 352 150 257 77 328 189 158 220 270 209 336 213 4 312 58 233 24 125 93 108 286 139 181 138 136 79 212 347 78 232 365 210 168 304 342 35 94 280 304 127 173 177 253 205 373 140 351 244 18 151 174 106 247 161 279 295 255 260 187 107 296 67 138 44 83 77 211 128 179 223 189 77 69 55
 71 378 181 131 264 221 270 28 141 19 295 185 331 229 73 119 421 143 343 338 214 93 353 270 370 56 153 101 129 141 48 158 180 309 275 128 402 261 216 351 105 252 233 342 78 208 263 1 127 105 160 297 331 59 98 348 223 125 58 232 197 124 41 226 216 294 65 283 79 142 211 238 259 221 101 188 87 53 347 60 252 156 301 340 48 377 179 118 125 217 110 319 331 56 85 309 164 191 82 129 330 340 346 98 304 123 331 218 304 204 197 202 107 165 25 162 104 211 260 51 231 70 263 358 176 173 131 128 153 190 143 230 258 248 244 129 111 102 118 308 84 293 171 320 317 263 177 284 149 129 345 281 295 158 256 345 94 268 324 127 174 39 67 69 340 157 256 305 279 255 196 290 170 147 287 41 123 325 309 304
 100 445 308 79 382 271 382 155 23 109 396 279 271 355 198 24 483 39 299 408 312 219 326 347 432 74 280 210 92 251 173 238 87 320 346 148 460 282 176 379 225 184 337 313 98 329 355 127 1 24 107 318 359 136 223 416 349 241 181 354 318 230 149 302 342 294 186 270 54 21 337 359 366 295 209 205 211 89 300 181 378 95 391 391 105 454 305 35 243 209 199 374 369 72 44 378 291 313 167 19 341 419 305 47 395 113 280 340 296 283 124 328 204 291 143 289 25 218 351 94 337 197 347 423 262 285 91 236 191 311 220 340 266 176 312 139 56 228 188 276 71 388 263 303 287 382 302 311 135 255 287 324 234 149 343 394 187 324 325 195 137 132 190 96 372 255 217 380 323 358 303 359 183 260 314 155 248 401 384 403
 81 432 285 75 361 259 362 132 41 87 377 260 279 332 175 26 471 50 304 394 293 196 328 332 419 52 257 189 88 230 151 221 99 315 331 136 448 275 178 372 203 193 317 316 80 307 337 105 24 1 108 312 351 116 200 403 326 220 159 332 296 210 127 286 319 291 163 269 34 40 314 337 346 280 188 197 188 67 306 159 355 98 374 380 84 439 282 34 221 205 180 362 360 50 22 363 268 291 147 31 336 404 310 33 378 105 287 318 295 266 132 305 185 269 121 266 2 212 334 72 317 174 330 409 245 264 88 215 179 289 203 320 261 185 297 129 48 206 171 279 54 370 244 303 289 360 279 303 129 233 295 314 242 144 326 383 167 312 322 179 137 110 167 78 364 236 220 365 312 338 283 344 175 239 306 133 226 386 369 385
 178 363 315 182 357 191 347 182 91 145 346 232 176 353 207 86 397 144 197 330 266 231 221 278 347 134 286 192 32 226 191 185 51 217 272 79 372 185 71 280 221 94 294 208 179 313 297 160 107 108 1 219 261 125 248 336 345 228 191 340 303 205 197 235 341 190 223 165 98 95 335 341 324 229 190 114 241 155 200 217 378 13 330 301 114 378 311 76 231 106 165 288 275 126 106 300 296 301 142 89 238 347 203 140 334 48 181 328 191 222 41 329 176 306 183 300 107 119 294 159 296 219 284 340 211 257 29 211 118 296 168 306 165 89 238 67 156 241 140 171 156 332 215 197 182 358 300 214 45 267 192 234 140 57 282 304 159 242 220 144 32 187 223 93 275 215 112 307 233 312 268 282 94 237 217 161 253 327 310 350
 353 174 348 384 309 93 281 302 307 294 245 192 198 357 288 295 195 356 165 158 207 305 127 149 154 311 327 240 227 237 292 170 264 27 132 180 168 38 166 62 273 207 230 126 358 301 194 297 318 312 219 1 43 240 334 157 347 259 283 321 297 230 334 141 350 53 336 86 286 310 343 315 251 139 239 116 337 327 172 331 377 231 204 101 261 203 341 285 265 115 206 102 64 302 299 136 331 301 221 301 38 186 157 338 209 208 176 317 71 153 228 346 218 355 317 344 310 102 192 329 235 313 171 153 176 245 228 233 146 293 173 256 56 217 120 185 356 311 184 126 345 218 187 93 122 313 319 19 184 323 196 56 193 170 177 100 218 89 55 177 189 336 331 249 58 204 148 154 57 233 234 128 138 246 16 267 303 169 156 240
 389 143 364 423 312 116 281 333 348 329 239 207 231 367 315 335 158 397 193 135 215 330 149 145 122 348 346 265 268 257 322 193 305 55 126 218 131 77 208 22 296 247 235 151 395 311 192 331 359 351 261 43 1 274 359 131 358 281 312 329 309 252 367 150 362 89 365 123 325 351 355 322 252 150 264 156 364 364 200 361 386 273 194 70 297 175 357 325 286 157 234 80 30 339 338 120 349 314 252 342 47 165 184 377 198 248 207 327 103 167 270 359 244 373 350 363 350 143 191 365 240 341 168 124 194 260 269 255 181 306 199 262 98 257 126 224 395 335 215 159 382 210 204 121 153 316 335 50 225 344 227 60 230 211 177 68 247 91 76 207 231 369 360 287 17 222 188 140 62 233 244 118 178 264 46 299 325 150 141 232
 120 329 192 168 249 165 247 68 141 57 262 146 285 233 83 118 371 164 293 289 178 108 298 223 319 85 163 76 96 116 70 110 159 251 226 73 350 204 169 294 99 212 202 288 126 199 224 59 136 116 125 240 274 1 126 299 225 110 68 225 188 96 97 178 220 237 109 228 83 143 214 228 231 172 75 131 121 96 297 103 257 125 261 286 34 331 188 113 113 162 66 266 275 79 95 259 173 184 33 129 272 295 295 126 264 80 282 212 248 156 164 208 69 182 80 176 115 155 220 96 202 98 219 307 132 150 99 101 95 181 93 205 201 210 193 78 142 118 64 255 121 256 130 264 263 249 179 226 102 143 298 225 251 108 213 291 52 214 267 73 131 97 107 43 283 121 206 258 223 223 168 240 114 126 230 39 129 278 261 270
 144 369 90 209 196 244 212 71 237 116 252 168 409 141 48 215 414 234 414 328 184 30 414 260 366 150 67 95 218 112 58 167 274 351 271 195 400 302 294 378 65 337 193 405 151 138 237 98 223 200 248 334 359 126 1 340 138 86 60 156 127 109 80 225 129 344 42 342 176 238 126 165 211 221 96 242 17 140 419 45 162 246 272 350 137 358 90 215 82 280 129 325 351 152 181 304 77 120 124 226 370 322 415 189 274 205 405 142 359 202 287 114 117 70 81 70 200 267 235 135 189 30 245 352 172 131 221 108 201 122 161 179 307 335 248 202 197 28 155 375 169 259 163 378 382 193 96 317 227 43 422 302 376 232 236 355 119 279 372 160 256 99 36 157 364 144 329 294 300 214 156 287 231 110 321 88 51 310 297 264
 416 31 313 465 225 147 190 340 411 354 136 173 354 298 306 394 75 452 320 14 159 312 278 81 30 383 304 257 333 229 322 192 386 180 74 271 63 171 303 131 277 352 163 279 423 246 111 348 416 403 336 157 131 299 340 1 290 255 310 256 249 236 375 123 297 209 361 240 371 415 291 245 165 128 256 224 350 393 327 358 311 347 90 63 330 47 306 384 259 248 239 56 102 376 385 41 303 256 269 403 176 40 311 421 92 308 332 259 227 146 358 299 244 329 360 319 401 226 113 393 168 332 97 15 175 215 335 235 226 248 207 189 200 360 107 281 438 313 236 282 419 109 182 247 278 230 283 147 294 312 352 111 346 281 107 66 255 96 205 228 311 384 353 328 119 200 296 47 111 150 191 60 244 231 147 309 295 36 44 125
 280 314 51 345 79 257 110 197 359 241 165 156 479 10 152 336 358 365 471 277 144 132 456 223 319 278 72 154 319 126 176 191 383 371 240 274 352 325 371 373 127 422 130 450 287 48 181 223 349 326 345 347 358 225 138 290 1 119 168 37 51 144 216 210 12 377 179 387 297 361 13 49 127 210 156 295 153 272 478 181 34 348 204 323 249 291 49 333 115 339 185 298 340 278 306 264 62 49 205 347 384 259 469 320 204 299 469 33 395 195 384 25 172 75 213 70 325 318 180 268 124 157 200 304 176 105 322 138 257 56 198 103 342 423 233 284 330 123 215 428 302 186 165 417 432 75 48 329 311 98 488 300 451 311 190 329 188 268 397 215 343 234 172 266 357 152 397 247 298 141 115 253 294 115 333 196 101 255 249 178
