NAME : domp220p55v1
COMMENT : (Deleplanque et al.) 
TYPE : DOMP
DIMENSION : 220
DISPLAY_DATA_TYPE: NO_DISPLAY
OPEN_FACILITIES : 55
COST_SECTION
 1 152 238 263 178 142 104 255 278 137 253 186 66 285 203 193 209 259 191 151 152 130 283 334 206 181 202 117 225 61 45 271 84 159 127 307 133 156 139 97 214 219 34 86 208 84 97 166 285 110 126 159 67 229 116 181 300 132 103 157 195 50 233 259 86 304 173 296 171 78 180 191 70 349 237 138 125 56 134 215 218 95 188 206 141 89 170 179 200 167 177 104 116 314 151 257 92 291 137 253 136 118 166 228 43 149 295 162 248 28 149 155 141 100 97 320 89 151 37 301 154 98 224 274 163 274 50 41 197 167 176 99 226 303 273 172 212 266 114 216 168 50 286 305 136 208 55 95 87 265 124 233 218 197 102 112 70 250 132 329 142 180 118 133 42 97 70 203 204 58 305 152 170 94 158 226 59 231 104 123 141 122 339 210 119 272 54 211 100 178 220 118 197 288 210 171 340 195 314 211 59 192 112 230 181 31 158 337 190 329 72 178 131 181 2 275 50 351 256 266
 152 1 345 247 28 157 255 294 407 285 276 330 164 277 316 137 308 298 195 210 72 222 331 320 75 298 351 250 125 127 192 311 234 32 277 333 62 307 278 177 308 189 183 237 244 69 247 316 291 52 254 286 99 293 71 317 307 51 227 40 153 181 182 272 174 299 300 269 248 78 190 304 84 340 338 289 248 114 285 339 77 64 290 55 245 238 286 299 56 314 307 114 102 334 31 289 227 264 231 262 19 234 57 358 130 292 357 313 349 169 290 306 36 197 239 335 158 295 172 422 94 124 309 287 83 394 111 191 284 282 324 128 304 328 378 302 307 315 153 194 25 145 384 333 17 258 172 202 172 403 261 188 366 285 252 131 102 330 277 344 223 29 263 278 187 237 131 338 347 172 430 257 281 94 283 319 198 177 49 249 216 53 327 76 128 328 111 244 237 317 356 178 337 408 113 309 335 44 296 312 160 49 224 251 299 134 11 333 42 461 109 238 245 110 153 382 149 345 294 301
 238 345 1 237 370 205 207 146 91 239 173 132 188 232 364 274 39 147 202 144 295 339 137 264 356 59 167 127 332 298 200 148 185 366 214 186 356 188 276 324 44 246 212 196 153 294 218 180 209 325 116 312 251 101 342 303 214 299 291 369 259 264 276 191 173 236 320 264 105 298 197 48 274 266 18 216 115 239 209 53 378 313 56 393 102 227 69 336 367 255 315 233 248 199 360 160 150 263 343 196 326 307 319 72 228 133 115 207 18 250 271 202 352 316 254 211 322 264 202 85 278 223 58 195 295 60 246 230 70 72 250 219 72 185 37 314 43 130 195 237 368 211 52 181 334 131 188 306 314 120 275 269 169 68 214 348 303 66 252 215 124 364 251 147 241 151 217 89 127 186 99 90 344 251 87 41 181 280 309 297 132 294 263 362 223 119 287 157 147 110 94 169 108 72 322 107 253 384 261 35 289 392 128 175 341 233 354 250 365 140 238 126 108 289 238 39 284 261 150 156
 263 247 237 1 262 122 322 100 326 365 69 321 204 32 462 112 204 101 73 134 176 391 131 76 207 233 357 247 154 299 263 108 287 278 343 104 295 344 385 352 195 59 266 299 88 247 324 345 54 267 240 413 214 138 293 426 66 201 363 285 95 312 75 52 188 53 427 35 153 260 84 228 234 95 220 352 229 216 344 269 228 264 203 269 197 324 228 436 230 394 428 169 166 100 276 86 245 32 399 43 236 379 193 295 222 293 169 361 228 290 390 353 275 360 345 96 338 388 241 318 155 170 180 59 165 294 226 290 174 223 397 167 166 100 252 424 197 124 150 55 268 214 244 107 248 108 221 357 342 349 374 66 367 176 325 338 284 181 369 104 160 248 359 293 297 258 194 295 328 217 332 199 430 189 244 197 247 81 245 381 154 204 82 212 150 141 277 84 254 296 310 152 308 305 154 287 89 266 53 209 316 284 207 63 439 235 256 87 239 376 202 127 213 140 263 258 304 99 96 96
 178 28 370 262 1 179 280 315 434 309 296 357 191 292 333 150 334 319 214 235 89 239 352 333 71 325 377 276 128 148 218 332 260 32 303 352 72 332 301 194 334 204 210 263 265 94 272 342 308 73 281 306 126 316 86 338 323 74 248 40 168 205 193 290 201 314 320 281 273 102 210 330 111 353 363 314 275 141 310 365 64 87 316 29 272 263 313 318 46 338 328 139 125 352 37 309 254 276 248 280 46 254 69 384 157 319 380 338 374 193 313 331 47 216 263 352 175 318 199 448 111 149 334 305 98 420 138 216 309 308 348 153 328 347 403 323 333 337 178 209 15 172 409 352 43 280 199 222 191 430 283 200 393 310 277 145 123 354 301 361 248 16 286 304 212 263 158 365 374 198 456 284 300 120 310 344 224 188 74 270 241 78 340 70 152 350 134 266 264 344 383 203 364 434 118 336 349 18 309 337 181 24 250 271 318 160 21 347 31 488 136 261 272 123 179 407 171 359 314 321
 142 157 205 122 179 1 212 140 282 255 126 239 87 146 343 76 166 144 51 62 95 270 176 195 153 172 270 154 132 179 147 157 178 185 235 184 191 245 270 231 164 80 149 189 89 134 212 249 151 159 151 296 96 138 184 312 166 107 243 190 67 191 100 127 76 167 309 155 101 146 41 173 118 212 194 245 141 95 238 215 175 153 153 197 120 210 162 317 166 285 312 52 57 188 180 136 143 150 278 119 141 258 119 238 101 204 202 259 205 169 276 251 176 239 229 191 218 276 124 288 75 50 160 143 92 261 106 172 138 157 290 47 153 179 234 308 164 160 31 76 181 94 236 183 151 102 105 236 222 291 257 98 283 139 214 221 167 178 256 200 85 169 245 198 178 156 73 227 251 101 299 129 310 75 169 172 135 101 138 262 76 105 200 159 33 172 158 90 154 217 245 47 234 274 120 208 204 190 174 171 195 202 113 101 321 114 167 200 167 337 82 85 129 86 143 239 183 214 140 148
 104 255 207 322 280 212 1 282 214 44 291 106 127 338 160 278 194 286 253 191 250 139 300 385 307 152 108 90 320 145 70 295 36 259 25 337 230 56 72 140 203 291 75 24 248 187 14 68 329 210 101 107 166 243 211 108 342 233 89 257 276 87 311 303 138 353 117 357 189 179 242 164 173 396 215 36 109 152 31 166 321 196 174 308 143 25 145 131 302 74 114 191 207 347 252 290 80 353 141 301 239 104 267 168 136 80 299 59 222 90 72 52 241 124 49 356 147 68 95 245 247 182 220 316 259 223 150 65 197 145 79 181 228 333 240 112 200 285 183 286 270 130 258 333 239 238 110 112 133 189 69 310 123 197 8 185 164 245 51 363 168 283 45 62 71 70 154 139 124 113 244 148 138 189 123 214 79 311 207 91 172 223 388 311 200 285 150 251 74 110 152 172 126 234 305 108 385 297 369 193 118 293 121 275 137 127 260 382 292 257 165 208 125 273 103 240 121 396 285 295
 255 294 146 100 315 140 282 1 235 324 32 252 190 88 437 179 119 5 103 105 227 382 38 120 275 159 289 195 233 306 238 18 249 323 299 56 329 289 352 351 110 132 246 262 52 270 288 287 64 297 185 385 229 48 321 389 70 245 344 329 160 299 159 49 170 91 396 122 94 281 106 150 253 124 129 306 176 224 298 187 298 290 127 330 141 292 157 409 294 349 395 189 196 66 319 16 204 122 388 58 279 361 250 211 223 233 73 308 135 278 353 301 315 353 317 75 341 349 224 223 205 184 90 50 221 201 234 270 96 154 349 180 77 52 156 392 112 26 154 123 318 209 146 52 290 48 203 346 341 264 344 151 297 97 287 352 298 85 332 82 118 304 324 238 280 214 198 218 255 199 238 138 409 212 178 107 219 165 276 358 117 244 120 281 171 43 286 51 210 226 230 140 234 211 228 219 112 324 116 124 312 338 163 49 413 234 304 109 299 282 214 79 159 202 255 162 303 121 5 14
 278 407 91 326 434 282 214 235 1 231 263 111 244 322 353 355 124 236 288 223 367 352 223 353 429 112 130 162 412 336 235 236 205 424 210 273 407 173 270 349 132 332 247 212 241 349 226 161 298 379 155 305 309 190 391 287 303 366 301 425 341 290 362 281 234 325 309 354 186 349 281 110 329 353 107 207 160 295 202 70 450 365 132 459 166 237 123 327 436 237 302 301 318 286 417 250 187 353 354 286 388 316 390 51 281 137 195 188 102 282 261 186 408 336 261 298 352 253 245 38 352 290 148 285 369 38 300 258 155 128 227 286 161 272 87 303 130 218 267 323 429 264 106 268 394 220 238 323 340 44 275 355 124 154 221 385 347 153 247 301 198 430 250 155 268 182 277 77 95 238 32 155 341 316 125 130 220 365 366 301 207 359 351 435 295 206 331 245 179 106 63 241 89 36 401 110 341 449 351 119 319 454 184 264 333 282 416 338 433 56 298 210 163 367 277 82 317 348 239 245
 137 285 239 365 309 255 44 324 231 1 333 121 169 380 127 319 230 327 296 234 287 131 340 428 342 186 109 130 359 166 110 336 79 285 26 378 252 59 40 146 239 333 112 67 290 217 44 71 371 237 141 76 202 283 234 67 384 268 83 282 317 107 353 346 181 396 82 400 231 208 284 198 205 439 248 25 149 189 31 193 354 223 211 337 183 49 180 99 335 32 77 231 246 388 278 332 122 395 131 343 270 94 302 190 173 107 336 47 255 117 33 47 267 125 50 397 158 27 135 265 286 222 258 358 297 246 185 97 236 182 41 222 266 375 269 76 236 325 225 329 298 170 289 374 268 280 151 113 141 199 48 352 122 236 41 198 188 282 17 405 211 313 27 93 98 111 194 162 137 155 262 188 111 227 158 250 121 353 237 75 215 258 430 346 241 324 176 294 115 134 171 215 145 256 343 134 428 326 412 228 135 320 163 317 105 163 289 424 324 268 203 250 166 312 136 269 141 438 327 337
 253 276 173 69 296 126 291 32 263 333 1 271 188 60 442 154 143 33 82 105 207 381 65 99 251 179 308 207 206 299 241 42 256 306 310 59 315 303 359 348 134 104 247 270 46 259 296 302 41 284 198 391 219 73 309 398 52 227 346 312 135 299 131 19 169 67 403 93 106 270 88 172 242 107 156 317 188 216 309 211 274 278 147 308 153 298 176 414 272 360 402 177 181 63 302 18 212 92 388 27 262 363 229 235 218 248 102 322 163 278 362 314 299 352 322 69 336 358 224 252 185 173 116 26 200 230 227 272 117 171 361 170 102 54 185 399 136 56 145 96 299 205 176 58 273 55 203 346 337 289 350 122 316 118 296 344 290 114 340 78 124 284 332 252 281 223 191 240 275 199 267 153 412 200 195 133 222 136 262 362 121 227 100 257 158 73 279 43 219 245 253 135 255 240 203 237 96 304 90 148 309 319 171 26 418 229 286 92 278 310 205 84 171 179 253 192 299 106 28 30
 186 330 132 321 357 239 106 252 111 121 271 1 173 327 245 313 138 254 263 192 306 243 256 368 368 94 38 87 365 240 142 260 105 342 100 302 319 64 160 244 148 307 153 108 235 266 118 53 310 294 88 196 233 205 301 180 320 297 192 342 304 188 334 287 171 337 201 354 169 263 253 104 248 375 145 97 99 218 92 81 386 280 126 384 126 130 96 218 370 130 194 240 257 314 335 263 106 351 245 288 313 207 327 72 202 39 242 80 149 183 152 77 325 229 153 325 249 144 160 145 296 228 169 296 312 127 220 158 156 100 122 226 181 300 157 194 145 245 215 300 350 188 178 298 316 218 161 216 236 84 165 329 47 156 112 285 255 189 137 331 164 356 140 55 167 95 207 45 19 162 142 122 231 247 77 156 134 335 285 191 172 289 369 373 240 239 239 239 95 27 50 193 26 136 352 35 363 374 359 134 218 374 126 262 224 198 338 359 363 152 226 194 112 317 186 155 218 372 256 264
 66 164 188 204 191 87 127 190 244 169 188 173 1 224 260 152 155 194 132 86 134 194 218 273 196 137 199 88 198 120 61 206 94 181 151 243 169 166 184 162 158 166 63 105 144 107 127 172 221 138 92 211 66 166 155 226 236 126 161 183 149 112 185 195 21 242 224 237 108 111 121 144 87 287 185 161 85 52 155 176 214 126 134 216 87 124 125 233 198 200 226 69 86 250 175 192 69 233 201 190 145 177 155 195 41 135 232 178 196 90 190 170 166 165 143 256 153 190 39 261 126 58 166 210 141 233 59 88 138 121 205 56 165 238 223 222 157 202 57 162 186 24 233 240 151 144 19 159 152 241 172 184 214 139 129 169 119 190 170 265 79 187 159 124 95 81 35 176 189 15 268 99 228 75 121 170 50 185 123 178 77 118 277 201 74 208 104 147 80 157 194 54 176 247 183 148 277 206 254 158 123 210 62 167 237 48 172 274 192 298 55 113 84 150 66 226 114 288 192 201
 285 277 232 32 292 146 338 88 322 380 60 327 224 1 482 143 202 88 96 148 206 414 113 50 238 236 363 258 184 324 282 92 302 309 358 78 325 355 403 377 193 90 286 315 94 274 341 355 29 295 250 432 240 132 322 443 37 231 384 316 126 334 105 42 207 23 445 36 159 288 107 230 261 66 215 366 239 241 358 269 259 292 205 300 205 342 232 455 261 409 446 195 194 72 306 74 259 37 422 40 266 400 224 294 246 302 151 373 221 312 407 365 305 384 364 67 363 404 261 310 185 195 175 40 196 288 251 310 175 228 410 192 161 75 243 442 195 110 172 85 299 236 233 82 278 110 240 379 367 348 393 97 373 176 341 365 311 172 386 74 172 279 376 304 318 271 218 298 332 236 325 207 451 216 251 192 264 111 274 401 167 234 55 243 176 126 303 90 268 301 311 171 312 298 185 293 60 297 33 207 339 315 219 66 459 259 287 57 270 369 227 135 223 170 286 249 328 70 84 81
 203 316 364 462 333 343 160 437 353 127 442 245 260 482 1 393 353 440 391 338 345 95 457 531 386 310 226 248 419 192 202 451 190 303 151 491 264 182 90 140 362 420 197 177 397 258 151 193 478 264 260 54 264 400 249 69 492 319 101 297 396 154 435 451 276 500 46 496 344 244 379 322 256 544 372 150 267 256 157 319 391 254 333 360 299 146 303 30 371 118 52 306 316 500 298 443 235 491 87 447 306 87 352 315 245 233 457 166 380 176 94 169 287 119 121 508 159 102 222 388 351 300 379 466 357 371 248 173 355 304 129 301 386 487 395 52 359 441 314 418 320 250 414 488 300 391 243 116 144 318 94 435 236 356 154 192 216 404 113 516 320 343 116 218 166 226 272 287 259 247 384 306 35 293 281 373 220 433 274 82 322 309 535 388 321 442 212 401 231 259 294 312 269 380 404 260 534 349 513 352 162 336 275 422 25 232 316 531 357 385 272 360 283 379 202 394 174 545 439 449
 193 137 274 112 150 76 278 179 355 319 154 313 152 143 393 1 236 182 79 133 67 311 216 184 99 246 344 228 59 211 210 194 246 168 302 207 189 316 329 267 232 55 209 256 135 150 276 321 160 163 226 350 130 194 190 371 175 95 294 176 20 240 48 145 146 165 365 134 171 164 80 247 143 204 262 313 216 138 306 289 121 164 225 158 195 272 237 370 120 350 368 90 78 206 166 169 215 128 319 135 128 307 82 312 151 278 249 329 272 220 337 321 167 281 287 204 250 338 185 358 49 98 225 159 55 332 146 229 206 231 356 98 215 202 301 364 232 203 101 61 157 151 300 208 139 155 170 280 259 366 315 53 358 207 279 241 191 238 319 213 158 136 306 271 233 228 127 302 326 167 370 203 359 101 244 239 202 44 143 314 150 100 191 104 80 218 188 134 227 292 320 122 309 344 51 283 200 155 160 241 235 173 188 131 372 163 146 198 128 409 122 150 204 28 194 306 223 210 177 182
 209 308 39 204 334 166 194 119 124 230 143 138 155 202 353 236 1 121 165 106 257 319 120 239 318 46 175 107 294 269 176 125 167 331 205 166 322 185 264 300 11 209 186 179 118 260 203 180 181 291 96 300 217 72 309 296 189 262 272 334 221 240 239 161 139 209 309 233 66 265 159 35 240 242 31 209 91 205 201 69 339 280 23 356 70 211 51 324 329 250 306 196 211 179 324 133 127 232 323 165 290 290 282 93 196 127 108 204 42 224 262 198 317 294 238 190 296 256 173 123 239 186 32 167 257 97 213 207 32 50 247 182 45 164 70 304 9 109 158 200 332 178 79 162 298 97 158 284 290 147 262 232 180 31 201 320 272 53 242 195 87 327 238 138 218 131 182 101 138 155 136 58 330 215 73 21 155 243 274 281 95 257 238 324 186 102 257 122 127 113 112 132 118 109 284 107 230 347 233 6 263 356 98 142 330 201 318 227 328 177 203 88 80 250 209 74 257 238 123 131
 259 298 147 101 319 144 286 5 236 327 33 254 194 88 440 182 121 1 106 109 231 386 35 119 279 161 292 199 236 310 242 14 252 327 303 52 333 293 356 355 111 134 250 266 56 275 292 290 63 301 189 388 233 50 325 393 69 248 347 333 163 303 162 50 174 90 400 122 98 285 110 152 257 122 130 309 179 228 301 189 301 294 129 333 145 295 160 412 298 352 399 193 200 62 323 16 208 122 392 59 283 365 253 213 227 236 70 311 135 282 357 304 319 357 321 72 345 353 228 223 209 188 92 50 224 202 238 274 99 156 352 184 78 48 156 396 114 24 158 126 322 213 146 49 294 52 207 350 345 265 348 153 299 99 291 356 302 85 335 79 122 308 328 242 283 217 202 221 257 203 238 142 412 216 181 109 222 167 280 362 121 248 118 284 175 41 291 55 213 229 232 144 237 211 231 222 110 328 116 126 316 342 167 52 417 238 308 106 303 282 218 83 163 206 259 162 307 118 6 11
 191 195 202 73 214 51 253 103 288 296 82 263 132 96 391 79 165 106 1 72 126 320 140 144 174 183 297 183 136 230 192 119 218 225 275 139 236 279 315 282 160 46 195 230 58 182 255 282 101 205 178 342 146 116 231 356 117 146 291 231 61 240 75 79 117 116 355 106 103 194 13 181 167 161 189 284 167 146 277 224 197 201 158 228 138 254 176 364 192 326 357 101 102 141 221 96 178 102 327 70 181 307 148 249 151 232 172 295 198 218 320 287 219 289 274 143 268 319 170 287 104 100 150 95 119 261 156 219 134 170 329 97 139 134 226 353 160 127 78 38 218 142 224 139 192 78 150 285 272 304 303 69 309 136 256 271 217 161 299 152 100 203 288 230 226 191 123 244 272 146 300 144 359 123 188 165 177 78 183 309 92 147 150 180 82 141 208 56 188 239 260 82 254 273 129 230 153 223 124 170 245 238 142 57 368 164 205 150 197 341 132 78 152 101 192 232 233 164 102 108
 151 210 144 134 235 62 191 105 223 234 105 192 86 148 338 133 106 109 72 1 154 278 135 195 214 115 227 114 190 202 138 121 155 236 211 158 235 211 257 247 103 117 144 169 60 173 194 212 140 203 108 288 130 86 224 297 154 162 242 240 120 196 144 114 66 164 300 169 41 182 62 115 154 207 133 219 96 122 212 157 235 193 93 255 67 196 106 311 225 262 300 98 110 165 230 108 113 165 285 111 193 259 178 181 120 162 153 228 144 175 260 220 225 249 219 172 237 258 121 227 135 89 101 128 153 200 133 168 77 101 264 85 95 153 173 297 103 118 58 109 234 105 177 155 202 59 99 243 237 235 247 139 238 78 195 250 197 121 239 180 29 226 230 160 177 125 96 174 201 95 239 74 309 119 118 112 119 147 183 258 21 158 198 219 84 126 184 63 121 168 191 37 183 213 180 159 197 247 180 110 208 257 73 85 315 130 220 194 226 277 115 30 81 146 151 178 199 208 107 116
 152 72 295 176 89 95 250 227 367 287 207 306 134 206 345 67 257 231 126 154 1 257 264 249 64 256 332 220 75 156 181 244 222 103 274 263 124 295 290 212 256 118 176 229 178 90 245 303 221 99 222 306 86 231 125 332 236 30 247 110 82 195 113 202 137 228 321 199 193 105 122 259 90 269 286 285 213 99 280 298 84 102 242 104 202 239 245 323 73 318 326 68 50 264 101 221 202 194 265 192 62 259 25 320 115 268 293 306 297 177 300 298 101 228 248 264 194 303 157 376 23 79 253 217 14 349 103 192 230 240 326 82 246 258 326 321 255 250 101 123 94 123 329 264 74 194 148 229 204 370 274 119 347 231 250 179 133 271 283 273 172 78 269 257 193 214 101 304 321 146 387 213 310 62 247 265 179 109 80 269 164 38 256 69 73 263 134 178 213 288 323 128 307 362 60 279 264 98 225 261 184 113 186 183 325 125 82 262 74 422 86 178 206 42 153 331 172 274 226 233
 130 222 339 391 239 270 139 382 352 131 381 243 194 414 95 311 319 386 320 278 257 1 407 463 294 281 238 213 330 102 147 397 155 209 146 435 170 186 98 47 326 344 138 145 337 168 127 199 414 172 225 81 182 352 155 119 429 230 52 203 316 84 354 388 213 433 92 423 294 153 309 293 170 478 343 152 229 177 155 302 298 162 297 266 255 116 272 84 278 145 102 226 235 443 204 385 193 418 10 382 214 39 262 306 169 218 415 177 352 105 112 175 193 31 92 449 66 121 159 383 266 223 340 403 270 360 168 115 313 271 159 225 344 431 373 97 323 391 243 343 226 179 390 433 207 335 180 37 53 325 85 356 252 314 132 98 125 366 115 458 266 249 106 199 104 189 198 277 261 184 383 264 62 211 253 337 168 352 183 58 266 221 468 296 244 395 124 340 194 248 290 247 264 372 316 246 469 255 443 319 77 242 227 359 83 157 223 466 263 394 192 304 241 294 130 374 89 480 384 394
 283 331 137 131 352 176 300 38 223 340 65 256 218 113 457 216 120 35 140 135 264 407 1 133 313 164 293 211 270 336 262 24 267 359 315 50 364 300 370 379 109 168 270 281 88 304 307 296 86 332 200 404 262 58 355 406 85 281 367 365 197 325 195 80 198 109 415 148 115 314 143 153 286 131 120 320 191 256 312 184 335 324 133 367 158 311 165 428 331 363 413 224 232 63 355 48 223 148 413 90 315 384 287 207 254 242 39 319 123 305 370 313 351 379 337 75 370 365 250 205 242 218 89 75 258 187 266 294 105 162 361 214 77 50 139 411 112 17 187 159 354 238 125 45 326 78 229 372 368 256 364 186 299 105 305 384 330 73 349 79 142 341 343 251 304 232 230 219 256 226 221 153 430 247 187 103 242 200 311 380 143 280 130 318 206 19 318 87 227 231 228 170 236 195 265 225 119 361 136 124 340 375 184 86 433 264 341 116 336 265 247 107 176 240 283 145 331 125 40 36
 334 320 264 76 333 195 385 120 353 428 99 368 273 50 531 184 239 119 144 195 249 463 133 1 274 276 405 303 217 373 330 118 350 351 404 86 370 400 451 425 229 132 334 363 139 321 388 400 59 341 295 481 288 167 367 491 51 275 432 358 168 382 141 84 255 33 493 53 203 335 155 269 308 22 247 412 284 289 405 306 294 339 244 338 250 390 273 504 298 455 494 243 241 74 349 107 306 58 470 85 310 449 265 331 295 346 169 418 252 360 454 411 349 433 412 63 412 452 310 337 229 243 210 73 238 318 300 359 214 269 457 240 196 85 271 491 231 136 221 129 340 285 257 91 321 153 289 428 415 383 441 134 414 215 389 412 358 201 433 66 218 319 424 349 367 318 266 337 372 285 353 250 500 263 293 226 313 147 319 450 213 279 9 278 224 149 351 135 314 343 349 220 352 326 220 335 24 336 25 243 388 355 266 111 507 307 329 24 309 397 275 180 268 211 335 277 377 30 116 109
 206 75 356 207 71 153 307 275 429 342 251 368 196 238 386 99 318 279 174 214 64 294 313 274 1 318 394 283 60 195 240 291 281 100 331 304 136 355 341 248 316 151 234 287 230 131 301 363 257 124 285 353 142 286 145 381 271 75 294 109 117 244 134 243 200 258 367 222 253 144 173 322 138 294 346 342 276 157 338 361 24 133 303 67 264 294 307 368 27 373 373 131 113 303 102 267 264 216 303 232 81 303 42 383 173 330 345 364 357 228 352 357 109 268 300 301 229 355 216 438 79 142 312 256 62 411 159 246 290 302 382 145 303 299 386 368 315 299 164 158 84 183 388 305 88 248 209 271 243 433 324 142 408 291 306 205 171 328 337 309 234 56 323 319 246 275 162 367 383 208 449 275 352 122 310 324 240 128 113 316 225 85 281 7 135 314 176 229 275 351 386 190 370 424 54 342 292 68 249 322 227 88 249 228 369 181 79 290 42 484 145 236 269 74 207 391 215 301 274 279
 181 298 59 233 325 172 152 159 112 186 179 94 137 236 310 246 46 161 183 115 256 281 164 276 318 1 132 69 303 242 143 166 127 317 161 209 304 140 221 266 56 229 154 139 146 243 162 135 218 274 58 257 202 112 289 252 227 256 233 319 233 206 257 196 125 245 266 265 82 246 175 13 223 282 64 164 58 188 156 44 339 261 33 349 55 170 13 281 326 205 262 191 207 221 311 170 92 263 285 198 280 250 279 67 176 82 153 159 72 192 218 153 302 258 197 231 265 212 146 125 241 179 76 204 258 97 195 172 63 17 202 176 88 206 94 260 53 152 156 220 321 159 110 204 286 127 134 248 256 122 219 252 139 63 158 292 248 99 198 237 89 320 195 94 183 93 168 63 97 133 133 44 288 206 29 66 124 260 259 240 98 249 276 324 184 146 232 150 89 69 78 130 77 111 291 62 270 339 268 44 231 345 76 173 287 179 307 266 323 167 190 108 54 256 181 96 227 278 162 171
 202 351 167 357 377 270 108 289 130 109 308 38 199 363 226 344 175 292 297 227 332 238 293 405 394 132 1 118 395 251 160 297 119 360 94 339 333 54 147 246 185 341 169 118 271 284 120 41 347 311 121 181 255 243 315 159 357 321 189 358 336 194 367 324 200 374 183 390 205 279 287 141 267 412 181 87 132 240 85 115 410 296 163 405 161 132 133 201 393 109 175 267 284 351 352 301 132 387 238 325 333 201 352 101 223 67 278 63 183 194 137 64 342 228 150 362 254 128 180 166 324 256 205 333 339 153 241 169 194 137 99 254 218 337 189 176 182 282 245 334 369 212 210 335 335 254 185 216 239 93 156 363 17 193 114 292 268 225 126 368 199 377 133 76 176 120 233 78 41 187 160 158 217 272 114 192 155 368 304 183 206 312 406 398 269 276 253 275 120 64 77 225 59 160 381 72 400 394 396 171 225 393 158 299 207 218 358 396 385 160 250 231 146 346 201 186 227 409 293 301
 117 250 127 247 276 154 90 195 162 130 207 87 88 258 248 228 107 199 183 114 220 213 211 303 283 69 118 1 279 177 76 208 60 264 105 250 246 98 161 198 115 226 88 73 166 188 98 100 246 218 13 196 151 155 230 196 258 213 166 265 220 138 251 221 85 272 206 281 103 188 172 80 169 313 131 111 21 136 103 98 301 205 86 303 55 104 60 220 285 155 203 154 171 260 257 204 26 277 218 220 231 183 242 112 121 51 210 116 140 125 160 108 248 190 132 269 197 155 84 184 210 142 132 233 226 158 140 104 108 58 155 140 139 246 162 201 112 196 129 219 270 106 177 246 236 153 79 180 189 155 156 247 131 108 96 227 186 157 139 277 87 274 134 48 115 25 122 89 102 79 189 59 224 163 43 127 59 252 206 175 94 205 306 288 154 196 170 170 21 69 108 108 89 171 265 61 302 292 290 107 164 295 42 193 225 121 258 298 280 215 142 124 37 231 117 163 160 312 199 208
 225 125 332 154 128 132 320 233 412 359 206 365 198 184 419 59 294 236 136 190 75 330 270 217 60 303 395 279 1 229 251 247 290 154 344 255 185 362 364 285 290 103 247 298 192 163 316 369 206 166 278 381 159 251 191 405 219 102 322 162 76 269 80 195 195 204 395 165 229 178 138 304 164 238 320 355 269 171 349 345 79 172 282 125 250 311 293 398 86 390 400 130 114 252 154 222 264 160 339 184 124 333 72 369 186 329 304 374 330 251 373 366 159 302 321 249 267 375 226 416 74 141 283 207 63 389 176 265 264 287 397 143 273 250 359 395 290 258 152 111 139 191 358 257 134 213 214 303 278 422 348 89 408 265 320 249 206 295 356 257 215 113 342 320 266 277 167 357 379 211 428 260 384 133 299 297 246 74 150 343 206 111 225 64 126 273 208 190 275 345 375 175 363 402 16 336 236 126 193 299 258 146 241 185 399 197 131 235 99 467 156 208 259 49 226 364 246 245 231 235
 61 127 298 299 148 179 145 306 336 166 299 240 120 324 192 211 269 310 230 202 156 102 336 373 195 242 251 177 229 1 103 322 136 122 165 356 87 200 154 57 274 248 91 134 257 67 134 212 328 76 186 160 86 284 69 191 344 129 101 118 218 61 256 303 139 345 174 330 227 53 219 251 69 390 297 175 185 85 173 274 202 64 247 176 201 124 231 173 181 193 181 131 137 362 115 306 152 324 111 296 116 108 161 287 84 205 351 202 308 58 167 196 104 74 118 367 41 172 97 360 165 131 283 319 169 334 74 83 255 228 205 133 283 351 334 176 272 319 156 248 136 99 346 354 111 260 113 77 50 321 136 258 266 256 141 51 26 308 156 376 198 155 142 187 75 156 110 261 258 116 364 212 157 113 218 285 119 253 84 123 195 120 378 197 150 327 24 259 159 234 278 167 254 347 214 228 382 165 351 271 34 157 172 276 174 73 129 378 168 386 98 231 191 193 62 336 26 393 307 316
 45 192 200 263 218 147 70 238 235 110 241 142 61 282 202 210 176 242 192 138 181 147 262 330 240 143 160 76 251 103 1 253 43 201 94 293 177 116 124 125 182 226 13 49 197 126 67 125 277 153 86 152 99 206 160 166 291 166 106 200 208 66 245 251 76 299 165 297 148 122 180 153 109 343 202 105 87 84 99 173 254 139 154 246 110 64 132 175 236 141 166 122 138 301 194 243 52 293 153 246 175 123 199 185 67 105 269 125 212 50 130 118 184 120 83 308 123 130 26 259 178 113 195 265 191 233 83 33 168 130 147 113 198 288 236 162 179 246 118 222 210 61 250 290 177 192 43 111 115 221 112 244 175 168 70 152 114 221 110 317 122 219 98 89 44 54 85 160 160 48 263 120 172 121 118 194 22 244 145 121 123 156 334 244 132 249 98 200 57 134 177 112 153 246 236 127 333 235 312 176 89 234 81 222 179 60 199 330 228 285 97 161 97 204 44 237 85 344 241 251
 271 311 148 108 332 157 295 18 236 336 42 260 206 92 451 194 125 14 119 121 244 397 24 118 291 166 297 208 247 322 253 1 262 340 312 43 346 300 365 367 115 145 261 275 69 287 302 297 66 314 197 398 246 56 338 402 68 261 358 346 175 315 172 58 186 91 410 127 108 298 123 157 270 119 131 318 188 240 310 192 314 307 135 346 154 305 166 422 310 361 408 206 213 55 336 26 217 128 404 67 296 376 266 215 240 243 61 319 135 294 366 312 332 369 331 66 357 362 239 221 222 201 95 54 237 201 251 285 105 163 360 197 81 41 154 406 117 19 171 137 335 225 142 39 307 63 218 361 357 267 358 163 304 105 300 369 315 84 345 72 133 320 338 249 295 227 214 225 262 214 236 150 423 229 188 111 233 178 293 372 132 261 116 297 188 34 303 68 222 234 235 156 241 210 243 227 107 341 117 129 328 355 177 63 427 250 321 103 315 281 231 94 171 218 271 160 319 115 18 14
 84 234 185 287 260 178 36 249 205 79 256 105 94 302 190 246 167 252 218 155 222 155 267 350 281 127 119 60 290 136 43 262 1 242 58 303 216 75 104 146 174 256 51 14 213 167 41 84 294 193 72 138 140 211 198 142 307 207 107 241 242 86 277 268 104 318 149 321 155 162 206 139 150 361 190 68 78 125 62 149 296 179 146 288 110 45 118 162 278 109 147 160 177 313 235 256 46 317 159 265 217 124 240 156 109 70 268 85 198 80 106 77 224 134 72 321 148 103 66 232 217 150 191 281 230 208 125 55 166 118 113 149 197 300 219 145 172 252 149 251 251 100 235 300 218 204 77 123 137 186 98 275 134 167 40 182 152 216 85 329 134 261 77 52 65 37 123 128 123 80 234 117 165 161 99 186 45 277 187 115 137 198 353 285 167 253 136 216 42 101 144 137 119 220 275 96 351 277 334 166 116 275 87 239 167 102 240 347 269 252 137 173 93 242 84 219 115 361 251 261
 159 32 366 278 32 185 259 323 424 285 306 342 181 309 303 168 331 327 225 236 103 209 359 351 100 317 360 264 154 122 201 340 242 1 281 363 41 313 275 165 331 220 191 244 273 77 250 323 322 50 270 279 116 319 56 311 338 80 221 9 184 180 213 302 194 330 292 301 272 81 219 324 97 371 360 292 265 130 289 357 95 64 311 57 266 240 306 289 77 313 300 139 129 365 8 318 241 295 218 293 45 226 88 374 144 304 385 317 371 171 287 311 19 187 238 366 146 293 184 441 124 148 334 318 114 413 125 195 307 301 325 152 329 358 400 295 330 344 178 225 18 161 407 363 35 285 187 194 162 418 257 220 375 309 256 114 98 355 276 375 246 46 262 289 190 249 151 353 359 187 448 278 270 118 300 342 210 208 59 242 239 81 358 99 155 356 111 273 251 331 371 202 350 427 143 323 366 46 327 334 155 36 242 281 289 145 24 364 61 478 129 264 264 141 159 404 146 377 323 330
 127 277 214 343 303 235 25 299 210 26 310 100 151 358 151 302 205 303 275 211 274 146 315 404 331 161 94 105 344 165 94 312 58 281 1 353 250 41 63 153 214 313 99 47 267 209 32 54 348 232 116 99 190 258 232 92 361 257 95 278 299 106 335 322 161 373 106 378 206 202 263 173 196 415 223 12 125 176 10 169 344 218 186 331 159 42 155 123 326 52 102 215 231 364 274 307 99 374 146 320 262 108 290 168 160 83 311 38 230 111 58 33 263 135 56 373 163 52 119 243 271 206 232 335 283 223 174 88 211 156 56 205 241 350 245 101 211 300 206 308 293 154 264 350 261 256 133 122 147 181 66 333 109 211 26 202 185 257 39 380 187 306 41 68 92 88 178 139 117 137 241 163 133 213 133 225 102 334 230 92 192 247 407 335 224 299 171 271 91 110 149 194 123 234 329 110 404 320 390 203 136 315 140 294 128 151 283 401 315 250 189 226 141 297 126 244 140 414 302 312
 307 333 186 104 352 184 337 56 273 378 59 302 243 78 491 207 166 52 139 158 263 435 50 86 304 209 339 250 255 356 293 43 303 363 353 1 373 342 406 403 156 154 299 317 101 317 343 340 52 342 239 439 277 98 367 444 44 284 398 369 188 352 176 63 223 68 451 111 149 328 146 199 300 82 169 360 230 273 352 232 327 336 177 363 196 346 208 463 326 403 450 235 239 14 359 51 259 113 442 73 319 415 284 255 274 285 83 361 172 331 408 354 357 406 371 26 393 403 277 254 241 231 136 49 255 237 284 324 147 205 402 227 123 6 188 447 159 58 202 147 356 260 173 6 330 101 256 399 393 305 399 168 346 148 342 401 347 122 386 30 172 339 379 292 333 268 247 266 303 252 270 192 463 258 230 151 273 182 320 412 171 285 83 310 216 68 336 98 264 277 276 191 283 244 253 270 70 359 93 171 365 375 218 84 468 285 343 67 333 314 262 133 213 233 308 194 354 76 53 43
 133 62 356 295 72 191 230 329 407 252 315 319 169 325 264 189 322 333 236 235 124 170 364 370 136 304 333 246 185 87 177 346 216 41 250 373 1 284 239 126 324 239 166 216 278 63 220 295 336 33 253 241 107 320 19 274 351 96 184 34 203 147 236 314 184 346 254 321 269 59 228 312 84 389 352 261 249 118 259 341 134 44 302 97 255 209 292 250 114 279 262 141 135 376 36 326 221 315 178 305 63 188 115 357 129 281 386 287 363 141 252 281 27 149 204 378 107 258 163 427 142 147 329 330 136 400 110 166 302 288 291 151 326 368 391 257 323 348 178 242 58 146 400 372 52 288 171 156 124 397 221 241 349 303 226 74 66 352 242 387 241 83 228 265 159 228 142 334 336 172 433 267 231 118 284 335 189 231 54 205 235 92 376 135 159 358 81 279 230 309 351 199 329 413 172 302 383 86 346 325 120 73 229 290 250 127 58 381 99 459 121 263 251 164 134 394 112 394 329 338
 156 307 188 344 332 245 56 289 173 59 303 64 166 355 182 316 185 293 279 211 295 186 300 400 355 140 54 98 362 200 116 300 75 313 41 342 284 1 98 193 195 320 124 70 263 239 68 14 343 264 107 133 214 246 266 118 354 281 136 311 310 142 344 318 171 369 138 378 199 233 268 151 224 409 199 35 117 199 32 139 370 250 169 361 151 79 137 155 352 69 131 233 249 354 306 299 103 375 186 317 290 148 314 134 183 59 292 20 204 144 90 15 295 175 97 363 201 81 140 207 290 222 215 329 304 190 199 119 197 139 63 221 225 340 216 131 192 287 217 315 323 174 236 338 291 249 149 162 186 142 105 341 69 196 61 240 219 238 75 370 185 334 81 52 126 90 196 106 79 152 204 152 169 235 114 204 117 344 259 131 191 272 402 359 238 284 204 267 92 79 113 201 88 199 348 82 398 349 388 182 173 347 139 291 161 176 313 394 343 210 211 222 134 314 155 215 176 407 293 302
 139 278 276 385 301 270 72 352 270 40 359 160 184 403 90 329 264 356 315 257 290 98 370 451 341 221 147 161 364 154 124 365 104 275 63 406 239 98 1 122 273 349 123 91 315 212 65 110 396 228 172 37 206 314 221 43 410 268 57 270 329 98 367 370 199 420 46 420 259 201 303 233 204 463 284 64 180 194 70 231 351 215 245 329 213 62 215 61 331 48 44 240 254 416 268 359 149 415 96 367 265 62 302 229 180 145 369 85 291 114 15 85 256 99 43 425 137 24 147 304 292 232 291 384 301 285 188 101 268 215 61 233 298 403 307 41 270 355 241 345 289 180 326 403 262 307 167 88 120 238 19 366 160 268 66 177 178 316 25 432 237 306 29 129 99 140 204 200 176 171 301 219 72 233 193 284 140 366 232 41 240 258 454 344 253 355 168 319 144 172 210 234 184 295 348 172 453 317 434 263 121 309 190 341 67 168 281 449 319 306 209 276 196 320 138 306 130 463 355 365
 97 177 324 352 194 231 140 351 349 146 348 244 162 377 140 267 300 355 282 247 212 47 379 425 248 266 246 198 285 57 125 367 146 165 153 403 126 193 122 1 305 303 114 138 304 123 128 206 378 126 209 117 140 325 110 152 394 184 66 159 274 61 312 353 182 397 130 384 267 108 271 277 126 442 326 162 211 137 163 293 252 116 278 221 233 116 256 125 232 167 139 186 192 410 159 353 175 379 55 347 168 65 216 301 132 213 390 189 336 77 136 185 148 24 98 415 20 144 131 377 221 183 318 369 225 353 127 95 290 254 180 186 320 399 359 133 303 362 206 302 181 144 374 401 162 305 151 35 11 327 105 314 261 291 134 57 80 343 132 424 238 204 120 195 84 175 160 273 262 154 378 243 106 168 240 318 145 309 137 84 237 175 430 250 204 368 80 306 178 244 288 213 262 365 270 240 433 210 404 300 40 198 204 325 125 120 177 430 218 395 152 274 221 249 97 361 50 444 353 362
 214 308 44 195 334 164 203 110 132 239 134 148 158 193 362 232 11 111 160 103 256 326 109 229 316 56 185 115 290 274 182 115 174 331 214 156 324 195 273 305 1 203 192 187 111 262 212 190 172 293 103 309 219 63 311 305 179 262 280 335 216 247 233 152 141 199 318 225 63 268 154 45 242 232 31 218 98 207 210 78 337 282 30 355 74 218 60 333 327 260 315 196 210 169 325 123 134 223 330 156 290 297 280 103 198 137 98 214 42 230 271 208 318 301 246 180 301 265 178 128 237 186 22 158 255 103 216 213 27 59 257 182 35 154 71 313 4 99 157 194 332 181 77 151 298 89 162 291 295 156 270 226 191 26 209 324 275 44 251 185 86 327 247 148 224 139 183 111 148 159 141 63 338 215 82 13 161 237 275 289 94 257 228 321 184 92 260 114 134 123 122 131 128 115 280 117 220 347 223 16 268 356 103 134 338 204 318 217 327 183 205 83 86 247 214 76 262 228 114 121
 219 189 246 59 204 80 291 132 332 333 104 307 166 90 420 55 209 134 46 117 118 344 168 132 151 229 341 226 103 248 226 145 256 220 313 154 239 320 349 303 203 1 227 268 96 192 291 324 107 210 221 374 164 155 237 391 121 144 320 228 37 268 31 93 153 111 388 84 148 206 55 226 181 152 232 323 210 168 316 269 174 209 202 212 183 289 221 395 174 363 390 118 113 152 218 121 219 79 352 83 178 335 136 294 177 275 203 336 241 246 355 328 218 313 307 151 288 355 203 330 97 122 192 106 107 305 177 250 178 215 368 120 180 149 268 386 204 157 109 10 210 171 265 155 190 118 184 311 294 349 336 24 353 180 293 284 231 200 335 159 145 190 323 272 256 232 149 289 317 180 344 189 387 137 233 208 213 35 189 340 136 148 139 157 101 173 226 94 229 284 306 121 299 317 100 274 147 209 109 214 268 226 185 84 398 190 198 145 182 385 152 123 196 82 219 274 256 157 129 133
 34 183 212 266 210 149 75 246 247 112 247 153 63 286 197 209 186 250 195 144 176 138 270 334 234 154 169 88 247 91 13 261 51 191 99 299 166 124 123 114 192 227 1 55 202 116 70 134 282 143 98 149 92 215 149 165 296 159 100 190 208 56 245 256 80 304 162 300 156 111 183 165 100 348 213 110 98 78 105 185 247 128 164 238 120 65 144 171 229 144 164 120 135 308 184 250 63 295 144 251 167 117 193 197 62 116 278 132 223 39 130 124 174 111 81 315 111 131 26 270 174 111 205 270 186 245 76 26 177 141 151 111 208 295 247 160 190 254 119 224 201 59 261 297 168 199 46 102 104 232 110 244 185 178 74 140 103 230 111 323 129 211 98 99 35 66 83 171 171 51 274 130 166 116 129 204 32 244 136 116 130 150 338 238 131 258 87 206 69 145 188 116 165 258 232 139 338 226 316 187 78 225 91 227 174 53 190 335 220 297 92 168 107 201 34 249 74 349 248 258
 86 237 196 299 263 189 24 262 212 67 270 108 105 315 177 256 179 266 230 169 229 145 281 363 287 139 118 73 298 134 49 275 14 244 47 317 216 70 91 138 187 268 55 1 226 170 27 81 307 195 85 124 146 224 198 129 321 213 96 242 253 81 288 281 115 331 135 334 169 164 219 150 154 374 201 58 91 132 52 158 301 180 158 291 123 32 130 149 283 97 134 169 185 326 237 269 59 330 148 278 221 113 246 164 115 76 282 78 210 77 93 70 226 125 60 335 142 90 73 240 225 159 204 294 238 217 130 52 179 130 102 159 210 313 230 131 184 266 160 263 254 108 247 313 221 217 87 114 130 191 85 287 133 180 27 178 151 229 72 343 147 265 63 57 60 50 132 136 126 90 241 130 152 168 110 199 56 288 190 103 151 204 366 291 177 266 136 230 55 107 150 149 125 229 283 103 364 280 347 178 111 278 100 253 154 107 243 360 274 258 144 187 106 251 86 230 112 374 265 275
 208 244 153 88 265 89 248 52 241 290 46 235 144 94 397 135 118 56 58 60 178 337 88 139 230 146 271 166 192 257 197 69 213 273 267 101 278 263 315 304 111 96 202 226 1 220 252 263 82 246 157 346 178 60 270 354 96 194 301 278 117 254 126 56 124 107 358 120 67 230 58 141 202 150 138 274 146 174 267 183 252 239 116 281 113 254 141 369 247 318 358 138 145 107 268 51 169 118 344 55 228 318 201 208 174 209 116 281 147 233 318 273 264 307 277 113 293 315 179 236 157 133 98 70 173 212 185 227 88 136 319 129 85 96 174 355 112 73 103 87 268 161 169 99 239 23 158 301 293 263 306 118 281 89 252 302 248 105 296 122 80 255 288 211 236 180 148 208 241 154 250 114 368 161 158 114 178 130 225 317 76 193 141 235 120 86 237 5 176 209 223 91 221 223 185 201 139 275 126 123 265 289 128 29 374 185 254 135 251 293 164 42 130 157 209 179 255 149 52 61
 84 69 294 247 94 134 187 270 349 217 259 266 107 274 258 150 260 275 182 173 90 168 304 321 131 243 284 188 163 67 126 287 167 77 209 317 63 239 212 123 262 192 116 170 220 1 179 249 282 32 194 223 45 259 52 252 298 63 164 78 159 115 196 259 122 296 238 275 207 16 173 251 22 340 290 221 190 57 217 282 139 21 240 123 194 170 232 238 120 247 244 83 82 320 70 268 164 270 177 251 54 173 95 299 69 228 325 245 301 101 224 238 61 140 172 324 104 228 107 367 102 87 267 275 104 339 50 123 240 227 257 91 264 312 329 239 261 288 118 194 86 86 338 316 53 228 111 142 116 341 195 199 300 241 184 93 44 290 210 333 179 97 195 212 120 173 80 277 283 112 373 206 223 60 225 273 133 192 21 186 173 54 327 133 102 298 47 221 174 254 295 138 274 353 149 246 333 111 299 263 98 110 168 234 240 69 75 330 108 402 60 202 190 129 85 332 86 343 271 280
 97 247 218 324 272 212 14 288 226 44 296 118 127 341 151 276 203 292 255 194 245 127 307 388 301 162 120 98 316 134 67 302 41 250 32 343 220 68 65 128 212 291 70 27 252 179 1 80 333 201 110 99 161 250 201 103 347 227 76 248 274 76 311 307 139 357 109 359 195 171 243 174 166 400 225 43 117 147 40 177 314 187 183 300 149 13 154 123 295 75 108 188 204 352 243 295 85 355 129 304 231 92 261 180 131 92 307 68 233 80 67 62 232 111 37 361 135 65 92 257 243 179 229 320 255 235 144 57 205 154 82 179 236 339 251 105 209 292 183 287 262 127 269 339 231 244 109 99 120 201 59 309 135 205 7 173 154 254 46 369 173 275 37 74 61 76 151 152 136 112 257 155 128 185 133 223 79 310 199 80 177 217 392 305 198 292 141 256 81 122 164 174 138 246 301 120 390 289 372 202 106 285 126 278 128 121 252 386 285 270 161 213 132 270 96 251 110 400 291 301
