NAME : domp280p140v7
COMMENT : (Deleplanque et al.) 
TYPE : DOMP
DIMENSION : 280
DISPLAY_DATA_TYPE: NO_DISPLAY
OPEN_FACILITIES : 140
COST_SECTION
 1 282 396 345 159 296 319 38 127 300 284 37 233 296 381 355 310 416 434 183 362 144 20 237 214 223 374 391 300 316 430 176 120 243 237 436 353 144 339 341 212 57 194 261 164 33 92 381 113 86 124 241 175 394 331 325 159 236 325 155 330 101 280 71 179 296 301 148 353 261 361 323 165 406 359 291 344 260 202 345 309 372 333 459 384 127 232 325 41 455 138 331 194 348 132 104 121 359 362 181 246 319 338 331 395 361 477 196 114 319 127 410 305 70 277 187 391 415 449 388 462 382 484 170 172 346 303 255 70 18 337 280 74 280 276 462 337 431 209 428 198 339 163 331 194 172 471 365 273 196 275 165 31 235 230 268 71 155 281 246 161 308 288 319 296 168 227 317 266 368 240 249 304 339 385 345 320 282 121 48 284 344 111 369 216 164 355 387 315 364 346 339 170 333 364 35 326 481 94 429 256 127 38 328 360 269 394 271 370 228 398 157 276 348 280 276 409 390 270 103 413 372 278 180 333 486 345 211 356 296 316 234 368 227 385 373 346 144 266 369 359 306 36 367 402 341 330 265 437 283 190 152 331 225 236 143 285 132 360 235 142 330 162 263 59 317 233 412 240 40 124 239 283 284 141 359 424 449 227 276
 282 1 315 282 199 226 60 304 173 357 326 279 63 85 228 79 330 227 333 180 427 150 292 209 200 256 235 128 76 356 214 108 314 174 353 291 78 191 66 240 160 237 93 67 213 279 235 216 226 259 186 61 165 351 72 58 241 60 264 252 282 226 393 213 152 82 268 234 284 291 110 56 118 196 394 19 269 26 254 431 314 248 337 308 281 156 213 80 272 255 316 360 336 406 309 215 245 344 145 110 249 365 330 51 179 445 316 106 174 270 249 225 83 305 222 238 334 192 285 348 268 179 335 319 156 193 248 349 267 296 171 112 247 318 55 274 305 268 156 294 107 179 131 301 323 222 311 370 51 275 207 118 310 90 238 144 224 261 253 232 307 226 36 347 212 229 57 348 326 363 193 52 230 320 335 261 217 18 275 249 229 114 187 89 292 223 249 343 35 388 87 427 266 427 93 268 156 318 191 290 214 161 245 315 101 216 278 218 297 255 192 209 223 68 323 267 215 237 14 181 218 254 192 123 54 307 350 92 260 133 322 62 102 143 257 275 180 243 60 262 216 188 304 96 192 252 86 34 299 78 222 287 65 155 228 140 25 159 313 157 229 58 126 306 275 51 125 330 144 243 165 221 37 351 153 202 241 252 164 68
 396 315 1 52 241 107 274 433 292 172 156 422 278 232 108 361 128 151 42 223 200 368 415 163 186 179 92 275 243 151 193 308 319 172 237 88 301 260 359 77 205 396 296 253 234 419 305 123 284 314 286 353 239 53 271 361 240 347 73 247 68 297 241 351 243 235 98 250 44 153 253 285 317 184 154 331 55 326 200 224 114 74 108 105 39 334 166 253 421 174 303 140 266 183 302 295 278 85 203 287 153 159 95 336 195 228 125 269 367 78 273 146 237 357 124 211 34 204 120 56 166 176 117 273 249 129 95 213 331 398 150 205 323 152 367 156 72 114 211 73 371 142 362 77 253 226 122 112 362 215 132 312 423 245 168 179 393 249 117 151 272 100 350 138 115 230 302 141 176 101 166 350 100 83 41 59 101 332 290 403 116 226 304 328 204 233 67 50 325 139 268 224 237 232 291 363 163 130 333 80 144 359 380 91 399 133 52 131 27 173 179 241 125 319 158 124 160 104 309 331 160 67 138 269 311 153 110 266 57 183 114 348 279 205 72 42 145 255 258 55 108 130 388 292 185 67 250 286 80 238 207 266 366 198 161 323 292 366 49 189 256 356 297 163 345 357 214 18 195 374 363 159 279 183 294 125 144 167 191 248
 345 282 52 1 191 61 247 382 243 140 118 371 239 202 106 335 95 157 91 174 184 322 364 113 136 129 89 261 213 123 197 263 270 126 196 117 279 210 332 50 158 346 252 217 183 368 254 120 233 264 236 315 191 70 247 332 189 308 23 196 20 246 208 301 195 205 48 199 9 108 235 258 272 182 140 299 16 290 150 204 77 71 82 139 53 287 116 228 370 189 254 116 221 165 254 245 227 72 188 242 102 132 70 308 189 211 159 225 319 28 222 151 209 307 75 160 55 203 145 67 184 168 157 226 200 112 45 173 281 348 130 171 273 112 331 177 38 133 164 103 328 122 317 39 207 175 155 102 326 166 85 267 372 205 117 140 344 199 66 100 224 58 316 109 72 179 262 112 136 93 117 312 55 55 54 27 67 298 239 352 67 206 254 307 157 182 51 62 296 128 246 202 187 209 271 312 139 165 283 108 95 311 329 59 371 84 69 82 26 123 176 190 76 295 119 75 162 107 274 281 164 64 95 223 285 183 91 224 39 151 80 308 260 160 77 43 127 205 223 51 96 96 338 272 182 35 226 251 113 206 157 217 337 152 110 276 259 318 33 144 205 327 250 119 294 326 172 68 151 324 316 108 246 147 246 113 154 181 145 214
 159 199 241 191 1 138 209 195 59 187 161 182 137 170 225 276 179 263 278 28 259 151 177 80 56 84 217 270 179 195 283 114 126 87 160 278 248 21 264 183 61 156 116 147 17 179 70 226 49 87 48 193 35 247 218 255 44 186 170 55 178 60 204 112 48 171 149 36 198 128 237 217 115 260 240 215 188 189 70 254 171 214 197 301 227 110 76 206 180 304 123 206 138 240 116 56 57 218 223 98 98 202 197 247 252 270 319 95 138 165 57 257 181 138 120 50 240 272 292 241 309 235 326 121 44 192 147 162 103 164 186 143 89 154 225 308 189 274 61 270 180 187 154 182 126 29 314 232 219 84 117 110 188 116 81 119 155 63 128 92 110 150 223 192 138 34 148 192 151 231 82 196 146 195 235 187 162 209 85 163 127 213 66 272 105 26 197 239 230 239 230 249 69 247 253 128 177 324 96 271 99 135 140 185 298 111 236 113 215 87 252 11 119 253 157 129 258 234 186 96 262 214 120 79 237 330 210 108 198 152 179 185 252 81 227 216 195 46 155 211 203 150 159 256 256 183 208 169 279 161 41 90 262 74 83 107 189 143 210 83 34 256 92 137 116 247 95 258 93 134 138 83 180 176 72 205 271 297 73 158
 296 226 107 61 138 1 198 333 186 154 124 319 180 151 103 286 115 152 141 118 214 262 314 60 83 96 90 224 163 144 185 203 235 66 188 144 233 156 280 47 99 291 192 160 134 317 205 111 184 218 181 256 133 129 200 279 146 249 40 155 57 196 212 247 137 154 46 153 66 98 195 209 212 165 175 244 53 233 114 226 96 81 115 167 89 228 65 181 317 190 222 143 200 193 220 193 182 119 154 182 69 153 106 257 166 237 187 165 260 45 178 145 159 265 20 118 115 184 163 125 191 145 191 200 142 86 23 170 235 300 96 118 224 116 274 187 80 147 105 134 268 91 257 75 185 128 181 145 269 136 25 207 324 146 77 83 288 160 41 57 194 15 261 132 17 133 203 134 135 138 60 254 9 95 114 51 34 243 200 299 16 165 199 261 135 135 61 121 244 166 202 223 151 227 228 264 99 191 228 136 41 252 277 91 320 28 99 26 83 90 157 140 22 248 123 59 152 109 218 225 155 79 35 163 236 202 127 164 61 101 103 250 219 100 93 78 98 161 167 75 83 50 292 230 164 46 180 195 143 152 110 183 284 92 65 217 205 259 90 84 158 275 191 114 248 273 112 124 92 271 257 60 192 155 187 94 154 182 85 160
 319 60 274 247 209 198 1 345 199 342 311 321 87 48 178 90 309 171 287 185 408 198 331 196 193 248 188 75 36 336 155 145 332 159 350 239 41 207 87 201 157 280 127 63 220 321 258 165 245 282 209 119 175 314 14 90 249 117 232 261 251 248 387 249 163 46 242 244 248 277 51 12 158 138 371 69 233 83 251 416 291 203 311 254 238 196 202 23 315 196 330 338 340 387 324 238 262 314 88 139 235 346 303 63 120 429 261 127 220 240 263 169 39 331 198 238 296 133 230 312 210 123 280 327 169 146 220 342 292 332 125 83 274 302 112 217 275 214 154 244 163 133 181 271 327 227 256 342 108 275 183 156 349 94 228 120 268 269 230 217 316 194 89 326 182 235 97 328 314 334 179 111 199 291 298 223 181 75 291 292 204 56 215 68 289 229 208 307 54 363 30 412 271 414 47 300 111 263 226 239 195 206 284 288 126 194 232 196 259 246 134 218 199 51 308 247 158 186 63 217 161 209 166 144 39 250 324 111 219 97 299 119 50 136 210 233 132 254 56 220 169 152 337 50 134 214 28 57 248 52 222 297 94 148 215 179 41 206 279 146 241 84 157 293 303 86 118 287 131 280 210 207 38 338 181 154 185 194 155 51
 38 304 433 382 195 333 345 1 160 335 320 27 259 325 416 374 347 450 471 218 396 159 19 274 251 260 410 418 328 352 462 201 151 278 270 471 377 179 358 377 247 68 219 289 201 26 129 415 150 123 158 259 209 432 358 343 196 254 362 192 367 138 312 99 213 325 338 185 390 298 389 349 189 438 395 312 381 281 239 378 346 408 370 495 421 150 269 353 34 489 170 367 226 382 164 140 158 396 393 208 283 355 374 352 427 394 513 225 131 356 164 443 334 99 314 225 428 446 485 425 496 414 520 203 205 381 340 290 106 41 371 311 111 317 292 496 374 466 244 464 212 373 178 368 228 209 507 402 289 232 311 190 22 265 267 302 82 192 318 283 195 344 306 355 332 205 250 353 302 404 276 267 340 376 422 381 356 303 156 56 321 373 143 392 252 201 391 424 337 400 373 372 207 365 389 72 359 517 122 465 293 145 63 365 375 306 430 307 407 265 431 194 313 371 316 314 442 425 293 131 446 408 313 210 356 521 381 240 393 329 353 252 394 261 421 410 380 181 294 406 394 341 60 393 435 377 358 290 473 312 227 188 349 259 273 167 310 148 397 269 179 349 190 299 95 335 266 449 274 68 141 276 308 319 171 394 459 483 262 304
 127 173 292 243 59 186 199 160 1 245 219 141 115 171 260 251 237 291 327 70 316 93 143 131 108 142 255 269 176 253 304 70 144 125 210 318 236 40 237 227 92 108 82 138 74 139 63 258 57 87 17 152 54 302 211 225 93 145 221 100 231 54 256 64 55 171 204 80 249 187 237 205 66 280 298 187 238 157 128 309 229 255 255 341 273 52 129 202 138 330 149 264 181 297 141 43 79 275 236 64 155 260 255 223 269 325 358 73 80 219 85 285 181 134 169 108 294 288 329 297 338 256 367 160 48 223 199 216 95 138 212 154 76 212 186 339 245 310 87 312 129 215 99 238 171 86 352 290 181 138 163 63 158 110 138 143 103 107 183 148 147 196 190 251 182 89 117 250 208 289 127 157 194 252 290 236 204 179 108 116 177 218 18 256 160 82 241 294 207 298 225 304 118 301 245 103 200 361 43 312 149 77 98 242 266 160 280 162 267 146 272 66 168 235 215 186 284 269 160 40 288 256 161 56 219 364 268 89 245 170 237 144 247 103 268 263 222 86 145 256 238 186 140 248 276 230 206 149 321 159 100 128 232 103 138 52 170 85 264 113 73 228 49 195 105 217 107 309 116 93 80 137 165 232 22 236 300 324 107 152
 300 357 172 140 187 154 342 335 245 1 32 334 300 294 242 426 46 294 210 190 73 337 318 149 160 107 225 376 306 23 332 296 191 185 78 254 380 206 418 180 200 323 294 292 172 330 221 254 205 217 231 370 210 136 346 413 156 362 137 154 122 218 70 283 221 297 110 169 146 67 346 353 299 314 61 375 152 356 118 76 64 209 65 274 190 296 145 328 335 327 172 39 119 53 176 223 187 92 307 277 109 22 78 396 317 89 294 268 322 124 180 287 304 241 147 138 145 334 283 129 323 296 287 137 222 236 135 52 231 296 248 259 233 41 396 316 104 272 205 240 364 243 340 102 112 159 291 79 390 111 162 295 319 268 121 222 327 150 115 127 143 164 388 36 169 157 319 32 38 87 166 371 156 90 137 162 183 371 180 325 143 316 248 408 88 164 187 132 381 68 351 72 135 75 377 267 252 300 275 245 147 320 299 83 456 149 207 148 154 106 307 180 146 392 35 97 297 245 346 278 299 203 178 256 378 320 67 275 177 249 61 362 369 215 216 182 250 168 300 190 227 202 279 379 313 167 328 325 248 292 149 149 420 203 131 293 340 329 124 201 177 412 276 53 242 407 233 181 215 294 323 138 328 18 258 242 292 319 195 297
 284 326 156 118 161 124 311 320 219 32 1 316 269 263 217 395 32 268 196 161 103 310 302 118 130 78 200 346 275 35 305 267 181 154 82 234 349 180 387 155 169 302 264 261 146 312 201 228 183 199 206 340 181 129 315 382 133 332 112 132 100 196 91 261 192 266 83 146 125 36 315 322 271 287 81 344 129 325 92 107 44 185 57 255 170 270 114 297 317 303 163 48 116 82 165 200 167 86 278 248 78 42 66 365 289 120 276 238 297 99 160 261 273 229 117 112 134 306 262 122 300 268 271 129 193 208 107 57 215 281 219 228 214 10 366 293 86 250 175 220 336 214 313 82 105 133 272 84 360 90 131 266 304 238 91 191 305 130 85 96 132 135 358 36 139 132 288 35 22 88 135 341 127 76 126 138 155 341 165 305 113 286 223 377 69 139 162 123 350 82 320 103 115 105 346 250 222 281 251 225 116 294 279 66 425 118 186 117 136 77 279 154 115 361 5 67 271 220 315 253 273 179 148 227 347 300 65 245 153 219 45 332 339 184 193 161 221 146 269 167 200 173 265 348 286 142 297 294 229 261 121 134 389 172 100 266 309 303 109 170 154 381 248 25 226 376 202 168 184 274 298 107 297 32 231 215 267 295 164 266
 37 279 422 371 182 319 321 27 141 334 316 1 236 303 399 349 342 431 459 203 397 133 26 261 238 252 394 395 306 349 442 177 156 263 272 456 353 165 332 363 231 43 196 267 189 5 119 398 140 118 142 233 192 423 334 317 188 228 350 186 357 127 316 78 195 303 328 177 379 292 366 325 165 418 393 287 369 256 232 381 340 393 364 479 408 127 257 330 8 470 174 363 229 382 167 128 151 389 372 186 273 353 368 326 406 397 497 203 106 345 158 425 312 106 301 216 418 425 468 417 478 394 505 206 188 363 328 290 103 49 352 291 103 312 266 479 365 450 227 449 186 355 153 359 229 198 491 397 263 228 297 166 43 243 257 283 56 187 307 272 196 331 281 351 318 195 226 350 299 399 262 241 327 368 413 369 341 277 154 31 309 351 125 367 248 191 377 416 312 397 350 375 202 368 365 68 340 501 102 450 280 119 44 358 349 293 417 294 396 257 411 182 300 346 312 305 423 409 268 109 427 393 298 189 331 504 376 218 379 310 347 226 370 243 406 397 362 173 271 392 378 325 70 368 414 364 335 266 458 290 216 186 323 242 262 143 285 122 388 252 169 323 167 294 94 310 247 438 256 49 116 264 285 318 150 376 440 464 246 281
 233 63 278 239 137 180 87 259 115 300 269 236 1 74 207 141 276 220 302 118 371 119 245 153 141 196 210 160 73 300 219 60 254 121 291 271 122 130 128 203 101 195 41 36 151 235 176 198 166 200 127 77 103 308 100 120 179 70 219 190 236 166 333 163 90 72 218 171 243 234 132 92 73 197 340 80 228 57 193 373 261 218 285 291 248 110 156 95 230 254 255 306 274 350 247 156 184 295 146 53 192 309 280 112 182 387 303 44 136 224 187 216 80 248 172 176 293 199 271 304 265 175 318 257 94 168 201 288 209 246 149 80 190 261 98 269 257 253 96 271 99 156 104 252 261 160 297 319 92 214 158 70 262 35 180 100 184 199 201 176 245 182 90 293 168 167 25 293 267 314 138 75 185 271 292 221 178 74 214 206 180 120 130 142 231 161 214 300 95 335 115 368 204 368 133 215 134 306 140 268 161 123 198 265 163 165 248 167 258 196 191 147 172 122 266 213 209 217 51 131 213 223 146 62 105 300 299 30 223 104 269 71 136 87 229 240 159 181 38 229 190 150 251 136 193 213 100 35 277 61 161 225 126 98 170 93 56 125 269 103 167 120 71 248 219 112 70 294 91 194 128 164 51 293 96 180 232 250 107 50
 296 85 232 202 170 151 48 325 171 294 263 303 74 1 144 136 261 149 249 145 360 192 310 150 148 202 151 101 13 289 146 131 295 113 305 208 87 172 131 158 114 263 112 39 180 302 226 133 211 249 179 134 138 270 53 131 208 129 186 220 205 216 340 228 128 4 195 205 204 230 68 60 144 124 324 101 188 101 207 369 244 164 264 226 197 179 155 37 298 182 292 291 297 339 285 207 225 268 73 119 188 298 256 108 109 381 236 102 208 194 226 146 12 300 150 195 253 126 204 268 193 103 253 285 134 108 173 295 261 307 87 36 243 255 139 198 229 187 112 210 168 95 177 225 283 186 230 295 134 231 135 141 326 62 181 73 253 228 183 170 275 147 120 279 136 194 94 280 267 288 132 128 153 245 254 179 136 102 254 275 157 49 188 114 243 189 166 263 95 316 62 365 229 367 87 274 72 238 204 206 148 195 263 241 171 147 194 148 216 200 118 179 152 99 261 199 138 153 81 196 142 170 119 117 86 230 277 87 177 52 252 131 83 93 173 191 96 215 38 179 131 107 310 90 120 170 39 62 216 14 179 257 136 104 169 162 61 197 234 101 203 127 137 246 273 126 77 246 86 259 199 161 49 291 156 118 162 178 110 25
 381 228 108 106 225 103 178 416 260 242 217 399 207 144 1 262 198 52 111 200 289 315 399 154 173 198 18 169 153 227 92 251 334 139 288 66 200 238 263 63 170 366 235 175 225 397 294 17 273 310 259 276 208 158 173 267 243 271 106 253 122 283 307 323 206 147 135 247 103 196 149 188 263 78 245 242 92 244 215 309 179 37 188 85 70 290 161 156 396 89 323 221 302 270 319 278 276 176 99 233 171 236 175 239 88 316 100 213 322 119 273 46 146 360 120 216 138 99 70 158 89 69 113 301 213 40 113 268 326 388 59 128 313 209 282 86 144 51 174 67 304 52 305 144 287 222 94 206 277 238 115 259 410 178 178 119 359 259 140 158 295 89 262 213 94 228 230 216 231 196 146 271 97 161 143 82 70 245 297 375 117 126 275 226 237 228 57 153 231 232 167 307 251 313 188 351 74 103 301 63 137 311 356 164 301 125 59 125 104 192 73 229 122 220 216 157 57 11 224 295 59 45 107 219 213 106 196 204 68 104 184 272 175 158 37 71 49 256 177 58 23 76 383 188 79 76 152 204 72 154 205 283 271 158 165 275 204 316 134 148 251 261 247 211 340 263 159 117 145 351 316 158 192 247 254 28 52 81 155 165
 355 79 361 335 276 286 90 374 251 426 395 349 141 136 262 1 395 245 372 256 494 216 364 279 272 328 273 112 124 422 219 185 393 242 428 320 64 270 18 289 234 307 171 136 290 349 313 247 304 337 264 117 243 402 91 33 319 121 320 330 339 304 467 287 230 133 330 311 337 361 116 78 194 208 458 66 321 96 329 501 378 289 399 332 324 230 284 109 342 262 395 425 413 473 387 293 324 402 166 188 318 432 391 31 190 514 336 184 244 328 327 245 128 382 284 313 384 196 305 401 277 200 357 397 234 233 308 422 344 370 211 170 325 387 87 286 363 292 230 326 166 220 197 360 400 299 331 430 88 351 270 194 383 164 309 206 293 338 317 301 385 282 69 413 270 306 135 414 397 423 262 109 287 379 386 312 269 74 354 319 291 137 264 44 367 300 295 395 48 450 96 497 343 498 79 344 199 336 267 321 280 231 318 376 41 281 317 282 347 327 207 287 286 43 392 333 232 269 92 257 235 296 254 202 51 319 412 170 307 186 386 123 93 215 295 320 218 321 128 307 255 241 379 80 204 303 112 108 329 135 298 365 29 227 298 215 90 228 368 227 307 26 204 376 353 40 196 374 213 316 234 290 100 422 231 239 259 262 235 131
 310 330 128 95 179 115 309 347 237 46 32 342 276 261 198 395 1 249 167 175 100 327 329 124 140 96 181 338 273 31 288 280 211 157 112 209 345 199 388 137 177 326 275 264 165 338 225 211 206 225 225 348 195 98 312 385 156 341 93 157 78 220 115 284 205 264 70 169 101 52 308 320 285 271 66 348 108 331 113 113 20 164 26 229 145 288 121 294 342 282 193 31 147 79 195 223 192 55 267 260 87 40 36 366 275 123 250 248 316 81 185 243 271 258 112 132 104 291 238 90 278 254 244 160 207 195 94 87 242 308 208 227 240 32 372 271 59 227 183 195 349 202 328 57 136 153 246 56 367 116 127 280 332 243 102 190 328 156 79 101 162 123 362 19 130 153 296 20 53 58 139 349 116 47 96 118 142 345 192 330 106 279 243 374 97 159 142 93 352 62 315 111 141 116 341 276 213 255 272 200 117 312 304 38 427 116 162 114 109 92 264 173 111 359 35 64 253 200 320 273 255 158 143 239 346 275 35 253 132 214 16 341 333 190 171 137 209 170 271 145 184 164 294 343 270 123 293 297 203 261 139 163 391 178 108 282 311 321 80 174 177 383 262 49 253 378 207 138 187 299 316 113 298 55 248 199 247 275 169 266
 416 227 151 157 263 152 171 450 291 294 268 431 220 149 52 245 249 1 143 237 340 335 433 199 215 246 69 140 155 278 43 272 378 178 338 80 183 275 249 115 205 395 253 185 265 429 332 42 312 350 293 281 242 203 163 256 286 277 158 297 173 321 358 354 238 152 186 289 153 247 130 179 284 39 295 239 143 247 261 360 231 87 238 88 116 315 206 149 427 41 368 272 351 321 364 315 317 225 84 255 220 287 226 227 56 367 92 235 346 171 315 8 147 400 168 261 183 58 61 205 48 49 112 349 245 73 164 319 365 424 80 145 351 261 281 50 194 49 208 91 316 78 322 195 336 264 87 255 277 285 160 280 446 197 225 149 387 303 190 206 342 139 259 265 142 271 242 267 282 244 188 275 146 211 189 133 119 243 340 405 166 115 307 205 286 270 108 199 223 282 152 358 296 364 167 387 92 93 331 84 183 334 388 215 285 172 101 172 152 240 39 269 170 203 268 208 14 51 226 324 12 94 150 245 201 81 246 224 119 123 235 279 154 190 83 119 70 298 186 108 70 117 421 167 42 128 144 209 91 162 249 329 259 192 212 299 204 338 183 183 292 249 271 262 378 254 186 157 176 383 339 204 194 299 282 61 15 34 191 173
 434 333 42 91 278 141 287 471 327 210 196 459 302 249 111 372 167 143 1 259 231 399 453 199 223 219 100 277 259 189 184 337 359 204 277 67 310 296 372 103 238 432 323 274 271 456 343 126 322 353 321 376 273 81 283 375 279 370 110 286 109 334 279 387 276 252 137 288 83 194 259 297 347 180 186 348 91 346 239 257 154 86 146 76 56 367 203 265 457 157 343 176 306 216 343 333 317 120 209 317 192 196 134 348 194 260 94 298 399 118 312 140 253 397 159 250 66 199 98 86 146 178 81 314 282 142 132 252 370 437 164 226 362 192 386 135 113 98 243 54 398 155 391 118 293 264 92 144 381 256 165 342 461 270 207 205 428 289 156 189 313 132 368 176 146 268 326 179 217 133 200 372 134 122 75 92 128 350 329 439 151 236 339 336 245 271 90 82 340 171 277 258 277 267 298 401 178 99 368 61 180 391 417 131 411 168 56 166 67 213 177 278 160 330 198 164 154 104 328 365 153 81 169 299 323 125 146 293 84 202 153 371 285 235 78 66 156 294 278 75 119 154 427 298 182 98 261 306 57 257 246 307 380 229 199 355 309 397 89 220 294 370 328 203 384 372 242 30 223 411 395 196 297 222 327 134 133 151 223 268
 183 180 223 174 28 118 185 218 70 190 161 203 118 145 200 256 175 237 259 1 262 154 200 63 39 84 193 244 154 195 256 107 152 61 174 254 225 40 245 161 34 174 105 124 36 201 96 200 76 114 64 182 21 234 194 237 65 174 152 77 163 85 216 129 32 146 136 61 181 127 211 194 111 233 238 197 170 173 77 261 165 191 191 277 206 116 60 181 201 277 148 204 158 242 142 80 84 209 196 88 90 202 189 226 225 276 295 80 147 150 84 230 156 166 101 59 225 245 268 229 283 208 303 143 33 166 130 172 129 189 159 116 115 154 211 282 177 249 34 247 176 161 154 171 145 44 290 226 205 96 95 106 212 94 74 92 171 85 115 80 132 129 207 190 116 51 133 190 155 224 60 184 126 185 222 168 138 192 111 182 109 186 82 250 115 45 175 226 210 236 205 256 88 255 229 152 150 299 111 248 80 141 160 176 280 92 214 94 198 86 224 36 100 230 158 119 231 209 168 108 235 191 96 67 215 305 204 90 178 125 173 174 227 54 204 195 168 71 132 190 177 124 185 232 229 163 183 149 256 136 44 113 244 47 71 109 168 149 196 56 60 237 88 138 143 229 69 240 66 155 145 69 159 181 75 179 245 270 47 134
 362 427 200 184 259 214 408 396 316 73 103 397 371 360 289 494 100 340 231 262 1 408 379 219 232 179 272 437 372 72 380 368 247 254 127 287 445 277 487 231 271 390 366 361 244 393 289 303 274 281 302 441 282 151 411 483 226 434 188 222 170 286 91 352 293 363 168 239 188 138 407 419 371 365 47 445 199 427 190 32 119 254 103 303 228 367 215 393 399 369 228 72 172 22 233 292 255 117 365 349 179 63 115 464 371 30 323 339 392 177 248 333 370 299 211 210 168 385 318 146 363 350 311 194 294 291 193 108 295 356 306 326 299 111 467 354 147 310 276 272 436 299 412 148 169 231 320 89 461 180 226 367 378 339 192 289 395 218 179 196 202 221 459 83 229 228 390 81 109 100 235 442 214 130 160 209 239 441 244 391 205 378 318 473 158 235 234 151 450 61 415 36 204 46 440 330 312 328 345 278 215 391 365 128 525 215 245 213 190 178 359 251 210 458 106 162 345 290 416 348 347 247 242 328 445 352 95 346 222 313 112 433 432 285 258 222 306 237 369 233 278 262 338 442 365 216 392 394 279 360 221 212 489 273 201 365 409 400 158 271 247 481 348 125 304 476 303 203 284 360 394 207 396 85 330 294 335 361 265 365
 144 150 368 322 151 262 198 159 93 337 310 133 119 192 315 216 327 335 399 154 408 1 150 214 192 233 315 272 191 345 337 65 217 197 301 378 226 132 200 297 164 92 83 154 166 134 137 309 142 157 108 101 135 386 212 185 185 96 300 191 313 134 346 84 128 191 288 172 327 278 247 200 53 315 389 156 314 126 220 402 318 320 344 400 344 42 213 211 127 371 227 355 268 389 219 124 165 362 264 84 243 351 343 195 300 418 414 104 31 300 171 330 198 188 247 200 375 317 383 380 381 292 427 245 124 276 278 308 156 160 260 191 139 304 134 385 329 364 158 375 55 266 20 323 260 178 408 379 131 230 238 58 169 139 227 198 78 197 267 233 232 269 149 342 254 181 103 341 300 377 206 109 269 338 372 310 272 146 189 104 256 238 93 237 252 174 310 378 181 388 228 396 209 393 240 142 246 417 74 374 229 22 108 329 217 239 348 241 344 236 308 158 247 217 307 273 325 325 140 66 329 323 231 101 202 414 357 113 316 214 326 94 247 165 332 334 271 176 156 326 296 248 174 243 310 303 217 143 383 179 190 214 191 171 224 47 160 14 347 180 164 191 72 287 159 177 159 385 177 107 22 222 162 325 81 289 347 366 178 168
 20 292 415 364 177 314 331 19 143 318 302 26 245 310 399 364 329 433 453 200 379 150 1 256 233 241 392 404 314 334 446 187 136 261 254 454 364 162 348 359 230 60 206 275 182 22 111 398 132 105 141 249 192 413 344 333 178 244 344 174 349 119 296 83 196 310 320 167 371 280 374 335 176 422 377 301 363 270 221 362 328 390 352 477 403 137 251 338 32 472 154 349 210 366 148 122 140 378 378 194 264 337 356 340 411 378 495 210 121 338 146 426 319 84 296 206 409 430 467 407 479 398 502 187 188 363 322 273 88 26 354 295 93 299 283 479 356 449 226 446 204 356 169 349 211 190 489 384 280 214 293 177 20 249 249 284 74 174 299 265 178 326 296 337 314 186 238 335 284 386 258 257 322 358 404 363 338 292 139 48 303 358 127 380 234 183 373 406 325 382 359 356 189 349 376 54 342 499 107 447 275 134 48 347 366 287 412 289 389 247 414 176 294 359 298 295 425 408 281 116 430 390 295 195 344 503 363 225 374 312 335 242 380 244 403 392 363 163 280 388 377 323 47 379 418 359 343 277 455 297 208 170 339 242 255 154 297 138 379 252 160 339 175 281 77 325 249 431 257 52 131 258 295 302 155 377 441 466 244 289
 237 209 163 113 80 60 196 274 131 149 118 261 153 150 154 279 124 199 199 63 219 214 256 1 25 55 144 241 161 148 226 161 181 38 158 202 235 98 270 106 55 234 154 145 75 258 147 159 125 160 124 226 80 173 202 266 89 218 91 99 101 137 192 190 87 152 75 95 119 83 208 207 167 204 188 227 109 209 65 223 110 138 135 225 148 177 8 185 259 239 170 154 158 198 166 135 124 150 179 140 41 156 132 249 200 237 244 126 208 88 120 192 160 208 41 63 164 219 219 168 242 181 249 152 91 127 69 147 176 241 129 115 165 109 250 239 116 202 61 193 229 127 212 110 143 69 239 170 244 90 41 162 265 121 33 79 232 105 54 23 145 72 241 140 62 76 174 141 119 167 18 226 68 126 160 109 87 224 143 241 49 179 142 263 97 76 119 165 234 184 209 219 99 220 235 205 125 249 172 194 20 202 219 118 309 33 158 34 137 51 195 81 40 246 115 62 196 162 199 170 200 137 50 119 232 258 149 130 120 111 118 218 229 68 151 137 135 103 152 133 133 83 234 237 201 104 186 177 202 146 52 131 272 56 20 168 192 209 135 53 99 264 145 98 190 259 86 179 68 213 206 12 180 144 136 139 204 231 47 150
 214 200 186 136 56 83 193 251 108 160 130 238 141 148 173 272 140 215 223 39 232 192 233 25 1 57 164 244 159 162 239 141 165 41 158 223 233 74 263 128 41 211 136 137 53 235 124 176 103 138 100 211 58 196 200 257 72 203 115 83 124 114 195 166 66 150 98 75 143 95 211 204 147 216 205 217 133 197 59 233 128 159 154 246 171 154 22 185 236 255 156 170 151 211 151 111 104 171 187 121 54 170 152 242 211 247 265 109 185 112 101 208 159 188 64 50 187 231 239 190 259 193 271 142 69 143 93 151 155 219 141 115 143 122 237 257 138 222 46 215 210 140 191 132 137 50 260 189 231 84 62 142 242 111 40 82 208 90 76 42 133 95 230 156 83 57 159 156 127 187 28 212 91 147 183 132 107 213 126 217 72 183 119 260 96 56 141 188 226 201 209 229 86 229 234 182 135 270 148 216 44 179 195 138 300 56 181 58 161 56 208 58 63 242 127 82 211 181 188 146 215 159 67 100 227 277 168 116 143 116 137 203 230 59 172 160 148 84 145 156 151 99 212 237 214 127 186 167 224 143 36 117 263 47 34 146 184 187 158 49 79 256 124 108 168 249 77 203 63 190 183 31 173 153 113 155 221 248 39 144
 223 256 179 129 84 96 248 260 142 107 78 252 196 202 198 328 96 246 219 84 179 233 241 55 57 1 185 295 213 112 276 190 142 91 104 236 288 104 319 141 97 233 188 193 70 248 134 205 114 138 130 264 104 173 255 313 65 256 111 69 112 127 140 189 115 204 82 76 137 45 262 259 194 254 157 273 132 252 22 178 90 175 116 259 175 193 48 238 251 285 128 123 106 159 127 129 103 139 233 171 29 120 118 298 252 193 279 162 221 102 97 239 213 179 79 37 170 271 258 166 286 232 281 104 116 176 92 95 155 223 180 168 150 72 292 282 116 242 101 225 258 177 235 109 91 58 274 150 286 41 87 189 247 167 23 133 234 71 65 41 99 110 285 109 105 59 214 109 72 150 72 266 103 118 164 136 129 269 112 237 82 233 148 315 44 64 153 166 282 156 262 173 59 173 288 188 178 284 177 228 65 218 212 107 356 75 189 75 153 7 246 78 77 297 75 56 245 204 244 178 248 172 101 150 283 297 128 170 150 165 98 256 283 115 187 164 185 80 201 165 177 133 211 290 252 135 239 223 234 198 44 90 319 103 37 189 240 226 139 103 84 312 171 55 168 305 133 194 118 207 221 45 229 98 154 186 249 277 95 200
 374 235 92 89 217 90 188 410 255 225 200 394 210 151 18 273 181 69 100 193 272 315 392 144 164 185 1 183 161 210 109 252 323 133 272 65 212 232 273 47 165 361 236 179 216 392 286 33 265 301 253 281 203 141 184 277 232 276 89 242 104 276 290 318 201 154 119 238 85 181 162 198 263 95 228 250 75 250 202 291 162 20 170 87 54 288 150 167 391 104 311 203 288 253 308 271 266 158 112 232 158 219 158 250 104 299 104 213 320 102 263 63 154 350 108 205 121 116 77 142 103 85 114 288 208 44 98 252 318 380 65 132 305 193 289 98 126 59 169 62 307 57 305 126 273 212 98 188 284 225 104 258 403 180 165 118 356 248 125 146 283 76 270 196 83 218 234 199 215 178 137 276 83 143 126 65 58 253 286 370 104 137 270 239 223 219 40 136 241 215 179 290 239 296 201 344 80 108 296 60 126 310 351 146 312 114 45 113 87 179 90 221 109 231 200 142 74 21 231 291 76 27 98 217 224 115 178 205 51 107 167 277 188 155 23 54 57 246 182 41 21 70 375 201 96 59 163 210 69 160 195 271 281 153 153 274 212 315 116 143 241 271 246 195 331 273 157 103 142 346 315 147 199 231 251 35 68 96 149 171
 391 128 275 261 270 224 75 418 269 376 346 395 160 101 169 112 338 140 277 244 437 272 404 241 244 295 183 1 94 367 109 219 395 205 397 218 56 272 121 212 213 353 200 131 279 394 326 153 311 349 278 188 238 322 62 132 307 187 251 319 270 315 429 322 227 100 270 304 260 316 34 74 231 102 396 131 246 153 302 450 319 201 336 227 237 269 247 67 389 152 391 366 394 416 385 306 325 332 74 211 276 377 325 103 86 461 229 197 293 262 326 141 90 399 230 292 303 87 200 322 167 100 250 384 234 150 245 385 360 403 133 130 342 338 173 177 294 189 211 227 234 140 255 292 380 284 224 361 170 327 217 229 421 160 273 163 342 327 262 258 373 216 149 355 209 292 171 357 353 352 224 179 223 312 306 235 199 139 354 365 235 62 285 69 337 288 214 316 107 385 46 447 327 450 38 371 126 229 298 221 234 280 357 311 152 230 226 231 267 291 103 279 232 75 344 281 127 174 135 289 129 209 200 214 81 209 347 181 227 131 326 189 27 192 205 235 135 314 126 222 169 176 407 36 99 227 64 131 228 112 276 356 133 202 259 252 113 280 292 197 303 124 230 332 372 133 176 285 183 353 284 251 111 376 252 151 154 153 207 117
 300 76 243 213 179 163 36 328 176 306 275 306 73 13 153 124 273 155 259 154 372 191 314 161 159 213 161 94 1 301 148 132 303 124 316 216 75 179 119 169 124 266 113 40 189 305 233 141 218 256 185 127 146 281 42 119 217 124 198 229 217 222 352 231 135 10 207 213 215 242 62 48 145 127 336 91 200 93 217 381 256 174 276 233 208 181 167 28 301 186 301 303 308 351 294 213 233 280 76 121 200 310 268 96 111 393 243 105 209 206 234 152 9 307 162 205 264 127 211 279 198 108 260 295 141 118 185 307 268 312 97 48 249 266 130 203 241 194 122 219 164 105 176 237 294 195 237 307 125 241 147 142 330 67 193 85 255 238 195 182 284 159 110 291 148 203 91 292 278 300 144 121 165 257 265 191 148 93 262 277 169 48 193 103 254 198 177 274 84 328 52 377 239 379 77 279 82 245 208 215 160 195 267 253 159 159 204 160 227 211 122 188 164 87 273 211 143 162 73 199 147 180 131 122 74 235 289 90 188 63 264 125 74 103 182 202 105 223 37 189 141 119 315 79 123 182 31 56 224 19 189 266 125 114 180 164 52 197 246 112 212 115 140 257 279 115 86 257 97 263 200 172 40 303 160 127 168 182 121 26
 316 356 151 123 195 144 336 352 253 23 35 349 300 289 227 422 31 278 189 195 72 345 334 148 162 112 210 367 301 1 317 301 210 182 99 235 374 214 415 166 200 336 297 290 180 345 234 240 217 232 240 372 215 114 340 411 167 364 123 166 107 230 91 295 225 292 99 180 128 69 337 348 305 300 46 373 136 356 126 84 50 193 45 254 172 304 145 322 350 311 191 17 139 51 194 234 200 70 297 281 109 10 57 393 305 94 275 270 331 110 193 272 299 259 140 146 124 320 265 107 306 284 267 156 227 224 124 73 247 312 238 254 247 42 397 298 86 254 206 220 369 231 347 85 131 168 271 58 391 123 155 300 336 268 123 217 339 164 108 125 161 153 388 15 159 166 320 12 51 65 164 372 145 71 116 146 171 370 196 339 135 308 257 402 102 173 171 110 378 49 344 81 148 87 370 282 242 280 285 226 143 329 313 65 454 143 189 142 135 110 294 188 139 387 39 91 282 229 345 288 285 186 171 260 374 301 45 276 160 242 44 364 361 214 199 164 238 180 298 173 213 193 296 372 300 152 321 323 229 288 155 165 417 203 131 300 337 337 105 200 188 409 282 59 258 405 232 160 213 308 332 137 325 39 265 229 276 303 194 293
 430 214 193 197 283 185 155 462 304 332 305 442 219 146 92 219 288 43 184 256 380 337 446 226 239 276 109 109 148 317 1 275 403 200 372 120 158 292 226 152 223 404 256 184 287 440 349 79 331 369 307 272 259 245 145 235 310 269 196 321 212 339 395 365 252 147 223 312 193 282 108 161 287 25 336 223 183 236 290 399 269 127 278 123 158 321 233 135 437 44 394 312 381 361 390 331 338 266 74 260 251 326 266 205 38 407 122 241 351 209 337 49 141 421 199 287 225 24 95 247 59 49 144 377 259 101 200 354 384 439 99 152 368 297 266 68 234 88 225 131 311 100 322 234 366 287 118 296 262 314 190 284 460 201 254 165 395 328 225 236 370 172 243 304 173 295 238 306 318 286 213 264 181 252 231 172 152 229 363 414 199 103 320 177 317 293 148 241 204 323 132 397 323 403 142 403 107 121 341 124 212 338 400 254 259 202 143 202 194 271 33 290 201 179 305 243 36 92 216 334 35 135 177 254 180 101 287 228 159 134 274 271 128 205 125 161 92 321 182 149 106 144 438 140 28 166 129 202 130 159 274 355 237 210 241 305 192 341 224 202 313 227 278 297 397 234 198 199 192 395 343 233 184 336 292 92 53 44 211 170
 176 108 308 263 114 203 145 201 70 296 267 177 60 131 251 185 280 272 337 107 368 65 187 161 141 190 252 219 132 301 275 1 213 138 272 315 178 99 170 236 108 136 20 93 129 176 131 245 126 155 85 83 87 329 158 157 155 76 242 164 256 123 317 106 77 130 233 144 268 233 191 149 14 252 344 120 255 89 181 366 269 257 294 336 282 51 161 154 171 308 218 309 247 348 210 112 148 310 203 22 195 308 291 158 238 381 350 40 78 243 153 267 138 199 190 162 317 256 319 324 318 229 363 227 75 213 221 275 161 190 196 127 142 260 117 321 274 300 101 312 70 202 55 269 237 141 344 329 112 197 179 11 205 76 179 135 125 172 213 182 214 209 121 296 194 146 52 296 260 326 150 88 209 285 315 250 210 111 177 147 199 178 82 195 217 139 248 321 142 341 174 360 181 359 190 161 182 353 84 310 174 65 140 277 197 182 285 184 285 192 245 123 190 174 264 221 262 261 96 74 266 260 171 43 158 350 308 49 255 150 277 74 194 104 269 273 207 151 96 264 232 185 197 193 248 242 160 90 319 118 149 195 164 112 174 35 110 68 290 120 138 161 23 244 169 149 96 325 115 137 70 170 109 286 50 226 283 303 120 108
 120 314 319 270 126 235 332 151 144 191 181 156 254 295 334 393 211 378 359 152 247 217 136 181 165 142 323 395 303 210 403 213 1 204 121 377 371 126 379 281 185 161 224 270 118 152 84 338 89 61 130 294 158 304 342 368 94 287 252 83 252 91 162 137 170 296 223 93 277 169 362 340 208 380 251 329 273 300 123 228 216 315 236 400 317 181 174 330 160 418 20 226 76 235 17 102 71 264 347 206 170 211 243 364 373 244 420 211 191 243 70 371 306 53 216 119 305 393 397 297 421 356 422 55 164 306 233 142 64 111 305 268 79 181 329 418 251 380 186 366 265 304 230 245 80 116 415 264 324 104 220 205 132 239 159 242 170 76 207 179 50 249 333 216 241 109 259 213 161 268 191 300 242 248 298 277 265 321 42 158 221 338 133 394 117 111 293 298 347 257 354 222 85 215 377 93 298 425 145 368 198 197 134 237 409 210 330 211 293 149 371 117 214 373 178 196 375 341 302 153 379 312 230 192 357 436 245 226 291 275 220 286 376 206 327 306 312 83 277 306 312 262 92 380 377 276 333 288 375 285 130 54 375 198 171 189 309 205 276 205 93 370 192 164 66 360 220 333 217 130 197 177 301 175 165 318 383 411 195 282
 243 174 172 126 87 66 159 278 125 185 154 263 121 113 139 242 157 178 204 61 254 197 261 38 41 91 133 205 124 182 200 138 204 1 193 195 199 100 234 104 35 231 128 109 88 260 155 140 135 173 122 196 72 192 165 230 111 188 105 122 120 145 228 187 73 115 99 113 132 119 173 170 146 177 221 192 119 176 98 259 141 132 165 218 150 164 43 149 260 218 196 187 191 232 191 140 140 176 147 117 77 191 160 213 171 273 235 100 196 107 138 171 124 223 53 90 180 191 208 188 223 153 244 182 79 106 84 184 189 249 102 78 175 145 217 222 139 189 40 188 204 102 192 134 176 88 230 199 212 122 42 142 272 87 69 43 227 130 81 59 173 74 207 174 59 96 143 175 155 194 20 195 73 152 178 115 80 189 164 240 62 144 139 226 133 94 117 184 198 215 172 255 126 257 198 213 96 239 166 188 41 188 219 145 273 46 157 48 148 88 169 92 54 209 151 94 173 148 164 162 177 133 37 98 195 244 179 101 122 77 150 189 193 36 144 140 110 122 116 133 117 64 245 201 174 108 149 142 197 109 75 157 236 27 57 152 156 194 153 20 115 228 125 135 202 223 52 189 32 214 192 49 144 180 124 119 185 211 20 113
 237 353 237 196 160 188 350 270 210 78 82 272 291 305 288 428 112 338 277 174 127 301 254 158 158 104 272 397 316 99 372 272 121 193 1 313 390 175 417 226 195 269 275 293 145 268 171 297 160 159 195 352 191 208 357 410 119 345 187 111 177 170 47 234 204 307 155 131 204 93 365 360 272 352 134 370 206 346 100 109 124 259 136 334 248 260 151 341 275 375 102 116 46 116 107 178 138 165 334 257 124 98 147 397 351 126 355 252 280 174 131 331 315 173 175 116 215 370 339 201 374 331 351 68 202 272 176 27 171 230 279 271 178 86 383 368 166 325 199 299 337 275 308 162 45 133 351 156 378 78 186 268 252 265 126 235 275 105 149 141 77 201 380 109 200 128 306 106 62 163 175 355 193 157 207 213 221 364 122 269 174 336 208 416 62 135 236 204 381 144 365 103 93 98 390 206 279 360 231 304 165 281 243 147 453 173 264 172 216 107 344 150 173 398 80 131 339 293 341 237 342 254 201 237 383 378 141 263 228 267 126 344 385 215 269 238 283 125 301 243 269 232 212 393 350 216 342 321 308 299 131 91 416 203 139 261 339 290 190 205 138 410 251 79 179 402 233 249 220 238 284 148 329 62 228 281 339 367 196 301
 436 291 88 117 278 144 239 471 318 254 234 456 271 208 66 320 209 80 67 254 287 378 454 202 223 236 65 218 216 235 120 315 377 195 313 1 257 293 322 97 227 424 299 239 275 454 346 76 325 360 316 340 265 140 233 327 289 335 128 298 136 336 323 381 264 211 160 295 110 223 205 249 326 118 241 305 108 308 255 311 192 65 192 24 66 351 208 217 453 91 363 225 335 270 361 332 324 172 155 295 208 243 179 299 134 316 44 276 384 140 321 78 209 408 163 261 121 137 33 143 80 121 50 338 271 104 145 290 377 441 123 193 365 229 346 70 151 32 232 16 369 116 368 154 320 270 39 199 341 275 162 321 464 242 219 181 419 303 172 199 334 130 325 221 141 276 295 224 252 188 197 335 136 165 128 102 117 308 342 433 157 185 332 281 270 277 84 138 293 227 225 311 293 318 243 404 139 49 359 10 183 374 413 172 360 170 49 169 101 229 117 280 164 278 235 186 92 56 288 355 91 66 159 281 273 67 196 268 87 168 194 337 230 218 52 75 114 303 242 72 83 134 434 243 121 102 213 268 12 218 252 324 331 216 208 337 267 379 132 206 300 321 309 235 390 325 221 88 205 408 378 203 256 263 314 92 68 84 212 230
