NAME : domp220p55v3
COMMENT : (Deleplanque et al.) 
TYPE : DOMP
DIMENSION : 220
DISPLAY_DATA_TYPE: NO_DISPLAY
OPEN_FACILITIES : 55
COST_SECTION
 1 165 280 179 341 123 186 104 243 123 191 180 211 301 261 227 140 199 165 99 299 280 104 267 314 312 267 163 283 179 55 192 276 182 264 214 33 42 152 142 137 160 128 52 200 122 73 91 166 303 212 82 33 243 126 372 134 87 222 196 233 248 185 224 144 212 105 181 233 328 355 294 182 167 107 253 212 97 116 105 26 106 276 186 33 123 163 113 139 294 194 119 198 59 194 150 330 175 329 173 165 47 264 218 286 260 187 104 261 106 149 80 17 33 207 97 343 115 258 236 147 176 165 175 276 281 96 225 148 171 78 159 188 289 127 133 121 145 188 96 163 172 184 195 286 134 165 192 153 292 298 239 311 114 175 105 149 12 167 166 122 179 314 177 305 321 88 236 153 182 211 249 27 146 81 231 195 257 70 211 84 103 301 280 316 184 243 213 246 117 204 181 362 205 192 215 133 172 319 140 103 268 126 166 161 295 83 163 175 291 229 67 106 284 330 294 193 232 263 114
 165 1 289 342 401 164 349 118 137 106 30 30 349 236 310 224 47 349 329 263 180 240 73 365 189 231 342 327 359 39 150 29 231 183 141 178 193 125 230 32 213 259 268 213 336 207 97 94 311 227 349 98 197 207 86 428 97 251 227 299 361 131 134 130 38 175 100 341 301 213 410 213 343 23 150 148 214 260 278 142 144 74 276 235 196 192 319 277 299 265 328 90 148 212 353 241 345 101 251 328 288 133 220 274 175 244 350 268 341 269 89 208 180 180 302 223 219 148 204 344 162 220 132 162 332 248 260 133 308 71 109 154 352 361 99 282 129 57 34 109 303 25 249 45 206 83 87 355 317 224 367 315 330 62 252 241 60 155 39 151 280 91 339 319 176 350 116 194 270 18 363 174 191 71 105 167 215 130 214 347 118 234 292 374 339 343 314 65 134 59 325 304 417 311 139 85 288 62 386 297 109 289 91 222 147 192 227 293 40 174 291 195 73 183 211 376 343 235 265 272
 280 289 1 345 137 160 347 345 198 351 312 318 254 128 71 66 315 288 354 323 222 86 302 177 238 157 125 355 133 326 227 305 95 111 225 115 272 279 143 300 150 162 235 277 243 166 291 312 258 148 252 238 289 95 212 156 352 317 65 166 234 214 157 185 254 118 332 325 103 223 139 155 331 269 366 196 78 332 302 360 263 307 18 100 282 159 293 319 303 66 235 212 421 257 324 155 58 190 155 295 204 245 97 87 207 54 345 324 132 338 202 359 290 255 150 213 247 173 116 185 142 106 158 130 90 74 310 182 308 353 314 141 368 126 348 259 179 328 320 332 243 313 112 267 153 211 363 355 344 132 126 118 43 301 130 226 332 274 253 141 282 372 54 251 246 65 213 108 191 293 300 150 290 340 230 141 87 231 345 249 328 218 34 173 53 318 110 264 207 249 206 207 145 174 413 238 277 231 135 289 337 22 342 118 401 194 355 217 327 217 95 226 306 187 232 152 283 56 25 281
 179 342 345 1 334 240 9 269 395 290 368 357 121 420 292 321 317 80 27 85 450 386 281 229 467 440 263 30 272 356 201 369 386 292 421 335 150 220 209 320 210 185 113 130 123 199 251 266 91 429 124 251 147 355 287 364 303 97 310 188 157 404 326 374 317 335 276 27 254 475 351 425 21 342 255 403 307 94 65 258 199 283 350 252 147 216 54 68 48 388 127 279 354 134 39 194 375 329 452 56 144 213 377 260 435 353 12 80 254 87 306 179 166 165 206 150 493 244 379 197 266 254 303 298 292 382 84 373 41 346 250 284 25 283 296 88 262 321 366 265 106 349 235 367 417 295 337 14 32 414 292 247 359 291 217 130 324 188 339 294 72 351 354 103 462 356 244 355 156 358 80 384 154 320 246 364 283 417 159 126 252 140 376 244 357 37 255 384 400 289 158 146 356 185 351 381 71 338 309 59 271 326 297 239 313 439 152 131 352 442 258 162 283 427 479 272 81 319 340 77
 341 401 137 334 1 245 333 429 331 440 427 430 217 262 92 190 417 259 351 346 358 222 396 108 374 292 77 354 64 437 298 422 231 221 359 242 321 355 191 405 208 184 246 318 212 222 376 400 246 283 214 329 337 228 317 33 445 345 182 157 184 346 279 316 364 245 420 309 110 359 18 291 316 383 443 329 194 358 315 439 333 401 154 169 330 227 282 335 305 200 208 315 516 298 302 192 104 309 288 279 201 320 233 130 342 189 329 345 85 361 314 411 345 310 140 250 382 261 251 138 240 184 272 243 70 210 332 312 305 457 396 248 358 54 440 264 276 429 433 417 233 424 162 388 289 319 463 339 345 268 45 103 104 398 167 252 434 339 368 252 291 474 89 233 381 81 302 240 201 409 265 284 341 439 319 273 187 364 392 212 409 249 160 94 93 299 99 389 340 352 177 193 23 154 508 364 281 349 26 289 423 125 434 186 488 330 399 212 436 352 116 276 400 323 368 64 256 178 158 293
 123 164 160 240 245 1 245 189 159 198 192 191 203 187 157 105 173 216 239 189 213 160 152 203 230 203 181 238 198 197 69 188 157 61 188 99 122 120 69 163 52 100 136 134 190 51 135 157 177 193 203 84 139 124 79 275 201 180 100 138 207 170 87 138 127 98 178 228 140 236 257 187 233 150 208 166 89 194 181 202 104 157 154 77 132 33 199 191 193 172 180 74 272 117 235 81 213 99 217 205 138 85 146 116 197 138 244 192 179 202 86 203 135 103 139 92 255 17 144 183 27 63 65 60 176 160 178 136 200 213 157 45 259 201 196 158 36 185 196 176 164 184 87 164 179 84 218 253 227 179 208 153 195 154 90 112 190 116 138 55 170 230 200 180 227 209 58 120 118 175 231 145 138 195 75 125 74 185 191 200 171 102 179 212 201 226 153 173 165 109 170 153 264 151 264 159 171 125 228 183 182 151 191 61 247 200 203 146 196 204 132 84 156 188 240 214 210 110 142 164
 186 349 347 9 333 245 1 277 400 298 375 365 118 423 293 324 325 77 34 93 455 389 288 227 473 444 262 38 271 364 207 376 390 296 427 340 157 227 212 327 214 187 116 137 122 202 258 273 91 433 121 257 154 359 293 362 311 104 313 188 154 409 331 379 324 339 284 25 254 480 350 429 18 349 263 408 310 102 72 266 206 290 352 254 154 220 55 76 54 391 126 285 362 141 34 196 376 334 456 55 145 219 380 261 440 356 5 88 253 96 312 187 173 171 206 154 498 249 383 195 270 257 308 302 292 385 92 378 46 353 258 289 27 282 304 91 267 329 373 273 107 357 237 374 421 301 345 9 40 418 291 247 359 299 219 135 332 195 345 299 77 358 354 102 468 357 250 359 157 365 76 389 161 328 253 368 286 423 167 123 260 144 378 242 358 34 255 391 406 296 157 146 354 185 359 387 75 344 307 63 279 327 305 242 321 444 160 132 360 447 258 168 290 432 484 270 78 321 342 83
 104 118 345 269 429 189 277 1 243 23 131 115 314 329 343 284 73 301 250 185 292 321 52 365 303 331 359 247 375 109 133 136 314 236 254 252 136 76 239 87 222 256 232 153 304 209 55 35 269 324 315 108 129 283 142 460 36 173 282 294 336 241 211 230 123 250 19 276 321 325 441 312 276 133 34 254 269 177 211 25 101 48 337 264 133 203 263 202 235 341 298 139 94 163 290 242 400 186 350 273 267 110 302 301 285 312 279 190 354 185 161 103 111 134 303 197 333 174 290 336 204 251 198 221 361 326 187 232 244 83 34 207 272 380 29 236 167 68 123 14 266 109 268 161 304 147 71 281 240 317 389 330 382 60 263 208 69 101 143 209 222 84 388 281 290 397 133 273 253 132 312 268 122 60 116 255 260 244 116 314 22 204 358 378 389 281 332 181 242 108 306 283 448 304 89 197 234 160 409 240 10 338 33 245 60 299 128 266 104 285 314 165 49 289 324 388 295 291 324 214
 243 137 198 395 331 159 400 243 1 236 146 160 358 106 245 142 180 374 390 332 57 124 192 332 74 97 293 389 307 170 199 138 114 128 32 91 258 213 215 163 203 249 294 276 344 208 201 211 335 93 357 163 270 104 118 352 230 321 152 282 356 17 73 22 121 89 225 385 253 87 335 79 389 116 274 12 142 334 333 266 218 195 182 194 266 189 356 339 348 152 335 125 283 264 392 231 250 69 116 363 293 197 107 224 45 146 400 336 295 343 95 310 258 239 276 249 101 152 87 322 137 180 94 110 269 136 324 24 356 206 222 118 411 305 230 315 134 192 157 231 322 158 215 97 73 110 222 408 378 94 308 271 239 184 227 269 195 232 102 108 324 226 251 337 69 262 158 92 273 131 388 51 266 206 162 58 159 34 308 354 235 260 188 336 249 383 266 83 10 139 320 306 341 295 275 55 328 83 323 340 233 207 222 191 282 57 323 302 173 49 242 234 194 48 88 326 367 155 175 318
 123 106 351 290 440 198 298 23 236 1 115 98 333 327 353 288 60 320 271 206 284 321 50 380 294 327 371 269 388 91 146 121 314 241 245 253 155 91 252 76 234 270 250 173 322 222 65 41 288 321 334 115 150 284 143 471 14 195 287 309 354 233 211 225 117 251 21 297 332 317 452 308 297 123 50 247 275 198 232 42 117 46 342 274 152 215 283 224 256 343 316 141 78 181 311 255 406 184 346 293 284 123 302 311 277 316 300 211 367 206 161 124 131 152 317 214 324 182 289 352 210 260 200 225 372 327 208 227 265 63 48 211 293 392 9 255 173 52 106 28 285 94 280 149 300 147 49 303 261 315 401 343 389 55 276 226 51 119 135 213 242 62 395 300 280 404 140 273 269 119 333 265 143 41 123 253 267 234 138 333 40 222 362 392 396 302 344 170 234 107 323 300 459 319 71 188 254 154 421 260 21 345 16 256 52 292 149 284 86 277 326 182 47 283 315 401 315 297 330 234
 191 30 312 368 427 192 375 131 146 115 1 18 378 250 336 247 60 378 354 288 183 258 93 394 189 242 370 352 386 27 179 9 248 208 145 199 220 150 259 50 242 288 297 240 365 236 120 113 340 238 378 126 223 226 114 454 104 276 251 327 390 138 155 144 66 196 115 368 328 216 436 224 370 45 163 156 238 285 305 155 171 93 298 263 222 221 347 302 326 284 357 119 141 239 380 270 368 123 262 356 317 161 238 301 180 265 376 293 369 293 114 227 205 207 330 252 218 176 220 372 190 247 157 187 359 267 286 147 335 65 129 180 377 388 108 311 157 64 12 125 332 23 277 51 217 111 84 382 343 237 394 342 353 81 281 270 65 181 60 176 307 84 363 348 174 373 145 213 299 20 391 189 216 76 134 184 241 133 235 376 135 262 313 403 363 371 341 66 141 88 354 333 443 340 133 92 316 82 413 325 123 313 101 250 149 198 248 322 32 178 319 223 92 191 212 403 371 258 288 299
 180 30 318 357 430 191 365 115 160 98 18 1 372 262 339 253 44 370 343 276 198 268 79 392 205 255 371 341 387 11 172 25 258 212 160 207 210 139 258 38 240 285 290 230 359 233 108 98 333 251 372 120 212 235 115 458 87 264 257 325 385 152 162 155 67 204 99 358 329 231 439 237 360 51 146 170 243 272 294 138 161 79 305 264 211 219 338 291 316 293 351 118 126 230 371 267 374 130 275 347 312 153 248 303 195 273 366 281 369 281 118 212 193 198 328 246 234 175 231 370 191 248 162 191 361 276 275 158 326 49 115 183 366 389 91 303 157 48 10 109 325 9 277 64 230 112 67 371 331 249 396 343 359 68 280 263 48 171 67 180 298 68 368 341 190 379 141 222 294 29 383 200 205 59 129 194 245 148 221 370 120 256 321 402 368 361 342 81 155 84 350 329 446 337 118 106 307 89 415 316 107 318 84 250 132 212 234 317 15 193 320 216 78 205 228 404 364 264 294 290
 211 349 254 121 217 203 118 314 358 333 378 372 1 353 191 250 340 43 142 161 409 314 306 110 427 378 151 145 157 374 201 376 317 236 388 280 180 246 145 336 156 111 85 164 15 153 277 298 49 367 4 253 189 291 274 245 343 166 237 90 37 370 286 337 316 281 315 95 153 427 234 366 102 342 313 364 239 174 125 312 220 310 263 177 184 172 75 144 106 309 24 267 407 153 87 128 272 301 386 69 67 222 310 169 392 276 115 158 142 173 286 252 205 182 105 127 448 215 318 81 222 186 266 250 185 306 150 335 102 376 287 241 145 169 336 82 236 348 379 306 50 364 156 361 360 281 373 125 139 351 177 142 257 314 139 111 352 216 333 251 103 387 250 35 425 251 235 295 87 364 50 334 195 352 245 314 214 387 230 6 294 117 287 125 254 85 150 373 366 291 49 54 238 81 402 361 90 324 192 92 313 233 335 172 369 390 230 58 372 400 161 158 309 379 433 154 41 243 256 110
 301 236 128 420 262 187 423 329 106 327 250 262 353 1 193 105 276 379 421 374 104 44 278 296 118 30 247 422 258 271 249 242 38 130 122 89 306 282 214 259 211 246 309 319 340 222 280 295 343 22 351 231 322 66 189 277 323 365 118 266 341 119 120 107 212 90 312 404 216 98 262 34 410 214 358 98 116 380 364 350 278 283 111 177 316 206 373 376 373 64 331 194 382 303 408 231 166 144 34 377 292 256 45 191 92 82 422 377 253 387 169 377 315 287 255 272 121 189 44 297 160 170 138 128 215 55 363 104 380 306 303 144 440 252 322 333 181 288 260 316 328 259 198 200 36 183 321 432 410 14 253 233 161 273 215 291 292 292 199 136 350 327 175 341 129 185 215 67 274 233 393 63 320 302 227 75 141 132 370 348 317 281 104 295 172 400 226 188 113 221 308 301 268 277 374 160 349 177 262 362 320 145 314 185 375 75 383 304 274 102 205 269 282 73 108 277 373 112 111 346
 261 310 71 292 92 157 293 343 245 353 336 339 191 193 1 104 327 228 304 284 279 150 307 107 296 222 56 306 66 346 214 331 157 130 275 156 246 270 111 315 125 116 188 246 181 141 290 313 203 212 188 240 263 146 226 120 357 280 94 107 167 261 189 229 273 158 333 270 40 285 101 217 276 292 359 245 105 295 258 354 250 312 85 80 255 141 239 276 255 135 174 224 427 226 267 117 84 219 223 239 150 235 156 44 262 112 290 284 62 299 223 336 268 232 89 178 308 172 172 117 149 94 181 152 25 140 271 226 257 366 310 157 316 61 352 210 186 339 342 330 188 333 78 298 213 228 373 301 296 196 64 50 68 309 90 186 344 258 277 162 236 385 63 193 301 66 214 157 141 318 239 202 265 350 231 188 96 279 319 186 324 180 103 103 66 262 42 299 254 261 143 149 109 111 420 275 228 258 80 239 337 50 346 99 402 253 328 162 346 272 37 199 311 244 293 85 223 92 83 236
 227 224 66 321 190 105 324 284 142 288 247 253 250 105 104 1 250 277 326 285 177 66 239 198 195 130 154 326 167 261 174 240 68 49 171 53 225 221 113 235 113 143 210 234 237 127 230 250 241 120 248 177 241 45 148 213 289 277 14 163 238 158 93 127 189 56 270 304 117 187 195 121 310 204 307 142 17 292 270 300 208 244 55 74 235 114 272 284 276 70 227 149 357 215 307 130 123 125 137 276 189 188 61 90 160 34 323 287 158 299 137 307 239 206 152 178 209 115 73 195 83 69 93 65 128 61 273 123 282 288 253 78 343 164 285 234 118 263 255 271 226 248 94 203 116 146 298 333 315 103 167 135 107 238 112 194 268 220 188 77 253 307 117 238 199 128 153 54 172 228 290 99 241 275 169 85 40 176 295 245 268 185 76 199 117 299 129 202 151 185 204 198 202 174 349 176 251 166 182 263 276 68 278 84 339 153 307 202 262 170 106 182 243 143 194 186 270 13 43 250
 140 47 315 317 417 173 325 73 180 60 60 44 340 276 327 250 1 334 301 235 226 275 37 369 235 273 353 299 370 41 140 65 267 205 187 209 171 99 236 18 218 260 257 191 327 209 67 55 298 268 340 93 171 239 104 446 51 223 251 300 355 176 165 171 65 206 56 319 312 259 427 255 321 66 105 191 238 230 255 97 123 36 303 249 172 197 301 250 277 298 320 104 109 193 332 243 371 135 293 310 283 119 255 288 220 274 326 240 350 239 115 169 152 161 306 214 265 157 240 345 179 234 158 186 348 282 234 174 287 41 71 175 324 373 52 267 142 14 53 66 292 38 259 91 247 105 49 330 290 263 380 324 355 27 259 230 19 132 79 175 260 59 363 308 222 372 118 227 266 61 347 214 164 28 102 203 235 176 177 338 77 224 322 380 363 323 325 112 178 67 322 299 434 312 101 130 270 100 400 278 65 312 45 233 102 236 191 286 36 220 304 183 36 227 257 385 328 260 292 252
 199 349 288 80 259 216 77 301 374 320 378 370 43 379 228 277 334 1 103 132 426 341 299 152 445 403 191 106 199 371 200 377 344 257 403 302 167 237 167 333 174 135 83 149 49 167 269 289 40 392 46 253 172 316 280 287 332 139 264 124 78 385 302 353 319 302 303 54 189 447 276 390 60 344 295 380 264 145 97 295 212 302 296 204 169 186 42 114 74 339 56 272 392 142 44 150 311 313 412 32 88 218 336 202 410 305 73 128 182 142 295 227 191 174 140 130 467 225 342 122 238 210 280 268 224 335 123 351 68 368 275 257 103 210 325 68 245 341 377 294 53 362 184 366 383 287 363 83 101 376 219 180 295 308 166 110 345 205 337 267 80 377 288 40 442 289 238 318 106 365 15 354 179 343 246 334 239 400 205 48 281 119 321 167 292 44 188 380 381 292 87 82 280 118 387 371 67 331 234 64 300 268 324 195 352 411 204 76 368 418 196 156 302 399 453 196 8 271 287 88
 165 329 354 27 351 239 34 250 390 271 354 343 142 421 304 326 301 103 1 67 446 389 265 247 463 440 279 5 289 341 193 356 389 293 416 335 138 206 215 306 214 193 120 118 143 200 236 249 107 430 145 240 133 357 279 381 284 79 315 201 178 398 322 369 306 335 258 50 266 472 368 424 45 330 234 399 311 74 59 237 187 267 358 258 134 217 70 53 51 393 146 271 333 127 64 200 387 323 453 75 156 202 379 270 431 358 37 62 270 66 299 156 151 155 219 150 489 241 380 215 265 258 300 297 306 386 70 369 48 328 233 283 24 300 277 96 257 305 351 247 120 335 243 357 417 287 319 35 13 415 309 261 370 276 225 133 308 175 328 292 73 332 366 120 457 369 236 356 165 345 105 383 139 303 237 362 287 410 137 146 234 142 384 263 369 61 268 374 395 278 175 160 373 200 330 372 78 329 326 67 252 335 279 243 291 436 129 144 337 437 269 158 267 424 475 290 103 324 347 77
 99 263 323 85 346 189 93 185 332 206 288 276 161 374 284 285 235 132 67 1 388 346 199 250 405 390 270 65 283 275 134 290 344 247 356 286 75 140 181 239 175 169 101 57 155 160 169 183 114 380 163 177 67 311 218 377 219 13 275 190 193 339 268 312 242 285 192 95 248 416 362 373 94 265 172 341 269 14 37 174 122 200 324 224 69 172 91 20 59 354 154 210 271 72 110 170 363 264 404 101 146 139 333 244 375 318 95 6 262 16 239 98 85 94 207 110 432 188 332 217 215 221 245 247 291 344 14 312 66 262 167 232 90 292 212 86 201 238 285 181 121 269 213 292 365 227 253 98 57 366 302 247 345 210 197 99 241 109 264 241 59 267 344 129 397 349 176 308 147 280 141 330 73 237 174 310 247 350 76 163 168 106 350 266 347 102 253 311 336 214 177 156 368 193 267 311 73 267 321 71 187 306 213 207 229 381 73 137 270 380 248 106 201 369 419 288 129 285 312 55
 299 180 222 450 358 213 455 292 57 284 183 198 409 104 279 177 226 426 446 388 1 138 242 373 19 81 330 445 343 208 256 175 129 174 40 132 315 268 264 210 254 299 348 332 395 260 255 262 388 84 407 219 327 134 174 376 276 378 189 329 404 54 126 77 171 131 275 440 293 34 359 72 444 161 325 48 181 391 389 316 274 245 205 239 322 241 410 396 403 164 385 181 323 320 447 281 267 125 97 417 343 253 126 264 18 170 455 392 333 399 151 365 314 296 321 304 45 207 108 367 190 226 149 160 302 151 380 78 411 246 275 170 467 339 277 370 190 237 194 282 374 199 260 137 71 166 264 463 434 95 341 310 260 233 274 324 239 288 150 160 380 266 273 389 25 284 214 124 323 171 441 79 323 250 219 97 202 51 364 404 287 314 204 375 271 438 305 118 54 192 368 356 366 341 315 97 383 135 354 395 283 235 269 239 326 30 378 354 212 9 282 289 244 36 33 362 420 188 201 374
 280 240 86 386 222 160 389 321 124 321 258 268 314 44 150 66 275 341 389 346 138 1 272 253 154 73 205 390 215 277 226 250 11 101 147 70 282 266 178 259 177 208 274 293 301 190 269 287 306 63 312 218 298 39 180 239 320 338 78 226 300 139 111 118 211 72 305 369 174 138 223 70 375 218 347 119 80 353 333 340 258 277 69 139 291 175 337 346 340 28 292 183 383 275 372 195 130 141 75 341 254 237 21 149 124 40 388 348 210 359 162 358 293 262 213 240 161 166 39 255 135 134 124 106 172 13 334 114 346 309 293 122 407 209 317 299 162 288 267 308 291 264 159 209 68 175 322 397 378 47 210 191 122 268 177 258 292 272 202 116 317 329 136 303 163 146 198 49 237 240 355 75 297 301 212 75 104 155 349 309 307 248 67 252 133 364 184 201 133 215 267 262 229 236 375 173 315 180 221 328 312 102 310 149 371 110 362 267 279 134 163 241 276 104 147 234 335 72 69 314
 104 73 302 281 396 152 288 52 192 50 93 79 306 278 307 239 37 299 265 199 242 272 1 342 253 280 329 263 346 77 109 96 265 192 203 204 135 63 210 44 192 232 223 155 294 181 31 22 264 273 306 68 135 235 94 426 51 187 239 271 323 190 162 179 72 201 35 283 289 275 407 261 284 85 84 203 226 194 218 75 88 6 293 228 135 172 265 214 241 294 287 92 121 158 296 216 358 136 299 275 251 86 253 267 234 266 289 204 325 202 112 136 116 126 278 182 283 136 240 316 162 214 150 175 327 278 198 181 250 71 38 162 288 350 47 232 125 43 88 41 258 72 236 113 253 98 70 294 254 267 357 300 341 12 234 196 47 96 93 164 224 84 348 274 241 357 94 224 235 89 312 218 128 47 78 205 219 194 143 305 47 191 313 353 348 287 301 134 191 58 290 268 414 283 113 147 234 109 378 242 43 297 40 211 101 248 157 253 73 235 282 150 5 238 274 360 293 248 281 216
 267 365 177 229 108 203 227 365 332 380 394 392 110 296 107 198 369 152 247 250 373 253 342 1 391 324 53 250 52 397 235 390 259 206 363 243 241 290 136 361 153 111 152 233 106 162 317 341 143 314 107 278 255 242 281 136 387 251 186 72 76 347 266 313 328 245 360 203 82 384 125 317 210 352 372 334 193 263 217 370 265 346 190 140 249 175 178 237 204 240 103 276 457 215 195 127 178 291 327 174 107 258 256 110 356 214 223 249 46 264 285 327 267 235 65 171 407 218 270 35 209 155 251 226 91 243 237 310 203 409 333 224 252 64 381 166 238 380 398 354 132 385 121 364 312 285 411 233 242 297 71 64 166 347 114 166 385 267 339 232 193 424 156 129 394 153 253 251 115 376 158 295 260 388 268 278 174 364 307 105 344 166 209 17 160 193 70 371 341 309 75 95 129 63 450 351 181 324 84 188 361 156 377 148 424 350 311 115 396 366 93 201 346 340 391 45 150 188 187 196
 314 189 238 467 374 230 473 303 74 294 189 205 427 118 296 195 235 445 463 405 19 154 253 391 1 92 348 462 361 215 272 181 145 193 52 150 331 283 283 219 273 317 365 348 413 278 268 274 406 97 425 233 342 151 189 392 286 394 207 347 422 68 144 94 183 149 286 457 311 31 376 86 462 171 336 66 199 407 405 327 289 256 221 257 338 259 428 412 420 179 404 197 329 337 464 299 282 141 107 435 362 269 143 283 36 187 472 409 351 415 167 379 330 312 340 321 31 224 125 385 208 245 166 178 320 166 397 95 428 253 287 188 484 356 287 387 207 245 200 293 392 206 278 146 87 181 271 480 451 109 359 328 275 244 292 341 248 304 161 178 397 272 289 407 17 299 230 142 342 179 459 97 338 259 234 115 220 61 378 423 299 332 219 393 286 455 323 126 69 205 386 374 382 359 321 107 400 148 371 412 294 252 279 257 335 45 393 372 219 27 300 307 255 53 25 380 438 206 218 391
 312 231 157 440 292 203 444 331 97 327 242 255 378 30 222 130 273 403 440 390 81 73 280 324 92 1 276 440 287 265 262 234 66 149 105 106 320 290 237 256 232 269 330 335 365 242 285 298 366 12 376 239 335 88 195 306 322 381 143 292 367 106 128 103 211 106 314 425 244 70 291 20 430 210 361 87 140 395 383 353 288 284 140 202 329 225 394 393 393 93 355 200 378 319 430 254 195 146 21 399 316 267 70 218 72 111 443 393 281 403 173 387 327 301 281 292 92 204 62 324 177 194 149 144 244 84 380 101 400 301 307 159 459 281 322 354 193 285 252 319 351 254 223 192 28 188 317 452 428 28 282 261 190 274 240 310 289 303 195 150 370 321 204 364 105 214 225 86 297 226 416 65 333 300 235 83 165 116 381 373 321 301 133 323 201 421 255 178 102 224 333 325 297 303 370 151 370 175 292 382 322 174 314 208 374 53 395 328 268 80 233 286 283 54 79 306 396 139 140 365
 267 342 125 263 77 181 262 359 293 371 370 371 151 247 56 154 353 191 279 270 330 205 329 53 348 276 1 281 18 377 227 365 212 171 323 203 246 284 120 343 138 108 170 242 144 150 307 331 173 266 148 262 262 198 257 109 377 269 143 81 122 308 231 275 305 205 351 238 43 338 93 271 245 327 370 294 152 282 239 367 261 334 140 109 255 158 210 259 231 190 138 254 448 222 233 119 126 259 277 208 126 250 209 71 314 166 259 269 10 285 258 336 270 236 64 174 361 197 225 72 182 124 220 192 39 194 257 272 232 393 326 194 287 24 371 189 215 365 375 347 160 364 95 336 267 260 397 269 271 250 33 30 114 332 96 176 370 265 313 200 216 410 104 161 352 103 237 208 125 352 200 252 265 374 253 237 137 326 317 146 339 173 157 48 108 229 30 340 302 289 106 120 99 80 440 318 206 296 53 215 353 105 366 122 418 305 323 137 376 323 53 201 333 296 346 35 188 143 137 218
 163 327 355 30 354 238 38 247 389 269 352 341 145 422 306 326 299 106 5 65 445 390 263 250 462 440 281 1 291 339 192 354 389 293 415 336 137 204 216 304 214 195 121 117 146 201 233 247 109 430 148 239 131 357 278 384 281 77 315 203 181 397 322 369 305 335 255 54 268 471 371 424 48 329 231 398 311 71 58 235 185 264 359 259 132 217 73 52 53 394 148 270 330 126 67 201 389 322 453 78 158 201 379 271 431 358 41 60 272 64 298 153 149 154 221 150 489 241 380 218 264 259 299 297 308 386 68 368 50 326 231 283 26 302 275 97 257 302 349 244 122 333 244 355 417 286 316 39 13 415 311 263 371 274 226 133 305 173 327 292 74 330 368 123 456 371 235 356 167 344 108 383 137 301 235 362 287 410 134 149 231 142 385 266 371 64 270 373 394 277 178 162 376 202 327 371 79 328 329 68 250 336 276 244 288 436 126 146 335 437 271 157 265 424 475 292 106 324 348 77
 283 359 133 272 64 198 271 375 307 388 386 387 157 258 66 167 370 199 289 283 343 215 346 52 361 287 18 291 1 393 243 382 222 186 337 217 261 300 137 359 154 124 183 257 151 167 324 348 183 277 154 279 277 210 274 95 393 282 156 94 126 322 247 290 322 219 368 247 59 350 81 282 254 343 386 308 166 295 252 383 277 350 149 125 270 175 220 271 242 199 146 270 464 237 241 135 127 275 287 217 138 266 221 87 326 177 268 282 23 298 274 351 286 251 78 190 373 214 237 77 198 141 236 208 44 204 270 287 243 410 343 210 296 12 388 201 231 381 392 363 170 380 112 352 278 277 414 278 282 261 21 46 117 349 113 190 386 281 329 216 228 426 106 170 365 102 253 221 139 368 206 266 281 390 269 251 152 340 331 152 355 188 164 43 110 238 46 355 316 306 115 130 86 91 457 333 218 312 39 226 370 114 383 138 434 318 338 148 392 336 69 217 350 308 358 20 195 156 147 230
 179 39 326 356 437 197 364 109 170 91 27 11 374 271 346 261 41 371 341 275 208 277 77 397 215 265 377 339 393 1 174 35 268 219 170 215 209 138 263 39 245 289 292 229 362 237 107 95 334 261 374 123 210 244 121 465 80 263 265 329 388 162 171 165 74 213 93 358 335 241 446 247 360 60 140 180 251 270 293 132 161 76 314 270 211 224 338 290 316 302 354 124 116 231 370 272 383 139 285 348 316 154 257 309 205 282 365 280 375 278 126 207 192 198 333 248 244 181 240 374 198 255 170 199 368 285 273 168 325 39 111 191 364 395 83 304 163 41 17 104 327 14 283 74 240 119 58 370 330 259 402 349 368 66 285 265 41 170 76 188 298 58 377 343 200 387 146 231 298 40 384 210 204 51 132 203 252 159 217 373 115 258 330 407 376 361 348 91 165 89 354 332 453 342 107 116 308 99 421 316 101 326 77 256 123 223 230 319 6 203 326 218 75 215 238 410 365 272 303 290
 55 150 227 201 298 69 207 133 199 146 179 172 201 249 214 174 140 200 193 134 256 226 109 235 272 262 227 192 243 174 1 178 223 128 224 161 61 58 108 136 91 125 119 78 188 77 83 107 162 252 201 54 75 189 87 329 153 123 168 164 216 206 136 179 120 160 126 196 189 283 311 244 199 145 146 208 158 137 137 142 37 113 222 136 69 74 171 142 155 240 181 79 223 68 206 110 278 131 277 180 143 24 211 171 242 206 208 138 222 145 107 134 68 41 172 75 299 61 206 208 93 125 114 122 230 227 126 179 164 178 100 106 215 249 147 134 70 150 179 121 154 164 138 169 236 95 178 215 181 240 257 198 260 116 132 92 154 48 140 114 134 192 264 170 265 272 44 183 127 165 214 200 72 156 47 180 141 218 123 199 113 85 247 247 265 197 200 185 204 93 182 160 318 175 216 180 141 138 278 151 128 216 143 117 192 249 136 146 171 247 184 45 113 237 286 256 194 178 210 127
 192 29 305 369 422 188 376 136 138 121 9 25 376 242 331 240 65 377 356 290 175 250 96 390 181 234 365 354 382 35 178 1 241 202 136 192 221 151 255 53 238 285 296 241 363 233 123 116 339 230 376 125 224 219 110 448 111 278 245 324 387 130 149 136 63 189 120 369 323 207 430 216 371 40 169 148 232 287 305 160 171 97 291 258 223 217 347 304 327 276 355 115 149 239 380 266 361 116 253 356 315 160 231 296 172 258 377 295 364 295 109 231 206 207 326 251 210 173 213 369 185 242 151 181 353 259 287 139 336 73 133 175 379 383 114 310 153 70 20 130 330 29 272 43 209 106 92 383 344 229 389 338 347 85 277 269 71 182 54 170 307 92 357 346 166 367 143 206 296 14 391 181 218 82 132 176 235 125 238 374 140 261 306 398 356 371 336 58 133 86 352 331 437 337 141 84 316 75 408 325 128 306 107 245 156 190 252 320 39 169 314 222 96 183 204 399 370 252 281 299
 276 231 95 386 231 157 390 314 114 314 248 258 317 38 157 68 267 344 389 344 129 11 265 259 145 66 212 389 222 268 223 241 1 98 137 64 279 261 179 250 177 210 275 290 304 189 263 280 308 56 315 212 295 35 173 248 312 336 81 229 304 129 104 108 203 66 298 370 179 130 232 61 375 209 341 109 81 350 332 334 254 270 78 141 288 174 338 345 340 39 295 176 375 273 373 196 140 133 70 342 256 232 13 154 114 46 388 347 216 357 154 354 289 259 218 240 153 162 29 260 131 135 118 102 180 23 333 104 346 300 286 118 407 217 310 299 157 280 258 301 293 255 162 200 59 168 314 398 378 39 218 196 132 261 179 258 284 267 193 111 317 321 145 305 153 156 193 42 239 231 357 64 293 293 206 66 106 145 345 312 301 248 77 259 143 365 190 191 123 208 271 265 238 240 366 163 316 171 229 328 305 110 302 150 364 101 358 269 270 124 169 239 269 94 138 241 337 75 76 313
 182 183 111 292 221 61 296 236 128 241 208 212 236 130 130 49 205 257 293 247 174 101 192 206 193 149 171 293 186 219 128 202 98 1 158 46 182 173 92 191 84 126 182 193 222 94 182 203 219 139 234 129 198 65 102 247 242 238 48 156 231 142 61 108 147 46 223 277 130 192 229 135 282 164 259 131 35 253 236 253 162 197 102 67 192 77 246 248 245 113 213 102 311 176 282 109 167 90 161 251 172 141 88 101 158 80 295 249 172 260 95 261 194 163 150 144 213 68 88 195 36 54 52 23 154 101 236 105 252 244 205 31 312 186 238 206 70 218 215 223 205 206 88 168 128 102 253 304 281 123 191 146 151 191 101 162 223 174 148 33 222 263 159 218 193 169 106 64 152 189 271 99 197 230 122 79 35 159 250 232 220 153 124 211 159 274 143 170 136 140 195 183 236 168 303 148 222 129 209 234 228 108 232 65 292 156 263 183 220 166 119 142 196 144 198 205 250 57 90 217
 264 141 225 421 359 188 427 254 32 245 145 160 388 122 275 171 187 403 416 356 40 147 203 363 52 105 323 415 337 170 224 136 137 158 1 121 282 232 245 170 233 280 322 300 374 237 217 224 364 105 387 184 293 132 140 379 237 345 182 312 387 19 103 52 133 119 236 412 284 73 362 91 417 122 286 30 172 358 359 277 239 206 208 225 289 218 384 364 374 175 365 147 284 290 420 261 275 94 124 391 323 219 131 255 37 172 427 360 325 366 118 328 280 263 307 277 81 180 111 353 167 211 124 141 299 159 349 54 383 208 237 148 437 334 238 344 161 197 156 243 351 160 245 98 87 131 225 435 404 110 338 301 265 194 258 297 200 254 111 138 351 227 278 366 42 289 181 120 302 132 417 76 289 211 184 87 189 12 328 384 249 288 212 366 276 411 296 80 23 155 350 336 369 325 276 58 355 97 352 367 245 235 230 222 287 56 342 332 174 34 273 260 205 52 72 356 396 184 202 345
 214 178 115 335 242 99 340 252 91 253 199 207 280 89 156 53 209 302 335 286 132 70 204 243 150 106 203 336 217 215 161 192 64 46 121 1 219 198 136 193 129 170 227 232 266 138 200 218 264 95 279 149 234 32 111 266 252 277 63 198 273 106 45 74 146 4 237 321 164 148 248 90 327 157 279 92 52 292 278 271 191 209 101 108 228 121 290 289 288 91 257 114 317 215 326 153 171 78 119 296 216 170 52 135 115 68 339 289 205 299 95 291 228 199 190 187 169 101 46 236 73 96 55 41 180 75 276 71 295 245 224 56 355 215 249 250 94 222 208 239 249 202 129 153 83 107 257 348 324 81 219 181 157 201 144 206 227 205 141 49 265 265 168 263 152 179 130 23 197 181 315 55 232 235 143 36 71 124 283 276 238 196 115 246 167 318 176 150 100 147 238 227 255 210 309 124 265 118 234 278 244 120 242 109 304 112 296 227 217 124 153 182 208 100 154 236 295 66 91 260
 33 193 272 150 321 122 157 136 258 155 220 210 180 306 246 225 171 167 138 75 315 282 135 241 331 320 246 137 261 209 61 221 279 182 282 219 1 73 136 172 124 138 98 21 169 108 105 123 134 311 181 103 18 245 144 353 166 64 217 171 203 265 196 239 169 217 137 150 214 343 336 303 151 193 135 268 209 77 86 134 50 137 269 174 11 114 131 86 108 293 164 136 229 28 162 131 318 190 336 141 137 65 267 203 301 258 158 80 239 85 165 92 28 21 184 72 359 118 264 209 148 167 174 179 258 281 69 239 117 203 110 163 161 268 159 101 129 177 218 128 131 202 169 219 295 152 197 163 126 298 278 219 300 145 157 77 180 40 191 172 90 212 301 146 323 308 102 240 127 210 179 259 21 178 100 239 189 276 75 179 116 76 295 255 303 153 223 237 262 141 176 152 342 179 223 236 101 193 298 108 135 258 158 155 191 308 85 134 206 306 211 48 138 297 345 271 161 227 257 82
 42 125 279 220 355 120 227 76 213 91 150 139 246 282 270 221 99 237 206 140 268 266 63 290 283 290 284 204 300 138 58 151 261 173 232 198 73 1 165 101 148 181 162 93 234 135 33 54 202 282 246 52 74 228 97 386 99 128 217 219 265 216 163 196 106 196 71 221 247 299 368 271 223 128 90 224 206 137 157 85 27 66 272 192 74 130 203 154 179 284 228 91 168 96 234 167 332 147 308 212 194 36 249 228 257 252 228 145 279 145 120 98 56 65 228 124 312 107 240 262 139 180 145 162 287 269 137 197 188 132 44 146 228 306 93 170 106 105 147 65 197 131 195 156 263 105 128 233 194 272 314 256 314 73 189 137 109 33 130 151 162 142 318 213 273 326 69 220 179 141 250 226 68 107 56 209 193 224 97 245 56 132 296 303 319 225 258 176 215 80 234 210 375 230 161 180 172 137 335 180 71 269 90 173 135 268 111 195 134 260 241 92 66 257 300 313 231 227 260 154
 152 230 143 209 191 69 212 239 215 252 259 258 145 214 111 113 236 167 215 181 264 178 210 136 283 237 120 216 137 263 108 255 179 92 245 136 136 165 1 227 19 36 98 138 131 32 188 212 130 227 144 144 153 150 146 222 258 176 102 71 143 228 144 194 194 137 232 192 83 283 205 224 198 217 252 220 100 191 161 248 142 215 144 44 146 40 160 177 165 180 122 141 328 118 195 18 185 162 247 164 81 130 171 68 248 145 211 183 116 196 153 226 158 122 72 72 304 84 176 115 80 46 125 106 125 174 169 192 170 276 207 99 231 142 252 122 104 247 263 228 115 250 34 231 218 151 279 220 204 210 150 92 166 214 25 85 252 149 206 108 143 292 167 128 282 173 119 153 61 242 180 190 155 256 135 170 75 245 210 141 219 77 171 145 169 187 94 240 223 175 106 92 211 84 321 224 139 192 171 151 234 126 247 30 299 247 219 92 261 256 78 89 214 235 289 151 160 110 133 140
 142 32 300 320 405 163 327 87 163 76 50 38 336 259 315 235 18 333 306 239 210 259 44 361 219 256 343 304 359 39 136 53 250 191 170 193 172 101 227 1 209 253 254 192 324 201 71 64 296 251 337 86 174 223 90 434 68 227 237 293 351 159 149 154 49 191 69 321 302 243 415 238 323 49 120 174 224 235 257 111 123 44 289 238 174 188 301 254 279 282 316 92 125 193 333 235 357 119 276 310 278 116 239 277 203 259 328 244 340 244 100 178 156 161 297 211 249 146 224 338 166 222 143 172 336 266 237 157 288 53 80 162 328 362 69 266 130 30 47 79 289 30 249 75 230 90 65 333 294 246 369 315 341 32 250 227 35 133 62 160 260 73 349 305 206 359 109 211 260 47 346 197 168 44 95 187 222 160 186 335 88 220 307 371 349 324 314 96 161 55 316 294 422 305 117 114 270 83 389 279 78 298 61 222 119 219 199 281 36 203 293 180 43 210 241 375 327 245 277 253
 137 213 150 210 208 52 214 222 203 234 242 240 156 211 125 113 218 174 214 175 254 177 192 153 273 232 138 214 154 245 91 238 177 84 233 129 124 148 19 209 1 49 99 128 142 17 171 194 136 222 155 126 141 146 129 239 240 169 103 87 157 215 131 182 177 129 214 194 99 274 221 218 200 200 236 209 98 184 158 232 126 197 150 51 134 22 163 173 164 181 133 124 311 108 199 30 195 148 243 168 90 113 167 82 238 146 212 177 134 190 137 214 145 109 90 66 295 67 171 132 67 47 111 95 140 173 163 180 170 258 190 86 231 159 234 124 87 229 245 210 121 233 48 215 211 135 261 222 203 206 167 109 177 196 43 82 234 134 189 96 141 274 178 136 271 185 101 147 70 225 188 181 143 238 117 161 74 232 198 152 203 73 176 163 181 190 111 224 211 157 120 104 228 100 303 209 140 176 188 152 217 135 230 33 282 238 208 100 243 246 94 77 197 226 280 169 167 112 138 138
 160 259 162 185 184 100 187 256 249 270 288 285 111 246 116 143 260 135 193 169 299 208 232 111 317 269 108 195 124 289 125 285 210 126 280 170 138 181 36 253 49 1 75 135 97 53 207 231 100 259 109 168 154 182 176 215 277 166 130 41 108 262 178 229 223 171 250 165 80 317 199 257 171 247 265 255 130 181 144 262 156 236 166 70 147 69 133 162 143 207 88 171 347 115 166 20 196 196 278 136 48 148 202 78 282 172 185 170 102 185 185 229 163 129 49 67 338 114 209 86 115 77 159 140 123 202 156 227 147 299 224 133 208 131 271 99 135 271 291 245 84 278 52 263 251 182 301 195 184 242 140 82 178 237 33 72 275 159 236 142 123 314 176 96 316 180 145 185 31 271 148 224 158 278 159 204 106 279 210 107 235 67 192 123 179 159 87 273 257 202 72 58 205 53 340 257 117 224 161 128 251 143 267 62 315 281 217 60 288 291 80 95 236 269 323 135 129 138 157 122
 128 268 235 113 246 136 116 232 294 250 297 290 85 309 188 210 257 83 120 101 348 274 223 152 365 330 170 121 183 292 119 296 275 182 322 227 98 162 98 254 99 75 1 85 73 89 194 215 44 320 85 172 109 245 197 277 260 101 198 90 107 304 222 273 237 227 231 96 150 370 262 316 101 262 232 301 196 114 71 231 136 226 239 140 103 108 65 90 69 277 67 190 325 70 101 82 270 231 341 71 46 139 266 151 332 241 114 100 162 116 213 178 124 99 107 47 389 144 269 119 159 142 200 191 192 270 88 271 74 292 203 179 135 192 253 26 164 264 297 223 36 282 124 284 309 205 289 124 110 304 202 148 252 231 106 28 269 132 255 189 49 303 249 52 362 253 156 245 48 283 97 278 115 268 165 257 171 319 157 84 211 37 265 167 252 92 154 298 300 211 82 58 268 94 319 289 43 249 221 55 230 217 251 127 287 333 160 39 289 339 152 75 226 322 375 188 77 207 229 49
 52 213 277 130 318 134 137 153 276 173 240 230 164 319 246 234 191 149 118 57 332 293 155 233 348 335 242 117 257 229 78 241 290 193 300 232 21 93 138 192 128 135 85 1 155 112 124 142 118 325 166 123 25 257 162 349 184 47 225 165 190 283 211 256 189 231 155 130 213 359 333 318 131 213 149 285 218 61 66 149 71 157 276 179 21 122 112 66 88 303 150 155 245 22 142 130 322 208 349 122 127 85 279 205 318 267 137 61 235 69 183 96 43 38 179 69 376 132 277 200 160 173 189 192 257 292 50 256 97 222 128 177 141 265 177 84 145 196 238 146 117 222 171 239 310 171 216 143 106 312 274 216 303 165 158 68 200 60 211 185 71 230 304 130 341 310 120 253 120 230 161 274 32 197 119 254 197 294 76 165 133 70 302 247 306 133 221 257 280 161 165 141 339 172 240 255 82 212 294 89 152 262 176 160 206 325 83 123 226 324 211 53 157 313 362 265 143 235 264 63
 200 336 243 123 212 190 122 304 344 322 365 359 15 340 181 237 327 49 143 155 395 301 294 106 413 365 144 146 151 362 188 363 304 222 374 266 169 234 131 324 142 97 73 155 1 139 265 287 42 354 14 240 179 278 260 241 332 159 224 78 39 356 272 323 303 267 303 98 143 413 229 353 105 328 303 350 225 169 120 302 208 298 252 164 174 158 74 139 102 296 10 253 397 142 91 115 263 287 373 69 53 209 296 157 378 264 118 153 134 168 273 244 195 171 94 114 434 201 305 75 208 173 252 236 176 294 144 321 100 364 275 227 147 162 325 73 222 336 366 295 39 351 143 348 347 267 361 128 138 337 171 133 248 302 126 98 340 204 320 237 97 375 241 27 412 242 222 281 73 350 58 320 185 340 232 300 201 373 222 12 283 104 276 122 245 88 141 360 352 278 39 40 233 71 391 347 84 311 187 87 302 222 323 159 359 377 224 45 359 387 150 145 297 365 419 149 45 230 244 103
 122 207 166 199 222 51 202 209 208 222 236 233 153 222 141 127 209 167 200 160 260 190 181 162 278 242 150 201 167 237 77 233 189 94 237 138 108 135 32 201 17 53 89 112 139 1 158 182 128 232 152 117 125 158 125 253 228 153 117 93 157 219 136 187 171 138 202 184 113 282 235 228 189 196 222 214 111 168 144 218 112 186 165 68 118 20 153 158 152 196 130 119 299 92 189 36 212 149 254 159 88 100 179 98 244 160 201 162 146 174 135 197 129 93 98 52 302 63 182 138 72 62 115 102 155 187 148 185 159 248 177 91 219 172 222 113 85 219 239 197 115 225 64 212 220 131 251 210 189 217 181 122 193 186 55 69 224 118 185 101 129 264 195 130 276 201 93 157 68 219 181 189 127 227 107 169 88 235 181 150 189 60 192 173 197 181 124 223 215 150 121 103 242 105 292 209 128 174 201 140 204 151 218 49 269 245 191 96 235 252 108 61 186 233 287 180 161 126 154 125
 73 97 291 251 376 135 258 55 201 65 120 108 277 280 290 230 67 269 236 169 255 269 31 317 268 285 307 233 324 107 83 123 263 182 217 200 105 33 188 71 171 207 194 124 265 158 1 25 234 277 278 54 105 231 92 407 71 157 228 246 295 202 161 187 86 198 45 253 269 287 389 266 254 105 79 212 215 165 188 72 58 34 283 210 105 151 235 184 211 289 258 87 141 128 266 192 345 140 303 244 224 60 251 248 245 259 259 174 303 174 113 114 86 96 254 154 297 120 240 290 149 197 146 168 308 273 168 188 220 100 25 153 258 329 65 202 113 73 117 42 229 100 216 133 258 98 97 264 224 269 337 279 328 42 212 168 77 65 109 156 194 111 334 244 256 342 79 221 208 114 282 221 98 76 62 206 206 208 118 276 39 163 305 329 334 256 280 154 202 64 263 240 396 257 134 162 204 121 357 212 48 284 61 192 113 257 132 225 103 247 262 122 34 247 287 338 263 237 270 186
