NAME : domp280p70v7
COMMENT : (Deleplanque et al.) 
TYPE : DOMP
DIMENSION : 280
DISPLAY_DATA_TYPE: NO_DISPLAY
OPEN_FACILITIES : 70
COST_SECTION
 1 209 251 31 222 130 222 137 126 96 104 233 70 216 96 112 158 122 89 40 159 65 183 59 72 99 145 260 167 46 119 91 95 151 92 317 86 198 223 143 132 244 186 145 164 163 209 152 212 250 200 218 159 95 121 171 105 196 184 234 126 201 96 203 220 108 163 171 96 154 195 260 104 151 144 142 166 111 218 98 209 125 131 142 144 236 65 118 173 147 188 241 33 209 182 164 115 108 103 166 138 74 163 60 243 147 117 124 226 141 300 83 232 85 154 243 161 203 68 156 214 234 122 138 183 107 85 63 155 180 162 101 196 150 16 265 209 86 153 279 204 200 213 220 218 132 242 150 295 160 139 63 154 213 135 194 229 86 174 102 197 208 135 153 101 189 199 288 157 124 151 166 76 188 159 165 176 176 235 112 112 196 158 193 204 205 226 106 162 147 236 241 218 256 138 190 108 241 215 166 214 136 116 143 229 266 158 134 159 264 143 142 116 68 227 198 101 75 26 163 250 215 245 89 77 40 101 93 82 33 22 151 197 15 177 31 137 125 110 141 125 169 116 229 154 153 116 88 172 163 52 159 155 193 173 92 230 239 258 181 101 114 174 70 162 210 68 43 188 108 52 71 85 278 120 159 101 156 225 156
 209 1 116 216 200 311 268 244 333 117 307 34 142 230 115 306 228 207 229 173 314 260 107 260 265 282 278 240 311 185 322 123 257 136 150 259 203 260 260 104 154 36 117 66 336 265 243 185 140 248 391 14 127 241 319 317 111 316 156 411 291 124 225 151 352 313 362 135 250 297 112 209 282 220 274 72 372 318 198 254 356 290 315 316 113 222 245 92 92 273 111 390 177 165 369 295 299 196 305 48 92 282 322 206 41 84 111 305 404 234 268 277 123 236 260 254 176 43 162 311 139 63 162 168 62 122 291 171 187 47 72 134 361 177 194 97 237 135 202 256 157 165 365 186 125 338 53 84 265 201 320 208 343 361 337 29 23 124 77 297 32 382 82 118 309 188 210 268 348 264 187 168 209 344 278 169 277 68 303 175 111 233 330 92 359 355 18 312 209 259 303 394 82 93 291 138 195 110 32 76 249 74 322 70 23 271 359 307 67 440 257 102 308 272 360 355 177 246 185 258 182 303 103 122 170 246 247 199 264 237 188 273 37 222 289 198 191 254 218 82 229 93 121 123 193 213 288 133 273 347 180 365 298 371 73 189 303 309 208 381 280 318 374 278 299 197 146 175 22 315 252 152 188 249 292 113 303 54 392 269
 251 116 1 270 119 374 201 218 358 162 354 139 186 157 178 361 324 295 227 226 296 279 218 309 320 343 256 146 391 211 368 165 257 238 230 149 280 204 191 202 249 114 228 140 405 229 176 285 253 161 390 124 99 237 332 397 151 277 98 395 361 60 302 79 313 336 372 242 322 377 60 109 286 183 357 126 392 357 118 325 326 282 316 383 109 137 259 159 79 248 223 357 221 88 365 379 304 184 325 113 186 321 397 273 141 181 136 368 390 324 165 293 238 307 349 173 278 158 186 293 59 175 147 265 80 204 333 240 287 155 175 151 342 141 237 203 169 207 162 158 83 94 444 103 43 380 74 106 163 157 318 219 402 442 384 141 125 176 186 309 92 367 169 221 346 126 143 169 406 343 286 273 213 322 248 123 236 177 239 164 142 172 321 59 334 435 113 354 164 230 239 363 196 202 277 79 280 10 85 182 181 140 346 154 123 183 372 374 167 421 343 199 364 318 321 432 261 310 226 350 81 249 216 172 183 290 321 279 273 283 231 246 150 259 251 253 162 335 204 175 315 200 136 238 292 309 355 206 364 409 244 386 378 360 84 269 242 245 109 391 285 339 384 317 273 122 207 232 123 355 301 181 266 151 288 218 322 134 371 356
 31 216 270 1 249 106 252 167 130 110 93 237 85 245 102 93 131 96 118 46 184 86 174 46 52 75 173 288 137 73 108 106 122 138 81 344 60 228 253 137 116 251 176 152 139 193 239 131 199 279 215 223 182 124 135 142 120 224 210 252 98 223 67 227 247 116 174 157 66 125 215 286 127 181 114 154 171 106 245 68 234 151 151 116 165 264 91 125 192 176 178 265 51 234 198 134 135 138 114 176 136 73 135 33 246 145 135 100 244 113 329 102 221 54 124 273 141 204 92 182 237 232 149 119 198 103 78 52 133 181 160 122 219 177 38 262 239 84 182 307 229 226 186 247 240 124 254 166 324 189 159 93 133 185 122 197 234 97 171 120 207 227 137 143 98 217 228 316 138 94 128 147 106 212 188 192 206 174 265 140 129 225 179 212 228 177 233 98 192 176 266 264 213 252 165 213 83 260 225 163 244 145 123 147 235 296 168 108 160 283 113 137 96 59 253 171 81 46 48 134 275 245 239 101 104 37 71 67 106 26 42 180 198 38 206 19 165 95 140 141 96 163 137 219 131 128 89 86 142 141 40 164 125 213 189 69 260 269 284 191 124 123 184 68 190 237 71 42 195 102 38 92 63 306 144 150 114 163 246 126
 222 200 119 249 1 350 85 129 297 168 314 231 180 41 193 328 345 310 160 214 203 222 277 276 292 319 163 45 385 177 326 167 185 280 247 96 283 92 73 246 280 215 286 183 385 129 61 316 317 49 302 212 87 165 261 390 158 170 50 297 346 77 303 50 205 275 295 291 313 372 89 42 212 92 357 163 322 309 5 315 221 199 236 362 109 23 200 187 112 154 283 249 202 36 278 379 229 120 262 169 228 276 384 266 236 228 140 345 293 338 83 230 312 299 359 57 315 235 159 200 65 262 102 295 140 229 291 241 319 221 230 137 244 73 212 296 54 221 77 64 44 37 434 17 82 332 179 135 78 69 236 168 370 433 341 215 218 181 246 241 169 271 209 266 297 34 34 75 372 339 316 313 156 223 150 59 132 239 123 111 147 61 232 109 232 425 206 310 72 136 122 257 273 292 189 64 293 115 174 238 65 178 284 199 216 72 298 355 221 320 349 243 333 280 211 419 276 294 203 364 49 136 300 177 147 256 315 286 208 252 209 151 225 224 147 238 89 336 131 220 324 256 130 311 322 334 336 221 376 381 240 318 372 266 131 279 126 128 40 312 212 275 306 274 175 14 210 223 195 307 271 163 273 60 208 267 258 185 271 364
 130 311 374 106 350 1 340 250 122 214 57 327 189 340 202 31 140 127 202 150 237 145 245 75 59 32 243 387 66 174 59 210 192 203 163 445 113 315 343 218 178 346 243 250 37 272 331 170 256 375 220 316 287 203 157 65 224 289 313 268 31 328 93 332 301 127 175 219 65 63 320 388 180 273 78 256 152 81 346 61 281 207 188 17 270 363 163 224 297 249 247 305 156 337 214 80 177 233 136 276 223 88 47 106 336 232 239 7 261 118 427 150 285 77 105 366 184 291 196 236 342 315 251 171 301 191 74 141 171 271 247 227 255 277 142 339 332 178 278 405 333 329 92 349 345 75 353 270 422 286 196 185 34 94 59 289 327 200 253 156 307 252 230 215 86 317 326 413 41 68 167 194 198 257 260 294 283 258 345 240 233 318 218 316 270 87 328 70 287 255 347 301 290 328 225 318 129 365 325 247 335 245 126 242 328 389 166 17 249 295 96 218 25 75 306 76 143 67 152 119 378 321 310 204 205 96 71 118 167 99 146 253 288 126 279 122 263 80 229 231 107 241 242 283 165 148 26 179 114 37 134 146 63 237 293 128 339 348 386 185 179 133 180 88 254 337 171 144 290 78 80 197 127 404 197 222 139 261 273 99
 222 268 201 252 85 340 1 92 260 204 294 301 205 45 229 314 368 331 139 229 144 198 327 266 284 312 111 80 387 183 304 200 152 320 275 141 299 26 13 290 314 289 336 236 376 74 27 347 367 59 241 281 143 138 219 390 197 97 114 227 343 153 315 127 127 240 245 335 317 375 162 113 174 72 365 216 277 283 84 319 148 152 188 355 161 72 178 231 177 102 333 172 213 115 219 385 187 117 227 229 274 256 380 277 307 277 182 335 224 356 109 199 368 305 373 43 350 297 175 141 145 327 126 327 208 265 272 261 350 279 282 169 176 99 217 363 34 251 79 89 121 111 430 100 163 305 256 191 105 75 185 160 354 430 318 278 288 213 299 204 238 203 256 310 271 82 61 91 353 345 347 350 147 155 93 101 69 294 39 124 188 37 175 181 161 422 277 287 69 89 38 180 334 357 137 135 315 197 247 290 22 228 248 250 287 59 250 349 274 246 362 287 320 266 133 414 300 296 210 380 131 55 362 210 159 246 322 303 178 246 216 98 287 219 82 246 96 345 113 267 341 306 170 367 352 359 332 252 391 366 255 274 375 202 196 299 42 45 112 259 174 239 255 255 115 80 235 238 259 282 263 183 292 94 163 312 223 241 199 376
 137 244 218 167 129 250 92 1 173 148 203 276 139 103 170 223 291 253 50 152 79 107 274 176 195 223 38 152 298 104 213 143 62 258 205 216 219 66 97 234 247 273 282 194 285 28 88 276 312 136 175 256 128 47 134 302 146 74 122 178 255 160 232 143 109 152 167 275 231 287 163 170 86 39 280 178 195 193 126 232 113 71 108 264 134 132 87 179 162 31 280 147 135 139 151 298 102 51 139 198 220 165 291 195 285 225 137 245 173 276 190 109 321 220 290 124 281 262 106 76 162 294 84 258 190 203 181 185 279 240 235 117 125 79 135 331 91 185 58 168 140 130 340 137 176 215 250 162 185 64 108 76 263 341 228 245 266 153 252 116 218 150 206 252 181 102 97 174 263 259 275 283 63 105 35 96 42 249 99 71 140 77 105 175 119 333 258 196 59 15 101 152 292 323 61 140 238 211 232 243 91 185 161 204 265 145 170 259 228 205 279 232 229 176 117 324 226 209 130 299 174 80 322 151 91 157 236 225 88 158 136 30 252 132 48 164 59 260 33 217 259 255 126 319 280 284 243 186 308 276 177 191 287 143 176 222 94 103 168 184 86 151 178 164 57 118 166 161 229 192 173 117 215 170 80 256 135 203 155 292
 126 333 358 130 297 122 260 173 1 217 67 358 192 275 220 93 239 211 138 164 131 80 303 91 102 114 152 324 187 152 65 212 113 266 210 388 180 235 267 265 243 368 305 268 151 187 260 252 327 308 100 342 261 132 44 187 225 188 274 147 146 302 174 296 191 23 54 286 152 182 299 338 88 207 190 264 43 42 293 150 168 110 78 138 252 303 101 242 284 160 307 187 157 297 93 198 75 181 36 288 262 59 168 157 367 271 232 122 140 216 362 68 350 153 214 296 264 328 177 131 311 358 214 244 300 230 61 180 255 304 286 212 137 230 140 389 264 209 220 340 295 287 207 301 320 54 362 266 357 228 85 140 116 210 72 318 353 209 298 58 318 131 259 272 40 266 266 346 112 173 250 272 148 143 170 249 195 300 254 198 229 250 105 303 155 204 349 54 226 173 256 182 341 379 127 287 204 349 335 290 263 260 14 268 353 316 46 138 284 174 202 264 99 78 194 191 207 134 148 227 336 227 367 211 177 94 160 188 90 104 146 164 321 112 186 145 211 182 167 266 201 291 228 348 251 241 133 212 227 131 168 35 182 117 288 193 248 256 336 67 88 23 61 63 155 284 193 165 312 46 97 185 188 342 99 279 40 280 153 210
 96 117 162 110 168 214 204 148 217 1 198 144 27 179 26 202 179 144 120 65 207 144 128 152 160 183 176 212 231 69 213 7 145 117 79 257 122 187 200 88 114 152 135 54 244 174 183 149 166 210 277 127 86 132 203 237 12 222 121 300 200 121 144 133 254 197 246 132 161 217 112 198 169 138 199 48 257 206 164 164 253 179 201 222 64 188 130 33 85 173 134 288 64 143 255 221 185 99 189 72 73 169 236 113 154 78 31 208 293 173 250 162 173 146 196 209 149 121 49 204 137 153 79 128 89 63 180 80 152 97 88 36 253 108 81 188 179 54 126 231 137 137 284 161 137 227 147 58 246 130 207 95 242 282 229 107 138 15 105 181 102 271 59 107 196 140 159 242 246 183 149 148 99 238 181 114 187 103 231 83 24 169 219 105 254 275 134 201 136 163 231 291 147 180 184 117 128 153 120 95 189 44 207 59 138 231 243 213 82 330 188 86 205 162 262 271 110 149 71 199 181 221 176 11 61 135 161 123 149 126 75 175 112 108 195 92 109 177 117 69 161 108 39 172 155 166 194 54 213 249 83 249 218 259 80 114 229 236 197 265 167 202 258 165 197 159 47 71 97 203 144 37 109 227 180 110 187 65 284 202
 104 307 354 93 314 57 294 203 67 198 1 328 173 300 193 27 177 154 158 136 182 97 259 48 47 49 192 347 121 145 16 194 143 219 168 408 128 269 299 225 194 343 259 243 90 223 288 197 278 334 166 315 260 157 101 121 208 236 282 213 79 303 116 302 246 71 121 238 91 116 297 354 128 231 125 244 102 26 310 88 226 154 132 73 247 324 118 216 277 199 262 249 136 306 158 132 123 195 81 267 226 39 103 109 337 235 220 56 206 155 387 98 304 95 149 324 210 295 169 181 315 322 219 192 286 193 24 141 199 272 251 204 198 242 119 350 290 175 239 365 303 297 146 315 320 33 344 253 382 247 141 147 61 149 31 289 326 187 260 102 298 196 228 228 30 281 287 372 60 108 194 219 159 201 210 260 234 264 295 206 215 276 163 296 214 142 324 14 247 207 297 245 301 340 172 290 150 345 316 253 292 236 70 239 327 346 112 72 251 240 138 225 33 37 250 130 157 77 129 162 347 270 325 190 175 65 99 135 118 73 125 203 290 96 228 111 225 119 187 232 140 251 219 302 194 182 67 177 162 74 130 94 116 181 276 143 289 298 352 132 126 77 127 41 201 301 163 134 286 23 56 174 139 365 144 235 83 255 217 145
 233 34 139 237 231 327 301 276 358 144 328 1 168 262 139 324 231 215 259 196 345 287 103 281 284 299 310 270 320 212 343 151 287 139 165 285 216 293 293 112 160 30 111 91 349 298 275 188 128 279 420 21 159 271 346 327 140 349 188 441 305 155 238 182 384 338 389 133 264 307 143 238 311 253 283 102 398 341 229 268 388 320 344 330 146 253 273 117 124 305 105 422 202 196 398 303 328 228 331 79 105 305 334 224 10 96 142 321 435 240 297 305 105 251 267 286 176 38 191 342 169 38 194 173 94 137 313 189 189 57 81 164 392 210 219 66 269 154 234 285 188 196 374 216 154 359 67 116 294 234 349 237 359 370 357 40 15 150 79 324 64 412 101 122 331 220 242 297 365 276 190 168 239 375 311 202 309 72 336 207 141 265 360 124 391 364 27 333 242 291 336 426 65 64 322 169 205 135 58 82 281 101 348 91 17 302 386 321 79 471 265 111 326 294 392 365 188 262 210 263 210 336 79 149 200 269 261 212 292 259 212 305 40 246 321 219 223 265 249 97 238 94 152 106 196 216 303 152 278 362 199 390 308 401 106 202 336 342 237 408 309 344 401 301 331 228 167 196 49 337 273 180 201 279 321 115 329 80 423 275
 70 142 186 85 180 189 205 139 192 27 173 168 1 185 34 177 168 132 104 41 191 120 138 126 135 158 163 222 211 47 187 22 127 120 71 272 105 185 203 97 111 177 145 78 221 166 186 144 175 217 255 151 102 116 180 217 37 211 135 280 178 141 126 149 242 172 222 137 140 198 133 213 148 135 181 73 232 180 176 143 239 161 179 199 83 198 108 53 108 161 144 272 38 158 233 203 163 92 165 97 85 143 214 91 177 92 51 184 273 159 262 138 186 125 180 214 146 142 34 187 156 174 83 124 115 65 154 63 147 118 105 44 235 113 55 208 183 48 127 241 152 151 263 174 158 201 173 82 257 132 186 76 217 262 203 129 162 19 120 158 128 252 75 114 170 149 166 252 221 164 143 147 83 222 170 123 179 120 228 82 45 172 200 128 238 254 159 175 137 153 229 275 164 199 167 134 115 176 146 111 191 69 182 79 163 237 219 190 100 311 171 95 180 136 249 250 98 126 45 185 198 216 192 20 50 109 141 107 127 100 49 163 134 82 186 68 110 159 107 85 146 120 55 184 149 157 170 49 198 224 63 224 198 239 105 100 225 233 211 242 146 177 234 139 183 169 32 48 121 177 118 23 94 239 160 118 163 89 266 186
 216 230 157 245 41 340 45 103 275 179 300 262 185 1 205 317 352 315 142 215 171 205 297 266 283 311 133 50 381 173 311 177 163 295 255 114 286 54 34 263 292 248 306 204 376 97 22 327 337 36 270 242 108 145 236 385 171 133 75 262 340 111 304 84 167 254 268 308 310 369 121 74 189 70 357 183 297 292 40 312 185 172 209 354 128 32 183 203 139 124 303 211 201 72 247 377 204 109 240 194 245 261 377 266 268 247 154 336 258 342 89 210 336 297 361 30 327 262 159 168 101 290 104 306 169 241 277 245 330 245 251 145 209 73 208 325 15 230 64 66 78 68 428 56 119 315 214 157 84 56 208 157 358 428 326 242 249 191 267 218 199 236 227 283 280 44 22 74 359 337 327 326 144 188 118 68 97 262 83 107 160 27 201 140 196 420 238 294 55 107 82 219 299 321 159 94 299 153 207 259 25 197 263 219 247 53 271 347 242 283 351 260 322 268 173 412 283 290 200 367 88 96 326 187 145 246 314 289 188 243 206 120 251 216 112 236 81 335 113 238 327 276 142 335 332 342 330 231 379 370 242 293 369 233 158 283 86 89 72 283 188 253 278 260 142 37 216 225 222 291 261 166 277 68 182 285 237 208 235 365
 96 115 178 102 193 202 229 170 220 26 193 139 34 205 1 194 155 122 137 59 224 151 106 146 152 172 196 237 213 80 208 30 160 92 56 281 103 211 226 65 88 151 113 51 230 196 208 124 143 235 287 123 109 149 211 220 36 242 145 314 185 143 125 156 274 201 253 108 145 200 132 222 181 162 180 55 260 204 189 149 272 194 212 209 87 213 141 24 104 193 112 306 65 167 266 202 196 122 195 76 52 168 220 98 148 59 55 196 306 150 275 170 153 131 174 234 123 110 66 221 159 141 104 103 101 37 177 63 127 86 72 61 268 133 81 175 205 31 151 256 160 161 267 185 157 224 153 74 271 155 219 109 232 265 223 99 135 18 87 190 107 285 42 83 194 166 184 267 237 165 124 122 116 255 202 139 210 87 255 107 48 195 233 122 271 258 132 198 161 184 256 308 130 166 201 140 106 169 125 78 214 44 210 49 135 256 250 200 67 344 167 63 196 158 282 255 87 136 73 177 204 245 159 20 80 132 145 102 160 122 75 195 103 109 217 84 134 158 138 51 140 87 65 151 130 142 180 30 191 237 69 253 200 273 95 93 253 260 221 273 179 207 265 164 216 184 32 61 94 201 138 54 89 252 193 87 193 62 299 181
 112 306 361 93 328 31 314 223 93 202 27 324 177 317 194 1 157 138 177 138 207 117 249 54 42 30 214 364 95 155 32 198 164 208 162 423 116 288 318 218 183 341 248 243 65 244 307 181 265 351 191 312 270 177 127 95 212 260 294 239 54 312 101 313 271 96 146 226 73 90 305 368 151 248 101 246 125 52 324 70 251 178 158 48 254 340 137 216 283 221 252 275 141 318 184 107 147 210 106 268 221 60 77 102 334 230 226 30 231 135 404 121 292 81 126 342 195 290 178 206 325 316 231 179 290 188 45 136 183 268 246 211 224 256 125 342 308 172 255 382 314 309 122 328 329 50 345 258 399 263 166 162 43 124 38 286 323 189 253 126 299 222 225 219 56 295 303 390 46 86 178 204 174 227 232 273 255 258 317 219 220 294 188 303 240 117 323 40 263 228 319 271 293 332 195 300 136 351 317 247 310 237 96 237 324 365 137 46 246 266 116 218 7 49 276 105 146 65 136 140 359 293 315 193 186 74 81 123 139 80 130 225 286 106 250 111 240 98 205 228 121 243 226 290 178 163 43 174 138 54 127 118 90 207 281 131 311 320 365 157 150 103 152 60 224 316 162 134 285 48 61 181 129 381 168 226 108 254 243 122
 158 228 324 131 345 140 368 291 239 179 177 231 168 352 155 157 1 38 244 141 314 215 132 151 138 129 302 388 101 188 187 180 252 94 100 435 73 347 367 126 76 257 126 185 144 317 351 45 128 384 334 228 263 252 257 108 189 353 298 376 110 295 67 310 377 232 290 101 88 91 284 376 256 297 67 201 277 201 341 90 364 281 278 134 241 364 221 168 255 304 132 395 157 321 321 81 263 252 235 212 140 184 122 99 239 146 208 136 369 24 427 230 160 87 42 381 58 194 195 312 312 208 249 61 245 122 179 109 44 182 157 209 347 280 157 222 349 126 292 408 314 314 150 338 308 206 279 225 423 298 287 216 171 145 194 201 237 165 154 246 238 354 156 111 199 316 332 418 179 74 42 67 228 342 315 289 331 162 387 247 201 337 308 272 358 140 242 189 302 302 388 394 178 212 294 294 55 315 252 153 357 185 236 171 239 404 282 127 163 406 47 128 154 163 383 145 70 107 161 33 357 370 190 169 211 158 79 67 236 151 156 307 196 168 333 129 275 61 261 151 39 139 217 158 37 16 117 126 48 167 115 269 92 338 243 71 383 391 374 305 254 239 298 180 319 335 137 131 211 197 148 188 77 404 274 117 236 191 373 51
 122 207 295 96 310 127 331 253 211 144 154 215 132 315 122 138 38 1 207 103 279 180 122 122 111 109 265 353 106 151 166 145 215 80 67 400 37 309 330 104 56 238 119 157 140 280 314 44 130 348 304 209 229 215 226 113 155 316 264 344 99 263 38 276 340 202 261 94 65 94 252 342 221 260 69 171 251 176 306 69 329 245 245 125 207 328 185 137 224 267 123 360 120 286 289 90 229 215 204 184 116 154 122 63 223 124 174 122 337 30 392 196 160 60 55 344 58 178 158 276 280 196 213 46 216 92 152 72 46 162 136 174 313 243 120 216 312 92 255 372 280 280 160 303 277 185 256 194 387 261 253 178 160 156 175 181 218 131 137 213 212 321 130 96 173 280 296 382 168 65 41 68 191 307 278 253 294 144 350 210 167 300 274 242 323 150 222 165 265 265 351 359 169 206 258 260 18 286 228 134 319 156 207 144 220 367 254 117 141 375 51 106 136 134 347 151 36 79 124 56 324 333 186 135 173 125 58 30 200 117 118 270 177 132 296 92 238 52 223 126 24 123 182 157 41 33 102 92 70 158 77 243 95 306 213 33 346 354 340 276 219 210 270 150 283 299 101 94 188 172 117 151 40 369 239 102 204 165 339 63
 89 229 227 118 160 202 139 50 138 120 158 259 104 142 137 177 244 207 1 108 88 63 241 128 147 174 61 191 250 62 169 114 31 220 164 253 172 114 142 200 206 261 247 171 238 75 131 233 277 177 166 240 130 13 106 253 121 111 138 183 206 169 184 160 140 116 146 238 182 238 169 201 60 74 231 158 168 151 156 184 135 61 90 217 127 168 42 152 159 61 247 169 91 160 143 249 78 45 103 182 188 120 242 147 268 195 119 198 176 229 230 71 289 172 242 167 239 239 72 85 176 272 81 216 182 166 136 141 236 216 207 96 134 93 88 307 133 147 84 208 158 150 292 164 187 174 245 150 225 92 94 31 217 292 184 224 251 121 223 84 206 154 177 216 139 128 131 215 218 211 232 242 22 119 72 112 89 221 148 65 119 119 102 176 135 285 244 153 90 59 149 172 265 299 65 152 192 219 222 213 135 162 126 178 251 189 146 211 201 212 230 198 182 129 147 276 182 160 85 251 199 128 294 120 61 109 188 178 49 109 90 64 230 83 90 116 73 212 31 187 212 223 110 287 236 238 194 148 260 229 132 162 239 143 169 176 143 152 199 164 58 117 158 118 81 148 126 117 211 150 125 85 169 208 65 221 100 182 165 244
 40 173 226 46 214 150 229 152 164 65 136 196 41 215 59 138 141 103 108 1 188 101 145 89 97 119 168 255 173 49 151 61 123 116 58 308 72 207 228 105 100 208 149 109 181 179 213 126 177 249 238 181 141 118 159 178 76 219 171 269 138 181 90 188 246 146 201 136 101 159 172 249 137 157 144 109 205 147 210 104 238 156 166 159 122 231 97 82 148 169 150 271 18 195 218 166 150 113 141 132 99 111 175 53 205 108 91 144 262 128 295 120 194 87 147 244 132 165 57 185 195 195 114 108 153 69 119 34 129 142 123 81 229 144 27 227 211 48 154 274 190 188 224 210 197 166 209 122 291 160 174 79 178 223 166 156 192 52 136 140 163 242 97 116 137 183 197 285 182 126 124 135 90 218 179 157 193 138 247 109 85 199 191 168 235 215 190 140 164 164 249 272 180 217 166 173 87 216 181 127 218 101 155 106 193 267 197 150 121 300 137 104 141 100 253 210 75 86 24 153 236 231 207 56 72 74 103 76 115 65 22 171 159 54 197 29 136 122 121 103 113 131 94 192 129 133 131 50 165 185 28 197 160 228 144 71 244 252 247 220 135 152 212 106 187 203 30 10 152 143 81 53 64 272 152 122 140 120 258 151
 159 314 296 184 203 237 144 79 131 207 182 345 191 171 224 207 314 279 88 188 1 101 327 174 192 217 42 218 296 146 187 201 67 303 245 282 243 121 153 286 287 345 333 258 271 75 152 310 362 199 100 326 204 76 87 297 208 58 200 100 251 238 249 221 66 116 104 322 239 287 241 242 60 116 287 245 138 163 200 239 51 35 53 253 207 202 95 239 238 50 333 84 172 216 77 301 60 120 103 267 275 150 282 216 354 282 204 234 95 295 251 90 376 232 303 184 318 326 160 5 240 359 157 295 264 251 163 219 313 303 294 182 48 157 164 395 157 231 136 231 218 208 327 213 254 182 325 233 247 142 47 116 240 330 198 311 336 208 310 82 290 72 264 301 154 179 170 234 238 266 308 322 110 32 54 174 76 309 129 142 205 145 32 252 48 322 329 171 136 69 131 85 353 387 24 219 265 289 305 300 152 249 121 265 336 201 109 250 288 128 291 284 213 167 71 311 259 216 165 314 250 101 382 207 148 160 246 250 80 165 168 53 317 148 63 189 136 271 99 274 278 310 194 374 312 310 238 233 320 254 209 136 287 65 250 250 122 129 240 117 62 111 113 151 30 192 210 196 297 165 174 172 243 234 42 306 100 268 79 303
 65 260 279 86 222 145 198 107 80 144 97 287 120 205 151 117 215 180 63 101 101 1 246 75 94 121 99 253 199 76 107 138 48 215 156 315 145 172 203 205 196 294 250 196 181 128 193 215 276 239 138 270 181 61 61 201 150 147 196 170 154 223 149 217 165 58 103 235 139 189 220 263 42 136 187 189 116 88 218 139 151 68 67 161 173 231 23 172 206 105 251 181 89 219 118 203 51 104 48 214 198 59 188 118 296 207 155 141 162 196 292 19 295 132 203 228 224 260 100 99 232 292 135 201 223 169 75 127 218 236 221 134 134 153 75 325 195 148 146 270 217 210 236 225 241 111 285 189 287 154 75 61 157 238 122 248 281 138 235 39 242 144 192 217 76 190 193 277 157 167 213 230 69 128 116 172 139 236 201 119 152 180 95 224 144 230 276 90 153 111 203 180 279 316 84 208 168 270 260 226 196 187 68 198 281 250 101 156 217 200 191 204 124 72 171 220 164 116 81 214 259 177 306 139 98 60 146 152 24 65 81 109 252 52 135 94 134 171 93 200 179 231 150 293 216 212 142 150 220 170 116 109 190 129 211 154 195 203 261 123 40 61 115 58 112 209 128 106 240 87 75 109 147 271 60 223 45 208 161 203
 183 107 218 174 277 245 327 274 303 128 259 103 138 297 106 249 132 122 241 145 327 246 1 216 213 221 300 320 226 182 273 133 262 43 94 352 134 312 322 42 68 130 11 94 261 300 304 88 41 323 382 104 191 253 303 233 132 347 228 413 218 209 152 231 379 287 344 32 181 214 196 296 280 263 189 115 344 277 273 184 376 296 310 245 170 298 239 98 168 298 7 410 159 244 363 208 294 226 284 112 55 245 243 150 109 51 146 239 406 144 354 264 50 170 170 325 76 67 171 324 226 77 203 77 146 78 249 123 89 64 48 161 370 229 171 95 299 99 250 338 237 241 279 265 216 291 159 143 350 253 318 213 278 274 285 80 110 123 34 284 127 386 72 32 270 255 276 350 285 185 91 67 220 358 307 230 314 42 356 210 141 291 334 179 375 269 118 267 260 288 357 412 48 85 304 215 117 211 136 40 310 101 295 79 112 345 339 236 57 444 169 44 249 229 387 271 104 185 167 164 272 348 67 124 185 209 175 128 258 199 166 300 72 197 322 159 234 173 243 61 145 22 158 48 96 117 220 97 179 278 135 336 215 372 150 119 354 361 295 362 278 294 355 241 321 270 119 141 96 273 209 159 121 333 294 25 283 93 401 179
 59 260 309 46 276 75 266 176 91 152 48 281 126 266 146 54 151 122 128 89 174 75 216 1 20 47 173 312 125 103 63 147 121 178 124 371 90 241 269 181 154 296 217 196 111 200 257 162 238 301 184 268 217 130 107 127 162 222 241 226 80 259 86 260 238 82 140 197 68 115 253 315 115 199 114 197 132 62 272 67 222 142 131 89 202 289 91 169 231 178 220 250 89 265 171 128 117 159 84 220 180 33 115 67 291 190 174 71 218 130 353 85 263 65 133 292 174 249 126 172 272 277 178 154 240 147 34 95 165 226 205 159 200 204 73 306 258 129 204 331 261 257 164 276 277 79 297 207 348 212 140 111 96 165 78 242 279 140 215 98 251 204 182 185 55 243 252 339 99 94 160 182 123 198 190 221 212 219 273 167 169 244 162 251 213 157 278 53 212 183 275 247 257 296 158 247 114 299 269 208 261 189 87 192 280 315 133 83 204 256 121 180 58 15 244 149 117 46 84 145 307 250 281 143 133 22 76 98 98 27 79 182 243 53 209 64 189 100 155 186 114 206 174 260 161 152 68 131 149 106 84 124 115 189 230 104 268 276 313 156 113 89 149 30 186 264 116 87 239 58 9 129 99 330 133 192 85 208 224 131
 72 265 320 52 292 59 284 195 102 160 47 284 135 283 152 42 138 111 147 97 192 94 213 20 1 29 192 329 106 117 61 156 140 173 123 387 83 260 287 180 149 300 213 202 94 218 275 153 233 318 198 272 230 149 123 108 171 241 256 241 61 272 74 274 257 96 153 192 52 96 265 331 134 217 96 205 141 67 288 51 240 160 148 72 214 305 110 175 242 197 217 267 100 280 186 110 135 176 100 227 182 48 97 64 294 191 185 53 234 116 369 104 258 52 116 310 166 250 139 191 285 277 193 147 249 149 42 96 155 229 206 171 218 220 85 305 276 132 221 347 276 271 146 291 289 79 304 217 364 229 157 128 83 147 74 245 283 148 215 115 258 220 185 182 63 259 268 356 87 77 150 174 141 216 209 236 231 219 292 182 179 262 179 262 231 139 282 56 230 202 293 265 256 295 177 261 105 310 276 208 279 195 99 196 284 333 145 65 207 270 104 180 46 27 262 130 112 33 95 129 321 269 279 151 148 39 60 90 117 41 90 201 246 69 228 69 205 84 173 188 100 205 186 256 151 140 49 134 132 91 86 133 96 205 240 97 286 295 329 168 132 103 161 45 205 280 121 92 244 63 23 141 94 347 151 190 102 213 241 114
 99 282 343 75 319 32 312 223 114 183 49 299 158 311 172 30 129 109 174 119 217 121 221 47 29 1 219 357 80 144 59 179 167 180 136 414 88 287 315 192 155 317 220 221 66 246 303 152 236 346 213 288 255 177 142 82 193 267 282 258 35 297 72 300 281 113 167 197 45 72 289 358 158 244 77 225 150 74 315 41 263 186 170 44 238 333 137 194 265 224 224 289 124 306 203 87 158 203 120 246 196 68 69 77 309 205 208 27 251 107 397 128 264 53 101 337 166 264 165 215 310 289 220 150 270 163 57 112 154 243 220 196 239 247 111 314 303 148 249 375 302 298 118 318 314 78 324 239 392 256 179 155 61 119 67 261 299 169 227 138 277 240 201 191 75 287 296 384 67 60 149 175 168 239 236 263 258 232 319 209 202 289 201 285 253 111 299 62 257 229 321 286 266 304 202 287 107 334 295 221 307 215 115 213 300 361 159 37 221 287 90 192 29 50 286 103 118 38 121 114 347 296 287 173 175 67 52 95 143 69 115 228 260 96 254 91 233 70 201 203 93 216 210 262 149 135 22 150 114 67 104 143 72 224 262 103 314 322 356 180 157 120 174 67 231 307 141 113 261 70 51 166 102 374 176 198 122 231 260 97
 145 278 256 173 163 243 111 38 152 176 192 310 163 133 196 214 302 265 61 168 42 99 300 173 192 219 1 181 297 122 200 170 54 280 224 245 230 86 119 259 266 308 307 225 278 38 115 293 337 163 140 290 164 51 109 300 176 52 159 141 252 197 240 180 80 133 136 298 234 287 200 203 66 75 283 210 167 177 160 235 79 43 79 259 169 163 85 208 199 10 306 113 151 175 116 300 77 83 119 232 247 156 286 204 319 253 170 239 136 285 216 95 348 225 296 149 299 293 130 39 199 326 119 276 226 226 171 201 296 271 264 148 87 116 147 362 120 207 95 195 177 167 334 172 214 199 287 196 211 101 76 91 252 336 213 277 300 179 280 96 252 112 234 275 167 138 130 199 250 262 291 302 81 68 19 133 44 278 105 105 171 107 70 212 82 328 292 183 95 28 107 117 322 354 28 178 251 248 267 271 116 215 140 234 300 168 140 254 257 167 284 257 221 170 87 318 241 211 145 306 209 79 351 177 117 156 240 236 77 159 149 14 284 137 37 174 96 265 62 244 268 281 159 346 296 297 240 208 314 265 191 164 287 106 212 235 99 107 201 152 67 130 147 156 22 152 186 176 262 178 172 142 228 198 54 280 116 235 118 297
 260 240 146 288 45 387 80 152 324 212 347 270 222 50 237 364 388 353 191 255 218 253 320 312 329 357 181 1 425 216 359 210 212 323 290 65 325 99 69 289 324 251 329 227 422 145 67 360 360 23 318 251 131 194 286 429 202 176 94 306 385 116 344 91 207 303 316 335 353 412 129 41 238 118 398 206 346 340 48 355 227 221 258 400 153 25 231 231 154 172 326 251 242 77 294 419 253 155 289 211 272 309 422 307 274 272 183 382 303 380 41 259 354 339 401 39 359 276 200 216 101 302 142 339 181 273 325 283 362 263 273 180 254 112 251 335 63 264 110 20 85 80 472 56 117 363 214 178 36 102 256 203 405 472 374 256 256 224 289 268 209 281 253 310 328 74 62 31 406 380 360 357 190 233 166 100 143 282 114 149 190 76 249 148 240 464 244 342 102 156 112 259 315 331 208 106 336 145 212 281 67 221 312 243 254 39 320 393 264 325 391 286 369 315 212 457 319 334 242 406 67 134 341 220 186 292 356 328 237 289 249 168 266 261 158 278 125 377 161 263 366 299 173 353 366 377 374 264 418 417 281 342 412 279 173 321 119 118 40 332 238 302 327 307 189 54 252 264 236 339 307 204 315 19 231 310 286 228 278 405
 167 311 391 137 385 66 387 298 187 231 121 320 211 381 213 95 101 106 250 173 296 199 226 125 106 80 297 425 1 210 124 230 245 185 164 479 112 362 389 209 162 343 222 257 50 323 375 141 228 416 286 313 312 253 220 8 243 346 343 333 46 351 89 359 361 190 240 197 73 15 342 421 238 317 38 267 217 146 381 70 343 265 249 52 293 400 214 233 315 302 227 368 184 367 279 22 237 274 198 284 220 147 26 121 329 228 260 66 326 84 465 208 259 87 60 409 155 283 227 295 367 301 284 150 313 192 135 152 141 266 241 253 317 313 175 319 375 185 318 443 362 360 55 381 367 140 358 286 460 326 258 228 86 52 123 286 323 217 243 217 313 316 231 201 150 353 364 453 94 49 138 165 241 318 314 327 335 250 396 276 253 361 280 334 332 45 326 135 328 306 398 364 273 309 282 344 117 381 330 239 379 253 190 245 325 432 232 50 245 360 58 211 90 130 366 46 135 92 183 71 407 374 288 221 239 143 71 114 222 142 177 306 282 168 332 148 302 58 274 229 83 228 265 257 134 114 59 186 61 76 150 211 14 301 308 124 391 399 419 250 236 197 245 146 310 373 186 165 291 143 127 224 127 442 255 208 200 265 337 51
 46 185 211 73 177 174 183 104 152 69 145 212 47 173 80 155 188 151 62 49 146 76 182 103 117 144 122 216 210 1 159 63 81 159 103 272 118 160 183 141 145 219 188 122 209 131 168 173 217 207 209 195 116 72 135 214 74 172 140 234 170 158 133 159 201 131 178 178 138 197 153 215 102 111 185 114 190 148 173 141 195 115 133 187 103 192 62 98 134 122 188 229 32 164 187 205 118 66 122 138 130 111 207 96 222 138 81 169 227 175 256 94 231 125 191 201 179 187 26 143 171 219 77 155 149 106 124 82 176 164 151 61 190 105 36 254 167 86 110 235 160 155 258 175 176 170 211 115 251 117 140 32 197 257 175 174 206 65 166 113 167 206 121 156 136 145 156 244 200 166 172 182 42 177 132 120 145 166 200 68 77 154 154 154 193 249 201 145 120 116 201 230 210 245 123 146 135 201 185 157 173 112 141 125 206 224 176 179 146 265 181 139 160 109 208 243 123 119 29 199 205 183 238 65 32 82 142 123 81 77 35 124 179 51 149 65 93 164 73 130 159 165 77 229 177 181 160 88 209 207 75 183 198 193 137 119 196 204 213 198 100 136 190 107 142 165 66 58 165 145 96 34 112 233 114 161 120 133 220 195
 119 322 368 108 326 59 304 213 65 213 16 343 187 311 208 32 187 166 169 151 187 107 273 63 61 59 200 359 124 159 1 209 152 233 183 420 141 278 309 240 208 358 273 258 88 232 299 209 291 345 162 330 274 168 103 123 223 242 295 210 85 317 129 316 250 73 117 251 102 121 311 366 135 242 132 259 95 25 322 99 229 161 136 74 261 336 129 231 291 207 276 250 151 319 157 137 128 207 85 282 241 51 104 124 352 250 235 60 203 165 398 106 318 108 157 335 223 310 184 187 328 337 232 205 301 208 36 155 211 287 266 218 200 255 134 364 301 190 251 376 316 310 144 328 335 20 359 268 393 259 144 160 54 147 17 304 341 202 275 107 313 195 243 242 34 293 299 383 52 117 206 231 171 204 218 273 242 279 303 219 230 287 165 311 217 140 340 18 258 216 305 246 316 354 178 304 163 359 331 268 302 251 70 254 342 357 109 75 266 237 147 240 36 52 254 128 171 90 144 171 360 278 339 205 189 80 110 148 127 88 140 211 305 110 235 126 238 128 199 247 151 265 234 315 206 193 74 192 169 68 145 88 120 181 291 156 297 306 364 127 134 79 122 54 207 313 178 149 301 23 71 188 153 377 150 249 88 270 217 153
 91 123 165 106 167 210 200 143 212 7 194 151 22 177 30 198 180 145 114 61 201 138 133 147 156 179 170 210 230 63 209 1 139 121 81 257 121 182 197 93 117 158 140 60 241 168 179 151 171 207 271 133 86 126 197 235 15 216 120 294 197 123 143 133 248 191 240 137 159 216 113 198 162 133 198 53 251 201 163 162 247 173 194 219 65 186 124 39 88 167 139 282 59 143 248 220 179 94 183 77 78 164 234 110 160 84 32 204 287 173 249 155 179 144 195 206 152 127 43 198 138 159 75 131 94 66 175 79 154 104 94 32 246 105 76 195 176 55 122 229 136 136 282 160 138 222 152 61 244 126 200 88 238 280 224 113 144 15 111 175 107 265 65 112 190 138 156 240 242 182 151 151 92 232 175 111 182 109 226 79 25 166 213 108 248 273 140 196 132 157 227 284 153 186 178 117 128 156 125 101 185 51 201 65 144 228 237 210 88 324 187 90 201 157 256 269 110 146 66 199 181 216 182 11 55 130 159 122 143 122 70 169 118 102 190 89 105 176 111 75 161 113 38 177 157 168 191 55 212 245 81 243 217 253 84 114 224 231 196 259 160 196 252 160 191 157 46 68 103 198 139 31 109 226 173 115 181 71 278 201
 95 257 257 122 185 192 152 62 113 145 143 287 127 163 160 164 252 215 31 123 67 48 262 121 140 167 54 212 245 81 152 139 1 237 179 275 180 127 158 221 221 290 268 198 227 81 149 245 296 196 137 268 159 21 78 247 148 104 166 156 200 199 188 188 126 92 116 256 182 234 198 226 30 95 230 186 140 131 181 182 117 35 60 207 157 191 32 176 189 58 268 150 107 187 113 247 48 74 78 210 211 106 235 153 296 218 147 188 149 234 250 48 311 173 244 185 253 265 97 64 205 298 111 229 212 186 121 154 248 242 231 125 109 121 99 333 152 165 109 228 187 178 283 190 217 154 275 179 245 117 65 52 203 284 167 251 279 144 246 57 235 127 201 235 120 154 154 235 202 210 244 257 49 97 70 140 92 245 154 94 147 138 75 206 114 276 272 135 114 65 156 151 289 324 45 181 201 248 251 237 152 188 101 203 279 206 117 202 225 186 232 219 170 118 133 267 194 159 99 254 226 130 318 144 88 104 188 186 26 107 103 62 256 85 89 124 101 213 56 210 217 245 139 309 248 247 188 167 262 216 144 135 235 115 198 186 148 157 224 135 29 92 128 105 69 172 145 130 238 131 119 109 179 230 36 241 75 208 140 245
 151 136 238 138 280 203 320 258 266 117 219 139 120 295 92 208 94 80 220 116 303 215 43 178 173 180 280 323 185 159 233 121 237 1 60 362 93 302 316 37 26 164 41 102 219 284 299 50 63 323 350 136 194 230 270 192 125 329 231 384 176 219 110 238 358 252 310 21 139 172 206 304 252 253 147 121 308 238 276 142 353 271 281 202 171 301 212 94 177 279 45 386 132 250 331 167 264 211 250 126 55 208 201 111 146 58 142 197 376 103 360 233 86 128 129 324 41 102 153 300 236 118 195 35 161 56 211 89 52 90 66 152 344 224 142 137 295 74 242 342 243 245 238 270 229 251 187 149 356 246 289 190 236 233 244 109 144 108 61 252 149 357 73 19 232 254 274 354 243 143 52 36 199 333 288 228 298 69 346 198 135 285 306 192 350 228 150 228 252 271 347 387 90 127 280 221 75 230 161 61 305 105 260 86 146 345 304 194 73 414 128 40 208 191 366 230 63 144 139 125 282 334 109 111 169 173 133 86 230 163 137 281 103 165 304 124 225 131 226 65 103 46 153 84 58 78 178 73 140 236 101 300 173 343 162 78 343 351 303 328 250 259 321 204 300 271 94 110 120 234 171 142 81 338 267 24 249 106 373 138
 92 150 230 81 247 163 275 205 210 79 168 165 71 255 56 162 100 67 164 58 245 156 94 124 123 136 224 290 164 103 183 81 179 60 1 336 54 255 273 58 43 184 96 94 186 232 256 74 121 286 291 155 164 174 212 170 90 274 199 325 142 197 76 211 302 195 252 80 101 150 186 277 193 205 128 106 252 185 243 105 295 213 222 167 142 266 153 72 158 224 98 328 74 222 273 150 205 161 192 121 61 153 174 60 174 70 109 157 317 96 328 174 142 87 120 284 77 130 102 242 214 155 152 54 152 30 157 31 77 109 85 111 286 183 83 183 253 27 197 309 215 215 218 239 211 200 196 128 324 203 230 134 195 215 196 127 165 66 93 194 151 298 69 63 177 218 235 320 201 116 73 79 144 275 234 191 246 98 297 152 102 242 247 176 292 208 167 176 208 218 298 329 134 173 223 195 51 221 167 86 261 91 203 83 167 307 247 158 87 356 114 58 163 137 309 207 32 99 81 122 258 283 159 70 118 117 98 51 171 106 78 226 126 106 251 66 180 107 173 69 86 83 118 139 79 88 139 27 136 198 43 244 151 284 148 41 294 302 275 270 191 202 263 148 243 236 41 51 130 181 116 93 38 306 209 70 191 103 315 127
 317 259 149 344 96 445 141 216 388 257 408 285 272 114 281 423 435 400 253 308 282 315 352 371 387 414 245 65 479 272 420 257 275 362 336 1 376 162 131 326 366 262 362 261 480 209 131 402 390 84 381 269 173 257 349 484 247 237 138 367 441 144 396 126 266 366 380 371 407 466 157 60 301 181 451 242 410 402 100 410 288 285 322 458 195 86 293 271 186 236 357 310 296 115 358 472 317 214 353 241 308 370 478 360 288 307 228 440 365 429 37 322 380 393 451 100 399 300 253 279 127 320 196 381 207 315 385 333 405 291 306 229 317 168 307 350 127 310 170 53 122 122 529 99 137 425 222 214 40 162 320 262 465 528 435 280 271 271 319 331 231 343 289 347 390 129 123 54 467 433 403 396 251 296 229 153 207 312 171 206 235 140 313 174 301 520 259 404 163 220 169 318 339 349 272 142 384 152 229 313 131 258 375 278 269 87 384 450 296 385 442 323 428 375 271 514 366 389 297 455 81 194 361 267 242 351 409 377 299 347 304 232 290 319 221 332 184 429 223 299 416 332 219 379 409 422 431 310 468 476 333 406 467 342 203 370 176 174 62 396 301 366 391 368 253 108 301 317 261 401 366 256 364 49 295 346 349 260 339 456
 86 203 280 60 283 113 299 219 180 122 128 216 105 286 103 116 73 37 172 72 243 145 134 90 83 88 230 325 112 118 141 121 180 93 54 376 1 277 299 106 68 236 133 146 134 246 283 73 151 319 271 207 206 180 192 118 133 281 239 310 89 242 24 253 305 169 228 111 49 98 232 317 186 228 78 156 221 148 279 53 293 209 210 115 185 301 149 122 205 232 137 324 87 262 256 100 194 183 170 173 113 122 121 28 225 121 152 107 302 58 365 161 178 37 76 315 85 180 128 241 258 203 184 66 202 82 122 44 76 161 136 148 278 214 86 228 282 74 225 344 256 255 166 278 257 160 248 176 360 231 218 144 145 163 152 179 217 108 141 178 203 286 122 104 143 252 267 355 152 64 71 93 157 271 243 226 260 147 316 180 145 269 238 224 287 156 219 138 235 230 318 324 179 217 223 237 25 271 220 136 288 142 175 135 219 338 222 106 139 340 67 107 116 104 311 155 31 52 90 83 301 298 200 112 143 91 46 9 165 83 85 235 177 96 261 57 207 56 190 122 43 129 158 175 73 68 88 75 94 147 45 213 99 271 197 17 312 320 315 245 184 177 238 118 248 272 77 62 183 144 84 122 16 342 203 111 170 155 304 82
