NAME : dummy
COMMENT : (Deleplanque et al.)
TYPE : DOMP
DIMENSION : 10
DISPLAY_DATA_TYPE: NO_DISPLAY
OPEN_FACILITIES : 2
COST_SECTION
 1 122 84 100 190 165 159 13 156 239
 122 1 184 204 267 46 250 126 276 275
 84 184 1 139 240 222 201 73 117 175
 100 204 139 1 102 248 64 105 122 313
 190 267 240 102 1 307 43 199 202 414
 165 46 222 248 307 1 293 169 319 291
 159 250 201 64 43 293 1 166 160 375
 13 126 73 105 199 169 166 1 151 228
 156 276 117 122 202 319 160 151 1 261
 239 275 175 313 414 291 375 228 261 1
LAMBDA_SECTION
1  7
2  12
3  6
4  13
5  18
6  12
7  14
8  10
9  10
10  17
